"x1","x2","x3","x4","x5","x6","x7","x8","x9","x10","x11","x12","x13","x14","x15","x16","x17","x18","x19","x20","x21","x22","x23","x24","x25","x26","x27","x28","x29","x30","x31","x32","x33","x34","x35","x36","x37","x38","x39","x40","x41","x42","x43","x44","x45","x46","x47","x48","x49"
1981,64735,3,0,2,33790,4,181,1,2,3,3,1,3,1,2,1,1,1,6,4,6,1,1,56,22,"Female","Non-Black / Non-Hispanic","Northeast (CT, ME, MA, NH, NJ, NY, PA, RI, VT)","Bachelor's degree (BA, BS)","In CBSA, not in central city","NO","3: Mother","YES","NO","NO","NO","YES","0: 0  CONDITION DOES NOT APPLY","ALWAYS WITH RIGHT HAND","ALWAYS WITH RIGHT HAND","ALWAYS WITH RIGHT HAND","ALWAYS WITH RIGHT HAND","ALWAYS WITH RIGHT HAND","1: 1  CONDITION APPLIES","1: 1  CONDITION APPLIES","NO","FEMALE","FEMALE"
1982,81000,1,0,1,81000,5,183,2,3,1,3,5,3,2,2,1,2,2,5,4,8,1,1,30,17,"Male","Black","West (AK, AZ, CA, CO, HI, ID, MT, NV, NM, OR, UT, WA, WY)","High school diploma (Regular 12 year program)","In CBSA, not in central city","NO","3: Mother","YES","NO","NO","NO","YES","0: 0  CONDITION DOES NOT APPLY","ALWAYS WITH RIGHT HAND","ALWAYS WITH RIGHT HAND","ALWAYS WITH RIGHT HAND","ALWAYS WITH RIGHT HAND","ALWAYS WITH RIGHT HAND","1: 1  CONDITION APPLIES","0: 0  CONDITION DOES NOT APPLY","NO","FEMALE","FEMALE"
1982,150250,3,0,2,33790,6,183,1,1,9,8,2,3,2,2,1,2,2,5,2,6,1,3,34,32,"Male","Black","South (AL, AR, DE, DC, FL, GA, KY, LA, MD, MS, NC, OK, SC, TN , TX, VA, WV)","Professional degree (DDS, JD, MD)","In CBSA, not in central city","YES","3: Mother","YES","NO","NO","YES","YES","0: 0  CONDITION DOES NOT APPLY","ALWAYS WITH RIGHT HAND","ALWAYS WITH RIGHT HAND","ALWAYS WITH RIGHT HAND","ALWAYS WITH RIGHT HAND","ALWAYS WITH RIGHT HAND","1: 1  CONDITION APPLIES","0: 0  CONDITION DOES NOT APPLY","NO","MALE","MALE"
1982,64735,3,1,4,33790,5,170,1,2,3,2,3,3,1,2,1,2,1,1,6,7,1,1,25,2,"Female","Non-Black / Non-Hispanic","Northeast (CT, ME, MA, NH, NJ, NY, PA, RI, VT)","Bachelor's degree (BA, BS)","In CBSA, not in central city","NO","3: Mother","YES","NO","NO","NO","NO","0: 0  CONDITION DOES NOT APPLY","ALWAYS WITH RIGHT HAND","ALWAYS WITH RIGHT HAND","ALWAYS WITH RIGHT HAND","ALWAYS WITH RIGHT HAND","ALWAYS WITH RIGHT HAND","1: 1  CONDITION APPLIES","1: 1  CONDITION APPLIES","NO","MALE","MALE"
1982,64735,3,1,1,68000,5,182,1,1,4,1,2,7,2,2,1,1,2,5,3,7,1,1,30,22,"Male","Hispanic","Northeast (CT, ME, MA, NH, NJ, NY, PA, RI, VT)","High school diploma (Regular 12 year program)","In CBSA, in central city","NO","3: Mother","YES","NO","NO","NO","YES","0: 0  CONDITION DOES NOT APPLY","ALWAYS WITH RIGHT HAND","ALWAYS WITH RIGHT HAND","USUALLY WITH BOTH HANDS EQUALLY","ALWAYS WITH RIGHT HAND","ALWAYS WITH LEFT HAND","1: 1  CONDITION APPLIES","1: 1  CONDITION APPLIES","NO","FEMALE","MALE"
1982,55000,3,0,2,33790,5,181,1,2,2,3,3,2,1,2,1,2,2,6,2,6,1,1,28,3,"Female","Black","Northeast (CT, ME, MA, NH, NJ, NY, PA, RI, VT)","High school diploma (Regular 12 year program)","In CBSA, not in central city","NO","3: Mother","NO","NO","NO","NO","YES","0: 0  CONDITION DOES NOT APPLY","ALWAYS WITH RIGHT HAND","ALWAYS WITH RIGHT HAND","ALWAYS WITH RIGHT HAND","ALWAYS WITH RIGHT HAND","USUALLY WITH LEFT HAND","0: 0  CONDITION DOES NOT APPLY","1: 1  CONDITION APPLIES","YES","MALE","FEMALE"
1983,14766,2,0,3,33790,5,183,1,1,3,5,5,2,2,2,2,1,2,4,1,7,1,4,32,21,"Male","Non-Black / Non-Hispanic","West (AK, AZ, CA, CO, HI, ID, MT, NV, NM, OR, UT, WA, WY)","High school diploma (Regular 12 year program)","In CBSA, in central city","NO","3: Mother","YES","NO","YES","NO","YES","0: 0  CONDITION DOES NOT APPLY","ALWAYS WITH RIGHT HAND","ALWAYS WITH RIGHT HAND","ALWAYS WITH RIGHT HAND","ALWAYS WITH RIGHT HAND","ALWAYS WITH LEFT HAND","0: 0  CONDITION DOES NOT APPLY","1: 1  CONDITION APPLIES","NO","FEMALE","FEMALE"
1981,64735,4,1,1,33790,5,182,1,2,1,4,1,5,2,1,1,1,1,2,4,8,1,3,30,20,"Female","Hispanic","Northeast (CT, ME, MA, NH, NJ, NY, PA, RI, VT)","High school diploma (Regular 12 year program)","In CBSA, not in central city","NO","3: Mother","NO","NO","NO","NO","YES","1: 1  CONDITION APPLIES","ALWAYS WITH RIGHT HAND","ALWAYS WITH RIGHT HAND","ALWAYS WITH RIGHT HAND","ALWAYS WITH RIGHT HAND","ALWAYS WITH LEFT HAND","1: 1  CONDITION APPLIES","1: 1  CONDITION APPLIES","NO","MALE","MALE"
1985,64735,3,0,2,33790,5,182,2,2,2,5,3,4,2,2,2,2,1,5,2,7,1,2,31,22,"Male","Black","South (AL, AR, DE, DC, FL, GA, KY, LA, MD, MS, NC, OK, SC, TN , TX, VA, WV)","Bachelor's degree (BA, BS)","In CBSA, not in central city","NO","3: Mother","NO","YES","NO","NO","YES","0: 0  CONDITION DOES NOT APPLY","ALWAYS WITH RIGHT HAND","ALWAYS WITH RIGHT HAND","ALWAYS WITH RIGHT HAND","ALWAYS WITH RIGHT HAND","ALWAYS WITH LEFT HAND","1: 1  CONDITION APPLIES","1: 1  CONDITION APPLIES","NO","FEMALE","MALE"
1982,64735,2,0,1,17000,5,181,1,1,1,2,2,5,1,2,1,1,1,3,2,6,1,1,51,28,"Male","Hispanic","South (AL, AR, DE, DC, FL, GA, KY, LA, MD, MS, NC, OK, SC, TN , TX, VA, WV)","High school diploma (Regular 12 year program)","In CBSA, in central city","YES","3: Mother","YES","NO","NO","NO","YES","0: 0  CONDITION DOES NOT APPLY","ALWAYS WITH RIGHT HAND","ALWAYS WITH RIGHT HAND","ALWAYS WITH RIGHT HAND","ALWAYS WITH RIGHT HAND","ALWAYS WITH LEFT HAND","0: 0  CONDITION DOES NOT APPLY","1: 1  CONDITION APPLIES","YES","FEMALE","MALE"
1983,64735,2,0,1,33790,5,184,1,1,3,1,4,4,2,2,2,2,1,4,6,5,2,1,33,22,"Male","Hispanic","South (AL, AR, DE, DC, FL, GA, KY, LA, MD, MS, NC, OK, SC, TN , TX, VA, WV)","GED","In CBSA, in central city","NO","3: Mother","NO","NO","NO","NO","YES","0: 0  CONDITION DOES NOT APPLY","ALWAYS WITH RIGHT HAND","ALWAYS WITH RIGHT HAND","ALWAYS WITH RIGHT HAND","ALWAYS WITH LEFT HAND","ALWAYS WITH LEFT HAND","1: 1  CONDITION APPLIES","1: 1  CONDITION APPLIES","NO","FEMALE","MALE"
1984,64735,4,0,2,33790,5,180,1,2,4,2,3,3,2,2,1,2,1,3,3,7,1,1,35,25,"Female","Hispanic","Northeast (CT, ME, MA, NH, NJ, NY, PA, RI, VT)","None","In CBSA, not in central city","NO","3: Mother","YES","NO","NO","NO","YES","0: 0  CONDITION DOES NOT APPLY","ALWAYS WITH RIGHT HAND","ALWAYS WITH RIGHT HAND","ALWAYS WITH RIGHT HAND","ALWAYS WITH RIGHT HAND","ALWAYS WITH LEFT HAND","0: 0  CONDITION DOES NOT APPLY","1: 1  CONDITION APPLIES","NO","FEMALE","FEMALE"
1982,13036,2,0,2,33790,5,181,1,1,3,3,5,4,2,2,1,2,1,2,5,8,1,1,23,19,"Male","Black","South (AL, AR, DE, DC, FL, GA, KY, LA, MD, MS, NC, OK, SC, TN , TX, VA, WV)","GED","In CBSA, in central city","NO","3: Mother","NO","YES","NO","NO","NO","0: 0  CONDITION DOES NOT APPLY","ALWAYS WITH LEFT HAND","ALWAYS WITH RIGHT HAND","ALWAYS WITH RIGHT HAND","ALWAYS WITH RIGHT HAND","ALWAYS WITH LEFT HAND","1: 1  CONDITION APPLIES","1: 1  CONDITION APPLIES","NO","MALE","FEMALE"
1983,187000,3,1,2,33790,5,183,1,2,1,2,1,2,2,2,1,1,2,1,2,7,6,1,30,23,"Female","Black","Northeast (CT, ME, MA, NH, NJ, NY, PA, RI, VT)","Bachelor's degree (BA, BS)","In CBSA, not in central city","NO","3: Mother","NO","YES","NO","NO","NO","0: 0  CONDITION DOES NOT APPLY","ALWAYS WITH RIGHT HAND","ALWAYS WITH RIGHT HAND","ALWAYS WITH RIGHT HAND","ALWAYS WITH RIGHT HAND","ALWAYS WITH RIGHT HAND","1: 1  CONDITION APPLIES","1: 1  CONDITION APPLIES","NO","FEMALE","MALE"
1982,64735,2,2,2,33790,6,187,3,2,5,2,1,5,2,2,2,2,2,2,1,4,1,1,24,21,"Female","Hispanic","South (AL, AR, DE, DC, FL, GA, KY, LA, MD, MS, NC, OK, SC, TN , TX, VA, WV)","None","In CBSA, in central city","YES","3: Mother","YES","YES","YES","NO","NO","0: 0  CONDITION DOES NOT APPLY","DON'T DO THIS ACTIVITY","USUALLY WITH LEFT HAND","USUALLY WITH LEFT HAND","USUALLY WITH LEFT HAND","USUALLY WITH BOTH HANDS EQUALLY","1: 1  CONDITION APPLIES","1: 1  CONDITION APPLIES","YES","FEMALE","FEMALE"
1982,64735,3,0,3,33790,5,183,1,1,3,5,2,4,2,2,1,2,1,5,2,8,1,1,30,20,"Male","Black","South (AL, AR, DE, DC, FL, GA, KY, LA, MD, MS, NC, OK, SC, TN , TX, VA, WV)","Bachelor's degree (BA, BS)","In CBSA, in central city","NO","3: Mother","NO","YES","NO","NO","YES","0: 0  CONDITION DOES NOT APPLY","ALWAYS WITH RIGHT HAND","ALWAYS WITH RIGHT HAND","ALWAYS WITH RIGHT HAND","ALWAYS WITH RIGHT HAND","ALWAYS WITH LEFT HAND","1: 1  CONDITION APPLIES","1: 1  CONDITION APPLIES","NO","FEMALE","FEMALE"
1983,64735,3,0,2,33790,5,185,1,1,2,5,3,5,2,2,1,2,1,6,5,5,1,2,52,17,"Female","Black","South (AL, AR, DE, DC, FL, GA, KY, LA, MD, MS, NC, OK, SC, TN , TX, VA, WV)","High school diploma (Regular 12 year program)","In CBSA, in central city","NO","3: Mother","YES","NO","NO","YES","YES","0: 0  CONDITION DOES NOT APPLY","ALWAYS WITH RIGHT HAND","ALWAYS WITH RIGHT HAND","ALWAYS WITH RIGHT HAND","ALWAYS WITH LEFT HAND","ALWAYS WITH LEFT HAND","1: 1  CONDITION APPLIES","1: 1  CONDITION APPLIES","NO","MALE","FEMALE"
1983,64735,4,0,2,33790,5,181,1,2,3,4,3,2,1,2,2,2,1,5,1,6,1,1,57,27,"Male","Non-Black / Non-Hispanic","West (AK, AZ, CA, CO, HI, ID, MT, NV, NM, OR, UT, WA, WY)","None","In CBSA, in central city","YES","3: Mother","YES","NO","NO","NO","YES","0: 0  CONDITION DOES NOT APPLY","ALWAYS WITH RIGHT HAND","DON'T DO THIS ACTIVITY","DON'T DO THIS ACTIVITY","ALWAYS WITH RIGHT HAND","ALWAYS WITH LEFT HAND","0: 0  CONDITION DOES NOT APPLY","1: 1  CONDITION APPLIES","YES","FEMALE","FEMALE"
1983,64735,3,1,1,33790,5,183,1,2,2,3,1,4,2,2,1,2,1,3,2,7,1,1,28,11,"Female","Hispanic","Northeast (CT, ME, MA, NH, NJ, NY, PA, RI, VT)","None","In CBSA, in central city","NO","3: Mother","NO","NO","NO","NO","YES","0: 0  CONDITION DOES NOT APPLY","ALWAYS WITH RIGHT HAND","ALWAYS WITH RIGHT HAND","ALWAYS WITH RIGHT HAND","ALWAYS WITH RIGHT HAND","ALWAYS WITH LEFT HAND","1: 1  CONDITION APPLIES","1: 1  CONDITION APPLIES","NO","MALE","MALE"
1981,64735,4,0,2,33790,4,182,1,2,2,3,6,4,2,2,2,2,2,7,2,7,1,1,29,25,"Female","Black","Northeast (CT, ME, MA, NH, NJ, NY, PA, RI, VT)","Associate/Junior college (AA)","In CBSA, not in central city","NO","3: Mother","NO","YES","YES","NO","YES","0: 0  CONDITION DOES NOT APPLY","ALWAYS WITH RIGHT HAND","ALWAYS WITH RIGHT HAND","ALWAYS WITH RIGHT HAND","ALWAYS WITH RIGHT HAND","ALWAYS WITH LEFT HAND","1: 1  CONDITION APPLIES","1: 1  CONDITION APPLIES","NO","MALE","MALE"
1984,64735,4,0,2,33790,5,183,2,2,3,5,4,1,2,1,1,2,2,1,2,7,1,2,29,21,"Male","Hispanic","West (AK, AZ, CA, CO, HI, ID, MT, NV, NM, OR, UT, WA, WY)","High school diploma (Regular 12 year program)","In CBSA, in central city","NO","3: Mother","YES","YES","YES","NO","YES","0: 0  CONDITION DOES NOT APPLY","ALWAYS WITH RIGHT HAND","ALWAYS WITH RIGHT HAND","ALWAYS WITH RIGHT HAND","ALWAYS WITH RIGHT HAND","ALWAYS WITH LEFT HAND","0: 0  CONDITION DOES NOT APPLY","1: 1  CONDITION APPLIES","YES","FEMALE","MALE"
1984,64735,4,1,1,33790,6,182,2,1,1,5,1,2,1,2,1,2,1,5,4,7,1,1,33,21,"Female","Hispanic","West (AK, AZ, CA, CO, HI, ID, MT, NV, NM, OR, UT, WA, WY)","None","In CBSA, not in central city","NO","3: Mother","NO","YES","NO","NO","YES","0: 0  CONDITION DOES NOT APPLY","ALWAYS WITH RIGHT HAND","ALWAYS WITH RIGHT HAND","ALWAYS WITH RIGHT HAND","ALWAYS WITH RIGHT HAND","ALWAYS WITH LEFT HAND","1: 1  CONDITION APPLIES","1: 1  CONDITION APPLIES","YES","FEMALE","FEMALE"
1981,64735,4,0,3,33790,5,184,1,2,3,6,3,3,2,2,2,2,1,1,8,7,1,1,29,22,"Male","Black","South (AL, AR, DE, DC, FL, GA, KY, LA, MD, MS, NC, OK, SC, TN , TX, VA, WV)","High school diploma (Regular 12 year program)","In CBSA, not in central city","YES","3: Mother","NO","YES","NO","NO","NO","0: 0  CONDITION DOES NOT APPLY","ALWAYS WITH RIGHT HAND","ALWAYS WITH RIGHT HAND","ALWAYS WITH RIGHT HAND","ALWAYS WITH RIGHT HAND","ALWAYS WITH LEFT HAND","1: 1  CONDITION APPLIES","1: 1  CONDITION APPLIES","NO","FEMALE","FEMALE"
1981,64735,5,0,4,33790,5,179,1,2,3,3,3,3,1,2,1,1,1,3,7,7,1,1,33,20,"Female","Black","South (AL, AR, DE, DC, FL, GA, KY, LA, MD, MS, NC, OK, SC, TN , TX, VA, WV)","None","In CBSA, not in central city","NO","3: Mother","YES","YES","NO","NO","YES","0: 0  CONDITION DOES NOT APPLY","ALWAYS WITH RIGHT HAND","ALWAYS WITH RIGHT HAND","ALWAYS WITH RIGHT HAND","ALWAYS WITH RIGHT HAND","ALWAYS WITH LEFT HAND","1: 1  CONDITION APPLIES","1: 1  CONDITION APPLIES","NO","FEMALE","FEMALE"
1982,64735,3,1,4,33790,5,183,1,1,3,5,2,2,2,2,1,2,1,5,2,6,1,2,30,29,"Female","Non-Black / Non-Hispanic","Northeast (CT, ME, MA, NH, NJ, NY, PA, RI, VT)","High school diploma (Regular 12 year program)","In CBSA, not in central city","NO","3: Mother","YES","NO","NO","NO","YES","0: 0  CONDITION DOES NOT APPLY","ALWAYS WITH RIGHT HAND","ALWAYS WITH RIGHT HAND","ALWAYS WITH RIGHT HAND","ALWAYS WITH RIGHT HAND","ALWAYS WITH LEFT HAND","1: 1  CONDITION APPLIES","1: 1  CONDITION APPLIES","NO","FEMALE","MALE"
1982,64735,2,0,2,33790,5,181,1,1,4,3,1,3,2,2,1,2,1,5,2,8,1,1,31,19,"Female","Non-Black / Non-Hispanic","South (AL, AR, DE, DC, FL, GA, KY, LA, MD, MS, NC, OK, SC, TN , TX, VA, WV)","Bachelor's degree (BA, BS)","In CBSA, in central city","YES","3: Mother","YES","YES","NO","NO","YES","0: 0  CONDITION DOES NOT APPLY","ALWAYS WITH RIGHT HAND","ALWAYS WITH RIGHT HAND","ALWAYS WITH RIGHT HAND","ALWAYS WITH RIGHT HAND","ALWAYS WITH RIGHT HAND","1: 1  CONDITION APPLIES","1: 1  CONDITION APPLIES","NO","MALE","MALE"
1985,64735,4,1,3,33790,5,183,1,2,1,3,4,4,2,2,2,2,1,6,3,6,1,1,29,18,"Female","Black","Northeast (CT, ME, MA, NH, NJ, NY, PA, RI, VT)","High school diploma (Regular 12 year program)","In CBSA, not in central city","NO","3: Mother","NO","NO","NO","NO","YES","0: 0  CONDITION DOES NOT APPLY","ALWAYS WITH RIGHT HAND","ALWAYS WITH RIGHT HAND","ALWAYS WITH RIGHT HAND","ALWAYS WITH RIGHT HAND","ALWAYS WITH LEFT HAND","0: 0  CONDITION DOES NOT APPLY","1: 1  CONDITION APPLIES","NO","FEMALE","FEMALE"
1981,64735,4,0,2,33790,5,136,1,1,3,2,2,3,2,2,1,1,2,5,2,8,1,1,30,25,"Female","Non-Black / Non-Hispanic","South (AL, AR, DE, DC, FL, GA, KY, LA, MD, MS, NC, OK, SC, TN , TX, VA, WV)","High school diploma (Regular 12 year program)","In CBSA, not in central city","NO","3: Mother","NO","NO","NO","NO","YES","0: 0  CONDITION DOES NOT APPLY","ALWAYS WITH RIGHT HAND","ALWAYS WITH RIGHT HAND","ALWAYS WITH RIGHT HAND","ALWAYS WITH RIGHT HAND","ALWAYS WITH LEFT HAND","1: 1  CONDITION APPLIES","1: 1  CONDITION APPLIES","NO","MALE","MALE"
1980,64735,3,1,3,33790,5,184,2,2,4,4,1,1,1,2,2,2,1,1,2,6,1,1,29,25,"Male","Non-Black / Non-Hispanic","South (AL, AR, DE, DC, FL, GA, KY, LA, MD, MS, NC, OK, SC, TN , TX, VA, WV)","Associate/Junior college (AA)","In CBSA, in central city","NO","3: Mother","YES","NO","NO","NO","YES","0: 0  CONDITION DOES NOT APPLY","ALWAYS WITH RIGHT HAND","ALWAYS WITH RIGHT HAND","ALWAYS WITH RIGHT HAND","ALWAYS WITH RIGHT HAND","DON'T DO THIS ACTIVITY","1: 1  CONDITION APPLIES","1: 1  CONDITION APPLIES","NO","FEMALE","MALE"
1981,64735,2,1,3,33790,5,175,1,1,4,2,3,3,2,2,1,2,1,7,2,7,1,1,33,22,"Male","Non-Black / Non-Hispanic","South (AL, AR, DE, DC, FL, GA, KY, LA, MD, MS, NC, OK, SC, TN , TX, VA, WV)","Bachelor's degree (BA, BS)","In CBSA, not in central city","NO","3: Mother","YES","NO","NO","NO","YES","0: 0  CONDITION DOES NOT APPLY","ALWAYS WITH RIGHT HAND","ALWAYS WITH RIGHT HAND","ALWAYS WITH RIGHT HAND","ALWAYS WITH RIGHT HAND","ALWAYS WITH LEFT HAND","0: 0  CONDITION DOES NOT APPLY","1: 1  CONDITION APPLIES","YES","FEMALE","MALE"
1983,64735,3,1,1,33790,5,184,1,1,2,4,5,2,2,1,1,2,1,4,2,7,1,1,32,22,"Female","Non-Black / Non-Hispanic","South (AL, AR, DE, DC, FL, GA, KY, LA, MD, MS, NC, OK, SC, TN , TX, VA, WV)","Bachelor's degree (BA, BS)","In CBSA, not in central city","NO","3: Mother","NO","NO","NO","NO","YES","0: 0  CONDITION DOES NOT APPLY","ALWAYS WITH RIGHT HAND","ALWAYS WITH RIGHT HAND","USUALLY WITH BOTH HANDS EQUALLY","ALWAYS WITH RIGHT HAND","USUALLY WITH BOTH HANDS EQUALLY","1: 1  CONDITION APPLIES","1: 1  CONDITION APPLIES","NO","FEMALE","FEMALE"
1982,64735,2,0,1,50000,5,182,1,2,4,4,3,3,2,2,2,2,2,7,1,7,1,3,36,49,"Male","Black","South (AL, AR, DE, DC, FL, GA, KY, LA, MD, MS, NC, OK, SC, TN , TX, VA, WV)","Master's degree (MA, MS)","In CBSA, not in central city","YES","3: Mother","YES","NO","YES","NO","YES","0: 0  CONDITION DOES NOT APPLY","ALWAYS WITH RIGHT HAND","ALWAYS WITH RIGHT HAND","USUALLY WITH BOTH HANDS EQUALLY","ALWAYS WITH RIGHT HAND","ALWAYS WITH LEFT HAND","1: 1  CONDITION APPLIES","1: 1  CONDITION APPLIES","NO","FEMALE","FEMALE"
1981,64735,3,0,3,33790,5,182,2,1,9,5,6,3,2,2,1,2,1,6,2,7,1,1,29,20,"Female","Non-Black / Non-Hispanic","Northeast (CT, ME, MA, NH, NJ, NY, PA, RI, VT)","Bachelor's degree (BA, BS)","In CBSA, not in central city","NO","3: Mother","YES","NO","YES","NO","YES","0: 0  CONDITION DOES NOT APPLY","ALWAYS WITH RIGHT HAND","ALWAYS WITH RIGHT HAND","ALWAYS WITH RIGHT HAND","ALWAYS WITH RIGHT HAND","ALWAYS WITH LEFT HAND","1: 1  CONDITION APPLIES","1: 1  CONDITION APPLIES","NO","FEMALE","MALE"
1983,64735,3,1,2,33790,5,180,1,1,1,3,2,4,2,2,1,2,1,3,3,9,1,1,30,24,"Female","Hispanic","South (AL, AR, DE, DC, FL, GA, KY, LA, MD, MS, NC, OK, SC, TN , TX, VA, WV)","High school diploma (Regular 12 year program)","In CBSA, in central city","YES","3: Mother","NO","YES","NO","NO","NO","0: 0  CONDITION DOES NOT APPLY","ALWAYS WITH RIGHT HAND","ALWAYS WITH RIGHT HAND","ALWAYS WITH RIGHT HAND","ALWAYS WITH RIGHT HAND","ALWAYS WITH LEFT HAND","1: 1  CONDITION APPLIES","1: 1  CONDITION APPLIES","YES","FEMALE","MALE"
1983,64735,2,0,2,33790,5,181,1,2,3,1,4,4,1,2,2,2,1,6,3,8,1,1,28,20,"Male","Non-Black / Non-Hispanic","South (AL, AR, DE, DC, FL, GA, KY, LA, MD, MS, NC, OK, SC, TN , TX, VA, WV)","High school diploma (Regular 12 year program)","In CBSA, not in central city","NO","3: Mother","YES","NO","NO","NO","NO","0: 0  CONDITION DOES NOT APPLY","ALWAYS WITH RIGHT HAND","ALWAYS WITH RIGHT HAND","ALWAYS WITH RIGHT HAND","ALWAYS WITH RIGHT HAND","ALWAYS WITH LEFT HAND","1: 1  CONDITION APPLIES","1: 1  CONDITION APPLIES","NO","MALE","MALE"
1981,0,4,1,1,33790,5,129,2,1,1,3,2,6,2,2,1,2,1,5,4,7,1,1,26,18,"Female","Non-Black / Non-Hispanic","Northeast (CT, ME, MA, NH, NJ, NY, PA, RI, VT)","Bachelor's degree (BA, BS)","In CBSA, not in central city","NO","3: Mother","NO","NO","NO","YES","YES","0: 0  CONDITION DOES NOT APPLY","ALWAYS WITH RIGHT HAND","ALWAYS WITH RIGHT HAND","ALWAYS WITH RIGHT HAND","ALWAYS WITH RIGHT HAND","ALWAYS WITH LEFT HAND","1: 1  CONDITION APPLIES","1: 1  CONDITION APPLIES","NO","FEMALE","MALE"
1981,64735,4,0,1,33790,5,190,1,1,1,3,1,3,2,2,2,2,2,7,2,6,1,2,56,26,"Male","Black","South (AL, AR, DE, DC, FL, GA, KY, LA, MD, MS, NC, OK, SC, TN , TX, VA, WV)","High school diploma (Regular 12 year program)","In CBSA, not in central city","YES","3: Mother","NO","YES","YES","NO","YES","0: 0  CONDITION DOES NOT APPLY","ALWAYS WITH RIGHT HAND","ALWAYS WITH RIGHT HAND","ALWAYS WITH RIGHT HAND","ALWAYS WITH RIGHT HAND","ALWAYS WITH RIGHT HAND","1: 1  CONDITION APPLIES","1: 1  CONDITION APPLIES","NO","FEMALE","MALE"
1981,64735,5,1,1,33790,5,183,1,2,3,4,1,5,2,2,1,1,1,6,3,7,1,1,29,21,"Male","Non-Black / Non-Hispanic","North Central (IL, IN, IA, KS, MI, MN, MO, NE, OH, ND, SD, WI)","High school diploma (Regular 12 year program)","In CBSA, not in central city","NO","3: Mother","NO","YES","NO","NO","YES","0: 0  CONDITION DOES NOT APPLY","ALWAYS WITH RIGHT HAND","ALWAYS WITH RIGHT HAND","ALWAYS WITH RIGHT HAND","ALWAYS WITH RIGHT HAND","ALWAYS WITH LEFT HAND","1: 1  CONDITION APPLIES","1: 1  CONDITION APPLIES","NO","MALE","MALE"
1985,64735,3,1,1,33790,5,181,1,2,2,4,3,3,1,2,2,2,1,4,1,6,1,1,31,20,"Male","Black","South (AL, AR, DE, DC, FL, GA, KY, LA, MD, MS, NC, OK, SC, TN , TX, VA, WV)","GED","Not in CBSA","NO","3: Mother","YES","NO","NO","NO","YES","0: 0  CONDITION DOES NOT APPLY","ALWAYS WITH RIGHT HAND","ALWAYS WITH RIGHT HAND","ALWAYS WITH RIGHT HAND","ALWAYS WITH RIGHT HAND","ALWAYS WITH LEFT HAND","1: 1  CONDITION APPLIES","0: 0  CONDITION DOES NOT APPLY","NO","MALE","MALE"
1982,23250,3,1,2,23000,5,186,3,1,4,3,3,4,2,2,1,1,2,4,1,7,1,1,25,16,"Female","Black","South (AL, AR, DE, DC, FL, GA, KY, LA, MD, MS, NC, OK, SC, TN , TX, VA, WV)","High school diploma (Regular 12 year program)","In CBSA, in central city","NO","3: Mother","YES","YES","YES","NO","NO","0: 0  CONDITION DOES NOT APPLY","ALWAYS WITH RIGHT HAND","ALWAYS WITH RIGHT HAND","ALWAYS WITH RIGHT HAND","ALWAYS WITH RIGHT HAND","USUALLY WITH BOTH HANDS EQUALLY","1: 1  CONDITION APPLIES","1: 1  CONDITION APPLIES","NO","MALE","FEMALE"
1981,64735,1,0,3,33790,5,183,2,1,5,4,3,3,2,2,1,2,1,8,2,6,1,1,8,17,"Female","Non-Black / Non-Hispanic","Northeast (CT, ME, MA, NH, NJ, NY, PA, RI, VT)","Bachelor's degree (BA, BS)","Not in CBSA","NO","3: Mother","YES","NO","YES","NO","YES","0: 0  CONDITION DOES NOT APPLY","ALWAYS WITH RIGHT HAND","ALWAYS WITH LEFT HAND","ALWAYS WITH RIGHT HAND","ALWAYS WITH RIGHT HAND","ALWAYS WITH LEFT HAND","1: 1  CONDITION APPLIES","1: 1  CONDITION APPLIES","NO","FEMALE","MALE"
1982,64735,3,1,2,33790,5,182,1,2,3,5,4,3,2,2,1,2,1,4,4,8,1,1,27,21,"Female","Non-Black / Non-Hispanic","Northeast (CT, ME, MA, NH, NJ, NY, PA, RI, VT)","Bachelor's degree (BA, BS)","In CBSA, not in central city","NO","3: Mother","YES","NO","NO","NO","YES","0: 0  CONDITION DOES NOT APPLY","ALWAYS WITH RIGHT HAND","ALWAYS WITH RIGHT HAND","ALWAYS WITH RIGHT HAND","ALWAYS WITH RIGHT HAND","ALWAYS WITH RIGHT HAND","1: 1  CONDITION APPLIES","1: 1  CONDITION APPLIES","NO","FEMALE","MALE"
1983,64735,2,1,3,33790,5,150,1,1,3,3,2,5,2,1,2,2,1,6,2,7,1,2,4,16,"Female","Black","South (AL, AR, DE, DC, FL, GA, KY, LA, MD, MS, NC, OK, SC, TN , TX, VA, WV)","Bachelor's degree (BA, BS)","In CBSA, not in central city","NO","3: Mother","YES","YES","NO","NO","YES","0: 0  CONDITION DOES NOT APPLY","ALWAYS WITH RIGHT HAND","ALWAYS WITH RIGHT HAND","ALWAYS WITH RIGHT HAND","ALWAYS WITH RIGHT HAND","ALWAYS WITH LEFT HAND","1: 1  CONDITION APPLIES","1: 1  CONDITION APPLIES","NO","FEMALE","MALE"
1983,64735,3,1,2,28000,5,185,1,3,3,4,2,3,2,2,1,2,2,3,3,7,1,1,32,23,"Male","Non-Black / Non-Hispanic","South (AL, AR, DE, DC, FL, GA, KY, LA, MD, MS, NC, OK, SC, TN , TX, VA, WV)","GED","In CBSA, not in central city","YES","3: Mother","YES","NO","YES","NO","YES","0: 0  CONDITION DOES NOT APPLY","ALWAYS WITH RIGHT HAND","ALWAYS WITH RIGHT HAND","ALWAYS WITH RIGHT HAND","ALWAYS WITH RIGHT HAND","ALWAYS WITH LEFT HAND","1: 1  CONDITION APPLIES","1: 1  CONDITION APPLIES","NO","MALE","MALE"
1983,55000,2,1,3,33790,5,182,1,1,3,2,2,6,2,2,1,2,1,5,3,7,1,1,26,6,"Male","Hispanic","South (AL, AR, DE, DC, FL, GA, KY, LA, MD, MS, NC, OK, SC, TN , TX, VA, WV)","High school diploma (Regular 12 year program)","In CBSA, not in central city","NO","3: Mother","YES","NO","NO","NO","NO","0: 0  CONDITION DOES NOT APPLY","ALWAYS WITH RIGHT HAND","ALWAYS WITH RIGHT HAND","ALWAYS WITH RIGHT HAND","ALWAYS WITH RIGHT HAND","USUALLY WITH RIGHT HAND","0: 0  CONDITION DOES NOT APPLY","1: 1  CONDITION APPLIES","NO","MALE","FEMALE"
1985,64735,3,1,1,33790,5,182,2,2,5,2,5,2,2,2,2,2,2,6,3,6,6,1,33,22,"Male","Black","West (AK, AZ, CA, CO, HI, ID, MT, NV, NM, OR, UT, WA, WY)","High school diploma (Regular 12 year program)","In CBSA, in central city","YES","3: Mother","NO","NO","NO","NO","YES","0: 0  CONDITION DOES NOT APPLY","ALWAYS WITH RIGHT HAND","ALWAYS WITH RIGHT HAND","USUALLY WITH BOTH HANDS EQUALLY","ALWAYS WITH RIGHT HAND","ALWAYS WITH LEFT HAND","1: 1  CONDITION APPLIES","1: 1  CONDITION APPLIES","NO","FEMALE","MALE"
1984,64735,4,1,2,33790,5,183,1,1,2,4,5,6,1,1,1,2,1,5,4,6,1,1,26,18,"Male","Hispanic","North Central (IL, IN, IA, KS, MI, MN, MO, NE, OH, ND, SD, WI)","Associate/Junior college (AA)","In CBSA, in central city","NO","3: Mother","NO","YES","NO","NO","YES","0: 0  CONDITION DOES NOT APPLY","ALWAYS WITH LEFT HAND","ALWAYS WITH RIGHT HAND","USUALLY WITH RIGHT HAND","ALWAYS WITH RIGHT HAND","ALWAYS WITH LEFT HAND","1: 1  CONDITION APPLIES","1: 1  CONDITION APPLIES","NO","MALE","MALE"
1980,64735,3,0,3,33790,5,273,1,1,1,5,2,1,2,1,2,2,1,3,2,6,1,1,35,21,"Male","Black","North Central (IL, IN, IA, KS, MI, MN, MO, NE, OH, ND, SD, WI)","High school diploma (Regular 12 year program)","In CBSA, not in central city","NO","3: Mother","YES","YES","NO","NO","YES","0: 0  CONDITION DOES NOT APPLY","ALWAYS WITH RIGHT HAND","ALWAYS WITH RIGHT HAND","USUALLY WITH RIGHT HAND","ALWAYS WITH RIGHT HAND","ALWAYS WITH RIGHT HAND","1: 1  CONDITION APPLIES","1: 1  CONDITION APPLIES","NO","FEMALE","MALE"
1980,122450,3,0,2,33790,5,180,2,2,3,4,5,5,2,2,2,2,1,6,3,7,1,1,26,0,"Female","Non-Black / Non-Hispanic","Northeast (CT, ME, MA, NH, NJ, NY, PA, RI, VT)","Master's degree (MA, MS)","In CBSA, in central city","NO","3: Mother","NO","NO","NO","NO","YES","0: 0  CONDITION DOES NOT APPLY","ALWAYS WITH RIGHT HAND","ALWAYS WITH RIGHT HAND","ALWAYS WITH RIGHT HAND","ALWAYS WITH RIGHT HAND","ALWAYS WITH LEFT HAND","1: 1  CONDITION APPLIES","1: 1  CONDITION APPLIES","NO","MALE","FEMALE"
1980,64735,3,0,1,33790,5,185,1,1,3,2,2,7,2,2,1,2,1,5,2,1,1,1,35,25,"Female","Black","South (AL, AR, DE, DC, FL, GA, KY, LA, MD, MS, NC, OK, SC, TN , TX, VA, WV)","GED","In CBSA, in central city","NO","3: Mother","YES","YES","NO","NO","YES","0: 0  CONDITION DOES NOT APPLY","ALWAYS WITH RIGHT HAND","ALWAYS WITH LEFT HAND","USUALLY WITH BOTH HANDS EQUALLY","ALWAYS WITH RIGHT HAND","ALWAYS WITH RIGHT HAND","1: 1  CONDITION APPLIES","1: 1  CONDITION APPLIES","NO","FEMALE","MALE"
1983,64735,1,0,2,70000,6,185,1,1,2,2,3,5,2,1,1,1,1,4,1,5,1,1,32,16,"Male","Non-Black / Non-Hispanic","Northeast (CT, ME, MA, NH, NJ, NY, PA, RI, VT)","High school diploma (Regular 12 year program)","In CBSA, not in central city","NO","3: Mother","NO","NO","NO","NO","YES","0: 0  CONDITION DOES NOT APPLY","ALWAYS WITH RIGHT HAND","ALWAYS WITH RIGHT HAND","ALWAYS WITH RIGHT HAND","ALWAYS WITH RIGHT HAND","ALWAYS WITH RIGHT HAND","1: 1  CONDITION APPLIES","1: 1  CONDITION APPLIES","NO","FEMALE","FEMALE"
1981,64735,2,0,1,33790,5,181,1,1,1,2,4,7,2,2,1,2,2,2,2,8,1,1,31,24,"Female","Non-Black / Non-Hispanic","Northeast (CT, ME, MA, NH, NJ, NY, PA, RI, VT)","Bachelor's degree (BA, BS)","In CBSA, in central city","NO","3: Mother","NO","NO","NO","NO","YES","0: 0  CONDITION DOES NOT APPLY","ALWAYS WITH RIGHT HAND","ALWAYS WITH RIGHT HAND","USUALLY WITH RIGHT HAND","ALWAYS WITH RIGHT HAND","ALWAYS WITH LEFT HAND","1: 1  CONDITION APPLIES","1: 1  CONDITION APPLIES","NO","MALE","MALE"
1981,64735,3,0,1,33790,5,180,1,1,3,4,5,6,1,1,1,2,1,6,2,6,1,1,32,28,"Female","Non-Black / Non-Hispanic","South (AL, AR, DE, DC, FL, GA, KY, LA, MD, MS, NC, OK, SC, TN , TX, VA, WV)","High school diploma (Regular 12 year program)","Not in CBSA","NO","3: Mother","NO","NO","NO","NO","NO","0: 0  CONDITION DOES NOT APPLY","ALWAYS WITH RIGHT HAND","ALWAYS WITH RIGHT HAND","ALWAYS WITH RIGHT HAND","ALWAYS WITH RIGHT HAND","ALWAYS WITH LEFT HAND","1: 1  CONDITION APPLIES","1: 1  CONDITION APPLIES","NO","FEMALE","MALE"
1985,64735,3,0,2,30000,5,185,1,2,2,2,4,3,2,1,1,1,1,6,2,7,1,1,34,25,"Female","Non-Black / Non-Hispanic","South (AL, AR, DE, DC, FL, GA, KY, LA, MD, MS, NC, OK, SC, TN , TX, VA, WV)","Associate/Junior college (AA)","In CBSA, in central city","NO","3: Mother","YES","YES","NO","NO","YES","0: 0  CONDITION DOES NOT APPLY","ALWAYS WITH RIGHT HAND","ALWAYS WITH RIGHT HAND","ALWAYS WITH LEFT HAND","ALWAYS WITH LEFT HAND","DON'T DO THIS ACTIVITY","1: 1  CONDITION APPLIES","1: 1  CONDITION APPLIES","NO","MALE","MALE"
1985,64735,3,1,3,33790,6,183,1,2,2,4,2,3,2,2,1,2,1,3,3,6,1,1,30,22,"Male","Black","Northeast (CT, ME, MA, NH, NJ, NY, PA, RI, VT)","High school diploma (Regular 12 year program)","Not in CBSA","NO","3: Mother","NO","NO","NO","NO","NO","0: 0  CONDITION DOES NOT APPLY","ALWAYS WITH RIGHT HAND","ALWAYS WITH RIGHT HAND","ALWAYS WITH RIGHT HAND","ALWAYS WITH RIGHT HAND","ALWAYS WITH LEFT HAND","1: 1  CONDITION APPLIES","1: 1  CONDITION APPLIES","NO","FEMALE","MALE"
1984,64735,3,0,2,33790,5,183,2,3,1,5,2,10,2,2,1,2,2,5,2,7,3,1,33,19,"Male","Non-Black / Non-Hispanic","South (AL, AR, DE, DC, FL, GA, KY, LA, MD, MS, NC, OK, SC, TN , TX, VA, WV)","Bachelor's degree (BA, BS)","In CBSA, in central city","NO","3: Mother","NO","NO","NO","NO","NO","0: 0  CONDITION DOES NOT APPLY","ALWAYS WITH RIGHT HAND","ALWAYS WITH RIGHT HAND","ALWAYS WITH LEFT HAND","ALWAYS WITH RIGHT HAND","ALWAYS WITH LEFT HAND","1: 1  CONDITION APPLIES","1: 1  CONDITION APPLIES","NO","FEMALE","FEMALE"
1984,64735,3,0,1,33790,5,183,1,2,4,3,3,3,2,2,2,2,2,4,2,8,1,2,48,77,"Male","Black","South (AL, AR, DE, DC, FL, GA, KY, LA, MD, MS, NC, OK, SC, TN , TX, VA, WV)","Associate/Junior college (AA)","In CBSA, in central city","YES","3: Mother","YES","YES","YES","NO","NO","0: 0  CONDITION DOES NOT APPLY","ALWAYS WITH RIGHT HAND","ALWAYS WITH RIGHT HAND","ALWAYS WITH RIGHT HAND","ALWAYS WITH RIGHT HAND","ALWAYS WITH LEFT HAND","1: 1  CONDITION APPLIES","0: 0  CONDITION DOES NOT APPLY","NO","FEMALE","MALE"
1981,64735,3,1,3,33790,6,181,1,2,1,4,2,5,2,2,1,2,1,7,4,6,1,1,40,22,"Male","Non-Black / Non-Hispanic","South (AL, AR, DE, DC, FL, GA, KY, LA, MD, MS, NC, OK, SC, TN , TX, VA, WV)","GED","In CBSA, not in central city","NO","3: Mother","YES","NO","NO","NO","YES","0: 0  CONDITION DOES NOT APPLY","ALWAYS WITH RIGHT HAND","USUALLY WITH RIGHT HAND","ALWAYS WITH RIGHT HAND","ALWAYS WITH RIGHT HAND","ALWAYS WITH LEFT HAND","1: 1  CONDITION APPLIES","0: 0  CONDITION DOES NOT APPLY","NO","MALE","MALE"
1981,64735,4,0,1,33790,5,182,1,2,1,3,2,4,2,1,2,2,2,4,5,7,1,1,34,23,"Male","Black","Northeast (CT, ME, MA, NH, NJ, NY, PA, RI, VT)","GED","In CBSA, in central city","NO","3: Mother","NO","YES","NO","YES","YES","0: 0  CONDITION DOES NOT APPLY","ALWAYS WITH RIGHT HAND","USUALLY WITH RIGHT HAND","ALWAYS WITH RIGHT HAND","ALWAYS WITH RIGHT HAND","ALWAYS WITH LEFT HAND","1: 1  CONDITION APPLIES","1: 1  CONDITION APPLIES","NO","FEMALE","MALE"
1982,64735,2,0,3,33790,5,183,2,1,2,3,1,2,2,1,1,2,1,5,4,8,1,1,30,20,"Female","Black","Northeast (CT, ME, MA, NH, NJ, NY, PA, RI, VT)","Bachelor's degree (BA, BS)","In CBSA, not in central city","NO","3: Mother","YES","YES","NO","NO","YES","0: 0  CONDITION DOES NOT APPLY","ALWAYS WITH RIGHT HAND","ALWAYS WITH LEFT HAND","ALWAYS WITH RIGHT HAND","ALWAYS WITH RIGHT HAND","ALWAYS WITH RIGHT HAND","1: 1  CONDITION APPLIES","1: 1  CONDITION APPLIES","NO","MALE","FEMALE"
1982,64735,2,0,4,33790,5,181,1,2,2,3,3,4,1,2,2,2,1,2,5,6,1,1,32,21,"Female","Black","South (AL, AR, DE, DC, FL, GA, KY, LA, MD, MS, NC, OK, SC, TN , TX, VA, WV)","High school diploma (Regular 12 year program)","In CBSA, in central city","NO","3: Mother","YES","NO","NO","NO","NO","0: 0  CONDITION DOES NOT APPLY","ALWAYS WITH RIGHT HAND","ALWAYS WITH RIGHT HAND","ALWAYS WITH RIGHT HAND","ALWAYS WITH RIGHT HAND","ALWAYS WITH LEFT HAND","1: 1  CONDITION APPLIES","1: 1  CONDITION APPLIES","NO","FEMALE","MALE"
1984,64735,3,0,1,33790,5,183,1,1,3,4,2,8,1,2,1,1,2,8,3,7,1,1,30,22,"Female","Black","North Central (IL, IN, IA, KS, MI, MN, MO, NE, OH, ND, SD, WI)","Bachelor's degree (BA, BS)","In CBSA, not in central city","NO","3: Mother","YES","YES","YES","NO","NO","0: 0  CONDITION DOES NOT APPLY","ALWAYS WITH RIGHT HAND","ALWAYS WITH RIGHT HAND","ALWAYS WITH RIGHT HAND","ALWAYS WITH RIGHT HAND","ALWAYS WITH LEFT HAND","1: 1  CONDITION APPLIES","1: 1  CONDITION APPLIES","NO","MALE","MALE"
1983,64735,3,1,1,33790,5,183,1,1,5,4,4,3,2,2,1,2,1,6,3,8,1,1,31,25,"Male","Non-Black / Non-Hispanic","North Central (IL, IN, IA, KS, MI, MN, MO, NE, OH, ND, SD, WI)","Professional degree (DDS, JD, MD)","In CBSA, not in central city","NO","3: Mother","YES","NO","NO","NO","NO","0: 0  CONDITION DOES NOT APPLY","ALWAYS WITH RIGHT HAND","ALWAYS WITH RIGHT HAND","ALWAYS WITH RIGHT HAND","ALWAYS WITH RIGHT HAND","ALWAYS WITH LEFT HAND","1: 1  CONDITION APPLIES","1: 1  CONDITION APPLIES","NO","FEMALE","MALE"
1983,53500,4,0,1,33790,5,183,1,1,1,5,7,2,2,2,2,2,1,4,2,6,1,1,58,48,"Male","Non-Black / Non-Hispanic","South (AL, AR, DE, DC, FL, GA, KY, LA, MD, MS, NC, OK, SC, TN , TX, VA, WV)","High school diploma (Regular 12 year program)","In CBSA, not in central city","YES","3: Mother","NO","YES","NO","NO","YES","0: 0  CONDITION DOES NOT APPLY","ALWAYS WITH RIGHT HAND","ALWAYS WITH RIGHT HAND","ALWAYS WITH RIGHT HAND","ALWAYS WITH RIGHT HAND","ALWAYS WITH LEFT HAND","1: 1  CONDITION APPLIES","1: 1  CONDITION APPLIES","NO","FEMALE","FEMALE"
1983,64735,2,0,1,60000,5,184,1,2,2,3,2,2,2,2,1,2,1,3,3,6,1,1,35,26,"Male","Non-Black / Non-Hispanic","Northeast (CT, ME, MA, NH, NJ, NY, PA, RI, VT)","Master's degree (MA, MS)","In CBSA, in central city","YES","3: Mother","YES","YES","NO","NO","NO","0: 0  CONDITION DOES NOT APPLY","ALWAYS WITH RIGHT HAND","ALWAYS WITH RIGHT HAND","ALWAYS WITH RIGHT HAND","ALWAYS WITH RIGHT HAND","ALWAYS WITH LEFT HAND","1: 1  CONDITION APPLIES","1: 1  CONDITION APPLIES","YES","MALE","FEMALE"
1982,64735,3,1,2,33790,4,183,3,1,3,3,3,6,2,2,1,2,1,7,1,7,1,1,29,22,"Male","Non-Black / Non-Hispanic","Northeast (CT, ME, MA, NH, NJ, NY, PA, RI, VT)","Bachelor's degree (BA, BS)","In CBSA, not in central city","NO","3: Mother","YES","YES","NO","NO","YES","0: 0  CONDITION DOES NOT APPLY","ALWAYS WITH RIGHT HAND","ALWAYS WITH RIGHT HAND","ALWAYS WITH RIGHT HAND","ALWAYS WITH RIGHT HAND","ALWAYS WITH LEFT HAND","1: 1  CONDITION APPLIES","1: 1  CONDITION APPLIES","NO","MALE","FEMALE"
1982,64735,5,1,2,33790,4,183,3,1,3,4,7,2,2,2,1,2,1,2,2,6,1,1,29,19,"Male","Non-Black / Non-Hispanic","North Central (IL, IN, IA, KS, MI, MN, MO, NE, OH, ND, SD, WI)","Bachelor's degree (BA, BS)","In CBSA, in central city","NO","3: Mother","NO","NO","NO","NO","NO","0: 0  CONDITION DOES NOT APPLY","ALWAYS WITH RIGHT HAND","ALWAYS WITH RIGHT HAND","USUALLY WITH RIGHT HAND","ALWAYS WITH RIGHT HAND","ALWAYS WITH LEFT HAND","0: 0  CONDITION DOES NOT APPLY","1: 1  CONDITION APPLIES","YES","FEMALE","FEMALE"
1981,64735,3,1,1,33790,5,184,1,1,2,4,2,4,2,2,1,2,1,1,8,6,1,1,28,22,"Female","Black","Northeast (CT, ME, MA, NH, NJ, NY, PA, RI, VT)","GED","In CBSA, in central city","NO","3: Mother","NO","NO","NO","NO","YES","0: 0  CONDITION DOES NOT APPLY","ALWAYS WITH RIGHT HAND","ALWAYS WITH RIGHT HAND","ALWAYS WITH LEFT HAND","ALWAYS WITH RIGHT HAND","USUALLY WITH BOTH HANDS EQUALLY","1: 1  CONDITION APPLIES","1: 1  CONDITION APPLIES","NO","FEMALE","MALE"
1984,64735,2,0,1,5000,5,182,1,1,5,2,3,1,2,2,1,1,1,1,3,6,1,1,35,26,"Female","Hispanic","South (AL, AR, DE, DC, FL, GA, KY, LA, MD, MS, NC, OK, SC, TN , TX, VA, WV)","None","In CBSA, in central city","NO","3: Mother","YES","YES","YES","NO","NO","0: 0  CONDITION DOES NOT APPLY","ALWAYS WITH RIGHT HAND","ALWAYS WITH RIGHT HAND","ALWAYS WITH RIGHT HAND","ALWAYS WITH RIGHT HAND","ALWAYS WITH LEFT HAND","1: 1  CONDITION APPLIES","0: 0  CONDITION DOES NOT APPLY","NO","FEMALE","MALE"
1981,64735,2,0,1,33790,5,183,1,2,3,4,3,3,2,1,2,2,1,6,3,8,2,1,31,23,"Male","Hispanic","West (AK, AZ, CA, CO, HI, ID, MT, NV, NM, OR, UT, WA, WY)","High school diploma (Regular 12 year program)","Not in CBSA","NO","3: Mother","NO","NO","YES","NO","NO","0: 0  CONDITION DOES NOT APPLY","ALWAYS WITH RIGHT HAND","ALWAYS WITH RIGHT HAND","ALWAYS WITH RIGHT HAND","ALWAYS WITH RIGHT HAND","ALWAYS WITH LEFT HAND","1: 1  CONDITION APPLIES","1: 1  CONDITION APPLIES","YES","FEMALE","MALE"
1981,28000,4,0,1,28000,5,181,1,1,1,3,2,1,2,2,2,2,2,2,4,6,1,1,54,26,"Male","Hispanic","South (AL, AR, DE, DC, FL, GA, KY, LA, MD, MS, NC, OK, SC, TN , TX, VA, WV)","High school diploma (Regular 12 year program)","In CBSA, in central city","YES","3: Mother","NO","NO","YES","NO","NO","0: 0  CONDITION DOES NOT APPLY","ALWAYS WITH RIGHT HAND","ALWAYS WITH RIGHT HAND","ALWAYS WITH RIGHT HAND","ALWAYS WITH RIGHT HAND","USUALLY WITH LEFT HAND","1: 1  CONDITION APPLIES","1: 1  CONDITION APPLIES","YES","FEMALE","MALE"
1982,64735,4,0,4,33790,5,134,1,1,2,3,2,1,2,1,2,1,1,4,2,6,1,1,34,25,"Male","Hispanic","South (AL, AR, DE, DC, FL, GA, KY, LA, MD, MS, NC, OK, SC, TN , TX, VA, WV)","High school diploma (Regular 12 year program)","In CBSA, in central city","NO","3: Mother","NO","YES","NO","NO","YES","0: 0  CONDITION DOES NOT APPLY","ALWAYS WITH RIGHT HAND","ALWAYS WITH RIGHT HAND","ALWAYS WITH RIGHT HAND","ALWAYS WITH RIGHT HAND","ALWAYS WITH LEFT HAND","1: 1  CONDITION APPLIES","1: 1  CONDITION APPLIES","YES","MALE","MALE"
1981,64735,2,1,3,33790,5,185,3,2,3,4,1,3,2,2,2,2,1,4,2,7,1,1,21,18,"Male","Non-Black / Non-Hispanic","Northeast (CT, ME, MA, NH, NJ, NY, PA, RI, VT)","GED","In CBSA, not in central city","NO","3: Mother","YES","NO","NO","NO","YES","0: 0  CONDITION DOES NOT APPLY","ALWAYS WITH RIGHT HAND","ALWAYS WITH RIGHT HAND","ALWAYS WITH RIGHT HAND","ALWAYS WITH RIGHT HAND","ALWAYS WITH LEFT HAND","1: 1  CONDITION APPLIES","1: 1  CONDITION APPLIES","NO","FEMALE","MALE"
1980,64735,3,2,1,33790,5,118,2,1,2,4,4,3,2,2,2,2,1,6,2,7,1,1,29,22,"Male","Non-Black / Non-Hispanic","North Central (IL, IN, IA, KS, MI, MN, MO, NE, OH, ND, SD, WI)","Master's degree (MA, MS)","In CBSA, not in central city","NO","3: Mother","YES","NO","NO","NO","YES","0: 0  CONDITION DOES NOT APPLY","ALWAYS WITH RIGHT HAND","ALWAYS WITH RIGHT HAND","ALWAYS WITH RIGHT HAND","ALWAYS WITH RIGHT HAND","ALWAYS WITH LEFT HAND","1: 1  CONDITION APPLIES","1: 1  CONDITION APPLIES","YES","MALE","MALE"
1982,64735,3,1,2,33790,6,184,1,1,5,2,2,3,2,1,2,2,2,2,4,7,1,1,32,21,"Male","Non-Black / Non-Hispanic","North Central (IL, IN, IA, KS, MI, MN, MO, NE, OH, ND, SD, WI)","Professional degree (DDS, JD, MD)","In CBSA, in central city","NO","3: Mother","YES","NO","NO","NO","YES","1: 1  CONDITION APPLIES","ALWAYS WITH RIGHT HAND","ALWAYS WITH LEFT HAND","ALWAYS WITH LEFT HAND","ALWAYS WITH LEFT HAND","ALWAYS WITH LEFT HAND","1: 1  CONDITION APPLIES","1: 1  CONDITION APPLIES","NO","FEMALE","MALE"
1981,64735,3,1,2,33790,5,181,1,1,4,4,2,4,2,1,1,1,1,3,2,7,1,1,30,22,"Male","Non-Black / Non-Hispanic","West (AK, AZ, CA, CO, HI, ID, MT, NV, NM, OR, UT, WA, WY)","Bachelor's degree (BA, BS)","In CBSA, not in central city","NO","3: Mother","NO","NO","YES","NO","YES","0: 0  CONDITION DOES NOT APPLY","ALWAYS WITH RIGHT HAND","ALWAYS WITH RIGHT HAND","ALWAYS WITH RIGHT HAND","ALWAYS WITH RIGHT HAND","ALWAYS WITH LEFT HAND","1: 1  CONDITION APPLIES","1: 1  CONDITION APPLIES","NO","FEMALE","MALE"
1981,64735,4,0,1,33790,5,180,1,2,3,4,3,2,1,2,1,2,2,4,2,6,1,1,58,25,"Male","Hispanic","Northeast (CT, ME, MA, NH, NJ, NY, PA, RI, VT)","Associate/Junior college (AA)","In CBSA, in central city","NO","3: Mother","NO","NO","NO","NO","YES","0: 0  CONDITION DOES NOT APPLY","ALWAYS WITH RIGHT HAND","ALWAYS WITH RIGHT HAND","ALWAYS WITH RIGHT HAND","ALWAYS WITH RIGHT HAND","ALWAYS WITH RIGHT HAND","0: 0  CONDITION DOES NOT APPLY","1: 1  CONDITION APPLIES","NO","FEMALE","MALE"
1982,64735,4,0,2,33790,5,180,1,1,3,2,2,2,1,2,1,2,1,6,4,5,1,1,57,31,"Male","Non-Black / Non-Hispanic","South (AL, AR, DE, DC, FL, GA, KY, LA, MD, MS, NC, OK, SC, TN , TX, VA, WV)","High school diploma (Regular 12 year program)","In CBSA, not in central city","YES","3: Mother","NO","NO","NO","NO","YES","0: 0  CONDITION DOES NOT APPLY","ALWAYS WITH RIGHT HAND","ALWAYS WITH RIGHT HAND","ALWAYS WITH RIGHT HAND","ALWAYS WITH LEFT HAND","ALWAYS WITH LEFT HAND","1: 1  CONDITION APPLIES","1: 1  CONDITION APPLIES","NO","FEMALE","FEMALE"
1983,64735,3,0,2,33790,5,145,1,1,1,2,2,7,2,1,1,1,2,3,1,8,6,1,36,58,"Male","Non-Black / Non-Hispanic","South (AL, AR, DE, DC, FL, GA, KY, LA, MD, MS, NC, OK, SC, TN , TX, VA, WV)","GED","In CBSA, not in central city","YES","3: Mother","NO","NO","NO","NO","YES","0: 0  CONDITION DOES NOT APPLY","ALWAYS WITH RIGHT HAND","ALWAYS WITH RIGHT HAND","ALWAYS WITH RIGHT HAND","ALWAYS WITH RIGHT HAND","ALWAYS WITH LEFT HAND","1: 1  CONDITION APPLIES","1: 1  CONDITION APPLIES","NO","FEMALE","MALE"
1983,64735,1,0,3,31000,5,179,1,1,3,2,5,2,1,2,2,2,1,4,5,8,1,1,33,23,"Female","Non-Black / Non-Hispanic","South (AL, AR, DE, DC, FL, GA, KY, LA, MD, MS, NC, OK, SC, TN , TX, VA, WV)","High school diploma (Regular 12 year program)","In CBSA, not in central city","NO","3: Mother","YES","NO","NO","NO","NO","0: 0  CONDITION DOES NOT APPLY","ALWAYS WITH RIGHT HAND","ALWAYS WITH RIGHT HAND","ALWAYS WITH RIGHT HAND","ALWAYS WITH RIGHT HAND","ALWAYS WITH LEFT HAND","1: 1  CONDITION APPLIES","1: 1  CONDITION APPLIES","NO","MALE","MALE"
1981,64735,4,1,7,33790,5,150,1,2,1,4,2,5,2,2,2,2,2,7,3,6,1,1,32,21,"Female","Non-Black / Non-Hispanic","Northeast (CT, ME, MA, NH, NJ, NY, PA, RI, VT)","Associate/Junior college (AA)","In CBSA, not in central city","NO","3: Mother","NO","YES","NO","NO","NO","0: 0  CONDITION DOES NOT APPLY","ALWAYS WITH RIGHT HAND","USUALLY WITH BOTH HANDS EQUALLY","ALWAYS WITH RIGHT HAND","ALWAYS WITH RIGHT HAND","ALWAYS WITH LEFT HAND","1: 1  CONDITION APPLIES","1: 1  CONDITION APPLIES","NO","FEMALE","MALE"
1984,64735,1,0,1,33790,6,185,2,1,3,2,1,4,2,2,1,2,1,4,2,7,1,1,32,64,"Male","Black","West (AK, AZ, CA, CO, HI, ID, MT, NV, NM, OR, UT, WA, WY)","GED","In CBSA, in central city","YES","3: Mother","YES","YES","NO","NO","YES","0: 0  CONDITION DOES NOT APPLY","ALWAYS WITH RIGHT HAND","ALWAYS WITH RIGHT HAND","ALWAYS WITH RIGHT HAND","ALWAYS WITH RIGHT HAND","ALWAYS WITH LEFT HAND","1: 1  CONDITION APPLIES","0: 0  CONDITION DOES NOT APPLY","NO","FEMALE","MALE"
1983,64735,2,1,1,33790,5,183,2,1,1,3,1,1,2,2,1,2,1,5,1,7,1,1,32,21,"Male","Hispanic","West (AK, AZ, CA, CO, HI, ID, MT, NV, NM, OR, UT, WA, WY)","Bachelor's degree (BA, BS)","In CBSA, not in central city","NO","3: Mother","YES","NO","YES","YES","NO","0: 0  CONDITION DOES NOT APPLY","ALWAYS WITH RIGHT HAND","ALWAYS WITH RIGHT HAND","ALWAYS WITH RIGHT HAND","ALWAYS WITH RIGHT HAND","ALWAYS WITH RIGHT HAND","1: 1  CONDITION APPLIES","1: 1  CONDITION APPLIES","NO","FEMALE","FEMALE"
1981,64735,3,0,2,33790,5,181,1,1,3,2,1,2,2,2,1,1,1,4,2,9,1,1,32,31,"Female","Non-Black / Non-Hispanic","South (AL, AR, DE, DC, FL, GA, KY, LA, MD, MS, NC, OK, SC, TN , TX, VA, WV)","High school diploma (Regular 12 year program)","In CBSA, in central city","YES","3: Mother","YES","NO","NO","NO","YES","0: 0  CONDITION DOES NOT APPLY","ALWAYS WITH RIGHT HAND","DON'T DO THIS ACTIVITY","DON'T DO THIS ACTIVITY","DON'T DO THIS ACTIVITY","ALWAYS WITH LEFT HAND","1: 1  CONDITION APPLIES","1: 1  CONDITION APPLIES","NO","FEMALE","MALE"
1981,64735,3,0,5,33790,5,187,1,1,1,5,2,2,1,2,1,2,1,5,3,6,1,1,24,5,"Female","Black","South (AL, AR, DE, DC, FL, GA, KY, LA, MD, MS, NC, OK, SC, TN , TX, VA, WV)","GED","In CBSA, not in central city","NO","3: Mother","YES","NO","NO","NO","NO","0: 0  CONDITION DOES NOT APPLY","ALWAYS WITH RIGHT HAND","ALWAYS WITH RIGHT HAND","ALWAYS WITH RIGHT HAND","ALWAYS WITH RIGHT HAND","ALWAYS WITH RIGHT HAND","1: 1  CONDITION APPLIES","1: 1  CONDITION APPLIES","NO","MALE","MALE"
1980,64735,3,0,1,33790,5,184,1,1,4,5,3,2,1,1,1,1,1,6,3,6,1,1,35,20,"Male","Hispanic","West (AK, AZ, CA, CO, HI, ID, MT, NV, NM, OR, UT, WA, WY)","High school diploma (Regular 12 year program)","In CBSA, in central city","NO","3: Mother","YES","NO","YES","NO","YES","0: 0  CONDITION DOES NOT APPLY","ALWAYS WITH RIGHT HAND","ALWAYS WITH RIGHT HAND","ALWAYS WITH RIGHT HAND","ALWAYS WITH RIGHT HAND","ALWAYS WITH LEFT HAND","1: 1  CONDITION APPLIES","1: 1  CONDITION APPLIES","YES","MALE","FEMALE"
1980,64735,3,0,4,33790,5,183,2,1,1,2,2,2,2,2,2,2,1,6,3,8,1,1,30,21,"Male","Non-Black / Non-Hispanic","Northeast (CT, ME, MA, NH, NJ, NY, PA, RI, VT)","Bachelor's degree (BA, BS)","In CBSA, in central city","NO","3: Mother","NO","YES","NO","NO","YES","0: 0  CONDITION DOES NOT APPLY","ALWAYS WITH RIGHT HAND","ALWAYS WITH RIGHT HAND","ALWAYS WITH RIGHT HAND","ALWAYS WITH RIGHT HAND","ALWAYS WITH LEFT HAND","1: 1  CONDITION APPLIES","1: 1  CONDITION APPLIES","NO","MALE","MALE"
1983,64735,3,1,2,33790,5,186,1,1,2,4,2,2,2,2,2,2,1,4,2,7,1,1,30,18,"Male","Non-Black / Non-Hispanic","Northeast (CT, ME, MA, NH, NJ, NY, PA, RI, VT)","Bachelor's degree (BA, BS)","In CBSA, in central city","NO","3: Mother","NO","NO","NO","NO","YES","0: 0  CONDITION DOES NOT APPLY","ALWAYS WITH RIGHT HAND","ALWAYS WITH RIGHT HAND","ALWAYS WITH RIGHT HAND","ALWAYS WITH RIGHT HAND","ALWAYS WITH LEFT HAND","1: 1  CONDITION APPLIES","1: 1  CONDITION APPLIES","NO","MALE","FEMALE"
1982,64735,2,0,1,33790,5,179,1,1,3,4,5,5,2,2,1,2,1,2,1,6,1,1,27,20,"Female","Non-Black / Non-Hispanic","South (AL, AR, DE, DC, FL, GA, KY, LA, MD, MS, NC, OK, SC, TN , TX, VA, WV)","Bachelor's degree (BA, BS)","Not in country","NO","3: Mother","YES","NO","NO","NO","YES","0: 0  CONDITION DOES NOT APPLY","ALWAYS WITH RIGHT HAND","ALWAYS WITH RIGHT HAND","ALWAYS WITH RIGHT HAND","ALWAYS WITH RIGHT HAND","USUALLY WITH LEFT HAND","1: 1  CONDITION APPLIES","0: 0  CONDITION DOES NOT APPLY","NO","MALE","MALE"
1982,64735,3,0,2,33790,5,181,1,1,4,3,2,5,2,2,2,2,1,6,4,8,1,1,29,24,"Female","Non-Black / Non-Hispanic","North Central (IL, IN, IA, KS, MI, MN, MO, NE, OH, ND, SD, WI)","High school diploma (Regular 12 year program)","In CBSA, not in central city","NO","3: Mother","YES","NO","NO","NO","YES","0: 0  CONDITION DOES NOT APPLY","ALWAYS WITH RIGHT HAND","ALWAYS WITH RIGHT HAND","ALWAYS WITH RIGHT HAND","ALWAYS WITH RIGHT HAND","ALWAYS WITH LEFT HAND","1: 1  CONDITION APPLIES","1: 1  CONDITION APPLIES","NO","FEMALE","MALE"
1982,64735,3,1,3,33790,5,178,1,1,4,3,3,6,2,2,1,2,1,6,3,8,1,1,31,19,"Female","Non-Black / Non-Hispanic","Northeast (CT, ME, MA, NH, NJ, NY, PA, RI, VT)","Bachelor's degree (BA, BS)","In CBSA, not in central city","NO","3: Mother","YES","NO","NO","NO","YES","0: 0  CONDITION DOES NOT APPLY","ALWAYS WITH RIGHT HAND","ALWAYS WITH LEFT HAND","ALWAYS WITH RIGHT HAND","ALWAYS WITH RIGHT HAND","ALWAYS WITH RIGHT HAND","1: 1  CONDITION APPLIES","0: 0  CONDITION DOES NOT APPLY","NO","MALE","FEMALE"
1982,64735,1,0,2,57000,5,181,2,1,3,3,2,10,2,2,2,2,1,6,1,7,1,1,31,24,"Female","Hispanic","Northeast (CT, ME, MA, NH, NJ, NY, PA, RI, VT)","Master's degree (MA, MS)","In CBSA, in central city","NO","3: Mother","YES","NO","NO","NO","YES","0: 0  CONDITION DOES NOT APPLY","ALWAYS WITH RIGHT HAND","ALWAYS WITH RIGHT HAND","ALWAYS WITH RIGHT HAND","ALWAYS WITH RIGHT HAND","ALWAYS WITH LEFT HAND","1: 1  CONDITION APPLIES","1: 1  CONDITION APPLIES","NO","MALE","FEMALE"
1980,64735,4,0,1,33790,5,181,1,1,5,4,2,3,2,2,1,2,2,7,5,6,1,1,65,31,"Female","Non-Black / Non-Hispanic","South (AL, AR, DE, DC, FL, GA, KY, LA, MD, MS, NC, OK, SC, TN , TX, VA, WV)","High school diploma (Regular 12 year program)","In CBSA, not in central city","YES","3: Mother","YES","NO","YES","YES","NO","0: 0  CONDITION DOES NOT APPLY","ALWAYS WITH RIGHT HAND","ALWAYS WITH RIGHT HAND","USUALLY WITH RIGHT HAND","ALWAYS WITH RIGHT HAND","ALWAYS WITH LEFT HAND","1: 1  CONDITION APPLIES","1: 1  CONDITION APPLIES","NO","FEMALE","MALE"
1980,64735,3,0,4,33790,5,182,2,2,1,3,3,5,2,2,2,2,1,6,3,6,1,1,49,22,"Male","Non-Black / Non-Hispanic","Northeast (CT, ME, MA, NH, NJ, NY, PA, RI, VT)","High school diploma (Regular 12 year program)","In CBSA, in central city","NO","3: Mother","NO","NO","YES","NO","YES","0: 0  CONDITION DOES NOT APPLY","ALWAYS WITH RIGHT HAND","ALWAYS WITH RIGHT HAND","ALWAYS WITH RIGHT HAND","ALWAYS WITH RIGHT HAND","ALWAYS WITH RIGHT HAND","1: 1  CONDITION APPLIES","0: 0  CONDITION DOES NOT APPLY","NO","FEMALE","MALE"
1982,64735,3,0,2,33790,5,183,1,2,2,5,3,2,2,2,1,2,1,5,3,7,3,1,31,20,"Female","Non-Black / Non-Hispanic","Northeast (CT, ME, MA, NH, NJ, NY, PA, RI, VT)","Bachelor's degree (BA, BS)","In CBSA, not in central city","NO","3: Mother","NO","NO","NO","NO","NO","0: 0  CONDITION DOES NOT APPLY","ALWAYS WITH RIGHT HAND","ALWAYS WITH RIGHT HAND","ALWAYS WITH RIGHT HAND","ALWAYS WITH RIGHT HAND","ALWAYS WITH LEFT HAND","1: 1  CONDITION APPLIES","1: 1  CONDITION APPLIES","NO","MALE","MALE"
1984,64735,3,1,1,33790,5,115,1,1,2,3,4,3,2,2,2,2,1,6,3,7,1,1,31,21,"Female","Black","West (AK, AZ, CA, CO, HI, ID, MT, NV, NM, OR, UT, WA, WY)","High school diploma (Regular 12 year program)","In CBSA, in central city","NO","3: Mother","YES","NO","YES","NO","YES","0: 0  CONDITION DOES NOT APPLY","ALWAYS WITH RIGHT HAND","ALWAYS WITH RIGHT HAND","ALWAYS WITH RIGHT HAND","ALWAYS WITH RIGHT HAND","ALWAYS WITH LEFT HAND","1: 1  CONDITION APPLIES","1: 1  CONDITION APPLIES","NO","MALE","MALE"
1982,64735,4,0,2,33790,6,183,1,1,2,5,4,4,2,2,1,2,1,3,2,6,1,1,32,22,"Male","Non-Black / Non-Hispanic","Northeast (CT, ME, MA, NH, NJ, NY, PA, RI, VT)","Master's degree (MA, MS)","In CBSA, in central city","NO","3: Mother","NO","YES","YES","NO","YES","0: 0  CONDITION DOES NOT APPLY","ALWAYS WITH RIGHT HAND","ALWAYS WITH RIGHT HAND","ALWAYS WITH RIGHT HAND","ALWAYS WITH RIGHT HAND","ALWAYS WITH LEFT HAND","1: 1  CONDITION APPLIES","1: 1  CONDITION APPLIES","NO","MALE","FEMALE"
1981,64735,3,0,5,33790,5,160,1,2,6,3,4,5,2,2,2,2,2,7,3,6,1,1,30,19,"Female","Non-Black / Non-Hispanic","Northeast (CT, ME, MA, NH, NJ, NY, PA, RI, VT)","Associate/Junior college (AA)","In CBSA, in central city","YES","3: Mother","YES","NO","YES","NO","NO","0: 0  CONDITION DOES NOT APPLY","ALWAYS WITH RIGHT HAND","ALWAYS WITH RIGHT HAND","ALWAYS WITH RIGHT HAND","ALWAYS WITH RIGHT HAND","ALWAYS WITH LEFT HAND","0: 0  CONDITION DOES NOT APPLY","1: 1  CONDITION APPLIES","NO","FEMALE","MALE"
1984,64735,4,0,2,33790,5,182,1,1,4,3,3,5,2,2,1,2,1,2,3,8,1,1,33,28,"Male","Non-Black / Non-Hispanic","South (AL, AR, DE, DC, FL, GA, KY, LA, MD, MS, NC, OK, SC, TN , TX, VA, WV)","GED","In CBSA, not in central city","YES","3: Mother","YES","NO","NO","NO","YES","0: 0  CONDITION DOES NOT APPLY","ALWAYS WITH RIGHT HAND","ALWAYS WITH RIGHT HAND","ALWAYS WITH RIGHT HAND","ALWAYS WITH RIGHT HAND","ALWAYS WITH LEFT HAND","1: 1  CONDITION APPLIES","1: 1  CONDITION APPLIES","NO","FEMALE","FEMALE"
1981,64735,2,1,3,33790,5,183,1,1,3,2,3,1,2,2,2,2,1,4,2,7,1,1,8,15,"Male","Non-Black / Non-Hispanic","North Central (IL, IN, IA, KS, MI, MN, MO, NE, OH, ND, SD, WI)","Bachelor's degree (BA, BS)","In CBSA, not in central city","NO","3: Mother","NO","NO","NO","NO","YES","0: 0  CONDITION DOES NOT APPLY","ALWAYS WITH RIGHT HAND","ALWAYS WITH RIGHT HAND","ALWAYS WITH RIGHT HAND","ALWAYS WITH RIGHT HAND","ALWAYS WITH LEFT HAND","1: 1  CONDITION APPLIES","1: 1  CONDITION APPLIES","NO","MALE","MALE"
1983,64735,1,0,2,53000,5,160,1,1,5,2,3,5,2,2,2,2,1,8,3,7,1,1,30,21,"Male","Non-Black / Non-Hispanic","Northeast (CT, ME, MA, NH, NJ, NY, PA, RI, VT)","Bachelor's degree (BA, BS)","In CBSA, not in central city","NO","3: Mother","YES","NO","YES","NO","YES","0: 0  CONDITION DOES NOT APPLY","ALWAYS WITH RIGHT HAND","ALWAYS WITH RIGHT HAND","ALWAYS WITH RIGHT HAND","ALWAYS WITH RIGHT HAND","ALWAYS WITH LEFT HAND","1: 1  CONDITION APPLIES","1: 1  CONDITION APPLIES","NO","FEMALE","FEMALE"
1983,64735,2,0,1,33790,5,180,1,1,5,3,2,3,2,2,1,2,1,6,3,8,1,1,27,19,"Male","Non-Black / Non-Hispanic","West (AK, AZ, CA, CO, HI, ID, MT, NV, NM, OR, UT, WA, WY)","Bachelor's degree (BA, BS)","In CBSA, not in central city","NO","3: Mother","YES","NO","YES","NO","YES","0: 0  CONDITION DOES NOT APPLY","DON'T DO THIS ACTIVITY","ALWAYS WITH RIGHT HAND","DON'T DO THIS ACTIVITY","ALWAYS WITH RIGHT HAND","ALWAYS WITH LEFT HAND","1: 1  CONDITION APPLIES","0: 0  CONDITION DOES NOT APPLY","NO","FEMALE","MALE"
1983,64735,3,1,2,33790,5,165,1,1,4,4,4,5,2,2,1,2,1,6,2,7,1,1,31,21,"Female","Non-Black / Non-Hispanic","South (AL, AR, DE, DC, FL, GA, KY, LA, MD, MS, NC, OK, SC, TN , TX, VA, WV)","High school diploma (Regular 12 year program)","In CBSA, not in central city","NO","3: Mother","YES","NO","NO","NO","YES","0: 0  CONDITION DOES NOT APPLY","ALWAYS WITH RIGHT HAND","ALWAYS WITH RIGHT HAND","ALWAYS WITH RIGHT HAND","ALWAYS WITH RIGHT HAND","ALWAYS WITH RIGHT HAND","0: 0  CONDITION DOES NOT APPLY","0: 0  CONDITION DOES NOT APPLY","NO","FEMALE","FEMALE"
1983,64735,3,0,3,33790,5,183,1,1,5,2,4,3,2,2,1,2,1,6,2,8,1,1,28,22,"Male","Non-Black / Non-Hispanic","Northeast (CT, ME, MA, NH, NJ, NY, PA, RI, VT)","Bachelor's degree (BA, BS)","In CBSA, not in central city","NO","3: Mother","YES","NO","YES","NO","YES","0: 0  CONDITION DOES NOT APPLY","ALWAYS WITH RIGHT HAND","ALWAYS WITH RIGHT HAND","ALWAYS WITH RIGHT HAND","ALWAYS WITH RIGHT HAND","ALWAYS WITH LEFT HAND","1: 1  CONDITION APPLIES","1: 1  CONDITION APPLIES","NO","FEMALE","MALE"
1983,64735,3,0,1,33790,5,182,2,2,6,5,4,4,2,2,2,2,2,5,4,7,1,1,30,22,"Male","Black","West (AK, AZ, CA, CO, HI, ID, MT, NV, NM, OR, UT, WA, WY)","High school diploma (Regular 12 year program)","In CBSA, not in central city","NO","3: Mother","NO","NO","NO","NO","YES","0: 0  CONDITION DOES NOT APPLY","ALWAYS WITH RIGHT HAND","ALWAYS WITH RIGHT HAND","USUALLY WITH LEFT HAND","ALWAYS WITH RIGHT HAND","ALWAYS WITH LEFT HAND","1: 1  CONDITION APPLIES","1: 1  CONDITION APPLIES","NO","MALE","MALE"
1981,15967,2,1,1,33790,5,185,1,1,8,3,2,7,2,2,1,2,1,7,1,7,1,1,28,23,"Male","Non-Black / Non-Hispanic","North Central (IL, IN, IA, KS, MI, MN, MO, NE, OH, ND, SD, WI)","High school diploma (Regular 12 year program)","In CBSA, in central city","NO","3: Mother","YES","YES","YES","NO","NO","0: 0  CONDITION DOES NOT APPLY","ALWAYS WITH RIGHT HAND","ALWAYS WITH RIGHT HAND","ALWAYS WITH RIGHT HAND","ALWAYS WITH RIGHT HAND","ALWAYS WITH LEFT HAND","1: 1  CONDITION APPLIES","1: 1  CONDITION APPLIES","NO","FEMALE","MALE"
1981,64735,5,0,2,33790,5,181,1,1,3,4,3,3,2,2,1,2,1,6,3,7,1,1,51,43,"Female","Non-Black / Non-Hispanic","South (AL, AR, DE, DC, FL, GA, KY, LA, MD, MS, NC, OK, SC, TN , TX, VA, WV)","GED","In CBSA, not in central city","YES","3: Mother","YES","NO","NO","NO","YES","0: 0  CONDITION DOES NOT APPLY","ALWAYS WITH RIGHT HAND","ALWAYS WITH RIGHT HAND","ALWAYS WITH RIGHT HAND","ALWAYS WITH RIGHT HAND","ALWAYS WITH LEFT HAND","1: 1  CONDITION APPLIES","1: 1  CONDITION APPLIES","NO","FEMALE","MALE"
1981,64735,3,0,3,54000,5,183,1,1,2,3,1,8,2,2,1,2,1,5,1,6,1,1,30,19,"Female","Black","South (AL, AR, DE, DC, FL, GA, KY, LA, MD, MS, NC, OK, SC, TN , TX, VA, WV)","High school diploma (Regular 12 year program)","In CBSA, not in central city","NO","3: Mother","YES","NO","NO","NO","NO","0: 0  CONDITION DOES NOT APPLY","ALWAYS WITH RIGHT HAND","ALWAYS WITH RIGHT HAND","USUALLY WITH BOTH HANDS EQUALLY","ALWAYS WITH RIGHT HAND","ALWAYS WITH LEFT HAND","1: 1  CONDITION APPLIES","1: 1  CONDITION APPLIES","NO","FEMALE","FEMALE"
1982,64735,1,0,1,33790,5,179,1,1,1,3,1,1,1,2,2,2,1,3,4,7,1,1,35,21,"Female","Hispanic","South (AL, AR, DE, DC, FL, GA, KY, LA, MD, MS, NC, OK, SC, TN , TX, VA, WV)","None","In CBSA, not in central city","YES","3: Mother","NO","YES","NO","NO","NO","0: 0  CONDITION DOES NOT APPLY","ALWAYS WITH RIGHT HAND","ALWAYS WITH RIGHT HAND","ALWAYS WITH RIGHT HAND","ALWAYS WITH RIGHT HAND","ALWAYS WITH LEFT HAND","1: 1  CONDITION APPLIES","1: 1  CONDITION APPLIES","NO","FEMALE","FEMALE"
1985,64735,5,0,2,33790,5,181,1,2,2,3,2,5,2,2,2,2,1,6,2,7,1,1,43,56,"Male","Black","North Central (IL, IN, IA, KS, MI, MN, MO, NE, OH, ND, SD, WI)","High school diploma (Regular 12 year program)","In CBSA, not in central city","YES","3: Mother","YES","NO","NO","NO","YES","0: 0  CONDITION DOES NOT APPLY","ALWAYS WITH RIGHT HAND","ALWAYS WITH RIGHT HAND","USUALLY WITH BOTH HANDS EQUALLY","ALWAYS WITH RIGHT HAND","ALWAYS WITH LEFT HAND","1: 1  CONDITION APPLIES","1: 1  CONDITION APPLIES","NO","FEMALE","MALE"
1983,64735,4,0,1,33790,5,182,1,1,3,3,2,4,2,2,2,2,2,4,1,8,1,1,33,22,"Male","Non-Black / Non-Hispanic","Northeast (CT, ME, MA, NH, NJ, NY, PA, RI, VT)","GED","In CBSA, in central city","NO","3: Mother","YES","YES","YES","NO","NO","0: 0  CONDITION DOES NOT APPLY","ALWAYS WITH RIGHT HAND","ALWAYS WITH LEFT HAND","USUALLY WITH BOTH HANDS EQUALLY","ALWAYS WITH LEFT HAND","ALWAYS WITH RIGHT HAND","1: 1  CONDITION APPLIES","1: 1  CONDITION APPLIES","NO","FEMALE","MALE"
1982,64735,4,1,3,33790,5,183,1,1,3,5,1,2,2,2,2,2,1,4,4,7,1,1,31,22,"Female","Black","North Central (IL, IN, IA, KS, MI, MN, MO, NE, OH, ND, SD, WI)","High school diploma (Regular 12 year program)","Not in country","NO","3: Mother","NO","YES","NO","NO","YES","0: 0  CONDITION DOES NOT APPLY","ALWAYS WITH RIGHT HAND","ALWAYS WITH RIGHT HAND","ALWAYS WITH RIGHT HAND","ALWAYS WITH RIGHT HAND","ALWAYS WITH LEFT HAND","1: 1  CONDITION APPLIES","1: 1  CONDITION APPLIES","NO","FEMALE","MALE"
1983,64735,2,1,2,33790,5,186,1,2,2,5,3,4,2,2,1,2,1,6,4,7,1,1,26,19,"Female","Black","Northeast (CT, ME, MA, NH, NJ, NY, PA, RI, VT)","Associate/Junior college (AA)","In CBSA, in central city","NO","3: Mother","YES","NO","NO","NO","YES","0: 0  CONDITION DOES NOT APPLY","ALWAYS WITH RIGHT HAND","ALWAYS WITH RIGHT HAND","ALWAYS WITH RIGHT HAND","ALWAYS WITH RIGHT HAND","ALWAYS WITH LEFT HAND","1: 1  CONDITION APPLIES","1: 1  CONDITION APPLIES","NO","FEMALE","MALE"
1983,64735,5,1,1,33790,5,181,2,1,1,2,6,3,2,2,2,2,1,4,5,7,6,1,28,19,"Male","Non-Black / Non-Hispanic","South (AL, AR, DE, DC, FL, GA, KY, LA, MD, MS, NC, OK, SC, TN , TX, VA, WV)","Associate/Junior college (AA)","In CBSA, in central city","NO","3: Mother","YES","YES","NO","YES","YES","0: 0  CONDITION DOES NOT APPLY","ALWAYS WITH RIGHT HAND","ALWAYS WITH RIGHT HAND","ALWAYS WITH RIGHT HAND","ALWAYS WITH RIGHT HAND","ALWAYS WITH LEFT HAND","1: 1  CONDITION APPLIES","1: 1  CONDITION APPLIES","NO","MALE","FEMALE"
1984,0,2,0,1,33790,5,181,2,1,3,2,2,6,1,2,1,1,1,10,3,6,1,1,30,23,"Male","Non-Black / Non-Hispanic","South (AL, AR, DE, DC, FL, GA, KY, LA, MD, MS, NC, OK, SC, TN , TX, VA, WV)","High school diploma (Regular 12 year program)","In CBSA, in central city","NO","3: Mother","YES","NO","NO","NO","YES","0: 0  CONDITION DOES NOT APPLY","ALWAYS WITH RIGHT HAND","ALWAYS WITH RIGHT HAND","ALWAYS WITH RIGHT HAND","ALWAYS WITH RIGHT HAND","ALWAYS WITH RIGHT HAND","1: 1  CONDITION APPLIES","0: 0  CONDITION DOES NOT APPLY","NO","FEMALE","FEMALE"
1982,64735,4,0,3,33790,5,181,1,1,2,4,2,3,2,1,1,2,1,5,5,7,1,1,28,20,"Female","Non-Black / Non-Hispanic","South (AL, AR, DE, DC, FL, GA, KY, LA, MD, MS, NC, OK, SC, TN , TX, VA, WV)","High school diploma (Regular 12 year program)","In CBSA, in central city","NO","3: Mother","YES","YES","NO","NO","NO","0: 0  CONDITION DOES NOT APPLY","ALWAYS WITH RIGHT HAND","ALWAYS WITH RIGHT HAND","ALWAYS WITH RIGHT HAND","ALWAYS WITH RIGHT HAND","ALWAYS WITH LEFT HAND","1: 1  CONDITION APPLIES","1: 1  CONDITION APPLIES","NO","FEMALE","MALE"
1984,64735,6,1,1,33790,5,183,1,2,1,4,4,3,2,2,1,2,1,2,3,6,1,1,68,25,"Female","Non-Black / Non-Hispanic","West (AK, AZ, CA, CO, HI, ID, MT, NV, NM, OR, UT, WA, WY)","None","In CBSA, not in central city","NO","3: Mother","YES","NO","NO","NO","YES","0: 0  CONDITION DOES NOT APPLY","ALWAYS WITH RIGHT HAND","ALWAYS WITH RIGHT HAND","ALWAYS WITH RIGHT HAND","ALWAYS WITH RIGHT HAND","USUALLY WITH BOTH HANDS EQUALLY","1: 1  CONDITION APPLIES","1: 1  CONDITION APPLIES","NO","FEMALE","MALE"
1983,20750,6,2,1,33790,5,182,1,1,3,4,2,5,2,2,2,2,2,3,2,7,1,1,27,13,"Female","Non-Black / Non-Hispanic","West (AK, AZ, CA, CO, HI, ID, MT, NV, NM, OR, UT, WA, WY)","High school diploma (Regular 12 year program)","In CBSA, in central city","NO","3: Mother","YES","NO","NO","NO","YES","0: 0  CONDITION DOES NOT APPLY","ALWAYS WITH RIGHT HAND","ALWAYS WITH RIGHT HAND","ALWAYS WITH RIGHT HAND","ALWAYS WITH RIGHT HAND","ALWAYS WITH RIGHT HAND","1: 1  CONDITION APPLIES","1: 1  CONDITION APPLIES","NO","FEMALE","FEMALE"
1980,64735,3,1,2,33790,5,180,2,2,4,4,8,4,2,2,2,2,2,6,3,7,1,1,31,23,"Female","Non-Black / Non-Hispanic","West (AK, AZ, CA, CO, HI, ID, MT, NV, NM, OR, UT, WA, WY)","Bachelor's degree (BA, BS)","In CBSA, in central city","NO","3: Mother","YES","NO","NO","NO","YES","0: 0  CONDITION DOES NOT APPLY","ALWAYS WITH RIGHT HAND","ALWAYS WITH RIGHT HAND","ALWAYS WITH RIGHT HAND","ALWAYS WITH RIGHT HAND","ALWAYS WITH LEFT HAND","1: 1  CONDITION APPLIES","1: 1  CONDITION APPLIES","NO","MALE","MALE"
1982,64735,3,0,3,33790,5,183,1,1,4,8,6,3,2,2,2,2,1,6,1,8,1,1,30,25,"Male","Non-Black / Non-Hispanic","South (AL, AR, DE, DC, FL, GA, KY, LA, MD, MS, NC, OK, SC, TN , TX, VA, WV)","Professional degree (DDS, JD, MD)","In CBSA, not in central city","NO","3: Mother","NO","NO","NO","NO","YES","0: 0  CONDITION DOES NOT APPLY","ALWAYS WITH RIGHT HAND","ALWAYS WITH RIGHT HAND","ALWAYS WITH RIGHT HAND","ALWAYS WITH RIGHT HAND","ALWAYS WITH LEFT HAND","1: 1  CONDITION APPLIES","1: 1  CONDITION APPLIES","NO","FEMALE","MALE"
1982,64735,4,1,1,33790,5,183,1,2,2,1,1,3,2,2,1,1,1,4,2,6,1,1,32,21,"Female","Hispanic","West (AK, AZ, CA, CO, HI, ID, MT, NV, NM, OR, UT, WA, WY)","Bachelor's degree (BA, BS)","In CBSA, not in central city","NO","3: Mother","NO","NO","NO","NO","YES","0: 0  CONDITION DOES NOT APPLY","ALWAYS WITH RIGHT HAND","ALWAYS WITH RIGHT HAND","ALWAYS WITH RIGHT HAND","ALWAYS WITH RIGHT HAND","ALWAYS WITH LEFT HAND","1: 1  CONDITION APPLIES","1: 1  CONDITION APPLIES","YES","MALE","FEMALE"
1982,55005,2,0,1,55000,5,182,1,1,3,5,5,4,2,2,1,2,2,6,3,7,1,1,27,22,"Male","Hispanic","Northeast (CT, ME, MA, NH, NJ, NY, PA, RI, VT)","High school diploma (Regular 12 year program)","In CBSA, not in central city","NO","3: Mother","YES","NO","NO","NO","NO","0: 0  CONDITION DOES NOT APPLY","ALWAYS WITH RIGHT HAND","ALWAYS WITH RIGHT HAND","ALWAYS WITH RIGHT HAND","ALWAYS WITH RIGHT HAND","DON'T DO THIS ACTIVITY","1: 1  CONDITION APPLIES","1: 1  CONDITION APPLIES","YES","MALE","MALE"
1982,64735,5,0,5,33790,5,181,1,3,2,4,5,4,1,2,2,2,1,3,7,8,1,1,28,14,"Male","Hispanic","West (AK, AZ, CA, CO, HI, ID, MT, NV, NM, OR, UT, WA, WY)","Master's degree (MA, MS)","In CBSA, not in central city","NO","3: Mother","YES","NO","NO","NO","YES","0: 0  CONDITION DOES NOT APPLY","ALWAYS WITH RIGHT HAND","ALWAYS WITH RIGHT HAND","ALWAYS WITH RIGHT HAND","USUALLY WITH BOTH HANDS EQUALLY","ALWAYS WITH LEFT HAND","1: 1  CONDITION APPLIES","1: 1  CONDITION APPLIES","NO","FEMALE","FEMALE"
1983,64735,4,1,1,33790,5,183,1,1,1,8,3,3,2,2,1,2,2,4,2,5,1,1,29,19,"Male","Black","Northeast (CT, ME, MA, NH, NJ, NY, PA, RI, VT)","High school diploma (Regular 12 year program)","In CBSA, in central city","NO","3: Mother","NO","NO","NO","NO","NO","0: 0  CONDITION DOES NOT APPLY","ALWAYS WITH RIGHT HAND","ALWAYS WITH RIGHT HAND","ALWAYS WITH RIGHT HAND","ALWAYS WITH RIGHT HAND","USUALLY WITH BOTH HANDS EQUALLY","1: 1  CONDITION APPLIES","1: 1  CONDITION APPLIES","YES","FEMALE","FEMALE"
1982,0,2,0,3,33790,5,181,1,2,4,3,3,6,1,2,1,2,1,3,4,7,1,1,28,17,"Male","Non-Black / Non-Hispanic","West (AK, AZ, CA, CO, HI, ID, MT, NV, NM, OR, UT, WA, WY)","Bachelor's degree (BA, BS)","In CBSA, not in central city","NO","3: Mother","YES","YES","NO","NO","NO","0: 0  CONDITION DOES NOT APPLY","ALWAYS WITH RIGHT HAND","ALWAYS WITH RIGHT HAND","ALWAYS WITH RIGHT HAND","ALWAYS WITH RIGHT HAND","ALWAYS WITH LEFT HAND","1: 1  CONDITION APPLIES","0: 0  CONDITION DOES NOT APPLY","NO","FEMALE","MALE"
1982,64735,3,1,1,33790,5,183,2,2,2,4,2,4,2,2,2,2,1,7,4,6,1,1,25,2,"Female","Black","South (AL, AR, DE, DC, FL, GA, KY, LA, MD, MS, NC, OK, SC, TN , TX, VA, WV)","GED","In CBSA, not in central city","NO","3: Mother","YES","NO","NO","NO","YES","0: 0  CONDITION DOES NOT APPLY","ALWAYS WITH RIGHT HAND","ALWAYS WITH RIGHT HAND","ALWAYS WITH RIGHT HAND","ALWAYS WITH RIGHT HAND","ALWAYS WITH LEFT HAND","1: 1  CONDITION APPLIES","0: 0  CONDITION DOES NOT APPLY","NO","MALE","MALE"
1983,64735,3,1,1,33790,5,180,1,1,3,3,4,3,1,2,1,2,1,1,3,8,1,1,28,20,"Male","Non-Black / Non-Hispanic","Northeast (CT, ME, MA, NH, NJ, NY, PA, RI, VT)","High school diploma (Regular 12 year program)","In CBSA, not in central city","NO","3: Mother","NO","NO","NO","NO","NO","0: 0  CONDITION DOES NOT APPLY","ALWAYS WITH RIGHT HAND","ALWAYS WITH RIGHT HAND","ALWAYS WITH RIGHT HAND","ALWAYS WITH RIGHT HAND","ALWAYS WITH LEFT HAND","1: 1  CONDITION APPLIES","0: 0  CONDITION DOES NOT APPLY","NO","FEMALE","FEMALE"
1983,64735,4,0,2,45000,5,183,1,1,3,2,2,2,2,2,2,2,2,4,2,6,1,3,35,29,"Female","Non-Black / Non-Hispanic","Northeast (CT, ME, MA, NH, NJ, NY, PA, RI, VT)","High school diploma (Regular 12 year program)","In CBSA, not in central city","YES","3: Mother","NO","NO","NO","NO","NO","0: 0  CONDITION DOES NOT APPLY","ALWAYS WITH RIGHT HAND","ALWAYS WITH RIGHT HAND","ALWAYS WITH RIGHT HAND","ALWAYS WITH RIGHT HAND","ALWAYS WITH LEFT HAND","1: 1  CONDITION APPLIES","1: 1  CONDITION APPLIES","NO","FEMALE","FEMALE"
1980,64735,7,3,1,33790,5,179,1,2,2,5,5,2,2,2,2,1,1,6,3,6,1,1,29,13,"Male","Hispanic","Northeast (CT, ME, MA, NH, NJ, NY, PA, RI, VT)","High school diploma (Regular 12 year program)","In CBSA, not in central city","NO","3: Mother","YES","NO","NO","NO","YES","0: 0  CONDITION DOES NOT APPLY","ALWAYS WITH RIGHT HAND","ALWAYS WITH RIGHT HAND","ALWAYS WITH RIGHT HAND","ALWAYS WITH RIGHT HAND","ALWAYS WITH LEFT HAND","1: 1  CONDITION APPLIES","1: 1  CONDITION APPLIES","NO","FEMALE","FEMALE"
1985,64735,4,0,1,33790,5,181,1,1,4,5,5,2,2,2,1,1,1,6,2,6,1,3,58,27,"Male","Non-Black / Non-Hispanic","West (AK, AZ, CA, CO, HI, ID, MT, NV, NM, OR, UT, WA, WY)","High school diploma (Regular 12 year program)","In CBSA, not in central city","NO","3: Mother","NO","NO","NO","NO","YES","0: 0  CONDITION DOES NOT APPLY","ALWAYS WITH RIGHT HAND","ALWAYS WITH RIGHT HAND","ALWAYS WITH RIGHT HAND","ALWAYS WITH RIGHT HAND","ALWAYS WITH LEFT HAND","1: 1  CONDITION APPLIES","1: 1  CONDITION APPLIES","NO","FEMALE","MALE"
1984,64735,2,1,2,33790,6,285,3,1,5,4,1,3,2,2,1,2,2,5,6,6,1,1,25,20,"Male","Non-Black / Non-Hispanic","South (AL, AR, DE, DC, FL, GA, KY, LA, MD, MS, NC, OK, SC, TN , TX, VA, WV)","High school diploma (Regular 12 year program)","In CBSA, not in central city","YES","3: Mother","YES","NO","NO","YES","YES","0: 0  CONDITION DOES NOT APPLY","ALWAYS WITH RIGHT HAND","ALWAYS WITH RIGHT HAND","ALWAYS WITH RIGHT HAND","ALWAYS WITH RIGHT HAND","ALWAYS WITH LEFT HAND","1: 1  CONDITION APPLIES","1: 1  CONDITION APPLIES","YES","MALE","FEMALE"
1981,64735,4,1,2,33790,6,182,1,1,5,4,2,3,1,2,2,1,1,2,4,6,1,1,27,19,"Male","Non-Black / Non-Hispanic","South (AL, AR, DE, DC, FL, GA, KY, LA, MD, MS, NC, OK, SC, TN , TX, VA, WV)","High school diploma (Regular 12 year program)","In CBSA, not in central city","NO","3: Mother","YES","NO","YES","NO","YES","0: 0  CONDITION DOES NOT APPLY","ALWAYS WITH RIGHT HAND","ALWAYS WITH RIGHT HAND","ALWAYS WITH RIGHT HAND","ALWAYS WITH RIGHT HAND","ALWAYS WITH LEFT HAND","1: 1  CONDITION APPLIES","1: 1  CONDITION APPLIES","NO","FEMALE","MALE"
1983,64735,3,0,1,33790,5,182,2,2,3,1,4,2,2,2,1,1,1,5,2,7,1,1,32,20,"Female","Non-Black / Non-Hispanic","North Central (IL, IN, IA, KS, MI, MN, MO, NE, OH, ND, SD, WI)","GED","In CBSA, not in central city","YES","3: Mother","NO","YES","NO","NO","YES","0: 0  CONDITION DOES NOT APPLY","ALWAYS WITH RIGHT HAND","ALWAYS WITH RIGHT HAND","ALWAYS WITH RIGHT HAND","ALWAYS WITH RIGHT HAND","ALWAYS WITH LEFT HAND","1: 1  CONDITION APPLIES","1: 1  CONDITION APPLIES","NO","FEMALE","MALE"
1982,64735,2,0,2,33790,5,183,1,1,5,3,2,4,2,2,1,2,2,6,1,6,1,3,31,22,"Male","Non-Black / Non-Hispanic","North Central (IL, IN, IA, KS, MI, MN, MO, NE, OH, ND, SD, WI)","High school diploma (Regular 12 year program)","In CBSA, in central city","NO","3: Mother","YES","NO","NO","NO","YES","0: 0  CONDITION DOES NOT APPLY","ALWAYS WITH RIGHT HAND","ALWAYS WITH RIGHT HAND","ALWAYS WITH RIGHT HAND","ALWAYS WITH RIGHT HAND","ALWAYS WITH LEFT HAND","1: 1  CONDITION APPLIES","1: 1  CONDITION APPLIES","NO","MALE","FEMALE"
1981,64735,4,0,2,33790,5,125,1,2,3,3,3,3,2,2,2,2,2,6,1,6,1,1,28,3,"Female","Hispanic","Northeast (CT, ME, MA, NH, NJ, NY, PA, RI, VT)","High school diploma (Regular 12 year program)","In CBSA, not in central city","NO","3: Mother","YES","NO","NO","NO","YES","0: 0  CONDITION DOES NOT APPLY","ALWAYS WITH RIGHT HAND","ALWAYS WITH RIGHT HAND","ALWAYS WITH RIGHT HAND","ALWAYS WITH RIGHT HAND","ALWAYS WITH LEFT HAND","1: 1  CONDITION APPLIES","0: 0  CONDITION DOES NOT APPLY","YES","MALE","FEMALE"
1980,64735,2,0,1,33790,5,200,1,2,3,2,3,4,2,1,1,2,1,3,1,7,1,1,33,22,"Female","Non-Black / Non-Hispanic","West (AK, AZ, CA, CO, HI, ID, MT, NV, NM, OR, UT, WA, WY)","High school diploma (Regular 12 year program)","In CBSA, not in central city","YES","3: Mother","NO","NO","NO","NO","YES","0: 0  CONDITION DOES NOT APPLY","ALWAYS WITH RIGHT HAND","ALWAYS WITH RIGHT HAND","ALWAYS WITH RIGHT HAND","ALWAYS WITH RIGHT HAND","ALWAYS WITH LEFT HAND","1: 1  CONDITION APPLIES","0: 0  CONDITION DOES NOT APPLY","NO","FEMALE","FEMALE"
1982,64735,4,0,1,33790,5,182,1,1,2,2,2,4,2,2,2,2,1,6,2,7,1,1,30,21,"Female","Non-Black / Non-Hispanic","South (AL, AR, DE, DC, FL, GA, KY, LA, MD, MS, NC, OK, SC, TN , TX, VA, WV)","High school diploma (Regular 12 year program)","In CBSA, not in central city","NO","3: Mother","NO","NO","NO","NO","YES","0: 0  CONDITION DOES NOT APPLY","ALWAYS WITH RIGHT HAND","ALWAYS WITH RIGHT HAND","ALWAYS WITH RIGHT HAND","ALWAYS WITH RIGHT HAND","ALWAYS WITH LEFT HAND","1: 1  CONDITION APPLIES","1: 1  CONDITION APPLIES","NO","FEMALE","MALE"
1982,64735,3,1,2,33790,5,181,1,1,4,5,5,5,2,2,1,2,1,7,2,8,1,1,29,23,"Female","Non-Black / Non-Hispanic","Northeast (CT, ME, MA, NH, NJ, NY, PA, RI, VT)","High school diploma (Regular 12 year program)","In CBSA, not in central city","NO","3: Mother","NO","NO","NO","NO","YES","0: 0  CONDITION DOES NOT APPLY","ALWAYS WITH RIGHT HAND","ALWAYS WITH RIGHT HAND","ALWAYS WITH RIGHT HAND","ALWAYS WITH RIGHT HAND","ALWAYS WITH LEFT HAND","1: 1  CONDITION APPLIES","1: 1  CONDITION APPLIES","NO","MALE","MALE"
1981,64735,4,1,2,33790,5,183,1,1,1,4,1,2,2,1,1,2,1,5,2,8,1,1,28,20,"Female","Hispanic","North Central (IL, IN, IA, KS, MI, MN, MO, NE, OH, ND, SD, WI)","Associate/Junior college (AA)","In CBSA, not in central city","NO","3: Mother","NO","YES","NO","NO","YES","0: 0  CONDITION DOES NOT APPLY","ALWAYS WITH RIGHT HAND","ALWAYS WITH RIGHT HAND","ALWAYS WITH RIGHT HAND","USUALLY WITH RIGHT HAND","ALWAYS WITH LEFT HAND","1: 1  CONDITION APPLIES","1: 1  CONDITION APPLIES","NO","FEMALE","MALE"
1982,64735,3,1,2,30000,5,181,1,2,5,4,5,3,1,2,1,2,1,4,2,7,1,1,27,20,"Female","Hispanic","South (AL, AR, DE, DC, FL, GA, KY, LA, MD, MS, NC, OK, SC, TN , TX, VA, WV)","Bachelor's degree (BA, BS)","In CBSA, not in central city","NO","3: Mother","YES","NO","NO","NO","YES","0: 0  CONDITION DOES NOT APPLY","ALWAYS WITH RIGHT HAND","ALWAYS WITH RIGHT HAND","ALWAYS WITH RIGHT HAND","ALWAYS WITH RIGHT HAND","ALWAYS WITH LEFT HAND","1: 1  CONDITION APPLIES","1: 1  CONDITION APPLIES","NO","MALE","MALE"
1984,64735,4,0,1,33790,4,140,1,1,3,4,5,4,2,2,2,1,1,6,5,7,2,1,31,19,"Female","Non-Black / Non-Hispanic","South (AL, AR, DE, DC, FL, GA, KY, LA, MD, MS, NC, OK, SC, TN , TX, VA, WV)","Bachelor's degree (BA, BS)","In CBSA, not in central city","NO","3: Mother","YES","YES","NO","NO","YES","0: 0  CONDITION DOES NOT APPLY","ALWAYS WITH RIGHT HAND","USUALLY WITH RIGHT HAND","ALWAYS WITH RIGHT HAND","ALWAYS WITH RIGHT HAND","DON'T DO THIS ACTIVITY","1: 1  CONDITION APPLIES","1: 1  CONDITION APPLIES","NO","MALE","FEMALE"
1980,64735,3,1,2,40000,5,182,1,1,1,3,2,4,2,2,2,2,1,5,3,8,1,1,30,25,"Female","Hispanic","South (AL, AR, DE, DC, FL, GA, KY, LA, MD, MS, NC, OK, SC, TN , TX, VA, WV)","Bachelor's degree (BA, BS)","In CBSA, in central city","YES","3: Mother","NO","NO","NO","NO","YES","0: 0  CONDITION DOES NOT APPLY","ALWAYS WITH RIGHT HAND","ALWAYS WITH RIGHT HAND","ALWAYS WITH RIGHT HAND","ALWAYS WITH RIGHT HAND","ALWAYS WITH LEFT HAND","1: 1  CONDITION APPLIES","1: 1  CONDITION APPLIES","NO","MALE","MALE"
1982,64735,3,1,1,33790,5,184,1,2,3,4,4,4,2,2,2,2,2,6,2,7,1,1,32,22,"Female","Non-Black / Non-Hispanic","Northeast (CT, ME, MA, NH, NJ, NY, PA, RI, VT)","High school diploma (Regular 12 year program)","In CBSA, not in central city","NO","3: Mother","YES","YES","NO","NO","YES","0: 0  CONDITION DOES NOT APPLY","ALWAYS WITH LEFT HAND","USUALLY WITH BOTH HANDS EQUALLY","ALWAYS WITH LEFT HAND","ALWAYS WITH LEFT HAND","ALWAYS WITH RIGHT HAND","1: 1  CONDITION APPLIES","1: 1  CONDITION APPLIES","NO","FEMALE","MALE"
1983,64735,3,1,3,33790,5,200,1,1,2,3,5,4,2,2,2,2,2,3,2,6,1,1,26,2,"Male","Hispanic","South (AL, AR, DE, DC, FL, GA, KY, LA, MD, MS, NC, OK, SC, TN , TX, VA, WV)","Bachelor's degree (BA, BS)","In CBSA, not in central city","NO","3: Mother","NO","NO","NO","NO","YES","0: 0  CONDITION DOES NOT APPLY","ALWAYS WITH RIGHT HAND","ALWAYS WITH LEFT HAND","ALWAYS WITH RIGHT HAND","ALWAYS WITH RIGHT HAND","DON'T DO THIS ACTIVITY","1: 1  CONDITION APPLIES","1: 1  CONDITION APPLIES","NO","FEMALE","FEMALE"
1982,64735,2,0,2,10000,6,183,1,1,4,3,5,4,2,2,1,2,1,4,2,7,1,5,29,22,"Male","Non-Black / Non-Hispanic","Northeast (CT, ME, MA, NH, NJ, NY, PA, RI, VT)","GED","In CBSA, in central city","NO","3: Mother","YES","NO","YES","NO","NO","0: 0  CONDITION DOES NOT APPLY","ALWAYS WITH LEFT HAND","ALWAYS WITH RIGHT HAND","ALWAYS WITH RIGHT HAND","ALWAYS WITH RIGHT HAND","ALWAYS WITH LEFT HAND","1: 1  CONDITION APPLIES","1: 1  CONDITION APPLIES","NO","FEMALE","FEMALE"
1982,64735,4,0,3,28000,5,176,1,2,3,3,3,5,1,1,1,2,1,5,4,6,1,1,28,19,"Male","Non-Black / Non-Hispanic","North Central (IL, IN, IA, KS, MI, MN, MO, NE, OH, ND, SD, WI)","High school diploma (Regular 12 year program)","In CBSA, not in central city","NO","3: Mother","NO","YES","NO","NO","YES","0: 0  CONDITION DOES NOT APPLY","ALWAYS WITH RIGHT HAND","ALWAYS WITH RIGHT HAND","ALWAYS WITH RIGHT HAND","ALWAYS WITH RIGHT HAND","ALWAYS WITH LEFT HAND","1: 1  CONDITION APPLIES","1: 1  CONDITION APPLIES","NO","FEMALE","MALE"
1981,64735,4,0,3,33790,5,179,2,1,3,5,4,8,1,2,1,2,1,6,3,5,1,1,32,21,"Female","Non-Black / Non-Hispanic","South (AL, AR, DE, DC, FL, GA, KY, LA, MD, MS, NC, OK, SC, TN , TX, VA, WV)","High school diploma (Regular 12 year program)","In CBSA, not in central city","NO","3: Mother","YES","YES","NO","NO","YES","0: 0  CONDITION DOES NOT APPLY","ALWAYS WITH RIGHT HAND","ALWAYS WITH RIGHT HAND","ALWAYS WITH RIGHT HAND","ALWAYS WITH RIGHT HAND","ALWAYS WITH LEFT HAND","1: 1  CONDITION APPLIES","1: 1  CONDITION APPLIES","NO","FEMALE","FEMALE"
1984,64735,5,1,2,33790,5,183,1,2,1,3,1,2,2,2,1,2,1,7,2,7,1,1,31,20,"Female","Hispanic","West (AK, AZ, CA, CO, HI, ID, MT, NV, NM, OR, UT, WA, WY)","High school diploma (Regular 12 year program)","In CBSA, not in central city","NO","3: Mother","NO","YES","NO","NO","NO","0: 0  CONDITION DOES NOT APPLY","ALWAYS WITH RIGHT HAND","ALWAYS WITH RIGHT HAND","ALWAYS WITH RIGHT HAND","ALWAYS WITH RIGHT HAND","ALWAYS WITH LEFT HAND","1: 1  CONDITION APPLIES","1: 1  CONDITION APPLIES","NO","FEMALE","MALE"
1981,64735,4,0,1,33790,6,183,1,2,3,3,2,3,2,2,1,1,1,6,4,7,1,1,29,20,"Female","Black","South (AL, AR, DE, DC, FL, GA, KY, LA, MD, MS, NC, OK, SC, TN , TX, VA, WV)","High school diploma (Regular 12 year program)","In CBSA, not in central city","NO","3: Mother","YES","YES","NO","NO","YES","0: 0  CONDITION DOES NOT APPLY","DON'T DO THIS ACTIVITY","ALWAYS WITH RIGHT HAND","ALWAYS WITH RIGHT HAND","ALWAYS WITH RIGHT HAND","ALWAYS WITH LEFT HAND","1: 1  CONDITION APPLIES","1: 1  CONDITION APPLIES","NO","MALE","MALE"
1983,37000,4,1,1,33790,5,183,1,1,2,2,4,5,2,2,1,1,2,5,2,6,1,1,26,19,"Female","Black","South (AL, AR, DE, DC, FL, GA, KY, LA, MD, MS, NC, OK, SC, TN , TX, VA, WV)","High school diploma (Regular 12 year program)","In CBSA, not in central city","NO","3: Mother","YES","YES","NO","NO","YES","0: 0  CONDITION DOES NOT APPLY","ALWAYS WITH RIGHT HAND","ALWAYS WITH RIGHT HAND","ALWAYS WITH RIGHT HAND","ALWAYS WITH RIGHT HAND","ALWAYS WITH RIGHT HAND","0: 0  CONDITION DOES NOT APPLY","1: 1  CONDITION APPLIES","NO","FEMALE","FEMALE"
1982,64735,2,0,1,33790,5,182,1,1,2,4,3,4,2,2,1,2,1,7,2,7,1,1,35,26,"Female","Non-Black / Non-Hispanic","North Central (IL, IN, IA, KS, MI, MN, MO, NE, OH, ND, SD, WI)","High school diploma (Regular 12 year program)","In CBSA, not in central city","NO","3: Mother","NO","NO","NO","NO","YES","1: 1  CONDITION APPLIES","ALWAYS WITH LEFT HAND","ALWAYS WITH RIGHT HAND","ALWAYS WITH RIGHT HAND","ALWAYS WITH RIGHT HAND","ALWAYS WITH RIGHT HAND","0: 0  CONDITION DOES NOT APPLY","1: 1  CONDITION APPLIES","NO","MALE","MALE"
1980,64735,2,1,2,33790,5,183,2,1,4,2,3,4,2,2,1,2,1,6,2,7,1,1,30,22,"Female","Black","Northeast (CT, ME, MA, NH, NJ, NY, PA, RI, VT)","High school diploma (Regular 12 year program)","In CBSA, not in central city","NO","3: Mother","YES","NO","YES","NO","YES","0: 0  CONDITION DOES NOT APPLY","ALWAYS WITH RIGHT HAND","ALWAYS WITH RIGHT HAND","ALWAYS WITH RIGHT HAND","ALWAYS WITH RIGHT HAND","ALWAYS WITH LEFT HAND","0: 0  CONDITION DOES NOT APPLY","1: 1  CONDITION APPLIES","YES","FEMALE","MALE"
1984,64735,3,0,6,33790,5,135,1,1,4,3,4,6,2,2,2,1,2,2,1,7,1,1,32,17,"Female","Hispanic","Northeast (CT, ME, MA, NH, NJ, NY, PA, RI, VT)","Bachelor's degree (BA, BS)","In CBSA, in central city","NO","3: Mother","YES","YES","YES","NO","YES","0: 0  CONDITION DOES NOT APPLY","ALWAYS WITH RIGHT HAND","ALWAYS WITH RIGHT HAND","ALWAYS WITH RIGHT HAND","ALWAYS WITH RIGHT HAND","ALWAYS WITH RIGHT HAND","0: 0  CONDITION DOES NOT APPLY","1: 1  CONDITION APPLIES","NO","MALE","MALE"
1980,64735,4,0,1,33790,5,180,1,1,5,1,3,1,2,1,2,2,2,6,2,6,1,1,32,21,"Male","Non-Black / Non-Hispanic","North Central (IL, IN, IA, KS, MI, MN, MO, NE, OH, ND, SD, WI)","Associate/Junior college (AA)","In CBSA, not in central city","NO","3: Mother","NO","YES","NO","NO","YES","0: 0  CONDITION DOES NOT APPLY","ALWAYS WITH RIGHT HAND","ALWAYS WITH RIGHT HAND","ALWAYS WITH LEFT HAND","ALWAYS WITH LEFT HAND","DON'T DO THIS ACTIVITY","1: 1  CONDITION APPLIES","1: 1  CONDITION APPLIES","YES","MALE","MALE"
1983,64735,3,0,2,33790,5,180,1,1,4,4,3,5,2,2,2,2,1,6,3,6,1,1,31,23,"Male","Non-Black / Non-Hispanic","Northeast (CT, ME, MA, NH, NJ, NY, PA, RI, VT)","Bachelor's degree (BA, BS)","In CBSA, not in central city","NO","3: Mother","YES","NO","NO","NO","YES","0: 0  CONDITION DOES NOT APPLY","ALWAYS WITH RIGHT HAND","USUALLY WITH RIGHT HAND","ALWAYS WITH RIGHT HAND","ALWAYS WITH RIGHT HAND","ALWAYS WITH LEFT HAND","0: 0  CONDITION DOES NOT APPLY","1: 1  CONDITION APPLIES","YES","FEMALE","MALE"
1986,64735,3,0,3,33790,5,181,1,1,2,4,4,4,2,2,1,1,1,1,3,7,1,1,29,20,"Female","Black","South (AL, AR, DE, DC, FL, GA, KY, LA, MD, MS, NC, OK, SC, TN , TX, VA, WV)","GED","In CBSA, not in central city","NO","3: Mother","NO","YES","NO","NO","NO","0: 0  CONDITION DOES NOT APPLY","ALWAYS WITH RIGHT HAND","ALWAYS WITH RIGHT HAND","ALWAYS WITH RIGHT HAND","ALWAYS WITH RIGHT HAND","ALWAYS WITH LEFT HAND","1: 1  CONDITION APPLIES","1: 1  CONDITION APPLIES","NO","FEMALE","MALE"
1983,64735,2,1,1,33790,5,180,1,1,3,3,1,4,2,2,1,2,2,6,2,7,1,1,32,22,"Female","Non-Black / Non-Hispanic","Northeast (CT, ME, MA, NH, NJ, NY, PA, RI, VT)","Bachelor's degree (BA, BS)","In CBSA, not in central city","NO","3: Mother","NO","NO","NO","NO","YES","0: 0  CONDITION DOES NOT APPLY","ALWAYS WITH RIGHT HAND","ALWAYS WITH RIGHT HAND","ALWAYS WITH RIGHT HAND","ALWAYS WITH RIGHT HAND","ALWAYS WITH LEFT HAND","1: 1  CONDITION APPLIES","1: 1  CONDITION APPLIES","NO","MALE","MALE"
1981,64735,4,0,1,33790,5,180,1,1,3,3,4,4,2,2,2,2,1,6,2,6,1,1,35,20,"Female","Non-Black / Non-Hispanic","South (AL, AR, DE, DC, FL, GA, KY, LA, MD, MS, NC, OK, SC, TN , TX, VA, WV)","High school diploma (Regular 12 year program)","In CBSA, not in central city","NO","3: Mother","YES","NO","YES","NO","YES","0: 0  CONDITION DOES NOT APPLY","ALWAYS WITH RIGHT HAND","ALWAYS WITH RIGHT HAND","ALWAYS WITH RIGHT HAND","ALWAYS WITH RIGHT HAND","ALWAYS WITH LEFT HAND","1: 1  CONDITION APPLIES","1: 1  CONDITION APPLIES","NO","MALE","FEMALE"
1980,20000,3,0,2,33790,5,180,1,1,1,6,4,4,2,2,2,2,1,6,3,6,1,2,33,22,"Female","Non-Black / Non-Hispanic","South (AL, AR, DE, DC, FL, GA, KY, LA, MD, MS, NC, OK, SC, TN , TX, VA, WV)","Associate/Junior college (AA)","In CBSA, not in central city","NO","3: Mother","YES","NO","NO","NO","YES","0: 0  CONDITION DOES NOT APPLY","USUALLY WITH RIGHT HAND","USUALLY WITH RIGHT HAND","USUALLY WITH RIGHT HAND","USUALLY WITH RIGHT HAND","ALWAYS WITH LEFT HAND","0: 0  CONDITION DOES NOT APPLY","0: 0  CONDITION DOES NOT APPLY","NO","MALE","MALE"
1985,64735,5,0,1,33790,5,182,1,1,2,4,2,4,2,2,1,2,1,6,3,8,1,1,56,63,"Male","Non-Black / Non-Hispanic","Northeast (CT, ME, MA, NH, NJ, NY, PA, RI, VT)","High school diploma (Regular 12 year program)","In CBSA, not in central city","YES","3: Mother","YES","NO","NO","NO","YES","0: 0  CONDITION DOES NOT APPLY","ALWAYS WITH RIGHT HAND","ALWAYS WITH RIGHT HAND","ALWAYS WITH RIGHT HAND","ALWAYS WITH RIGHT HAND","ALWAYS WITH LEFT HAND","1: 1  CONDITION APPLIES","1: 1  CONDITION APPLIES","NO","FEMALE","MALE"
1980,64735,4,0,1,33790,5,183,1,2,2,10,3,4,2,2,1,2,1,6,2,5,1,1,30,18,"Female","Non-Black / Non-Hispanic","West (AK, AZ, CA, CO, HI, ID, MT, NV, NM, OR, UT, WA, WY)","None","In CBSA, not in central city","NO","3: Mother","YES","NO","NO","NO","YES","0: 0  CONDITION DOES NOT APPLY","ALWAYS WITH RIGHT HAND","ALWAYS WITH RIGHT HAND","ALWAYS WITH RIGHT HAND","ALWAYS WITH RIGHT HAND","ALWAYS WITH LEFT HAND","0: 0  CONDITION DOES NOT APPLY","1: 1  CONDITION APPLIES","YES","MALE","MALE"
1980,64735,3,0,1,33790,5,182,1,2,3,2,1,2,2,2,2,2,2,5,4,6,1,1,31,21,"Female","Hispanic","South (AL, AR, DE, DC, FL, GA, KY, LA, MD, MS, NC, OK, SC, TN , TX, VA, WV)","Bachelor's degree (BA, BS)","In CBSA, in central city","NO","3: Mother","YES","YES","YES","NO","YES","0: 0  CONDITION DOES NOT APPLY","ALWAYS WITH RIGHT HAND","ALWAYS WITH RIGHT HAND","ALWAYS WITH RIGHT HAND","ALWAYS WITH RIGHT HAND","USUALLY WITH LEFT HAND","1: 1  CONDITION APPLIES","1: 1  CONDITION APPLIES","NO","FEMALE","MALE"
1983,100000,3,0,1,33790,5,127,1,2,2,2,3,2,2,2,2,1,1,5,3,7,1,1,34,23,"Female","Non-Black / Non-Hispanic","West (AK, AZ, CA, CO, HI, ID, MT, NV, NM, OR, UT, WA, WY)","High school diploma (Regular 12 year program)","In CBSA, not in central city","NO","3: Mother","YES","NO","NO","NO","YES","0: 0  CONDITION DOES NOT APPLY","ALWAYS WITH RIGHT HAND","ALWAYS WITH RIGHT HAND","ALWAYS WITH RIGHT HAND","ALWAYS WITH RIGHT HAND","ALWAYS WITH LEFT HAND","1: 1  CONDITION APPLIES","1: 1  CONDITION APPLIES","NO","FEMALE","FEMALE"
1983,64735,3,0,1,38000,5,155,1,2,3,4,4,4,2,2,1,2,1,6,5,8,1,1,26,19,"Female","Non-Black / Non-Hispanic","South (AL, AR, DE, DC, FL, GA, KY, LA, MD, MS, NC, OK, SC, TN , TX, VA, WV)","High school diploma (Regular 12 year program)","In CBSA, not in central city","NO","3: Mother","NO","NO","NO","NO","YES","0: 0  CONDITION DOES NOT APPLY","ALWAYS WITH RIGHT HAND","ALWAYS WITH RIGHT HAND","ALWAYS WITH RIGHT HAND","ALWAYS WITH RIGHT HAND","ALWAYS WITH LEFT HAND","1: 1  CONDITION APPLIES","1: 1  CONDITION APPLIES","NO","MALE","MALE"
1980,64735,3,0,4,33790,6,290,2,1,2,5,2,3,2,2,2,2,1,6,2,5,1,1,34,21,"Male","Black","Northeast (CT, ME, MA, NH, NJ, NY, PA, RI, VT)","High school diploma (Regular 12 year program)","In CBSA, not in central city","NO","3: Mother","YES","NO","NO","NO","YES","0: 0  CONDITION DOES NOT APPLY","ALWAYS WITH RIGHT HAND","ALWAYS WITH RIGHT HAND","ALWAYS WITH RIGHT HAND","ALWAYS WITH RIGHT HAND","ALWAYS WITH RIGHT HAND","1: 1  CONDITION APPLIES","1: 1  CONDITION APPLIES","NO","FEMALE","FEMALE"
1982,64735,3,0,5,33790,5,180,1,2,4,3,4,4,2,2,2,2,1,6,4,7,1,1,28,18,"Male","Black","South (AL, AR, DE, DC, FL, GA, KY, LA, MD, MS, NC, OK, SC, TN , TX, VA, WV)","Bachelor's degree (BA, BS)","In CBSA, not in central city","NO","3: Mother","YES","NO","NO","NO","NO","0: 0  CONDITION DOES NOT APPLY","ALWAYS WITH RIGHT HAND","ALWAYS WITH RIGHT HAND","ALWAYS WITH RIGHT HAND","ALWAYS WITH RIGHT HAND","ALWAYS WITH RIGHT HAND","1: 1  CONDITION APPLIES","0: 0  CONDITION DOES NOT APPLY","NO","MALE","FEMALE"
1982,106000,3,0,4,26000,5,183,1,3,5,5,2,2,2,2,2,2,2,3,3,7,1,1,34,22,"Male","Mixed Race (Non-Hispanic)","South (AL, AR, DE, DC, FL, GA, KY, LA, MD, MS, NC, OK, SC, TN , TX, VA, WV)","High school diploma (Regular 12 year program)","In CBSA, not in central city","YES","3: Mother","YES","NO","NO","NO","NO","0: 0  CONDITION DOES NOT APPLY","ALWAYS WITH RIGHT HAND","ALWAYS WITH RIGHT HAND","ALWAYS WITH RIGHT HAND","ALWAYS WITH RIGHT HAND","ALWAYS WITH LEFT HAND","1: 1  CONDITION APPLIES","1: 1  CONDITION APPLIES","NO","FEMALE","FEMALE"
1985,64000,4,1,4,33790,5,182,2,2,4,3,3,4,2,2,1,1,2,7,4,7,1,1,3,16,"Male","Non-Black / Non-Hispanic","South (AL, AR, DE, DC, FL, GA, KY, LA, MD, MS, NC, OK, SC, TN , TX, VA, WV)","Associate/Junior college (AA)","In CBSA, not in central city","NO","3: Mother","NO","YES","NO","NO","YES","0: 0  CONDITION DOES NOT APPLY","ALWAYS WITH RIGHT HAND","DON'T DO THIS ACTIVITY","ALWAYS WITH RIGHT HAND","USUALLY WITH RIGHT HAND","USUALLY WITH RIGHT HAND","1: 1  CONDITION APPLIES","1: 1  CONDITION APPLIES","NO","FEMALE","MALE"
1982,64735,3,0,2,80000,5,183,1,1,3,4,4,3,2,2,1,2,2,2,2,7,1,1,29,21,"Male","Non-Black / Non-Hispanic","West (AK, AZ, CA, CO, HI, ID, MT, NV, NM, OR, UT, WA, WY)","Associate/Junior college (AA)","In CBSA, not in central city","NO","3: Mother","NO","NO","NO","NO","YES","0: 0  CONDITION DOES NOT APPLY","ALWAYS WITH RIGHT HAND","ALWAYS WITH RIGHT HAND","ALWAYS WITH RIGHT HAND","ALWAYS WITH RIGHT HAND","ALWAYS WITH LEFT HAND","0: 0  CONDITION DOES NOT APPLY","1: 1  CONDITION APPLIES","NO","FEMALE","MALE"
1983,175000,4,1,1,33790,5,183,1,2,1,5,6,1,2,2,2,2,1,5,1,6,2,1,60,28,"Male","Non-Black / Non-Hispanic","South (AL, AR, DE, DC, FL, GA, KY, LA, MD, MS, NC, OK, SC, TN , TX, VA, WV)","High school diploma (Regular 12 year program)","In CBSA, not in central city","YES","3: Mother","NO","NO","NO","NO","NO","0: 0  CONDITION DOES NOT APPLY","ALWAYS WITH RIGHT HAND","ALWAYS WITH RIGHT HAND","ALWAYS WITH RIGHT HAND","ALWAYS WITH RIGHT HAND","ALWAYS WITH LEFT HAND","0: 0  CONDITION DOES NOT APPLY","1: 1  CONDITION APPLIES","YES","FEMALE","FEMALE"
1982,91000,1,0,2,36000,5,175,1,2,5,3,2,4,2,2,2,1,1,4,6,7,1,1,35,25,"Male","Non-Black / Non-Hispanic","Northeast (CT, ME, MA, NH, NJ, NY, PA, RI, VT)","High school diploma (Regular 12 year program)","In CBSA, not in central city","NO","3: Mother","YES","NO","YES","NO","YES","0: 0  CONDITION DOES NOT APPLY","ALWAYS WITH RIGHT HAND","ALWAYS WITH RIGHT HAND","ALWAYS WITH RIGHT HAND","ALWAYS WITH RIGHT HAND","ALWAYS WITH LEFT HAND","0: 0  CONDITION DOES NOT APPLY","1: 1  CONDITION APPLIES","NO","FEMALE","MALE"
1980,64735,3,1,2,33790,5,280,2,1,1,6,2,1,2,2,1,2,1,6,2,6,1,1,31,21,"Female","Non-Black / Non-Hispanic","West (AK, AZ, CA, CO, HI, ID, MT, NV, NM, OR, UT, WA, WY)","High school diploma (Regular 12 year program)","In CBSA, not in central city","NO","3: Mother","NO","NO","NO","NO","YES","0: 0  CONDITION DOES NOT APPLY","ALWAYS WITH RIGHT HAND","ALWAYS WITH RIGHT HAND","ALWAYS WITH RIGHT HAND","ALWAYS WITH RIGHT HAND","ALWAYS WITH LEFT HAND","1: 1  CONDITION APPLIES","1: 1  CONDITION APPLIES","NO","MALE","FEMALE"
1981,64735,2,0,3,33790,5,182,2,2,2,3,3,3,2,1,1,2,1,1,2,13,2,1,29,22,"Male","Hispanic","Northeast (CT, ME, MA, NH, NJ, NY, PA, RI, VT)","High school diploma (Regular 12 year program)","In CBSA, in central city","NO","3: Mother","NO","YES","NO","NO","NO","0: 0  CONDITION DOES NOT APPLY","ALWAYS WITH RIGHT HAND","ALWAYS WITH RIGHT HAND","ALWAYS WITH RIGHT HAND","ALWAYS WITH RIGHT HAND","USUALLY WITH BOTH HANDS EQUALLY","0: 0  CONDITION DOES NOT APPLY","1: 1  CONDITION APPLIES","NO","FEMALE","FEMALE"
1980,64735,1,0,3,33790,2,210,1,1,1,3,1,2,2,2,2,2,1,6,1,9,1,1,24,18,"Female","Hispanic","Northeast (CT, ME, MA, NH, NJ, NY, PA, RI, VT)","None","In CBSA, in central city","NO","3: Mother","YES","NO","NO","NO","YES","0: 0  CONDITION DOES NOT APPLY","ALWAYS WITH RIGHT HAND","ALWAYS WITH RIGHT HAND","ALWAYS WITH RIGHT HAND","ALWAYS WITH RIGHT HAND","USUALLY WITH LEFT HAND","1: 1  CONDITION APPLIES","1: 1  CONDITION APPLIES","YES","MALE","MALE"
1981,64735,4,1,2,33790,6,184,2,1,4,3,2,3,2,2,2,1,1,4,3,7,1,1,30,21,"Male","Non-Black / Non-Hispanic","South (AL, AR, DE, DC, FL, GA, KY, LA, MD, MS, NC, OK, SC, TN , TX, VA, WV)","High school diploma (Regular 12 year program)","In CBSA, not in central city","NO","3: Mother","NO","YES","NO","NO","YES","0: 0  CONDITION DOES NOT APPLY","ALWAYS WITH RIGHT HAND","ALWAYS WITH RIGHT HAND","ALWAYS WITH RIGHT HAND","ALWAYS WITH RIGHT HAND","ALWAYS WITH LEFT HAND","1: 1  CONDITION APPLIES","1: 1  CONDITION APPLIES","NO","FEMALE","MALE"
1985,64735,2,0,1,33790,5,182,1,1,5,4,6,6,2,1,2,2,1,5,2,7,1,1,30,20,"Female","Non-Black / Non-Hispanic","North Central (IL, IN, IA, KS, MI, MN, MO, NE, OH, ND, SD, WI)","Bachelor's degree (BA, BS)","In CBSA, not in central city","NO","3: Mother","YES","NO","NO","NO","YES","0: 0  CONDITION DOES NOT APPLY","ALWAYS WITH RIGHT HAND","ALWAYS WITH RIGHT HAND","ALWAYS WITH RIGHT HAND","ALWAYS WITH RIGHT HAND","ALWAYS WITH LEFT HAND","0: 0  CONDITION DOES NOT APPLY","1: 1  CONDITION APPLIES","NO","MALE","FEMALE"
1982,64735,4,2,1,33790,5,150,1,1,4,2,3,5,2,2,2,2,1,6,3,6,1,1,31,20,"Female","Hispanic","South (AL, AR, DE, DC, FL, GA, KY, LA, MD, MS, NC, OK, SC, TN , TX, VA, WV)","High school diploma (Regular 12 year program)","In CBSA, not in central city","NO","3: Mother","YES","NO","NO","NO","YES","0: 0  CONDITION DOES NOT APPLY","ALWAYS WITH RIGHT HAND","ALWAYS WITH RIGHT HAND","ALWAYS WITH RIGHT HAND","ALWAYS WITH RIGHT HAND","ALWAYS WITH LEFT HAND","0: 0  CONDITION DOES NOT APPLY","1: 1  CONDITION APPLIES","YES","FEMALE","MALE"
1980,18751,4,0,2,33790,5,184,1,3,1,3,1,2,2,2,2,2,1,5,4,7,1,1,33,21,"Female","Black","South (AL, AR, DE, DC, FL, GA, KY, LA, MD, MS, NC, OK, SC, TN , TX, VA, WV)","None","In CBSA, not in central city","NO","3: Mother","YES","NO","NO","NO","YES","0: 0  CONDITION DOES NOT APPLY","ALWAYS WITH RIGHT HAND","ALWAYS WITH RIGHT HAND","ALWAYS WITH RIGHT HAND","ALWAYS WITH RIGHT HAND","ALWAYS WITH LEFT HAND","1: 1  CONDITION APPLIES","1: 1  CONDITION APPLIES","NO","FEMALE","FEMALE"
1981,64735,3,0,1,28000,5,182,1,2,3,1,4,4,2,2,1,2,1,7,2,6,1,1,32,24,"Female","Hispanic","Northeast (CT, ME, MA, NH, NJ, NY, PA, RI, VT)","Associate/Junior college (AA)","In CBSA, not in central city","NO","3: Mother","NO","NO","NO","NO","YES","0: 0  CONDITION DOES NOT APPLY","ALWAYS WITH RIGHT HAND","ALWAYS WITH RIGHT HAND","ALWAYS WITH RIGHT HAND","ALWAYS WITH RIGHT HAND","ALWAYS WITH LEFT HAND","0: 0  CONDITION DOES NOT APPLY","1: 1  CONDITION APPLIES","YES","FEMALE","MALE"
1983,64735,3,1,3,33790,5,180,1,1,4,2,2,4,2,2,2,2,1,6,1,8,1,1,5,13,"Female","Hispanic","Northeast (CT, ME, MA, NH, NJ, NY, PA, RI, VT)","Bachelor's degree (BA, BS)","In CBSA, in central city","NO","3: Mother","YES","YES","NO","NO","YES","0: 0  CONDITION DOES NOT APPLY","ALWAYS WITH LEFT HAND","ALWAYS WITH RIGHT HAND","ALWAYS WITH RIGHT HAND","ALWAYS WITH RIGHT HAND","ALWAYS WITH LEFT HAND","1: 1  CONDITION APPLIES","1: 1  CONDITION APPLIES","NO","FEMALE","MALE"
1983,64735,4,1,3,27000,5,183,2,1,3,4,2,3,1,2,1,1,2,8,1,7,1,1,28,23,"Female","Black","South (AL, AR, DE, DC, FL, GA, KY, LA, MD, MS, NC, OK, SC, TN , TX, VA, WV)","GED","In CBSA, in central city","YES","3: Mother","YES","YES","YES","NO","YES","0: 0  CONDITION DOES NOT APPLY","ALWAYS WITH RIGHT HAND","ALWAYS WITH RIGHT HAND","ALWAYS WITH RIGHT HAND","ALWAYS WITH RIGHT HAND","ALWAYS WITH LEFT HAND","1: 1  CONDITION APPLIES","1: 1  CONDITION APPLIES","NO","MALE","FEMALE"
1981,64735,1,0,1,33790,5,181,1,1,2,2,2,7,2,1,1,2,1,6,2,8,1,1,31,23,"Female","Non-Black / Non-Hispanic","Northeast (CT, ME, MA, NH, NJ, NY, PA, RI, VT)","Bachelor's degree (BA, BS)","In CBSA, in central city","NO","3: Mother","NO","NO","NO","NO","YES","0: 0  CONDITION DOES NOT APPLY","ALWAYS WITH RIGHT HAND","ALWAYS WITH RIGHT HAND","ALWAYS WITH RIGHT HAND","ALWAYS WITH RIGHT HAND","ALWAYS WITH LEFT HAND","1: 1  CONDITION APPLIES","0: 0  CONDITION DOES NOT APPLY","NO","MALE","MALE"
1980,64735,1,1,1,33790,5,181,2,2,1,4,3,4,2,1,2,2,1,6,1,7,2,2,30,22,"Male","Non-Black / Non-Hispanic","South (AL, AR, DE, DC, FL, GA, KY, LA, MD, MS, NC, OK, SC, TN , TX, VA, WV)","High school diploma (Regular 12 year program)","In CBSA, in central city","NO","3: Mother","NO","NO","NO","NO","YES","0: 0  CONDITION DOES NOT APPLY","ALWAYS WITH RIGHT HAND","ALWAYS WITH RIGHT HAND","ALWAYS WITH RIGHT HAND","ALWAYS WITH RIGHT HAND","ALWAYS WITH LEFT HAND","1: 1  CONDITION APPLIES","1: 1  CONDITION APPLIES","NO","FEMALE","MALE"
1983,64735,4,1,1,33790,5,184,2,1,2,3,3,4,2,2,1,1,1,2,2,7,1,1,34,26,"Male","Non-Black / Non-Hispanic","North Central (IL, IN, IA, KS, MI, MN, MO, NE, OH, ND, SD, WI)","Bachelor's degree (BA, BS)","In CBSA, not in central city","YES","3: Mother","YES","NO","NO","NO","YES","0: 0  CONDITION DOES NOT APPLY","ALWAYS WITH RIGHT HAND","ALWAYS WITH RIGHT HAND","ALWAYS WITH RIGHT HAND","ALWAYS WITH RIGHT HAND","ALWAYS WITH LEFT HAND","1: 1  CONDITION APPLIES","1: 1  CONDITION APPLIES","NO","FEMALE","FEMALE"
1981,64735,3,0,2,33790,5,145,1,1,8,4,4,5,2,2,1,1,1,3,2,7,1,1,31,22,"Female","Non-Black / Non-Hispanic","Northeast (CT, ME, MA, NH, NJ, NY, PA, RI, VT)","High school diploma (Regular 12 year program)","In CBSA, not in central city","NO","3: Mother","YES","NO","NO","NO","NO","0: 0  CONDITION DOES NOT APPLY","ALWAYS WITH RIGHT HAND","ALWAYS WITH RIGHT HAND","ALWAYS WITH RIGHT HAND","ALWAYS WITH RIGHT HAND","ALWAYS WITH LEFT HAND","1: 1  CONDITION APPLIES","1: 1  CONDITION APPLIES","NO","FEMALE","MALE"
1980,64735,3,1,2,33790,5,180,1,2,2,1,2,2,2,2,2,2,2,5,3,6,1,1,29,23,"Female","Non-Black / Non-Hispanic","South (AL, AR, DE, DC, FL, GA, KY, LA, MD, MS, NC, OK, SC, TN , TX, VA, WV)","High school diploma (Regular 12 year program)","In CBSA, not in central city","NO","3: Mother","YES","NO","NO","NO","NO","0: 0  CONDITION DOES NOT APPLY","ALWAYS WITH RIGHT HAND","ALWAYS WITH RIGHT HAND","ALWAYS WITH RIGHT HAND","ALWAYS WITH RIGHT HAND","ALWAYS WITH LEFT HAND","1: 1  CONDITION APPLIES","1: 1  CONDITION APPLIES","NO","FEMALE","MALE"
1983,64735,3,1,4,33790,5,182,1,1,2,3,1,3,2,2,2,2,1,5,4,7,2,1,29,21,"Male","Non-Black / Non-Hispanic","West (AK, AZ, CA, CO, HI, ID, MT, NV, NM, OR, UT, WA, WY)","Bachelor's degree (BA, BS)","In CBSA, in central city","NO","3: Mother","NO","NO","NO","NO","YES","0: 0  CONDITION DOES NOT APPLY","ALWAYS WITH RIGHT HAND","USUALLY WITH RIGHT HAND","ALWAYS WITH RIGHT HAND","ALWAYS WITH RIGHT HAND","ALWAYS WITH LEFT HAND","1: 1  CONDITION APPLIES","1: 1  CONDITION APPLIES","NO","FEMALE","FEMALE"
1983,64735,4,0,2,41659,5,183,1,1,1,4,2,5,1,1,1,2,1,4,2,7,1,1,29,23,"Female","Non-Black / Non-Hispanic","Northeast (CT, ME, MA, NH, NJ, NY, PA, RI, VT)","GED","In CBSA, not in central city","YES","3: Mother","YES","YES","NO","NO","YES","0: 0  CONDITION DOES NOT APPLY","ALWAYS WITH RIGHT HAND","ALWAYS WITH RIGHT HAND","ALWAYS WITH RIGHT HAND","ALWAYS WITH RIGHT HAND","ALWAYS WITH LEFT HAND","0: 0  CONDITION DOES NOT APPLY","1: 1  CONDITION APPLIES","NO","MALE","MALE"
1984,64735,3,0,1,60000,5,181,1,2,3,4,3,1,2,2,2,1,1,4,3,6,1,1,51,30,"Female","Non-Black / Non-Hispanic","West (AK, AZ, CA, CO, HI, ID, MT, NV, NM, OR, UT, WA, WY)","None","In CBSA, not in central city","YES","3: Mother","NO","NO","YES","NO","YES","0: 0  CONDITION DOES NOT APPLY","ALWAYS WITH RIGHT HAND","ALWAYS WITH RIGHT HAND","ALWAYS WITH RIGHT HAND","ALWAYS WITH RIGHT HAND","ALWAYS WITH RIGHT HAND","1: 1  CONDITION APPLIES","1: 1  CONDITION APPLIES","YES","FEMALE","MALE"
1983,64735,3,1,1,33790,5,180,1,1,3,3,3,5,1,2,1,1,1,4,3,6,1,1,31,19,"Female","Mixed Race (Non-Hispanic)","North Central (IL, IN, IA, KS, MI, MN, MO, NE, OH, ND, SD, WI)","High school diploma (Regular 12 year program)","In CBSA, in central city","NO","3: Mother","YES","NO","YES","NO","YES","0: 0  CONDITION DOES NOT APPLY","ALWAYS WITH RIGHT HAND","ALWAYS WITH RIGHT HAND","ALWAYS WITH RIGHT HAND","ALWAYS WITH RIGHT HAND","ALWAYS WITH LEFT HAND","1: 1  CONDITION APPLIES","1: 1  CONDITION APPLIES","NO","MALE","FEMALE"
1985,64735,4,0,5,33790,5,184,1,1,5,4,3,2,2,2,2,2,2,1,2,6,1,1,32,22,"Male","Hispanic","West (AK, AZ, CA, CO, HI, ID, MT, NV, NM, OR, UT, WA, WY)","GED","In CBSA, not in central city","YES","3: Mother","YES","YES","YES","NO","YES","0: 0  CONDITION DOES NOT APPLY","ALWAYS WITH RIGHT HAND","ALWAYS WITH RIGHT HAND","ALWAYS WITH RIGHT HAND","ALWAYS WITH RIGHT HAND","ALWAYS WITH RIGHT HAND","1: 1  CONDITION APPLIES","1: 1  CONDITION APPLIES","NO","FEMALE","FEMALE"
1983,64735,3,0,2,15000,5,183,1,1,1,3,2,5,2,2,2,2,1,5,3,7,1,1,30,22,"Male","Non-Black / Non-Hispanic","North Central (IL, IN, IA, KS, MI, MN, MO, NE, OH, ND, SD, WI)","High school diploma (Regular 12 year program)","In CBSA, not in central city","NO","3: Mother","NO","NO","NO","NO","NO","0: 0  CONDITION DOES NOT APPLY","ALWAYS WITH RIGHT HAND","ALWAYS WITH RIGHT HAND","ALWAYS WITH RIGHT HAND","ALWAYS WITH RIGHT HAND","ALWAYS WITH LEFT HAND","1: 1  CONDITION APPLIES","1: 1  CONDITION APPLIES","NO","FEMALE","FEMALE"
1982,64735,1,0,2,33790,5,180,1,2,3,3,2,2,2,2,1,2,1,6,1,7,1,1,31,24,"Male","Non-Black / Non-Hispanic","South (AL, AR, DE, DC, FL, GA, KY, LA, MD, MS, NC, OK, SC, TN , TX, VA, WV)","High school diploma (Regular 12 year program)","In CBSA, in central city","NO","3: Mother","YES","NO","YES","NO","YES","0: 0  CONDITION DOES NOT APPLY","ALWAYS WITH RIGHT HAND","ALWAYS WITH RIGHT HAND","ALWAYS WITH RIGHT HAND","ALWAYS WITH RIGHT HAND","ALWAYS WITH LEFT HAND","1: 1  CONDITION APPLIES","1: 1  CONDITION APPLIES","NO","FEMALE","FEMALE"
1987,64735,1,0,3,33790,5,184,2,2,4,4,5,3,2,2,1,2,1,9,2,7,1,1,28,26,"Male","Non-Black / Non-Hispanic","Northeast (CT, ME, MA, NH, NJ, NY, PA, RI, VT)","Bachelor's degree (BA, BS)","In CBSA, not in central city","NO","3: Mother","YES","NO","NO","NO","YES","0: 0  CONDITION DOES NOT APPLY","ALWAYS WITH RIGHT HAND","ALWAYS WITH RIGHT HAND","USUALLY WITH LEFT HAND","ALWAYS WITH RIGHT HAND","ALWAYS WITH RIGHT HAND","1: 1  CONDITION APPLIES","1: 1  CONDITION APPLIES","NO","FEMALE","MALE"
1983,64735,2,0,1,33790,5,183,1,1,1,2,4,2,2,1,1,2,1,6,2,7,1,1,33,25,"Female","Non-Black / Non-Hispanic","Northeast (CT, ME, MA, NH, NJ, NY, PA, RI, VT)","High school diploma (Regular 12 year program)","In CBSA, in central city","NO","3: Mother","NO","NO","NO","NO","YES","0: 0  CONDITION DOES NOT APPLY","ALWAYS WITH RIGHT HAND","ALWAYS WITH RIGHT HAND","ALWAYS WITH RIGHT HAND","ALWAYS WITH RIGHT HAND","ALWAYS WITH LEFT HAND","1: 1  CONDITION APPLIES","0: 0  CONDITION DOES NOT APPLY","NO","FEMALE","MALE"
1986,107720,3,0,2,33790,6,184,1,1,1,2,3,3,2,2,1,2,1,5,2,6,1,1,45,69,"Female","Non-Black / Non-Hispanic","South (AL, AR, DE, DC, FL, GA, KY, LA, MD, MS, NC, OK, SC, TN , TX, VA, WV)","Bachelor's degree (BA, BS)","In CBSA, in central city","YES","3: Mother","YES","NO","YES","NO","YES","0: 0  CONDITION DOES NOT APPLY","ALWAYS WITH RIGHT HAND","ALWAYS WITH RIGHT HAND","ALWAYS WITH RIGHT HAND","ALWAYS WITH RIGHT HAND","ALWAYS WITH LEFT HAND","1: 1  CONDITION APPLIES","1: 1  CONDITION APPLIES","NO","MALE","MALE"
1986,64735,2,1,1,33790,5,182,1,2,2,5,1,4,2,2,1,2,2,3,3,7,1,1,29,21,"Female","Hispanic","West (AK, AZ, CA, CO, HI, ID, MT, NV, NM, OR, UT, WA, WY)","GED","In CBSA, not in central city","NO","3: Mother","YES","NO","NO","NO","YES","0: 0  CONDITION DOES NOT APPLY","ALWAYS WITH RIGHT HAND","ALWAYS WITH RIGHT HAND","ALWAYS WITH RIGHT HAND","ALWAYS WITH RIGHT HAND","ALWAYS WITH LEFT HAND","1: 1  CONDITION APPLIES","1: 1  CONDITION APPLIES","YES","MALE","MALE"
1981,60300,1,0,3,33790,5,183,1,1,3,4,3,1,2,2,2,1,1,4,3,7,1,1,34,21,"Female","Hispanic","Northeast (CT, ME, MA, NH, NJ, NY, PA, RI, VT)","High school diploma (Regular 12 year program)","Not in CBSA","NO","3: Mother","YES","NO","NO","NO","YES","0: 0  CONDITION DOES NOT APPLY","ALWAYS WITH LEFT HAND","USUALLY WITH RIGHT HAND","ALWAYS WITH RIGHT HAND","USUALLY WITH BOTH HANDS EQUALLY","USUALLY WITH RIGHT HAND","1: 1  CONDITION APPLIES","1: 1  CONDITION APPLIES","NO","FEMALE","MALE"
1983,64735,2,0,2,33790,5,184,1,2,5,2,5,2,2,2,1,2,1,9,1,6,1,1,29,24,"Male","Black","Northeast (CT, ME, MA, NH, NJ, NY, PA, RI, VT)","High school diploma (Regular 12 year program)","In CBSA, not in central city","NO","3: Mother","YES","NO","YES","NO","NO","0: 0  CONDITION DOES NOT APPLY","ALWAYS WITH RIGHT HAND","ALWAYS WITH RIGHT HAND","ALWAYS WITH RIGHT HAND","ALWAYS WITH RIGHT HAND","ALWAYS WITH LEFT HAND","1: 1  CONDITION APPLIES","1: 1  CONDITION APPLIES","YES","MALE","MALE"
1983,64735,6,0,2,33790,5,178,1,2,3,3,2,3,1,1,2,2,1,2,2,7,1,1,32,31,"Male","Hispanic","West (AK, AZ, CA, CO, HI, ID, MT, NV, NM, OR, UT, WA, WY)","GED","In CBSA, not in central city","NO","3: Mother","YES","YES","NO","NO","YES","0: 0  CONDITION DOES NOT APPLY","ALWAYS WITH RIGHT HAND","ALWAYS WITH RIGHT HAND","ALWAYS WITH RIGHT HAND","ALWAYS WITH RIGHT HAND","ALWAYS WITH LEFT HAND","0: 0  CONDITION DOES NOT APPLY","1: 1  CONDITION APPLIES","NO","MALE","MALE"
1981,64735,2,0,1,8000,5,182,1,1,2,5,4,3,2,2,1,2,2,4,3,7,1,1,33,25,"Male","Non-Black / Non-Hispanic","South (AL, AR, DE, DC, FL, GA, KY, LA, MD, MS, NC, OK, SC, TN , TX, VA, WV)","None","In CBSA, in central city","NO","3: Mother","NO","NO","NO","NO","YES","0: 0  CONDITION DOES NOT APPLY","ALWAYS WITH RIGHT HAND","ALWAYS WITH RIGHT HAND","ALWAYS WITH RIGHT HAND","ALWAYS WITH RIGHT HAND","ALWAYS WITH LEFT HAND","1: 1  CONDITION APPLIES","1: 1  CONDITION APPLIES","NO","FEMALE","MALE"
1984,64735,2,0,3,33790,5,184,1,1,4,1,2,3,2,2,2,2,1,4,2,6,1,1,31,22,"Male","Black","Northeast (CT, ME, MA, NH, NJ, NY, PA, RI, VT)","None","In CBSA, not in central city","NO","3: Mother","NO","NO","NO","NO","NO","0: 0  CONDITION DOES NOT APPLY","ALWAYS WITH RIGHT HAND","ALWAYS WITH RIGHT HAND","ALWAYS WITH RIGHT HAND","ALWAYS WITH RIGHT HAND","ALWAYS WITH LEFT HAND","1: 1  CONDITION APPLIES","1: 1  CONDITION APPLIES","NO","FEMALE","MALE"
1983,61500,5,0,2,33790,5,185,1,1,5,4,6,4,2,2,1,2,1,4,2,6,1,1,32,19,"Male","Non-Black / Non-Hispanic","Northeast (CT, ME, MA, NH, NJ, NY, PA, RI, VT)","Bachelor's degree (BA, BS)","In CBSA, not in central city","NO","3: Mother","NO","YES","NO","NO","NO","0: 0  CONDITION DOES NOT APPLY","ALWAYS WITH RIGHT HAND","ALWAYS WITH RIGHT HAND","ALWAYS WITH LEFT HAND","ALWAYS WITH RIGHT HAND","ALWAYS WITH RIGHT HAND","1: 1  CONDITION APPLIES","1: 1  CONDITION APPLIES","NO","FEMALE","MALE"
1984,64735,7,0,5,33790,5,185,2,2,4,4,1,2,2,2,2,2,1,6,1,6,1,4,29,22,"Male","Non-Black / Non-Hispanic","Northeast (CT, ME, MA, NH, NJ, NY, PA, RI, VT)","High school diploma (Regular 12 year program)","In CBSA, not in central city","NO","3: Mother","NO","YES","NO","NO","NO","0: 0  CONDITION DOES NOT APPLY","ALWAYS WITH RIGHT HAND","DON'T DO THIS ACTIVITY","ALWAYS WITH RIGHT HAND","ALWAYS WITH RIGHT HAND","ALWAYS WITH LEFT HAND","1: 1  CONDITION APPLIES","1: 1  CONDITION APPLIES","NO","FEMALE","MALE"
1980,64735,3,1,3,33790,5,182,2,2,4,3,5,1,2,2,2,2,1,5,2,4,6,2,32,21,"Male","Hispanic","South (AL, AR, DE, DC, FL, GA, KY, LA, MD, MS, NC, OK, SC, TN , TX, VA, WV)","Associate/Junior college (AA)","Not in CBSA","NO","3: Mother","NO","NO","NO","NO","YES","0: 0  CONDITION DOES NOT APPLY","ALWAYS WITH RIGHT HAND","ALWAYS WITH RIGHT HAND","USUALLY WITH BOTH HANDS EQUALLY","ALWAYS WITH RIGHT HAND","ALWAYS WITH LEFT HAND","1: 1  CONDITION APPLIES","1: 1  CONDITION APPLIES","NO","FEMALE","MALE"
1982,64735,3,0,1,33790,5,181,1,1,1,3,2,2,2,2,1,1,1,6,1,7,1,1,31,20,"Male","Non-Black / Non-Hispanic","North Central (IL, IN, IA, KS, MI, MN, MO, NE, OH, ND, SD, WI)","High school diploma (Regular 12 year program)","In CBSA, not in central city","NO","3: Mother","NO","NO","NO","NO","YES","0: 0  CONDITION DOES NOT APPLY","ALWAYS WITH RIGHT HAND","ALWAYS WITH RIGHT HAND","ALWAYS WITH RIGHT HAND","ALWAYS WITH RIGHT HAND","ALWAYS WITH LEFT HAND","1: 1  CONDITION APPLIES","1: 1  CONDITION APPLIES","NO","FEMALE","FEMALE"
1983,64735,2,0,1,33790,5,179,1,1,1,8,5,3,1,3,2,2,1,2,2,8,1,1,29,19,"Male","Hispanic","South (AL, AR, DE, DC, FL, GA, KY, LA, MD, MS, NC, OK, SC, TN , TX, VA, WV)","High school diploma (Regular 12 year program)","In CBSA, in central city","NO","3: Mother","NO","YES","NO","NO","YES","0: 0  CONDITION DOES NOT APPLY","ALWAYS WITH RIGHT HAND","USUALLY WITH BOTH HANDS EQUALLY","ALWAYS WITH RIGHT HAND","ALWAYS WITH RIGHT HAND","ALWAYS WITH LEFT HAND","1: 1  CONDITION APPLIES","1: 1  CONDITION APPLIES","YES","FEMALE","MALE"
1982,64735,1,0,2,33790,5,183,1,1,3,4,4,5,2,2,1,2,1,6,3,8,1,2,28,24,"Male","Hispanic","West (AK, AZ, CA, CO, HI, ID, MT, NV, NM, OR, UT, WA, WY)","Associate/Junior college (AA)","In CBSA, in central city","NO","3: Mother","YES","NO","NO","NO","YES","0: 0  CONDITION DOES NOT APPLY","ALWAYS WITH RIGHT HAND","ALWAYS WITH RIGHT HAND","ALWAYS WITH RIGHT HAND","ALWAYS WITH RIGHT HAND","ALWAYS WITH LEFT HAND","1: 1  CONDITION APPLIES","1: 1  CONDITION APPLIES","NO","FEMALE","MALE"
1980,64735,4,1,1,33790,5,183,2,2,1,3,3,2,2,2,1,2,1,5,3,6,1,1,31,21,"Female","Non-Black / Non-Hispanic","South (AL, AR, DE, DC, FL, GA, KY, LA, MD, MS, NC, OK, SC, TN , TX, VA, WV)","Bachelor's degree (BA, BS)","In CBSA, not in central city","NO","3: Mother","YES","NO","NO","NO","YES","0: 0  CONDITION DOES NOT APPLY","ALWAYS WITH RIGHT HAND","ALWAYS WITH RIGHT HAND","ALWAYS WITH RIGHT HAND","ALWAYS WITH RIGHT HAND","ALWAYS WITH LEFT HAND","1: 1  CONDITION APPLIES","1: 1  CONDITION APPLIES","NO","MALE","MALE"
1983,64735,3,1,4,33790,5,182,2,1,4,3,6,2,2,2,1,2,1,6,2,6,1,1,32,22,"Male","Hispanic","South (AL, AR, DE, DC, FL, GA, KY, LA, MD, MS, NC, OK, SC, TN , TX, VA, WV)","Bachelor's degree (BA, BS)","In CBSA, in central city","NO","3: Mother","YES","NO","NO","NO","NO","0: 0  CONDITION DOES NOT APPLY","ALWAYS WITH LEFT HAND","ALWAYS WITH RIGHT HAND","ALWAYS WITH RIGHT HAND","USUALLY WITH BOTH HANDS EQUALLY","ALWAYS WITH LEFT HAND","0: 0  CONDITION DOES NOT APPLY","1: 1  CONDITION APPLIES","YES","FEMALE","FEMALE"
1983,64735,3,1,2,33790,5,183,1,1,3,4,5,1,2,2,1,2,1,7,1,7,1,1,30,22,"Female","Non-Black / Non-Hispanic","South (AL, AR, DE, DC, FL, GA, KY, LA, MD, MS, NC, OK, SC, TN , TX, VA, WV)","GED","In CBSA, not in central city","NO","3: Mother","YES","NO","NO","NO","YES","0: 0  CONDITION DOES NOT APPLY","ALWAYS WITH RIGHT HAND","ALWAYS WITH RIGHT HAND","ALWAYS WITH RIGHT HAND","ALWAYS WITH RIGHT HAND","ALWAYS WITH RIGHT HAND","1: 1  CONDITION APPLIES","0: 0  CONDITION DOES NOT APPLY","NO","FEMALE","FEMALE"
1981,64735,4,1,2,33790,5,183,1,1,1,3,4,3,2,2,1,2,1,4,4,6,1,1,29,12,"Male","Non-Black / Non-Hispanic","South (AL, AR, DE, DC, FL, GA, KY, LA, MD, MS, NC, OK, SC, TN , TX, VA, WV)","High school diploma (Regular 12 year program)","In CBSA, not in central city","NO","3: Mother","YES","NO","NO","NO","NO","0: 0  CONDITION DOES NOT APPLY","ALWAYS WITH RIGHT HAND","ALWAYS WITH RIGHT HAND","ALWAYS WITH RIGHT HAND","ALWAYS WITH RIGHT HAND","ALWAYS WITH LEFT HAND","1: 1  CONDITION APPLIES","1: 1  CONDITION APPLIES","NO","MALE","FEMALE"
1984,64735,4,1,4,33790,6,265,1,1,5,4,3,1,1,2,1,2,1,7,1,5,1,1,30,23,"Male","Hispanic","South (AL, AR, DE, DC, FL, GA, KY, LA, MD, MS, NC, OK, SC, TN , TX, VA, WV)","High school diploma (Regular 12 year program)","In CBSA, in central city","YES","3: Mother","NO","YES","NO","NO","NO","0: 0  CONDITION DOES NOT APPLY","ALWAYS WITH RIGHT HAND","ALWAYS WITH RIGHT HAND","ALWAYS WITH RIGHT HAND","ALWAYS WITH RIGHT HAND","USUALLY WITH LEFT HAND","1: 1  CONDITION APPLIES","1: 1  CONDITION APPLIES","NO","MALE","MALE"
1983,64735,8,1,1,33790,5,183,1,2,5,4,2,4,2,2,1,2,2,5,2,7,2,3,30,18,"Female","Non-Black / Non-Hispanic","South (AL, AR, DE, DC, FL, GA, KY, LA, MD, MS, NC, OK, SC, TN , TX, VA, WV)","Associate/Junior college (AA)","In CBSA, not in central city","YES","3: Mother","NO","YES","NO","NO","YES","0: 0  CONDITION DOES NOT APPLY","ALWAYS WITH RIGHT HAND","ALWAYS WITH RIGHT HAND","ALWAYS WITH LEFT HAND","ALWAYS WITH LEFT HAND","DON'T DO THIS ACTIVITY","1: 1  CONDITION APPLIES","1: 1  CONDITION APPLIES","NO","MALE","FEMALE"
1984,64735,3,0,1,33790,6,110,1,2,2,2,8,4,2,2,1,1,1,3,3,7,1,1,33,23,"Female","Hispanic","West (AK, AZ, CA, CO, HI, ID, MT, NV, NM, OR, UT, WA, WY)","High school diploma (Regular 12 year program)","In CBSA, not in central city","NO","3: Mother","NO","NO","YES","NO","YES","0: 0  CONDITION DOES NOT APPLY","ALWAYS WITH RIGHT HAND","ALWAYS WITH RIGHT HAND","ALWAYS WITH RIGHT HAND","ALWAYS WITH RIGHT HAND","ALWAYS WITH LEFT HAND","1: 1  CONDITION APPLIES","1: 1  CONDITION APPLIES","NO","FEMALE","MALE"
1981,64735,4,0,2,33790,5,184,1,2,2,6,1,3,2,2,2,2,1,3,3,6,1,1,34,26,"Male","Hispanic","Northeast (CT, ME, MA, NH, NJ, NY, PA, RI, VT)","High school diploma (Regular 12 year program)","In CBSA, not in central city","NO","3: Mother","NO","YES","NO","NO","YES","0: 0  CONDITION DOES NOT APPLY","DON'T DO THIS ACTIVITY","ALWAYS WITH RIGHT HAND","ALWAYS WITH RIGHT HAND","ALWAYS WITH RIGHT HAND","ALWAYS WITH LEFT HAND","1: 1  CONDITION APPLIES","1: 1  CONDITION APPLIES","NO","MALE","MALE"
1982,39000,4,0,2,33790,5,128,1,1,2,3,2,4,2,2,1,2,2,8,2,8,1,1,31,22,"Female","Non-Black / Non-Hispanic","West (AK, AZ, CA, CO, HI, ID, MT, NV, NM, OR, UT, WA, WY)","High school diploma (Regular 12 year program)","In CBSA, in central city","NO","3: Mother","YES","YES","YES","NO","NO","0: 0  CONDITION DOES NOT APPLY","ALWAYS WITH RIGHT HAND","ALWAYS WITH LEFT HAND","ALWAYS WITH RIGHT HAND","ALWAYS WITH RIGHT HAND","ALWAYS WITH LEFT HAND","1: 1  CONDITION APPLIES","1: 1  CONDITION APPLIES","NO","FEMALE","FEMALE"
1980,64735,4,1,3,33790,5,185,3,2,2,8,2,2,2,2,1,2,2,4,1,6,2,1,29,20,"Male","Non-Black / Non-Hispanic","South (AL, AR, DE, DC, FL, GA, KY, LA, MD, MS, NC, OK, SC, TN , TX, VA, WV)","High school diploma (Regular 12 year program)","In CBSA, in central city","NO","3: Mother","YES","NO","YES","NO","YES","0: 0  CONDITION DOES NOT APPLY","ALWAYS WITH RIGHT HAND","ALWAYS WITH RIGHT HAND","ALWAYS WITH RIGHT HAND","ALWAYS WITH RIGHT HAND","ALWAYS WITH LEFT HAND","1: 1  CONDITION APPLIES","1: 1  CONDITION APPLIES","NO","MALE","FEMALE"
1984,70000,5,0,1,33790,5,178,1,1,5,2,5,5,1,2,2,2,1,2,3,6,1,1,30,31,"Female","Non-Black / Non-Hispanic","Northeast (CT, ME, MA, NH, NJ, NY, PA, RI, VT)","Master's degree (MA, MS)","In CBSA, not in central city","NO","3: Mother","YES","NO","NO","NO","YES","0: 0  CONDITION DOES NOT APPLY","ALWAYS WITH RIGHT HAND","ALWAYS WITH RIGHT HAND","ALWAYS WITH RIGHT HAND","ALWAYS WITH LEFT HAND","ALWAYS WITH LEFT HAND","1: 1  CONDITION APPLIES","1: 1  CONDITION APPLIES","NO","FEMALE","MALE"
1984,64735,3,0,1,45000,5,175,1,1,4,8,3,5,2,2,1,2,1,1,2,6,1,1,26,22,"Male","Black","Northeast (CT, ME, MA, NH, NJ, NY, PA, RI, VT)","High school diploma (Regular 12 year program)","In CBSA, in central city","NO","3: Mother","YES","NO","NO","NO","NO","0: 0  CONDITION DOES NOT APPLY","ALWAYS WITH RIGHT HAND","ALWAYS WITH RIGHT HAND","ALWAYS WITH RIGHT HAND","ALWAYS WITH RIGHT HAND","ALWAYS WITH LEFT HAND","1: 1  CONDITION APPLIES","1: 1  CONDITION APPLIES","NO","FEMALE","FEMALE"
1980,30000,4,1,2,30000,5,183,1,2,4,4,4,2,2,1,1,2,2,3,2,6,1,1,27,15,"Female","Non-Black / Non-Hispanic","North Central (IL, IN, IA, KS, MI, MN, MO, NE, OH, ND, SD, WI)","Associate/Junior college (AA)","In CBSA, not in central city","NO","3: Mother","YES","NO","NO","NO","YES","0: 0  CONDITION DOES NOT APPLY","USUALLY WITH RIGHT HAND","ALWAYS WITH RIGHT HAND","ALWAYS WITH RIGHT HAND","ALWAYS WITH RIGHT HAND","ALWAYS WITH LEFT HAND","0: 0  CONDITION DOES NOT APPLY","1: 1  CONDITION APPLIES","NO","FEMALE","FEMALE"
1984,64735,3,0,2,37000,5,186,2,3,5,4,3,2,2,2,1,2,1,5,6,8,1,1,27,22,"Female","Non-Black / Non-Hispanic","Northeast (CT, ME, MA, NH, NJ, NY, PA, RI, VT)","Associate/Junior college (AA)","In CBSA, not in central city","NO","3: Mother","NO","YES","NO","NO","YES","0: 0  CONDITION DOES NOT APPLY","ALWAYS WITH LEFT HAND","ALWAYS WITH LEFT HAND","USUALLY WITH RIGHT HAND","ALWAYS WITH LEFT HAND","DON'T DO THIS ACTIVITY","0: 0  CONDITION DOES NOT APPLY","1: 1  CONDITION APPLIES","NO","FEMALE","MALE"
1984,64735,4,0,3,33790,5,185,1,1,5,4,2,1,1,2,1,2,1,9,2,7,1,1,32,21,"Female","Non-Black / Non-Hispanic","South (AL, AR, DE, DC, FL, GA, KY, LA, MD, MS, NC, OK, SC, TN , TX, VA, WV)","GED","In CBSA, not in central city","NO","3: Mother","YES","NO","NO","NO","YES","0: 0  CONDITION DOES NOT APPLY","ALWAYS WITH RIGHT HAND","ALWAYS WITH RIGHT HAND","ALWAYS WITH RIGHT HAND","ALWAYS WITH LEFT HAND","ALWAYS WITH LEFT HAND","1: 1  CONDITION APPLIES","1: 1  CONDITION APPLIES","NO","FEMALE","MALE"
1982,64735,4,1,4,33790,5,181,1,1,3,3,4,4,1,2,2,1,1,7,2,4,1,1,7,10,"Female","Black","South (AL, AR, DE, DC, FL, GA, KY, LA, MD, MS, NC, OK, SC, TN , TX, VA, WV)","High school diploma (Regular 12 year program)","In CBSA, not in central city","NO","3: Mother","YES","NO","NO","NO","NO","0: 0  CONDITION DOES NOT APPLY","ALWAYS WITH RIGHT HAND","ALWAYS WITH RIGHT HAND","ALWAYS WITH RIGHT HAND","ALWAYS WITH RIGHT HAND","ALWAYS WITH LEFT HAND","1: 1  CONDITION APPLIES","1: 1  CONDITION APPLIES","NO","FEMALE","FEMALE"
1984,82000,6,2,1,33790,5,185,2,1,3,3,2,2,2,2,1,2,1,4,2,6,1,1,28,16,"Female","Non-Black / Non-Hispanic","Northeast (CT, ME, MA, NH, NJ, NY, PA, RI, VT)","Bachelor's degree (BA, BS)","In CBSA, not in central city","NO","3: Mother","NO","NO","NO","NO","YES","0: 0  CONDITION DOES NOT APPLY","ALWAYS WITH RIGHT HAND","ALWAYS WITH RIGHT HAND","ALWAYS WITH RIGHT HAND","ALWAYS WITH RIGHT HAND","ALWAYS WITH LEFT HAND","1: 1  CONDITION APPLIES","1: 1  CONDITION APPLIES","NO","FEMALE","FEMALE"
1980,64735,3,0,4,54000,5,185,1,1,8,3,2,5,2,2,1,2,2,1,2,7,2,1,36,51,"Male","Non-Black / Non-Hispanic","North Central (IL, IN, IA, KS, MI, MN, MO, NE, OH, ND, SD, WI)","High school diploma (Regular 12 year program)","In CBSA, in central city","YES","3: Mother","YES","NO","YES","NO","YES","0: 0  CONDITION DOES NOT APPLY","ALWAYS WITH RIGHT HAND","ALWAYS WITH RIGHT HAND","ALWAYS WITH RIGHT HAND","ALWAYS WITH RIGHT HAND","ALWAYS WITH LEFT HAND","1: 1  CONDITION APPLIES","1: 1  CONDITION APPLIES","NO","FEMALE","MALE"
1984,64735,3,0,1,29000,5,181,1,1,4,4,3,4,1,2,1,1,1,3,3,8,1,1,26,20,"Male","Non-Black / Non-Hispanic","South (AL, AR, DE, DC, FL, GA, KY, LA, MD, MS, NC, OK, SC, TN , TX, VA, WV)","High school diploma (Regular 12 year program)","In CBSA, not in central city","NO","3: Mother","YES","NO","NO","NO","YES","0: 0  CONDITION DOES NOT APPLY","ALWAYS WITH RIGHT HAND","ALWAYS WITH RIGHT HAND","ALWAYS WITH RIGHT HAND","ALWAYS WITH RIGHT HAND","ALWAYS WITH LEFT HAND","1: 1  CONDITION APPLIES","1: 1  CONDITION APPLIES","NO","FEMALE","MALE"
1984,64735,2,0,3,33790,5,183,1,1,4,3,2,1,2,2,2,2,1,6,2,7,1,1,29,27,"Male","Non-Black / Non-Hispanic","Northeast (CT, ME, MA, NH, NJ, NY, PA, RI, VT)","High school diploma (Regular 12 year program)","In CBSA, in central city","YES","3: Mother","YES","NO","NO","NO","YES","0: 0  CONDITION DOES NOT APPLY","ALWAYS WITH RIGHT HAND","ALWAYS WITH RIGHT HAND","ALWAYS WITH RIGHT HAND","ALWAYS WITH RIGHT HAND","ALWAYS WITH LEFT HAND","1: 1  CONDITION APPLIES","1: 1  CONDITION APPLIES","NO","FEMALE","MALE"
1984,24800,3,1,2,15000,5,182,2,2,3,4,4,7,2,2,2,2,2,2,5,10,1,1,29,22,"Male","Non-Black / Non-Hispanic","Northeast (CT, ME, MA, NH, NJ, NY, PA, RI, VT)","High school diploma (Regular 12 year program)","In CBSA, in central city","YES","3: Mother","YES","NO","NO","NO","YES","0: 0  CONDITION DOES NOT APPLY","ALWAYS WITH RIGHT HAND","ALWAYS WITH RIGHT HAND","ALWAYS WITH RIGHT HAND","ALWAYS WITH RIGHT HAND","ALWAYS WITH LEFT HAND","1: 1  CONDITION APPLIES","1: 1  CONDITION APPLIES","NO","FEMALE","FEMALE"
1985,64735,6,1,1,33790,5,183,2,2,4,5,2,4,2,2,2,2,1,2,2,5,1,1,31,19,"Female","Non-Black / Non-Hispanic","South (AL, AR, DE, DC, FL, GA, KY, LA, MD, MS, NC, OK, SC, TN , TX, VA, WV)","Bachelor's degree (BA, BS)","In CBSA, not in central city","NO","3: Mother","YES","NO","NO","YES","YES","0: 0  CONDITION DOES NOT APPLY","ALWAYS WITH RIGHT HAND","ALWAYS WITH RIGHT HAND","ALWAYS WITH RIGHT HAND","ALWAYS WITH RIGHT HAND","ALWAYS WITH LEFT HAND","1: 1  CONDITION APPLIES","0: 0  CONDITION DOES NOT APPLY","NO","FEMALE","MALE"
1984,64735,3,1,1,33790,6,186,1,1,2,5,3,4,2,2,2,2,1,3,2,3,1,1,37,27,"Female","Black","South (AL, AR, DE, DC, FL, GA, KY, LA, MD, MS, NC, OK, SC, TN , TX, VA, WV)","Bachelor's degree (BA, BS)","In CBSA, not in central city","NO","3: Mother","NO","NO","NO","NO","YES","0: 0  CONDITION DOES NOT APPLY","ALWAYS WITH RIGHT HAND","ALWAYS WITH RIGHT HAND","ALWAYS WITH RIGHT HAND","ALWAYS WITH RIGHT HAND","ALWAYS WITH LEFT HAND","1: 1  CONDITION APPLIES","1: 1  CONDITION APPLIES","NO","FEMALE","MALE"
1981,64735,1,0,1,33790,5,181,1,1,1,4,2,4,2,2,2,1,1,7,2,7,1,1,36,24,"Female","Non-Black / Non-Hispanic","West (AK, AZ, CA, CO, HI, ID, MT, NV, NM, OR, UT, WA, WY)","Bachelor's degree (BA, BS)","In CBSA, in central city","NO","3: Mother","NO","YES","NO","NO","YES","0: 0  CONDITION DOES NOT APPLY","ALWAYS WITH RIGHT HAND","ALWAYS WITH RIGHT HAND","ALWAYS WITH RIGHT HAND","ALWAYS WITH RIGHT HAND","ALWAYS WITH LEFT HAND","0: 0  CONDITION DOES NOT APPLY","1: 1  CONDITION APPLIES","NO","MALE","FEMALE"
1982,64735,3,0,1,33790,5,183,1,1,1,1,3,4,2,2,2,2,1,6,2,6,1,1,26,1,"Female","Non-Black / Non-Hispanic","South (AL, AR, DE, DC, FL, GA, KY, LA, MD, MS, NC, OK, SC, TN , TX, VA, WV)","High school diploma (Regular 12 year program)","In CBSA, not in central city","NO","3: Mother","NO","NO","NO","NO","YES","0: 0  CONDITION DOES NOT APPLY","ALWAYS WITH RIGHT HAND","ALWAYS WITH RIGHT HAND","ALWAYS WITH RIGHT HAND","ALWAYS WITH RIGHT HAND","ALWAYS WITH LEFT HAND","1: 1  CONDITION APPLIES","1: 1  CONDITION APPLIES","NO","FEMALE","FEMALE"
1981,64735,3,0,1,33790,4,183,1,1,3,4,5,2,2,2,2,2,1,6,4,7,1,1,32,25,"Male","Non-Black / Non-Hispanic","Northeast (CT, ME, MA, NH, NJ, NY, PA, RI, VT)","None","In CBSA, not in central city","YES","3: Mother","NO","YES","NO","NO","NO","0: 0  CONDITION DOES NOT APPLY","ALWAYS WITH RIGHT HAND","ALWAYS WITH RIGHT HAND","ALWAYS WITH RIGHT HAND","ALWAYS WITH RIGHT HAND","ALWAYS WITH LEFT HAND","0: 0  CONDITION DOES NOT APPLY","1: 1  CONDITION APPLIES","YES","MALE","MALE"
1984,64735,4,1,3,33790,5,183,1,1,3,4,1,4,2,2,1,2,1,7,2,7,1,1,31,21,"Female","Non-Black / Non-Hispanic","Northeast (CT, ME, MA, NH, NJ, NY, PA, RI, VT)","Bachelor's degree (BA, BS)","In CBSA, not in central city","NO","3: Mother","YES","NO","NO","NO","NO","0: 0  CONDITION DOES NOT APPLY","ALWAYS WITH RIGHT HAND","ALWAYS WITH RIGHT HAND","ALWAYS WITH RIGHT HAND","ALWAYS WITH RIGHT HAND","ALWAYS WITH LEFT HAND","1: 1  CONDITION APPLIES","1: 1  CONDITION APPLIES","NO","MALE","FEMALE"
1984,64735,3,0,3,33790,5,182,1,1,5,2,2,2,2,2,2,1,1,5,3,7,1,1,26,25,"Male","Hispanic","Northeast (CT, ME, MA, NH, NJ, NY, PA, RI, VT)","None","In CBSA, not in central city","YES","3: Mother","YES","YES","NO","NO","NO","0: 0  CONDITION DOES NOT APPLY","ALWAYS WITH RIGHT HAND","ALWAYS WITH RIGHT HAND","ALWAYS WITH RIGHT HAND","ALWAYS WITH RIGHT HAND","ALWAYS WITH LEFT HAND","0: 0  CONDITION DOES NOT APPLY","1: 1  CONDITION APPLIES","NO","FEMALE","MALE"
1983,64735,4,0,1,33790,5,183,1,1,4,4,5,4,2,2,1,2,1,6,3,9,1,1,26,20,"Female","Non-Black / Non-Hispanic","Northeast (CT, ME, MA, NH, NJ, NY, PA, RI, VT)","High school diploma (Regular 12 year program)","In CBSA, not in central city","NO","3: Mother","YES","NO","NO","NO","YES","0: 0  CONDITION DOES NOT APPLY","ALWAYS WITH RIGHT HAND","ALWAYS WITH RIGHT HAND","ALWAYS WITH RIGHT HAND","ALWAYS WITH RIGHT HAND","ALWAYS WITH LEFT HAND","0: 0  CONDITION DOES NOT APPLY","1: 1  CONDITION APPLIES","YES","MALE","MALE"
1981,101000,3,0,3,33790,5,181,1,2,5,4,4,3,1,2,2,2,1,6,4,7,1,1,29,20,"Female","Black","West (AK, AZ, CA, CO, HI, ID, MT, NV, NM, OR, UT, WA, WY)","Master's degree (MA, MS)","In CBSA, not in central city","NO","3: Mother","YES","NO","YES","NO","YES","0: 0  CONDITION DOES NOT APPLY","ALWAYS WITH RIGHT HAND","ALWAYS WITH RIGHT HAND","ALWAYS WITH RIGHT HAND","ALWAYS WITH RIGHT HAND","ALWAYS WITH LEFT HAND","1: 1  CONDITION APPLIES","1: 1  CONDITION APPLIES","NO","FEMALE","FEMALE"
1985,64735,6,2,6,33790,6,182,2,2,1,2,2,6,2,2,2,1,1,4,3,7,1,1,26,11,"Female","Non-Black / Non-Hispanic","South (AL, AR, DE, DC, FL, GA, KY, LA, MD, MS, NC, OK, SC, TN , TX, VA, WV)","Bachelor's degree (BA, BS)","In CBSA, not in central city","NO","3: Mother","NO","YES","NO","NO","YES","0: 0  CONDITION DOES NOT APPLY","ALWAYS WITH RIGHT HAND","ALWAYS WITH RIGHT HAND","ALWAYS WITH RIGHT HAND","ALWAYS WITH RIGHT HAND","ALWAYS WITH LEFT HAND","0: 0  CONDITION DOES NOT APPLY","1: 1  CONDITION APPLIES","NO","MALE","FEMALE"
1981,64735,2,1,3,33790,5,184,2,1,4,2,5,3,2,2,2,1,2,6,3,6,1,1,28,22,"Female","Non-Black / Non-Hispanic","South (AL, AR, DE, DC, FL, GA, KY, LA, MD, MS, NC, OK, SC, TN , TX, VA, WV)","High school diploma (Regular 12 year program)","In CBSA, not in central city","YES","3: Mother","YES","NO","NO","NO","YES","1: 1  CONDITION APPLIES","ALWAYS WITH RIGHT HAND","ALWAYS WITH RIGHT HAND","ALWAYS WITH RIGHT HAND","ALWAYS WITH RIGHT HAND","ALWAYS WITH LEFT HAND","1: 1  CONDITION APPLIES","1: 1  CONDITION APPLIES","NO","MALE","FEMALE"
1982,64735,2,1,2,33790,5,182,1,1,5,4,2,7,2,2,2,2,1,4,3,6,1,4,31,24,"Female","Black","West (AK, AZ, CA, CO, HI, ID, MT, NV, NM, OR, UT, WA, WY)","Bachelor's degree (BA, BS)","In CBSA, not in central city","NO","3: Mother","YES","NO","NO","NO","NO","0: 0  CONDITION DOES NOT APPLY","ALWAYS WITH RIGHT HAND","ALWAYS WITH RIGHT HAND","ALWAYS WITH RIGHT HAND","ALWAYS WITH RIGHT HAND","ALWAYS WITH LEFT HAND","1: 1  CONDITION APPLIES","0: 0  CONDITION DOES NOT APPLY","NO","FEMALE","FEMALE"
1983,64735,5,1,4,33790,6,185,1,1,3,3,1,2,1,2,1,2,1,4,3,6,1,1,28,21,"Female","Non-Black / Non-Hispanic","Northeast (CT, ME, MA, NH, NJ, NY, PA, RI, VT)","High school diploma (Regular 12 year program)","In CBSA, not in central city","YES","3: Mother","YES","NO","NO","NO","NO","0: 0  CONDITION DOES NOT APPLY","ALWAYS WITH LEFT HAND","ALWAYS WITH RIGHT HAND","ALWAYS WITH RIGHT HAND","ALWAYS WITH RIGHT HAND","ALWAYS WITH LEFT HAND","1: 1  CONDITION APPLIES","1: 1  CONDITION APPLIES","NO","FEMALE","MALE"
1981,64735,3,1,2,33790,4,184,1,1,2,3,2,3,2,2,1,1,1,3,2,6,1,1,32,21,"Male","Non-Black / Non-Hispanic","South (AL, AR, DE, DC, FL, GA, KY, LA, MD, MS, NC, OK, SC, TN , TX, VA, WV)","GED","In CBSA, in central city","NO","3: Mother","YES","NO","NO","NO","NO","0: 0  CONDITION DOES NOT APPLY","ALWAYS WITH RIGHT HAND","ALWAYS WITH RIGHT HAND","ALWAYS WITH RIGHT HAND","ALWAYS WITH RIGHT HAND","ALWAYS WITH LEFT HAND","1: 1  CONDITION APPLIES","0: 0  CONDITION DOES NOT APPLY","NO","MALE","FEMALE"
1980,64735,4,0,2,33790,5,181,2,1,2,4,4,2,2,2,2,2,1,4,2,7,2,1,31,22,"Female","Non-Black / Non-Hispanic","South (AL, AR, DE, DC, FL, GA, KY, LA, MD, MS, NC, OK, SC, TN , TX, VA, WV)","Bachelor's degree (BA, BS)","In CBSA, not in central city","YES","3: Mother","NO","NO","NO","NO","YES","0: 0  CONDITION DOES NOT APPLY","ALWAYS WITH RIGHT HAND","ALWAYS WITH RIGHT HAND","ALWAYS WITH RIGHT HAND","ALWAYS WITH RIGHT HAND","ALWAYS WITH LEFT HAND","1: 1  CONDITION APPLIES","1: 1  CONDITION APPLIES","NO","MALE","FEMALE"
1985,160000,2,0,2,33790,5,181,1,2,5,3,2,1,1,2,1,2,2,4,3,7,1,1,31,17,"Female","Non-Black / Non-Hispanic","Northeast (CT, ME, MA, NH, NJ, NY, PA, RI, VT)","Bachelor's degree (BA, BS)","Not in CBSA","NO","3: Mother","YES","NO","NO","NO","NO","0: 0  CONDITION DOES NOT APPLY","ALWAYS WITH RIGHT HAND","ALWAYS WITH RIGHT HAND","ALWAYS WITH RIGHT HAND","ALWAYS WITH RIGHT HAND","ALWAYS WITH LEFT HAND","1: 1  CONDITION APPLIES","1: 1  CONDITION APPLIES","NO","MALE","FEMALE"
1981,64735,2,0,2,33790,5,182,2,1,6,3,1,6,2,2,1,2,1,9,4,5,1,1,32,20,"Female","Non-Black / Non-Hispanic","West (AK, AZ, CA, CO, HI, ID, MT, NV, NM, OR, UT, WA, WY)","High school diploma (Regular 12 year program)","In CBSA, in central city","NO","3: Mother","YES","NO","YES","NO","YES","0: 0  CONDITION DOES NOT APPLY","USUALLY WITH RIGHT HAND","USUALLY WITH LEFT HAND","USUALLY WITH RIGHT HAND","USUALLY WITH RIGHT HAND","USUALLY WITH RIGHT HAND","1: 1  CONDITION APPLIES","1: 1  CONDITION APPLIES","NO","FEMALE","MALE"
1984,64735,3,0,1,33790,5,183,1,1,1,2,5,5,2,2,2,2,1,6,2,6,1,1,30,20,"Female","Black","South (AL, AR, DE, DC, FL, GA, KY, LA, MD, MS, NC, OK, SC, TN , TX, VA, WV)","Bachelor's degree (BA, BS)","In CBSA, not in central city","NO","3: Mother","NO","NO","NO","NO","YES","0: 0  CONDITION DOES NOT APPLY","ALWAYS WITH RIGHT HAND","ALWAYS WITH RIGHT HAND","ALWAYS WITH RIGHT HAND","ALWAYS WITH RIGHT HAND","ALWAYS WITH LEFT HAND","1: 1  CONDITION APPLIES","1: 1  CONDITION APPLIES","NO","MALE","MALE"
1984,64735,2,0,1,33790,5,183,1,1,3,3,4,4,2,1,1,2,1,6,2,7,1,1,31,21,"Female","Mixed Race (Non-Hispanic)","Northeast (CT, ME, MA, NH, NJ, NY, PA, RI, VT)","Associate/Junior college (AA)","In CBSA, in central city","NO","3: Mother","NO","NO","NO","NO","YES","0: 0  CONDITION DOES NOT APPLY","ALWAYS WITH RIGHT HAND","ALWAYS WITH RIGHT HAND","ALWAYS WITH RIGHT HAND","ALWAYS WITH RIGHT HAND","ALWAYS WITH LEFT HAND","1: 1  CONDITION APPLIES","1: 1  CONDITION APPLIES","NO","FEMALE","MALE"
1984,64735,2,0,3,33790,5,136,1,1,5,3,2,6,2,2,1,2,1,6,4,7,1,1,30,21,"Female","Non-Black / Non-Hispanic","Northeast (CT, ME, MA, NH, NJ, NY, PA, RI, VT)","Bachelor's degree (BA, BS)","In CBSA, in central city","NO","3: Mother","YES","NO","NO","NO","YES","0: 0  CONDITION DOES NOT APPLY","ALWAYS WITH RIGHT HAND","ALWAYS WITH RIGHT HAND","ALWAYS WITH RIGHT HAND","ALWAYS WITH RIGHT HAND","ALWAYS WITH LEFT HAND","1: 1  CONDITION APPLIES","1: 1  CONDITION APPLIES","NO","MALE","FEMALE"
1981,64735,3,1,4,33790,5,182,1,1,4,3,3,5,2,2,1,2,1,4,4,8,1,1,2,13,"Female","Black","Northeast (CT, ME, MA, NH, NJ, NY, PA, RI, VT)","Bachelor's degree (BA, BS)","In CBSA, not in central city","NO","3: Mother","NO","NO","YES","NO","NO","0: 0  CONDITION DOES NOT APPLY","ALWAYS WITH RIGHT HAND","ALWAYS WITH RIGHT HAND","ALWAYS WITH RIGHT HAND","ALWAYS WITH RIGHT HAND","ALWAYS WITH LEFT HAND","1: 1  CONDITION APPLIES","0: 0  CONDITION DOES NOT APPLY","NO","MALE","FEMALE"
1980,64735,4,1,2,85000,6,230,2,1,4,5,1,8,2,2,2,2,1,6,2,6,1,1,29,23,"Male","Non-Black / Non-Hispanic","Northeast (CT, ME, MA, NH, NJ, NY, PA, RI, VT)","High school diploma (Regular 12 year program)","In CBSA, not in central city","NO","3: Mother","YES","NO","NO","NO","YES","0: 0  CONDITION DOES NOT APPLY","ALWAYS WITH RIGHT HAND","ALWAYS WITH RIGHT HAND","ALWAYS WITH RIGHT HAND","ALWAYS WITH RIGHT HAND","ALWAYS WITH LEFT HAND","1: 1  CONDITION APPLIES","1: 1  CONDITION APPLIES","NO","FEMALE","MALE"
1982,64735,2,0,5,33790,5,181,2,1,5,4,5,4,1,2,1,2,1,6,2,6,1,1,30,18,"Female","Non-Black / Non-Hispanic","South (AL, AR, DE, DC, FL, GA, KY, LA, MD, MS, NC, OK, SC, TN , TX, VA, WV)","Bachelor's degree (BA, BS)","In CBSA, in central city","NO","3: Mother","YES","NO","YES","NO","NO","0: 0  CONDITION DOES NOT APPLY","ALWAYS WITH RIGHT HAND","ALWAYS WITH RIGHT HAND","ALWAYS WITH RIGHT HAND","ALWAYS WITH RIGHT HAND","ALWAYS WITH LEFT HAND","0: 0  CONDITION DOES NOT APPLY","1: 1  CONDITION APPLIES","NO","MALE","FEMALE"
1981,64735,1,0,3,33790,6,195,1,1,1,5,1,5,2,2,1,2,1,6,2,8,1,1,32,25,"Male","Non-Black / Non-Hispanic","South (AL, AR, DE, DC, FL, GA, KY, LA, MD, MS, NC, OK, SC, TN , TX, VA, WV)","High school diploma (Regular 12 year program)","In CBSA, in central city","NO","3: Mother","YES","NO","NO","NO","YES","0: 0  CONDITION DOES NOT APPLY","ALWAYS WITH RIGHT HAND","ALWAYS WITH RIGHT HAND","ALWAYS WITH LEFT HAND","ALWAYS WITH RIGHT HAND","ALWAYS WITH LEFT HAND","1: 1  CONDITION APPLIES","1: 1  CONDITION APPLIES","NO","FEMALE","FEMALE"
1982,64735,4,1,1,33790,5,181,1,1,2,3,1,6,2,2,2,1,1,5,2,7,1,1,32,19,"Male","Non-Black / Non-Hispanic","Northeast (CT, ME, MA, NH, NJ, NY, PA, RI, VT)","Bachelor's degree (BA, BS)","In CBSA, in central city","NO","3: Mother","NO","YES","NO","NO","YES","0: 0  CONDITION DOES NOT APPLY","ALWAYS WITH RIGHT HAND","ALWAYS WITH RIGHT HAND","ALWAYS WITH RIGHT HAND","ALWAYS WITH RIGHT HAND","ALWAYS WITH LEFT HAND","1: 1  CONDITION APPLIES","1: 1  CONDITION APPLIES","NO","FEMALE","MALE"
1985,64735,3,1,4,33790,5,184,1,1,1,5,3,4,2,2,2,2,1,6,3,8,1,1,30,21,"Female","Black","West (AK, AZ, CA, CO, HI, ID, MT, NV, NM, OR, UT, WA, WY)","High school diploma (Regular 12 year program)","In CBSA, in central city","NO","3: Mother","NO","NO","NO","NO","YES","0: 0  CONDITION DOES NOT APPLY","ALWAYS WITH RIGHT HAND","ALWAYS WITH RIGHT HAND","ALWAYS WITH RIGHT HAND","ALWAYS WITH RIGHT HAND","ALWAYS WITH LEFT HAND","1: 1  CONDITION APPLIES","1: 1  CONDITION APPLIES","NO","FEMALE","FEMALE"
1982,42800,1,0,2,33790,5,182,2,2,3,3,1,3,2,2,1,2,1,6,1,7,1,1,30,25,"Female","Non-Black / Non-Hispanic","Northeast (CT, ME, MA, NH, NJ, NY, PA, RI, VT)","GED","In CBSA, in central city","NO","3: Mother","YES","NO","NO","NO","YES","0: 0  CONDITION DOES NOT APPLY","ALWAYS WITH RIGHT HAND","ALWAYS WITH RIGHT HAND","ALWAYS WITH RIGHT HAND","ALWAYS WITH RIGHT HAND","ALWAYS WITH LEFT HAND","0: 0  CONDITION DOES NOT APPLY","1: 1  CONDITION APPLIES","NO","MALE","FEMALE"
1982,64735,3,0,1,33790,5,181,1,1,3,3,3,4,2,1,1,1,1,4,3,7,1,1,28,20,"Female","Non-Black / Non-Hispanic","Northeast (CT, ME, MA, NH, NJ, NY, PA, RI, VT)","Bachelor's degree (BA, BS)","In CBSA, not in central city","NO","3: Mother","YES","YES","NO","NO","YES","0: 0  CONDITION DOES NOT APPLY","ALWAYS WITH RIGHT HAND","ALWAYS WITH RIGHT HAND","ALWAYS WITH RIGHT HAND","ALWAYS WITH RIGHT HAND","ALWAYS WITH LEFT HAND","1: 1  CONDITION APPLIES","1: 1  CONDITION APPLIES","NO","FEMALE","MALE"
1982,64735,3,1,6,33790,5,182,1,1,4,3,2,6,2,2,2,2,1,5,1,7,1,1,31,21,"Male","Non-Black / Non-Hispanic","West (AK, AZ, CA, CO, HI, ID, MT, NV, NM, OR, UT, WA, WY)","High school diploma (Regular 12 year program)","In CBSA, not in central city","NO","3: Mother","NO","NO","NO","NO","YES","0: 0  CONDITION DOES NOT APPLY","ALWAYS WITH RIGHT HAND","ALWAYS WITH RIGHT HAND","ALWAYS WITH RIGHT HAND","ALWAYS WITH RIGHT HAND","ALWAYS WITH LEFT HAND","1: 1  CONDITION APPLIES","1: 1  CONDITION APPLIES","NO","MALE","MALE"
1984,64735,4,0,3,65000,5,183,2,1,3,4,2,2,1,2,2,2,1,5,5,7,1,1,28,22,"Male","Black","West (AK, AZ, CA, CO, HI, ID, MT, NV, NM, OR, UT, WA, WY)","High school diploma (Regular 12 year program)","In CBSA, not in central city","YES","3: Mother","NO","NO","NO","NO","NO","0: 0  CONDITION DOES NOT APPLY","ALWAYS WITH RIGHT HAND","ALWAYS WITH RIGHT HAND","ALWAYS WITH RIGHT HAND","ALWAYS WITH RIGHT HAND","ALWAYS WITH LEFT HAND","0: 0  CONDITION DOES NOT APPLY","1: 1  CONDITION APPLIES","NO","FEMALE","FEMALE"
1982,64735,4,1,2,33790,5,183,1,2,3,4,5,3,2,2,2,2,1,5,5,8,1,1,28,20,"Male","Non-Black / Non-Hispanic","North Central (IL, IN, IA, KS, MI, MN, MO, NE, OH, ND, SD, WI)","High school diploma (Regular 12 year program)","In CBSA, not in central city","NO","3: Mother","NO","NO","NO","NO","YES","0: 0  CONDITION DOES NOT APPLY","ALWAYS WITH RIGHT HAND","ALWAYS WITH RIGHT HAND","ALWAYS WITH RIGHT HAND","ALWAYS WITH RIGHT HAND","ALWAYS WITH LEFT HAND","1: 1  CONDITION APPLIES","1: 1  CONDITION APPLIES","NO","FEMALE","FEMALE"
1980,64735,3,1,2,33790,5,183,1,1,4,5,4,4,2,2,2,2,1,7,3,6,1,1,30,28,"Female","Non-Black / Non-Hispanic","Northeast (CT, ME, MA, NH, NJ, NY, PA, RI, VT)","High school diploma (Regular 12 year program)","In CBSA, not in central city","NO","3: Mother","YES","NO","NO","NO","YES","0: 0  CONDITION DOES NOT APPLY","ALWAYS WITH RIGHT HAND","ALWAYS WITH RIGHT HAND","ALWAYS WITH RIGHT HAND","ALWAYS WITH RIGHT HAND","ALWAYS WITH RIGHT HAND","0: 0  CONDITION DOES NOT APPLY","1: 1  CONDITION APPLIES","NO","FEMALE","MALE"
1981,64735,2,0,3,33790,5,183,1,2,4,3,2,3,2,2,1,2,1,6,2,7,2,1,31,21,"Female","Non-Black / Non-Hispanic","West (AK, AZ, CA, CO, HI, ID, MT, NV, NM, OR, UT, WA, WY)","Bachelor's degree (BA, BS)","In CBSA, not in central city","NO","3: Mother","YES","YES","NO","NO","YES","0: 0  CONDITION DOES NOT APPLY","ALWAYS WITH RIGHT HAND","ALWAYS WITH RIGHT HAND","ALWAYS WITH RIGHT HAND","ALWAYS WITH RIGHT HAND","ALWAYS WITH LEFT HAND","1: 1  CONDITION APPLIES","0: 0  CONDITION DOES NOT APPLY","NO","MALE","FEMALE"
1981,64735,2,0,1,33790,5,182,1,1,3,4,4,4,2,2,1,1,1,6,3,8,1,1,24,19,"Female","Black","South (AL, AR, DE, DC, FL, GA, KY, LA, MD, MS, NC, OK, SC, TN , TX, VA, WV)","Master's degree (MA, MS)","In CBSA, not in central city","NO","3: Mother","YES","YES","NO","NO","YES","0: 0  CONDITION DOES NOT APPLY","ALWAYS WITH RIGHT HAND","ALWAYS WITH RIGHT HAND","ALWAYS WITH RIGHT HAND","ALWAYS WITH RIGHT HAND","ALWAYS WITH LEFT HAND","1: 1  CONDITION APPLIES","1: 1  CONDITION APPLIES","NO","MALE","MALE"
1981,64735,7,0,2,33790,5,164,1,1,3,4,2,3,1,2,1,2,1,6,2,7,1,1,31,20,"Female","Non-Black / Non-Hispanic","West (AK, AZ, CA, CO, HI, ID, MT, NV, NM, OR, UT, WA, WY)","High school diploma (Regular 12 year program)","In CBSA, not in central city","NO","3: Mother","NO","NO","NO","NO","YES","0: 0  CONDITION DOES NOT APPLY","ALWAYS WITH RIGHT HAND","ALWAYS WITH RIGHT HAND","ALWAYS WITH RIGHT HAND","ALWAYS WITH RIGHT HAND","ALWAYS WITH RIGHT HAND","0: 0  CONDITION DOES NOT APPLY","1: 1  CONDITION APPLIES","NO","MALE","MALE"
1983,64735,3,1,1,33790,5,184,2,2,4,4,1,4,2,1,2,1,1,3,3,7,1,1,28,19,"Male","Non-Black / Non-Hispanic","West (AK, AZ, CA, CO, HI, ID, MT, NV, NM, OR, UT, WA, WY)","None","In CBSA, not in central city","NO","3: Mother","YES","NO","YES","NO","YES","0: 0  CONDITION DOES NOT APPLY","ALWAYS WITH RIGHT HAND","ALWAYS WITH RIGHT HAND","ALWAYS WITH RIGHT HAND","ALWAYS WITH RIGHT HAND","ALWAYS WITH LEFT HAND","1: 1  CONDITION APPLIES","0: 0  CONDITION DOES NOT APPLY","NO","MALE","FEMALE"
1982,64735,2,0,1,33790,5,250,1,1,3,4,3,3,2,2,1,2,2,2,5,6,1,1,27,22,"Male","Hispanic","West (AK, AZ, CA, CO, HI, ID, MT, NV, NM, OR, UT, WA, WY)","GED","In CBSA, in central city","NO","3: Mother","YES","NO","NO","NO","YES","0: 0  CONDITION DOES NOT APPLY","ALWAYS WITH RIGHT HAND","ALWAYS WITH RIGHT HAND","ALWAYS WITH RIGHT HAND","ALWAYS WITH RIGHT HAND","ALWAYS WITH LEFT HAND","1: 1  CONDITION APPLIES","1: 1  CONDITION APPLIES","NO","FEMALE","MALE"
1982,64735,4,1,1,33790,5,185,1,2,2,3,1,4,2,2,1,2,1,4,1,6,1,1,33,26,"Male","Non-Black / Non-Hispanic","South (AL, AR, DE, DC, FL, GA, KY, LA, MD, MS, NC, OK, SC, TN , TX, VA, WV)","None","In CBSA, not in central city","YES","3: Mother","NO","YES","NO","NO","YES","0: 0  CONDITION DOES NOT APPLY","ALWAYS WITH RIGHT HAND","ALWAYS WITH RIGHT HAND","ALWAYS WITH RIGHT HAND","ALWAYS WITH RIGHT HAND","ALWAYS WITH LEFT HAND","1: 1  CONDITION APPLIES","1: 1  CONDITION APPLIES","NO","FEMALE","MALE"
1984,64735,4,0,4,33790,5,184,1,1,2,3,2,5,2,2,1,2,1,7,2,6,1,1,33,23,"Male","Hispanic","South (AL, AR, DE, DC, FL, GA, KY, LA, MD, MS, NC, OK, SC, TN , TX, VA, WV)","High school diploma (Regular 12 year program)","In CBSA, in central city","NO","3: Mother","NO","YES","YES","NO","NO","0: 0  CONDITION DOES NOT APPLY","ALWAYS WITH RIGHT HAND","ALWAYS WITH RIGHT HAND","ALWAYS WITH RIGHT HAND","ALWAYS WITH RIGHT HAND","ALWAYS WITH LEFT HAND","1: 1  CONDITION APPLIES","1: 1  CONDITION APPLIES","YES","FEMALE","MALE"
1984,64735,4,0,1,33790,5,182,2,2,3,3,2,6,1,2,2,1,1,8,1,7,1,1,37,63,"Male","Black","South (AL, AR, DE, DC, FL, GA, KY, LA, MD, MS, NC, OK, SC, TN , TX, VA, WV)","High school diploma (Regular 12 year program)","In CBSA, in central city","YES","3: Mother","YES","YES","NO","NO","YES","0: 0  CONDITION DOES NOT APPLY","ALWAYS WITH RIGHT HAND","ALWAYS WITH RIGHT HAND","ALWAYS WITH RIGHT HAND","ALWAYS WITH RIGHT HAND","ALWAYS WITH LEFT HAND","1: 1  CONDITION APPLIES","1: 1  CONDITION APPLIES","NO","FEMALE","MALE"
1984,135000,4,0,1,33790,5,181,1,2,5,3,1,3,2,1,1,2,1,6,3,6,1,1,29,22,"Male","Hispanic","West (AK, AZ, CA, CO, HI, ID, MT, NV, NM, OR, UT, WA, WY)","High school diploma (Regular 12 year program)","In CBSA, not in central city","YES","3: Mother","YES","NO","NO","NO","NO","0: 0  CONDITION DOES NOT APPLY","ALWAYS WITH RIGHT HAND","ALWAYS WITH RIGHT HAND","ALWAYS WITH RIGHT HAND","ALWAYS WITH RIGHT HAND","ALWAYS WITH LEFT HAND","1: 1  CONDITION APPLIES","1: 1  CONDITION APPLIES","YES","FEMALE","MALE"
1983,64735,3,1,1,33790,5,183,1,1,3,3,1,4,2,2,1,2,1,4,4,7,1,1,31,21,"Male","Hispanic","Northeast (CT, ME, MA, NH, NJ, NY, PA, RI, VT)","High school diploma (Regular 12 year program)","In CBSA, in central city","YES","3: Mother","NO","NO","NO","NO","NO","0: 0  CONDITION DOES NOT APPLY","ALWAYS WITH RIGHT HAND","ALWAYS WITH RIGHT HAND","ALWAYS WITH RIGHT HAND","ALWAYS WITH RIGHT HAND","ALWAYS WITH LEFT HAND","1: 1  CONDITION APPLIES","1: 1  CONDITION APPLIES","NO","FEMALE","FEMALE"
1982,64735,5,1,2,33790,5,182,2,1,4,4,4,3,2,2,2,2,1,1,4,7,1,1,30,22,"Female","Hispanic","South (AL, AR, DE, DC, FL, GA, KY, LA, MD, MS, NC, OK, SC, TN , TX, VA, WV)","None","In CBSA, not in central city","NO","3: Mother","NO","NO","YES","NO","YES","0: 0  CONDITION DOES NOT APPLY","ALWAYS WITH RIGHT HAND","ALWAYS WITH RIGHT HAND","ALWAYS WITH RIGHT HAND","ALWAYS WITH RIGHT HAND","ALWAYS WITH LEFT HAND","1: 1  CONDITION APPLIES","1: 1  CONDITION APPLIES","NO","FEMALE","MALE"
1984,64735,3,0,2,33790,5,184,1,2,2,8,1,3,2,2,1,2,1,6,3,7,1,1,31,25,"Female","Hispanic","South (AL, AR, DE, DC, FL, GA, KY, LA, MD, MS, NC, OK, SC, TN , TX, VA, WV)","High school diploma (Regular 12 year program)","In CBSA, in central city","YES","3: Mother","YES","NO","NO","NO","YES","0: 0  CONDITION DOES NOT APPLY","ALWAYS WITH RIGHT HAND","ALWAYS WITH RIGHT HAND","ALWAYS WITH RIGHT HAND","ALWAYS WITH RIGHT HAND","ALWAYS WITH LEFT HAND","1: 1  CONDITION APPLIES","1: 1  CONDITION APPLIES","YES","MALE","MALE"
1983,64735,4,0,2,33790,5,184,1,1,3,7,2,5,2,2,1,2,2,3,1,7,1,1,27,20,"Male","Mixed Race (Non-Hispanic)","West (AK, AZ, CA, CO, HI, ID, MT, NV, NM, OR, UT, WA, WY)","Master's degree (MA, MS)","In CBSA, in central city","NO","3: Mother","NO","YES","YES","NO","YES","0: 0  CONDITION DOES NOT APPLY","ALWAYS WITH RIGHT HAND","ALWAYS WITH RIGHT HAND","ALWAYS WITH RIGHT HAND","ALWAYS WITH RIGHT HAND","ALWAYS WITH RIGHT HAND","1: 1  CONDITION APPLIES","1: 1  CONDITION APPLIES","NO","FEMALE","FEMALE"
1984,140000,2,1,1,33790,5,181,1,2,4,3,6,5,1,2,2,2,1,4,1,6,1,1,30,19,"Female","Non-Black / Non-Hispanic","South (AL, AR, DE, DC, FL, GA, KY, LA, MD, MS, NC, OK, SC, TN , TX, VA, WV)","Associate/Junior college (AA)","In CBSA, in central city","NO","3: Mother","NO","NO","NO","NO","YES","0: 0  CONDITION DOES NOT APPLY","ALWAYS WITH RIGHT HAND","ALWAYS WITH RIGHT HAND","ALWAYS WITH RIGHT HAND","ALWAYS WITH RIGHT HAND","ALWAYS WITH LEFT HAND","1: 1  CONDITION APPLIES","1: 1  CONDITION APPLIES","NO","MALE","MALE"
1982,64735,3,1,2,33790,5,182,1,2,3,3,8,4,2,2,1,2,1,7,2,7,1,1,27,20,"Female","Non-Black / Non-Hispanic","South (AL, AR, DE, DC, FL, GA, KY, LA, MD, MS, NC, OK, SC, TN , TX, VA, WV)","High school diploma (Regular 12 year program)","In CBSA, not in central city","NO","3: Mother","NO","NO","YES","YES","YES","0: 0  CONDITION DOES NOT APPLY","ALWAYS WITH RIGHT HAND","ALWAYS WITH RIGHT HAND","ALWAYS WITH RIGHT HAND","ALWAYS WITH RIGHT HAND","ALWAYS WITH LEFT HAND","0: 0  CONDITION DOES NOT APPLY","1: 1  CONDITION APPLIES","NO","FEMALE","MALE"
1985,64735,4,0,1,33790,5,183,1,2,1,4,4,4,2,2,2,2,1,4,1,8,1,1,30,22,"Male","Non-Black / Non-Hispanic","West (AK, AZ, CA, CO, HI, ID, MT, NV, NM, OR, UT, WA, WY)","High school diploma (Regular 12 year program)","In CBSA, not in central city","NO","3: Mother","NO","NO","NO","NO","YES","0: 0  CONDITION DOES NOT APPLY","ALWAYS WITH RIGHT HAND","ALWAYS WITH RIGHT HAND","ALWAYS WITH RIGHT HAND","ALWAYS WITH RIGHT HAND","ALWAYS WITH LEFT HAND","0: 0  CONDITION DOES NOT APPLY","1: 1  CONDITION APPLIES","YES","FEMALE","FEMALE"
1982,64735,4,0,1,33790,5,180,1,1,2,4,2,2,2,1,1,1,1,2,2,8,1,1,31,21,"Female","Hispanic","West (AK, AZ, CA, CO, HI, ID, MT, NV, NM, OR, UT, WA, WY)","High school diploma (Regular 12 year program)","In CBSA, in central city","NO","3: Mother","YES","NO","NO","NO","YES","0: 0  CONDITION DOES NOT APPLY","ALWAYS WITH RIGHT HAND","ALWAYS WITH RIGHT HAND","ALWAYS WITH RIGHT HAND","ALWAYS WITH RIGHT HAND","ALWAYS WITH LEFT HAND","1: 1  CONDITION APPLIES","1: 1  CONDITION APPLIES","YES","FEMALE","MALE"
1980,64735,2,0,2,33790,5,181,1,1,2,2,3,3,1,2,1,1,1,6,3,7,1,1,32,21,"Male","Black","Northeast (CT, ME, MA, NH, NJ, NY, PA, RI, VT)","Bachelor's degree (BA, BS)","In CBSA, in central city","NO","3: Mother","YES","YES","NO","NO","YES","0: 0  CONDITION DOES NOT APPLY","ALWAYS WITH RIGHT HAND","ALWAYS WITH RIGHT HAND","ALWAYS WITH RIGHT HAND","ALWAYS WITH RIGHT HAND","ALWAYS WITH LEFT HAND","1: 1  CONDITION APPLIES","1: 1  CONDITION APPLIES","NO","FEMALE","FEMALE"
1984,64735,4,1,2,33790,5,182,2,1,2,3,2,5,2,2,1,2,1,3,2,7,1,1,33,20,"Male","Non-Black / Non-Hispanic","West (AK, AZ, CA, CO, HI, ID, MT, NV, NM, OR, UT, WA, WY)","High school diploma (Regular 12 year program)","In CBSA, not in central city","NO","3: Mother","NO","NO","NO","NO","YES","0: 0  CONDITION DOES NOT APPLY","ALWAYS WITH RIGHT HAND","ALWAYS WITH RIGHT HAND","ALWAYS WITH RIGHT HAND","ALWAYS WITH RIGHT HAND","ALWAYS WITH LEFT HAND","1: 1  CONDITION APPLIES","1: 1  CONDITION APPLIES","YES","FEMALE","FEMALE"
1982,64735,4,1,1,33790,5,140,1,1,1,6,3,4,2,2,1,1,1,6,2,7,1,1,30,22,"Female","Hispanic","West (AK, AZ, CA, CO, HI, ID, MT, NV, NM, OR, UT, WA, WY)","High school diploma (Regular 12 year program)","In CBSA, not in central city","NO","3: Mother","YES","NO","NO","NO","NO","0: 0  CONDITION DOES NOT APPLY","ALWAYS WITH RIGHT HAND","ALWAYS WITH RIGHT HAND","ALWAYS WITH RIGHT HAND","ALWAYS WITH RIGHT HAND","ALWAYS WITH LEFT HAND","1: 1  CONDITION APPLIES","1: 1  CONDITION APPLIES","NO","FEMALE","MALE"
1982,78000,1,0,1,60000,6,170,1,1,3,3,2,4,2,2,1,2,1,6,4,8,1,1,32,24,"Male","Non-Black / Non-Hispanic","West (AK, AZ, CA, CO, HI, ID, MT, NV, NM, OR, UT, WA, WY)","Bachelor's degree (BA, BS)","In CBSA, in central city","NO","3: Mother","NO","NO","NO","NO","YES","0: 0  CONDITION DOES NOT APPLY","ALWAYS WITH RIGHT HAND","ALWAYS WITH RIGHT HAND","ALWAYS WITH RIGHT HAND","ALWAYS WITH RIGHT HAND","ALWAYS WITH LEFT HAND","1: 1  CONDITION APPLIES","1: 1  CONDITION APPLIES","NO","MALE","FEMALE"
1981,63720,6,0,1,33790,5,181,1,1,4,5,5,6,2,1,1,1,1,5,2,5,1,1,28,14,"Female","Non-Black / Non-Hispanic","South (AL, AR, DE, DC, FL, GA, KY, LA, MD, MS, NC, OK, SC, TN , TX, VA, WV)","Bachelor's degree (BA, BS)","In CBSA, not in central city","NO","3: Mother","YES","YES","NO","NO","NO","0: 0  CONDITION DOES NOT APPLY","ALWAYS WITH RIGHT HAND","ALWAYS WITH RIGHT HAND","ALWAYS WITH RIGHT HAND","ALWAYS WITH RIGHT HAND","ALWAYS WITH LEFT HAND","1: 1  CONDITION APPLIES","1: 1  CONDITION APPLIES","YES","MALE","MALE"
1985,64735,3,1,5,33790,5,184,1,2,1,4,3,5,2,2,1,2,1,3,2,6,1,1,32,21,"Female","Non-Black / Non-Hispanic","North Central (IL, IN, IA, KS, MI, MN, MO, NE, OH, ND, SD, WI)","High school diploma (Regular 12 year program)","In CBSA, not in central city","YES","3: Mother","NO","NO","NO","NO","YES","0: 0  CONDITION DOES NOT APPLY","ALWAYS WITH RIGHT HAND","ALWAYS WITH RIGHT HAND","ALWAYS WITH RIGHT HAND","ALWAYS WITH RIGHT HAND","ALWAYS WITH LEFT HAND","1: 1  CONDITION APPLIES","1: 1  CONDITION APPLIES","NO","MALE","FEMALE"
1980,96632,4,1,4,33790,5,120,1,1,3,2,1,1,2,2,2,1,1,6,4,7,1,1,34,22,"Male","Non-Black / Non-Hispanic","North Central (IL, IN, IA, KS, MI, MN, MO, NE, OH, ND, SD, WI)","Bachelor's degree (BA, BS)","In CBSA, not in central city","NO","3: Mother","NO","NO","NO","NO","YES","0: 0  CONDITION DOES NOT APPLY","ALWAYS WITH RIGHT HAND","ALWAYS WITH RIGHT HAND","ALWAYS WITH RIGHT HAND","ALWAYS WITH RIGHT HAND","ALWAYS WITH LEFT HAND","0: 0  CONDITION DOES NOT APPLY","1: 1  CONDITION APPLIES","NO","MALE","MALE"
1982,64735,2,0,3,51000,5,181,2,1,1,4,4,4,2,2,1,2,1,5,3,7,1,1,31,20,"Male","Non-Black / Non-Hispanic","Northeast (CT, ME, MA, NH, NJ, NY, PA, RI, VT)","Bachelor's degree (BA, BS)","In CBSA, in central city","NO","3: Mother","YES","NO","NO","NO","NO","0: 0  CONDITION DOES NOT APPLY","ALWAYS WITH RIGHT HAND","ALWAYS WITH RIGHT HAND","ALWAYS WITH RIGHT HAND","ALWAYS WITH RIGHT HAND","USUALLY WITH BOTH HANDS EQUALLY","0: 0  CONDITION DOES NOT APPLY","1: 1  CONDITION APPLIES","YES","MALE","MALE"
1981,64735,4,0,2,33790,5,181,1,1,4,3,7,2,2,2,1,1,2,3,5,7,1,1,26,19,"Male","Non-Black / Non-Hispanic","West (AK, AZ, CA, CO, HI, ID, MT, NV, NM, OR, UT, WA, WY)","High school diploma (Regular 12 year program)","In CBSA, not in central city","NO","3: Mother","NO","NO","YES","NO","YES","0: 0  CONDITION DOES NOT APPLY","ALWAYS WITH RIGHT HAND","ALWAYS WITH RIGHT HAND","ALWAYS WITH RIGHT HAND","ALWAYS WITH RIGHT HAND","ALWAYS WITH LEFT HAND","1: 1  CONDITION APPLIES","1: 1  CONDITION APPLIES","NO","MALE","FEMALE"
1980,64735,5,0,3,33790,5,181,1,2,2,4,3,6,2,1,2,1,1,5,1,8,1,1,41,70,"Female","Non-Black / Non-Hispanic","West (AK, AZ, CA, CO, HI, ID, MT, NV, NM, OR, UT, WA, WY)","High school diploma (Regular 12 year program)","In CBSA, not in central city","YES","3: Mother","YES","NO","NO","NO","YES","0: 0  CONDITION DOES NOT APPLY","ALWAYS WITH RIGHT HAND","ALWAYS WITH RIGHT HAND","ALWAYS WITH RIGHT HAND","ALWAYS WITH RIGHT HAND","ALWAYS WITH LEFT HAND","0: 0  CONDITION DOES NOT APPLY","1: 1  CONDITION APPLIES","NO","FEMALE","MALE"
1981,64735,6,0,4,33790,5,180,1,3,3,3,5,3,2,2,2,1,1,2,1,7,1,2,30,18,"Female","Hispanic","West (AK, AZ, CA, CO, HI, ID, MT, NV, NM, OR, UT, WA, WY)","None","In CBSA, not in central city","NO","3: Mother","YES","NO","NO","NO","NO","0: 0  CONDITION DOES NOT APPLY","ALWAYS WITH RIGHT HAND","ALWAYS WITH RIGHT HAND","ALWAYS WITH RIGHT HAND","ALWAYS WITH RIGHT HAND","ALWAYS WITH LEFT HAND","1: 1  CONDITION APPLIES","1: 1  CONDITION APPLIES","YES","FEMALE","MALE"
1983,64735,8,2,2,33790,5,180,1,3,3,3,5,7,1,2,2,2,1,3,1,6,1,1,33,17,"Female","Non-Black / Non-Hispanic","Northeast (CT, ME, MA, NH, NJ, NY, PA, RI, VT)","None","In CBSA, in central city","NO","3: Mother","YES","NO","NO","NO","YES","1: 1  CONDITION APPLIES","ALWAYS WITH RIGHT HAND","ALWAYS WITH RIGHT HAND","ALWAYS WITH RIGHT HAND","ALWAYS WITH RIGHT HAND","ALWAYS WITH LEFT HAND","0: 0  CONDITION DOES NOT APPLY","1: 1  CONDITION APPLIES","NO","FEMALE","FEMALE"
1985,64735,4,1,2,33790,5,183,2,1,5,2,2,5,1,1,2,1,2,2,1,7,2,1,28,18,"Male","Hispanic","South (AL, AR, DE, DC, FL, GA, KY, LA, MD, MS, NC, OK, SC, TN , TX, VA, WV)","None","In CBSA, not in central city","NO","3: Mother","YES","NO","YES","NO","NO","0: 0  CONDITION DOES NOT APPLY","ALWAYS WITH RIGHT HAND","ALWAYS WITH RIGHT HAND","ALWAYS WITH RIGHT HAND","ALWAYS WITH RIGHT HAND","ALWAYS WITH LEFT HAND","1: 1  CONDITION APPLIES","1: 1  CONDITION APPLIES","NO","FEMALE","FEMALE"
1984,64735,3,1,1,33790,5,190,2,2,2,2,1,2,2,2,1,2,1,6,1,7,1,1,29,21,"Female","Black","North Central (IL, IN, IA, KS, MI, MN, MO, NE, OH, ND, SD, WI)","High school diploma (Regular 12 year program)","In CBSA, not in central city","NO","3: Mother","YES","NO","NO","NO","YES","0: 0  CONDITION DOES NOT APPLY","ALWAYS WITH LEFT HAND","ALWAYS WITH RIGHT HAND","USUALLY WITH BOTH HANDS EQUALLY","ALWAYS WITH RIGHT HAND","ALWAYS WITH LEFT HAND","1: 1  CONDITION APPLIES","1: 1  CONDITION APPLIES","NO","MALE","MALE"
1981,64735,2,0,1,21000,5,182,2,1,4,4,3,3,1,2,1,1,1,4,3,8,1,1,30,20,"Female","Non-Black / Non-Hispanic","South (AL, AR, DE, DC, FL, GA, KY, LA, MD, MS, NC, OK, SC, TN , TX, VA, WV)","High school diploma (Regular 12 year program)","In CBSA, not in central city","NO","3: Mother","YES","NO","NO","YES","YES","0: 0  CONDITION DOES NOT APPLY","ALWAYS WITH RIGHT HAND","ALWAYS WITH RIGHT HAND","ALWAYS WITH RIGHT HAND","ALWAYS WITH RIGHT HAND","ALWAYS WITH LEFT HAND","1: 1  CONDITION APPLIES","1: 1  CONDITION APPLIES","NO","FEMALE","FEMALE"
1983,85000,2,0,3,33790,6,186,1,1,2,4,3,3,1,2,2,2,1,4,3,5,1,1,34,21,"Male","Non-Black / Non-Hispanic","West (AK, AZ, CA, CO, HI, ID, MT, NV, NM, OR, UT, WA, WY)","High school diploma (Regular 12 year program)","In CBSA, in central city","NO","3: Mother","YES","NO","NO","NO","YES","0: 0  CONDITION DOES NOT APPLY","ALWAYS WITH RIGHT HAND","ALWAYS WITH RIGHT HAND","ALWAYS WITH RIGHT HAND","ALWAYS WITH RIGHT HAND","ALWAYS WITH LEFT HAND","1: 1  CONDITION APPLIES","0: 0  CONDITION DOES NOT APPLY","NO","FEMALE","MALE"
1983,64735,5,1,1,33790,5,182,1,1,3,3,9,4,2,2,1,2,1,4,6,7,1,1,28,18,"Male","Non-Black / Non-Hispanic","South (AL, AR, DE, DC, FL, GA, KY, LA, MD, MS, NC, OK, SC, TN , TX, VA, WV)","Master's degree (MA, MS)","In CBSA, in central city","NO","3: Mother","YES","YES","NO","NO","NO","0: 0  CONDITION DOES NOT APPLY","ALWAYS WITH RIGHT HAND","ALWAYS WITH RIGHT HAND","ALWAYS WITH RIGHT HAND","ALWAYS WITH RIGHT HAND","ALWAYS WITH LEFT HAND","1: 1  CONDITION APPLIES","1: 1  CONDITION APPLIES","NO","FEMALE","MALE"
1983,64735,3,1,2,33790,6,190,1,1,3,4,2,3,2,2,1,2,1,5,2,6,1,1,29,21,"Male","Non-Black / Non-Hispanic","South (AL, AR, DE, DC, FL, GA, KY, LA, MD, MS, NC, OK, SC, TN , TX, VA, WV)","Associate/Junior college (AA)","In CBSA, not in central city","NO","3: Mother","NO","NO","NO","NO","YES","0: 0  CONDITION DOES NOT APPLY","ALWAYS WITH RIGHT HAND","ALWAYS WITH RIGHT HAND","ALWAYS WITH RIGHT HAND","ALWAYS WITH RIGHT HAND","ALWAYS WITH LEFT HAND","1: 1  CONDITION APPLIES","1: 1  CONDITION APPLIES","NO","MALE","FEMALE"
1981,64735,5,0,4,33790,5,182,1,1,3,6,3,3,1,2,1,1,2,6,2,6,1,1,32,20,"Female","Non-Black / Non-Hispanic","North Central (IL, IN, IA, KS, MI, MN, MO, NE, OH, ND, SD, WI)","High school diploma (Regular 12 year program)","In CBSA, not in central city","YES","3: Mother","NO","NO","NO","NO","YES","0: 0  CONDITION DOES NOT APPLY","ALWAYS WITH RIGHT HAND","ALWAYS WITH RIGHT HAND","ALWAYS WITH RIGHT HAND","ALWAYS WITH RIGHT HAND","ALWAYS WITH LEFT HAND","0: 0  CONDITION DOES NOT APPLY","1: 1  CONDITION APPLIES","NO","MALE","MALE"
1984,64735,6,1,3,33790,6,181,1,2,3,3,2,6,1,2,1,2,2,2,5,5,1,1,34,20,"Female","Black","West (AK, AZ, CA, CO, HI, ID, MT, NV, NM, OR, UT, WA, WY)","High school diploma (Regular 12 year program)","In CBSA, not in central city","YES","3: Mother","NO","NO","NO","NO","YES","0: 0  CONDITION DOES NOT APPLY","ALWAYS WITH RIGHT HAND","USUALLY WITH RIGHT HAND","USUALLY WITH BOTH HANDS EQUALLY","USUALLY WITH BOTH HANDS EQUALLY","USUALLY WITH RIGHT HAND","1: 1  CONDITION APPLIES","1: 1  CONDITION APPLIES","NO","FEMALE","FEMALE"
1984,64735,3,1,1,33790,5,183,2,2,3,1,3,3,2,2,1,2,2,3,1,7,1,1,37,65,"Male","Hispanic","West (AK, AZ, CA, CO, HI, ID, MT, NV, NM, OR, UT, WA, WY)","High school diploma (Regular 12 year program)","In CBSA, in central city","YES","3: Mother","YES","NO","YES","NO","YES","0: 0  CONDITION DOES NOT APPLY","ALWAYS WITH RIGHT HAND","ALWAYS WITH RIGHT HAND","ALWAYS WITH RIGHT HAND","ALWAYS WITH RIGHT HAND","ALWAYS WITH LEFT HAND","1: 1  CONDITION APPLIES","1: 1  CONDITION APPLIES","YES","FEMALE","MALE"
1983,64735,4,1,1,33790,5,120,1,2,1,4,4,4,2,2,2,2,1,5,2,7,1,1,33,22,"Female","Black","South (AL, AR, DE, DC, FL, GA, KY, LA, MD, MS, NC, OK, SC, TN , TX, VA, WV)","GED","In CBSA, not in central city","NO","3: Mother","NO","YES","NO","NO","NO","0: 0  CONDITION DOES NOT APPLY","ALWAYS WITH RIGHT HAND","ALWAYS WITH RIGHT HAND","ALWAYS WITH RIGHT HAND","ALWAYS WITH RIGHT HAND","ALWAYS WITH LEFT HAND","0: 0  CONDITION DOES NOT APPLY","1: 1  CONDITION APPLIES","NO","MALE","FEMALE"
1982,9722,3,0,1,33790,5,160,1,2,1,2,3,3,2,2,2,1,1,3,3,7,1,1,31,21,"Female","Hispanic","South (AL, AR, DE, DC, FL, GA, KY, LA, MD, MS, NC, OK, SC, TN , TX, VA, WV)","Bachelor's degree (BA, BS)","In CBSA, in central city","NO","3: Mother","NO","YES","NO","NO","YES","0: 0  CONDITION DOES NOT APPLY","ALWAYS WITH RIGHT HAND","ALWAYS WITH RIGHT HAND","ALWAYS WITH RIGHT HAND","ALWAYS WITH RIGHT HAND","ALWAYS WITH LEFT HAND","0: 0  CONDITION DOES NOT APPLY","1: 1  CONDITION APPLIES","NO","FEMALE","MALE"
1983,64735,3,1,4,33790,5,183,2,2,3,5,2,4,1,2,2,2,1,6,1,7,1,1,25,8,"Female","Non-Black / Non-Hispanic","South (AL, AR, DE, DC, FL, GA, KY, LA, MD, MS, NC, OK, SC, TN , TX, VA, WV)","High school diploma (Regular 12 year program)","In CBSA, not in central city","NO","3: Mother","NO","NO","NO","NO","YES","0: 0  CONDITION DOES NOT APPLY","ALWAYS WITH RIGHT HAND","ALWAYS WITH RIGHT HAND","ALWAYS WITH RIGHT HAND","ALWAYS WITH RIGHT HAND","ALWAYS WITH LEFT HAND","0: 0  CONDITION DOES NOT APPLY","1: 1  CONDITION APPLIES","YES","MALE","FEMALE"
1982,60000,3,0,3,33790,5,184,1,2,4,3,1,2,2,2,1,1,2,2,4,7,1,1,32,22,"Male","Black","West (AK, AZ, CA, CO, HI, ID, MT, NV, NM, OR, UT, WA, WY)","None","In CBSA, in central city","NO","3: Mother","YES","NO","YES","NO","YES","0: 0  CONDITION DOES NOT APPLY","ALWAYS WITH RIGHT HAND","ALWAYS WITH LEFT HAND","ALWAYS WITH RIGHT HAND","ALWAYS WITH RIGHT HAND","ALWAYS WITH LEFT HAND","1: 1  CONDITION APPLIES","1: 1  CONDITION APPLIES","NO","FEMALE","MALE"
1980,43800,3,1,4,33790,5,183,1,2,5,3,3,4,2,2,1,2,1,4,2,6,1,1,29,9,"Female","Non-Black / Non-Hispanic","South (AL, AR, DE, DC, FL, GA, KY, LA, MD, MS, NC, OK, SC, TN , TX, VA, WV)","GED","In CBSA, not in central city","NO","3: Mother","YES","NO","NO","NO","YES","0: 0  CONDITION DOES NOT APPLY","ALWAYS WITH RIGHT HAND","ALWAYS WITH RIGHT HAND","ALWAYS WITH RIGHT HAND","ALWAYS WITH RIGHT HAND","ALWAYS WITH LEFT HAND","1: 1  CONDITION APPLIES","1: 1  CONDITION APPLIES","NO","FEMALE","FEMALE"
1982,64735,2,0,3,33790,6,184,2,2,3,2,5,3,2,1,2,2,2,1,2,5,3,1,35,24,"Male","Non-Black / Non-Hispanic","West (AK, AZ, CA, CO, HI, ID, MT, NV, NM, OR, UT, WA, WY)","GED","In CBSA, not known","NO","3: Mother","NO","NO","NO","NO","NO","0: 0  CONDITION DOES NOT APPLY","ALWAYS WITH RIGHT HAND","ALWAYS WITH RIGHT HAND","ALWAYS WITH RIGHT HAND","ALWAYS WITH RIGHT HAND","ALWAYS WITH LEFT HAND","1: 1  CONDITION APPLIES","1: 1  CONDITION APPLIES","YES","FEMALE","MALE"
1983,64735,3,0,3,33790,5,192,1,1,2,5,2,3,2,1,1,2,1,3,1,8,1,1,33,18,"Male","Hispanic","West (AK, AZ, CA, CO, HI, ID, MT, NV, NM, OR, UT, WA, WY)","Bachelor's degree (BA, BS)","In CBSA, not in central city","NO","3: Mother","NO","NO","YES","NO","YES","0: 0  CONDITION DOES NOT APPLY","ALWAYS WITH RIGHT HAND","ALWAYS WITH RIGHT HAND","ALWAYS WITH RIGHT HAND","ALWAYS WITH RIGHT HAND","ALWAYS WITH LEFT HAND","1: 1  CONDITION APPLIES","0: 0  CONDITION DOES NOT APPLY","YES","MALE","MALE"
1982,64735,5,0,1,15000,5,185,1,2,1,4,3,6,2,2,1,2,1,3,2,9,1,1,28,21,"Male","Black","South (AL, AR, DE, DC, FL, GA, KY, LA, MD, MS, NC, OK, SC, TN , TX, VA, WV)","Associate/Junior college (AA)","In CBSA, in central city","NO","3: Mother","NO","YES","NO","NO","YES","0: 0  CONDITION DOES NOT APPLY","ALWAYS WITH RIGHT HAND","ALWAYS WITH RIGHT HAND","ALWAYS WITH RIGHT HAND","ALWAYS WITH LEFT HAND","ALWAYS WITH LEFT HAND","0: 0  CONDITION DOES NOT APPLY","1: 1  CONDITION APPLIES","NO","MALE","MALE"
1981,60000,3,1,1,33790,5,183,1,1,3,1,4,5,2,2,1,2,1,5,2,6,1,1,32,19,"Female","Hispanic","West (AK, AZ, CA, CO, HI, ID, MT, NV, NM, OR, UT, WA, WY)","Bachelor's degree (BA, BS)","In CBSA, not in central city","NO","3: Mother","NO","NO","NO","NO","YES","0: 0  CONDITION DOES NOT APPLY","ALWAYS WITH RIGHT HAND","ALWAYS WITH RIGHT HAND","ALWAYS WITH RIGHT HAND","ALWAYS WITH RIGHT HAND","ALWAYS WITH LEFT HAND","1: 1  CONDITION APPLIES","1: 1  CONDITION APPLIES","NO","FEMALE","FEMALE"
1983,64735,3,0,3,33790,5,183,1,1,3,3,2,3,2,2,2,1,1,4,7,5,1,1,32,16,"Female","Non-Black / Non-Hispanic","West (AK, AZ, CA, CO, HI, ID, MT, NV, NM, OR, UT, WA, WY)","GED","In CBSA, in central city","NO","3: Mother","YES","NO","YES","NO","YES","0: 0  CONDITION DOES NOT APPLY","ALWAYS WITH RIGHT HAND","ALWAYS WITH RIGHT HAND","ALWAYS WITH RIGHT HAND","ALWAYS WITH RIGHT HAND","ALWAYS WITH LEFT HAND","1: 1  CONDITION APPLIES","1: 1  CONDITION APPLIES","NO","FEMALE","MALE"
1980,64735,4,0,1,33790,5,182,1,1,4,4,2,1,2,1,2,1,1,2,1,8,1,1,29,18,"Female","Black","West (AK, AZ, CA, CO, HI, ID, MT, NV, NM, OR, UT, WA, WY)","High school diploma (Regular 12 year program)","In CBSA, not in central city","NO","3: Mother","YES","NO","YES","NO","NO","0: 0  CONDITION DOES NOT APPLY","ALWAYS WITH RIGHT HAND","ALWAYS WITH RIGHT HAND","ALWAYS WITH RIGHT HAND","ALWAYS WITH RIGHT HAND","USUALLY WITH BOTH HANDS EQUALLY","1: 1  CONDITION APPLIES","1: 1  CONDITION APPLIES","NO","FEMALE","MALE"
1982,64735,4,1,1,33790,5,180,2,1,1,4,4,4,2,2,1,1,2,4,4,6,1,1,31,17,"Male","Non-Black / Non-Hispanic","South (AL, AR, DE, DC, FL, GA, KY, LA, MD, MS, NC, OK, SC, TN , TX, VA, WV)","High school diploma (Regular 12 year program)","In CBSA, not in central city","NO","3: Mother","YES","NO","NO","NO","YES","0: 0  CONDITION DOES NOT APPLY","ALWAYS WITH RIGHT HAND","ALWAYS WITH RIGHT HAND","ALWAYS WITH RIGHT HAND","ALWAYS WITH RIGHT HAND","ALWAYS WITH RIGHT HAND","1: 1  CONDITION APPLIES","0: 0  CONDITION DOES NOT APPLY","NO","MALE","FEMALE"
1982,316618,5,0,1,33790,5,181,2,2,5,3,2,4,2,2,1,1,1,6,2,7,1,1,32,26,"Male","Non-Black / Non-Hispanic","West (AK, AZ, CA, CO, HI, ID, MT, NV, NM, OR, UT, WA, WY)","High school diploma (Regular 12 year program)","In CBSA, not in central city","YES","3: Mother","YES","NO","NO","NO","YES","0: 0  CONDITION DOES NOT APPLY","ALWAYS WITH RIGHT HAND","ALWAYS WITH RIGHT HAND","ALWAYS WITH RIGHT HAND","ALWAYS WITH RIGHT HAND","ALWAYS WITH LEFT HAND","1: 1  CONDITION APPLIES","1: 1  CONDITION APPLIES","NO","MALE","FEMALE"
1982,64735,3,1,2,33790,5,179,1,2,3,3,2,5,2,2,2,1,1,6,3,6,1,1,30,22,"Female","Non-Black / Non-Hispanic","West (AK, AZ, CA, CO, HI, ID, MT, NV, NM, OR, UT, WA, WY)","High school diploma (Regular 12 year program)","In CBSA, not in central city","NO","3: Mother","NO","NO","NO","NO","YES","0: 0  CONDITION DOES NOT APPLY","ALWAYS WITH RIGHT HAND","ALWAYS WITH RIGHT HAND","ALWAYS WITH RIGHT HAND","ALWAYS WITH RIGHT HAND","ALWAYS WITH LEFT HAND","1: 1  CONDITION APPLIES","1: 1  CONDITION APPLIES","NO","MALE","FEMALE"
1982,64735,3,0,2,33790,5,211,2,1,1,3,3,5,2,2,1,1,1,6,3,7,1,1,8,15,"Female","Non-Black / Non-Hispanic","North Central (IL, IN, IA, KS, MI, MN, MO, NE, OH, ND, SD, WI)","High school diploma (Regular 12 year program)","In CBSA, in central city","NO","3: Mother","NO","YES","NO","NO","YES","0: 0  CONDITION DOES NOT APPLY","ALWAYS WITH RIGHT HAND","ALWAYS WITH RIGHT HAND","ALWAYS WITH RIGHT HAND","ALWAYS WITH RIGHT HAND","ALWAYS WITH LEFT HAND","1: 1  CONDITION APPLIES","1: 1  CONDITION APPLIES","NO","FEMALE","MALE"
1980,49000,7,2,1,33790,5,183,1,2,1,4,1,2,2,2,2,2,1,7,3,7,1,2,26,17,"Female","Non-Black / Non-Hispanic","West (AK, AZ, CA, CO, HI, ID, MT, NV, NM, OR, UT, WA, WY)","Associate/Junior college (AA)","Not in CBSA","NO","3: Mother","NO","YES","NO","NO","YES","0: 0  CONDITION DOES NOT APPLY","ALWAYS WITH RIGHT HAND","ALWAYS WITH RIGHT HAND","ALWAYS WITH RIGHT HAND","ALWAYS WITH RIGHT HAND","ALWAYS WITH LEFT HAND","1: 1  CONDITION APPLIES","1: 1  CONDITION APPLIES","NO","MALE","MALE"
1981,64735,6,2,3,33790,5,181,1,1,3,4,2,4,2,2,2,2,1,3,4,8,1,2,26,15,"Male","Hispanic","West (AK, AZ, CA, CO, HI, ID, MT, NV, NM, OR, UT, WA, WY)","None","In CBSA, not in central city","NO","3: Mother","YES","NO","YES","NO","YES","0: 0  CONDITION DOES NOT APPLY","ALWAYS WITH RIGHT HAND","ALWAYS WITH RIGHT HAND","ALWAYS WITH RIGHT HAND","ALWAYS WITH RIGHT HAND","ALWAYS WITH LEFT HAND","1: 1  CONDITION APPLIES","1: 1  CONDITION APPLIES","YES","FEMALE","FEMALE"
1985,64735,5,0,1,37000,5,182,1,1,2,4,2,5,1,2,2,2,1,6,2,8,1,1,51,69,"Male","Black","West (AK, AZ, CA, CO, HI, ID, MT, NV, NM, OR, UT, WA, WY)","High school diploma (Regular 12 year program)","In CBSA, in central city","YES","3: Mother","YES","YES","NO","NO","YES","0: 0  CONDITION DOES NOT APPLY","ALWAYS WITH RIGHT HAND","ALWAYS WITH RIGHT HAND","ALWAYS WITH RIGHT HAND","ALWAYS WITH RIGHT HAND","ALWAYS WITH LEFT HAND","1: 1  CONDITION APPLIES","1: 1  CONDITION APPLIES","NO","FEMALE","FEMALE"
1980,64735,4,0,1,33790,5,183,1,1,3,3,2,2,2,1,2,2,1,6,1,7,1,1,32,24,"Male","Non-Black / Non-Hispanic","West (AK, AZ, CA, CO, HI, ID, MT, NV, NM, OR, UT, WA, WY)","High school diploma (Regular 12 year program)","In CBSA, not in central city","NO","3: Mother","YES","NO","NO","NO","YES","0: 0  CONDITION DOES NOT APPLY","ALWAYS WITH RIGHT HAND","ALWAYS WITH RIGHT HAND","ALWAYS WITH RIGHT HAND","ALWAYS WITH RIGHT HAND","ALWAYS WITH LEFT HAND","1: 1  CONDITION APPLIES","1: 1  CONDITION APPLIES","NO","FEMALE","FEMALE"
1983,64735,6,1,2,33790,5,182,2,3,5,3,4,1,1,1,1,1,2,1,1,8,1,1,31,17,"Female","Hispanic","West (AK, AZ, CA, CO, HI, ID, MT, NV, NM, OR, UT, WA, WY)","None","In CBSA, not in central city","NO","3: Mother","YES","NO","NO","NO","YES","0: 0  CONDITION DOES NOT APPLY","ALWAYS WITH RIGHT HAND","ALWAYS WITH RIGHT HAND","ALWAYS WITH RIGHT HAND","ALWAYS WITH RIGHT HAND","ALWAYS WITH LEFT HAND","0: 0  CONDITION DOES NOT APPLY","1: 1  CONDITION APPLIES","YES","FEMALE","FEMALE"
1982,64735,1,0,1,33790,6,183,1,1,3,4,4,6,2,2,1,2,1,5,4,5,1,1,32,22,"Male","Non-Black / Non-Hispanic","West (AK, AZ, CA, CO, HI, ID, MT, NV, NM, OR, UT, WA, WY)","Associate/Junior college (AA)","In CBSA, not in central city","NO","3: Mother","YES","NO","NO","NO","YES","0: 0  CONDITION DOES NOT APPLY","ALWAYS WITH RIGHT HAND","ALWAYS WITH RIGHT HAND","ALWAYS WITH RIGHT HAND","ALWAYS WITH RIGHT HAND","ALWAYS WITH LEFT HAND","0: 0  CONDITION DOES NOT APPLY","1: 1  CONDITION APPLIES","NO","FEMALE","FEMALE"
1985,64735,2,1,3,33790,6,321,1,2,1,6,3,6,2,2,2,2,1,4,3,3,1,1,54,23,"Male","Non-Black / Non-Hispanic","West (AK, AZ, CA, CO, HI, ID, MT, NV, NM, OR, UT, WA, WY)","High school diploma (Regular 12 year program)","In CBSA, in central city","YES","3: Mother","YES","NO","NO","NO","NO","0: 0  CONDITION DOES NOT APPLY","ALWAYS WITH RIGHT HAND","ALWAYS WITH RIGHT HAND","USUALLY WITH RIGHT HAND","ALWAYS WITH RIGHT HAND","ALWAYS WITH LEFT HAND","1: 1  CONDITION APPLIES","1: 1  CONDITION APPLIES","NO","FEMALE","FEMALE"
1980,64735,4,0,3,33790,5,183,1,1,1,3,3,2,2,1,2,2,2,1,1,6,2,1,31,20,"Female","Black","South (AL, AR, DE, DC, FL, GA, KY, LA, MD, MS, NC, OK, SC, TN , TX, VA, WV)","GED","In CBSA, in central city","NO","3: Mother","NO","NO","NO","NO","YES","0: 0  CONDITION DOES NOT APPLY","ALWAYS WITH RIGHT HAND","ALWAYS WITH RIGHT HAND","ALWAYS WITH RIGHT HAND","ALWAYS WITH RIGHT HAND","ALWAYS WITH LEFT HAND","1: 1  CONDITION APPLIES","1: 1  CONDITION APPLIES","YES","FEMALE","MALE"
1983,64735,2,1,1,33790,6,180,1,1,3,5,4,5,2,2,2,2,1,6,2,8,1,1,31,20,"Male","Non-Black / Non-Hispanic","North Central (IL, IN, IA, KS, MI, MN, MO, NE, OH, ND, SD, WI)","Bachelor's degree (BA, BS)","In CBSA, in central city","NO","3: Mother","YES","NO","NO","NO","NO","0: 0  CONDITION DOES NOT APPLY","ALWAYS WITH LEFT HAND","ALWAYS WITH RIGHT HAND","ALWAYS WITH LEFT HAND","ALWAYS WITH LEFT HAND","ALWAYS WITH LEFT HAND","1: 1  CONDITION APPLIES","1: 1  CONDITION APPLIES","NO","MALE","MALE"
1981,64735,4,1,2,33790,5,183,2,1,2,4,3,2,2,2,1,2,2,6,3,7,1,1,29,19,"Male","Non-Black / Non-Hispanic","South (AL, AR, DE, DC, FL, GA, KY, LA, MD, MS, NC, OK, SC, TN , TX, VA, WV)","High school diploma (Regular 12 year program)","In CBSA, not in central city","NO","3: Mother","YES","NO","YES","NO","YES","0: 0  CONDITION DOES NOT APPLY","ALWAYS WITH RIGHT HAND","ALWAYS WITH RIGHT HAND","ALWAYS WITH RIGHT HAND","ALWAYS WITH RIGHT HAND","ALWAYS WITH LEFT HAND","1: 1  CONDITION APPLIES","1: 1  CONDITION APPLIES","NO","MALE","FEMALE"
1983,64735,2,1,1,33790,5,177,1,1,3,4,1,3,2,2,2,1,1,6,2,8,1,1,31,24,"Female","Non-Black / Non-Hispanic","South (AL, AR, DE, DC, FL, GA, KY, LA, MD, MS, NC, OK, SC, TN , TX, VA, WV)","High school diploma (Regular 12 year program)","In CBSA, in central city","NO","3: Mother","YES","NO","YES","NO","YES","0: 0  CONDITION DOES NOT APPLY","ALWAYS WITH RIGHT HAND","ALWAYS WITH RIGHT HAND","ALWAYS WITH RIGHT HAND","ALWAYS WITH RIGHT HAND","ALWAYS WITH LEFT HAND","1: 1  CONDITION APPLIES","1: 1  CONDITION APPLIES","NO","FEMALE","MALE"
1981,64735,3,0,1,33790,5,183,1,3,3,6,6,3,2,2,1,2,1,4,1,5,1,1,75,29,"Male","Non-Black / Non-Hispanic","West (AK, AZ, CA, CO, HI, ID, MT, NV, NM, OR, UT, WA, WY)","High school diploma (Regular 12 year program)","In CBSA, in central city","NO","3: Mother","YES","NO","NO","NO","YES","0: 0  CONDITION DOES NOT APPLY","ALWAYS WITH RIGHT HAND","ALWAYS WITH RIGHT HAND","ALWAYS WITH RIGHT HAND","ALWAYS WITH RIGHT HAND","ALWAYS WITH LEFT HAND","1: 1  CONDITION APPLIES","1: 1  CONDITION APPLIES","NO","FEMALE","FEMALE"
1983,64735,3,1,3,33790,5,182,1,1,2,4,2,3,1,2,1,1,1,7,2,7,2,1,34,23,"Male","Non-Black / Non-Hispanic","West (AK, AZ, CA, CO, HI, ID, MT, NV, NM, OR, UT, WA, WY)","High school diploma (Regular 12 year program)","In CBSA, not in central city","NO","3: Mother","YES","NO","NO","NO","YES","0: 0  CONDITION DOES NOT APPLY","ALWAYS WITH RIGHT HAND","ALWAYS WITH RIGHT HAND","ALWAYS WITH RIGHT HAND","ALWAYS WITH RIGHT HAND","ALWAYS WITH LEFT HAND","1: 1  CONDITION APPLIES","1: 1  CONDITION APPLIES","NO","MALE","FEMALE"
1986,87300,2,1,1,36000,5,183,1,2,6,5,1,3,2,2,2,2,1,6,1,6,1,2,34,22,"Male","Non-Black / Non-Hispanic","West (AK, AZ, CA, CO, HI, ID, MT, NV, NM, OR, UT, WA, WY)","High school diploma (Regular 12 year program)","In CBSA, not in central city","YES","3: Mother","NO","NO","NO","NO","YES","0: 0  CONDITION DOES NOT APPLY","ALWAYS WITH RIGHT HAND","ALWAYS WITH RIGHT HAND","ALWAYS WITH RIGHT HAND","ALWAYS WITH RIGHT HAND","ALWAYS WITH LEFT HAND","1: 1  CONDITION APPLIES","0: 0  CONDITION DOES NOT APPLY","NO","FEMALE","FEMALE"
1981,64735,2,0,3,33790,5,183,1,1,2,3,2,3,2,2,2,2,1,6,3,6,1,1,29,21,"Female","Mixed Race (Non-Hispanic)","West (AK, AZ, CA, CO, HI, ID, MT, NV, NM, OR, UT, WA, WY)","Bachelor's degree (BA, BS)","In CBSA, in central city","NO","3: Mother","NO","NO","YES","NO","YES","0: 0  CONDITION DOES NOT APPLY","ALWAYS WITH RIGHT HAND","ALWAYS WITH RIGHT HAND","ALWAYS WITH RIGHT HAND","DON'T DO THIS ACTIVITY","ALWAYS WITH LEFT HAND","1: 1  CONDITION APPLIES","1: 1  CONDITION APPLIES","YES","FEMALE","FEMALE"
1984,64735,3,0,1,33790,5,181,2,1,3,5,4,4,1,2,1,2,1,6,2,5,1,1,33,22,"Female","Non-Black / Non-Hispanic","North Central (IL, IN, IA, KS, MI, MN, MO, NE, OH, ND, SD, WI)","GED","In CBSA, not in central city","NO","5: Adoptive Mother","YES","NO","NO","NO","YES","0: 0  CONDITION DOES NOT APPLY","ALWAYS WITH RIGHT HAND","ALWAYS WITH RIGHT HAND","ALWAYS WITH RIGHT HAND","ALWAYS WITH RIGHT HAND","ALWAYS WITH LEFT HAND","0: 0  CONDITION DOES NOT APPLY","1: 1  CONDITION APPLIES","NO","FEMALE","MALE"
1984,64735,3,1,1,33790,6,178,1,1,5,3,1,4,2,2,1,2,1,6,3,7,1,1,33,21,"Male","Hispanic","West (AK, AZ, CA, CO, HI, ID, MT, NV, NM, OR, UT, WA, WY)","Bachelor's degree (BA, BS)","In CBSA, in central city","NO","3: Mother","NO","NO","NO","NO","NO","0: 0  CONDITION DOES NOT APPLY","ALWAYS WITH RIGHT HAND","ALWAYS WITH RIGHT HAND","ALWAYS WITH RIGHT HAND","ALWAYS WITH RIGHT HAND","ALWAYS WITH LEFT HAND","1: 1  CONDITION APPLIES","1: 1  CONDITION APPLIES","YES","MALE","FEMALE"
1982,64735,7,2,2,33790,5,156,1,1,5,4,5,3,1,2,1,2,1,7,2,8,1,1,30,21,"Male","Non-Black / Non-Hispanic","West (AK, AZ, CA, CO, HI, ID, MT, NV, NM, OR, UT, WA, WY)","High school diploma (Regular 12 year program)","In CBSA, in central city","YES","3: Mother","YES","NO","NO","NO","YES","0: 0  CONDITION DOES NOT APPLY","ALWAYS WITH RIGHT HAND","ALWAYS WITH RIGHT HAND","ALWAYS WITH RIGHT HAND","ALWAYS WITH RIGHT HAND","ALWAYS WITH LEFT HAND","1: 1  CONDITION APPLIES","1: 1  CONDITION APPLIES","NO","FEMALE","MALE"
1980,64735,4,0,1,33790,5,183,2,1,3,3,4,1,2,2,1,1,2,5,4,7,1,1,32,21,"Male","Hispanic","South (AL, AR, DE, DC, FL, GA, KY, LA, MD, MS, NC, OK, SC, TN , TX, VA, WV)","High school diploma (Regular 12 year program)","In CBSA, in central city","NO","3: Mother","YES","NO","YES","NO","NO","0: 0  CONDITION DOES NOT APPLY","DON'T DO THIS ACTIVITY","DON'T DO THIS ACTIVITY","ALWAYS WITH RIGHT HAND","USUALLY WITH BOTH HANDS EQUALLY","ALWAYS WITH LEFT HAND","1: 1  CONDITION APPLIES","1: 1  CONDITION APPLIES","NO","FEMALE","MALE"
1984,64735,4,0,1,33790,5,182,1,1,4,2,2,3,2,2,2,2,2,4,2,6,1,1,29,23,"Male","Non-Black / Non-Hispanic","South (AL, AR, DE, DC, FL, GA, KY, LA, MD, MS, NC, OK, SC, TN , TX, VA, WV)","GED","In CBSA, in central city","NO","3: Mother","YES","NO","YES","NO","YES","0: 0  CONDITION DOES NOT APPLY","DON'T DO THIS ACTIVITY","ALWAYS WITH RIGHT HAND","ALWAYS WITH RIGHT HAND","ALWAYS WITH RIGHT HAND","ALWAYS WITH LEFT HAND","0: 0  CONDITION DOES NOT APPLY","1: 1  CONDITION APPLIES","NO","MALE","MALE"
1980,64735,1,0,5,33790,5,285,1,2,4,5,2,3,2,1,1,2,1,6,3,10,1,2,30,22,"Female","Non-Black / Non-Hispanic","West (AK, AZ, CA, CO, HI, ID, MT, NV, NM, OR, UT, WA, WY)","Bachelor's degree (BA, BS)","In CBSA, in central city","NO","3: Mother","YES","NO","NO","YES","NO","0: 0  CONDITION DOES NOT APPLY","ALWAYS WITH RIGHT HAND","ALWAYS WITH RIGHT HAND","ALWAYS WITH RIGHT HAND","ALWAYS WITH RIGHT HAND","ALWAYS WITH LEFT HAND","1: 1  CONDITION APPLIES","1: 1  CONDITION APPLIES","NO","FEMALE","FEMALE"
1980,64735,7,1,4,33790,5,184,1,3,2,3,2,2,1,2,1,2,1,5,3,7,1,1,37,16,"Female","Black","West (AK, AZ, CA, CO, HI, ID, MT, NV, NM, OR, UT, WA, WY)","High school diploma (Regular 12 year program)","In CBSA, not in central city","NO","3: Mother","NO","YES","NO","NO","NO","0: 0  CONDITION DOES NOT APPLY","ALWAYS WITH RIGHT HAND","ALWAYS WITH RIGHT HAND","ALWAYS WITH RIGHT HAND","ALWAYS WITH RIGHT HAND","ALWAYS WITH RIGHT HAND","1: 1  CONDITION APPLIES","1: 1  CONDITION APPLIES","YES","FEMALE","FEMALE"
1984,64735,3,1,1,33790,6,182,2,2,2,3,4,5,2,2,1,2,2,7,2,6,1,1,30,19,"Female","Non-Black / Non-Hispanic","South (AL, AR, DE, DC, FL, GA, KY, LA, MD, MS, NC, OK, SC, TN , TX, VA, WV)","High school diploma (Regular 12 year program)","In CBSA, in central city","NO","3: Mother","NO","NO","NO","NO","NO","0: 0  CONDITION DOES NOT APPLY","ALWAYS WITH RIGHT HAND","ALWAYS WITH RIGHT HAND","ALWAYS WITH RIGHT HAND","ALWAYS WITH RIGHT HAND","ALWAYS WITH LEFT HAND","0: 0  CONDITION DOES NOT APPLY","1: 1  CONDITION APPLIES","NO","MALE","FEMALE"
1982,64735,2,0,2,33790,6,187,1,1,3,5,1,3,2,2,1,2,1,6,1,5,1,1,34,24,"Male","Non-Black / Non-Hispanic","West (AK, AZ, CA, CO, HI, ID, MT, NV, NM, OR, UT, WA, WY)","High school diploma (Regular 12 year program)","In CBSA, in central city","NO","3: Mother","NO","NO","NO","NO","YES","0: 0  CONDITION DOES NOT APPLY","ALWAYS WITH RIGHT HAND","ALWAYS WITH RIGHT HAND","ALWAYS WITH RIGHT HAND","ALWAYS WITH RIGHT HAND","ALWAYS WITH LEFT HAND","1: 1  CONDITION APPLIES","1: 1  CONDITION APPLIES","YES","FEMALE","FEMALE"
1983,64735,3,0,2,33790,5,185,1,3,6,5,4,5,2,2,1,2,1,6,2,7,1,1,32,23,"Female","Non-Black / Non-Hispanic","South (AL, AR, DE, DC, FL, GA, KY, LA, MD, MS, NC, OK, SC, TN , TX, VA, WV)","Professional degree (DDS, JD, MD)","In CBSA, not in central city","NO","3: Mother","NO","NO","NO","NO","YES","0: 0  CONDITION DOES NOT APPLY","ALWAYS WITH RIGHT HAND","ALWAYS WITH RIGHT HAND","ALWAYS WITH RIGHT HAND","ALWAYS WITH RIGHT HAND","ALWAYS WITH LEFT HAND","1: 1  CONDITION APPLIES","1: 1  CONDITION APPLIES","NO","FEMALE","MALE"
1982,64735,9,1,2,33790,5,181,1,2,1,2,7,2,2,2,1,2,1,6,7,7,6,1,29,21,"Male","Hispanic","West (AK, AZ, CA, CO, HI, ID, MT, NV, NM, OR, UT, WA, WY)","None","In CBSA, not in central city","YES","3: Mother","NO","YES","NO","NO","NO","0: 0  CONDITION DOES NOT APPLY","ALWAYS WITH RIGHT HAND","ALWAYS WITH RIGHT HAND","USUALLY WITH BOTH HANDS EQUALLY","ALWAYS WITH RIGHT HAND","ALWAYS WITH LEFT HAND","1: 1  CONDITION APPLIES","1: 1  CONDITION APPLIES","YES","FEMALE","FEMALE"
1981,64735,4,1,1,33790,5,179,1,1,2,3,6,6,2,2,2,1,2,6,5,8,1,1,30,16,"Male","Black","South (AL, AR, DE, DC, FL, GA, KY, LA, MD, MS, NC, OK, SC, TN , TX, VA, WV)","High school diploma (Regular 12 year program)","In CBSA, in central city","NO","3: Mother","NO","NO","YES","NO","YES","0: 0  CONDITION DOES NOT APPLY","ALWAYS WITH RIGHT HAND","ALWAYS WITH RIGHT HAND","ALWAYS WITH RIGHT HAND","DON'T DO THIS ACTIVITY","DON'T DO THIS ACTIVITY","0: 0  CONDITION DOES NOT APPLY","1: 1  CONDITION APPLIES","YES","FEMALE","FEMALE"
1981,64734,2,1,3,30000,5,186,2,1,4,6,3,2,2,2,1,1,2,1,2,6,1,1,8,26,"Male","Black","Northeast (CT, ME, MA, NH, NJ, NY, PA, RI, VT)","Master's degree (MA, MS)","In CBSA, in central city","NO","3: Mother","YES","NO","NO","NO","YES","0: 0  CONDITION DOES NOT APPLY","ALWAYS WITH RIGHT HAND","ALWAYS WITH RIGHT HAND","ALWAYS WITH RIGHT HAND","ALWAYS WITH RIGHT HAND","ALWAYS WITH LEFT HAND","1: 1  CONDITION APPLIES","1: 1  CONDITION APPLIES","NO","MALE","MALE"
1984,64735,4,1,3,33790,5,183,1,1,2,3,5,3,2,2,2,2,1,5,3,7,1,1,30,20,"Female","Hispanic","West (AK, AZ, CA, CO, HI, ID, MT, NV, NM, OR, UT, WA, WY)","High school diploma (Regular 12 year program)","In CBSA, not in central city","NO","3: Mother","NO","NO","NO","NO","YES","0: 0  CONDITION DOES NOT APPLY","ALWAYS WITH RIGHT HAND","ALWAYS WITH RIGHT HAND","ALWAYS WITH RIGHT HAND","ALWAYS WITH RIGHT HAND","ALWAYS WITH LEFT HAND","1: 1  CONDITION APPLIES","1: 1  CONDITION APPLIES","YES","MALE","MALE"
1980,97500,2,0,1,33790,5,184,1,2,1,5,1,3,2,1,1,1,1,1,1,7,1,1,33,22,"Male","Non-Black / Non-Hispanic","West (AK, AZ, CA, CO, HI, ID, MT, NV, NM, OR, UT, WA, WY)","None","In CBSA, not in central city","NO","3: Mother","YES","NO","NO","NO","NO","0: 0  CONDITION DOES NOT APPLY","ALWAYS WITH RIGHT HAND","ALWAYS WITH RIGHT HAND","USUALLY WITH BOTH HANDS EQUALLY","ALWAYS WITH RIGHT HAND","ALWAYS WITH LEFT HAND","1: 1  CONDITION APPLIES","1: 1  CONDITION APPLIES","YES","FEMALE","MALE"
1982,64735,2,1,1,33790,5,285,1,2,3,5,2,5,2,2,2,2,1,3,2,6,1,1,37,24,"Male","Hispanic","West (AK, AZ, CA, CO, HI, ID, MT, NV, NM, OR, UT, WA, WY)","None","In CBSA, not in central city","YES","3: Mother","NO","NO","YES","NO","YES","0: 0  CONDITION DOES NOT APPLY","ALWAYS WITH RIGHT HAND","ALWAYS WITH RIGHT HAND","ALWAYS WITH RIGHT HAND","ALWAYS WITH RIGHT HAND","ALWAYS WITH LEFT HAND","1: 1  CONDITION APPLIES","1: 1  CONDITION APPLIES","YES","FEMALE","FEMALE"
1981,64735,2,0,2,33790,5,181,1,1,3,5,2,5,1,2,1,2,1,6,2,8,1,1,35,22,"Female","Hispanic","West (AK, AZ, CA, CO, HI, ID, MT, NV, NM, OR, UT, WA, WY)","GED","In CBSA, in central city","NO","3: Mother","NO","NO","YES","NO","NO","0: 0  CONDITION DOES NOT APPLY","DON'T DO THIS ACTIVITY","ALWAYS WITH RIGHT HAND","DON'T DO THIS ACTIVITY","ALWAYS WITH RIGHT HAND","DON'T DO THIS ACTIVITY","1: 1  CONDITION APPLIES","0: 0  CONDITION DOES NOT APPLY","YES","FEMALE","MALE"
1984,60000,4,0,2,33790,5,183,1,2,1,2,4,7,2,2,2,2,2,8,3,6,1,1,30,20,"Female","Hispanic","South (AL, AR, DE, DC, FL, GA, KY, LA, MD, MS, NC, OK, SC, TN , TX, VA, WV)","High school diploma (Regular 12 year program)","In CBSA, in central city","NO","3: Mother","YES","NO","NO","NO","YES","0: 0  CONDITION DOES NOT APPLY","ALWAYS WITH RIGHT HAND","ALWAYS WITH RIGHT HAND","USUALLY WITH RIGHT HAND","ALWAYS WITH RIGHT HAND","ALWAYS WITH LEFT HAND","1: 1  CONDITION APPLIES","1: 1  CONDITION APPLIES","YES","FEMALE","FEMALE"
1982,64735,2,1,1,33790,5,187,3,3,1,4,3,2,1,2,1,2,1,4,6,6,1,1,56,23,"Female","Non-Black / Non-Hispanic","West (AK, AZ, CA, CO, HI, ID, MT, NV, NM, OR, UT, WA, WY)","None","In CBSA, in central city","NO","3: Mother","YES","NO","YES","NO","YES","0: 0  CONDITION DOES NOT APPLY","ALWAYS WITH RIGHT HAND","ALWAYS WITH RIGHT HAND","ALWAYS WITH RIGHT HAND","ALWAYS WITH RIGHT HAND","USUALLY WITH LEFT HAND","1: 1  CONDITION APPLIES","1: 1  CONDITION APPLIES","YES","MALE","FEMALE"
1983,64735,3,0,3,33790,5,183,2,2,4,4,2,3,1,2,1,1,1,5,1,7,1,1,34,23,"Male","Non-Black / Non-Hispanic","South (AL, AR, DE, DC, FL, GA, KY, LA, MD, MS, NC, OK, SC, TN , TX, VA, WV)","High school diploma (Regular 12 year program)","In CBSA, not in central city","NO","3: Mother","YES","YES","NO","NO","YES","0: 0  CONDITION DOES NOT APPLY","ALWAYS WITH RIGHT HAND","ALWAYS WITH RIGHT HAND","ALWAYS WITH RIGHT HAND","USUALLY WITH LEFT HAND","ALWAYS WITH LEFT HAND","1: 1  CONDITION APPLIES","1: 1  CONDITION APPLIES","NO","FEMALE","FEMALE"
1986,64735,3,1,1,33790,5,184,1,1,2,4,3,4,2,2,1,2,2,6,2,7,1,1,30,21,"Male","Hispanic","West (AK, AZ, CA, CO, HI, ID, MT, NV, NM, OR, UT, WA, WY)","None","In CBSA, in central city","NO","3: Mother","YES","YES","YES","NO","YES","0: 0  CONDITION DOES NOT APPLY","ALWAYS WITH RIGHT HAND","ALWAYS WITH RIGHT HAND","ALWAYS WITH RIGHT HAND","ALWAYS WITH RIGHT HAND","ALWAYS WITH LEFT HAND","1: 1  CONDITION APPLIES","1: 1  CONDITION APPLIES","NO","FEMALE","MALE"
1982,64735,4,0,1,33790,5,183,1,1,1,4,6,2,1,2,2,2,1,4,3,5,1,1,50,26,"Female","Hispanic","West (AK, AZ, CA, CO, HI, ID, MT, NV, NM, OR, UT, WA, WY)","High school diploma (Regular 12 year program)","In CBSA, in central city","NO","3: Mother","NO","YES","NO","NO","YES","0: 0  CONDITION DOES NOT APPLY","ALWAYS WITH LEFT HAND","USUALLY WITH BOTH HANDS EQUALLY","ALWAYS WITH RIGHT HAND","ALWAYS WITH RIGHT HAND","USUALLY WITH BOTH HANDS EQUALLY","1: 1  CONDITION APPLIES","1: 1  CONDITION APPLIES","YES","FEMALE","MALE"
1982,64735,3,1,2,33790,5,186,1,1,3,5,4,2,2,2,1,2,2,1,5,8,1,1,29,21,"Female","Hispanic","West (AK, AZ, CA, CO, HI, ID, MT, NV, NM, OR, UT, WA, WY)","None","In CBSA, in central city","NO","3: Mother","NO","NO","NO","NO","NO","0: 0  CONDITION DOES NOT APPLY","ALWAYS WITH RIGHT HAND","ALWAYS WITH RIGHT HAND","USUALLY WITH BOTH HANDS EQUALLY","ALWAYS WITH RIGHT HAND","ALWAYS WITH LEFT HAND","1: 1  CONDITION APPLIES","1: 1  CONDITION APPLIES","NO","FEMALE","MALE"
1980,64735,4,1,1,33790,5,185,1,1,4,4,4,2,2,2,2,2,1,3,2,6,1,1,34,20,"Female","Non-Black / Non-Hispanic","South (AL, AR, DE, DC, FL, GA, KY, LA, MD, MS, NC, OK, SC, TN , TX, VA, WV)","High school diploma (Regular 12 year program)","In CBSA, in central city","NO","3: Mother","YES","NO","NO","NO","YES","0: 0  CONDITION DOES NOT APPLY","ALWAYS WITH RIGHT HAND","ALWAYS WITH RIGHT HAND","ALWAYS WITH RIGHT HAND","ALWAYS WITH RIGHT HAND","ALWAYS WITH RIGHT HAND","1: 1  CONDITION APPLIES","1: 1  CONDITION APPLIES","YES","FEMALE","FEMALE"
1983,64735,1,0,2,33790,5,183,1,1,4,4,3,4,2,1,2,2,1,6,3,6,1,1,26,22,"Male","Non-Black / Non-Hispanic","South (AL, AR, DE, DC, FL, GA, KY, LA, MD, MS, NC, OK, SC, TN , TX, VA, WV)","High school diploma (Regular 12 year program)","In CBSA, in central city","NO","3: Mother","YES","YES","NO","NO","YES","0: 0  CONDITION DOES NOT APPLY","ALWAYS WITH RIGHT HAND","ALWAYS WITH RIGHT HAND","ALWAYS WITH RIGHT HAND","ALWAYS WITH RIGHT HAND","ALWAYS WITH LEFT HAND","1: 1  CONDITION APPLIES","1: 1  CONDITION APPLIES","NO","FEMALE","FEMALE"
1981,64735,8,1,5,33790,5,182,1,2,4,4,2,4,2,2,1,2,1,1,3,6,1,1,32,21,"Female","Hispanic","North Central (IL, IN, IA, KS, MI, MN, MO, NE, OH, ND, SD, WI)","None","In CBSA, not in central city","NO","3: Mother","YES","YES","NO","NO","YES","0: 0  CONDITION DOES NOT APPLY","ALWAYS WITH RIGHT HAND","ALWAYS WITH RIGHT HAND","ALWAYS WITH RIGHT HAND","ALWAYS WITH RIGHT HAND","ALWAYS WITH RIGHT HAND","1: 1  CONDITION APPLIES","1: 1  CONDITION APPLIES","NO","MALE","FEMALE"
1984,64735,5,2,1,33790,5,189,3,2,4,5,2,8,2,2,1,2,1,3,2,5,1,1,36,13,"Female","Hispanic","South (AL, AR, DE, DC, FL, GA, KY, LA, MD, MS, NC, OK, SC, TN , TX, VA, WV)","None","In CBSA, not in central city","NO","3: Mother","YES","NO","NO","NO","YES","0: 0  CONDITION DOES NOT APPLY","ALWAYS WITH RIGHT HAND","ALWAYS WITH RIGHT HAND","ALWAYS WITH RIGHT HAND","ALWAYS WITH RIGHT HAND","ALWAYS WITH LEFT HAND","0: 0  CONDITION DOES NOT APPLY","1: 1  CONDITION APPLIES","NO","MALE","FEMALE"
1982,65000,2,0,2,33790,5,183,1,1,6,3,7,3,2,2,1,2,2,7,4,7,1,1,32,25,"Male","Hispanic","West (AK, AZ, CA, CO, HI, ID, MT, NV, NM, OR, UT, WA, WY)","High school diploma (Regular 12 year program)","In CBSA, in central city","YES","3: Mother","NO","NO","NO","NO","YES","0: 0  CONDITION DOES NOT APPLY","ALWAYS WITH RIGHT HAND","ALWAYS WITH RIGHT HAND","ALWAYS WITH RIGHT HAND","ALWAYS WITH RIGHT HAND","ALWAYS WITH LEFT HAND","1: 1  CONDITION APPLIES","1: 1  CONDITION APPLIES","YES","FEMALE","MALE"
1984,64735,5,1,1,33790,5,180,1,1,4,4,6,4,1,2,1,1,1,6,3,7,2,1,33,20,"Male","Non-Black / Non-Hispanic","West (AK, AZ, CA, CO, HI, ID, MT, NV, NM, OR, UT, WA, WY)","Master's degree (MA, MS)","In CBSA, not in central city","NO","3: Mother","YES","NO","YES","NO","YES","0: 0  CONDITION DOES NOT APPLY","ALWAYS WITH RIGHT HAND","ALWAYS WITH RIGHT HAND","ALWAYS WITH RIGHT HAND","ALWAYS WITH RIGHT HAND","ALWAYS WITH LEFT HAND","0: 0  CONDITION DOES NOT APPLY","1: 1  CONDITION APPLIES","YES","MALE","MALE"
1983,64735,2,0,3,33790,6,183,1,2,4,4,5,4,2,2,2,2,1,6,2,7,2,1,28,31,"Male","Black","South (AL, AR, DE, DC, FL, GA, KY, LA, MD, MS, NC, OK, SC, TN , TX, VA, WV)","High school diploma (Regular 12 year program)","In CBSA, in central city","NO","3: Mother","YES","NO","NO","NO","YES","0: 0  CONDITION DOES NOT APPLY","ALWAYS WITH RIGHT HAND","USUALLY WITH RIGHT HAND","ALWAYS WITH LEFT HAND","ALWAYS WITH RIGHT HAND","ALWAYS WITH LEFT HAND","1: 1  CONDITION APPLIES","1: 1  CONDITION APPLIES","NO","FEMALE","FEMALE"
1983,64735,4,1,3,14000,5,184,1,1,3,4,2,2,2,2,2,2,1,2,3,8,1,1,36,45,"Male","Hispanic","South (AL, AR, DE, DC, FL, GA, KY, LA, MD, MS, NC, OK, SC, TN , TX, VA, WV)","High school diploma (Regular 12 year program)","In CBSA, not in central city","YES","3: Mother","NO","YES","NO","NO","NO","0: 0  CONDITION DOES NOT APPLY","ALWAYS WITH RIGHT HAND","ALWAYS WITH RIGHT HAND","ALWAYS WITH RIGHT HAND","ALWAYS WITH RIGHT HAND","USUALLY WITH BOTH HANDS EQUALLY","1: 1  CONDITION APPLIES","1: 1  CONDITION APPLIES","YES","FEMALE","FEMALE"
1981,64735,3,1,3,33790,5,182,2,2,3,3,2,3,2,2,2,2,1,7,5,7,1,1,31,21,"Male","Non-Black / Non-Hispanic","South (AL, AR, DE, DC, FL, GA, KY, LA, MD, MS, NC, OK, SC, TN , TX, VA, WV)","High school diploma (Regular 12 year program)","In CBSA, not in central city","NO","3: Mother","YES","NO","NO","NO","YES","0: 0  CONDITION DOES NOT APPLY","ALWAYS WITH RIGHT HAND","ALWAYS WITH RIGHT HAND","ALWAYS WITH RIGHT HAND","ALWAYS WITH RIGHT HAND","ALWAYS WITH LEFT HAND","1: 1  CONDITION APPLIES","1: 1  CONDITION APPLIES","YES","FEMALE","FEMALE"
1983,64735,4,0,2,33790,5,183,1,1,4,4,2,2,2,2,1,2,1,7,2,8,1,1,43,64,"Female","Non-Black / Non-Hispanic","West (AK, AZ, CA, CO, HI, ID, MT, NV, NM, OR, UT, WA, WY)","None","In CBSA, in central city","YES","3: Mother","YES","YES","NO","NO","YES","0: 0  CONDITION DOES NOT APPLY","ALWAYS WITH RIGHT HAND","ALWAYS WITH RIGHT HAND","ALWAYS WITH RIGHT HAND","ALWAYS WITH RIGHT HAND","ALWAYS WITH LEFT HAND","1: 1  CONDITION APPLIES","1: 1  CONDITION APPLIES","NO","FEMALE","MALE"
1980,64735,7,0,3,33790,5,183,2,3,2,3,6,4,2,2,2,1,1,5,1,6,1,1,29,21,"Female","Hispanic","West (AK, AZ, CA, CO, HI, ID, MT, NV, NM, OR, UT, WA, WY)","High school diploma (Regular 12 year program)","In CBSA, not in central city","YES","3: Mother","NO","YES","YES","YES","NO","0: 0  CONDITION DOES NOT APPLY","ALWAYS WITH RIGHT HAND","ALWAYS WITH RIGHT HAND","ALWAYS WITH RIGHT HAND","ALWAYS WITH RIGHT HAND","USUALLY WITH LEFT HAND","1: 1  CONDITION APPLIES","1: 1  CONDITION APPLIES","YES","FEMALE","FEMALE"
1986,64735,5,0,3,33790,5,170,2,2,5,4,2,2,1,2,2,2,2,1,5,7,6,1,6,16,"Male","Hispanic","South (AL, AR, DE, DC, FL, GA, KY, LA, MD, MS, NC, OK, SC, TN , TX, VA, WV)","None","In CBSA, in central city","NO","3: Mother","NO","YES","YES","NO","NO","0: 0  CONDITION DOES NOT APPLY","ALWAYS WITH RIGHT HAND","ALWAYS WITH RIGHT HAND","USUALLY WITH LEFT HAND","ALWAYS WITH RIGHT HAND","ALWAYS WITH LEFT HAND","1: 1  CONDITION APPLIES","1: 1  CONDITION APPLIES","YES","MALE","MALE"
1981,64735,4,1,3,33790,5,183,1,1,1,3,2,3,2,2,2,2,1,6,2,7,1,1,31,21,"Male","Non-Black / Non-Hispanic","North Central (IL, IN, IA, KS, MI, MN, MO, NE, OH, ND, SD, WI)","High school diploma (Regular 12 year program)","In CBSA, not in central city","YES","3: Mother","YES","NO","NO","NO","YES","0: 0  CONDITION DOES NOT APPLY","ALWAYS WITH RIGHT HAND","USUALLY WITH BOTH HANDS EQUALLY","ALWAYS WITH RIGHT HAND","ALWAYS WITH RIGHT HAND","ALWAYS WITH RIGHT HAND","1: 1  CONDITION APPLIES","1: 1  CONDITION APPLIES","NO","MALE","FEMALE"
1982,64735,2,1,1,33790,5,130,2,1,3,6,3,4,2,2,1,2,2,5,2,7,1,1,33,22,"Male","Non-Black / Non-Hispanic","South (AL, AR, DE, DC, FL, GA, KY, LA, MD, MS, NC, OK, SC, TN , TX, VA, WV)","GED","In CBSA, not in central city","YES","3: Mother","YES","NO","NO","NO","YES","0: 0  CONDITION DOES NOT APPLY","ALWAYS WITH RIGHT HAND","ALWAYS WITH RIGHT HAND","ALWAYS WITH RIGHT HAND","ALWAYS WITH RIGHT HAND","ALWAYS WITH LEFT HAND","1: 1  CONDITION APPLIES","0: 0  CONDITION DOES NOT APPLY","NO","MALE","MALE"
1981,64735,4,0,6,33790,5,182,1,1,1,3,1,4,2,2,2,2,2,4,3,6,1,1,25,18,"Female","Non-Black / Non-Hispanic","South (AL, AR, DE, DC, FL, GA, KY, LA, MD, MS, NC, OK, SC, TN , TX, VA, WV)","High school diploma (Regular 12 year program)","In CBSA, not in central city","NO","3: Mother","NO","YES","NO","NO","NO","0: 0  CONDITION DOES NOT APPLY","ALWAYS WITH RIGHT HAND","ALWAYS WITH RIGHT HAND","ALWAYS WITH RIGHT HAND","USUALLY WITH RIGHT HAND","ALWAYS WITH LEFT HAND","1: 1  CONDITION APPLIES","1: 1  CONDITION APPLIES","NO","FEMALE","MALE"
1984,39250,3,1,3,33790,4,184,1,1,3,4,2,3,2,1,2,2,1,4,3,7,1,1,31,22,"Female","Black","South (AL, AR, DE, DC, FL, GA, KY, LA, MD, MS, NC, OK, SC, TN , TX, VA, WV)","Professional degree (DDS, JD, MD)","In CBSA, not in central city","NO","3: Mother","YES","NO","NO","NO","YES","0: 0  CONDITION DOES NOT APPLY","ALWAYS WITH RIGHT HAND","ALWAYS WITH RIGHT HAND","ALWAYS WITH RIGHT HAND","ALWAYS WITH RIGHT HAND","ALWAYS WITH LEFT HAND","1: 1  CONDITION APPLIES","1: 1  CONDITION APPLIES","YES","FEMALE","MALE"
1981,64735,3,1,3,33790,5,184,1,1,3,4,2,5,2,2,1,2,1,7,2,6,1,1,28,5,"Male","Non-Black / Non-Hispanic","South (AL, AR, DE, DC, FL, GA, KY, LA, MD, MS, NC, OK, SC, TN , TX, VA, WV)","Bachelor's degree (BA, BS)","In CBSA, in central city","NO","3: Mother","NO","NO","NO","NO","YES","0: 0  CONDITION DOES NOT APPLY","ALWAYS WITH RIGHT HAND","ALWAYS WITH RIGHT HAND","ALWAYS WITH RIGHT HAND","ALWAYS WITH RIGHT HAND","ALWAYS WITH LEFT HAND","0: 0  CONDITION DOES NOT APPLY","1: 1  CONDITION APPLIES","NO","MALE","FEMALE"
1982,64735,4,0,1,33790,5,181,1,1,2,1,3,2,1,2,1,1,1,7,2,7,1,1,40,47,"Female","Black","West (AK, AZ, CA, CO, HI, ID, MT, NV, NM, OR, UT, WA, WY)","High school diploma (Regular 12 year program)","In CBSA, not in central city","NO","3: Mother","NO","NO","NO","NO","YES","0: 0  CONDITION DOES NOT APPLY","ALWAYS WITH RIGHT HAND","ALWAYS WITH RIGHT HAND","ALWAYS WITH RIGHT HAND","ALWAYS WITH RIGHT HAND","ALWAYS WITH LEFT HAND","1: 1  CONDITION APPLIES","1: 1  CONDITION APPLIES","YES","FEMALE","MALE"
1983,64735,4,0,7,33790,5,182,1,1,1,3,1,2,1,2,1,2,1,6,2,6,1,1,34,25,"Female","Hispanic","West (AK, AZ, CA, CO, HI, ID, MT, NV, NM, OR, UT, WA, WY)","High school diploma (Regular 12 year program)","In CBSA, not in central city","NO","3: Mother","NO","NO","NO","NO","YES","0: 0  CONDITION DOES NOT APPLY","ALWAYS WITH RIGHT HAND","USUALLY WITH RIGHT HAND","ALWAYS WITH RIGHT HAND","ALWAYS WITH RIGHT HAND","ALWAYS WITH LEFT HAND","1: 1  CONDITION APPLIES","1: 1  CONDITION APPLIES","NO","FEMALE","MALE"
1982,64735,4,0,4,33790,5,179,1,2,2,3,8,3,2,2,1,1,2,1,1,7,1,1,27,21,"Female","Non-Black / Non-Hispanic","South (AL, AR, DE, DC, FL, GA, KY, LA, MD, MS, NC, OK, SC, TN , TX, VA, WV)","High school diploma (Regular 12 year program)","Not in CBSA","YES","3: Mother","YES","YES","YES","NO","YES","0: 0  CONDITION DOES NOT APPLY","ALWAYS WITH RIGHT HAND","ALWAYS WITH RIGHT HAND","ALWAYS WITH RIGHT HAND","ALWAYS WITH RIGHT HAND","ALWAYS WITH RIGHT HAND","0: 0  CONDITION DOES NOT APPLY","1: 1  CONDITION APPLIES","YES","FEMALE","FEMALE"
1981,64735,5,0,2,33790,5,183,1,2,3,5,1,7,2,1,2,1,1,4,1,7,1,1,50,31,"Female","Hispanic","West (AK, AZ, CA, CO, HI, ID, MT, NV, NM, OR, UT, WA, WY)","High school diploma (Regular 12 year program)","In CBSA, not in central city","YES","3: Mother","YES","NO","NO","NO","YES","0: 0  CONDITION DOES NOT APPLY","ALWAYS WITH RIGHT HAND","ALWAYS WITH RIGHT HAND","ALWAYS WITH RIGHT HAND","ALWAYS WITH RIGHT HAND","ALWAYS WITH LEFT HAND","1: 1  CONDITION APPLIES","1: 1  CONDITION APPLIES","YES","MALE","MALE"
1981,50000,3,1,1,33790,5,182,1,1,2,3,2,4,2,2,1,2,1,3,3,6,1,1,34,23,"Female","Hispanic","South (AL, AR, DE, DC, FL, GA, KY, LA, MD, MS, NC, OK, SC, TN , TX, VA, WV)","High school diploma (Regular 12 year program)","In CBSA, in central city","NO","3: Mother","NO","NO","YES","NO","YES","0: 0  CONDITION DOES NOT APPLY","ALWAYS WITH RIGHT HAND","ALWAYS WITH LEFT HAND","ALWAYS WITH RIGHT HAND","ALWAYS WITH RIGHT HAND","ALWAYS WITH LEFT HAND","0: 0  CONDITION DOES NOT APPLY","1: 1  CONDITION APPLIES","YES","MALE","FEMALE"
1984,64735,4,0,1,33000,5,182,1,1,3,6,6,2,2,2,1,2,1,6,1,8,1,1,45,72,"Female","Hispanic","Northeast (CT, ME, MA, NH, NJ, NY, PA, RI, VT)","High school diploma (Regular 12 year program)","In CBSA, in central city","YES","3: Mother","YES","NO","YES","NO","NO","0: 0  CONDITION DOES NOT APPLY","ALWAYS WITH RIGHT HAND","ALWAYS WITH RIGHT HAND","ALWAYS WITH RIGHT HAND","ALWAYS WITH RIGHT HAND","ALWAYS WITH LEFT HAND","0: 0  CONDITION DOES NOT APPLY","1: 1  CONDITION APPLIES","NO","FEMALE","MALE"
1983,64735,3,1,2,33790,5,179,2,2,1,4,3,2,1,2,2,1,1,5,3,8,1,1,37,23,"Female","Black","South (AL, AR, DE, DC, FL, GA, KY, LA, MD, MS, NC, OK, SC, TN , TX, VA, WV)","None","In CBSA, in central city","YES","3: Mother","NO","YES","NO","NO","NO","0: 0  CONDITION DOES NOT APPLY","ALWAYS WITH RIGHT HAND","USUALLY WITH BOTH HANDS EQUALLY","ALWAYS WITH RIGHT HAND","ALWAYS WITH RIGHT HAND","ALWAYS WITH LEFT HAND","1: 1  CONDITION APPLIES","1: 1  CONDITION APPLIES","NO","MALE","MALE"
1983,154000,6,1,2,33790,5,180,1,1,3,4,4,4,1,1,1,2,2,3,3,6,1,1,41,50,"Female","Non-Black / Non-Hispanic","South (AL, AR, DE, DC, FL, GA, KY, LA, MD, MS, NC, OK, SC, TN , TX, VA, WV)","Associate/Junior college (AA)","In CBSA, in central city","YES","3: Mother","YES","YES","NO","NO","YES","0: 0  CONDITION DOES NOT APPLY","ALWAYS WITH RIGHT HAND","ALWAYS WITH RIGHT HAND","ALWAYS WITH LEFT HAND","ALWAYS WITH RIGHT HAND","ALWAYS WITH LEFT HAND","1: 1  CONDITION APPLIES","1: 1  CONDITION APPLIES","NO","FEMALE","FEMALE"
1982,64735,4,1,1,33790,5,183,1,2,1,9,2,2,2,2,1,1,1,5,4,7,1,1,32,22,"Female","Black","South (AL, AR, DE, DC, FL, GA, KY, LA, MD, MS, NC, OK, SC, TN , TX, VA, WV)","GED","In CBSA, not in central city","NO","3: Mother","NO","YES","NO","NO","YES","0: 0  CONDITION DOES NOT APPLY","ALWAYS WITH RIGHT HAND","ALWAYS WITH RIGHT HAND","ALWAYS WITH RIGHT HAND","ALWAYS WITH RIGHT HAND","ALWAYS WITH LEFT HAND","1: 1  CONDITION APPLIES","1: 1  CONDITION APPLIES","NO","FEMALE","FEMALE"
1983,64735,5,1,1,33790,5,183,2,2,3,4,3,4,2,2,1,1,1,6,3,6,1,1,28,3,"Male","Non-Black / Non-Hispanic","West (AK, AZ, CA, CO, HI, ID, MT, NV, NM, OR, UT, WA, WY)","Bachelor's degree (BA, BS)","In CBSA, in central city","NO","3: Mother","NO","NO","NO","NO","YES","0: 0  CONDITION DOES NOT APPLY","ALWAYS WITH RIGHT HAND","ALWAYS WITH RIGHT HAND","ALWAYS WITH RIGHT HAND","ALWAYS WITH RIGHT HAND","ALWAYS WITH LEFT HAND","1: 1  CONDITION APPLIES","1: 1  CONDITION APPLIES","NO","FEMALE","FEMALE"
1984,64735,6,1,1,33790,5,180,1,1,2,3,3,5,2,2,1,1,1,6,3,5,1,1,33,19,"Female","Hispanic","West (AK, AZ, CA, CO, HI, ID, MT, NV, NM, OR, UT, WA, WY)","High school diploma (Regular 12 year program)","In CBSA, not in central city","NO","3: Mother","NO","NO","NO","NO","YES","0: 0  CONDITION DOES NOT APPLY","ALWAYS WITH RIGHT HAND","ALWAYS WITH RIGHT HAND","ALWAYS WITH RIGHT HAND","ALWAYS WITH RIGHT HAND","ALWAYS WITH LEFT HAND","1: 1  CONDITION APPLIES","1: 1  CONDITION APPLIES","YES","FEMALE","FEMALE"
1980,64735,7,1,1,33790,5,182,2,2,4,4,5,3,2,1,2,2,1,6,1,6,1,2,32,21,"Male","Black","North Central (IL, IN, IA, KS, MI, MN, MO, NE, OH, ND, SD, WI)","High school diploma (Regular 12 year program)","In CBSA, not in central city","NO","3: Mother","NO","YES","NO","NO","YES","0: 0  CONDITION DOES NOT APPLY","ALWAYS WITH RIGHT HAND","ALWAYS WITH RIGHT HAND","ALWAYS WITH RIGHT HAND","ALWAYS WITH LEFT HAND","ALWAYS WITH LEFT HAND","1: 1  CONDITION APPLIES","1: 1  CONDITION APPLIES","YES","MALE","FEMALE"
1982,64735,3,0,5,33790,5,200,1,1,8,2,3,4,2,1,1,2,1,6,2,7,1,1,34,53,"Female","Non-Black / Non-Hispanic","South (AL, AR, DE, DC, FL, GA, KY, LA, MD, MS, NC, OK, SC, TN , TX, VA, WV)","Bachelor's degree (BA, BS)","In CBSA, in central city","YES","3: Mother","NO","YES","YES","NO","YES","0: 0  CONDITION DOES NOT APPLY","ALWAYS WITH RIGHT HAND","ALWAYS WITH RIGHT HAND","ALWAYS WITH RIGHT HAND","ALWAYS WITH RIGHT HAND","ALWAYS WITH LEFT HAND","1: 1  CONDITION APPLIES","1: 1  CONDITION APPLIES","NO","FEMALE","MALE"
1980,64735,2,1,3,33790,5,182,1,1,4,3,4,4,2,2,1,1,1,6,2,6,1,1,30,19,"Female","Non-Black / Non-Hispanic","West (AK, AZ, CA, CO, HI, ID, MT, NV, NM, OR, UT, WA, WY)","High school diploma (Regular 12 year program)","In CBSA, in central city","NO","3: Mother","YES","NO","NO","NO","YES","0: 0  CONDITION DOES NOT APPLY","ALWAYS WITH RIGHT HAND","ALWAYS WITH RIGHT HAND","ALWAYS WITH RIGHT HAND","ALWAYS WITH RIGHT HAND","ALWAYS WITH LEFT HAND","1: 1  CONDITION APPLIES","1: 1  CONDITION APPLIES","NO","FEMALE","FEMALE"
1982,64735,5,1,2,33790,5,183,1,2,3,4,2,3,2,2,1,1,1,3,2,7,1,1,33,21,"Male","Non-Black / Non-Hispanic","South (AL, AR, DE, DC, FL, GA, KY, LA, MD, MS, NC, OK, SC, TN , TX, VA, WV)","None","In CBSA, not in central city","NO","3: Mother","NO","NO","NO","NO","YES","1: 1  CONDITION APPLIES","ALWAYS WITH RIGHT HAND","ALWAYS WITH RIGHT HAND","ALWAYS WITH RIGHT HAND","ALWAYS WITH RIGHT HAND","ALWAYS WITH LEFT HAND","1: 1  CONDITION APPLIES","1: 1  CONDITION APPLIES","YES","MALE","MALE"
1984,64735,5,0,3,33790,5,184,2,1,1,4,3,4,2,2,1,2,2,3,2,7,1,1,28,22,"Female","Non-Black / Non-Hispanic","West (AK, AZ, CA, CO, HI, ID, MT, NV, NM, OR, UT, WA, WY)","High school diploma (Regular 12 year program)","In CBSA, not in central city","NO","3: Mother","NO","YES","NO","NO","YES","0: 0  CONDITION DOES NOT APPLY","ALWAYS WITH RIGHT HAND","ALWAYS WITH RIGHT HAND","ALWAYS WITH RIGHT HAND","ALWAYS WITH RIGHT HAND","ALWAYS WITH LEFT HAND","1: 1  CONDITION APPLIES","1: 1  CONDITION APPLIES","NO","FEMALE","MALE"
1980,64735,4,0,2,33790,5,183,2,1,4,2,3,3,1,2,2,2,1,7,1,6,2,1,29,22,"Male","Black","Northeast (CT, ME, MA, NH, NJ, NY, PA, RI, VT)","High school diploma (Regular 12 year program)","In CBSA, in central city","NO","3: Mother","YES","NO","NO","NO","YES","0: 0  CONDITION DOES NOT APPLY","ALWAYS WITH RIGHT HAND","ALWAYS WITH RIGHT HAND","ALWAYS WITH RIGHT HAND","ALWAYS WITH RIGHT HAND","ALWAYS WITH LEFT HAND","1: 1  CONDITION APPLIES","1: 1  CONDITION APPLIES","YES","FEMALE","FEMALE"
1984,64735,4,1,1,33790,5,184,2,1,4,3,5,4,2,2,1,2,1,6,2,6,1,1,33,23,"Male","Hispanic","West (AK, AZ, CA, CO, HI, ID, MT, NV, NM, OR, UT, WA, WY)","GED","In CBSA, in central city","YES","3: Mother","YES","NO","NO","NO","NO","0: 0  CONDITION DOES NOT APPLY","ALWAYS WITH LEFT HAND","ALWAYS WITH LEFT HAND","ALWAYS WITH LEFT HAND","ALWAYS WITH LEFT HAND","ALWAYS WITH LEFT HAND","1: 1  CONDITION APPLIES","1: 1  CONDITION APPLIES","YES","MALE","FEMALE"
1984,64735,3,0,2,33790,5,182,1,1,1,4,2,2,2,2,1,2,1,4,3,7,1,1,32,22,"Male","Non-Black / Non-Hispanic","Northeast (CT, ME, MA, NH, NJ, NY, PA, RI, VT)","Bachelor's degree (BA, BS)","In CBSA, in central city","NO","3: Mother","YES","NO","NO","NO","YES","0: 0  CONDITION DOES NOT APPLY","USUALLY WITH RIGHT HAND","ALWAYS WITH RIGHT HAND","ALWAYS WITH RIGHT HAND","ALWAYS WITH RIGHT HAND","ALWAYS WITH RIGHT HAND","1: 1  CONDITION APPLIES","1: 1  CONDITION APPLIES","NO","FEMALE","MALE"
1984,64735,3,1,3,33790,5,182,2,2,3,1,3,5,2,2,2,2,1,5,1,7,1,1,31,22,"Male","Black","North Central (IL, IN, IA, KS, MI, MN, MO, NE, OH, ND, SD, WI)","High school diploma (Regular 12 year program)","In CBSA, not in central city","NO","3: Mother","YES","NO","NO","NO","YES","0: 0  CONDITION DOES NOT APPLY","ALWAYS WITH RIGHT HAND","ALWAYS WITH RIGHT HAND","ALWAYS WITH RIGHT HAND","ALWAYS WITH RIGHT HAND","ALWAYS WITH LEFT HAND","0: 0  CONDITION DOES NOT APPLY","1: 1  CONDITION APPLIES","NO","FEMALE","FEMALE"
1981,64735,4,0,3,33790,5,220,1,2,3,4,2,4,2,2,2,1,1,6,1,6,1,1,30,21,"Female","Non-Black / Non-Hispanic","South (AL, AR, DE, DC, FL, GA, KY, LA, MD, MS, NC, OK, SC, TN , TX, VA, WV)","High school diploma (Regular 12 year program)","In CBSA, in central city","NO","3: Mother","YES","NO","NO","YES","YES","0: 0  CONDITION DOES NOT APPLY","ALWAYS WITH RIGHT HAND","ALWAYS WITH RIGHT HAND","ALWAYS WITH RIGHT HAND","ALWAYS WITH RIGHT HAND","ALWAYS WITH LEFT HAND","1: 1  CONDITION APPLIES","1: 1  CONDITION APPLIES","NO","MALE","MALE"
1982,64735,4,0,1,33790,6,184,2,1,1,5,2,3,2,2,1,2,1,7,3,7,1,1,35,25,"Female","Non-Black / Non-Hispanic","West (AK, AZ, CA, CO, HI, ID, MT, NV, NM, OR, UT, WA, WY)","Bachelor's degree (BA, BS)","In CBSA, not in central city","YES","3: Mother","YES","NO","YES","YES","YES","0: 0  CONDITION DOES NOT APPLY","USUALLY WITH RIGHT HAND","USUALLY WITH RIGHT HAND","USUALLY WITH RIGHT HAND","USUALLY WITH RIGHT HAND","USUALLY WITH LEFT HAND","1: 1  CONDITION APPLIES","1: 1  CONDITION APPLIES","NO","FEMALE","MALE"
1983,64735,2,1,3,30000,5,180,1,1,2,3,3,3,1,2,1,2,1,4,3,8,1,1,27,19,"Female","Non-Black / Non-Hispanic","South (AL, AR, DE, DC, FL, GA, KY, LA, MD, MS, NC, OK, SC, TN , TX, VA, WV)","GED","In CBSA, not in central city","NO","3: Mother","NO","NO","NO","NO","YES","0: 0  CONDITION DOES NOT APPLY","ALWAYS WITH RIGHT HAND","ALWAYS WITH RIGHT HAND","ALWAYS WITH RIGHT HAND","ALWAYS WITH RIGHT HAND","ALWAYS WITH LEFT HAND","0: 0  CONDITION DOES NOT APPLY","1: 1  CONDITION APPLIES","NO","MALE","MALE"
1984,64735,4,1,5,33790,5,182,2,1,6,4,2,6,2,2,2,2,1,6,3,7,1,1,29,23,"Male","Non-Black / Non-Hispanic","South (AL, AR, DE, DC, FL, GA, KY, LA, MD, MS, NC, OK, SC, TN , TX, VA, WV)","Master's degree (MA, MS)","In CBSA, not in central city","NO","3: Mother","NO","YES","YES","NO","YES","0: 0  CONDITION DOES NOT APPLY","ALWAYS WITH LEFT HAND","ALWAYS WITH LEFT HAND","ALWAYS WITH RIGHT HAND","ALWAYS WITH LEFT HAND","ALWAYS WITH LEFT HAND","0: 0  CONDITION DOES NOT APPLY","1: 1  CONDITION APPLIES","NO","FEMALE","MALE"
1983,64735,3,0,2,33790,5,184,1,1,4,5,4,5,2,2,1,2,1,6,2,6,1,1,32,23,"Male","Non-Black / Non-Hispanic","South (AL, AR, DE, DC, FL, GA, KY, LA, MD, MS, NC, OK, SC, TN , TX, VA, WV)","GED","In CBSA, not in central city","NO","3: Mother","YES","NO","YES","NO","YES","0: 0  CONDITION DOES NOT APPLY","ALWAYS WITH RIGHT HAND","ALWAYS WITH RIGHT HAND","ALWAYS WITH RIGHT HAND","ALWAYS WITH RIGHT HAND","ALWAYS WITH LEFT HAND","0: 0  CONDITION DOES NOT APPLY","1: 1  CONDITION APPLIES","NO","FEMALE","MALE"
1982,64735,2,1,2,33790,6,184,1,2,3,4,3,3,2,2,2,2,1,4,2,7,1,1,30,20,"Female","Black","West (AK, AZ, CA, CO, HI, ID, MT, NV, NM, OR, UT, WA, WY)","High school diploma (Regular 12 year program)","In CBSA, not in central city","NO","3: Mother","YES","NO","NO","NO","YES","0: 0  CONDITION DOES NOT APPLY","ALWAYS WITH LEFT HAND","ALWAYS WITH LEFT HAND","ALWAYS WITH LEFT HAND","ALWAYS WITH RIGHT HAND","ALWAYS WITH LEFT HAND","1: 1  CONDITION APPLIES","0: 0  CONDITION DOES NOT APPLY","NO","FEMALE","FEMALE"
1984,62500,4,0,3,33790,6,185,3,2,5,7,2,4,2,2,1,2,1,3,4,7,1,1,32,21,"Male","Non-Black / Non-Hispanic","West (AK, AZ, CA, CO, HI, ID, MT, NV, NM, OR, UT, WA, WY)","High school diploma (Regular 12 year program)","In CBSA, not in central city","NO","3: Mother","YES","NO","YES","NO","YES","0: 0  CONDITION DOES NOT APPLY","ALWAYS WITH RIGHT HAND","ALWAYS WITH RIGHT HAND","ALWAYS WITH LEFT HAND","ALWAYS WITH LEFT HAND","DON'T DO THIS ACTIVITY","1: 1  CONDITION APPLIES","1: 1  CONDITION APPLIES","NO","MALE","MALE"
1980,64735,4,0,2,33790,6,181,1,2,1,4,3,5,1,2,1,2,1,6,6,7,1,1,54,26,"Female","Non-Black / Non-Hispanic","South (AL, AR, DE, DC, FL, GA, KY, LA, MD, MS, NC, OK, SC, TN , TX, VA, WV)","High school diploma (Regular 12 year program)","In CBSA, not in central city","NO","3: Mother","NO","NO","NO","NO","YES","0: 0  CONDITION DOES NOT APPLY","ALWAYS WITH RIGHT HAND","ALWAYS WITH RIGHT HAND","ALWAYS WITH RIGHT HAND","ALWAYS WITH RIGHT HAND","ALWAYS WITH LEFT HAND","1: 1  CONDITION APPLIES","1: 1  CONDITION APPLIES","NO","FEMALE","FEMALE"
1981,75000,4,1,1,33790,5,180,1,2,1,4,5,2,1,1,2,2,1,3,3,6,1,1,64,25,"Male","Non-Black / Non-Hispanic","West (AK, AZ, CA, CO, HI, ID, MT, NV, NM, OR, UT, WA, WY)","High school diploma (Regular 12 year program)","In CBSA, not in central city","NO","3: Mother","NO","YES","NO","NO","NO","0: 0  CONDITION DOES NOT APPLY","ALWAYS WITH RIGHT HAND","ALWAYS WITH RIGHT HAND","ALWAYS WITH RIGHT HAND","ALWAYS WITH RIGHT HAND","ALWAYS WITH LEFT HAND","0: 0  CONDITION DOES NOT APPLY","1: 1  CONDITION APPLIES","NO","FEMALE","MALE"
1981,36200,3,0,2,33790,5,182,1,2,3,4,3,7,1,2,2,2,1,7,2,6,1,1,32,20,"Female","Non-Black / Non-Hispanic","North Central (IL, IN, IA, KS, MI, MN, MO, NE, OH, ND, SD, WI)","GED","In CBSA, in central city","NO","3: Mother","YES","YES","NO","NO","YES","0: 0  CONDITION DOES NOT APPLY","ALWAYS WITH RIGHT HAND","ALWAYS WITH RIGHT HAND","ALWAYS WITH RIGHT HAND","ALWAYS WITH RIGHT HAND","ALWAYS WITH LEFT HAND","1: 1  CONDITION APPLIES","1: 1  CONDITION APPLIES","NO","MALE","FEMALE"
1981,78000,3,0,2,33790,6,183,1,1,3,3,1,7,2,1,2,1,1,2,2,7,1,1,30,22,"Male","Non-Black / Non-Hispanic","North Central (IL, IN, IA, KS, MI, MN, MO, NE, OH, ND, SD, WI)","Bachelor's degree (BA, BS)","In CBSA, not in central city","NO","3: Mother","NO","YES","NO","NO","YES","0: 0  CONDITION DOES NOT APPLY","ALWAYS WITH RIGHT HAND","DON'T DO THIS ACTIVITY","USUALLY WITH LEFT HAND","ALWAYS WITH RIGHT HAND","ALWAYS WITH LEFT HAND","1: 1  CONDITION APPLIES","1: 1  CONDITION APPLIES","NO","FEMALE","MALE"
1980,64735,3,1,3,45000,5,184,1,1,1,4,4,1,2,2,2,2,1,6,2,4,1,1,31,12,"Female","Non-Black / Non-Hispanic","South (AL, AR, DE, DC, FL, GA, KY, LA, MD, MS, NC, OK, SC, TN , TX, VA, WV)","High school diploma (Regular 12 year program)","In CBSA, in central city","NO","3: Mother","NO","NO","NO","NO","YES","0: 0  CONDITION DOES NOT APPLY","ALWAYS WITH RIGHT HAND","USUALLY WITH RIGHT HAND","USUALLY WITH RIGHT HAND","USUALLY WITH RIGHT HAND","ALWAYS WITH LEFT HAND","1: 1  CONDITION APPLIES","1: 1  CONDITION APPLIES","NO","MALE","MALE"
1984,64735,4,1,2,33790,5,186,1,1,1,5,2,2,1,1,1,1,1,7,3,7,1,1,33,20,"Female","Black","West (AK, AZ, CA, CO, HI, ID, MT, NV, NM, OR, UT, WA, WY)","None","In CBSA, not in central city","NO","3: Mother","NO","YES","NO","NO","NO","0: 0  CONDITION DOES NOT APPLY","ALWAYS WITH RIGHT HAND","ALWAYS WITH RIGHT HAND","ALWAYS WITH RIGHT HAND","ALWAYS WITH RIGHT HAND","ALWAYS WITH LEFT HAND","1: 1  CONDITION APPLIES","1: 1  CONDITION APPLIES","NO","FEMALE","FEMALE"
1980,64735,4,0,3,33790,5,183,2,2,1,5,4,3,2,2,1,2,1,4,4,5,1,1,35,22,"Male","Black","West (AK, AZ, CA, CO, HI, ID, MT, NV, NM, OR, UT, WA, WY)","High school diploma (Regular 12 year program)","In CBSA, in central city","NO","3: Mother","NO","YES","NO","NO","YES","0: 0  CONDITION DOES NOT APPLY","ALWAYS WITH RIGHT HAND","ALWAYS WITH RIGHT HAND","USUALLY WITH RIGHT HAND","ALWAYS WITH RIGHT HAND","USUALLY WITH BOTH HANDS EQUALLY","0: 0  CONDITION DOES NOT APPLY","1: 1  CONDITION APPLIES","NO","FEMALE","MALE"
1982,64735,4,0,3,33790,5,135,1,2,2,3,3,2,1,1,2,1,2,1,2,6,1,1,35,24,"Female","Hispanic","West (AK, AZ, CA, CO, HI, ID, MT, NV, NM, OR, UT, WA, WY)","None","In CBSA, in central city","NO","3: Mother","YES","YES","YES","NO","YES","0: 0  CONDITION DOES NOT APPLY","ALWAYS WITH RIGHT HAND","ALWAYS WITH RIGHT HAND","ALWAYS WITH RIGHT HAND","ALWAYS WITH RIGHT HAND","ALWAYS WITH RIGHT HAND","0: 0  CONDITION DOES NOT APPLY","0: 0  CONDITION DOES NOT APPLY","YES","FEMALE","MALE"
1980,64735,3,0,2,33790,5,184,1,1,3,2,2,5,2,1,2,2,1,10,2,7,1,1,32,30,"Female","Hispanic","South (AL, AR, DE, DC, FL, GA, KY, LA, MD, MS, NC, OK, SC, TN , TX, VA, WV)","High school diploma (Regular 12 year program)","In CBSA, not in central city","NO","3: Mother","NO","NO","NO","NO","YES","0: 0  CONDITION DOES NOT APPLY","ALWAYS WITH RIGHT HAND","ALWAYS WITH RIGHT HAND","ALWAYS WITH RIGHT HAND","USUALLY WITH RIGHT HAND","ALWAYS WITH LEFT HAND","1: 1  CONDITION APPLIES","1: 1  CONDITION APPLIES","NO","MALE","MALE"
1983,64735,3,1,2,33790,5,182,2,2,3,3,2,5,1,2,2,1,1,4,1,7,1,1,35,46,"Female","Black","South (AL, AR, DE, DC, FL, GA, KY, LA, MD, MS, NC, OK, SC, TN , TX, VA, WV)","Associate/Junior college (AA)","In CBSA, in central city","YES","3: Mother","YES","YES","YES","NO","NO","0: 0  CONDITION DOES NOT APPLY","ALWAYS WITH RIGHT HAND","ALWAYS WITH RIGHT HAND","ALWAYS WITH RIGHT HAND","ALWAYS WITH RIGHT HAND","ALWAYS WITH LEFT HAND","1: 1  CONDITION APPLIES","1: 1  CONDITION APPLIES","NO","FEMALE","MALE"
1981,64735,3,0,2,30000,5,181,1,1,2,3,6,5,2,2,1,2,1,4,2,6,1,2,32,24,"Male","Hispanic","South (AL, AR, DE, DC, FL, GA, KY, LA, MD, MS, NC, OK, SC, TN , TX, VA, WV)","High school diploma (Regular 12 year program)","In CBSA, in central city","NO","3: Mother","YES","YES","NO","NO","NO","0: 0  CONDITION DOES NOT APPLY","ALWAYS WITH RIGHT HAND","ALWAYS WITH RIGHT HAND","ALWAYS WITH RIGHT HAND","ALWAYS WITH RIGHT HAND","ALWAYS WITH LEFT HAND","1: 1  CONDITION APPLIES","1: 1  CONDITION APPLIES","NO","FEMALE","FEMALE"
1981,16000,4,1,1,33790,4,177,1,2,1,2,4,3,2,2,2,2,2,6,3,9,1,1,28,19,"Female","Hispanic","Northeast (CT, ME, MA, NH, NJ, NY, PA, RI, VT)","None","In CBSA, not in central city","NO","3: Mother","NO","NO","NO","NO","NO","0: 0  CONDITION DOES NOT APPLY","ALWAYS WITH RIGHT HAND","ALWAYS WITH RIGHT HAND","ALWAYS WITH RIGHT HAND","ALWAYS WITH RIGHT HAND","ALWAYS WITH LEFT HAND","1: 1  CONDITION APPLIES","1: 1  CONDITION APPLIES","YES","MALE","FEMALE"
1980,64735,3,1,2,27000,5,185,1,2,3,5,5,3,2,1,2,2,2,5,4,7,1,1,29,15,"Male","Hispanic","South (AL, AR, DE, DC, FL, GA, KY, LA, MD, MS, NC, OK, SC, TN , TX, VA, WV)","High school diploma (Regular 12 year program)","In CBSA, not in central city","NO","3: Mother","YES","YES","NO","NO","YES","0: 0  CONDITION DOES NOT APPLY","ALWAYS WITH RIGHT HAND","ALWAYS WITH RIGHT HAND","ALWAYS WITH RIGHT HAND","ALWAYS WITH RIGHT HAND","ALWAYS WITH LEFT HAND","0: 0  CONDITION DOES NOT APPLY","1: 1  CONDITION APPLIES","NO","MALE","MALE"
1981,64735,4,0,3,33790,5,180,1,1,3,2,2,2,2,2,1,2,1,4,1,6,1,1,34,28,"Male","Non-Black / Non-Hispanic","West (AK, AZ, CA, CO, HI, ID, MT, NV, NM, OR, UT, WA, WY)","High school diploma (Regular 12 year program)","In CBSA, in central city","YES","3: Mother","YES","YES","NO","NO","NO","0: 0  CONDITION DOES NOT APPLY","ALWAYS WITH RIGHT HAND","ALWAYS WITH RIGHT HAND","ALWAYS WITH RIGHT HAND","ALWAYS WITH RIGHT HAND","ALWAYS WITH LEFT HAND","1: 1  CONDITION APPLIES","1: 1  CONDITION APPLIES","NO","FEMALE","FEMALE"
1981,64735,3,0,1,33790,5,184,1,1,3,3,4,3,2,2,1,2,1,6,2,6,1,1,31,22,"Male","Hispanic","West (AK, AZ, CA, CO, HI, ID, MT, NV, NM, OR, UT, WA, WY)","Bachelor's degree (BA, BS)","In CBSA, not in central city","NO","3: Mother","YES","NO","YES","NO","NO","0: 0  CONDITION DOES NOT APPLY","ALWAYS WITH RIGHT HAND","ALWAYS WITH RIGHT HAND","ALWAYS WITH RIGHT HAND","ALWAYS WITH RIGHT HAND","ALWAYS WITH LEFT HAND","1: 1  CONDITION APPLIES","1: 1  CONDITION APPLIES","NO","FEMALE","FEMALE"
1983,64735,4,0,3,33790,5,181,2,1,4,1,1,1,1,2,2,2,2,6,2,8,3,1,32,25,"Male","Hispanic","West (AK, AZ, CA, CO, HI, ID, MT, NV, NM, OR, UT, WA, WY)","None","In CBSA, in central city","NO","3: Mother","NO","NO","NO","NO","YES","0: 0  CONDITION DOES NOT APPLY","DON'T DO THIS ACTIVITY","DON'T DO THIS ACTIVITY","ALWAYS WITH LEFT HAND","DON'T DO THIS ACTIVITY","DON'T DO THIS ACTIVITY","1: 1  CONDITION APPLIES","1: 1  CONDITION APPLIES","YES","FEMALE","MALE"
1981,64735,3,1,2,33790,5,185,2,2,1,5,5,4,2,2,1,1,1,1,4,7,1,1,24,15,"Female","Non-Black / Non-Hispanic","South (AL, AR, DE, DC, FL, GA, KY, LA, MD, MS, NC, OK, SC, TN , TX, VA, WV)","High school diploma (Regular 12 year program)","In CBSA, not in central city","NO","3: Mother","YES","NO","NO","NO","YES","0: 0  CONDITION DOES NOT APPLY","ALWAYS WITH RIGHT HAND","ALWAYS WITH RIGHT HAND","ALWAYS WITH RIGHT HAND","ALWAYS WITH RIGHT HAND","ALWAYS WITH RIGHT HAND","1: 1  CONDITION APPLIES","1: 1  CONDITION APPLIES","NO","MALE","FEMALE"
1981,64735,3,0,5,33790,5,180,1,1,3,2,5,4,2,2,2,2,2,7,5,6,1,1,28,4,"Male","Hispanic","North Central (IL, IN, IA, KS, MI, MN, MO, NE, OH, ND, SD, WI)","Associate/Junior college (AA)","In CBSA, in central city","NO","3: Mother","YES","NO","NO","NO","YES","0: 0  CONDITION DOES NOT APPLY","ALWAYS WITH RIGHT HAND","ALWAYS WITH RIGHT HAND","ALWAYS WITH RIGHT HAND","ALWAYS WITH RIGHT HAND","ALWAYS WITH LEFT HAND","1: 1  CONDITION APPLIES","1: 1  CONDITION APPLIES","YES","MALE","FEMALE"
1982,64735,4,0,3,33790,5,181,1,2,5,3,1,2,2,2,1,2,1,3,3,8,2,1,24,51,"Male","Non-Black / Non-Hispanic","South (AL, AR, DE, DC, FL, GA, KY, LA, MD, MS, NC, OK, SC, TN , TX, VA, WV)","High school diploma (Regular 12 year program)","In CBSA, in central city","NO","3: Mother","YES","YES","NO","NO","NO","0: 0  CONDITION DOES NOT APPLY","ALWAYS WITH RIGHT HAND","ALWAYS WITH RIGHT HAND","USUALLY WITH BOTH HANDS EQUALLY","ALWAYS WITH RIGHT HAND","ALWAYS WITH LEFT HAND","1: 1  CONDITION APPLIES","1: 1  CONDITION APPLIES","NO","FEMALE","FEMALE"
1983,64735,3,1,2,33790,5,177,1,1,3,2,3,5,1,1,1,1,1,2,2,7,1,1,26,19,"Male","Non-Black / Non-Hispanic","South (AL, AR, DE, DC, FL, GA, KY, LA, MD, MS, NC, OK, SC, TN , TX, VA, WV)","GED","In CBSA, in central city","NO","3: Mother","NO","NO","YES","NO","YES","0: 0  CONDITION DOES NOT APPLY","ALWAYS WITH RIGHT HAND","ALWAYS WITH RIGHT HAND","ALWAYS WITH RIGHT HAND","ALWAYS WITH RIGHT HAND","ALWAYS WITH LEFT HAND","0: 0  CONDITION DOES NOT APPLY","1: 1  CONDITION APPLIES","YES","MALE","FEMALE"
1981,64735,3,0,2,33790,5,181,1,1,1,4,2,3,2,2,1,2,1,6,4,7,1,1,28,16,"Female","Non-Black / Non-Hispanic","South (AL, AR, DE, DC, FL, GA, KY, LA, MD, MS, NC, OK, SC, TN , TX, VA, WV)","Bachelor's degree (BA, BS)","In CBSA, not in central city","NO","3: Mother","YES","NO","NO","NO","YES","0: 0  CONDITION DOES NOT APPLY","ALWAYS WITH RIGHT HAND","ALWAYS WITH LEFT HAND","ALWAYS WITH RIGHT HAND","ALWAYS WITH RIGHT HAND","ALWAYS WITH LEFT HAND","0: 0  CONDITION DOES NOT APPLY","1: 1  CONDITION APPLIES","NO","MALE","MALE"
1982,64735,3,0,1,33790,5,183,1,1,4,3,3,1,2,2,2,1,1,7,2,7,1,1,31,22,"Male","Black","South (AL, AR, DE, DC, FL, GA, KY, LA, MD, MS, NC, OK, SC, TN , TX, VA, WV)","Bachelor's degree (BA, BS)","In CBSA, not in central city","NO","3: Mother","NO","NO","NO","NO","YES","0: 0  CONDITION DOES NOT APPLY","ALWAYS WITH RIGHT HAND","ALWAYS WITH RIGHT HAND","ALWAYS WITH RIGHT HAND","ALWAYS WITH RIGHT HAND","ALWAYS WITH LEFT HAND","0: 0  CONDITION DOES NOT APPLY","1: 1  CONDITION APPLIES","NO","MALE","MALE"
1981,64735,3,1,1,33790,5,183,2,2,3,4,7,2,2,2,1,2,1,6,2,7,1,1,31,21,"Female","Non-Black / Non-Hispanic","Northeast (CT, ME, MA, NH, NJ, NY, PA, RI, VT)","Bachelor's degree (BA, BS)","In CBSA, in central city","NO","3: Mother","YES","NO","NO","NO","YES","0: 0  CONDITION DOES NOT APPLY","ALWAYS WITH RIGHT HAND","ALWAYS WITH RIGHT HAND","ALWAYS WITH RIGHT HAND","ALWAYS WITH RIGHT HAND","ALWAYS WITH LEFT HAND","1: 1  CONDITION APPLIES","1: 1  CONDITION APPLIES","NO","FEMALE","MALE"
1982,64735,4,0,2,33790,5,135,1,1,3,4,2,2,2,2,2,2,1,8,3,7,1,1,59,29,"Female","Non-Black / Non-Hispanic","West (AK, AZ, CA, CO, HI, ID, MT, NV, NM, OR, UT, WA, WY)","Bachelor's degree (BA, BS)","In CBSA, not in central city","YES","5: Adoptive Mother","YES","NO","NO","NO","YES","0: 0  CONDITION DOES NOT APPLY","ALWAYS WITH RIGHT HAND","ALWAYS WITH RIGHT HAND","ALWAYS WITH RIGHT HAND","ALWAYS WITH RIGHT HAND","ALWAYS WITH LEFT HAND","0: 0  CONDITION DOES NOT APPLY","0: 0  CONDITION DOES NOT APPLY","YES","FEMALE","MALE"
1983,64735,3,0,1,50000,5,182,1,1,3,2,4,4,1,2,2,1,2,4,2,6,1,2,54,27,"Male","Non-Black / Non-Hispanic","South (AL, AR, DE, DC, FL, GA, KY, LA, MD, MS, NC, OK, SC, TN , TX, VA, WV)","Bachelor's degree (BA, BS)","In CBSA, not in central city","NO","3: Mother","NO","NO","NO","NO","YES","0: 0  CONDITION DOES NOT APPLY","ALWAYS WITH RIGHT HAND","ALWAYS WITH RIGHT HAND","ALWAYS WITH RIGHT HAND","ALWAYS WITH RIGHT HAND","ALWAYS WITH LEFT HAND","1: 1  CONDITION APPLIES","1: 1  CONDITION APPLIES","NO","FEMALE","MALE"
1982,64735,6,2,4,33790,5,182,2,2,3,4,1,3,2,2,2,2,1,2,2,7,1,1,25,14,"Female","Black","Northeast (CT, ME, MA, NH, NJ, NY, PA, RI, VT)","None","In CBSA, not in central city","NO","3: Mother","NO","NO","NO","NO","YES","0: 0  CONDITION DOES NOT APPLY","ALWAYS WITH RIGHT HAND","ALWAYS WITH RIGHT HAND","ALWAYS WITH RIGHT HAND","USUALLY WITH BOTH HANDS EQUALLY","ALWAYS WITH LEFT HAND","1: 1  CONDITION APPLIES","1: 1  CONDITION APPLIES","NO","FEMALE","FEMALE"
1985,64735,3,0,1,33790,5,181,1,1,1,4,2,2,2,2,2,2,1,6,3,6,1,1,62,31,"Female","Non-Black / Non-Hispanic","West (AK, AZ, CA, CO, HI, ID, MT, NV, NM, OR, UT, WA, WY)","Bachelor's degree (BA, BS)","In CBSA, not in central city","YES","3: Mother","YES","NO","NO","NO","YES","0: 0  CONDITION DOES NOT APPLY","ALWAYS WITH RIGHT HAND","ALWAYS WITH RIGHT HAND","ALWAYS WITH RIGHT HAND","ALWAYS WITH RIGHT HAND","ALWAYS WITH LEFT HAND","1: 1  CONDITION APPLIES","1: 1  CONDITION APPLIES","YES","MALE","FEMALE"
1982,64735,2,0,1,33790,5,184,1,1,4,3,4,4,2,2,1,1,1,6,2,6,1,2,32,23,"Male","Hispanic","South (AL, AR, DE, DC, FL, GA, KY, LA, MD, MS, NC, OK, SC, TN , TX, VA, WV)","Bachelor's degree (BA, BS)","In CBSA, not in central city","NO","3: Mother","YES","NO","YES","NO","YES","0: 0  CONDITION DOES NOT APPLY","ALWAYS WITH RIGHT HAND","ALWAYS WITH RIGHT HAND","ALWAYS WITH RIGHT HAND","ALWAYS WITH RIGHT HAND","ALWAYS WITH LEFT HAND","1: 1  CONDITION APPLIES","1: 1  CONDITION APPLIES","NO","FEMALE","MALE"
1982,64735,3,0,5,33790,6,265,1,1,5,4,2,3,2,1,2,1,1,6,1,7,1,1,30,23,"Male","Non-Black / Non-Hispanic","West (AK, AZ, CA, CO, HI, ID, MT, NV, NM, OR, UT, WA, WY)","High school diploma (Regular 12 year program)","In CBSA, not in central city","NO","3: Mother","YES","NO","NO","NO","YES","0: 0  CONDITION DOES NOT APPLY","ALWAYS WITH RIGHT HAND","ALWAYS WITH RIGHT HAND","ALWAYS WITH RIGHT HAND","ALWAYS WITH RIGHT HAND","ALWAYS WITH LEFT HAND","0: 0  CONDITION DOES NOT APPLY","1: 1  CONDITION APPLIES","NO","MALE","MALE"
1981,64735,3,1,2,33790,5,323,1,1,3,2,1,2,2,2,1,2,1,6,2,7,1,2,30,22,"Female","Non-Black / Non-Hispanic","West (AK, AZ, CA, CO, HI, ID, MT, NV, NM, OR, UT, WA, WY)","High school diploma (Regular 12 year program)","In CBSA, not in central city","NO","3: Mother","YES","NO","YES","NO","YES","0: 0  CONDITION DOES NOT APPLY","ALWAYS WITH RIGHT HAND","ALWAYS WITH RIGHT HAND","ALWAYS WITH RIGHT HAND","ALWAYS WITH RIGHT HAND","ALWAYS WITH LEFT HAND","0: 0  CONDITION DOES NOT APPLY","1: 1  CONDITION APPLIES","NO","FEMALE","FEMALE"
1982,64735,3,0,4,50000,5,183,1,2,6,4,4,4,2,2,1,2,1,8,3,6,1,1,32,19,"Male","Hispanic","West (AK, AZ, CA, CO, HI, ID, MT, NV, NM, OR, UT, WA, WY)","High school diploma (Regular 12 year program)","In CBSA, not in central city","NO","3: Mother","NO","NO","NO","NO","YES","0: 0  CONDITION DOES NOT APPLY","ALWAYS WITH RIGHT HAND","ALWAYS WITH RIGHT HAND","ALWAYS WITH RIGHT HAND","ALWAYS WITH RIGHT HAND","USUALLY WITH RIGHT HAND","1: 1  CONDITION APPLIES","1: 1  CONDITION APPLIES","NO","FEMALE","MALE"
1981,64735,1,0,3,33790,5,150,1,1,5,3,4,4,2,2,2,2,1,5,3,7,2,1,29,23,"Female","Non-Black / Non-Hispanic","South (AL, AR, DE, DC, FL, GA, KY, LA, MD, MS, NC, OK, SC, TN , TX, VA, WV)","Bachelor's degree (BA, BS)","In CBSA, in central city","YES","3: Mother","YES","NO","NO","NO","NO","0: 0  CONDITION DOES NOT APPLY","ALWAYS WITH RIGHT HAND","ALWAYS WITH RIGHT HAND","ALWAYS WITH RIGHT HAND","ALWAYS WITH RIGHT HAND","ALWAYS WITH LEFT HAND","1: 1  CONDITION APPLIES","1: 1  CONDITION APPLIES","NO","FEMALE","MALE"
1982,64735,3,0,1,33790,5,183,1,2,3,3,3,5,2,2,1,1,1,6,5,5,1,1,33,24,"Female","Black","West (AK, AZ, CA, CO, HI, ID, MT, NV, NM, OR, UT, WA, WY)","High school diploma (Regular 12 year program)","In CBSA, in central city","YES","3: Mother","YES","NO","YES","NO","NO","0: 0  CONDITION DOES NOT APPLY","ALWAYS WITH RIGHT HAND","ALWAYS WITH RIGHT HAND","ALWAYS WITH RIGHT HAND","ALWAYS WITH RIGHT HAND","ALWAYS WITH LEFT HAND","1: 1  CONDITION APPLIES","1: 1  CONDITION APPLIES","NO","FEMALE","MALE"
1983,64735,4,0,4,10000,5,183,1,1,1,4,3,3,2,2,1,1,1,6,3,7,1,1,31,24,"Male","Hispanic","South (AL, AR, DE, DC, FL, GA, KY, LA, MD, MS, NC, OK, SC, TN , TX, VA, WV)","GED","In CBSA, not in central city","YES","3: Mother","YES","YES","NO","NO","YES","0: 0  CONDITION DOES NOT APPLY","ALWAYS WITH RIGHT HAND","ALWAYS WITH RIGHT HAND","ALWAYS WITH RIGHT HAND","ALWAYS WITH RIGHT HAND","ALWAYS WITH LEFT HAND","1: 1  CONDITION APPLIES","1: 1  CONDITION APPLIES","NO","MALE","FEMALE"
1981,64735,3,0,3,33790,6,183,1,2,2,4,1,3,2,2,1,2,1,4,3,7,1,1,31,22,"Male","Non-Black / Non-Hispanic","Northeast (CT, ME, MA, NH, NJ, NY, PA, RI, VT)","Bachelor's degree (BA, BS)","In CBSA, not in central city","NO","3: Mother","YES","YES","NO","NO","YES","0: 0  CONDITION DOES NOT APPLY","ALWAYS WITH RIGHT HAND","ALWAYS WITH RIGHT HAND","ALWAYS WITH RIGHT HAND","ALWAYS WITH RIGHT HAND","ALWAYS WITH LEFT HAND","1: 1  CONDITION APPLIES","1: 1  CONDITION APPLIES","YES","FEMALE","FEMALE"
1981,64735,3,1,1,50000,5,182,2,2,5,2,4,5,2,2,2,1,1,2,1,5,1,1,28,16,"Male","Non-Black / Non-Hispanic","South (AL, AR, DE, DC, FL, GA, KY, LA, MD, MS, NC, OK, SC, TN , TX, VA, WV)","High school diploma (Regular 12 year program)","In CBSA, not in central city","NO","3: Mother","NO","NO","NO","NO","NO","0: 0  CONDITION DOES NOT APPLY","ALWAYS WITH RIGHT HAND","ALWAYS WITH RIGHT HAND","ALWAYS WITH RIGHT HAND","ALWAYS WITH RIGHT HAND","ALWAYS WITH LEFT HAND","1: 1  CONDITION APPLIES","1: 1  CONDITION APPLIES","NO","FEMALE","MALE"
1984,64735,2,0,2,33790,5,182,1,1,4,9,6,3,2,2,1,2,1,7,3,8,1,1,29,24,"Female","Non-Black / Non-Hispanic","South (AL, AR, DE, DC, FL, GA, KY, LA, MD, MS, NC, OK, SC, TN , TX, VA, WV)","Professional degree (DDS, JD, MD)","In CBSA, not in central city","NO","3: Mother","NO","NO","YES","NO","YES","0: 0  CONDITION DOES NOT APPLY","ALWAYS WITH RIGHT HAND","ALWAYS WITH RIGHT HAND","ALWAYS WITH RIGHT HAND","ALWAYS WITH RIGHT HAND","ALWAYS WITH LEFT HAND","1: 1  CONDITION APPLIES","0: 0  CONDITION DOES NOT APPLY","NO","MALE","MALE"
1984,316618,3,0,2,33790,5,285,2,2,1,4,3,4,2,2,1,2,1,6,5,6,1,1,33,22,"Male","Non-Black / Non-Hispanic","South (AL, AR, DE, DC, FL, GA, KY, LA, MD, MS, NC, OK, SC, TN , TX, VA, WV)","High school diploma (Regular 12 year program)","In CBSA, not in central city","NO","3: Mother","YES","NO","NO","YES","NO","0: 0  CONDITION DOES NOT APPLY","ALWAYS WITH RIGHT HAND","ALWAYS WITH RIGHT HAND","ALWAYS WITH RIGHT HAND","ALWAYS WITH RIGHT HAND","ALWAYS WITH LEFT HAND","1: 1  CONDITION APPLIES","1: 1  CONDITION APPLIES","NO","FEMALE","MALE"
1984,64735,5,0,1,33790,5,181,1,1,3,4,1,2,2,2,1,1,1,5,2,7,1,1,45,63,"Female","Black","Northeast (CT, ME, MA, NH, NJ, NY, PA, RI, VT)","None","In CBSA, not in central city","YES","3: Mother","YES","NO","NO","NO","YES","0: 0  CONDITION DOES NOT APPLY","DON'T DO THIS ACTIVITY","ALWAYS WITH RIGHT HAND","DON'T DO THIS ACTIVITY","ALWAYS WITH RIGHT HAND","ALWAYS WITH LEFT HAND","1: 1  CONDITION APPLIES","1: 1  CONDITION APPLIES","NO","FEMALE","MALE"
1981,64735,3,0,4,33790,5,182,2,2,3,3,4,5,2,1,1,1,2,1,2,8,1,1,28,22,"Female","Non-Black / Non-Hispanic","West (AK, AZ, CA, CO, HI, ID, MT, NV, NM, OR, UT, WA, WY)","High school diploma (Regular 12 year program)","In CBSA, not in central city","NO","3: Mother","YES","NO","NO","NO","NO","0: 0  CONDITION DOES NOT APPLY","ALWAYS WITH LEFT HAND","ALWAYS WITH RIGHT HAND","ALWAYS WITH RIGHT HAND","ALWAYS WITH LEFT HAND","ALWAYS WITH LEFT HAND","0: 0  CONDITION DOES NOT APPLY","1: 1  CONDITION APPLIES","NO","FEMALE","MALE"
1981,64735,3,1,2,33790,5,182,1,1,2,1,3,3,2,1,1,2,1,6,3,6,1,1,29,20,"Male","Black","South (AL, AR, DE, DC, FL, GA, KY, LA, MD, MS, NC, OK, SC, TN , TX, VA, WV)","GED","In CBSA, not in central city","NO","3: Mother","NO","NO","NO","NO","YES","0: 0  CONDITION DOES NOT APPLY","ALWAYS WITH RIGHT HAND","ALWAYS WITH RIGHT HAND","ALWAYS WITH RIGHT HAND","ALWAYS WITH RIGHT HAND","ALWAYS WITH LEFT HAND","1: 1  CONDITION APPLIES","0: 0  CONDITION DOES NOT APPLY","NO","FEMALE","FEMALE"
1980,64735,2,1,4,33790,5,185,1,2,5,3,4,1,2,2,1,2,1,3,2,7,1,1,31,20,"Female","Black","North Central (IL, IN, IA, KS, MI, MN, MO, NE, OH, ND, SD, WI)","GED","In CBSA, not in central city","NO","3: Mother","YES","NO","NO","NO","NO","0: 0  CONDITION DOES NOT APPLY","ALWAYS WITH LEFT HAND","ALWAYS WITH LEFT HAND","ALWAYS WITH LEFT HAND","ALWAYS WITH RIGHT HAND","ALWAYS WITH RIGHT HAND","1: 1  CONDITION APPLIES","1: 1  CONDITION APPLIES","NO","MALE","MALE"
1984,34000,3,0,4,33790,5,183,1,1,5,1,3,4,2,2,2,2,2,9,5,6,2,1,32,21,"Female","Black","West (AK, AZ, CA, CO, HI, ID, MT, NV, NM, OR, UT, WA, WY)","High school diploma (Regular 12 year program)","In CBSA, in central city","NO","3: Mother","YES","NO","YES","NO","YES","0: 0  CONDITION DOES NOT APPLY","ALWAYS WITH RIGHT HAND","ALWAYS WITH RIGHT HAND","ALWAYS WITH RIGHT HAND","ALWAYS WITH RIGHT HAND","ALWAYS WITH LEFT HAND","1: 1  CONDITION APPLIES","1: 1  CONDITION APPLIES","NO","FEMALE","MALE"
1980,64735,4,1,1,33790,5,185,1,2,1,5,4,2,1,2,1,2,1,3,1,7,1,1,32,20,"Female","Non-Black / Non-Hispanic","South (AL, AR, DE, DC, FL, GA, KY, LA, MD, MS, NC, OK, SC, TN , TX, VA, WV)","High school diploma (Regular 12 year program)","In CBSA, not in central city","NO","3: Mother","NO","YES","NO","NO","NO","0: 0  CONDITION DOES NOT APPLY","ALWAYS WITH RIGHT HAND","ALWAYS WITH RIGHT HAND","ALWAYS WITH RIGHT HAND","ALWAYS WITH RIGHT HAND","ALWAYS WITH LEFT HAND","0: 0  CONDITION DOES NOT APPLY","1: 1  CONDITION APPLIES","NO","MALE","FEMALE"
1983,64735,2,1,4,33790,5,182,1,1,2,4,2,4,2,2,1,2,1,6,2,7,1,1,30,21,"Female","Non-Black / Non-Hispanic","South (AL, AR, DE, DC, FL, GA, KY, LA, MD, MS, NC, OK, SC, TN , TX, VA, WV)","GED","In CBSA, in central city","NO","3: Mother","NO","NO","NO","NO","YES","0: 0  CONDITION DOES NOT APPLY","ALWAYS WITH RIGHT HAND","ALWAYS WITH LEFT HAND","ALWAYS WITH RIGHT HAND","ALWAYS WITH RIGHT HAND","ALWAYS WITH LEFT HAND","1: 1  CONDITION APPLIES","1: 1  CONDITION APPLIES","NO","MALE","MALE"
1981,64735,5,0,1,33790,6,180,1,1,3,3,2,5,1,2,2,2,1,2,4,7,1,1,33,19,"Male","Hispanic","West (AK, AZ, CA, CO, HI, ID, MT, NV, NM, OR, UT, WA, WY)","High school diploma (Regular 12 year program)","In CBSA, not in central city","NO","3: Mother","YES","NO","NO","NO","YES","0: 0  CONDITION DOES NOT APPLY","ALWAYS WITH RIGHT HAND","ALWAYS WITH RIGHT HAND","ALWAYS WITH RIGHT HAND","ALWAYS WITH RIGHT HAND","ALWAYS WITH LEFT HAND","0: 0  CONDITION DOES NOT APPLY","1: 1  CONDITION APPLIES","YES","FEMALE","FEMALE"
1982,92750,3,0,2,33790,5,125,1,1,3,3,6,5,2,2,2,1,1,6,2,8,1,1,31,23,"Female","Non-Black / Non-Hispanic","South (AL, AR, DE, DC, FL, GA, KY, LA, MD, MS, NC, OK, SC, TN , TX, VA, WV)","Bachelor's degree (BA, BS)","In CBSA, not in central city","NO","3: Mother","YES","NO","NO","NO","YES","0: 0  CONDITION DOES NOT APPLY","ALWAYS WITH RIGHT HAND","ALWAYS WITH RIGHT HAND","ALWAYS WITH RIGHT HAND","ALWAYS WITH RIGHT HAND","ALWAYS WITH LEFT HAND","1: 1  CONDITION APPLIES","1: 1  CONDITION APPLIES","NO","FEMALE","FEMALE"
1981,64735,7,0,3,33790,5,181,1,1,8,3,2,2,2,2,2,2,1,4,3,7,1,1,33,20,"Male","Non-Black / Non-Hispanic","West (AK, AZ, CA, CO, HI, ID, MT, NV, NM, OR, UT, WA, WY)","GED","In CBSA, not in central city","NO","3: Mother","NO","YES","NO","NO","YES","0: 0  CONDITION DOES NOT APPLY","ALWAYS WITH RIGHT HAND","ALWAYS WITH RIGHT HAND","ALWAYS WITH RIGHT HAND","ALWAYS WITH RIGHT HAND","USUALLY WITH LEFT HAND","1: 1  CONDITION APPLIES","1: 1  CONDITION APPLIES","NO","MALE","FEMALE"
1982,64735,3,0,1,33790,5,187,1,2,4,5,2,5,2,2,1,2,1,6,2,6,1,1,33,24,"Male","Non-Black / Non-Hispanic","West (AK, AZ, CA, CO, HI, ID, MT, NV, NM, OR, UT, WA, WY)","High school diploma (Regular 12 year program)","In CBSA, not in central city","YES","3: Mother","YES","NO","NO","NO","YES","0: 0  CONDITION DOES NOT APPLY","ALWAYS WITH RIGHT HAND","ALWAYS WITH RIGHT HAND","ALWAYS WITH RIGHT HAND","ALWAYS WITH RIGHT HAND","ALWAYS WITH LEFT HAND","1: 1  CONDITION APPLIES","1: 1  CONDITION APPLIES","YES","MALE","FEMALE"
1980,64735,4,1,1,33790,5,180,1,1,2,3,2,4,1,2,1,2,1,3,1,7,1,1,29,19,"Female","Non-Black / Non-Hispanic","South (AL, AR, DE, DC, FL, GA, KY, LA, MD, MS, NC, OK, SC, TN , TX, VA, WV)","Bachelor's degree (BA, BS)","In CBSA, not in central city","NO","3: Mother","NO","NO","NO","NO","YES","0: 0  CONDITION DOES NOT APPLY","ALWAYS WITH RIGHT HAND","USUALLY WITH RIGHT HAND","ALWAYS WITH RIGHT HAND","ALWAYS WITH RIGHT HAND","ALWAYS WITH LEFT HAND","1: 1  CONDITION APPLIES","1: 1  CONDITION APPLIES","NO","MALE","MALE"
1986,64735,4,0,1,33790,5,182,1,3,5,3,2,5,2,2,2,1,2,3,2,8,1,1,38,14,"Male","Non-Black / Non-Hispanic","West (AK, AZ, CA, CO, HI, ID, MT, NV, NM, OR, UT, WA, WY)","Bachelor's degree (BA, BS)","In CBSA, not in central city","NO","3: Mother","YES","NO","NO","NO","YES","0: 0  CONDITION DOES NOT APPLY","USUALLY WITH RIGHT HAND","ALWAYS WITH RIGHT HAND","ALWAYS WITH RIGHT HAND","ALWAYS WITH RIGHT HAND","ALWAYS WITH LEFT HAND","1: 1  CONDITION APPLIES","0: 0  CONDITION DOES NOT APPLY","NO","FEMALE","FEMALE"
1985,64735,4,1,1,33790,6,184,1,1,5,3,2,4,2,2,2,2,1,6,2,4,1,1,28,2,"Male","Non-Black / Non-Hispanic","South (AL, AR, DE, DC, FL, GA, KY, LA, MD, MS, NC, OK, SC, TN , TX, VA, WV)","High school diploma (Regular 12 year program)","In CBSA, not in central city","NO","3: Mother","YES","NO","YES","NO","YES","0: 0  CONDITION DOES NOT APPLY","ALWAYS WITH RIGHT HAND","ALWAYS WITH RIGHT HAND","ALWAYS WITH RIGHT HAND","ALWAYS WITH RIGHT HAND","ALWAYS WITH LEFT HAND","1: 1  CONDITION APPLIES","1: 1  CONDITION APPLIES","NO","FEMALE","FEMALE"
1983,64735,4,0,1,31054,5,184,1,1,5,3,1,2,2,2,1,1,1,6,3,7,1,1,30,22,"Male","Hispanic","West (AK, AZ, CA, CO, HI, ID, MT, NV, NM, OR, UT, WA, WY)","High school diploma (Regular 12 year program)","In CBSA, not in central city","NO","3: Mother","YES","NO","YES","NO","YES","0: 0  CONDITION DOES NOT APPLY","ALWAYS WITH RIGHT HAND","ALWAYS WITH RIGHT HAND","ALWAYS WITH RIGHT HAND","ALWAYS WITH RIGHT HAND","ALWAYS WITH LEFT HAND","1: 1  CONDITION APPLIES","1: 1  CONDITION APPLIES","YES","FEMALE","MALE"
1980,64735,4,0,3,33790,5,150,1,1,4,1,5,1,2,2,2,2,1,6,2,7,1,1,30,23,"Female","Non-Black / Non-Hispanic","West (AK, AZ, CA, CO, HI, ID, MT, NV, NM, OR, UT, WA, WY)","GED","In CBSA, in central city","NO","3: Mother","YES","NO","NO","NO","YES","0: 0  CONDITION DOES NOT APPLY","ALWAYS WITH RIGHT HAND","ALWAYS WITH RIGHT HAND","ALWAYS WITH RIGHT HAND","ALWAYS WITH RIGHT HAND","ALWAYS WITH LEFT HAND","0: 0  CONDITION DOES NOT APPLY","1: 1  CONDITION APPLIES","NO","MALE","MALE"
1980,64735,1,1,3,33790,5,182,2,1,6,4,2,4,2,2,1,2,1,6,2,6,1,1,30,19,"Female","Non-Black / Non-Hispanic","North Central (IL, IN, IA, KS, MI, MN, MO, NE, OH, ND, SD, WI)","Associate/Junior college (AA)","In CBSA, not in central city","NO","3: Mother","YES","NO","NO","NO","NO","0: 0  CONDITION DOES NOT APPLY","ALWAYS WITH RIGHT HAND","DON'T DO THIS ACTIVITY","ALWAYS WITH RIGHT HAND","ALWAYS WITH RIGHT HAND","ALWAYS WITH LEFT HAND","0: 0  CONDITION DOES NOT APPLY","1: 1  CONDITION APPLIES","NO","FEMALE","FEMALE"
1983,64735,3,0,2,60000,5,183,2,2,4,3,4,4,2,2,1,2,1,6,3,5,1,1,26,20,"Male","Black","South (AL, AR, DE, DC, FL, GA, KY, LA, MD, MS, NC, OK, SC, TN , TX, VA, WV)","High school diploma (Regular 12 year program)","In CBSA, not in central city","NO","3: Mother","NO","NO","NO","NO","YES","0: 0  CONDITION DOES NOT APPLY","ALWAYS WITH RIGHT HAND","ALWAYS WITH RIGHT HAND","USUALLY WITH RIGHT HAND","ALWAYS WITH RIGHT HAND","ALWAYS WITH LEFT HAND","1: 1  CONDITION APPLIES","1: 1  CONDITION APPLIES","NO","FEMALE","MALE"
1982,64735,2,0,1,33790,5,182,1,1,7,3,5,5,2,2,1,2,1,4,2,7,1,2,27,23,"Male","Hispanic","West (AK, AZ, CA, CO, HI, ID, MT, NV, NM, OR, UT, WA, WY)","Associate/Junior college (AA)","In CBSA, not in central city","NO","3: Mother","NO","NO","YES","NO","NO","0: 0  CONDITION DOES NOT APPLY","ALWAYS WITH RIGHT HAND","ALWAYS WITH RIGHT HAND","ALWAYS WITH RIGHT HAND","ALWAYS WITH RIGHT HAND","ALWAYS WITH LEFT HAND","0: 0  CONDITION DOES NOT APPLY","0: 0  CONDITION DOES NOT APPLY","NO","MALE","MALE"
1983,23650,4,1,3,33790,5,185,1,3,1,6,6,4,2,2,1,2,2,6,1,7,1,1,32,19,"Female","Black","South (AL, AR, DE, DC, FL, GA, KY, LA, MD, MS, NC, OK, SC, TN , TX, VA, WV)","None","In CBSA, not in central city","NO","3: Mother","YES","YES","NO","NO","YES","0: 0  CONDITION DOES NOT APPLY","ALWAYS WITH LEFT HAND","ALWAYS WITH RIGHT HAND","USUALLY WITH BOTH HANDS EQUALLY","ALWAYS WITH RIGHT HAND","USUALLY WITH BOTH HANDS EQUALLY","1: 1  CONDITION APPLIES","0: 0  CONDITION DOES NOT APPLY","YES","MALE","FEMALE"
1982,64735,3,1,2,33790,5,180,1,2,3,1,2,4,2,2,2,2,2,3,1,8,1,1,32,22,"Male","Non-Black / Non-Hispanic","West (AK, AZ, CA, CO, HI, ID, MT, NV, NM, OR, UT, WA, WY)","GED","In CBSA, not in central city","NO","3: Mother","YES","NO","NO","NO","YES","0: 0  CONDITION DOES NOT APPLY","ALWAYS WITH RIGHT HAND","ALWAYS WITH RIGHT HAND","ALWAYS WITH RIGHT HAND","ALWAYS WITH RIGHT HAND","ALWAYS WITH LEFT HAND","1: 1  CONDITION APPLIES","1: 1  CONDITION APPLIES","NO","FEMALE","MALE"
1984,64735,3,1,1,33790,5,183,1,1,2,4,4,3,2,2,1,2,1,6,2,9,1,1,36,23,"Male","Non-Black / Non-Hispanic","West (AK, AZ, CA, CO, HI, ID, MT, NV, NM, OR, UT, WA, WY)","High school diploma (Regular 12 year program)","In CBSA, not in central city","NO","3: Mother","NO","NO","NO","NO","YES","0: 0  CONDITION DOES NOT APPLY","ALWAYS WITH RIGHT HAND","ALWAYS WITH LEFT HAND","ALWAYS WITH LEFT HAND","ALWAYS WITH LEFT HAND","ALWAYS WITH LEFT HAND","1: 1  CONDITION APPLIES","1: 1  CONDITION APPLIES","NO","FEMALE","FEMALE"
1981,64735,5,1,3,33790,5,183,1,1,4,6,4,4,2,2,1,2,1,7,3,6,1,1,28,28,"Female","Non-Black / Non-Hispanic","North Central (IL, IN, IA, KS, MI, MN, MO, NE, OH, ND, SD, WI)","Master's degree (MA, MS)","In CBSA, in central city","NO","3: Mother","YES","NO","NO","NO","YES","0: 0  CONDITION DOES NOT APPLY","ALWAYS WITH RIGHT HAND","ALWAYS WITH RIGHT HAND","USUALLY WITH BOTH HANDS EQUALLY","ALWAYS WITH RIGHT HAND","ALWAYS WITH LEFT HAND","1: 1  CONDITION APPLIES","1: 1  CONDITION APPLIES","NO","MALE","MALE"
1981,64735,2,1,3,33790,5,183,1,2,7,7,5,5,2,2,2,2,1,5,4,7,1,1,29,20,"Male","Non-Black / Non-Hispanic","South (AL, AR, DE, DC, FL, GA, KY, LA, MD, MS, NC, OK, SC, TN , TX, VA, WV)","High school diploma (Regular 12 year program)","In CBSA, not in central city","NO","3: Mother","YES","NO","NO","NO","NO","0: 0  CONDITION DOES NOT APPLY","ALWAYS WITH RIGHT HAND","ALWAYS WITH RIGHT HAND","ALWAYS WITH RIGHT HAND","ALWAYS WITH RIGHT HAND","ALWAYS WITH LEFT HAND","1: 1  CONDITION APPLIES","1: 1  CONDITION APPLIES","NO","FEMALE","MALE"
1982,64735,3,1,3,30000,5,184,2,1,2,6,4,7,2,2,1,2,1,3,2,7,1,1,30,21,"Male","Non-Black / Non-Hispanic","South (AL, AR, DE, DC, FL, GA, KY, LA, MD, MS, NC, OK, SC, TN , TX, VA, WV)","Associate/Junior college (AA)","In CBSA, not in central city","NO","3: Mother","YES","NO","NO","NO","YES","0: 0  CONDITION DOES NOT APPLY","ALWAYS WITH RIGHT HAND","ALWAYS WITH RIGHT HAND","ALWAYS WITH RIGHT HAND","ALWAYS WITH RIGHT HAND","ALWAYS WITH LEFT HAND","1: 1  CONDITION APPLIES","1: 1  CONDITION APPLIES","NO","FEMALE","FEMALE"
1983,64735,4,0,1,33790,5,181,1,2,2,3,2,4,2,1,2,1,2,4,2,7,1,1,31,21,"Female","Non-Black / Non-Hispanic","South (AL, AR, DE, DC, FL, GA, KY, LA, MD, MS, NC, OK, SC, TN , TX, VA, WV)","High school diploma (Regular 12 year program)","In CBSA, in central city","NO","3: Mother","YES","YES","NO","NO","YES","0: 0  CONDITION DOES NOT APPLY","ALWAYS WITH RIGHT HAND","ALWAYS WITH RIGHT HAND","ALWAYS WITH RIGHT HAND","ALWAYS WITH RIGHT HAND","ALWAYS WITH LEFT HAND","1: 1  CONDITION APPLIES","1: 1  CONDITION APPLIES","YES","FEMALE","MALE"
1984,15250,4,0,3,33790,5,182,1,2,1,4,9,1,2,2,1,2,2,3,2,7,1,1,62,32,"Male","Non-Black / Non-Hispanic","South (AL, AR, DE, DC, FL, GA, KY, LA, MD, MS, NC, OK, SC, TN , TX, VA, WV)","None","In CBSA, in central city","NO","3: Mother","NO","YES","NO","NO","YES","0: 0  CONDITION DOES NOT APPLY","ALWAYS WITH RIGHT HAND","ALWAYS WITH RIGHT HAND","ALWAYS WITH RIGHT HAND","ALWAYS WITH RIGHT HAND","ALWAYS WITH LEFT HAND","1: 1  CONDITION APPLIES","1: 1  CONDITION APPLIES","NO","FEMALE","MALE"
1981,64735,4,0,5,33790,5,183,1,1,1,3,3,3,2,2,1,1,1,7,4,5,1,1,29,16,"Female","Non-Black / Non-Hispanic","Northeast (CT, ME, MA, NH, NJ, NY, PA, RI, VT)","Bachelor's degree (BA, BS)","In CBSA, not in central city","NO","3: Mother","YES","NO","NO","NO","YES","0: 0  CONDITION DOES NOT APPLY","ALWAYS WITH RIGHT HAND","ALWAYS WITH RIGHT HAND","ALWAYS WITH RIGHT HAND","ALWAYS WITH RIGHT HAND","ALWAYS WITH LEFT HAND","1: 1  CONDITION APPLIES","1: 1  CONDITION APPLIES","NO","FEMALE","FEMALE"
1983,88750,4,1,3,33790,5,182,2,2,5,3,2,4,2,2,2,2,1,5,1,7,1,1,29,22,"Female","Non-Black / Non-Hispanic","West (AK, AZ, CA, CO, HI, ID, MT, NV, NM, OR, UT, WA, WY)","Master's degree (MA, MS)","In CBSA, not in central city","NO","3: Mother","YES","NO","NO","NO","YES","0: 0  CONDITION DOES NOT APPLY","ALWAYS WITH RIGHT HAND","ALWAYS WITH RIGHT HAND","USUALLY WITH BOTH HANDS EQUALLY","ALWAYS WITH LEFT HAND","ALWAYS WITH LEFT HAND","1: 1  CONDITION APPLIES","1: 1  CONDITION APPLIES","NO","MALE","MALE"
1981,64735,4,0,3,33790,5,184,2,1,1,2,2,3,2,2,1,1,2,1,4,8,1,1,31,25,"Male","Hispanic","North Central (IL, IN, IA, KS, MI, MN, MO, NE, OH, ND, SD, WI)","GED","In CBSA, in central city","YES","3: Mother","NO","YES","NO","NO","NO","0: 0  CONDITION DOES NOT APPLY","ALWAYS WITH RIGHT HAND","ALWAYS WITH RIGHT HAND","ALWAYS WITH RIGHT HAND","ALWAYS WITH RIGHT HAND","ALWAYS WITH LEFT HAND","0: 0  CONDITION DOES NOT APPLY","1: 1  CONDITION APPLIES","NO","FEMALE","FEMALE"
1985,64735,4,0,2,33790,5,183,1,2,2,4,5,3,2,1,1,2,2,6,3,7,1,1,29,18,"Female","Hispanic","South (AL, AR, DE, DC, FL, GA, KY, LA, MD, MS, NC, OK, SC, TN , TX, VA, WV)","High school diploma (Regular 12 year program)","In CBSA, not in central city","NO","3: Mother","YES","NO","NO","NO","YES","0: 0  CONDITION DOES NOT APPLY","ALWAYS WITH RIGHT HAND","ALWAYS WITH RIGHT HAND","ALWAYS WITH RIGHT HAND","ALWAYS WITH RIGHT HAND","ALWAYS WITH LEFT HAND","1: 1  CONDITION APPLIES","1: 1  CONDITION APPLIES","NO","MALE","FEMALE"
1983,64735,3,1,2,33790,5,181,1,1,3,4,4,4,1,2,1,2,1,5,2,5,1,1,3,9,"Female","Non-Black / Non-Hispanic","South (AL, AR, DE, DC, FL, GA, KY, LA, MD, MS, NC, OK, SC, TN , TX, VA, WV)","GED","In CBSA, not in central city","NO","3: Mother","YES","NO","NO","NO","YES","0: 0  CONDITION DOES NOT APPLY","ALWAYS WITH RIGHT HAND","ALWAYS WITH RIGHT HAND","ALWAYS WITH RIGHT HAND","ALWAYS WITH RIGHT HAND","ALWAYS WITH LEFT HAND","1: 1  CONDITION APPLIES","0: 0  CONDITION DOES NOT APPLY","NO","MALE","FEMALE"
1983,64735,1,0,4,33790,5,180,1,1,4,3,1,4,1,2,2,1,1,5,5,9,1,1,27,21,"Male","Non-Black / Non-Hispanic","South (AL, AR, DE, DC, FL, GA, KY, LA, MD, MS, NC, OK, SC, TN , TX, VA, WV)","High school diploma (Regular 12 year program)","In CBSA, in central city","NO","3: Mother","YES","NO","NO","NO","YES","0: 0  CONDITION DOES NOT APPLY","ALWAYS WITH RIGHT HAND","ALWAYS WITH RIGHT HAND","ALWAYS WITH RIGHT HAND","ALWAYS WITH RIGHT HAND","ALWAYS WITH LEFT HAND","1: 1  CONDITION APPLIES","1: 1  CONDITION APPLIES","NO","FEMALE","MALE"
1982,70250,4,1,2,33790,5,144,1,1,1,5,3,5,2,2,1,2,1,6,5,7,1,1,31,19,"Female","Non-Black / Non-Hispanic","West (AK, AZ, CA, CO, HI, ID, MT, NV, NM, OR, UT, WA, WY)","High school diploma (Regular 12 year program)","In CBSA, in central city","NO","3: Mother","NO","YES","NO","NO","NO","0: 0  CONDITION DOES NOT APPLY","ALWAYS WITH RIGHT HAND","ALWAYS WITH RIGHT HAND","ALWAYS WITH RIGHT HAND","ALWAYS WITH RIGHT HAND","ALWAYS WITH RIGHT HAND","1: 1  CONDITION APPLIES","1: 1  CONDITION APPLIES","NO","MALE","FEMALE"
1982,64735,3,0,2,33790,6,183,2,1,1,4,3,5,2,1,1,1,1,4,5,6,3,1,32,25,"Female","Hispanic","Northeast (CT, ME, MA, NH, NJ, NY, PA, RI, VT)","Associate/Junior college (AA)","In CBSA, in central city","YES","3: Mother","NO","YES","NO","NO","NO","0: 0  CONDITION DOES NOT APPLY","ALWAYS WITH RIGHT HAND","ALWAYS WITH RIGHT HAND","ALWAYS WITH RIGHT HAND","ALWAYS WITH RIGHT HAND","ALWAYS WITH LEFT HAND","1: 1  CONDITION APPLIES","1: 1  CONDITION APPLIES","YES","FEMALE","MALE"
1984,64735,5,2,4,33790,5,181,1,3,2,4,4,3,1,2,2,2,1,8,6,7,1,2,25,3,"Female","Black","North Central (IL, IN, IA, KS, MI, MN, MO, NE, OH, ND, SD, WI)","None","In CBSA, not in central city","NO","3: Mother","NO","NO","YES","NO","YES","0: 0  CONDITION DOES NOT APPLY","ALWAYS WITH RIGHT HAND","ALWAYS WITH RIGHT HAND","ALWAYS WITH RIGHT HAND","ALWAYS WITH RIGHT HAND","ALWAYS WITH LEFT HAND","1: 1  CONDITION APPLIES","1: 1  CONDITION APPLIES","NO","FEMALE","FEMALE"
1982,17000,3,1,1,33790,5,183,1,2,3,4,2,5,2,2,2,1,1,5,2,7,1,1,35,24,"Female","Non-Black / Non-Hispanic","Northeast (CT, ME, MA, NH, NJ, NY, PA, RI, VT)","High school diploma (Regular 12 year program)","In CBSA, in central city","NO","3: Mother","YES","NO","NO","NO","YES","1: 1  CONDITION APPLIES","ALWAYS WITH RIGHT HAND","ALWAYS WITH RIGHT HAND","ALWAYS WITH RIGHT HAND","ALWAYS WITH RIGHT HAND","ALWAYS WITH LEFT HAND","1: 1  CONDITION APPLIES","1: 1  CONDITION APPLIES","NO","MALE","FEMALE"
1983,64735,4,1,7,33790,5,180,1,2,1,3,3,4,2,2,1,2,1,6,3,6,1,1,32,21,"Male","Black","West (AK, AZ, CA, CO, HI, ID, MT, NV, NM, OR, UT, WA, WY)","GED","In CBSA, not in central city","YES","3: Mother","NO","YES","NO","NO","YES","0: 0  CONDITION DOES NOT APPLY","ALWAYS WITH RIGHT HAND","USUALLY WITH RIGHT HAND","ALWAYS WITH RIGHT HAND","ALWAYS WITH RIGHT HAND","ALWAYS WITH LEFT HAND","1: 1  CONDITION APPLIES","1: 1  CONDITION APPLIES","NO","FEMALE","MALE"
1985,64735,2,0,4,33790,5,181,1,1,1,6,2,4,1,2,2,2,1,5,4,7,1,1,36,20,"Male","Hispanic","Northeast (CT, ME, MA, NH, NJ, NY, PA, RI, VT)","High school diploma (Regular 12 year program)","In CBSA, in central city","NO","3: Mother","YES","NO","YES","NO","YES","0: 0  CONDITION DOES NOT APPLY","ALWAYS WITH RIGHT HAND","ALWAYS WITH RIGHT HAND","ALWAYS WITH RIGHT HAND","ALWAYS WITH RIGHT HAND","ALWAYS WITH LEFT HAND","1: 1  CONDITION APPLIES","1: 1  CONDITION APPLIES","YES","MALE","FEMALE"
1982,92000,3,1,2,33790,5,192,1,1,5,4,4,3,2,2,1,2,1,3,2,6,1,1,31,24,"Female","Non-Black / Non-Hispanic","West (AK, AZ, CA, CO, HI, ID, MT, NV, NM, OR, UT, WA, WY)","GED","In CBSA, in central city","YES","3: Mother","YES","NO","YES","NO","YES","0: 0  CONDITION DOES NOT APPLY","ALWAYS WITH RIGHT HAND","ALWAYS WITH RIGHT HAND","ALWAYS WITH RIGHT HAND","ALWAYS WITH RIGHT HAND","USUALLY WITH RIGHT HAND","1: 1  CONDITION APPLIES","1: 1  CONDITION APPLIES","NO","FEMALE","MALE"
1982,64735,3,0,1,33790,5,181,1,1,2,3,4,4,2,2,1,1,2,7,2,7,1,1,32,21,"Female","Hispanic","South (AL, AR, DE, DC, FL, GA, KY, LA, MD, MS, NC, OK, SC, TN , TX, VA, WV)","High school diploma (Regular 12 year program)","In CBSA, not in central city","NO","3: Mother","YES","NO","NO","NO","YES","0: 0  CONDITION DOES NOT APPLY","ALWAYS WITH RIGHT HAND","ALWAYS WITH RIGHT HAND","ALWAYS WITH RIGHT HAND","ALWAYS WITH RIGHT HAND","ALWAYS WITH LEFT HAND","1: 1  CONDITION APPLIES","1: 1  CONDITION APPLIES","YES","MALE","FEMALE"
1982,64735,3,1,3,33790,5,182,2,2,2,5,6,2,1,2,2,2,2,1,1,8,1,1,7,16,"Female","Hispanic","South (AL, AR, DE, DC, FL, GA, KY, LA, MD, MS, NC, OK, SC, TN , TX, VA, WV)","High school diploma (Regular 12 year program)","In CBSA, in central city","NO","3: Mother","YES","YES","NO","NO","YES","0: 0  CONDITION DOES NOT APPLY","ALWAYS WITH RIGHT HAND","ALWAYS WITH RIGHT HAND","ALWAYS WITH RIGHT HAND","ALWAYS WITH RIGHT HAND","ALWAYS WITH LEFT HAND","1: 1  CONDITION APPLIES","1: 1  CONDITION APPLIES","NO","MALE","FEMALE"
1984,37721,7,1,3,33790,5,225,1,1,4,5,3,5,2,2,1,2,1,5,2,7,1,1,29,20,"Female","Non-Black / Non-Hispanic","South (AL, AR, DE, DC, FL, GA, KY, LA, MD, MS, NC, OK, SC, TN , TX, VA, WV)","High school diploma (Regular 12 year program)","In CBSA, not in central city","NO","3: Mother","YES","YES","YES","NO","YES","0: 0  CONDITION DOES NOT APPLY","ALWAYS WITH RIGHT HAND","ALWAYS WITH RIGHT HAND","ALWAYS WITH RIGHT HAND","ALWAYS WITH RIGHT HAND","ALWAYS WITH RIGHT HAND","1: 1  CONDITION APPLIES","1: 1  CONDITION APPLIES","NO","FEMALE","FEMALE"
1982,64735,3,1,1,33790,5,181,1,1,1,4,7,4,2,2,1,2,1,3,2,8,1,1,39,22,"Female","Hispanic","South (AL, AR, DE, DC, FL, GA, KY, LA, MD, MS, NC, OK, SC, TN , TX, VA, WV)","High school diploma (Regular 12 year program)","In CBSA, not in central city","NO","3: Mother","NO","NO","NO","NO","YES","0: 0  CONDITION DOES NOT APPLY","ALWAYS WITH RIGHT HAND","ALWAYS WITH RIGHT HAND","ALWAYS WITH RIGHT HAND","ALWAYS WITH RIGHT HAND","ALWAYS WITH LEFT HAND","1: 1  CONDITION APPLIES","1: 1  CONDITION APPLIES","YES","MALE","FEMALE"
1983,64735,3,1,3,33790,5,186,1,1,3,5,4,4,2,2,2,2,1,2,3,6,1,1,9,11,"Female","Hispanic","West (AK, AZ, CA, CO, HI, ID, MT, NV, NM, OR, UT, WA, WY)","GED","In CBSA, not in central city","NO","3: Mother","YES","YES","NO","NO","YES","0: 0  CONDITION DOES NOT APPLY","ALWAYS WITH RIGHT HAND","ALWAYS WITH RIGHT HAND","ALWAYS WITH RIGHT HAND","ALWAYS WITH RIGHT HAND","ALWAYS WITH LEFT HAND","0: 0  CONDITION DOES NOT APPLY","1: 1  CONDITION APPLIES","YES","FEMALE","FEMALE"
1980,64735,6,1,2,33790,6,185,1,1,3,4,2,3,2,1,2,2,1,6,2,4,1,1,35,21,"Male","Non-Black / Non-Hispanic","South (AL, AR, DE, DC, FL, GA, KY, LA, MD, MS, NC, OK, SC, TN , TX, VA, WV)","High school diploma (Regular 12 year program)","In CBSA, not in central city","NO","3: Mother","YES","YES","NO","NO","NO","0: 0  CONDITION DOES NOT APPLY","ALWAYS WITH RIGHT HAND","ALWAYS WITH RIGHT HAND","ALWAYS WITH RIGHT HAND","ALWAYS WITH RIGHT HAND","ALWAYS WITH LEFT HAND","1: 1  CONDITION APPLIES","1: 1  CONDITION APPLIES","NO","FEMALE","FEMALE"
1982,64735,3,1,2,33790,5,181,2,2,5,3,2,5,1,2,2,2,1,4,3,7,1,1,30,20,"Female","Non-Black / Non-Hispanic","South (AL, AR, DE, DC, FL, GA, KY, LA, MD, MS, NC, OK, SC, TN , TX, VA, WV)","High school diploma (Regular 12 year program)","In CBSA, not in central city","NO","3: Mother","YES","NO","NO","NO","YES","0: 0  CONDITION DOES NOT APPLY","ALWAYS WITH RIGHT HAND","ALWAYS WITH RIGHT HAND","ALWAYS WITH RIGHT HAND","ALWAYS WITH RIGHT HAND","ALWAYS WITH LEFT HAND","1: 1  CONDITION APPLIES","1: 1  CONDITION APPLIES","NO","FEMALE","MALE"
1983,64735,4,0,6,33790,5,183,1,1,5,6,3,5,1,2,2,2,1,3,2,6,1,1,31,20,"Male","Hispanic","North Central (IL, IN, IA, KS, MI, MN, MO, NE, OH, ND, SD, WI)","High school diploma (Regular 12 year program)","In CBSA, in central city","NO","3: Mother","YES","NO","YES","NO","YES","0: 0  CONDITION DOES NOT APPLY","ALWAYS WITH RIGHT HAND","ALWAYS WITH RIGHT HAND","ALWAYS WITH RIGHT HAND","ALWAYS WITH RIGHT HAND","ALWAYS WITH LEFT HAND","1: 1  CONDITION APPLIES","1: 1  CONDITION APPLIES","NO","FEMALE","FEMALE"
1980,86471,2,2,3,33790,6,182,1,1,5,4,3,6,2,2,1,2,1,6,2,6,1,1,30,21,"Female","Non-Black / Non-Hispanic","North Central (IL, IN, IA, KS, MI, MN, MO, NE, OH, ND, SD, WI)","Bachelor's degree (BA, BS)","In CBSA, not in central city","NO","3: Mother","YES","NO","NO","NO","YES","0: 0  CONDITION DOES NOT APPLY","ALWAYS WITH RIGHT HAND","ALWAYS WITH RIGHT HAND","ALWAYS WITH RIGHT HAND","ALWAYS WITH RIGHT HAND","ALWAYS WITH LEFT HAND","1: 1  CONDITION APPLIES","0: 0  CONDITION DOES NOT APPLY","NO","FEMALE","MALE"
1981,64735,2,0,4,33790,5,180,1,1,3,4,3,4,2,2,2,1,2,6,2,7,1,1,26,17,"Female","Non-Black / Non-Hispanic","South (AL, AR, DE, DC, FL, GA, KY, LA, MD, MS, NC, OK, SC, TN , TX, VA, WV)","GED","Not in country","NO","3: Mother","NO","NO","NO","NO","YES","0: 0  CONDITION DOES NOT APPLY","ALWAYS WITH RIGHT HAND","ALWAYS WITH RIGHT HAND","ALWAYS WITH RIGHT HAND","ALWAYS WITH RIGHT HAND","ALWAYS WITH LEFT HAND","1: 1  CONDITION APPLIES","0: 0  CONDITION DOES NOT APPLY","NO","FEMALE","FEMALE"
1980,64735,3,0,2,33790,6,170,1,2,2,6,6,3,2,2,2,2,1,6,2,6,1,1,30,22,"Male","Non-Black / Non-Hispanic","South (AL, AR, DE, DC, FL, GA, KY, LA, MD, MS, NC, OK, SC, TN , TX, VA, WV)","GED","In CBSA, not in central city","NO","3: Mother","NO","YES","NO","NO","YES","0: 0  CONDITION DOES NOT APPLY","ALWAYS WITH RIGHT HAND","ALWAYS WITH RIGHT HAND","ALWAYS WITH RIGHT HAND","ALWAYS WITH RIGHT HAND","ALWAYS WITH LEFT HAND","1: 1  CONDITION APPLIES","1: 1  CONDITION APPLIES","NO","MALE","MALE"
1981,64735,2,0,1,33790,6,280,1,1,5,4,2,2,2,2,1,2,1,7,3,6,1,1,32,23,"Male","Non-Black / Non-Hispanic","North Central (IL, IN, IA, KS, MI, MN, MO, NE, OH, ND, SD, WI)","High school diploma (Regular 12 year program)","In CBSA, not in central city","NO","3: Mother","YES","NO","YES","NO","NO","0: 0  CONDITION DOES NOT APPLY","ALWAYS WITH RIGHT HAND","ALWAYS WITH RIGHT HAND","ALWAYS WITH RIGHT HAND","ALWAYS WITH RIGHT HAND","ALWAYS WITH LEFT HAND","1: 1  CONDITION APPLIES","1: 1  CONDITION APPLIES","NO","MALE","MALE"
1983,64735,3,0,3,45000,5,179,1,1,7,2,5,6,1,2,1,1,1,5,1,8,2,1,33,25,"Female","Non-Black / Non-Hispanic","West (AK, AZ, CA, CO, HI, ID, MT, NV, NM, OR, UT, WA, WY)","Bachelor's degree (BA, BS)","In CBSA, in central city","NO","3: Mother","YES","NO","NO","NO","NO","0: 0  CONDITION DOES NOT APPLY","ALWAYS WITH RIGHT HAND","ALWAYS WITH RIGHT HAND","ALWAYS WITH RIGHT HAND","ALWAYS WITH RIGHT HAND","ALWAYS WITH LEFT HAND","1: 1  CONDITION APPLIES","1: 1  CONDITION APPLIES","NO","FEMALE","MALE"
1983,64735,2,1,2,33790,5,184,1,1,2,4,4,4,2,2,1,1,1,3,2,8,1,1,22,1,"Female","Non-Black / Non-Hispanic","West (AK, AZ, CA, CO, HI, ID, MT, NV, NM, OR, UT, WA, WY)","High school diploma (Regular 12 year program)","In CBSA, not in central city","NO","3: Mother","NO","NO","NO","NO","YES","0: 0  CONDITION DOES NOT APPLY","ALWAYS WITH RIGHT HAND","ALWAYS WITH RIGHT HAND","ALWAYS WITH RIGHT HAND","ALWAYS WITH RIGHT HAND","ALWAYS WITH LEFT HAND","1: 1  CONDITION APPLIES","1: 1  CONDITION APPLIES","NO","MALE","FEMALE"
1981,57000,5,1,4,33790,6,184,1,2,2,5,2,3,2,2,1,2,2,6,4,7,1,2,30,21,"Male","Hispanic","West (AK, AZ, CA, CO, HI, ID, MT, NV, NM, OR, UT, WA, WY)","High school diploma (Regular 12 year program)","In CBSA, not in central city","NO","3: Mother","NO","NO","YES","NO","NO","0: 0  CONDITION DOES NOT APPLY","ALWAYS WITH RIGHT HAND","ALWAYS WITH RIGHT HAND","ALWAYS WITH RIGHT HAND","ALWAYS WITH RIGHT HAND","ALWAYS WITH LEFT HAND","1: 1  CONDITION APPLIES","1: 1  CONDITION APPLIES","YES","FEMALE","MALE"
1983,64735,3,0,6,33790,5,181,1,1,3,5,2,6,1,2,2,2,2,5,3,7,1,1,30,20,"Male","Non-Black / Non-Hispanic","North Central (IL, IN, IA, KS, MI, MN, MO, NE, OH, ND, SD, WI)","Bachelor's degree (BA, BS)","In CBSA, not in central city","NO","3: Mother","YES","NO","NO","NO","YES","0: 0  CONDITION DOES NOT APPLY","ALWAYS WITH RIGHT HAND","ALWAYS WITH RIGHT HAND","ALWAYS WITH RIGHT HAND","ALWAYS WITH RIGHT HAND","ALWAYS WITH LEFT HAND","1: 1  CONDITION APPLIES","1: 1  CONDITION APPLIES","NO","MALE","FEMALE"
1982,64735,7,1,1,43000,5,180,1,1,4,3,2,4,1,2,2,1,2,3,3,8,1,1,25,5,"Female","Hispanic","South (AL, AR, DE, DC, FL, GA, KY, LA, MD, MS, NC, OK, SC, TN , TX, VA, WV)","High school diploma (Regular 12 year program)","In CBSA, not in central city","NO","3: Mother","NO","YES","YES","NO","YES","1: 1  CONDITION APPLIES","ALWAYS WITH RIGHT HAND","ALWAYS WITH RIGHT HAND","ALWAYS WITH RIGHT HAND","ALWAYS WITH RIGHT HAND","ALWAYS WITH LEFT HAND","1: 1  CONDITION APPLIES","1: 1  CONDITION APPLIES","YES","FEMALE","FEMALE"
1982,100000,3,1,1,33790,5,181,1,2,2,6,4,4,2,2,1,2,1,4,2,7,1,1,32,21,"Female","Black","West (AK, AZ, CA, CO, HI, ID, MT, NV, NM, OR, UT, WA, WY)","High school diploma (Regular 12 year program)","In CBSA, not in central city","NO","3: Mother","NO","YES","NO","NO","YES","0: 0  CONDITION DOES NOT APPLY","ALWAYS WITH RIGHT HAND","ALWAYS WITH RIGHT HAND","ALWAYS WITH RIGHT HAND","ALWAYS WITH RIGHT HAND","ALWAYS WITH LEFT HAND","0: 0  CONDITION DOES NOT APPLY","1: 1  CONDITION APPLIES","NO","FEMALE","FEMALE"
1980,64735,3,1,3,33790,5,182,1,1,3,3,4,2,2,2,2,2,2,1,5,8,2,1,32,22,"Male","Black","North Central (IL, IN, IA, KS, MI, MN, MO, NE, OH, ND, SD, WI)","High school diploma (Regular 12 year program)","In CBSA, in central city","NO","3: Mother","NO","YES","NO","NO","YES","0: 0  CONDITION DOES NOT APPLY","ALWAYS WITH RIGHT HAND","ALWAYS WITH RIGHT HAND","ALWAYS WITH RIGHT HAND","ALWAYS WITH RIGHT HAND","ALWAYS WITH LEFT HAND","1: 1  CONDITION APPLIES","1: 1  CONDITION APPLIES","NO","FEMALE","MALE"
1982,64735,3,0,3,33790,6,183,2,1,4,3,6,3,2,2,2,2,1,7,5,7,3,1,29,21,"Male","Hispanic","West (AK, AZ, CA, CO, HI, ID, MT, NV, NM, OR, UT, WA, WY)","Bachelor's degree (BA, BS)","In CBSA, in central city","NO","3: Mother","NO","NO","YES","NO","YES","0: 0  CONDITION DOES NOT APPLY","ALWAYS WITH RIGHT HAND","USUALLY WITH LEFT HAND","ALWAYS WITH LEFT HAND","ALWAYS WITH RIGHT HAND","ALWAYS WITH LEFT HAND","1: 1  CONDITION APPLIES","1: 1  CONDITION APPLIES","NO","FEMALE","MALE"
1981,64735,4,1,3,33790,5,184,1,3,1,3,2,5,2,2,2,2,1,3,4,7,1,1,32,17,"Female","Black","North Central (IL, IN, IA, KS, MI, MN, MO, NE, OH, ND, SD, WI)","High school diploma (Regular 12 year program)","In CBSA, not in central city","NO","3: Mother","NO","YES","NO","NO","NO","0: 0  CONDITION DOES NOT APPLY","ALWAYS WITH RIGHT HAND","ALWAYS WITH RIGHT HAND","ALWAYS WITH RIGHT HAND","ALWAYS WITH RIGHT HAND","USUALLY WITH BOTH HANDS EQUALLY","1: 1  CONDITION APPLIES","1: 1  CONDITION APPLIES","YES","FEMALE","FEMALE"
1980,64735,3,0,3,33790,5,240,2,1,3,5,4,4,2,2,1,1,1,6,1,7,1,1,34,25,"Male","Hispanic","West (AK, AZ, CA, CO, HI, ID, MT, NV, NM, OR, UT, WA, WY)","High school diploma (Regular 12 year program)","In CBSA, not in central city","YES","3: Mother","NO","NO","NO","NO","NO","0: 0  CONDITION DOES NOT APPLY","ALWAYS WITH RIGHT HAND","ALWAYS WITH RIGHT HAND","ALWAYS WITH RIGHT HAND","ALWAYS WITH RIGHT HAND","ALWAYS WITH LEFT HAND","1: 1  CONDITION APPLIES","1: 1  CONDITION APPLIES","NO","FEMALE","FEMALE"
1984,64735,3,1,3,33790,6,183,2,1,5,2,3,3,2,2,1,1,1,6,3,7,1,1,31,21,"Male","Hispanic","West (AK, AZ, CA, CO, HI, ID, MT, NV, NM, OR, UT, WA, WY)","Bachelor's degree (BA, BS)","In CBSA, in central city","NO","3: Mother","YES","NO","YES","NO","YES","0: 0  CONDITION DOES NOT APPLY","ALWAYS WITH RIGHT HAND","ALWAYS WITH RIGHT HAND","ALWAYS WITH RIGHT HAND","ALWAYS WITH RIGHT HAND","ALWAYS WITH LEFT HAND","1: 1  CONDITION APPLIES","1: 1  CONDITION APPLIES","NO","FEMALE","FEMALE"
1983,64735,4,1,2,33790,5,184,1,2,3,4,3,7,2,2,1,2,2,1,2,7,1,1,30,22,"Female","Hispanic","West (AK, AZ, CA, CO, HI, ID, MT, NV, NM, OR, UT, WA, WY)","High school diploma (Regular 12 year program)","Not in CBSA","NO","3: Mother","YES","NO","YES","NO","YES","0: 0  CONDITION DOES NOT APPLY","ALWAYS WITH RIGHT HAND","ALWAYS WITH RIGHT HAND","ALWAYS WITH RIGHT HAND","ALWAYS WITH RIGHT HAND","ALWAYS WITH LEFT HAND","1: 1  CONDITION APPLIES","1: 1  CONDITION APPLIES","NO","FEMALE","MALE"
1981,74750,2,1,1,33790,5,182,1,1,4,3,7,4,2,2,1,1,1,2,2,6,1,1,28,18,"Female","Non-Black / Non-Hispanic","South (AL, AR, DE, DC, FL, GA, KY, LA, MD, MS, NC, OK, SC, TN , TX, VA, WV)","Bachelor's degree (BA, BS)","In CBSA, in central city","NO","3: Mother","YES","NO","NO","NO","YES","0: 0  CONDITION DOES NOT APPLY","ALWAYS WITH RIGHT HAND","ALWAYS WITH RIGHT HAND","ALWAYS WITH RIGHT HAND","ALWAYS WITH RIGHT HAND","ALWAYS WITH LEFT HAND","1: 1  CONDITION APPLIES","0: 0  CONDITION DOES NOT APPLY","NO","MALE","MALE"
1984,64735,2,0,5,146002,5,183,2,1,4,3,4,2,1,2,1,1,1,6,3,8,1,1,33,25,"Male","Non-Black / Non-Hispanic","West (AK, AZ, CA, CO, HI, ID, MT, NV, NM, OR, UT, WA, WY)","Associate/Junior college (AA)","In CBSA, in central city","NO","3: Mother","YES","NO","YES","NO","YES","0: 0  CONDITION DOES NOT APPLY","ALWAYS WITH RIGHT HAND","ALWAYS WITH RIGHT HAND","ALWAYS WITH RIGHT HAND","ALWAYS WITH RIGHT HAND","ALWAYS WITH LEFT HAND","1: 1  CONDITION APPLIES","1: 1  CONDITION APPLIES","NO","FEMALE","MALE"
1984,64735,3,0,2,33790,5,125,1,1,5,2,4,5,2,2,2,2,2,2,2,7,1,1,29,17,"Male","Non-Black / Non-Hispanic","North Central (IL, IN, IA, KS, MI, MN, MO, NE, OH, ND, SD, WI)","GED","In CBSA, in central city","NO","3: Mother","YES","NO","NO","NO","YES","0: 0  CONDITION DOES NOT APPLY","ALWAYS WITH RIGHT HAND","ALWAYS WITH RIGHT HAND","ALWAYS WITH RIGHT HAND","ALWAYS WITH LEFT HAND","ALWAYS WITH LEFT HAND","1: 1  CONDITION APPLIES","1: 1  CONDITION APPLIES","NO","FEMALE","MALE"
1980,64735,4,0,1,68000,5,184,1,2,5,5,3,3,2,1,2,2,1,7,2,6,1,1,30,20,"Male","Non-Black / Non-Hispanic","North Central (IL, IN, IA, KS, MI, MN, MO, NE, OH, ND, SD, WI)","High school diploma (Regular 12 year program)","In CBSA, not in central city","YES","3: Mother","YES","NO","YES","NO","YES","0: 0  CONDITION DOES NOT APPLY","ALWAYS WITH RIGHT HAND","ALWAYS WITH RIGHT HAND","USUALLY WITH BOTH HANDS EQUALLY","ALWAYS WITH RIGHT HAND","ALWAYS WITH LEFT HAND","1: 1  CONDITION APPLIES","1: 1  CONDITION APPLIES","NO","FEMALE","MALE"
1981,64735,5,1,3,33790,5,184,1,2,3,4,2,3,2,2,2,2,1,2,2,7,1,1,31,17,"Male","Non-Black / Non-Hispanic","South (AL, AR, DE, DC, FL, GA, KY, LA, MD, MS, NC, OK, SC, TN , TX, VA, WV)","High school diploma (Regular 12 year program)","In CBSA, not in central city","NO","3: Mother","YES","NO","NO","NO","YES","0: 0  CONDITION DOES NOT APPLY","ALWAYS WITH RIGHT HAND","ALWAYS WITH LEFT HAND","ALWAYS WITH RIGHT HAND","ALWAYS WITH RIGHT HAND","ALWAYS WITH LEFT HAND","1: 1  CONDITION APPLIES","1: 1  CONDITION APPLIES","NO","MALE","FEMALE"
1982,64735,4,0,1,33790,5,178,1,1,3,3,3,6,2,2,1,2,1,3,3,7,1,1,84,38,"Male","Non-Black / Non-Hispanic","South (AL, AR, DE, DC, FL, GA, KY, LA, MD, MS, NC, OK, SC, TN , TX, VA, WV)","None","In CBSA, not in central city","YES","3: Mother","YES","NO","YES","NO","YES","0: 0  CONDITION DOES NOT APPLY","ALWAYS WITH RIGHT HAND","ALWAYS WITH RIGHT HAND","ALWAYS WITH RIGHT HAND","ALWAYS WITH LEFT HAND","ALWAYS WITH RIGHT HAND","1: 1  CONDITION APPLIES","1: 1  CONDITION APPLIES","NO","FEMALE","MALE"
1982,64735,2,0,1,33790,5,181,1,1,3,3,3,7,2,2,1,2,2,7,2,7,1,1,35,24,"Female","Non-Black / Non-Hispanic","Northeast (CT, ME, MA, NH, NJ, NY, PA, RI, VT)","Bachelor's degree (BA, BS)","In CBSA, not in central city","YES","3: Mother","YES","NO","NO","NO","YES","0: 0  CONDITION DOES NOT APPLY","ALWAYS WITH RIGHT HAND","ALWAYS WITH RIGHT HAND","ALWAYS WITH RIGHT HAND","ALWAYS WITH RIGHT HAND","ALWAYS WITH LEFT HAND","1: 1  CONDITION APPLIES","0: 0  CONDITION DOES NOT APPLY","NO","FEMALE","MALE"
1984,64735,2,0,4,33790,5,160,1,2,3,4,2,5,2,2,2,2,1,6,5,7,3,3,32,24,"Male","Non-Black / Non-Hispanic","South (AL, AR, DE, DC, FL, GA, KY, LA, MD, MS, NC, OK, SC, TN , TX, VA, WV)","Bachelor's degree (BA, BS)","In CBSA, in central city","NO","3: Mother","YES","NO","NO","NO","YES","0: 0  CONDITION DOES NOT APPLY","ALWAYS WITH RIGHT HAND","ALWAYS WITH RIGHT HAND","ALWAYS WITH RIGHT HAND","ALWAYS WITH RIGHT HAND","ALWAYS WITH LEFT HAND","1: 1  CONDITION APPLIES","1: 1  CONDITION APPLIES","NO","MALE","MALE"
1980,64735,4,1,1,33790,5,183,1,1,4,5,2,5,1,2,1,1,1,8,2,6,1,1,25,1,"Female","Non-Black / Non-Hispanic","West (AK, AZ, CA, CO, HI, ID, MT, NV, NM, OR, UT, WA, WY)","High school diploma (Regular 12 year program)","In CBSA, not in central city","NO","3: Mother","YES","NO","NO","NO","YES","0: 0  CONDITION DOES NOT APPLY","ALWAYS WITH RIGHT HAND","ALWAYS WITH RIGHT HAND","ALWAYS WITH RIGHT HAND","ALWAYS WITH RIGHT HAND","ALWAYS WITH LEFT HAND","1: 1  CONDITION APPLIES","1: 1  CONDITION APPLIES","NO","MALE","FEMALE"
1980,64735,1,0,1,33790,5,225,2,2,4,4,3,4,2,2,2,1,2,7,4,7,2,1,25,18,"Male","Non-Black / Non-Hispanic","North Central (IL, IN, IA, KS, MI, MN, MO, NE, OH, ND, SD, WI)","High school diploma (Regular 12 year program)","In CBSA, not in central city","YES","3: Mother","YES","NO","NO","NO","YES","0: 0  CONDITION DOES NOT APPLY","ALWAYS WITH RIGHT HAND","ALWAYS WITH RIGHT HAND","ALWAYS WITH RIGHT HAND","ALWAYS WITH RIGHT HAND","ALWAYS WITH LEFT HAND","1: 1  CONDITION APPLIES","0: 0  CONDITION DOES NOT APPLY","NO","MALE","FEMALE"
1980,64735,5,1,3,33790,5,182,1,1,1,3,2,1,2,1,2,2,1,5,1,9,1,1,36,28,"Female","Non-Black / Non-Hispanic","West (AK, AZ, CA, CO, HI, ID, MT, NV, NM, OR, UT, WA, WY)","Bachelor's degree (BA, BS)","In CBSA, in central city","YES","3: Mother","YES","YES","NO","YES","YES","0: 0  CONDITION DOES NOT APPLY","ALWAYS WITH RIGHT HAND","ALWAYS WITH RIGHT HAND","ALWAYS WITH RIGHT HAND","ALWAYS WITH RIGHT HAND","ALWAYS WITH LEFT HAND","1: 1  CONDITION APPLIES","1: 1  CONDITION APPLIES","YES","MALE","FEMALE"
1986,64735,4,1,4,33790,6,187,1,2,3,4,2,3,2,2,1,2,1,5,2,6,1,2,32,21,"Male","Non-Black / Non-Hispanic","North Central (IL, IN, IA, KS, MI, MN, MO, NE, OH, ND, SD, WI)","High school diploma (Regular 12 year program)","In CBSA, not in central city","NO","3: Mother","YES","YES","NO","NO","YES","0: 0  CONDITION DOES NOT APPLY","ALWAYS WITH RIGHT HAND","ALWAYS WITH RIGHT HAND","ALWAYS WITH RIGHT HAND","ALWAYS WITH RIGHT HAND","ALWAYS WITH LEFT HAND","1: 1  CONDITION APPLIES","1: 1  CONDITION APPLIES","NO","FEMALE","FEMALE"
1982,64735,3,1,2,33790,5,300,1,2,3,4,2,5,1,2,2,2,2,3,3,6,1,1,32,15,"Male","Non-Black / Non-Hispanic","South (AL, AR, DE, DC, FL, GA, KY, LA, MD, MS, NC, OK, SC, TN , TX, VA, WV)","High school diploma (Regular 12 year program)","In CBSA, not in central city","NO","3: Mother","NO","NO","NO","NO","YES","0: 0  CONDITION DOES NOT APPLY","ALWAYS WITH RIGHT HAND","ALWAYS WITH RIGHT HAND","ALWAYS WITH RIGHT HAND","ALWAYS WITH RIGHT HAND","ALWAYS WITH LEFT HAND","0: 0  CONDITION DOES NOT APPLY","1: 1  CONDITION APPLIES","NO","FEMALE","FEMALE"
1984,64735,5,1,2,33790,5,183,2,1,5,2,3,6,2,1,2,2,1,6,2,7,2,1,30,21,"Male","Non-Black / Non-Hispanic","Northeast (CT, ME, MA, NH, NJ, NY, PA, RI, VT)","High school diploma (Regular 12 year program)","In CBSA, not in central city","NO","3: Mother","YES","YES","NO","NO","YES","0: 0  CONDITION DOES NOT APPLY","ALWAYS WITH RIGHT HAND","ALWAYS WITH RIGHT HAND","ALWAYS WITH RIGHT HAND","ALWAYS WITH RIGHT HAND","ALWAYS WITH LEFT HAND","1: 1  CONDITION APPLIES","1: 1  CONDITION APPLIES","NO","FEMALE","MALE"
1981,64735,2,2,1,33790,6,182,1,1,4,4,3,5,2,2,2,1,1,7,2,7,1,1,32,20,"Male","Non-Black / Non-Hispanic","South (AL, AR, DE, DC, FL, GA, KY, LA, MD, MS, NC, OK, SC, TN , TX, VA, WV)","High school diploma (Regular 12 year program)","In CBSA, in central city","NO","3: Mother","YES","NO","NO","NO","YES","0: 0  CONDITION DOES NOT APPLY","ALWAYS WITH RIGHT HAND","ALWAYS WITH RIGHT HAND","ALWAYS WITH RIGHT HAND","ALWAYS WITH RIGHT HAND","ALWAYS WITH LEFT HAND","1: 1  CONDITION APPLIES","1: 1  CONDITION APPLIES","NO","FEMALE","MALE"
1981,64735,3,0,1,33790,5,184,1,1,5,2,4,3,2,2,2,2,2,6,3,7,2,1,30,21,"Male","Non-Black / Non-Hispanic","Northeast (CT, ME, MA, NH, NJ, NY, PA, RI, VT)","High school diploma (Regular 12 year program)","In CBSA, not in central city","NO","3: Mother","NO","NO","YES","NO","YES","0: 0  CONDITION DOES NOT APPLY","ALWAYS WITH RIGHT HAND","ALWAYS WITH RIGHT HAND","ALWAYS WITH RIGHT HAND","ALWAYS WITH RIGHT HAND","ALWAYS WITH LEFT HAND","1: 1  CONDITION APPLIES","1: 1  CONDITION APPLIES","NO","FEMALE","MALE"
1985,64735,3,0,1,20000,5,182,1,2,4,5,5,6,2,2,2,2,1,3,3,7,1,1,57,29,"Male","Non-Black / Non-Hispanic","North Central (IL, IN, IA, KS, MI, MN, MO, NE, OH, ND, SD, WI)","High school diploma (Regular 12 year program)","In CBSA, in central city","YES","3: Mother","YES","NO","YES","NO","NO","0: 0  CONDITION DOES NOT APPLY","ALWAYS WITH LEFT HAND","ALWAYS WITH LEFT HAND","ALWAYS WITH LEFT HAND","ALWAYS WITH LEFT HAND","ALWAYS WITH RIGHT HAND","1: 1  CONDITION APPLIES","1: 1  CONDITION APPLIES","NO","FEMALE","FEMALE"
1981,64735,3,1,3,33790,5,183,1,2,1,1,2,3,2,2,2,2,2,2,3,7,1,2,33,21,"Female","Hispanic","North Central (IL, IN, IA, KS, MI, MN, MO, NE, OH, ND, SD, WI)","High school diploma (Regular 12 year program)","In CBSA, not in central city","NO","3: Mother","NO","NO","NO","NO","YES","0: 0  CONDITION DOES NOT APPLY","ALWAYS WITH RIGHT HAND","ALWAYS WITH RIGHT HAND","ALWAYS WITH RIGHT HAND","ALWAYS WITH RIGHT HAND","ALWAYS WITH LEFT HAND","1: 1  CONDITION APPLIES","1: 1  CONDITION APPLIES","NO","MALE","FEMALE"
1982,64735,4,0,3,38000,5,184,1,2,2,6,4,3,2,2,2,1,2,8,2,7,1,1,30,21,"Male","Non-Black / Non-Hispanic","South (AL, AR, DE, DC, FL, GA, KY, LA, MD, MS, NC, OK, SC, TN , TX, VA, WV)","High school diploma (Regular 12 year program)","In CBSA, in central city","NO","3: Mother","YES","YES","NO","NO","YES","0: 0  CONDITION DOES NOT APPLY","ALWAYS WITH RIGHT HAND","ALWAYS WITH RIGHT HAND","ALWAYS WITH RIGHT HAND","ALWAYS WITH RIGHT HAND","ALWAYS WITH LEFT HAND","1: 1  CONDITION APPLIES","1: 1  CONDITION APPLIES","NO","FEMALE","MALE"
1982,64735,2,1,2,33790,5,179,1,1,8,3,4,6,2,2,2,2,1,6,1,7,6,1,33,18,"Male","Non-Black / Non-Hispanic","West (AK, AZ, CA, CO, HI, ID, MT, NV, NM, OR, UT, WA, WY)","Bachelor's degree (BA, BS)","In CBSA, not in central city","NO","3: Mother","YES","NO","NO","NO","YES","0: 0  CONDITION DOES NOT APPLY","ALWAYS WITH RIGHT HAND","USUALLY WITH RIGHT HAND","USUALLY WITH RIGHT HAND","ALWAYS WITH RIGHT HAND","USUALLY WITH LEFT HAND","0: 0  CONDITION DOES NOT APPLY","0: 0  CONDITION DOES NOT APPLY","NO","FEMALE","MALE"
1981,64735,2,0,3,33790,5,183,1,2,3,3,3,3,2,2,1,2,1,2,4,7,1,1,29,22,"Female","Non-Black / Non-Hispanic","South (AL, AR, DE, DC, FL, GA, KY, LA, MD, MS, NC, OK, SC, TN , TX, VA, WV)","High school diploma (Regular 12 year program)","In CBSA, in central city","NO","3: Mother","YES","NO","NO","NO","NO","0: 0  CONDITION DOES NOT APPLY","ALWAYS WITH RIGHT HAND","ALWAYS WITH RIGHT HAND","ALWAYS WITH RIGHT HAND","ALWAYS WITH RIGHT HAND","ALWAYS WITH LEFT HAND","1: 1  CONDITION APPLIES","1: 1  CONDITION APPLIES","NO","MALE","MALE"
1982,46000,3,1,1,33790,5,183,2,1,3,4,2,3,2,2,1,2,1,5,3,6,1,1,24,16,"Female","Hispanic","North Central (IL, IN, IA, KS, MI, MN, MO, NE, OH, ND, SD, WI)","None","In CBSA, not in central city","NO","3: Mother","NO","NO","NO","NO","YES","0: 0  CONDITION DOES NOT APPLY","ALWAYS WITH RIGHT HAND","ALWAYS WITH RIGHT HAND","ALWAYS WITH RIGHT HAND","ALWAYS WITH RIGHT HAND","ALWAYS WITH LEFT HAND","1: 1  CONDITION APPLIES","1: 1  CONDITION APPLIES","YES","MALE","FEMALE"
1984,64735,3,1,2,20000,5,184,2,2,3,2,3,3,2,2,2,2,2,6,5,7,1,1,30,19,"Male","Hispanic","North Central (IL, IN, IA, KS, MI, MN, MO, NE, OH, ND, SD, WI)","High school diploma (Regular 12 year program)","In CBSA, not in central city","NO","3: Mother","NO","NO","YES","NO","YES","0: 0  CONDITION DOES NOT APPLY","ALWAYS WITH LEFT HAND","ALWAYS WITH LEFT HAND","ALWAYS WITH LEFT HAND","ALWAYS WITH LEFT HAND","ALWAYS WITH LEFT HAND","1: 1  CONDITION APPLIES","1: 1  CONDITION APPLIES","NO","FEMALE","FEMALE"
1981,64735,5,1,2,33790,5,184,1,1,5,3,6,3,2,2,2,2,1,6,4,6,2,1,32,22,"Male","Hispanic","West (AK, AZ, CA, CO, HI, ID, MT, NV, NM, OR, UT, WA, WY)","High school diploma (Regular 12 year program)","In CBSA, not in central city","NO","3: Mother","YES","NO","YES","NO","YES","0: 0  CONDITION DOES NOT APPLY","ALWAYS WITH RIGHT HAND","ALWAYS WITH RIGHT HAND","USUALLY WITH RIGHT HAND","ALWAYS WITH RIGHT HAND","ALWAYS WITH LEFT HAND","0: 0  CONDITION DOES NOT APPLY","1: 1  CONDITION APPLIES","YES","FEMALE","MALE"
1983,64735,4,1,3,33790,5,182,1,2,2,3,2,2,1,2,2,2,2,2,2,8,1,1,24,17,"Male","Hispanic","North Central (IL, IN, IA, KS, MI, MN, MO, NE, OH, ND, SD, WI)","High school diploma (Regular 12 year program)","In CBSA, in central city","NO","3: Mother","NO","NO","YES","YES","NO","0: 0  CONDITION DOES NOT APPLY","ALWAYS WITH RIGHT HAND","ALWAYS WITH RIGHT HAND","USUALLY WITH LEFT HAND","ALWAYS WITH RIGHT HAND","ALWAYS WITH LEFT HAND","1: 1  CONDITION APPLIES","1: 1  CONDITION APPLIES","YES","FEMALE","FEMALE"
1982,64735,5,1,3,42000,6,184,1,1,1,4,2,3,2,2,1,2,1,4,2,7,1,1,29,20,"Male","Hispanic","West (AK, AZ, CA, CO, HI, ID, MT, NV, NM, OR, UT, WA, WY)","GED","In CBSA, in central city","NO","3: Mother","NO","YES","NO","NO","YES","0: 0  CONDITION DOES NOT APPLY","ALWAYS WITH RIGHT HAND","ALWAYS WITH RIGHT HAND","ALWAYS WITH RIGHT HAND","ALWAYS WITH RIGHT HAND","ALWAYS WITH LEFT HAND","1: 1  CONDITION APPLIES","1: 1  CONDITION APPLIES","YES","MALE","FEMALE"
1984,64735,5,1,4,33790,5,184,1,1,2,5,2,3,2,2,1,2,2,6,3,7,1,1,31,19,"Male","Hispanic","West (AK, AZ, CA, CO, HI, ID, MT, NV, NM, OR, UT, WA, WY)","High school diploma (Regular 12 year program)","In CBSA, in central city","NO","3: Mother","NO","YES","NO","NO","NO","0: 0  CONDITION DOES NOT APPLY","ALWAYS WITH RIGHT HAND","ALWAYS WITH RIGHT HAND","ALWAYS WITH RIGHT HAND","ALWAYS WITH RIGHT HAND","ALWAYS WITH LEFT HAND","0: 0  CONDITION DOES NOT APPLY","1: 1  CONDITION APPLIES","NO","MALE","MALE"
1981,71540,2,0,4,33790,5,221,1,2,5,2,2,4,2,2,2,1,1,1,3,7,2,1,27,22,"Male","Non-Black / Non-Hispanic","South (AL, AR, DE, DC, FL, GA, KY, LA, MD, MS, NC, OK, SC, TN , TX, VA, WV)","None","In CBSA, not in central city","NO","3: Mother","NO","NO","NO","NO","YES","0: 0  CONDITION DOES NOT APPLY","ALWAYS WITH RIGHT HAND","ALWAYS WITH RIGHT HAND","ALWAYS WITH RIGHT HAND","ALWAYS WITH RIGHT HAND","ALWAYS WITH LEFT HAND","1: 1  CONDITION APPLIES","1: 1  CONDITION APPLIES","NO","FEMALE","MALE"
1983,64735,3,0,1,33790,5,182,1,2,3,3,2,1,2,2,1,2,1,6,2,5,1,1,41,72,"Female","Non-Black / Non-Hispanic","Northeast (CT, ME, MA, NH, NJ, NY, PA, RI, VT)","Bachelor's degree (BA, BS)","In CBSA, not in central city","YES","3: Mother","YES","YES","NO","NO","NO","0: 0  CONDITION DOES NOT APPLY","ALWAYS WITH RIGHT HAND","ALWAYS WITH RIGHT HAND","ALWAYS WITH RIGHT HAND","ALWAYS WITH RIGHT HAND","ALWAYS WITH LEFT HAND","1: 1  CONDITION APPLIES","1: 1  CONDITION APPLIES","NO","FEMALE","MALE"
1982,64735,4,0,1,33790,5,145,2,2,3,3,2,6,2,2,2,1,1,3,2,6,1,1,67,27,"Female","Non-Black / Non-Hispanic","West (AK, AZ, CA, CO, HI, ID, MT, NV, NM, OR, UT, WA, WY)","Bachelor's degree (BA, BS)","In CBSA, in central city","YES","3: Mother","YES","NO","NO","NO","NO","0: 0  CONDITION DOES NOT APPLY","ALWAYS WITH RIGHT HAND","ALWAYS WITH RIGHT HAND","ALWAYS WITH RIGHT HAND","ALWAYS WITH LEFT HAND","ALWAYS WITH LEFT HAND","1: 1  CONDITION APPLIES","1: 1  CONDITION APPLIES","NO","FEMALE","FEMALE"
1980,64735,7,0,3,33790,5,182,1,2,4,3,2,5,2,2,1,1,1,5,1,6,1,2,35,28,"Male","Non-Black / Non-Hispanic","South (AL, AR, DE, DC, FL, GA, KY, LA, MD, MS, NC, OK, SC, TN , TX, VA, WV)","Associate/Junior college (AA)","In CBSA, in central city","NO","3: Mother","NO","YES","NO","NO","NO","0: 0  CONDITION DOES NOT APPLY","ALWAYS WITH RIGHT HAND","ALWAYS WITH RIGHT HAND","ALWAYS WITH RIGHT HAND","ALWAYS WITH RIGHT HAND","ALWAYS WITH LEFT HAND","1: 1  CONDITION APPLIES","1: 1  CONDITION APPLIES","NO","FEMALE","MALE"
1981,64735,3,0,2,45000,5,184,1,1,4,4,3,5,2,2,1,1,1,7,2,6,1,1,28,1,"Female","Black","West (AK, AZ, CA, CO, HI, ID, MT, NV, NM, OR, UT, WA, WY)","High school diploma (Regular 12 year program)","In CBSA, not in central city","NO","3: Mother","YES","NO","NO","NO","YES","0: 0  CONDITION DOES NOT APPLY","ALWAYS WITH RIGHT HAND","ALWAYS WITH RIGHT HAND","ALWAYS WITH RIGHT HAND","ALWAYS WITH RIGHT HAND","ALWAYS WITH LEFT HAND","0: 0  CONDITION DOES NOT APPLY","1: 1  CONDITION APPLIES","NO","FEMALE","MALE"
1984,64735,3,0,1,33790,6,186,1,1,2,1,2,6,2,1,1,1,1,1,5,6,1,1,36,20,"Male","Black","North Central (IL, IN, IA, KS, MI, MN, MO, NE, OH, ND, SD, WI)","High school diploma (Regular 12 year program)","In CBSA, not in central city","NO","3: Mother","YES","YES","NO","NO","NO","0: 0  CONDITION DOES NOT APPLY","ALWAYS WITH RIGHT HAND","ALWAYS WITH RIGHT HAND","ALWAYS WITH RIGHT HAND","ALWAYS WITH RIGHT HAND","ALWAYS WITH LEFT HAND","1: 1  CONDITION APPLIES","0: 0  CONDITION DOES NOT APPLY","NO","FEMALE","MALE"
1982,64735,4,1,1,33790,6,182,2,2,4,3,2,5,2,2,1,1,1,6,3,5,1,1,33,19,"Male","Hispanic","North Central (IL, IN, IA, KS, MI, MN, MO, NE, OH, ND, SD, WI)","High school diploma (Regular 12 year program)","In CBSA, not in central city","NO","3: Mother","YES","NO","NO","NO","YES","1: 1  CONDITION APPLIES","ALWAYS WITH RIGHT HAND","ALWAYS WITH RIGHT HAND","ALWAYS WITH RIGHT HAND","ALWAYS WITH RIGHT HAND","ALWAYS WITH LEFT HAND","1: 1  CONDITION APPLIES","1: 1  CONDITION APPLIES","NO","FEMALE","FEMALE"
1981,64735,4,1,3,15000,5,181,1,1,3,2,2,3,2,2,1,2,1,5,1,9,1,1,33,26,"Male","Non-Black / Non-Hispanic","South (AL, AR, DE, DC, FL, GA, KY, LA, MD, MS, NC, OK, SC, TN , TX, VA, WV)","Associate/Junior college (AA)","In CBSA, in central city","NO","3: Mother","NO","NO","NO","NO","YES","0: 0  CONDITION DOES NOT APPLY","ALWAYS WITH RIGHT HAND","USUALLY WITH BOTH HANDS EQUALLY","ALWAYS WITH LEFT HAND","ALWAYS WITH LEFT HAND","ALWAYS WITH LEFT HAND","1: 1  CONDITION APPLIES","1: 1  CONDITION APPLIES","NO","MALE","MALE"
1981,64735,4,0,1,33790,5,182,1,1,1,3,2,2,2,2,2,2,1,3,3,7,1,1,35,21,"Male","Black","North Central (IL, IN, IA, KS, MI, MN, MO, NE, OH, ND, SD, WI)","Bachelor's degree (BA, BS)","In CBSA, in central city","YES","3: Mother","NO","YES","NO","NO","YES","0: 0  CONDITION DOES NOT APPLY","ALWAYS WITH RIGHT HAND","ALWAYS WITH RIGHT HAND","ALWAYS WITH RIGHT HAND","ALWAYS WITH RIGHT HAND","ALWAYS WITH LEFT HAND","1: 1  CONDITION APPLIES","1: 1  CONDITION APPLIES","NO","FEMALE","MALE"
1983,64735,3,0,3,33790,5,172,1,1,1,4,5,5,2,1,1,1,1,1,3,9,1,1,28,19,"Male","Non-Black / Non-Hispanic","South (AL, AR, DE, DC, FL, GA, KY, LA, MD, MS, NC, OK, SC, TN , TX, VA, WV)","None","In CBSA, not in central city","NO","3: Mother","NO","NO","NO","NO","YES","0: 0  CONDITION DOES NOT APPLY","ALWAYS WITH RIGHT HAND","ALWAYS WITH RIGHT HAND","ALWAYS WITH RIGHT HAND","ALWAYS WITH RIGHT HAND","ALWAYS WITH LEFT HAND","1: 1  CONDITION APPLIES","1: 1  CONDITION APPLIES","NO","MALE","MALE"
1981,64735,4,0,2,33790,5,186,1,2,2,5,5,4,2,2,1,2,1,4,2,7,1,2,30,22,"Female","Non-Black / Non-Hispanic","South (AL, AR, DE, DC, FL, GA, KY, LA, MD, MS, NC, OK, SC, TN , TX, VA, WV)","None","In CBSA, not in central city","NO","3: Mother","NO","YES","NO","NO","YES","0: 0  CONDITION DOES NOT APPLY","ALWAYS WITH RIGHT HAND","ALWAYS WITH RIGHT HAND","ALWAYS WITH RIGHT HAND","ALWAYS WITH RIGHT HAND","ALWAYS WITH LEFT HAND","1: 1  CONDITION APPLIES","1: 1  CONDITION APPLIES","NO","MALE","FEMALE"
1980,64735,4,1,1,12000,5,183,2,2,4,2,2,4,2,2,1,1,1,3,3,5,1,1,30,18,"Female","Non-Black / Non-Hispanic","North Central (IL, IN, IA, KS, MI, MN, MO, NE, OH, ND, SD, WI)","Bachelor's degree (BA, BS)","In CBSA, in central city","YES","3: Mother","YES","YES","YES","NO","YES","0: 0  CONDITION DOES NOT APPLY","ALWAYS WITH RIGHT HAND","ALWAYS WITH RIGHT HAND","ALWAYS WITH RIGHT HAND","ALWAYS WITH RIGHT HAND","USUALLY WITH LEFT HAND","1: 1  CONDITION APPLIES","1: 1  CONDITION APPLIES","NO","MALE","MALE"
1982,64735,3,1,2,33790,6,182,1,2,2,3,2,3,2,1,1,1,2,3,3,7,1,1,33,19,"Male","Hispanic","South (AL, AR, DE, DC, FL, GA, KY, LA, MD, MS, NC, OK, SC, TN , TX, VA, WV)","High school diploma (Regular 12 year program)","In CBSA, not in central city","NO","3: Mother","NO","NO","NO","NO","YES","0: 0  CONDITION DOES NOT APPLY","ALWAYS WITH RIGHT HAND","ALWAYS WITH RIGHT HAND","ALWAYS WITH RIGHT HAND","ALWAYS WITH RIGHT HAND","ALWAYS WITH LEFT HAND","1: 1  CONDITION APPLIES","1: 1  CONDITION APPLIES","NO","FEMALE","FEMALE"
1983,64735,2,0,4,33790,5,184,1,2,4,4,3,7,2,2,2,2,2,6,2,5,1,1,30,18,"Male","Non-Black / Non-Hispanic","North Central (IL, IN, IA, KS, MI, MN, MO, NE, OH, ND, SD, WI)","High school diploma (Regular 12 year program)","In CBSA, in central city","NO","3: Mother","NO","NO","NO","NO","YES","0: 0  CONDITION DOES NOT APPLY","ALWAYS WITH RIGHT HAND","ALWAYS WITH RIGHT HAND","ALWAYS WITH RIGHT HAND","ALWAYS WITH RIGHT HAND","ALWAYS WITH LEFT HAND","1: 1  CONDITION APPLIES","1: 1  CONDITION APPLIES","NO","FEMALE","FEMALE"
1984,64735,3,1,2,33790,5,183,1,2,1,4,2,3,2,2,1,2,1,3,1,7,1,1,31,20,"Female","Black","South (AL, AR, DE, DC, FL, GA, KY, LA, MD, MS, NC, OK, SC, TN , TX, VA, WV)","GED","In CBSA, not in central city","NO","3: Mother","NO","YES","NO","NO","YES","0: 0  CONDITION DOES NOT APPLY","ALWAYS WITH RIGHT HAND","ALWAYS WITH RIGHT HAND","ALWAYS WITH RIGHT HAND","ALWAYS WITH RIGHT HAND","ALWAYS WITH LEFT HAND","1: 1  CONDITION APPLIES","1: 1  CONDITION APPLIES","NO","MALE","FEMALE"
1984,64735,5,1,2,4000,5,184,1,1,3,4,2,4,2,2,1,2,1,6,6,7,1,1,27,20,"Female","Non-Black / Non-Hispanic","North Central (IL, IN, IA, KS, MI, MN, MO, NE, OH, ND, SD, WI)","High school diploma (Regular 12 year program)","In CBSA, in central city","NO","3: Mother","NO","NO","NO","NO","NO","0: 0  CONDITION DOES NOT APPLY","ALWAYS WITH RIGHT HAND","ALWAYS WITH RIGHT HAND","ALWAYS WITH RIGHT HAND","ALWAYS WITH RIGHT HAND","ALWAYS WITH LEFT HAND","1: 1  CONDITION APPLIES","1: 1  CONDITION APPLIES","NO","FEMALE","MALE"
1982,64735,1,0,3,33790,5,182,2,2,2,4,2,3,2,2,2,2,1,5,3,6,1,1,26,21,"Male","Black","North Central (IL, IN, IA, KS, MI, MN, MO, NE, OH, ND, SD, WI)","Bachelor's degree (BA, BS)","In CBSA, in central city","NO","3: Mother","YES","YES","NO","NO","YES","0: 0  CONDITION DOES NOT APPLY","ALWAYS WITH LEFT HAND","ALWAYS WITH RIGHT HAND","USUALLY WITH LEFT HAND","ALWAYS WITH RIGHT HAND","ALWAYS WITH LEFT HAND","1: 1  CONDITION APPLIES","0: 0  CONDITION DOES NOT APPLY","NO","MALE","MALE"
1983,64735,3,1,3,33790,5,181,1,2,3,4,4,4,2,2,2,2,2,4,3,6,1,1,28,19,"Male","Non-Black / Non-Hispanic","North Central (IL, IN, IA, KS, MI, MN, MO, NE, OH, ND, SD, WI)","GED","In CBSA, in central city","NO","3: Mother","NO","NO","NO","NO","YES","0: 0  CONDITION DOES NOT APPLY","ALWAYS WITH RIGHT HAND","ALWAYS WITH RIGHT HAND","ALWAYS WITH RIGHT HAND","ALWAYS WITH RIGHT HAND","ALWAYS WITH LEFT HAND","0: 0  CONDITION DOES NOT APPLY","1: 1  CONDITION APPLIES","NO","FEMALE","FEMALE"
1982,64735,3,0,6,33790,5,260,2,2,8,4,2,3,2,2,1,1,2,1,2,6,1,2,29,20,"Female","Non-Black / Non-Hispanic","North Central (IL, IN, IA, KS, MI, MN, MO, NE, OH, ND, SD, WI)","GED","In CBSA, not in central city","NO","3: Mother","YES","YES","YES","NO","NO","0: 0  CONDITION DOES NOT APPLY","DON'T DO THIS ACTIVITY","ALWAYS WITH RIGHT HAND","DON'T DO THIS ACTIVITY","ALWAYS WITH RIGHT HAND","ALWAYS WITH LEFT HAND","1: 1  CONDITION APPLIES","1: 1  CONDITION APPLIES","NO","FEMALE","MALE"
1986,64735,2,1,3,33790,6,184,1,1,1,3,3,3,2,2,2,1,2,2,2,8,1,1,28,22,"Male","Non-Black / Non-Hispanic","South (AL, AR, DE, DC, FL, GA, KY, LA, MD, MS, NC, OK, SC, TN , TX, VA, WV)","None","In CBSA, in central city","NO","3: Mother","YES","NO","NO","NO","YES","1: 1  CONDITION APPLIES","ALWAYS WITH RIGHT HAND","ALWAYS WITH RIGHT HAND","ALWAYS WITH RIGHT HAND","ALWAYS WITH RIGHT HAND","ALWAYS WITH LEFT HAND","1: 1  CONDITION APPLIES","1: 1  CONDITION APPLIES","NO","FEMALE","MALE"
1982,64735,4,0,2,16000,5,181,1,2,3,4,3,3,1,2,1,1,1,6,2,8,1,1,33,25,"Female","Hispanic","South (AL, AR, DE, DC, FL, GA, KY, LA, MD, MS, NC, OK, SC, TN , TX, VA, WV)","High school diploma (Regular 12 year program)","In CBSA, not in central city","NO","3: Mother","YES","NO","YES","NO","YES","0: 0  CONDITION DOES NOT APPLY","ALWAYS WITH RIGHT HAND","ALWAYS WITH RIGHT HAND","ALWAYS WITH RIGHT HAND","ALWAYS WITH RIGHT HAND","ALWAYS WITH LEFT HAND","0: 0  CONDITION DOES NOT APPLY","1: 1  CONDITION APPLIES","NO","FEMALE","MALE"
1980,64735,5,0,3,32000,5,184,1,1,3,4,1,2,2,2,2,2,1,3,2,7,1,1,30,25,"Female","Black","South (AL, AR, DE, DC, FL, GA, KY, LA, MD, MS, NC, OK, SC, TN , TX, VA, WV)","High school diploma (Regular 12 year program)","In CBSA, in central city","NO","3: Mother","YES","YES","NO","NO","YES","0: 0  CONDITION DOES NOT APPLY","ALWAYS WITH RIGHT HAND","ALWAYS WITH RIGHT HAND","ALWAYS WITH RIGHT HAND","ALWAYS WITH RIGHT HAND","ALWAYS WITH LEFT HAND","1: 1  CONDITION APPLIES","1: 1  CONDITION APPLIES","NO","FEMALE","MALE"
1982,64735,2,1,3,33790,5,182,2,1,4,3,4,2,1,1,2,2,1,7,1,7,2,1,28,20,"Male","Non-Black / Non-Hispanic","Northeast (CT, ME, MA, NH, NJ, NY, PA, RI, VT)","High school diploma (Regular 12 year program)","In CBSA, not in central city","NO","3: Mother","YES","NO","NO","NO","YES","0: 0  CONDITION DOES NOT APPLY","ALWAYS WITH RIGHT HAND","ALWAYS WITH LEFT HAND","ALWAYS WITH RIGHT HAND","ALWAYS WITH LEFT HAND","ALWAYS WITH LEFT HAND","1: 1  CONDITION APPLIES","0: 0  CONDITION DOES NOT APPLY","NO","MALE","MALE"
1982,64735,4,0,2,25000,5,183,1,1,2,4,2,2,2,2,2,2,2,1,1,6,1,1,30,20,"Male","Hispanic","South (AL, AR, DE, DC, FL, GA, KY, LA, MD, MS, NC, OK, SC, TN , TX, VA, WV)","None","In CBSA, in central city","NO","3: Mother","NO","YES","NO","NO","YES","0: 0  CONDITION DOES NOT APPLY","ALWAYS WITH RIGHT HAND","ALWAYS WITH RIGHT HAND","ALWAYS WITH RIGHT HAND","DON'T DO THIS ACTIVITY","ALWAYS WITH LEFT HAND","1: 1  CONDITION APPLIES","1: 1  CONDITION APPLIES","YES","FEMALE","FEMALE"
1984,64735,4,0,5,33790,5,181,1,1,3,4,2,4,1,2,1,2,1,6,5,6,1,1,32,18,"Female","Black","North Central (IL, IN, IA, KS, MI, MN, MO, NE, OH, ND, SD, WI)","Master's degree (MA, MS)","In CBSA, in central city","NO","3: Mother","NO","NO","NO","NO","YES","0: 0  CONDITION DOES NOT APPLY","ALWAYS WITH RIGHT HAND","ALWAYS WITH RIGHT HAND","ALWAYS WITH RIGHT HAND","ALWAYS WITH RIGHT HAND","ALWAYS WITH LEFT HAND","1: 1  CONDITION APPLIES","1: 1  CONDITION APPLIES","NO","MALE","FEMALE"
1981,64735,3,1,3,33790,5,182,2,1,3,2,3,5,2,2,2,2,1,5,3,7,1,1,32,22,"Male","Non-Black / Non-Hispanic","Northeast (CT, ME, MA, NH, NJ, NY, PA, RI, VT)","Bachelor's degree (BA, BS)","In CBSA, not in central city","NO","3: Mother","NO","YES","NO","NO","YES","0: 0  CONDITION DOES NOT APPLY","ALWAYS WITH RIGHT HAND","ALWAYS WITH RIGHT HAND","ALWAYS WITH RIGHT HAND","ALWAYS WITH RIGHT HAND","ALWAYS WITH LEFT HAND","1: 1  CONDITION APPLIES","1: 1  CONDITION APPLIES","NO","FEMALE","MALE"
1985,64735,3,1,1,33790,6,187,2,1,2,4,2,2,2,2,1,2,2,5,3,5,1,1,36,18,"Male","Hispanic","South (AL, AR, DE, DC, FL, GA, KY, LA, MD, MS, NC, OK, SC, TN , TX, VA, WV)","High school diploma (Regular 12 year program)","In CBSA, in central city","YES","3: Mother","NO","YES","YES","NO","YES","0: 0  CONDITION DOES NOT APPLY","ALWAYS WITH LEFT HAND","ALWAYS WITH RIGHT HAND","DON'T DO THIS ACTIVITY","ALWAYS WITH RIGHT HAND","ALWAYS WITH LEFT HAND","1: 1  CONDITION APPLIES","1: 1  CONDITION APPLIES","NO","FEMALE","MALE"
1980,120000,3,0,1,33790,6,181,1,2,2,4,2,3,1,1,1,1,1,6,3,6,1,1,36,25,"Female","Non-Black / Non-Hispanic","North Central (IL, IN, IA, KS, MI, MN, MO, NE, OH, ND, SD, WI)","Associate/Junior college (AA)","In CBSA, in central city","YES","3: Mother","YES","NO","NO","NO","YES","0: 0  CONDITION DOES NOT APPLY","ALWAYS WITH RIGHT HAND","DON'T DO THIS ACTIVITY","ALWAYS WITH RIGHT HAND","ALWAYS WITH RIGHT HAND","ALWAYS WITH LEFT HAND","1: 1  CONDITION APPLIES","1: 1  CONDITION APPLIES","NO","MALE","FEMALE"
1983,64735,3,1,2,33790,5,181,2,1,4,2,5,3,2,1,2,1,2,2,2,6,2,1,30,19,"Male","Hispanic","North Central (IL, IN, IA, KS, MI, MN, MO, NE, OH, ND, SD, WI)","GED","In CBSA, in central city","NO","3: Mother","YES","NO","YES","NO","YES","0: 0  CONDITION DOES NOT APPLY","ALWAYS WITH RIGHT HAND","ALWAYS WITH RIGHT HAND","ALWAYS WITH RIGHT HAND","ALWAYS WITH RIGHT HAND","ALWAYS WITH LEFT HAND","1: 1  CONDITION APPLIES","0: 0  CONDITION DOES NOT APPLY","NO","FEMALE","MALE"
1982,64735,1,0,1,33790,6,183,1,1,4,4,3,3,2,2,1,1,2,1,3,8,1,1,28,22,"Male","Non-Black / Non-Hispanic","South (AL, AR, DE, DC, FL, GA, KY, LA, MD, MS, NC, OK, SC, TN , TX, VA, WV)","High school diploma (Regular 12 year program)","In CBSA, not in central city","NO","3: Mother","YES","NO","YES","NO","YES","0: 0  CONDITION DOES NOT APPLY","ALWAYS WITH RIGHT HAND","ALWAYS WITH RIGHT HAND","ALWAYS WITH RIGHT HAND","ALWAYS WITH RIGHT HAND","USUALLY WITH RIGHT HAND","1: 1  CONDITION APPLIES","1: 1  CONDITION APPLIES","NO","FEMALE","MALE"
1982,59250,3,1,1,33790,5,182,2,1,4,3,5,2,2,1,1,1,1,3,4,7,1,1,29,21,"Female","Black","South (AL, AR, DE, DC, FL, GA, KY, LA, MD, MS, NC, OK, SC, TN , TX, VA, WV)","High school diploma (Regular 12 year program)","In CBSA, not in central city","NO","3: Mother","YES","NO","NO","NO","YES","0: 0  CONDITION DOES NOT APPLY","ALWAYS WITH RIGHT HAND","ALWAYS WITH RIGHT HAND","ALWAYS WITH RIGHT HAND","ALWAYS WITH RIGHT HAND","ALWAYS WITH LEFT HAND","1: 1  CONDITION APPLIES","1: 1  CONDITION APPLIES","NO","FEMALE","FEMALE"
1982,64735,3,1,3,33790,5,183,1,2,3,4,5,5,2,3,2,2,1,7,6,6,1,1,30,20,"Female","Non-Black / Non-Hispanic","North Central (IL, IN, IA, KS, MI, MN, MO, NE, OH, ND, SD, WI)","High school diploma (Regular 12 year program)","In CBSA, not in central city","NO","3: Mother","YES","YES","NO","NO","YES","0: 0  CONDITION DOES NOT APPLY","ALWAYS WITH LEFT HAND","USUALLY WITH BOTH HANDS EQUALLY","ALWAYS WITH RIGHT HAND","ALWAYS WITH LEFT HAND","USUALLY WITH BOTH HANDS EQUALLY","0: 0  CONDITION DOES NOT APPLY","1: 1  CONDITION APPLIES","YES","FEMALE","FEMALE"
1982,64735,3,1,1,33790,5,183,1,1,1,4,2,5,2,1,2,1,2,4,2,6,1,1,30,22,"Male","Black","North Central (IL, IN, IA, KS, MI, MN, MO, NE, OH, ND, SD, WI)","High school diploma (Regular 12 year program)","In CBSA, not in central city","NO","3: Mother","YES","YES","NO","NO","YES","0: 0  CONDITION DOES NOT APPLY","ALWAYS WITH RIGHT HAND","ALWAYS WITH RIGHT HAND","ALWAYS WITH RIGHT HAND","ALWAYS WITH RIGHT HAND","ALWAYS WITH LEFT HAND","0: 0  CONDITION DOES NOT APPLY","1: 1  CONDITION APPLIES","NO","MALE","FEMALE"
1980,64735,5,1,3,33790,5,181,2,2,2,2,5,1,2,2,2,2,1,5,2,5,1,1,33,20,"Female","Non-Black / Non-Hispanic","South (AL, AR, DE, DC, FL, GA, KY, LA, MD, MS, NC, OK, SC, TN , TX, VA, WV)","High school diploma (Regular 12 year program)","In CBSA, not in central city","YES","3: Mother","YES","NO","NO","NO","NO","0: 0  CONDITION DOES NOT APPLY","ALWAYS WITH RIGHT HAND","ALWAYS WITH RIGHT HAND","ALWAYS WITH RIGHT HAND","ALWAYS WITH RIGHT HAND","ALWAYS WITH LEFT HAND","1: 1  CONDITION APPLIES","1: 1  CONDITION APPLIES","NO","FEMALE","FEMALE"
1983,64735,3,0,2,33790,5,184,1,1,4,4,2,6,2,2,1,2,1,6,1,7,1,1,29,20,"Female","Non-Black / Non-Hispanic","West (AK, AZ, CA, CO, HI, ID, MT, NV, NM, OR, UT, WA, WY)","Associate/Junior college (AA)","In CBSA, in central city","NO","3: Mother","YES","NO","NO","NO","YES","0: 0  CONDITION DOES NOT APPLY","ALWAYS WITH RIGHT HAND","ALWAYS WITH RIGHT HAND","ALWAYS WITH RIGHT HAND","ALWAYS WITH RIGHT HAND","ALWAYS WITH LEFT HAND","0: 0  CONDITION DOES NOT APPLY","1: 1  CONDITION APPLIES","NO","FEMALE","FEMALE"
1981,64735,4,1,1,33790,5,183,1,2,3,3,3,3,2,2,2,2,1,6,2,8,1,1,36,28,"Female","Non-Black / Non-Hispanic","West (AK, AZ, CA, CO, HI, ID, MT, NV, NM, OR, UT, WA, WY)","High school diploma (Regular 12 year program)","In CBSA, not in central city","YES","3: Mother","YES","NO","NO","NO","NO","1: 1  CONDITION APPLIES","ALWAYS WITH RIGHT HAND","ALWAYS WITH RIGHT HAND","ALWAYS WITH RIGHT HAND","ALWAYS WITH RIGHT HAND","ALWAYS WITH LEFT HAND","1: 1  CONDITION APPLIES","1: 1  CONDITION APPLIES","NO","MALE","MALE"
1984,64735,3,1,5,4000,6,186,1,1,1,4,2,2,2,2,1,2,2,3,2,8,1,1,3,13,"Female","Black","North Central (IL, IN, IA, KS, MI, MN, MO, NE, OH, ND, SD, WI)","GED","Not in CBSA","NO","3: Mother","YES","YES","NO","NO","NO","0: 0  CONDITION DOES NOT APPLY","ALWAYS WITH LEFT HAND","ALWAYS WITH RIGHT HAND","ALWAYS WITH LEFT HAND","ALWAYS WITH LEFT HAND","ALWAYS WITH LEFT HAND","1: 1  CONDITION APPLIES","1: 1  CONDITION APPLIES","NO","MALE","MALE"
1982,64735,4,0,3,33790,5,183,1,2,1,3,2,2,1,2,2,2,2,3,1,9,1,1,32,22,"Male","Black","West (AK, AZ, CA, CO, HI, ID, MT, NV, NM, OR, UT, WA, WY)","None","In CBSA, in central city","NO","3: Mother","NO","YES","NO","NO","NO","0: 0  CONDITION DOES NOT APPLY","ALWAYS WITH LEFT HAND","ALWAYS WITH LEFT HAND","ALWAYS WITH LEFT HAND","DON'T DO THIS ACTIVITY","USUALLY WITH BOTH HANDS EQUALLY","1: 1  CONDITION APPLIES","0: 0  CONDITION DOES NOT APPLY","NO","FEMALE","FEMALE"
1982,64735,3,0,3,33790,5,185,1,1,2,4,2,4,2,2,1,1,1,3,2,7,1,1,25,18,"Male","Non-Black / Non-Hispanic","North Central (IL, IN, IA, KS, MI, MN, MO, NE, OH, ND, SD, WI)","Associate/Junior college (AA)","In CBSA, not in central city","NO","3: Mother","YES","NO","NO","NO","YES","0: 0  CONDITION DOES NOT APPLY","USUALLY WITH RIGHT HAND","USUALLY WITH BOTH HANDS EQUALLY","ALWAYS WITH RIGHT HAND","USUALLY WITH RIGHT HAND","USUALLY WITH RIGHT HAND","1: 1  CONDITION APPLIES","1: 1  CONDITION APPLIES","NO","FEMALE","MALE"
1982,64735,3,1,1,85000,5,182,1,1,2,3,2,4,2,2,1,2,1,3,2,6,1,1,30,9,"Male","Hispanic","South (AL, AR, DE, DC, FL, GA, KY, LA, MD, MS, NC, OK, SC, TN , TX, VA, WV)","High school diploma (Regular 12 year program)","In CBSA, in central city","NO","3: Mother","YES","NO","NO","NO","YES","0: 0  CONDITION DOES NOT APPLY","ALWAYS WITH RIGHT HAND","ALWAYS WITH RIGHT HAND","USUALLY WITH BOTH HANDS EQUALLY","ALWAYS WITH RIGHT HAND","USUALLY WITH LEFT HAND","1: 1  CONDITION APPLIES","1: 1  CONDITION APPLIES","YES","MALE","MALE"
1985,64735,4,2,1,2010,5,183,1,1,2,4,1,4,2,2,2,2,1,2,1,8,1,1,30,19,"Female","Black","North Central (IL, IN, IA, KS, MI, MN, MO, NE, OH, ND, SD, WI)","High school diploma (Regular 12 year program)","In CBSA, not in central city","NO","3: Mother","YES","NO","NO","NO","NO","0: 0  CONDITION DOES NOT APPLY","ALWAYS WITH LEFT HAND","ALWAYS WITH LEFT HAND","ALWAYS WITH LEFT HAND","ALWAYS WITH LEFT HAND","ALWAYS WITH RIGHT HAND","1: 1  CONDITION APPLIES","1: 1  CONDITION APPLIES","NO","FEMALE","FEMALE"
1983,64735,2,0,1,35000,5,220,1,2,4,3,1,4,2,2,1,2,2,4,1,6,4,5,32,23,"Male","Black","North Central (IL, IN, IA, KS, MI, MN, MO, NE, OH, ND, SD, WI)","High school diploma (Regular 12 year program)","In CBSA, in central city","NO","3: Mother","YES","NO","YES","NO","YES","0: 0  CONDITION DOES NOT APPLY","ALWAYS WITH RIGHT HAND","ALWAYS WITH RIGHT HAND","ALWAYS WITH RIGHT HAND","ALWAYS WITH RIGHT HAND","ALWAYS WITH LEFT HAND","1: 1  CONDITION APPLIES","0: 0  CONDITION DOES NOT APPLY","NO","FEMALE","FEMALE"
1981,64735,3,0,3,33790,6,300,1,1,1,4,1,2,2,2,2,2,1,3,2,6,1,1,31,21,"Male","Black","South (AL, AR, DE, DC, FL, GA, KY, LA, MD, MS, NC, OK, SC, TN , TX, VA, WV)","High school diploma (Regular 12 year program)","In CBSA, not in central city","NO","3: Mother","NO","YES","NO","NO","YES","0: 0  CONDITION DOES NOT APPLY","ALWAYS WITH RIGHT HAND","ALWAYS WITH RIGHT HAND","ALWAYS WITH RIGHT HAND","ALWAYS WITH RIGHT HAND","ALWAYS WITH LEFT HAND","1: 1  CONDITION APPLIES","1: 1  CONDITION APPLIES","NO","FEMALE","FEMALE"
1980,64735,2,1,1,33790,5,184,1,1,4,4,2,2,2,1,1,2,2,4,2,7,1,1,27,20,"Male","Non-Black / Non-Hispanic","North Central (IL, IN, IA, KS, MI, MN, MO, NE, OH, ND, SD, WI)","High school diploma (Regular 12 year program)","In CBSA, not in central city","NO","3: Mother","YES","NO","NO","NO","YES","0: 0  CONDITION DOES NOT APPLY","ALWAYS WITH RIGHT HAND","ALWAYS WITH RIGHT HAND","ALWAYS WITH RIGHT HAND","ALWAYS WITH RIGHT HAND","ALWAYS WITH LEFT HAND","1: 1  CONDITION APPLIES","1: 1  CONDITION APPLIES","NO","MALE","FEMALE"
1981,64735,3,2,1,33790,5,181,1,2,3,3,5,6,2,2,1,2,2,5,5,6,1,1,23,2,"Female","Non-Black / Non-Hispanic","South (AL, AR, DE, DC, FL, GA, KY, LA, MD, MS, NC, OK, SC, TN , TX, VA, WV)","Bachelor's degree (BA, BS)","In CBSA, not in central city","NO","3: Mother","NO","NO","NO","NO","NO","0: 0  CONDITION DOES NOT APPLY","USUALLY WITH BOTH HANDS EQUALLY","ALWAYS WITH RIGHT HAND","ALWAYS WITH RIGHT HAND","ALWAYS WITH RIGHT HAND","ALWAYS WITH RIGHT HAND","1: 1  CONDITION APPLIES","1: 1  CONDITION APPLIES","NO","MALE","FEMALE"
1983,64735,3,0,3,32000,5,205,1,1,2,2,3,3,2,2,1,2,1,6,1,6,1,1,56,29,"Male","Non-Black / Non-Hispanic","South (AL, AR, DE, DC, FL, GA, KY, LA, MD, MS, NC, OK, SC, TN , TX, VA, WV)","High school diploma (Regular 12 year program)","In CBSA, not in central city","NO","3: Mother","YES","NO","NO","NO","YES","0: 0  CONDITION DOES NOT APPLY","ALWAYS WITH RIGHT HAND","ALWAYS WITH RIGHT HAND","ALWAYS WITH LEFT HAND","ALWAYS WITH RIGHT HAND","ALWAYS WITH LEFT HAND","1: 1  CONDITION APPLIES","1: 1  CONDITION APPLIES","NO","FEMALE","FEMALE"
1983,50000,3,1,3,50000,5,185,1,2,1,4,2,3,2,2,1,2,2,1,2,7,2,1,30,19,"Male","Black","West (AK, AZ, CA, CO, HI, ID, MT, NV, NM, OR, UT, WA, WY)","High school diploma (Regular 12 year program)","In CBSA, in central city","NO","3: Mother","YES","NO","YES","NO","YES","0: 0  CONDITION DOES NOT APPLY","ALWAYS WITH RIGHT HAND","ALWAYS WITH RIGHT HAND","ALWAYS WITH RIGHT HAND","ALWAYS WITH RIGHT HAND","ALWAYS WITH RIGHT HAND","1: 1  CONDITION APPLIES","1: 1  CONDITION APPLIES","NO","FEMALE","FEMALE"
1980,64735,1,0,3,33790,5,183,2,1,5,1,2,1,1,2,2,2,1,6,2,5,1,1,32,24,"Male","Hispanic","South (AL, AR, DE, DC, FL, GA, KY, LA, MD, MS, NC, OK, SC, TN , TX, VA, WV)","Bachelor's degree (BA, BS)","In CBSA, not in central city","YES","3: Mother","YES","NO","NO","NO","YES","0: 0  CONDITION DOES NOT APPLY","ALWAYS WITH RIGHT HAND","ALWAYS WITH RIGHT HAND","ALWAYS WITH RIGHT HAND","ALWAYS WITH RIGHT HAND","ALWAYS WITH LEFT HAND","1: 1  CONDITION APPLIES","1: 1  CONDITION APPLIES","NO","MALE","FEMALE"
1982,64735,2,0,3,33790,5,183,1,1,7,2,6,3,2,2,1,2,1,6,2,6,1,1,30,24,"Male","Black","South (AL, AR, DE, DC, FL, GA, KY, LA, MD, MS, NC, OK, SC, TN , TX, VA, WV)","Professional degree (DDS, JD, MD)","In CBSA, in central city","NO","3: Mother","NO","NO","NO","NO","YES","0: 0  CONDITION DOES NOT APPLY","ALWAYS WITH RIGHT HAND","ALWAYS WITH RIGHT HAND","ALWAYS WITH LEFT HAND","ALWAYS WITH RIGHT HAND","ALWAYS WITH LEFT HAND","1: 1  CONDITION APPLIES","1: 1  CONDITION APPLIES","NO","MALE","MALE"
1983,179000,3,0,2,33790,5,182,1,1,2,5,4,5,1,2,1,2,1,6,2,5,1,1,30,18,"Female","Non-Black / Non-Hispanic","North Central (IL, IN, IA, KS, MI, MN, MO, NE, OH, ND, SD, WI)","Associate/Junior college (AA)","In CBSA, in central city","NO","3: Mother","NO","NO","NO","NO","NO","0: 0  CONDITION DOES NOT APPLY","ALWAYS WITH RIGHT HAND","ALWAYS WITH RIGHT HAND","ALWAYS WITH RIGHT HAND","ALWAYS WITH RIGHT HAND","USUALLY WITH LEFT HAND","1: 1  CONDITION APPLIES","1: 1  CONDITION APPLIES","YES","FEMALE","FEMALE"
1982,64735,4,0,3,33790,6,183,1,1,3,3,1,4,2,2,1,1,1,5,2,7,1,1,29,22,"Female","Black","North Central (IL, IN, IA, KS, MI, MN, MO, NE, OH, ND, SD, WI)","High school diploma (Regular 12 year program)","In CBSA, not in central city","NO","3: Mother","NO","NO","NO","NO","YES","0: 0  CONDITION DOES NOT APPLY","ALWAYS WITH RIGHT HAND","ALWAYS WITH RIGHT HAND","ALWAYS WITH RIGHT HAND","ALWAYS WITH RIGHT HAND","ALWAYS WITH LEFT HAND","1: 1  CONDITION APPLIES","1: 1  CONDITION APPLIES","NO","MALE","MALE"
1980,28000,2,0,2,33790,5,182,1,1,3,4,4,3,2,2,2,1,1,7,2,6,1,1,59,30,"Male","Non-Black / Non-Hispanic","North Central (IL, IN, IA, KS, MI, MN, MO, NE, OH, ND, SD, WI)","Associate/Junior college (AA)","In CBSA, in central city","YES","3: Mother","YES","NO","NO","NO","YES","0: 0  CONDITION DOES NOT APPLY","ALWAYS WITH RIGHT HAND","ALWAYS WITH RIGHT HAND","ALWAYS WITH RIGHT HAND","USUALLY WITH BOTH HANDS EQUALLY","ALWAYS WITH RIGHT HAND","0: 0  CONDITION DOES NOT APPLY","1: 1  CONDITION APPLIES","NO","FEMALE","MALE"
1982,80000,3,1,1,25000,6,182,1,1,3,2,2,7,2,1,1,1,1,5,2,8,1,1,30,22,"Male","Non-Black / Non-Hispanic","West (AK, AZ, CA, CO, HI, ID, MT, NV, NM, OR, UT, WA, WY)","High school diploma (Regular 12 year program)","In CBSA, in central city","NO","3: Mother","NO","YES","NO","NO","YES","0: 0  CONDITION DOES NOT APPLY","ALWAYS WITH RIGHT HAND","ALWAYS WITH RIGHT HAND","ALWAYS WITH RIGHT HAND","ALWAYS WITH RIGHT HAND","ALWAYS WITH LEFT HAND","0: 0  CONDITION DOES NOT APPLY","1: 1  CONDITION APPLIES","YES","FEMALE","FEMALE"
1980,64735,3,1,3,33790,5,183,1,2,2,4,3,4,2,2,2,2,2,7,2,4,1,1,28,0,"Male","Non-Black / Non-Hispanic","North Central (IL, IN, IA, KS, MI, MN, MO, NE, OH, ND, SD, WI)","Master's degree (MA, MS)","In CBSA, in central city","NO","3: Mother","NO","NO","NO","NO","NO","0: 0  CONDITION DOES NOT APPLY","ALWAYS WITH RIGHT HAND","ALWAYS WITH RIGHT HAND","ALWAYS WITH RIGHT HAND","ALWAYS WITH RIGHT HAND","USUALLY WITH LEFT HAND","1: 1  CONDITION APPLIES","1: 1  CONDITION APPLIES","NO","FEMALE","MALE"
1982,64735,3,0,4,70000,5,110,2,1,2,4,5,2,2,2,2,2,2,6,1,8,1,1,30,21,"Female","Hispanic","South (AL, AR, DE, DC, FL, GA, KY, LA, MD, MS, NC, OK, SC, TN , TX, VA, WV)","Bachelor's degree (BA, BS)","In CBSA, in central city","NO","3: Mother","NO","YES","NO","NO","YES","0: 0  CONDITION DOES NOT APPLY","ALWAYS WITH RIGHT HAND","USUALLY WITH RIGHT HAND","USUALLY WITH RIGHT HAND","ALWAYS WITH RIGHT HAND","ALWAYS WITH LEFT HAND","1: 1  CONDITION APPLIES","1: 1  CONDITION APPLIES","NO","FEMALE","MALE"
1980,64735,3,1,4,40000,5,180,2,1,3,7,3,6,1,2,1,2,1,6,1,6,1,1,32,22,"Female","Hispanic","North Central (IL, IN, IA, KS, MI, MN, MO, NE, OH, ND, SD, WI)","Master's degree (MA, MS)","In CBSA, in central city","NO","3: Mother","YES","NO","NO","NO","YES","0: 0  CONDITION DOES NOT APPLY","ALWAYS WITH RIGHT HAND","ALWAYS WITH RIGHT HAND","ALWAYS WITH RIGHT HAND","ALWAYS WITH RIGHT HAND","ALWAYS WITH LEFT HAND","1: 1  CONDITION APPLIES","1: 1  CONDITION APPLIES","NO","MALE","FEMALE"
1980,64735,3,0,3,33790,5,179,1,1,5,1,5,5,2,2,2,2,1,1,1,8,1,1,27,16,"Male","Non-Black / Non-Hispanic","North Central (IL, IN, IA, KS, MI, MN, MO, NE, OH, ND, SD, WI)","Bachelor's degree (BA, BS)","In CBSA, not in central city","NO","3: Mother","YES","NO","NO","NO","YES","0: 0  CONDITION DOES NOT APPLY","ALWAYS WITH RIGHT HAND","ALWAYS WITH RIGHT HAND","ALWAYS WITH RIGHT HAND","ALWAYS WITH RIGHT HAND","ALWAYS WITH LEFT HAND","0: 0  CONDITION DOES NOT APPLY","1: 1  CONDITION APPLIES","NO","FEMALE","MALE"
1980,17500,3,0,2,33790,5,184,1,1,3,6,3,4,2,2,1,2,1,6,2,7,1,1,31,21,"Male","Non-Black / Non-Hispanic","West (AK, AZ, CA, CO, HI, ID, MT, NV, NM, OR, UT, WA, WY)","High school diploma (Regular 12 year program)","In CBSA, not in central city","NO","3: Mother","NO","NO","NO","NO","YES","0: 0  CONDITION DOES NOT APPLY","ALWAYS WITH RIGHT HAND","ALWAYS WITH RIGHT HAND","ALWAYS WITH RIGHT HAND","ALWAYS WITH RIGHT HAND","ALWAYS WITH LEFT HAND","1: 1  CONDITION APPLIES","1: 1  CONDITION APPLIES","NO","FEMALE","MALE"
1981,3160,4,0,1,2700,5,183,2,3,1,3,3,2,2,2,1,2,1,6,2,7,1,1,39,62,"Female","Non-Black / Non-Hispanic","South (AL, AR, DE, DC, FL, GA, KY, LA, MD, MS, NC, OK, SC, TN , TX, VA, WV)","High school diploma (Regular 12 year program)","In CBSA, not in central city","YES","3: Mother","YES","YES","NO","NO","YES","0: 0  CONDITION DOES NOT APPLY","ALWAYS WITH RIGHT HAND","ALWAYS WITH RIGHT HAND","ALWAYS WITH RIGHT HAND","ALWAYS WITH RIGHT HAND","ALWAYS WITH LEFT HAND","1: 1  CONDITION APPLIES","1: 1  CONDITION APPLIES","NO","FEMALE","FEMALE"
1981,89510,2,0,2,33790,5,180,1,1,3,3,4,4,2,2,1,2,1,7,3,7,1,1,27,22,"Female","Non-Black / Non-Hispanic","South (AL, AR, DE, DC, FL, GA, KY, LA, MD, MS, NC, OK, SC, TN , TX, VA, WV)","None","In CBSA, not in central city","NO","3: Mother","YES","NO","NO","NO","YES","0: 0  CONDITION DOES NOT APPLY","ALWAYS WITH RIGHT HAND","ALWAYS WITH RIGHT HAND","ALWAYS WITH RIGHT HAND","ALWAYS WITH RIGHT HAND","ALWAYS WITH LEFT HAND","1: 1  CONDITION APPLIES","1: 1  CONDITION APPLIES","NO","MALE","MALE"
1982,64735,3,0,5,33790,5,182,1,1,3,4,2,6,2,2,1,2,1,6,2,6,1,1,30,19,"Female","Non-Black / Non-Hispanic","South (AL, AR, DE, DC, FL, GA, KY, LA, MD, MS, NC, OK, SC, TN , TX, VA, WV)","Bachelor's degree (BA, BS)","In CBSA, in central city","NO","3: Mother","NO","NO","NO","NO","YES","0: 0  CONDITION DOES NOT APPLY","ALWAYS WITH RIGHT HAND","USUALLY WITH RIGHT HAND","DON'T DO THIS ACTIVITY","ALWAYS WITH RIGHT HAND","ALWAYS WITH RIGHT HAND","1: 1  CONDITION APPLIES","1: 1  CONDITION APPLIES","NO","MALE","FEMALE"
1982,64735,4,1,1,24000,5,180,1,1,2,3,5,4,1,2,2,2,1,6,1,6,1,1,32,22,"Female","Non-Black / Non-Hispanic","North Central (IL, IN, IA, KS, MI, MN, MO, NE, OH, ND, SD, WI)","Associate/Junior college (AA)","In CBSA, in central city","NO","3: Mother","NO","YES","NO","NO","YES","0: 0  CONDITION DOES NOT APPLY","ALWAYS WITH RIGHT HAND","ALWAYS WITH RIGHT HAND","ALWAYS WITH RIGHT HAND","ALWAYS WITH RIGHT HAND","ALWAYS WITH LEFT HAND","1: 1  CONDITION APPLIES","1: 1  CONDITION APPLIES","YES","MALE","MALE"
1982,64735,3,1,1,33790,5,183,2,2,3,2,4,7,2,2,1,2,1,6,2,6,1,1,32,22,"Male","Non-Black / Non-Hispanic","West (AK, AZ, CA, CO, HI, ID, MT, NV, NM, OR, UT, WA, WY)","GED","In CBSA, in central city","NO","3: Mother","YES","NO","YES","NO","YES","0: 0  CONDITION DOES NOT APPLY","ALWAYS WITH RIGHT HAND","ALWAYS WITH RIGHT HAND","USUALLY WITH RIGHT HAND","ALWAYS WITH RIGHT HAND","ALWAYS WITH LEFT HAND","1: 1  CONDITION APPLIES","1: 1  CONDITION APPLIES","NO","FEMALE","MALE"
1983,64735,3,0,3,33790,6,182,1,2,5,3,4,6,2,2,2,1,2,2,3,6,1,1,32,20,"Male","Non-Black / Non-Hispanic","West (AK, AZ, CA, CO, HI, ID, MT, NV, NM, OR, UT, WA, WY)","High school diploma (Regular 12 year program)","In CBSA, not in central city","YES","3: Mother","YES","YES","NO","NO","YES","0: 0  CONDITION DOES NOT APPLY","ALWAYS WITH RIGHT HAND","ALWAYS WITH RIGHT HAND","ALWAYS WITH LEFT HAND","ALWAYS WITH RIGHT HAND","ALWAYS WITH LEFT HAND","1: 1  CONDITION APPLIES","1: 1  CONDITION APPLIES","NO","FEMALE","MALE"
1983,64735,3,1,2,33790,5,181,2,1,1,3,2,3,2,2,1,1,2,4,5,8,1,1,26,19,"Male","Non-Black / Non-Hispanic","North Central (IL, IN, IA, KS, MI, MN, MO, NE, OH, ND, SD, WI)","High school diploma (Regular 12 year program)","In CBSA, not in central city","NO","3: Mother","NO","YES","NO","NO","YES","0: 0  CONDITION DOES NOT APPLY","ALWAYS WITH RIGHT HAND","ALWAYS WITH RIGHT HAND","ALWAYS WITH RIGHT HAND","ALWAYS WITH RIGHT HAND","ALWAYS WITH LEFT HAND","1: 1  CONDITION APPLIES","1: 1  CONDITION APPLIES","NO","MALE","MALE"
1983,64735,2,0,5,33790,5,181,2,1,1,4,1,4,2,2,2,1,2,2,3,8,1,1,26,20,"Male","Non-Black / Non-Hispanic","South (AL, AR, DE, DC, FL, GA, KY, LA, MD, MS, NC, OK, SC, TN , TX, VA, WV)","High school diploma (Regular 12 year program)","In CBSA, in central city","NO","3: Mother","NO","NO","NO","NO","YES","0: 0  CONDITION DOES NOT APPLY","ALWAYS WITH RIGHT HAND","ALWAYS WITH RIGHT HAND","ALWAYS WITH RIGHT HAND","ALWAYS WITH RIGHT HAND","ALWAYS WITH LEFT HAND","1: 1  CONDITION APPLIES","1: 1  CONDITION APPLIES","NO","FEMALE","MALE"
1983,64735,4,0,2,33790,6,181,1,2,3,4,3,5,1,2,1,2,1,4,1,7,1,1,32,20,"Female","Non-Black / Non-Hispanic","North Central (IL, IN, IA, KS, MI, MN, MO, NE, OH, ND, SD, WI)","None","In CBSA, in central city","NO","3: Mother","YES","YES","NO","NO","YES","0: 0  CONDITION DOES NOT APPLY","ALWAYS WITH RIGHT HAND","ALWAYS WITH RIGHT HAND","ALWAYS WITH RIGHT HAND","ALWAYS WITH RIGHT HAND","ALWAYS WITH RIGHT HAND","1: 1  CONDITION APPLIES","1: 1  CONDITION APPLIES","NO","FEMALE","FEMALE"
1984,64735,3,2,5,33790,5,260,1,2,1,4,7,3,2,2,1,2,1,5,2,7,1,1,31,23,"Female","Non-Black / Non-Hispanic","South (AL, AR, DE, DC, FL, GA, KY, LA, MD, MS, NC, OK, SC, TN , TX, VA, WV)","High school diploma (Regular 12 year program)","In CBSA, in central city","NO","3: Mother","NO","YES","NO","NO","YES","0: 0  CONDITION DOES NOT APPLY","ALWAYS WITH RIGHT HAND","ALWAYS WITH RIGHT HAND","ALWAYS WITH RIGHT HAND","ALWAYS WITH RIGHT HAND","ALWAYS WITH LEFT HAND","1: 1  CONDITION APPLIES","1: 1  CONDITION APPLIES","YES","FEMALE","MALE"
1982,64735,2,0,3,33790,5,175,1,3,3,3,3,6,1,1,2,2,2,9,4,5,1,1,31,17,"Female","Non-Black / Non-Hispanic","West (AK, AZ, CA, CO, HI, ID, MT, NV, NM, OR, UT, WA, WY)","Associate/Junior college (AA)","In CBSA, in central city","NO","3: Mother","YES","NO","NO","NO","NO","0: 0  CONDITION DOES NOT APPLY","ALWAYS WITH RIGHT HAND","USUALLY WITH BOTH HANDS EQUALLY","ALWAYS WITH LEFT HAND","ALWAYS WITH RIGHT HAND","USUALLY WITH BOTH HANDS EQUALLY","1: 1  CONDITION APPLIES","1: 1  CONDITION APPLIES","NO","FEMALE","FEMALE"
1982,64735,4,1,2,33790,6,188,1,3,5,4,3,4,2,2,2,1,1,7,2,4,1,1,33,20,"Male","Black","North Central (IL, IN, IA, KS, MI, MN, MO, NE, OH, ND, SD, WI)","None","In CBSA, not in central city","YES","3: Mother","YES","NO","NO","NO","YES","0: 0  CONDITION DOES NOT APPLY","ALWAYS WITH RIGHT HAND","ALWAYS WITH RIGHT HAND","ALWAYS WITH RIGHT HAND","ALWAYS WITH RIGHT HAND","ALWAYS WITH LEFT HAND","1: 1  CONDITION APPLIES","1: 1  CONDITION APPLIES","NO","FEMALE","FEMALE"
1980,64735,3,0,2,55000,5,183,1,1,3,4,6,2,2,2,1,2,1,6,2,7,1,1,29,21,"Female","Non-Black / Non-Hispanic","South (AL, AR, DE, DC, FL, GA, KY, LA, MD, MS, NC, OK, SC, TN , TX, VA, WV)","Bachelor's degree (BA, BS)","In CBSA, not in central city","NO","3: Mother","NO","NO","NO","NO","YES","0: 0  CONDITION DOES NOT APPLY","ALWAYS WITH RIGHT HAND","ALWAYS WITH RIGHT HAND","ALWAYS WITH RIGHT HAND","ALWAYS WITH RIGHT HAND","ALWAYS WITH LEFT HAND","1: 1  CONDITION APPLIES","1: 1  CONDITION APPLIES","NO","FEMALE","MALE"
1980,64735,2,0,2,33790,5,125,1,2,2,1,5,4,2,2,2,2,2,6,3,6,1,1,31,18,"Female","Hispanic","North Central (IL, IN, IA, KS, MI, MN, MO, NE, OH, ND, SD, WI)","Associate/Junior college (AA)","In CBSA, in central city","NO","3: Mother","YES","NO","NO","NO","YES","0: 0  CONDITION DOES NOT APPLY","ALWAYS WITH RIGHT HAND","ALWAYS WITH RIGHT HAND","ALWAYS WITH RIGHT HAND","ALWAYS WITH RIGHT HAND","ALWAYS WITH LEFT HAND","1: 1  CONDITION APPLIES","1: 1  CONDITION APPLIES","NO","MALE","FEMALE"
1983,64735,3,0,3,33790,6,186,1,2,3,5,2,2,2,2,1,2,1,4,2,5,4,1,32,19,"Male","Non-Black / Non-Hispanic","North Central (IL, IN, IA, KS, MI, MN, MO, NE, OH, ND, SD, WI)","Bachelor's degree (BA, BS)","In CBSA, not in central city","YES","3: Mother","YES","NO","NO","NO","YES","0: 0  CONDITION DOES NOT APPLY","ALWAYS WITH RIGHT HAND","DON'T DO THIS ACTIVITY","USUALLY WITH RIGHT HAND","ALWAYS WITH RIGHT HAND","ALWAYS WITH LEFT HAND","1: 1  CONDITION APPLIES","1: 1  CONDITION APPLIES","NO","FEMALE","MALE"
1983,64735,3,1,1,33790,5,183,1,1,2,3,2,6,2,2,2,1,2,7,1,8,1,1,30,22,"Male","Non-Black / Non-Hispanic","North Central (IL, IN, IA, KS, MI, MN, MO, NE, OH, ND, SD, WI)","High school diploma (Regular 12 year program)","In CBSA, not in central city","NO","3: Mother","YES","NO","NO","NO","YES","1: 1  CONDITION APPLIES","ALWAYS WITH RIGHT HAND","ALWAYS WITH RIGHT HAND","ALWAYS WITH RIGHT HAND","ALWAYS WITH RIGHT HAND","ALWAYS WITH LEFT HAND","1: 1  CONDITION APPLIES","1: 1  CONDITION APPLIES","NO","FEMALE","MALE"
1983,64735,2,0,3,33790,5,184,1,1,4,7,3,4,2,2,1,2,1,6,2,5,1,1,33,22,"Female","Non-Black / Non-Hispanic","North Central (IL, IN, IA, KS, MI, MN, MO, NE, OH, ND, SD, WI)","High school diploma (Regular 12 year program)","In CBSA, in central city","NO","3: Mother","NO","NO","YES","NO","YES","0: 0  CONDITION DOES NOT APPLY","ALWAYS WITH RIGHT HAND","ALWAYS WITH RIGHT HAND","ALWAYS WITH RIGHT HAND","ALWAYS WITH RIGHT HAND","ALWAYS WITH LEFT HAND","0: 0  CONDITION DOES NOT APPLY","1: 1  CONDITION APPLIES","NO","FEMALE","FEMALE"
1980,64735,3,1,3,33790,5,184,1,2,3,4,2,3,2,2,1,2,1,6,4,7,1,1,26,19,"Female","Non-Black / Non-Hispanic","North Central (IL, IN, IA, KS, MI, MN, MO, NE, OH, ND, SD, WI)","GED","In CBSA, in central city","NO","3: Mother","NO","NO","NO","NO","NO","0: 0  CONDITION DOES NOT APPLY","ALWAYS WITH LEFT HAND","ALWAYS WITH RIGHT HAND","USUALLY WITH BOTH HANDS EQUALLY","ALWAYS WITH RIGHT HAND","ALWAYS WITH RIGHT HAND","1: 1  CONDITION APPLIES","1: 1  CONDITION APPLIES","NO","FEMALE","MALE"
1981,7000,3,0,4,33790,5,184,1,3,4,3,2,4,2,2,2,2,1,6,4,7,1,1,29,21,"Female","Black","North Central (IL, IN, IA, KS, MI, MN, MO, NE, OH, ND, SD, WI)","High school diploma (Regular 12 year program)","In CBSA, not in central city","NO","3: Mother","YES","NO","YES","NO","YES","0: 0  CONDITION DOES NOT APPLY","ALWAYS WITH RIGHT HAND","ALWAYS WITH LEFT HAND","ALWAYS WITH LEFT HAND","ALWAYS WITH RIGHT HAND","ALWAYS WITH RIGHT HAND","1: 1  CONDITION APPLIES","1: 1  CONDITION APPLIES","NO","FEMALE","FEMALE"
1983,64735,2,1,1,48000,6,184,1,2,5,4,3,3,2,2,1,2,1,5,2,5,1,1,28,3,"Male","Non-Black / Non-Hispanic","North Central (IL, IN, IA, KS, MI, MN, MO, NE, OH, ND, SD, WI)","High school diploma (Regular 12 year program)","In CBSA, not in central city","NO","3: Mother","NO","NO","NO","NO","YES","0: 0  CONDITION DOES NOT APPLY","ALWAYS WITH RIGHT HAND","ALWAYS WITH RIGHT HAND","ALWAYS WITH RIGHT HAND","ALWAYS WITH RIGHT HAND","ALWAYS WITH LEFT HAND","1: 1  CONDITION APPLIES","1: 1  CONDITION APPLIES","NO","FEMALE","FEMALE"
1984,64735,2,0,2,33790,5,184,1,1,3,5,3,3,2,2,1,1,2,2,2,9,1,1,30,24,"Male","Black","South (AL, AR, DE, DC, FL, GA, KY, LA, MD, MS, NC, OK, SC, TN , TX, VA, WV)","None","In CBSA, in central city","NO","3: Mother","NO","NO","NO","NO","YES","0: 0  CONDITION DOES NOT APPLY","ALWAYS WITH LEFT HAND","ALWAYS WITH LEFT HAND","ALWAYS WITH LEFT HAND","ALWAYS WITH LEFT HAND","ALWAYS WITH LEFT HAND","1: 1  CONDITION APPLIES","1: 1  CONDITION APPLIES","NO","FEMALE","MALE"
1982,64735,3,1,6,33790,5,183,1,2,4,5,2,2,2,2,2,2,1,3,4,6,1,1,30,22,"Female","Non-Black / Non-Hispanic","South (AL, AR, DE, DC, FL, GA, KY, LA, MD, MS, NC, OK, SC, TN , TX, VA, WV)","Bachelor's degree (BA, BS)","In CBSA, not in central city","YES","3: Mother","NO","NO","NO","NO","NO","0: 0  CONDITION DOES NOT APPLY","ALWAYS WITH RIGHT HAND","ALWAYS WITH RIGHT HAND","ALWAYS WITH RIGHT HAND","ALWAYS WITH RIGHT HAND","ALWAYS WITH LEFT HAND","1: 1  CONDITION APPLIES","1: 1  CONDITION APPLIES","NO","FEMALE","MALE"
1981,64735,3,1,2,33790,5,183,1,2,3,4,3,1,2,2,2,2,1,5,4,7,1,2,29,21,"Male","Non-Black / Non-Hispanic","North Central (IL, IN, IA, KS, MI, MN, MO, NE, OH, ND, SD, WI)","Bachelor's degree (BA, BS)","In CBSA, not in central city","YES","3: Mother","NO","NO","NO","NO","YES","0: 0  CONDITION DOES NOT APPLY","ALWAYS WITH RIGHT HAND","ALWAYS WITH RIGHT HAND","ALWAYS WITH RIGHT HAND","ALWAYS WITH RIGHT HAND","ALWAYS WITH LEFT HAND","1: 1  CONDITION APPLIES","1: 1  CONDITION APPLIES","NO","FEMALE","FEMALE"
1981,64735,1,0,1,33790,5,184,1,2,3,3,5,3,2,2,1,2,1,6,1,7,1,1,28,20,"Female","Non-Black / Non-Hispanic","North Central (IL, IN, IA, KS, MI, MN, MO, NE, OH, ND, SD, WI)","Bachelor's degree (BA, BS)","Not in country","NO","3: Mother","YES","NO","NO","NO","YES","0: 0  CONDITION DOES NOT APPLY","ALWAYS WITH RIGHT HAND","ALWAYS WITH RIGHT HAND","ALWAYS WITH RIGHT HAND","ALWAYS WITH RIGHT HAND","ALWAYS WITH LEFT HAND","1: 1  CONDITION APPLIES","0: 0  CONDITION DOES NOT APPLY","NO","MALE","FEMALE"
1982,64735,3,1,1,33790,5,182,1,2,5,1,7,6,2,2,2,2,2,8,3,6,1,1,32,21,"Male","Hispanic","South (AL, AR, DE, DC, FL, GA, KY, LA, MD, MS, NC, OK, SC, TN , TX, VA, WV)","High school diploma (Regular 12 year program)","In CBSA, not in central city","NO","3: Mother","YES","NO","NO","NO","YES","0: 0  CONDITION DOES NOT APPLY","ALWAYS WITH RIGHT HAND","ALWAYS WITH RIGHT HAND","ALWAYS WITH RIGHT HAND","ALWAYS WITH RIGHT HAND","ALWAYS WITH LEFT HAND","1: 1  CONDITION APPLIES","1: 1  CONDITION APPLIES","YES","FEMALE","MALE"
1982,64735,2,1,1,33790,5,181,1,1,4,3,1,5,2,2,2,1,1,6,1,8,1,1,33,21,"Male","Non-Black / Non-Hispanic","South (AL, AR, DE, DC, FL, GA, KY, LA, MD, MS, NC, OK, SC, TN , TX, VA, WV)","High school diploma (Regular 12 year program)","In CBSA, not in central city","NO","3: Mother","YES","NO","YES","NO","NO","0: 0  CONDITION DOES NOT APPLY","ALWAYS WITH LEFT HAND","ALWAYS WITH RIGHT HAND","ALWAYS WITH LEFT HAND","ALWAYS WITH LEFT HAND","ALWAYS WITH RIGHT HAND","1: 1  CONDITION APPLIES","0: 0  CONDITION DOES NOT APPLY","NO","FEMALE","MALE"
1983,64735,3,1,1,33790,5,181,1,1,1,2,1,5,2,2,2,2,1,5,3,8,1,1,29,20,"Female","Non-Black / Non-Hispanic","South (AL, AR, DE, DC, FL, GA, KY, LA, MD, MS, NC, OK, SC, TN , TX, VA, WV)","Bachelor's degree (BA, BS)","In CBSA, not in central city","NO","3: Mother","YES","NO","NO","NO","YES","0: 0  CONDITION DOES NOT APPLY","ALWAYS WITH RIGHT HAND","ALWAYS WITH RIGHT HAND","ALWAYS WITH RIGHT HAND","ALWAYS WITH RIGHT HAND","ALWAYS WITH LEFT HAND","1: 1  CONDITION APPLIES","1: 1  CONDITION APPLIES","NO","MALE","MALE"
1980,64735,3,0,5,33790,5,184,1,2,5,4,3,4,2,1,2,1,1,6,4,5,1,1,34,22,"Female","Non-Black / Non-Hispanic","North Central (IL, IN, IA, KS, MI, MN, MO, NE, OH, ND, SD, WI)","Bachelor's degree (BA, BS)","In CBSA, not in central city","NO","3: Mother","YES","NO","NO","NO","YES","0: 0  CONDITION DOES NOT APPLY","ALWAYS WITH LEFT HAND","ALWAYS WITH RIGHT HAND","ALWAYS WITH LEFT HAND","USUALLY WITH BOTH HANDS EQUALLY","USUALLY WITH LEFT HAND","1: 1  CONDITION APPLIES","1: 1  CONDITION APPLIES","NO","FEMALE","MALE"
1983,64735,3,1,2,33790,5,165,1,1,4,4,3,5,2,2,1,2,1,3,1,8,1,1,30,23,"Female","Non-Black / Non-Hispanic","South (AL, AR, DE, DC, FL, GA, KY, LA, MD, MS, NC, OK, SC, TN , TX, VA, WV)","High school diploma (Regular 12 year program)","In CBSA, in central city","YES","3: Mother","YES","NO","NO","YES","NO","0: 0  CONDITION DOES NOT APPLY","ALWAYS WITH RIGHT HAND","ALWAYS WITH RIGHT HAND","ALWAYS WITH RIGHT HAND","ALWAYS WITH RIGHT HAND","ALWAYS WITH RIGHT HAND","1: 1  CONDITION APPLIES","0: 0  CONDITION DOES NOT APPLY","NO","MALE","MALE"
1980,64735,2,0,3,33790,5,185,1,2,1,4,4,3,2,2,1,2,1,4,6,7,1,1,30,20,"Female","Black","West (AK, AZ, CA, CO, HI, ID, MT, NV, NM, OR, UT, WA, WY)","High school diploma (Regular 12 year program)","In CBSA, in central city","NO","3: Mother","NO","YES","YES","NO","NO","0: 0  CONDITION DOES NOT APPLY","ALWAYS WITH RIGHT HAND","ALWAYS WITH RIGHT HAND","ALWAYS WITH RIGHT HAND","ALWAYS WITH RIGHT HAND","ALWAYS WITH RIGHT HAND","1: 1  CONDITION APPLIES","1: 1  CONDITION APPLIES","NO","MALE","MALE"
1984,118028,3,1,2,33790,5,182,1,1,3,3,4,2,2,2,1,2,1,6,3,7,2,1,31,25,"Female","Hispanic","West (AK, AZ, CA, CO, HI, ID, MT, NV, NM, OR, UT, WA, WY)","Bachelor's degree (BA, BS)","In CBSA, not in central city","NO","3: Mother","YES","NO","YES","NO","YES","0: 0  CONDITION DOES NOT APPLY","ALWAYS WITH RIGHT HAND","ALWAYS WITH RIGHT HAND","ALWAYS WITH RIGHT HAND","ALWAYS WITH RIGHT HAND","ALWAYS WITH LEFT HAND","1: 1  CONDITION APPLIES","1: 1  CONDITION APPLIES","NO","MALE","MALE"
1981,64735,3,1,2,33790,5,184,2,1,5,3,4,4,2,2,1,2,1,7,1,6,1,1,29,21,"Male","Non-Black / Non-Hispanic","North Central (IL, IN, IA, KS, MI, MN, MO, NE, OH, ND, SD, WI)","Bachelor's degree (BA, BS)","In CBSA, not in central city","YES","3: Mother","YES","NO","NO","NO","YES","0: 0  CONDITION DOES NOT APPLY","ALWAYS WITH RIGHT HAND","ALWAYS WITH RIGHT HAND","ALWAYS WITH RIGHT HAND","ALWAYS WITH RIGHT HAND","ALWAYS WITH LEFT HAND","0: 0  CONDITION DOES NOT APPLY","1: 1  CONDITION APPLIES","NO","FEMALE","MALE"
1984,64735,2,1,1,33790,5,183,1,1,3,5,3,3,2,2,1,1,2,10,2,5,1,1,34,22,"Female","Non-Black / Non-Hispanic","South (AL, AR, DE, DC, FL, GA, KY, LA, MD, MS, NC, OK, SC, TN , TX, VA, WV)","High school diploma (Regular 12 year program)","In CBSA, not in central city","NO","3: Mother","YES","NO","NO","NO","YES","0: 0  CONDITION DOES NOT APPLY","ALWAYS WITH RIGHT HAND","ALWAYS WITH RIGHT HAND","ALWAYS WITH RIGHT HAND","ALWAYS WITH RIGHT HAND","ALWAYS WITH LEFT HAND","1: 1  CONDITION APPLIES","1: 1  CONDITION APPLIES","NO","FEMALE","MALE"
1985,64735,4,1,3,33790,5,180,1,2,1,3,2,3,2,2,2,2,1,3,1,7,1,1,32,21,"Male","Non-Black / Non-Hispanic","South (AL, AR, DE, DC, FL, GA, KY, LA, MD, MS, NC, OK, SC, TN , TX, VA, WV)","Bachelor's degree (BA, BS)","In CBSA, not in central city","NO","3: Mother","NO","NO","NO","NO","YES","0: 0  CONDITION DOES NOT APPLY","ALWAYS WITH RIGHT HAND","ALWAYS WITH RIGHT HAND","ALWAYS WITH RIGHT HAND","ALWAYS WITH RIGHT HAND","ALWAYS WITH LEFT HAND","1: 1  CONDITION APPLIES","1: 1  CONDITION APPLIES","YES","FEMALE","FEMALE"
1981,64735,2,0,1,33790,5,183,1,2,1,3,2,3,2,2,2,2,1,4,3,6,1,1,27,18,"Female","Non-Black / Non-Hispanic","South (AL, AR, DE, DC, FL, GA, KY, LA, MD, MS, NC, OK, SC, TN , TX, VA, WV)","Bachelor's degree (BA, BS)","In CBSA, not in central city","NO","3: Mother","NO","NO","NO","NO","YES","0: 0  CONDITION DOES NOT APPLY","ALWAYS WITH RIGHT HAND","ALWAYS WITH RIGHT HAND","ALWAYS WITH RIGHT HAND","ALWAYS WITH RIGHT HAND","ALWAYS WITH RIGHT HAND","1: 1  CONDITION APPLIES","1: 1  CONDITION APPLIES","NO","FEMALE","MALE"
1984,64735,4,0,3,33790,5,185,1,1,5,4,4,4,2,2,2,2,1,5,2,7,1,1,30,23,"Male","Non-Black / Non-Hispanic","West (AK, AZ, CA, CO, HI, ID, MT, NV, NM, OR, UT, WA, WY)","High school diploma (Regular 12 year program)","In CBSA, not in central city","NO","3: Mother","YES","NO","NO","NO","NO","0: 0  CONDITION DOES NOT APPLY","ALWAYS WITH RIGHT HAND","ALWAYS WITH RIGHT HAND","ALWAYS WITH RIGHT HAND","ALWAYS WITH RIGHT HAND","ALWAYS WITH LEFT HAND","1: 1  CONDITION APPLIES","1: 1  CONDITION APPLIES","NO","MALE","MALE"
1981,55000,5,0,2,25000,5,175,1,2,4,3,2,5,1,2,2,1,1,6,1,8,1,1,30,23,"Male","Non-Black / Non-Hispanic","North Central (IL, IN, IA, KS, MI, MN, MO, NE, OH, ND, SD, WI)","High school diploma (Regular 12 year program)","In CBSA, not in central city","NO","3: Mother","NO","NO","YES","NO","YES","0: 0  CONDITION DOES NOT APPLY","ALWAYS WITH RIGHT HAND","ALWAYS WITH RIGHT HAND","ALWAYS WITH RIGHT HAND","ALWAYS WITH RIGHT HAND","ALWAYS WITH LEFT HAND","1: 1  CONDITION APPLIES","1: 1  CONDITION APPLIES","YES","FEMALE","MALE"
1982,64735,2,1,1,33790,5,182,1,2,3,4,4,5,2,2,1,2,1,3,1,6,1,1,26,2,"Female","Non-Black / Non-Hispanic","North Central (IL, IN, IA, KS, MI, MN, MO, NE, OH, ND, SD, WI)","Bachelor's degree (BA, BS)","In CBSA, not in central city","NO","3: Mother","NO","NO","NO","NO","YES","0: 0  CONDITION DOES NOT APPLY","ALWAYS WITH RIGHT HAND","ALWAYS WITH RIGHT HAND","ALWAYS WITH RIGHT HAND","ALWAYS WITH RIGHT HAND","ALWAYS WITH LEFT HAND","0: 0  CONDITION DOES NOT APPLY","1: 1  CONDITION APPLIES","NO","MALE","FEMALE"
1985,64735,1,0,1,33790,5,130,1,2,1,3,5,3,2,2,1,2,1,4,3,7,1,1,31,17,"Female","Non-Black / Non-Hispanic","West (AK, AZ, CA, CO, HI, ID, MT, NV, NM, OR, UT, WA, WY)","Bachelor's degree (BA, BS)","In CBSA, not in central city","NO","3: Mother","YES","NO","NO","NO","YES","0: 0  CONDITION DOES NOT APPLY","USUALLY WITH LEFT HAND","ALWAYS WITH RIGHT HAND","ALWAYS WITH RIGHT HAND","ALWAYS WITH RIGHT HAND","ALWAYS WITH LEFT HAND","0: 0  CONDITION DOES NOT APPLY","1: 1  CONDITION APPLIES","NO","MALE","MALE"
1980,64735,3,1,3,33790,5,181,2,2,3,4,4,5,2,2,1,2,1,5,4,5,1,1,30,21,"Male","Non-Black / Non-Hispanic","North Central (IL, IN, IA, KS, MI, MN, MO, NE, OH, ND, SD, WI)","Master's degree (MA, MS)","In CBSA, in central city","NO","3: Mother","YES","YES","NO","NO","YES","0: 0  CONDITION DOES NOT APPLY","ALWAYS WITH RIGHT HAND","ALWAYS WITH RIGHT HAND","ALWAYS WITH RIGHT HAND","ALWAYS WITH RIGHT HAND","ALWAYS WITH LEFT HAND","1: 1  CONDITION APPLIES","1: 1  CONDITION APPLIES","NO","FEMALE","FEMALE"
1982,64735,3,1,1,33790,5,182,1,1,2,2,6,4,2,2,2,2,1,4,2,6,1,1,35,20,"Male","Non-Black / Non-Hispanic","West (AK, AZ, CA, CO, HI, ID, MT, NV, NM, OR, UT, WA, WY)","Master's degree (MA, MS)","In CBSA, not in central city","NO","3: Mother","YES","NO","NO","NO","YES","0: 0  CONDITION DOES NOT APPLY","ALWAYS WITH RIGHT HAND","ALWAYS WITH RIGHT HAND","ALWAYS WITH RIGHT HAND","USUALLY WITH RIGHT HAND","USUALLY WITH LEFT HAND","0: 0  CONDITION DOES NOT APPLY","1: 1  CONDITION APPLIES","NO","FEMALE","MALE"
1983,125350,3,1,4,33790,6,184,1,1,3,1,3,7,2,2,2,3,2,5,2,5,1,1,29,20,"Male","Non-Black / Non-Hispanic","North Central (IL, IN, IA, KS, MI, MN, MO, NE, OH, ND, SD, WI)","High school diploma (Regular 12 year program)","In CBSA, in central city","NO","3: Mother","YES","NO","NO","NO","YES","0: 0  CONDITION DOES NOT APPLY","ALWAYS WITH RIGHT HAND","ALWAYS WITH RIGHT HAND","ALWAYS WITH RIGHT HAND","ALWAYS WITH RIGHT HAND","ALWAYS WITH LEFT HAND","1: 1  CONDITION APPLIES","1: 1  CONDITION APPLIES","NO","FEMALE","FEMALE"
1982,86000,3,0,4,33790,5,183,1,1,2,4,4,5,2,2,1,1,1,6,2,6,1,1,31,18,"Female","Non-Black / Non-Hispanic","North Central (IL, IN, IA, KS, MI, MN, MO, NE, OH, ND, SD, WI)","Bachelor's degree (BA, BS)","In CBSA, not in central city","NO","3: Mother","YES","NO","NO","NO","NO","0: 0  CONDITION DOES NOT APPLY","ALWAYS WITH RIGHT HAND","ALWAYS WITH RIGHT HAND","ALWAYS WITH RIGHT HAND","ALWAYS WITH RIGHT HAND","ALWAYS WITH LEFT HAND","0: 0  CONDITION DOES NOT APPLY","1: 1  CONDITION APPLIES","NO","FEMALE","FEMALE"
1983,64735,4,0,1,40000,5,181,1,1,7,3,1,4,2,2,1,2,1,4,3,7,1,1,31,21,"Male","Non-Black / Non-Hispanic","North Central (IL, IN, IA, KS, MI, MN, MO, NE, OH, ND, SD, WI)","High school diploma (Regular 12 year program)","In CBSA, not in central city","NO","3: Mother","NO","NO","YES","NO","YES","0: 0  CONDITION DOES NOT APPLY","ALWAYS WITH RIGHT HAND","ALWAYS WITH RIGHT HAND","ALWAYS WITH RIGHT HAND","ALWAYS WITH RIGHT HAND","ALWAYS WITH LEFT HAND","1: 1  CONDITION APPLIES","1: 1  CONDITION APPLIES","NO","FEMALE","MALE"
1981,64735,5,2,2,33790,5,240,1,1,1,3,4,5,2,2,2,2,1,3,2,7,1,1,29,14,"Male","Non-Black / Non-Hispanic","South (AL, AR, DE, DC, FL, GA, KY, LA, MD, MS, NC, OK, SC, TN , TX, VA, WV)","High school diploma (Regular 12 year program)","In CBSA, in central city","NO","3: Mother","NO","NO","NO","NO","YES","0: 0  CONDITION DOES NOT APPLY","ALWAYS WITH LEFT HAND","ALWAYS WITH RIGHT HAND","ALWAYS WITH RIGHT HAND","ALWAYS WITH RIGHT HAND","ALWAYS WITH LEFT HAND","1: 1  CONDITION APPLIES","1: 1  CONDITION APPLIES","NO","FEMALE","FEMALE"
1982,64735,5,1,4,33790,5,183,2,2,2,4,2,4,1,1,1,2,1,5,3,7,1,1,27,1,"Male","Non-Black / Non-Hispanic","South (AL, AR, DE, DC, FL, GA, KY, LA, MD, MS, NC, OK, SC, TN , TX, VA, WV)","High school diploma (Regular 12 year program)","In CBSA, not in central city","NO","3: Mother","NO","NO","NO","NO","YES","0: 0  CONDITION DOES NOT APPLY","ALWAYS WITH RIGHT HAND","ALWAYS WITH RIGHT HAND","ALWAYS WITH RIGHT HAND","ALWAYS WITH RIGHT HAND","USUALLY WITH BOTH HANDS EQUALLY","1: 1  CONDITION APPLIES","1: 1  CONDITION APPLIES","NO","FEMALE","FEMALE"
1982,64735,3,1,1,109,5,180,1,1,2,4,4,5,1,2,1,2,1,3,1,6,1,1,27,9,"Female","Non-Black / Non-Hispanic","North Central (IL, IN, IA, KS, MI, MN, MO, NE, OH, ND, SD, WI)","High school diploma (Regular 12 year program)","In CBSA, not in central city","NO","3: Mother","YES","NO","NO","NO","YES","0: 0  CONDITION DOES NOT APPLY","ALWAYS WITH RIGHT HAND","ALWAYS WITH RIGHT HAND","ALWAYS WITH RIGHT HAND","ALWAYS WITH RIGHT HAND","ALWAYS WITH LEFT HAND","1: 1  CONDITION APPLIES","1: 1  CONDITION APPLIES","NO","FEMALE","FEMALE"
1983,67000,3,1,3,33790,5,220,2,2,5,4,2,3,1,2,1,1,2,2,4,8,1,1,19,17,"Male","Non-Black / Non-Hispanic","North Central (IL, IN, IA, KS, MI, MN, MO, NE, OH, ND, SD, WI)","High school diploma (Regular 12 year program)","In CBSA, in central city","NO","3: Mother","YES","NO","NO","NO","YES","1: 1  CONDITION APPLIES","ALWAYS WITH LEFT HAND","ALWAYS WITH RIGHT HAND","USUALLY WITH LEFT HAND","ALWAYS WITH LEFT HAND","ALWAYS WITH RIGHT HAND","1: 1  CONDITION APPLIES","1: 1  CONDITION APPLIES","NO","FEMALE","MALE"
1981,64735,4,0,3,33790,5,184,2,2,3,4,2,4,2,2,1,2,2,3,3,7,1,1,28,3,"Female","Non-Black / Non-Hispanic","South (AL, AR, DE, DC, FL, GA, KY, LA, MD, MS, NC, OK, SC, TN , TX, VA, WV)","Bachelor's degree (BA, BS)","In CBSA, not in central city","YES","3: Mother","NO","NO","NO","NO","NO","0: 0  CONDITION DOES NOT APPLY","ALWAYS WITH RIGHT HAND","ALWAYS WITH RIGHT HAND","ALWAYS WITH RIGHT HAND","ALWAYS WITH RIGHT HAND","ALWAYS WITH LEFT HAND","1: 1  CONDITION APPLIES","1: 1  CONDITION APPLIES","NO","FEMALE","FEMALE"
1982,64735,3,0,3,33790,5,182,1,1,3,1,3,3,2,2,2,2,1,6,1,7,1,1,29,23,"Female","Black","South (AL, AR, DE, DC, FL, GA, KY, LA, MD, MS, NC, OK, SC, TN , TX, VA, WV)","Master's degree (MA, MS)","In CBSA, in central city","NO","3: Mother","YES","NO","NO","NO","YES","0: 0  CONDITION DOES NOT APPLY","ALWAYS WITH RIGHT HAND","ALWAYS WITH RIGHT HAND","ALWAYS WITH RIGHT HAND","ALWAYS WITH RIGHT HAND","ALWAYS WITH LEFT HAND","1: 1  CONDITION APPLIES","1: 1  CONDITION APPLIES","NO","MALE","MALE"
1984,64735,4,1,2,33790,5,181,2,1,3,5,2,3,2,2,1,2,2,6,2,6,1,1,30,17,"Female","Non-Black / Non-Hispanic","South (AL, AR, DE, DC, FL, GA, KY, LA, MD, MS, NC, OK, SC, TN , TX, VA, WV)","Professional degree (DDS, JD, MD)","Not in CBSA","NO","3: Mother","NO","NO","YES","NO","YES","0: 0  CONDITION DOES NOT APPLY","ALWAYS WITH RIGHT HAND","ALWAYS WITH RIGHT HAND","ALWAYS WITH RIGHT HAND","ALWAYS WITH RIGHT HAND","USUALLY WITH LEFT HAND","1: 1  CONDITION APPLIES","1: 1  CONDITION APPLIES","NO","MALE","MALE"
1982,64735,4,0,1,33790,5,182,1,1,3,3,3,2,2,2,1,1,1,4,3,7,1,4,12,15,"Female","Non-Black / Non-Hispanic","Northeast (CT, ME, MA, NH, NJ, NY, PA, RI, VT)","High school diploma (Regular 12 year program)","In CBSA, in central city","NO","3: Mother","NO","YES","NO","NO","YES","0: 0  CONDITION DOES NOT APPLY","ALWAYS WITH RIGHT HAND","ALWAYS WITH RIGHT HAND","ALWAYS WITH RIGHT HAND","ALWAYS WITH RIGHT HAND","ALWAYS WITH LEFT HAND","1: 1  CONDITION APPLIES","1: 1  CONDITION APPLIES","NO","MALE","FEMALE"
1983,64735,3,0,6,33790,5,183,2,2,1,4,3,2,2,2,2,2,1,5,3,8,1,1,32,20,"Female","Black","South (AL, AR, DE, DC, FL, GA, KY, LA, MD, MS, NC, OK, SC, TN , TX, VA, WV)","Bachelor's degree (BA, BS)","In CBSA, not in central city","NO","3: Mother","NO","YES","NO","NO","YES","0: 0  CONDITION DOES NOT APPLY","ALWAYS WITH RIGHT HAND","ALWAYS WITH RIGHT HAND","ALWAYS WITH RIGHT HAND","ALWAYS WITH RIGHT HAND","ALWAYS WITH LEFT HAND","1: 1  CONDITION APPLIES","1: 1  CONDITION APPLIES","NO","MALE","MALE"
1981,64735,4,0,3,33790,5,182,2,1,1,2,3,6,2,2,1,2,1,5,4,5,1,1,31,21,"Female","Black","South (AL, AR, DE, DC, FL, GA, KY, LA, MD, MS, NC, OK, SC, TN , TX, VA, WV)","GED","In CBSA, in central city","NO","3: Mother","NO","NO","NO","NO","NO","0: 0  CONDITION DOES NOT APPLY","ALWAYS WITH RIGHT HAND","ALWAYS WITH RIGHT HAND","ALWAYS WITH RIGHT HAND","ALWAYS WITH RIGHT HAND","ALWAYS WITH LEFT HAND","1: 1  CONDITION APPLIES","1: 1  CONDITION APPLIES","NO","FEMALE","MALE"
1980,64735,3,1,2,33790,5,135,1,2,3,4,2,4,2,1,1,2,1,5,1,7,1,1,26,6,"Female","Non-Black / Non-Hispanic","North Central (IL, IN, IA, KS, MI, MN, MO, NE, OH, ND, SD, WI)","High school diploma (Regular 12 year program)","In CBSA, in central city","NO","3: Mother","NO","NO","NO","NO","YES","0: 0  CONDITION DOES NOT APPLY","ALWAYS WITH RIGHT HAND","ALWAYS WITH RIGHT HAND","ALWAYS WITH RIGHT HAND","ALWAYS WITH RIGHT HAND","ALWAYS WITH LEFT HAND","1: 1  CONDITION APPLIES","1: 1  CONDITION APPLIES","NO","MALE","FEMALE"
1982,64735,3,0,2,33790,5,186,1,3,1,3,2,2,2,2,1,2,1,6,2,5,1,1,31,23,"Male","Black","North Central (IL, IN, IA, KS, MI, MN, MO, NE, OH, ND, SD, WI)","High school diploma (Regular 12 year program)","In CBSA, in central city","NO","3: Mother","YES","NO","NO","NO","YES","0: 0  CONDITION DOES NOT APPLY","ALWAYS WITH LEFT HAND","ALWAYS WITH LEFT HAND","ALWAYS WITH LEFT HAND","ALWAYS WITH LEFT HAND","ALWAYS WITH LEFT HAND","1: 1  CONDITION APPLIES","1: 1  CONDITION APPLIES","NO","FEMALE","FEMALE"
1984,64735,4,1,2,33790,5,183,1,1,2,1,2,4,2,2,1,2,1,6,2,6,1,1,30,21,"Male","Black","North Central (IL, IN, IA, KS, MI, MN, MO, NE, OH, ND, SD, WI)","Bachelor's degree (BA, BS)","In CBSA, not in central city","NO","3: Mother","NO","NO","NO","NO","NO","0: 0  CONDITION DOES NOT APPLY","DON'T DO THIS ACTIVITY","ALWAYS WITH RIGHT HAND","DON'T DO THIS ACTIVITY","ALWAYS WITH RIGHT HAND","ALWAYS WITH LEFT HAND","1: 1  CONDITION APPLIES","1: 1  CONDITION APPLIES","NO","FEMALE","MALE"
1980,24000,3,1,1,33790,5,183,2,1,2,2,3,2,2,1,1,2,2,4,3,7,1,1,29,21,"Female","Black","South (AL, AR, DE, DC, FL, GA, KY, LA, MD, MS, NC, OK, SC, TN , TX, VA, WV)","Bachelor's degree (BA, BS)","In CBSA, not in central city","NO","3: Mother","NO","NO","NO","NO","YES","0: 0  CONDITION DOES NOT APPLY","ALWAYS WITH RIGHT HAND","ALWAYS WITH RIGHT HAND","ALWAYS WITH RIGHT HAND","ALWAYS WITH RIGHT HAND","ALWAYS WITH RIGHT HAND","1: 1  CONDITION APPLIES","0: 0  CONDITION DOES NOT APPLY","NO","FEMALE","MALE"
1981,64735,4,1,2,33790,5,183,2,1,1,2,2,4,2,2,1,2,2,6,3,7,2,1,30,21,"Female","Black","South (AL, AR, DE, DC, FL, GA, KY, LA, MD, MS, NC, OK, SC, TN , TX, VA, WV)","High school diploma (Regular 12 year program)","In CBSA, not in central city","NO","3: Mother","NO","YES","NO","NO","YES","0: 0  CONDITION DOES NOT APPLY","ALWAYS WITH RIGHT HAND","ALWAYS WITH RIGHT HAND","ALWAYS WITH RIGHT HAND","ALWAYS WITH RIGHT HAND","ALWAYS WITH RIGHT HAND","1: 1  CONDITION APPLIES","1: 1  CONDITION APPLIES","NO","MALE","FEMALE"
1982,64735,2,0,2,33790,5,184,1,2,2,2,4,2,1,2,1,2,1,4,2,6,1,1,35,25,"Male","Non-Black / Non-Hispanic","North Central (IL, IN, IA, KS, MI, MN, MO, NE, OH, ND, SD, WI)","Bachelor's degree (BA, BS)","In CBSA, not in central city","YES","3: Mother","NO","NO","NO","NO","YES","0: 0  CONDITION DOES NOT APPLY","ALWAYS WITH RIGHT HAND","ALWAYS WITH RIGHT HAND","ALWAYS WITH RIGHT HAND","ALWAYS WITH RIGHT HAND","ALWAYS WITH LEFT HAND","1: 1  CONDITION APPLIES","1: 1  CONDITION APPLIES","NO","FEMALE","FEMALE"
1980,64735,4,2,2,33790,5,124,1,1,5,2,2,5,2,2,1,1,1,6,5,7,1,1,30,21,"Female","Black","North Central (IL, IN, IA, KS, MI, MN, MO, NE, OH, ND, SD, WI)","Associate/Junior college (AA)","In CBSA, not in central city","NO","3: Mother","NO","NO","NO","NO","YES","0: 0  CONDITION DOES NOT APPLY","ALWAYS WITH RIGHT HAND","ALWAYS WITH RIGHT HAND","ALWAYS WITH RIGHT HAND","ALWAYS WITH RIGHT HAND","ALWAYS WITH LEFT HAND","1: 1  CONDITION APPLIES","1: 1  CONDITION APPLIES","NO","MALE","MALE"
1984,64735,5,0,2,27000,5,176,1,1,3,3,4,4,2,2,1,2,1,6,2,7,1,1,31,23,"Female","Non-Black / Non-Hispanic","West (AK, AZ, CA, CO, HI, ID, MT, NV, NM, OR, UT, WA, WY)","Bachelor's degree (BA, BS)","In CBSA, not in central city","NO","3: Mother","NO","YES","NO","NO","YES","0: 0  CONDITION DOES NOT APPLY","ALWAYS WITH RIGHT HAND","ALWAYS WITH RIGHT HAND","ALWAYS WITH RIGHT HAND","ALWAYS WITH RIGHT HAND","ALWAYS WITH LEFT HAND","0: 0  CONDITION DOES NOT APPLY","1: 1  CONDITION APPLIES","YES","MALE","MALE"
1981,64735,4,0,1,58000,5,181,1,1,3,3,5,6,2,2,1,2,2,5,4,7,3,1,32,18,"Male","Non-Black / Non-Hispanic","South (AL, AR, DE, DC, FL, GA, KY, LA, MD, MS, NC, OK, SC, TN , TX, VA, WV)","High school diploma (Regular 12 year program)","In CBSA, not in central city","NO","3: Mother","NO","NO","NO","NO","YES","0: 0  CONDITION DOES NOT APPLY","ALWAYS WITH RIGHT HAND","ALWAYS WITH RIGHT HAND","ALWAYS WITH RIGHT HAND","ALWAYS WITH RIGHT HAND","ALWAYS WITH LEFT HAND","1: 1  CONDITION APPLIES","1: 1  CONDITION APPLIES","NO","FEMALE","FEMALE"
1982,64735,1,0,2,33790,5,181,1,1,5,4,1,3,2,2,2,1,2,6,3,8,1,1,30,24,"Female","Non-Black / Non-Hispanic","North Central (IL, IN, IA, KS, MI, MN, MO, NE, OH, ND, SD, WI)","High school diploma (Regular 12 year program)","In CBSA, in central city","NO","3: Mother","NO","NO","NO","NO","YES","0: 0  CONDITION DOES NOT APPLY","ALWAYS WITH RIGHT HAND","ALWAYS WITH RIGHT HAND","ALWAYS WITH RIGHT HAND","ALWAYS WITH RIGHT HAND","ALWAYS WITH LEFT HAND","1: 1  CONDITION APPLIES","1: 1  CONDITION APPLIES","NO","MALE","MALE"
1981,64735,4,1,4,33790,5,182,1,1,2,4,2,5,2,2,2,2,1,6,2,7,1,1,28,21,"Female","Non-Black / Non-Hispanic","South (AL, AR, DE, DC, FL, GA, KY, LA, MD, MS, NC, OK, SC, TN , TX, VA, WV)","Bachelor's degree (BA, BS)","In CBSA, not in central city","NO","3: Mother","NO","YES","NO","NO","NO","0: 0  CONDITION DOES NOT APPLY","ALWAYS WITH RIGHT HAND","ALWAYS WITH RIGHT HAND","ALWAYS WITH RIGHT HAND","ALWAYS WITH RIGHT HAND","ALWAYS WITH LEFT HAND","1: 1  CONDITION APPLIES","1: 1  CONDITION APPLIES","YES","MALE","MALE"
1982,66000,4,0,2,26000,5,179,2,1,4,3,4,5,1,2,1,1,1,5,2,7,1,1,27,18,"Male","Non-Black / Non-Hispanic","South (AL, AR, DE, DC, FL, GA, KY, LA, MD, MS, NC, OK, SC, TN , TX, VA, WV)","High school diploma (Regular 12 year program)","In CBSA, not in central city","NO","3: Mother","YES","NO","NO","NO","NO","0: 0  CONDITION DOES NOT APPLY","ALWAYS WITH RIGHT HAND","ALWAYS WITH RIGHT HAND","ALWAYS WITH RIGHT HAND","ALWAYS WITH RIGHT HAND","ALWAYS WITH LEFT HAND","1: 1  CONDITION APPLIES","1: 1  CONDITION APPLIES","NO","FEMALE","MALE"
1984,64735,3,0,5,33790,5,186,2,1,3,5,4,2,2,1,1,1,1,6,1,7,1,1,32,23,"Female","Non-Black / Non-Hispanic","North Central (IL, IN, IA, KS, MI, MN, MO, NE, OH, ND, SD, WI)","None","In CBSA, not in central city","NO","3: Mother","NO","YES","NO","NO","YES","0: 0  CONDITION DOES NOT APPLY","ALWAYS WITH RIGHT HAND","ALWAYS WITH RIGHT HAND","ALWAYS WITH RIGHT HAND","DON'T DO THIS ACTIVITY","ALWAYS WITH LEFT HAND","1: 1  CONDITION APPLIES","1: 1  CONDITION APPLIES","NO","FEMALE","MALE"
1982,64735,4,1,1,33790,5,180,1,2,2,2,5,4,2,2,1,2,1,5,4,8,1,1,25,18,"Female","Non-Black / Non-Hispanic","North Central (IL, IN, IA, KS, MI, MN, MO, NE, OH, ND, SD, WI)","Bachelor's degree (BA, BS)","In CBSA, not in central city","NO","3: Mother","NO","YES","NO","NO","YES","0: 0  CONDITION DOES NOT APPLY","ALWAYS WITH RIGHT HAND","ALWAYS WITH RIGHT HAND","ALWAYS WITH RIGHT HAND","ALWAYS WITH RIGHT HAND","ALWAYS WITH LEFT HAND","1: 1  CONDITION APPLIES","1: 1  CONDITION APPLIES","NO","MALE","MALE"
1982,64735,4,1,1,33790,5,184,1,1,3,4,4,2,2,2,2,1,1,5,2,7,1,1,30,20,"Male","Non-Black / Non-Hispanic","North Central (IL, IN, IA, KS, MI, MN, MO, NE, OH, ND, SD, WI)","Bachelor's degree (BA, BS)","In CBSA, not in central city","NO","3: Mother","YES","NO","NO","NO","YES","0: 0  CONDITION DOES NOT APPLY","ALWAYS WITH LEFT HAND","ALWAYS WITH RIGHT HAND","ALWAYS WITH RIGHT HAND","ALWAYS WITH RIGHT HAND","ALWAYS WITH LEFT HAND","1: 1  CONDITION APPLIES","1: 1  CONDITION APPLIES","NO","MALE","MALE"
1980,158750,3,1,3,33790,5,186,2,2,4,5,5,6,2,2,1,2,2,2,5,6,1,1,27,5,"Male","Non-Black / Non-Hispanic","North Central (IL, IN, IA, KS, MI, MN, MO, NE, OH, ND, SD, WI)","Bachelor's degree (BA, BS)","In CBSA, not in central city","NO","3: Mother","YES","NO","NO","NO","YES","0: 0  CONDITION DOES NOT APPLY","ALWAYS WITH RIGHT HAND","ALWAYS WITH RIGHT HAND","ALWAYS WITH RIGHT HAND","ALWAYS WITH RIGHT HAND","ALWAYS WITH LEFT HAND","1: 1  CONDITION APPLIES","1: 1  CONDITION APPLIES","NO","FEMALE","FEMALE"
1980,111132,3,0,3,33790,5,184,1,1,3,4,3,3,2,2,2,2,1,8,2,8,1,1,31,26,"Male","Non-Black / Non-Hispanic","South (AL, AR, DE, DC, FL, GA, KY, LA, MD, MS, NC, OK, SC, TN , TX, VA, WV)","Associate/Junior college (AA)","In CBSA, not in central city","NO","3: Mother","YES","NO","NO","NO","YES","0: 0  CONDITION DOES NOT APPLY","ALWAYS WITH RIGHT HAND","ALWAYS WITH RIGHT HAND","ALWAYS WITH RIGHT HAND","ALWAYS WITH RIGHT HAND","ALWAYS WITH LEFT HAND","1: 1  CONDITION APPLIES","1: 1  CONDITION APPLIES","NO","FEMALE","MALE"
1981,64735,2,1,3,33790,6,185,3,1,1,4,2,2,2,2,2,1,2,6,5,7,1,1,13,15,"Female","Non-Black / Non-Hispanic","West (AK, AZ, CA, CO, HI, ID, MT, NV, NM, OR, UT, WA, WY)","High school diploma (Regular 12 year program)","In CBSA, not in central city","NO","3: Mother","YES","NO","YES","NO","YES","0: 0  CONDITION DOES NOT APPLY","ALWAYS WITH RIGHT HAND","ALWAYS WITH LEFT HAND","ALWAYS WITH RIGHT HAND","ALWAYS WITH RIGHT HAND","ALWAYS WITH LEFT HAND","1: 1  CONDITION APPLIES","1: 1  CONDITION APPLIES","NO","FEMALE","FEMALE"
1980,64735,4,0,3,33790,5,182,1,1,4,4,3,1,2,2,2,2,1,6,1,7,1,1,33,24,"Male","Non-Black / Non-Hispanic","West (AK, AZ, CA, CO, HI, ID, MT, NV, NM, OR, UT, WA, WY)","High school diploma (Regular 12 year program)","In CBSA, not in central city","NO","3: Mother","YES","NO","NO","NO","YES","0: 0  CONDITION DOES NOT APPLY","ALWAYS WITH RIGHT HAND","ALWAYS WITH RIGHT HAND","ALWAYS WITH RIGHT HAND","ALWAYS WITH RIGHT HAND","ALWAYS WITH RIGHT HAND","1: 1  CONDITION APPLIES","1: 1  CONDITION APPLIES","NO","MALE","FEMALE"
1982,97100,3,1,2,33790,5,180,2,1,3,4,4,5,2,2,2,2,1,6,2,8,1,1,31,21,"Male","Non-Black / Non-Hispanic","North Central (IL, IN, IA, KS, MI, MN, MO, NE, OH, ND, SD, WI)","Bachelor's degree (BA, BS)","In CBSA, in central city","NO","3: Mother","NO","NO","NO","NO","YES","0: 0  CONDITION DOES NOT APPLY","ALWAYS WITH RIGHT HAND","ALWAYS WITH RIGHT HAND","ALWAYS WITH RIGHT HAND","ALWAYS WITH RIGHT HAND","ALWAYS WITH LEFT HAND","0: 0  CONDITION DOES NOT APPLY","1: 1  CONDITION APPLIES","NO","MALE","MALE"
1985,200000,2,1,3,33790,5,182,2,1,1,4,3,3,2,2,1,2,1,4,1,7,1,1,31,20,"Female","Non-Black / Non-Hispanic","South (AL, AR, DE, DC, FL, GA, KY, LA, MD, MS, NC, OK, SC, TN , TX, VA, WV)","Bachelor's degree (BA, BS)","In CBSA, not in central city","NO","3: Mother","YES","YES","NO","NO","YES","0: 0  CONDITION DOES NOT APPLY","ALWAYS WITH RIGHT HAND","ALWAYS WITH RIGHT HAND","ALWAYS WITH RIGHT HAND","ALWAYS WITH RIGHT HAND","ALWAYS WITH LEFT HAND","0: 0  CONDITION DOES NOT APPLY","1: 1  CONDITION APPLIES","NO","MALE","FEMALE"
1980,64735,5,1,3,33790,6,181,1,2,2,3,3,3,2,1,2,2,1,4,3,7,1,1,33,21,"Male","Non-Black / Non-Hispanic","West (AK, AZ, CA, CO, HI, ID, MT, NV, NM, OR, UT, WA, WY)","High school diploma (Regular 12 year program)","In CBSA, not in central city","NO","3: Mother","YES","NO","YES","NO","YES","0: 0  CONDITION DOES NOT APPLY","ALWAYS WITH RIGHT HAND","ALWAYS WITH RIGHT HAND","USUALLY WITH RIGHT HAND","USUALLY WITH RIGHT HAND","ALWAYS WITH LEFT HAND","1: 1  CONDITION APPLIES","1: 1  CONDITION APPLIES","NO","FEMALE","FEMALE"
1983,160500,3,1,3,33790,5,183,1,1,6,2,4,3,2,2,2,2,1,7,2,7,1,1,30,21,"Female","Non-Black / Non-Hispanic","West (AK, AZ, CA, CO, HI, ID, MT, NV, NM, OR, UT, WA, WY)","High school diploma (Regular 12 year program)","In CBSA, not in central city","YES","3: Mother","YES","NO","YES","NO","YES","0: 0  CONDITION DOES NOT APPLY","ALWAYS WITH RIGHT HAND","ALWAYS WITH RIGHT HAND","ALWAYS WITH RIGHT HAND","ALWAYS WITH RIGHT HAND","ALWAYS WITH LEFT HAND","1: 1  CONDITION APPLIES","1: 1  CONDITION APPLIES","YES","MALE","MALE"
1980,64735,5,0,5,33790,5,184,2,1,2,4,2,5,2,1,2,1,1,3,4,7,1,1,24,13,"Male","Non-Black / Non-Hispanic","West (AK, AZ, CA, CO, HI, ID, MT, NV, NM, OR, UT, WA, WY)","None","In CBSA, in central city","NO","3: Mother","YES","NO","YES","NO","NO","0: 0  CONDITION DOES NOT APPLY","ALWAYS WITH RIGHT HAND","ALWAYS WITH RIGHT HAND","ALWAYS WITH LEFT HAND","ALWAYS WITH RIGHT HAND","ALWAYS WITH LEFT HAND","1: 1  CONDITION APPLIES","1: 1  CONDITION APPLIES","NO","MALE","FEMALE"
1982,121600,2,0,1,33790,5,200,1,1,2,2,1,3,1,2,1,2,1,2,3,8,1,1,29,20,"Male","Hispanic","West (AK, AZ, CA, CO, HI, ID, MT, NV, NM, OR, UT, WA, WY)","High school diploma (Regular 12 year program)","In CBSA, in central city","YES","3: Mother","YES","NO","NO","NO","NO","0: 0  CONDITION DOES NOT APPLY","ALWAYS WITH RIGHT HAND","ALWAYS WITH RIGHT HAND","ALWAYS WITH RIGHT HAND","ALWAYS WITH RIGHT HAND","ALWAYS WITH LEFT HAND","1: 1  CONDITION APPLIES","1: 1  CONDITION APPLIES","YES","FEMALE","MALE"
1981,64735,3,1,1,33790,5,182,1,1,3,3,2,4,2,2,1,1,1,5,2,7,1,1,33,19,"Female","Non-Black / Non-Hispanic","West (AK, AZ, CA, CO, HI, ID, MT, NV, NM, OR, UT, WA, WY)","Bachelor's degree (BA, BS)","In CBSA, not in central city","YES","3: Mother","NO","NO","YES","NO","YES","0: 0  CONDITION DOES NOT APPLY","ALWAYS WITH RIGHT HAND","ALWAYS WITH RIGHT HAND","ALWAYS WITH RIGHT HAND","ALWAYS WITH RIGHT HAND","USUALLY WITH LEFT HAND","1: 1  CONDITION APPLIES","1: 1  CONDITION APPLIES","NO","MALE","MALE"
1982,64735,4,0,2,33790,5,194,1,1,3,3,2,7,2,1,2,1,1,1,2,9,1,1,47,57,"Male","Hispanic","West (AK, AZ, CA, CO, HI, ID, MT, NV, NM, OR, UT, WA, WY)","High school diploma (Regular 12 year program)","In CBSA, not in central city","YES","3: Mother","YES","YES","NO","NO","NO","0: 0  CONDITION DOES NOT APPLY","ALWAYS WITH RIGHT HAND","ALWAYS WITH RIGHT HAND","ALWAYS WITH RIGHT HAND","USUALLY WITH BOTH HANDS EQUALLY","ALWAYS WITH LEFT HAND","1: 1  CONDITION APPLIES","1: 1  CONDITION APPLIES","NO","FEMALE","MALE"
1980,27102,4,1,4,33790,5,184,1,1,2,4,3,3,2,2,2,2,1,7,4,6,1,1,30,18,"Male","Non-Black / Non-Hispanic","South (AL, AR, DE, DC, FL, GA, KY, LA, MD, MS, NC, OK, SC, TN , TX, VA, WV)","Master's degree (MA, MS)","In CBSA, in central city","NO","3: Mother","YES","NO","NO","NO","NO","0: 0  CONDITION DOES NOT APPLY","ALWAYS WITH RIGHT HAND","ALWAYS WITH RIGHT HAND","ALWAYS WITH RIGHT HAND","ALWAYS WITH RIGHT HAND","ALWAYS WITH LEFT HAND","1: 1  CONDITION APPLIES","1: 1  CONDITION APPLIES","YES","MALE","MALE"
1980,64735,2,0,1,33790,5,181,1,1,2,2,6,4,2,2,1,2,1,6,2,7,1,1,32,23,"Male","Mixed Race (Non-Hispanic)","West (AK, AZ, CA, CO, HI, ID, MT, NV, NM, OR, UT, WA, WY)","Associate/Junior college (AA)","In CBSA, in central city","NO","3: Mother","NO","NO","NO","NO","YES","0: 0  CONDITION DOES NOT APPLY","ALWAYS WITH RIGHT HAND","ALWAYS WITH RIGHT HAND","ALWAYS WITH RIGHT HAND","ALWAYS WITH RIGHT HAND","USUALLY WITH LEFT HAND","1: 1  CONDITION APPLIES","1: 1  CONDITION APPLIES","NO","FEMALE","FEMALE"
1983,64735,8,2,2,33790,5,185,2,1,1,4,3,6,2,2,1,1,1,3,3,8,1,1,36,67,"Female","Non-Black / Non-Hispanic","North Central (IL, IN, IA, KS, MI, MN, MO, NE, OH, ND, SD, WI)","Bachelor's degree (BA, BS)","In CBSA, not in central city","YES","3: Mother","YES","YES","NO","NO","YES","0: 0  CONDITION DOES NOT APPLY","ALWAYS WITH RIGHT HAND","ALWAYS WITH RIGHT HAND","ALWAYS WITH RIGHT HAND","ALWAYS WITH RIGHT HAND","ALWAYS WITH LEFT HAND","0: 0  CONDITION DOES NOT APPLY","1: 1  CONDITION APPLIES","NO","FEMALE","FEMALE"
1980,64735,3,1,1,25000,5,182,1,2,2,4,2,3,2,2,1,2,1,5,2,7,2,1,34,22,"Female","Non-Black / Non-Hispanic","South (AL, AR, DE, DC, FL, GA, KY, LA, MD, MS, NC, OK, SC, TN , TX, VA, WV)","Bachelor's degree (BA, BS)","In CBSA, in central city","NO","3: Mother","YES","NO","NO","NO","YES","0: 0  CONDITION DOES NOT APPLY","ALWAYS WITH RIGHT HAND","ALWAYS WITH RIGHT HAND","ALWAYS WITH RIGHT HAND","ALWAYS WITH RIGHT HAND","ALWAYS WITH RIGHT HAND","0: 0  CONDITION DOES NOT APPLY","1: 1  CONDITION APPLIES","YES","FEMALE","FEMALE"
1984,64735,2,0,2,38000,6,183,1,1,4,4,4,3,2,2,1,2,1,6,2,6,1,1,30,21,"Male","Non-Black / Non-Hispanic","Northeast (CT, ME, MA, NH, NJ, NY, PA, RI, VT)","High school diploma (Regular 12 year program)","In CBSA, not in central city","NO","3: Mother","YES","NO","YES","NO","YES","0: 0  CONDITION DOES NOT APPLY","ALWAYS WITH LEFT HAND","ALWAYS WITH LEFT HAND","ALWAYS WITH RIGHT HAND","ALWAYS WITH RIGHT HAND","ALWAYS WITH LEFT HAND","0: 0  CONDITION DOES NOT APPLY","1: 1  CONDITION APPLIES","NO","MALE","FEMALE"
1981,64735,3,1,4,33790,5,182,2,2,5,5,3,4,2,1,2,2,1,3,1,7,1,1,30,18,"Female","Non-Black / Non-Hispanic","Northeast (CT, ME, MA, NH, NJ, NY, PA, RI, VT)","High school diploma (Regular 12 year program)","In CBSA, in central city","NO","3: Mother","NO","NO","NO","NO","YES","0: 0  CONDITION DOES NOT APPLY","ALWAYS WITH RIGHT HAND","ALWAYS WITH RIGHT HAND","ALWAYS WITH RIGHT HAND","ALWAYS WITH RIGHT HAND","ALWAYS WITH LEFT HAND","0: 0  CONDITION DOES NOT APPLY","1: 1  CONDITION APPLIES","NO","MALE","FEMALE"
1980,64735,5,0,4,2000,5,184,1,1,3,4,2,2,2,2,2,2,2,4,3,8,1,1,33,20,"Female","Non-Black / Non-Hispanic","West (AK, AZ, CA, CO, HI, ID, MT, NV, NM, OR, UT, WA, WY)","High school diploma (Regular 12 year program)","In CBSA, not in central city","NO","3: Mother","YES","NO","NO","NO","YES","0: 0  CONDITION DOES NOT APPLY","ALWAYS WITH RIGHT HAND","ALWAYS WITH RIGHT HAND","ALWAYS WITH RIGHT HAND","ALWAYS WITH RIGHT HAND","ALWAYS WITH LEFT HAND","0: 0  CONDITION DOES NOT APPLY","1: 1  CONDITION APPLIES","NO","FEMALE","FEMALE"
1981,64735,2,0,3,33790,5,183,1,1,3,4,2,1,2,2,2,2,1,8,1,8,1,1,32,29,"Male","Hispanic","West (AK, AZ, CA, CO, HI, ID, MT, NV, NM, OR, UT, WA, WY)","High school diploma (Regular 12 year program)","In CBSA, not in central city","YES","3: Mother","YES","NO","YES","NO","YES","0: 0  CONDITION DOES NOT APPLY","ALWAYS WITH RIGHT HAND","ALWAYS WITH RIGHT HAND","ALWAYS WITH RIGHT HAND","ALWAYS WITH RIGHT HAND","ALWAYS WITH LEFT HAND","1: 1  CONDITION APPLIES","1: 1  CONDITION APPLIES","NO","MALE","MALE"
1982,64735,3,0,1,33790,5,181,1,1,2,1,4,5,1,2,2,1,1,7,2,7,1,1,33,24,"Male","Hispanic","West (AK, AZ, CA, CO, HI, ID, MT, NV, NM, OR, UT, WA, WY)","High school diploma (Regular 12 year program)","In CBSA, not in central city","NO","3: Mother","YES","NO","NO","NO","YES","0: 0  CONDITION DOES NOT APPLY","ALWAYS WITH RIGHT HAND","ALWAYS WITH RIGHT HAND","ALWAYS WITH RIGHT HAND","ALWAYS WITH RIGHT HAND","ALWAYS WITH LEFT HAND","1: 1  CONDITION APPLIES","1: 1  CONDITION APPLIES","NO","FEMALE","FEMALE"
1984,64735,1,0,3,33790,5,182,1,2,4,4,3,4,2,2,1,2,2,6,2,8,1,1,31,20,"Male","Mixed Race (Non-Hispanic)","South (AL, AR, DE, DC, FL, GA, KY, LA, MD, MS, NC, OK, SC, TN , TX, VA, WV)","Bachelor's degree (BA, BS)","In CBSA, not in central city","NO","3: Mother","YES","NO","YES","NO","YES","0: 0  CONDITION DOES NOT APPLY","ALWAYS WITH RIGHT HAND","ALWAYS WITH RIGHT HAND","ALWAYS WITH RIGHT HAND","ALWAYS WITH RIGHT HAND","ALWAYS WITH LEFT HAND","1: 1  CONDITION APPLIES","1: 1  CONDITION APPLIES","YES","FEMALE","FEMALE"
1983,64735,2,0,2,33790,5,184,1,2,3,7,4,4,2,2,2,2,2,7,2,7,1,1,32,21,"Male","Mixed Race (Non-Hispanic)","South (AL, AR, DE, DC, FL, GA, KY, LA, MD, MS, NC, OK, SC, TN , TX, VA, WV)","Bachelor's degree (BA, BS)","In CBSA, in central city","NO","3: Mother","NO","NO","YES","NO","YES","0: 0  CONDITION DOES NOT APPLY","ALWAYS WITH RIGHT HAND","ALWAYS WITH RIGHT HAND","ALWAYS WITH RIGHT HAND","ALWAYS WITH RIGHT HAND","ALWAYS WITH RIGHT HAND","1: 1  CONDITION APPLIES","1: 1  CONDITION APPLIES","NO","FEMALE","FEMALE"
1982,64735,4,0,1,33790,5,182,2,2,3,3,2,2,1,2,2,1,1,3,2,7,1,1,36,25,"Male","Non-Black / Non-Hispanic","South (AL, AR, DE, DC, FL, GA, KY, LA, MD, MS, NC, OK, SC, TN , TX, VA, WV)","Bachelor's degree (BA, BS)","Not in country","YES","3: Mother","YES","NO","YES","YES","YES","0: 0  CONDITION DOES NOT APPLY","ALWAYS WITH RIGHT HAND","ALWAYS WITH RIGHT HAND","ALWAYS WITH RIGHT HAND","ALWAYS WITH RIGHT HAND","USUALLY WITH LEFT HAND","1: 1  CONDITION APPLIES","1: 1  CONDITION APPLIES","NO","FEMALE","MALE"
1982,64735,2,0,2,33790,5,182,1,2,4,3,2,3,2,2,2,2,1,6,2,6,1,1,32,24,"Female","Black","South (AL, AR, DE, DC, FL, GA, KY, LA, MD, MS, NC, OK, SC, TN , TX, VA, WV)","High school diploma (Regular 12 year program)","In CBSA, not in central city","NO","3: Mother","YES","NO","NO","NO","YES","0: 0  CONDITION DOES NOT APPLY","ALWAYS WITH RIGHT HAND","ALWAYS WITH RIGHT HAND","ALWAYS WITH RIGHT HAND","ALWAYS WITH RIGHT HAND","ALWAYS WITH LEFT HAND","1: 1  CONDITION APPLIES","1: 1  CONDITION APPLIES","NO","MALE","MALE"
1982,49240,1,0,1,33790,5,183,1,1,1,5,3,4,1,2,1,2,1,5,2,7,1,1,33,19,"Female","Non-Black / Non-Hispanic","South (AL, AR, DE, DC, FL, GA, KY, LA, MD, MS, NC, OK, SC, TN , TX, VA, WV)","None","In CBSA, in central city","NO","3: Mother","YES","NO","NO","NO","YES","0: 0  CONDITION DOES NOT APPLY","USUALLY WITH RIGHT HAND","ALWAYS WITH RIGHT HAND","DON'T DO THIS ACTIVITY","ALWAYS WITH RIGHT HAND","USUALLY WITH RIGHT HAND","0: 0  CONDITION DOES NOT APPLY","1: 1  CONDITION APPLIES","NO","FEMALE","MALE"
1984,64735,2,0,2,33790,5,182,1,1,3,4,7,5,2,2,1,2,2,6,1,6,1,1,30,22,"Female","Non-Black / Non-Hispanic","West (AK, AZ, CA, CO, HI, ID, MT, NV, NM, OR, UT, WA, WY)","Professional degree (DDS, JD, MD)","In CBSA, in central city","NO","3: Mother","YES","NO","YES","NO","YES","0: 0  CONDITION DOES NOT APPLY","ALWAYS WITH RIGHT HAND","ALWAYS WITH RIGHT HAND","ALWAYS WITH RIGHT HAND","ALWAYS WITH RIGHT HAND","ALWAYS WITH LEFT HAND","1: 1  CONDITION APPLIES","1: 1  CONDITION APPLIES","NO","MALE","FEMALE"
1980,64735,2,1,1,36000,5,186,1,1,5,2,3,3,2,2,1,2,1,2,2,5,4,1,29,18,"Male","Non-Black / Non-Hispanic","North Central (IL, IN, IA, KS, MI, MN, MO, NE, OH, ND, SD, WI)","High school diploma (Regular 12 year program)","Not in CBSA","NO","3: Mother","YES","NO","NO","NO","YES","0: 0  CONDITION DOES NOT APPLY","ALWAYS WITH RIGHT HAND","ALWAYS WITH RIGHT HAND","ALWAYS WITH RIGHT HAND","ALWAYS WITH RIGHT HAND","ALWAYS WITH LEFT HAND","1: 1  CONDITION APPLIES","1: 1  CONDITION APPLIES","NO","FEMALE","MALE"
1983,64735,2,0,1,33790,5,182,1,1,3,4,2,3,1,2,2,2,2,2,3,7,1,4,56,27,"Male","Non-Black / Non-Hispanic","Northeast (CT, ME, MA, NH, NJ, NY, PA, RI, VT)","None","In CBSA, not in central city","NO","3: Mother","YES","NO","YES","NO","YES","0: 0  CONDITION DOES NOT APPLY","ALWAYS WITH RIGHT HAND","ALWAYS WITH LEFT HAND","ALWAYS WITH RIGHT HAND","ALWAYS WITH RIGHT HAND","ALWAYS WITH RIGHT HAND","1: 1  CONDITION APPLIES","1: 1  CONDITION APPLIES","NO","FEMALE","MALE"
1983,64735,3,1,4,40000,5,181,1,2,1,2,5,5,1,2,1,2,2,2,3,9,1,1,28,20,"Female","Black","South (AL, AR, DE, DC, FL, GA, KY, LA, MD, MS, NC, OK, SC, TN , TX, VA, WV)","High school diploma (Regular 12 year program)","In CBSA, not in central city","NO","3: Mother","NO","YES","NO","NO","YES","0: 0  CONDITION DOES NOT APPLY","ALWAYS WITH LEFT HAND","ALWAYS WITH RIGHT HAND","ALWAYS WITH LEFT HAND","ALWAYS WITH LEFT HAND","ALWAYS WITH RIGHT HAND","1: 1  CONDITION APPLIES","1: 1  CONDITION APPLIES","NO","FEMALE","FEMALE"
1984,64735,4,0,2,33790,6,187,1,2,1,4,1,2,1,2,1,2,1,4,3,7,1,1,39,50,"Male","Non-Black / Non-Hispanic","West (AK, AZ, CA, CO, HI, ID, MT, NV, NM, OR, UT, WA, WY)","High school diploma (Regular 12 year program)","In CBSA, not in central city","YES","3: Mother","NO","YES","NO","NO","NO","0: 0  CONDITION DOES NOT APPLY","ALWAYS WITH RIGHT HAND","USUALLY WITH RIGHT HAND","ALWAYS WITH RIGHT HAND","ALWAYS WITH RIGHT HAND","ALWAYS WITH LEFT HAND","1: 1  CONDITION APPLIES","1: 1  CONDITION APPLIES","YES","FEMALE","MALE"
1982,2500,4,0,3,33790,5,182,2,1,2,3,3,5,2,2,2,1,1,2,2,4,1,1,27,18,"Male","Black","West (AK, AZ, CA, CO, HI, ID, MT, NV, NM, OR, UT, WA, WY)","High school diploma (Regular 12 year program)","In CBSA, in central city","NO","3: Mother","NO","NO","NO","NO","YES","0: 0  CONDITION DOES NOT APPLY","ALWAYS WITH RIGHT HAND","ALWAYS WITH RIGHT HAND","ALWAYS WITH RIGHT HAND","ALWAYS WITH RIGHT HAND","ALWAYS WITH LEFT HAND","1: 1  CONDITION APPLIES","1: 1  CONDITION APPLIES","NO","FEMALE","MALE"
1984,64735,2,1,3,33790,5,149,2,1,4,3,5,6,1,2,1,2,1,6,3,9,1,1,30,25,"Female","Non-Black / Non-Hispanic","West (AK, AZ, CA, CO, HI, ID, MT, NV, NM, OR, UT, WA, WY)","High school diploma (Regular 12 year program)","In CBSA, in central city","NO","3: Mother","NO","NO","YES","NO","YES","0: 0  CONDITION DOES NOT APPLY","ALWAYS WITH RIGHT HAND","ALWAYS WITH RIGHT HAND","ALWAYS WITH RIGHT HAND","ALWAYS WITH RIGHT HAND","ALWAYS WITH RIGHT HAND","1: 1  CONDITION APPLIES","1: 1  CONDITION APPLIES","NO","MALE","MALE"
1981,64735,3,2,5,33790,5,245,2,2,3,3,2,2,1,2,2,1,1,6,1,4,2,1,22,16,"Male","Non-Black / Non-Hispanic","South (AL, AR, DE, DC, FL, GA, KY, LA, MD, MS, NC, OK, SC, TN , TX, VA, WV)","None","In CBSA, in central city","NO","3: Mother","YES","NO","NO","NO","NO","0: 0  CONDITION DOES NOT APPLY","ALWAYS WITH RIGHT HAND","ALWAYS WITH RIGHT HAND","ALWAYS WITH RIGHT HAND","ALWAYS WITH RIGHT HAND","ALWAYS WITH LEFT HAND","1: 1  CONDITION APPLIES","1: 1  CONDITION APPLIES","NO","FEMALE","FEMALE"
1985,64735,3,0,3,33790,5,181,2,3,2,3,5,5,1,2,1,2,2,3,3,6,1,1,21,11,"Female","Non-Black / Non-Hispanic","West (AK, AZ, CA, CO, HI, ID, MT, NV, NM, OR, UT, WA, WY)","High school diploma (Regular 12 year program)","Not in CBSA","NO","3: Mother","NO","YES","NO","NO","YES","0: 0  CONDITION DOES NOT APPLY","ALWAYS WITH RIGHT HAND","ALWAYS WITH RIGHT HAND","ALWAYS WITH RIGHT HAND","ALWAYS WITH RIGHT HAND","USUALLY WITH RIGHT HAND","1: 1  CONDITION APPLIES","1: 1  CONDITION APPLIES","NO","MALE","FEMALE"
1980,10250,2,0,3,33790,5,183,1,2,10,4,5,4,2,2,2,2,1,5,2,7,1,1,27,20,"Female","Non-Black / Non-Hispanic","West (AK, AZ, CA, CO, HI, ID, MT, NV, NM, OR, UT, WA, WY)","High school diploma (Regular 12 year program)","In CBSA, in central city","NO","3: Mother","YES","NO","NO","NO","YES","0: 0  CONDITION DOES NOT APPLY","ALWAYS WITH RIGHT HAND","ALWAYS WITH RIGHT HAND","ALWAYS WITH RIGHT HAND","ALWAYS WITH RIGHT HAND","ALWAYS WITH LEFT HAND","1: 1  CONDITION APPLIES","1: 1  CONDITION APPLIES","NO","MALE","MALE"
1981,64735,3,0,2,33790,5,183,2,1,4,2,4,2,1,2,1,2,2,6,4,7,1,1,30,22,"Female","Non-Black / Non-Hispanic","Northeast (CT, ME, MA, NH, NJ, NY, PA, RI, VT)","Associate/Junior college (AA)","In CBSA, in central city","NO","3: Mother","YES","NO","NO","NO","YES","0: 0  CONDITION DOES NOT APPLY","ALWAYS WITH RIGHT HAND","ALWAYS WITH RIGHT HAND","ALWAYS WITH RIGHT HAND","ALWAYS WITH RIGHT HAND","ALWAYS WITH LEFT HAND","1: 1  CONDITION APPLIES","1: 1  CONDITION APPLIES","NO","FEMALE","FEMALE"
1981,64735,5,0,2,33790,5,178,1,1,2,3,3,4,2,2,1,2,1,6,1,7,1,1,29,21,"Female","Non-Black / Non-Hispanic","West (AK, AZ, CA, CO, HI, ID, MT, NV, NM, OR, UT, WA, WY)","Master's degree (MA, MS)","In CBSA, not in central city","NO","3: Mother","NO","YES","NO","NO","YES","0: 0  CONDITION DOES NOT APPLY","ALWAYS WITH RIGHT HAND","ALWAYS WITH RIGHT HAND","ALWAYS WITH RIGHT HAND","ALWAYS WITH RIGHT HAND","ALWAYS WITH LEFT HAND","0: 0  CONDITION DOES NOT APPLY","1: 1  CONDITION APPLIES","NO","MALE","MALE"
1981,51000,2,0,3,45000,5,185,1,1,4,4,2,4,2,2,1,2,2,6,2,8,1,1,31,18,"Female","Non-Black / Non-Hispanic","West (AK, AZ, CA, CO, HI, ID, MT, NV, NM, OR, UT, WA, WY)","Bachelor's degree (BA, BS)","In CBSA, in central city","NO","3: Mother","YES","NO","NO","NO","YES","0: 0  CONDITION DOES NOT APPLY","ALWAYS WITH LEFT HAND","ALWAYS WITH LEFT HAND","ALWAYS WITH RIGHT HAND","ALWAYS WITH LEFT HAND","ALWAYS WITH LEFT HAND","0: 0  CONDITION DOES NOT APPLY","1: 1  CONDITION APPLIES","NO","FEMALE","MALE"
1985,64735,4,1,3,33790,5,181,1,1,1,3,7,7,2,2,1,1,1,6,1,7,1,1,30,24,"Female","Black","Northeast (CT, ME, MA, NH, NJ, NY, PA, RI, VT)","High school diploma (Regular 12 year program)","In CBSA, in central city","NO","3: Mother","NO","NO","NO","NO","NO","0: 0  CONDITION DOES NOT APPLY","ALWAYS WITH RIGHT HAND","ALWAYS WITH RIGHT HAND","ALWAYS WITH RIGHT HAND","ALWAYS WITH RIGHT HAND","ALWAYS WITH LEFT HAND","1: 1  CONDITION APPLIES","1: 1  CONDITION APPLIES","NO","FEMALE","FEMALE"
1982,64735,4,0,2,18000,5,181,1,2,3,3,3,6,1,2,2,1,1,4,2,6,1,1,28,22,"Female","Black","South (AL, AR, DE, DC, FL, GA, KY, LA, MD, MS, NC, OK, SC, TN , TX, VA, WV)","High school diploma (Regular 12 year program)","In CBSA, in central city","NO","3: Mother","YES","NO","YES","NO","YES","0: 0  CONDITION DOES NOT APPLY","ALWAYS WITH RIGHT HAND","ALWAYS WITH RIGHT HAND","ALWAYS WITH RIGHT HAND","ALWAYS WITH RIGHT HAND","ALWAYS WITH LEFT HAND","1: 1  CONDITION APPLIES","1: 1  CONDITION APPLIES","NO","FEMALE","FEMALE"
1984,64735,1,0,1,33790,5,186,1,1,2,5,4,2,2,2,1,2,1,6,2,6,1,1,39,26,"Male","Non-Black / Non-Hispanic","North Central (IL, IN, IA, KS, MI, MN, MO, NE, OH, ND, SD, WI)","GED","In CBSA, not in central city","NO","3: Mother","NO","NO","NO","NO","YES","0: 0  CONDITION DOES NOT APPLY","ALWAYS WITH RIGHT HAND","ALWAYS WITH RIGHT HAND","ALWAYS WITH RIGHT HAND","ALWAYS WITH RIGHT HAND","ALWAYS WITH LEFT HAND","1: 1  CONDITION APPLIES","1: 1  CONDITION APPLIES","NO","MALE","MALE"
1981,316618,3,1,1,33790,5,150,1,2,4,4,2,4,1,2,2,2,1,7,1,6,1,1,31,22,"Male","Non-Black / Non-Hispanic","South (AL, AR, DE, DC, FL, GA, KY, LA, MD, MS, NC, OK, SC, TN , TX, VA, WV)","High school diploma (Regular 12 year program)","In CBSA, not in central city","NO","3: Mother","YES","NO","NO","NO","YES","0: 0  CONDITION DOES NOT APPLY","ALWAYS WITH RIGHT HAND","ALWAYS WITH RIGHT HAND","ALWAYS WITH RIGHT HAND","ALWAYS WITH RIGHT HAND","ALWAYS WITH LEFT HAND","0: 0  CONDITION DOES NOT APPLY","1: 1  CONDITION APPLIES","NO","FEMALE","MALE"
1982,64735,3,0,1,33790,5,181,1,1,1,3,4,6,2,2,2,2,2,6,1,8,1,1,36,22,"Male","Hispanic","West (AK, AZ, CA, CO, HI, ID, MT, NV, NM, OR, UT, WA, WY)","High school diploma (Regular 12 year program)","In CBSA, not in central city","NO","3: Mother","YES","NO","YES","NO","YES","0: 0  CONDITION DOES NOT APPLY","ALWAYS WITH RIGHT HAND","ALWAYS WITH RIGHT HAND","ALWAYS WITH RIGHT HAND","ALWAYS WITH RIGHT HAND","ALWAYS WITH LEFT HAND","1: 1  CONDITION APPLIES","1: 1  CONDITION APPLIES","YES","FEMALE","MALE"
1982,64735,3,0,2,33790,6,183,2,2,3,3,2,1,2,2,2,2,2,4,5,8,1,1,31,20,"Male","Non-Black / Non-Hispanic","West (AK, AZ, CA, CO, HI, ID, MT, NV, NM, OR, UT, WA, WY)","High school diploma (Regular 12 year program)","In CBSA, in central city","NO","3: Mother","YES","NO","YES","NO","NO","0: 0  CONDITION DOES NOT APPLY","ALWAYS WITH RIGHT HAND","ALWAYS WITH RIGHT HAND","ALWAYS WITH RIGHT HAND","ALWAYS WITH RIGHT HAND","ALWAYS WITH LEFT HAND","0: 0  CONDITION DOES NOT APPLY","1: 1  CONDITION APPLIES","YES","FEMALE","FEMALE"
1986,64735,3,1,2,33790,5,175,1,1,1,2,2,4,2,1,1,1,1,6,3,6,1,1,30,8,"Male","Black","South (AL, AR, DE, DC, FL, GA, KY, LA, MD, MS, NC, OK, SC, TN , TX, VA, WV)","GED","In CBSA, not in central city","NO","3: Mother","NO","YES","NO","NO","YES","0: 0  CONDITION DOES NOT APPLY","ALWAYS WITH RIGHT HAND","ALWAYS WITH RIGHT HAND","ALWAYS WITH RIGHT HAND","ALWAYS WITH RIGHT HAND","ALWAYS WITH LEFT HAND","1: 1  CONDITION APPLIES","1: 1  CONDITION APPLIES","NO","FEMALE","MALE"
1982,64735,4,0,3,33790,5,135,1,2,1,2,4,2,1,2,2,2,2,5,6,7,1,1,30,21,"Male","Hispanic","West (AK, AZ, CA, CO, HI, ID, MT, NV, NM, OR, UT, WA, WY)","High school diploma (Regular 12 year program)","In CBSA, in central city","NO","3: Mother","NO","YES","NO","NO","NO","0: 0  CONDITION DOES NOT APPLY","ALWAYS WITH RIGHT HAND","ALWAYS WITH RIGHT HAND","ALWAYS WITH RIGHT HAND","ALWAYS WITH RIGHT HAND","ALWAYS WITH RIGHT HAND","1: 1  CONDITION APPLIES","1: 1  CONDITION APPLIES","NO","FEMALE","FEMALE"
1985,64735,7,3,4,33790,5,183,1,1,2,5,2,4,2,2,2,2,2,1,2,7,1,1,1,6,"Female","Black","North Central (IL, IN, IA, KS, MI, MN, MO, NE, OH, ND, SD, WI)","Associate/Junior college (AA)","In CBSA, not in central city","NO","3: Mother","NO","YES","NO","NO","YES","0: 0  CONDITION DOES NOT APPLY","ALWAYS WITH RIGHT HAND","ALWAYS WITH RIGHT HAND","ALWAYS WITH RIGHT HAND","ALWAYS WITH RIGHT HAND","ALWAYS WITH LEFT HAND","1: 1  CONDITION APPLIES","1: 1  CONDITION APPLIES","NO","FEMALE","MALE"
1980,64735,3,1,3,33790,5,184,1,2,2,3,3,3,2,2,1,2,1,6,4,7,1,1,29,20,"Male","Hispanic","West (AK, AZ, CA, CO, HI, ID, MT, NV, NM, OR, UT, WA, WY)","High school diploma (Regular 12 year program)","In CBSA, not in central city","NO","3: Mother","YES","NO","NO","NO","YES","0: 0  CONDITION DOES NOT APPLY","ALWAYS WITH RIGHT HAND","ALWAYS WITH RIGHT HAND","USUALLY WITH BOTH HANDS EQUALLY","ALWAYS WITH RIGHT HAND","ALWAYS WITH LEFT HAND","1: 1  CONDITION APPLIES","1: 1  CONDITION APPLIES","YES","FEMALE","MALE"
1984,64735,5,1,2,33790,6,186,1,1,3,3,6,3,2,2,1,2,2,3,1,5,1,1,33,9,"Male","Non-Black / Non-Hispanic","North Central (IL, IN, IA, KS, MI, MN, MO, NE, OH, ND, SD, WI)","High school diploma (Regular 12 year program)","In CBSA, not in central city","NO","3: Mother","NO","NO","NO","NO","YES","0: 0  CONDITION DOES NOT APPLY","ALWAYS WITH RIGHT HAND","ALWAYS WITH RIGHT HAND","ALWAYS WITH RIGHT HAND","ALWAYS WITH RIGHT HAND","ALWAYS WITH LEFT HAND","1: 1  CONDITION APPLIES","0: 0  CONDITION DOES NOT APPLY","NO","MALE","FEMALE"
1983,64735,7,2,2,33790,5,182,1,2,3,5,2,1,1,1,1,1,1,4,1,5,1,1,27,14,"Male","Hispanic","West (AK, AZ, CA, CO, HI, ID, MT, NV, NM, OR, UT, WA, WY)","High school diploma (Regular 12 year program)","In CBSA, in central city","NO","3: Mother","YES","NO","NO","NO","YES","0: 0  CONDITION DOES NOT APPLY","ALWAYS WITH RIGHT HAND","ALWAYS WITH RIGHT HAND","ALWAYS WITH RIGHT HAND","ALWAYS WITH RIGHT HAND","ALWAYS WITH LEFT HAND","0: 0  CONDITION DOES NOT APPLY","0: 0  CONDITION DOES NOT APPLY","YES","FEMALE","FEMALE"
1980,64735,2,0,1,33790,5,183,1,2,3,3,4,5,2,2,1,2,1,6,2,6,1,1,29,20,"Male","Non-Black / Non-Hispanic","North Central (IL, IN, IA, KS, MI, MN, MO, NE, OH, ND, SD, WI)","High school diploma (Regular 12 year program)","In CBSA, in central city","NO","3: Mother","NO","NO","NO","NO","NO","0: 0  CONDITION DOES NOT APPLY","ALWAYS WITH RIGHT HAND","ALWAYS WITH RIGHT HAND","ALWAYS WITH RIGHT HAND","ALWAYS WITH RIGHT HAND","ALWAYS WITH LEFT HAND","1: 1  CONDITION APPLIES","1: 1  CONDITION APPLIES","NO","MALE","MALE"
1982,64735,3,1,2,40000,5,195,1,1,3,3,2,4,2,2,1,2,2,5,2,7,1,1,30,20,"Female","Black","West (AK, AZ, CA, CO, HI, ID, MT, NV, NM, OR, UT, WA, WY)","High school diploma (Regular 12 year program)","In CBSA, not in central city","NO","3: Mother","YES","NO","NO","NO","YES","0: 0  CONDITION DOES NOT APPLY","ALWAYS WITH RIGHT HAND","USUALLY WITH RIGHT HAND","ALWAYS WITH RIGHT HAND","ALWAYS WITH RIGHT HAND","ALWAYS WITH LEFT HAND","1: 1  CONDITION APPLIES","1: 1  CONDITION APPLIES","NO","MALE","MALE"
1983,64735,3,0,3,60000,6,180,1,1,4,3,5,4,1,2,1,1,2,3,3,7,1,1,28,19,"Male","Non-Black / Non-Hispanic","West (AK, AZ, CA, CO, HI, ID, MT, NV, NM, OR, UT, WA, WY)","None","In CBSA, in central city","NO","3: Mother","YES","NO","YES","NO","NO","0: 0  CONDITION DOES NOT APPLY","ALWAYS WITH RIGHT HAND","ALWAYS WITH RIGHT HAND","ALWAYS WITH RIGHT HAND","ALWAYS WITH RIGHT HAND","ALWAYS WITH LEFT HAND","1: 1  CONDITION APPLIES","1: 1  CONDITION APPLIES","NO","FEMALE","FEMALE"
1981,64735,8,3,5,33790,6,186,2,1,2,4,2,3,1,1,2,2,2,1,6,4,2,1,25,7,"Male","Non-Black / Non-Hispanic","South (AL, AR, DE, DC, FL, GA, KY, LA, MD, MS, NC, OK, SC, TN , TX, VA, WV)","High school diploma (Regular 12 year program)","Not in CBSA","NO","3: Mother","YES","YES","NO","NO","YES","0: 0  CONDITION DOES NOT APPLY","ALWAYS WITH RIGHT HAND","ALWAYS WITH RIGHT HAND","ALWAYS WITH RIGHT HAND","ALWAYS WITH RIGHT HAND","ALWAYS WITH LEFT HAND","1: 1  CONDITION APPLIES","1: 1  CONDITION APPLIES","NO","FEMALE","FEMALE"
1981,64735,3,0,3,33790,5,183,1,1,3,3,2,4,1,2,2,2,2,3,2,6,1,1,30,23,"Male","Non-Black / Non-Hispanic","South (AL, AR, DE, DC, FL, GA, KY, LA, MD, MS, NC, OK, SC, TN , TX, VA, WV)","GED","Not in country","NO","3: Mother","NO","NO","YES","NO","NO","0: 0  CONDITION DOES NOT APPLY","ALWAYS WITH RIGHT HAND","ALWAYS WITH RIGHT HAND","ALWAYS WITH LEFT HAND","ALWAYS WITH RIGHT HAND","ALWAYS WITH LEFT HAND","1: 1  CONDITION APPLIES","1: 1  CONDITION APPLIES","NO","MALE","MALE"
1983,23700,4,0,2,33790,5,182,1,1,4,4,2,3,2,2,2,2,1,6,4,7,1,1,28,21,"Female","Black","West (AK, AZ, CA, CO, HI, ID, MT, NV, NM, OR, UT, WA, WY)","GED","In CBSA, not in central city","NO","3: Mother","YES","NO","NO","NO","NO","0: 0  CONDITION DOES NOT APPLY","ALWAYS WITH RIGHT HAND","ALWAYS WITH RIGHT HAND","ALWAYS WITH RIGHT HAND","ALWAYS WITH RIGHT HAND","ALWAYS WITH LEFT HAND","1: 1  CONDITION APPLIES","1: 1  CONDITION APPLIES","NO","FEMALE","MALE"
1981,64735,3,0,3,33790,5,140,2,2,3,3,2,3,2,2,2,1,1,2,5,7,1,1,32,21,"Female","Non-Black / Non-Hispanic","West (AK, AZ, CA, CO, HI, ID, MT, NV, NM, OR, UT, WA, WY)","High school diploma (Regular 12 year program)","In CBSA, not in central city","NO","3: Mother","YES","NO","NO","NO","YES","0: 0  CONDITION DOES NOT APPLY","ALWAYS WITH RIGHT HAND","ALWAYS WITH LEFT HAND","ALWAYS WITH RIGHT HAND","ALWAYS WITH RIGHT HAND","ALWAYS WITH LEFT HAND","1: 1  CONDITION APPLIES","1: 1  CONDITION APPLIES","NO","FEMALE","MALE"
1982,64735,4,0,2,33790,5,183,1,1,4,5,3,4,2,2,2,2,2,6,1,8,1,1,32,21,"Female","Hispanic","West (AK, AZ, CA, CO, HI, ID, MT, NV, NM, OR, UT, WA, WY)","High school diploma (Regular 12 year program)","In CBSA, in central city","NO","3: Mother","YES","NO","YES","NO","NO","1: 1  CONDITION APPLIES","ALWAYS WITH RIGHT HAND","ALWAYS WITH RIGHT HAND","ALWAYS WITH RIGHT HAND","ALWAYS WITH RIGHT HAND","ALWAYS WITH LEFT HAND","1: 1  CONDITION APPLIES","1: 1  CONDITION APPLIES","YES","FEMALE","MALE"
1985,64735,3,0,2,33790,5,184,1,1,2,4,3,8,2,2,1,2,1,4,1,7,1,1,31,21,"Female","Non-Black / Non-Hispanic","West (AK, AZ, CA, CO, HI, ID, MT, NV, NM, OR, UT, WA, WY)","High school diploma (Regular 12 year program)","In CBSA, not in central city","NO","5: Adoptive Mother","NO","NO","NO","NO","NO","0: 0  CONDITION DOES NOT APPLY","ALWAYS WITH RIGHT HAND","ALWAYS WITH RIGHT HAND","ALWAYS WITH RIGHT HAND","ALWAYS WITH RIGHT HAND","ALWAYS WITH LEFT HAND","1: 1  CONDITION APPLIES","1: 1  CONDITION APPLIES","NO","MALE","FEMALE"
1980,64735,3,0,1,33790,5,183,1,2,1,2,2,6,2,1,1,2,1,3,1,7,1,1,32,20,"Male","Hispanic","South (AL, AR, DE, DC, FL, GA, KY, LA, MD, MS, NC, OK, SC, TN , TX, VA, WV)","High school diploma (Regular 12 year program)","In CBSA, in central city","NO","3: Mother","YES","YES","NO","NO","YES","0: 0  CONDITION DOES NOT APPLY","ALWAYS WITH RIGHT HAND","ALWAYS WITH RIGHT HAND","ALWAYS WITH RIGHT HAND","ALWAYS WITH RIGHT HAND","ALWAYS WITH LEFT HAND","1: 1  CONDITION APPLIES","0: 0  CONDITION DOES NOT APPLY","NO","MALE","MALE"
1983,64735,2,1,1,33790,5,175,1,1,3,3,4,4,2,2,1,2,1,7,3,7,1,1,30,22,"Male","Black","South (AL, AR, DE, DC, FL, GA, KY, LA, MD, MS, NC, OK, SC, TN , TX, VA, WV)","Bachelor's degree (BA, BS)","In CBSA, not in central city","NO","3: Mother","YES","NO","NO","NO","YES","0: 0  CONDITION DOES NOT APPLY","USUALLY WITH RIGHT HAND","USUALLY WITH RIGHT HAND","ALWAYS WITH LEFT HAND","ALWAYS WITH RIGHT HAND","ALWAYS WITH RIGHT HAND","1: 1  CONDITION APPLIES","1: 1  CONDITION APPLIES","NO","MALE","MALE"
1980,64735,3,0,4,33790,6,183,2,2,5,3,3,5,2,2,1,2,1,4,2,6,1,2,32,21,"Female","Non-Black / Non-Hispanic","South (AL, AR, DE, DC, FL, GA, KY, LA, MD, MS, NC, OK, SC, TN , TX, VA, WV)","Bachelor's degree (BA, BS)","In CBSA, in central city","YES","3: Mother","YES","NO","NO","NO","YES","0: 0  CONDITION DOES NOT APPLY","ALWAYS WITH RIGHT HAND","ALWAYS WITH RIGHT HAND","ALWAYS WITH RIGHT HAND","ALWAYS WITH RIGHT HAND","ALWAYS WITH RIGHT HAND","0: 0  CONDITION DOES NOT APPLY","1: 1  CONDITION APPLIES","NO","MALE","MALE"
1980,56255,2,0,3,33790,5,182,1,1,4,4,3,6,2,2,1,2,1,3,2,6,1,1,30,23,"Male","Non-Black / Non-Hispanic","Northeast (CT, ME, MA, NH, NJ, NY, PA, RI, VT)","Bachelor's degree (BA, BS)","In CBSA, in central city","NO","3: Mother","YES","NO","NO","NO","YES","0: 0  CONDITION DOES NOT APPLY","ALWAYS WITH RIGHT HAND","ALWAYS WITH RIGHT HAND","ALWAYS WITH RIGHT HAND","ALWAYS WITH RIGHT HAND","ALWAYS WITH LEFT HAND","1: 1  CONDITION APPLIES","1: 1  CONDITION APPLIES","NO","FEMALE","MALE"
1984,64735,2,1,3,33790,5,184,1,1,3,4,2,5,2,2,2,2,1,6,2,7,1,1,30,18,"Female","Non-Black / Non-Hispanic","West (AK, AZ, CA, CO, HI, ID, MT, NV, NM, OR, UT, WA, WY)","Bachelor's degree (BA, BS)","In CBSA, in central city","NO","3: Mother","YES","NO","NO","NO","YES","0: 0  CONDITION DOES NOT APPLY","ALWAYS WITH RIGHT HAND","ALWAYS WITH RIGHT HAND","ALWAYS WITH RIGHT HAND","ALWAYS WITH RIGHT HAND","ALWAYS WITH LEFT HAND","1: 1  CONDITION APPLIES","0: 0  CONDITION DOES NOT APPLY","NO","MALE","MALE"
1981,64735,4,0,1,33790,6,182,1,1,2,1,1,2,2,1,1,1,1,6,3,7,1,2,31,20,"Male","Non-Black / Non-Hispanic","West (AK, AZ, CA, CO, HI, ID, MT, NV, NM, OR, UT, WA, WY)","High school diploma (Regular 12 year program)","In CBSA, not in central city","NO","3: Mother","NO","NO","YES","NO","YES","0: 0  CONDITION DOES NOT APPLY","ALWAYS WITH RIGHT HAND","ALWAYS WITH RIGHT HAND","ALWAYS WITH RIGHT HAND","ALWAYS WITH RIGHT HAND","ALWAYS WITH LEFT HAND","1: 1  CONDITION APPLIES","1: 1  CONDITION APPLIES","NO","FEMALE","MALE"
1982,316618,3,0,1,33790,5,160,1,1,5,3,5,2,2,2,1,1,1,6,2,7,1,1,34,23,"Male","Non-Black / Non-Hispanic","South (AL, AR, DE, DC, FL, GA, KY, LA, MD, MS, NC, OK, SC, TN , TX, VA, WV)","GED","In CBSA, in central city","NO","3: Mother","YES","NO","YES","NO","YES","0: 0  CONDITION DOES NOT APPLY","ALWAYS WITH RIGHT HAND","ALWAYS WITH LEFT HAND","ALWAYS WITH RIGHT HAND","ALWAYS WITH RIGHT HAND","USUALLY WITH LEFT HAND","1: 1  CONDITION APPLIES","1: 1  CONDITION APPLIES","NO","FEMALE","MALE"
1983,64735,3,0,3,33790,5,182,1,1,2,2,5,3,2,2,1,2,1,6,2,7,1,1,33,22,"Female","Non-Black / Non-Hispanic","Northeast (CT, ME, MA, NH, NJ, NY, PA, RI, VT)","None","In CBSA, not in central city","NO","3: Mother","YES","NO","NO","NO","YES","0: 0  CONDITION DOES NOT APPLY","ALWAYS WITH RIGHT HAND","ALWAYS WITH RIGHT HAND","ALWAYS WITH LEFT HAND","ALWAYS WITH RIGHT HAND","ALWAYS WITH LEFT HAND","1: 1  CONDITION APPLIES","1: 1  CONDITION APPLIES","NO","FEMALE","MALE"
1983,64735,3,1,2,12000,5,183,2,2,4,4,5,2,2,2,2,2,1,4,2,6,1,3,30,33,"Female","Hispanic","West (AK, AZ, CA, CO, HI, ID, MT, NV, NM, OR, UT, WA, WY)","Associate/Junior college (AA)","In CBSA, not in central city","NO","3: Mother","YES","NO","NO","NO","NO","0: 0  CONDITION DOES NOT APPLY","ALWAYS WITH RIGHT HAND","ALWAYS WITH RIGHT HAND","ALWAYS WITH RIGHT HAND","ALWAYS WITH RIGHT HAND","ALWAYS WITH LEFT HAND","0: 0  CONDITION DOES NOT APPLY","1: 1  CONDITION APPLIES","YES","MALE","MALE"
1982,64735,1,0,1,33790,5,182,1,1,7,2,6,5,2,2,2,2,2,5,3,7,3,1,28,22,"Female","Non-Black / Non-Hispanic","West (AK, AZ, CA, CO, HI, ID, MT, NV, NM, OR, UT, WA, WY)","High school diploma (Regular 12 year program)","In CBSA, not in central city","NO","3: Mother","YES","NO","NO","NO","YES","0: 0  CONDITION DOES NOT APPLY","ALWAYS WITH RIGHT HAND","ALWAYS WITH RIGHT HAND","ALWAYS WITH RIGHT HAND","ALWAYS WITH RIGHT HAND","ALWAYS WITH LEFT HAND","1: 1  CONDITION APPLIES","1: 1  CONDITION APPLIES","NO","MALE","MALE"
1981,64735,2,0,1,33790,5,183,2,1,3,5,4,6,2,2,1,2,1,8,1,7,1,1,28,20,"Female","Mixed Race (Non-Hispanic)","Northeast (CT, ME, MA, NH, NJ, NY, PA, RI, VT)","Bachelor's degree (BA, BS)","In CBSA, in central city","NO","3: Mother","NO","NO","NO","NO","YES","0: 0  CONDITION DOES NOT APPLY","ALWAYS WITH RIGHT HAND","ALWAYS WITH RIGHT HAND","ALWAYS WITH RIGHT HAND","ALWAYS WITH RIGHT HAND","ALWAYS WITH LEFT HAND","1: 1  CONDITION APPLIES","1: 1  CONDITION APPLIES","YES","FEMALE","FEMALE"
1981,64735,2,0,2,33790,5,183,1,2,4,4,3,3,1,2,1,2,1,6,3,7,1,1,29,24,"Female","Hispanic","West (AK, AZ, CA, CO, HI, ID, MT, NV, NM, OR, UT, WA, WY)","Bachelor's degree (BA, BS)","In CBSA, not in central city","NO","3: Mother","YES","NO","NO","NO","YES","0: 0  CONDITION DOES NOT APPLY","ALWAYS WITH RIGHT HAND","ALWAYS WITH RIGHT HAND","ALWAYS WITH RIGHT HAND","ALWAYS WITH RIGHT HAND","ALWAYS WITH LEFT HAND","1: 1  CONDITION APPLIES","1: 1  CONDITION APPLIES","YES","FEMALE","MALE"
1982,64735,2,0,3,33790,5,182,2,2,3,3,2,3,1,1,2,1,2,4,6,7,1,1,27,11,"Female","Hispanic","South (AL, AR, DE, DC, FL, GA, KY, LA, MD, MS, NC, OK, SC, TN , TX, VA, WV)","None","In CBSA, not in central city","NO","3: Mother","YES","YES","YES","NO","NO","0: 0  CONDITION DOES NOT APPLY","ALWAYS WITH RIGHT HAND","ALWAYS WITH RIGHT HAND","ALWAYS WITH RIGHT HAND","ALWAYS WITH RIGHT HAND","ALWAYS WITH RIGHT HAND","1: 1  CONDITION APPLIES","1: 1  CONDITION APPLIES","YES","MALE","FEMALE"
1982,64735,5,0,1,33790,5,186,1,1,2,4,4,5,1,2,1,2,1,5,2,5,1,1,31,18,"Female","Hispanic","South (AL, AR, DE, DC, FL, GA, KY, LA, MD, MS, NC, OK, SC, TN , TX, VA, WV)","High school diploma (Regular 12 year program)","In CBSA, not in central city","YES","3: Mother","NO","YES","NO","NO","YES","0: 0  CONDITION DOES NOT APPLY","ALWAYS WITH RIGHT HAND","ALWAYS WITH RIGHT HAND","ALWAYS WITH RIGHT HAND","ALWAYS WITH RIGHT HAND","ALWAYS WITH LEFT HAND","0: 0  CONDITION DOES NOT APPLY","1: 1  CONDITION APPLIES","YES","MALE","FEMALE"
1981,64735,3,0,2,40000,5,183,1,1,1,3,2,2,2,2,1,2,1,3,1,7,1,1,32,22,"Male","Hispanic","South (AL, AR, DE, DC, FL, GA, KY, LA, MD, MS, NC, OK, SC, TN , TX, VA, WV)","Master's degree (MA, MS)","In CBSA, not in central city","NO","3: Mother","NO","YES","NO","NO","YES","0: 0  CONDITION DOES NOT APPLY","ALWAYS WITH RIGHT HAND","ALWAYS WITH RIGHT HAND","ALWAYS WITH RIGHT HAND","USUALLY WITH RIGHT HAND","ALWAYS WITH LEFT HAND","1: 1  CONDITION APPLIES","1: 1  CONDITION APPLIES","NO","MALE","FEMALE"
1984,51100,5,0,1,33790,5,183,1,1,3,3,3,6,1,2,2,2,2,4,3,7,1,1,34,22,"Female","Hispanic","South (AL, AR, DE, DC, FL, GA, KY, LA, MD, MS, NC, OK, SC, TN , TX, VA, WV)","Associate/Junior college (AA)","In CBSA, not in central city","NO","3: Mother","YES","YES","YES","NO","NO","0: 0  CONDITION DOES NOT APPLY","ALWAYS WITH LEFT HAND","ALWAYS WITH RIGHT HAND","ALWAYS WITH RIGHT HAND","USUALLY WITH BOTH HANDS EQUALLY","ALWAYS WITH LEFT HAND","1: 1  CONDITION APPLIES","1: 1  CONDITION APPLIES","NO","FEMALE","MALE"
1982,64735,4,0,5,30000,5,183,1,1,3,1,4,4,2,1,2,1,1,6,2,6,1,1,31,20,"Male","Non-Black / Non-Hispanic","West (AK, AZ, CA, CO, HI, ID, MT, NV, NM, OR, UT, WA, WY)","Bachelor's degree (BA, BS)","In CBSA, not in central city","NO","3: Mother","NO","NO","YES","NO","NO","0: 0  CONDITION DOES NOT APPLY","ALWAYS WITH RIGHT HAND","ALWAYS WITH RIGHT HAND","ALWAYS WITH RIGHT HAND","ALWAYS WITH RIGHT HAND","ALWAYS WITH LEFT HAND","1: 1  CONDITION APPLIES","1: 1  CONDITION APPLIES","NO","FEMALE","MALE"
1985,64735,3,1,2,33790,5,182,2,2,3,4,4,6,1,2,1,2,1,7,5,7,1,1,32,22,"Female","Non-Black / Non-Hispanic","North Central (IL, IN, IA, KS, MI, MN, MO, NE, OH, ND, SD, WI)","Master's degree (MA, MS)","In CBSA, not in central city","NO","3: Mother","YES","NO","YES","NO","YES","0: 0  CONDITION DOES NOT APPLY","ALWAYS WITH RIGHT HAND","ALWAYS WITH RIGHT HAND","ALWAYS WITH RIGHT HAND","ALWAYS WITH RIGHT HAND","ALWAYS WITH LEFT HAND","1: 1  CONDITION APPLIES","1: 1  CONDITION APPLIES","NO","MALE","FEMALE"
1981,54406,1,0,2,53600,5,184,2,2,4,3,2,5,2,2,2,1,2,1,2,6,1,1,23,17,"Male","Non-Black / Non-Hispanic","South (AL, AR, DE, DC, FL, GA, KY, LA, MD, MS, NC, OK, SC, TN , TX, VA, WV)","Associate/Junior college (AA)","Not in CBSA","NO","3: Mother","YES","NO","NO","NO","YES","0: 0  CONDITION DOES NOT APPLY","ALWAYS WITH RIGHT HAND","ALWAYS WITH RIGHT HAND","ALWAYS WITH RIGHT HAND","ALWAYS WITH RIGHT HAND","ALWAYS WITH LEFT HAND","1: 1  CONDITION APPLIES","0: 0  CONDITION DOES NOT APPLY","NO","FEMALE","FEMALE"
1984,64735,3,1,2,33790,5,182,1,1,4,2,3,4,1,2,2,2,2,4,2,7,1,1,31,23,"Male","Non-Black / Non-Hispanic","South (AL, AR, DE, DC, FL, GA, KY, LA, MD, MS, NC, OK, SC, TN , TX, VA, WV)","High school diploma (Regular 12 year program)","In CBSA, not in central city","YES","3: Mother","YES","NO","NO","NO","YES","0: 0  CONDITION DOES NOT APPLY","ALWAYS WITH LEFT HAND","ALWAYS WITH LEFT HAND","ALWAYS WITH LEFT HAND","ALWAYS WITH LEFT HAND","ALWAYS WITH RIGHT HAND","1: 1  CONDITION APPLIES","1: 1  CONDITION APPLIES","YES","MALE","FEMALE"
1980,64735,3,0,1,33790,6,184,1,1,4,3,4,7,2,2,1,2,1,9,2,6,1,1,33,22,"Female","Black","Northeast (CT, ME, MA, NH, NJ, NY, PA, RI, VT)","Bachelor's degree (BA, BS)","In CBSA, not in central city","NO","3: Mother","NO","NO","NO","NO","YES","0: 0  CONDITION DOES NOT APPLY","ALWAYS WITH RIGHT HAND","ALWAYS WITH RIGHT HAND","ALWAYS WITH RIGHT HAND","ALWAYS WITH RIGHT HAND","ALWAYS WITH LEFT HAND","1: 1  CONDITION APPLIES","1: 1  CONDITION APPLIES","NO","MALE","MALE"
1981,0,2,1,1,33790,5,182,1,1,7,4,6,2,2,2,1,2,2,6,1,6,1,1,32,20,"Male","Non-Black / Non-Hispanic","South (AL, AR, DE, DC, FL, GA, KY, LA, MD, MS, NC, OK, SC, TN , TX, VA, WV)","Associate/Junior college (AA)","In CBSA, in central city","YES","3: Mother","NO","NO","NO","NO","NO","0: 0  CONDITION DOES NOT APPLY","ALWAYS WITH RIGHT HAND","ALWAYS WITH RIGHT HAND","ALWAYS WITH RIGHT HAND","ALWAYS WITH RIGHT HAND","USUALLY WITH LEFT HAND","1: 1  CONDITION APPLIES","0: 0  CONDITION DOES NOT APPLY","NO","MALE","MALE"
1981,64735,2,0,4,33790,6,183,1,1,4,3,5,6,2,2,2,2,1,5,4,7,1,1,32,25,"Female","Non-Black / Non-Hispanic","Northeast (CT, ME, MA, NH, NJ, NY, PA, RI, VT)","Bachelor's degree (BA, BS)","In CBSA, not in central city","NO","3: Mother","YES","NO","YES","NO","YES","0: 0  CONDITION DOES NOT APPLY","ALWAYS WITH RIGHT HAND","ALWAYS WITH RIGHT HAND","ALWAYS WITH RIGHT HAND","ALWAYS WITH RIGHT HAND","ALWAYS WITH LEFT HAND","1: 1  CONDITION APPLIES","1: 1  CONDITION APPLIES","NO","MALE","MALE"
1983,64735,3,1,3,33790,5,180,1,1,5,4,5,3,2,2,1,2,1,6,3,6,1,1,34,29,"Male","Non-Black / Non-Hispanic","North Central (IL, IN, IA, KS, MI, MN, MO, NE, OH, ND, SD, WI)","Bachelor's degree (BA, BS)","In CBSA, not in central city","NO","3: Mother","YES","NO","NO","NO","YES","0: 0  CONDITION DOES NOT APPLY","ALWAYS WITH RIGHT HAND","ALWAYS WITH RIGHT HAND","USUALLY WITH LEFT HAND","ALWAYS WITH RIGHT HAND","ALWAYS WITH LEFT HAND","1: 1  CONDITION APPLIES","1: 1  CONDITION APPLIES","NO","MALE","FEMALE"
1983,64735,2,1,2,33790,5,183,2,2,3,3,2,5,2,2,1,2,1,9,1,9,1,1,31,24,"Female","Non-Black / Non-Hispanic","West (AK, AZ, CA, CO, HI, ID, MT, NV, NM, OR, UT, WA, WY)","High school diploma (Regular 12 year program)","In CBSA, not in central city","NO","3: Mother","YES","NO","NO","NO","NO","1: 1  CONDITION APPLIES","DON'T DO THIS ACTIVITY","ALWAYS WITH LEFT HAND","ALWAYS WITH LEFT HAND","ALWAYS WITH RIGHT HAND","ALWAYS WITH LEFT HAND","1: 1  CONDITION APPLIES","0: 0  CONDITION DOES NOT APPLY","NO","MALE","MALE"
1981,64735,2,0,2,33790,6,184,1,1,3,4,3,3,2,2,1,2,1,6,2,7,3,1,29,24,"Male","Non-Black / Non-Hispanic","North Central (IL, IN, IA, KS, MI, MN, MO, NE, OH, ND, SD, WI)","High school diploma (Regular 12 year program)","In CBSA, in central city","NO","3: Mother","YES","NO","NO","NO","YES","0: 0  CONDITION DOES NOT APPLY","ALWAYS WITH RIGHT HAND","ALWAYS WITH RIGHT HAND","USUALLY WITH BOTH HANDS EQUALLY","ALWAYS WITH RIGHT HAND","ALWAYS WITH LEFT HAND","0: 0  CONDITION DOES NOT APPLY","1: 1  CONDITION APPLIES","NO","FEMALE","MALE"
1983,64735,6,2,1,0,6,230,1,1,2,7,3,4,2,2,1,2,2,1,3,6,1,1,26,30,"Male","Non-Black / Non-Hispanic","North Central (IL, IN, IA, KS, MI, MN, MO, NE, OH, ND, SD, WI)","High school diploma (Regular 12 year program)","In CBSA, not in central city","NO","3: Mother","YES","YES","NO","NO","YES","0: 0  CONDITION DOES NOT APPLY","ALWAYS WITH RIGHT HAND","ALWAYS WITH RIGHT HAND","ALWAYS WITH RIGHT HAND","ALWAYS WITH RIGHT HAND","ALWAYS WITH LEFT HAND","1: 1  CONDITION APPLIES","1: 1  CONDITION APPLIES","NO","FEMALE","FEMALE"
1980,64735,3,1,1,33790,5,184,1,1,4,4,4,5,2,2,2,2,1,10,3,7,1,1,32,23,"Male","Non-Black / Non-Hispanic","South (AL, AR, DE, DC, FL, GA, KY, LA, MD, MS, NC, OK, SC, TN , TX, VA, WV)","Associate/Junior college (AA)","In CBSA, in central city","NO","3: Mother","NO","NO","NO","NO","YES","0: 0  CONDITION DOES NOT APPLY","ALWAYS WITH RIGHT HAND","ALWAYS WITH RIGHT HAND","ALWAYS WITH RIGHT HAND","ALWAYS WITH RIGHT HAND","ALWAYS WITH LEFT HAND","1: 1  CONDITION APPLIES","1: 1  CONDITION APPLIES","NO","FEMALE","FEMALE"
1984,64735,4,0,2,33790,5,145,2,2,1,4,6,6,1,2,1,1,1,6,3,7,1,1,33,20,"Female","Non-Black / Non-Hispanic","North Central (IL, IN, IA, KS, MI, MN, MO, NE, OH, ND, SD, WI)","None","In CBSA, in central city","NO","3: Mother","NO","NO","NO","NO","YES","0: 0  CONDITION DOES NOT APPLY","ALWAYS WITH RIGHT HAND","ALWAYS WITH RIGHT HAND","ALWAYS WITH RIGHT HAND","ALWAYS WITH RIGHT HAND","ALWAYS WITH LEFT HAND","1: 1  CONDITION APPLIES","1: 1  CONDITION APPLIES","NO","MALE","FEMALE"
1982,316618,5,3,1,33790,5,181,2,1,1,3,4,7,2,2,1,2,2,5,3,8,1,1,43,26,"Female","Non-Black / Non-Hispanic","South (AL, AR, DE, DC, FL, GA, KY, LA, MD, MS, NC, OK, SC, TN , TX, VA, WV)","Bachelor's degree (BA, BS)","In CBSA, not in central city","YES","3: Mother","NO","NO","NO","NO","YES","0: 0  CONDITION DOES NOT APPLY","ALWAYS WITH RIGHT HAND","ALWAYS WITH RIGHT HAND","ALWAYS WITH RIGHT HAND","ALWAYS WITH RIGHT HAND","ALWAYS WITH LEFT HAND","1: 1  CONDITION APPLIES","0: 0  CONDITION DOES NOT APPLY","NO","FEMALE","FEMALE"
1983,64735,5,1,5,33790,5,182,1,1,2,3,2,2,1,2,1,2,1,5,3,7,1,1,34,19,"Male","Non-Black / Non-Hispanic","West (AK, AZ, CA, CO, HI, ID, MT, NV, NM, OR, UT, WA, WY)","High school diploma (Regular 12 year program)","In CBSA, not in central city","NO","3: Mother","YES","NO","NO","NO","NO","0: 0  CONDITION DOES NOT APPLY","ALWAYS WITH RIGHT HAND","ALWAYS WITH RIGHT HAND","ALWAYS WITH RIGHT HAND","ALWAYS WITH RIGHT HAND","ALWAYS WITH RIGHT HAND","1: 1  CONDITION APPLIES","0: 0  CONDITION DOES NOT APPLY","NO","MALE","FEMALE"
1982,70000,4,0,4,33790,5,183,1,1,4,4,3,1,2,2,1,2,1,8,4,7,1,3,31,22,"Female","Non-Black / Non-Hispanic","South (AL, AR, DE, DC, FL, GA, KY, LA, MD, MS, NC, OK, SC, TN , TX, VA, WV)","High school diploma (Regular 12 year program)","In CBSA, in central city","NO","3: Mother","NO","NO","NO","NO","YES","0: 0  CONDITION DOES NOT APPLY","ALWAYS WITH LEFT HAND","ALWAYS WITH RIGHT HAND","ALWAYS WITH RIGHT HAND","ALWAYS WITH LEFT HAND","ALWAYS WITH RIGHT HAND","1: 1  CONDITION APPLIES","1: 1  CONDITION APPLIES","NO","FEMALE","MALE"
1981,102680,5,0,2,27000,5,178,1,1,5,3,3,5,1,2,2,1,1,6,2,8,1,1,32,25,"Male","Non-Black / Non-Hispanic","South (AL, AR, DE, DC, FL, GA, KY, LA, MD, MS, NC, OK, SC, TN , TX, VA, WV)","Master's degree (MA, MS)","In CBSA, in central city","NO","3: Mother","YES","NO","NO","NO","YES","0: 0  CONDITION DOES NOT APPLY","ALWAYS WITH RIGHT HAND","ALWAYS WITH RIGHT HAND","ALWAYS WITH RIGHT HAND","ALWAYS WITH RIGHT HAND","ALWAYS WITH LEFT HAND","1: 1  CONDITION APPLIES","1: 1  CONDITION APPLIES","NO","FEMALE","MALE"
1983,64735,4,0,2,33790,5,190,2,1,5,5,5,5,2,2,1,2,1,6,2,6,1,1,30,19,"Male","Non-Black / Non-Hispanic","South (AL, AR, DE, DC, FL, GA, KY, LA, MD, MS, NC, OK, SC, TN , TX, VA, WV)","High school diploma (Regular 12 year program)","In CBSA, not in central city","NO","3: Mother","YES","NO","NO","NO","YES","0: 0  CONDITION DOES NOT APPLY","ALWAYS WITH RIGHT HAND","ALWAYS WITH RIGHT HAND","ALWAYS WITH RIGHT HAND","ALWAYS WITH RIGHT HAND","ALWAYS WITH LEFT HAND","0: 0  CONDITION DOES NOT APPLY","1: 1  CONDITION APPLIES","NO","FEMALE","MALE"
1982,64735,2,0,2,33790,6,183,1,1,5,4,4,2,2,2,2,2,1,7,2,7,1,1,32,25,"Male","Non-Black / Non-Hispanic","North Central (IL, IN, IA, KS, MI, MN, MO, NE, OH, ND, SD, WI)","Bachelor's degree (BA, BS)","In CBSA, not in central city","NO","3: Mother","YES","NO","NO","NO","NO","0: 0  CONDITION DOES NOT APPLY","ALWAYS WITH RIGHT HAND","ALWAYS WITH RIGHT HAND","ALWAYS WITH RIGHT HAND","ALWAYS WITH RIGHT HAND","ALWAYS WITH LEFT HAND","1: 1  CONDITION APPLIES","1: 1  CONDITION APPLIES","YES","FEMALE","MALE"
1981,0,2,0,2,33790,5,183,1,1,1,4,6,2,2,2,1,2,1,6,5,7,1,1,35,59,"Male","Hispanic","Northeast (CT, ME, MA, NH, NJ, NY, PA, RI, VT)","Associate/Junior college (AA)","In CBSA, in central city","NO","3: Mother","YES","YES","NO","NO","YES","0: 0  CONDITION DOES NOT APPLY","ALWAYS WITH RIGHT HAND","ALWAYS WITH RIGHT HAND","ALWAYS WITH RIGHT HAND","ALWAYS WITH RIGHT HAND","ALWAYS WITH LEFT HAND","1: 1  CONDITION APPLIES","1: 1  CONDITION APPLIES","NO","FEMALE","MALE"
1984,64735,3,0,2,33790,5,183,1,1,3,2,2,1,2,2,2,2,1,6,2,7,1,3,30,22,"Female","Non-Black / Non-Hispanic","South (AL, AR, DE, DC, FL, GA, KY, LA, MD, MS, NC, OK, SC, TN , TX, VA, WV)","Bachelor's degree (BA, BS)","In CBSA, not in central city","YES","3: Mother","YES","NO","NO","NO","NO","0: 0  CONDITION DOES NOT APPLY","ALWAYS WITH RIGHT HAND","ALWAYS WITH RIGHT HAND","ALWAYS WITH RIGHT HAND","ALWAYS WITH RIGHT HAND","ALWAYS WITH LEFT HAND","1: 1  CONDITION APPLIES","1: 1  CONDITION APPLIES","NO","FEMALE","FEMALE"
1980,64735,3,0,1,33790,6,187,1,1,3,4,3,6,2,2,1,2,1,6,2,5,1,1,34,21,"Male","Non-Black / Non-Hispanic","North Central (IL, IN, IA, KS, MI, MN, MO, NE, OH, ND, SD, WI)","Bachelor's degree (BA, BS)","In CBSA, not in central city","NO","3: Mother","NO","NO","NO","NO","YES","0: 0  CONDITION DOES NOT APPLY","ALWAYS WITH RIGHT HAND","ALWAYS WITH RIGHT HAND","ALWAYS WITH RIGHT HAND","ALWAYS WITH RIGHT HAND","ALWAYS WITH LEFT HAND","1: 1  CONDITION APPLIES","1: 1  CONDITION APPLIES","NO","FEMALE","FEMALE"
1984,64735,3,0,1,33790,5,183,1,1,5,2,2,6,2,2,1,2,1,5,5,6,1,3,33,25,"Male","Hispanic","Northeast (CT, ME, MA, NH, NJ, NY, PA, RI, VT)","High school diploma (Regular 12 year program)","In CBSA, not in central city","NO","3: Mother","YES","YES","NO","NO","NO","0: 0  CONDITION DOES NOT APPLY","ALWAYS WITH RIGHT HAND","ALWAYS WITH RIGHT HAND","ALWAYS WITH RIGHT HAND","ALWAYS WITH RIGHT HAND","ALWAYS WITH LEFT HAND","1: 1  CONDITION APPLIES","1: 1  CONDITION APPLIES","NO","FEMALE","FEMALE"
1982,64735,2,0,2,33790,5,179,1,1,4,3,6,5,1,2,1,2,1,2,2,6,1,1,31,23,"Female","Hispanic","South (AL, AR, DE, DC, FL, GA, KY, LA, MD, MS, NC, OK, SC, TN , TX, VA, WV)","Associate/Junior college (AA)","In CBSA, in central city","NO","3: Mother","YES","NO","NO","NO","YES","0: 0  CONDITION DOES NOT APPLY","ALWAYS WITH RIGHT HAND","ALWAYS WITH RIGHT HAND","ALWAYS WITH RIGHT HAND","ALWAYS WITH RIGHT HAND","ALWAYS WITH LEFT HAND","1: 1  CONDITION APPLIES","1: 1  CONDITION APPLIES","YES","MALE","MALE"
1984,64735,4,0,4,17000,5,181,1,1,5,3,2,5,2,2,2,2,1,6,2,6,1,2,31,22,"Male","Black","North Central (IL, IN, IA, KS, MI, MN, MO, NE, OH, ND, SD, WI)","High school diploma (Regular 12 year program)","In CBSA, in central city","NO","3: Mother","YES","NO","YES","NO","YES","0: 0  CONDITION DOES NOT APPLY","ALWAYS WITH RIGHT HAND","ALWAYS WITH RIGHT HAND","ALWAYS WITH RIGHT HAND","ALWAYS WITH RIGHT HAND","ALWAYS WITH LEFT HAND","1: 1  CONDITION APPLIES","1: 1  CONDITION APPLIES","NO","FEMALE","MALE"
1982,57000,2,0,1,57000,5,182,1,1,2,5,7,7,2,2,2,2,2,5,2,7,1,1,33,21,"Female","Mixed Race (Non-Hispanic)","West (AK, AZ, CA, CO, HI, ID, MT, NV, NM, OR, UT, WA, WY)","Bachelor's degree (BA, BS)","In CBSA, in central city","NO","3: Mother","NO","NO","NO","NO","YES","0: 0  CONDITION DOES NOT APPLY","ALWAYS WITH RIGHT HAND","ALWAYS WITH RIGHT HAND","USUALLY WITH BOTH HANDS EQUALLY","ALWAYS WITH RIGHT HAND","ALWAYS WITH LEFT HAND","1: 1  CONDITION APPLIES","1: 1  CONDITION APPLIES","YES","FEMALE","FEMALE"
1981,64735,1,0,1,33790,6,183,1,2,3,4,4,5,2,2,2,2,2,6,1,6,1,1,32,22,"Male","Non-Black / Non-Hispanic","North Central (IL, IN, IA, KS, MI, MN, MO, NE, OH, ND, SD, WI)","High school diploma (Regular 12 year program)","In CBSA, in central city","NO","3: Mother","NO","NO","YES","NO","YES","0: 0  CONDITION DOES NOT APPLY","ALWAYS WITH RIGHT HAND","ALWAYS WITH RIGHT HAND","ALWAYS WITH RIGHT HAND","ALWAYS WITH RIGHT HAND","ALWAYS WITH LEFT HAND","1: 1  CONDITION APPLIES","0: 0  CONDITION DOES NOT APPLY","NO","FEMALE","MALE"
1984,45765,2,0,2,33790,5,182,1,2,7,3,3,3,1,2,2,2,1,6,2,7,1,1,34,25,"Male","Black","Northeast (CT, ME, MA, NH, NJ, NY, PA, RI, VT)","Bachelor's degree (BA, BS)","In CBSA, in central city","NO","3: Mother","YES","NO","NO","NO","NO","0: 0  CONDITION DOES NOT APPLY","ALWAYS WITH RIGHT HAND","ALWAYS WITH RIGHT HAND","ALWAYS WITH RIGHT HAND","ALWAYS WITH RIGHT HAND","ALWAYS WITH LEFT HAND","1: 1  CONDITION APPLIES","1: 1  CONDITION APPLIES","NO","FEMALE","FEMALE"
1983,64735,3,1,3,40000,5,182,1,2,2,5,4,4,1,2,1,2,1,3,3,7,1,1,24,20,"Male","Non-Black / Non-Hispanic","Northeast (CT, ME, MA, NH, NJ, NY, PA, RI, VT)","GED","In CBSA, not in central city","NO","3: Mother","YES","NO","NO","NO","YES","0: 0  CONDITION DOES NOT APPLY","ALWAYS WITH RIGHT HAND","ALWAYS WITH RIGHT HAND","ALWAYS WITH RIGHT HAND","ALWAYS WITH RIGHT HAND","ALWAYS WITH LEFT HAND","1: 1  CONDITION APPLIES","1: 1  CONDITION APPLIES","NO","FEMALE","MALE"
1983,64735,1,0,1,33790,5,180,1,2,6,4,5,6,2,2,2,2,1,6,3,6,1,1,26,21,"Female","Non-Black / Non-Hispanic","South (AL, AR, DE, DC, FL, GA, KY, LA, MD, MS, NC, OK, SC, TN , TX, VA, WV)","High school diploma (Regular 12 year program)","In CBSA, not in central city","NO","3: Mother","YES","NO","NO","NO","YES","0: 0  CONDITION DOES NOT APPLY","ALWAYS WITH RIGHT HAND","ALWAYS WITH RIGHT HAND","ALWAYS WITH RIGHT HAND","ALWAYS WITH RIGHT HAND","ALWAYS WITH LEFT HAND","1: 1  CONDITION APPLIES","1: 1  CONDITION APPLIES","NO","FEMALE","MALE"
1984,64735,5,1,2,33790,5,183,1,2,5,3,6,1,2,2,1,2,1,4,3,7,1,1,37,26,"Male","Non-Black / Non-Hispanic","West (AK, AZ, CA, CO, HI, ID, MT, NV, NM, OR, UT, WA, WY)","GED","In CBSA, not in central city","YES","3: Mother","YES","NO","YES","NO","NO","0: 0  CONDITION DOES NOT APPLY","ALWAYS WITH RIGHT HAND","ALWAYS WITH LEFT HAND","ALWAYS WITH LEFT HAND","ALWAYS WITH RIGHT HAND","ALWAYS WITH RIGHT HAND","0: 0  CONDITION DOES NOT APPLY","1: 1  CONDITION APPLIES","NO","FEMALE","MALE"
1982,64735,2,0,2,33790,5,181,1,2,3,1,2,3,2,2,2,2,1,2,2,7,1,1,32,25,"Female","Hispanic","South (AL, AR, DE, DC, FL, GA, KY, LA, MD, MS, NC, OK, SC, TN , TX, VA, WV)","Associate/Junior college (AA)","In CBSA, not in central city","NO","3: Mother","YES","NO","NO","NO","YES","0: 0  CONDITION DOES NOT APPLY","ALWAYS WITH RIGHT HAND","ALWAYS WITH RIGHT HAND","ALWAYS WITH RIGHT HAND","ALWAYS WITH RIGHT HAND","ALWAYS WITH LEFT HAND","1: 1  CONDITION APPLIES","1: 1  CONDITION APPLIES","YES","FEMALE","FEMALE"
1980,64735,4,1,3,33790,5,182,1,2,1,4,1,4,2,2,1,2,1,5,3,7,1,1,31,20,"Male","Non-Black / Non-Hispanic","North Central (IL, IN, IA, KS, MI, MN, MO, NE, OH, ND, SD, WI)","High school diploma (Regular 12 year program)","In CBSA, not in central city","YES","3: Mother","YES","NO","NO","NO","YES","0: 0  CONDITION DOES NOT APPLY","ALWAYS WITH RIGHT HAND","ALWAYS WITH RIGHT HAND","ALWAYS WITH RIGHT HAND","ALWAYS WITH RIGHT HAND","USUALLY WITH LEFT HAND","0: 0  CONDITION DOES NOT APPLY","1: 1  CONDITION APPLIES","NO","MALE","MALE"
1983,64735,4,1,3,33790,5,182,1,2,2,3,4,5,2,2,1,2,1,6,2,5,1,1,28,6,"Male","Non-Black / Non-Hispanic","South (AL, AR, DE, DC, FL, GA, KY, LA, MD, MS, NC, OK, SC, TN , TX, VA, WV)","Bachelor's degree (BA, BS)","In CBSA, not in central city","NO","3: Mother","NO","YES","NO","NO","YES","0: 0  CONDITION DOES NOT APPLY","ALWAYS WITH RIGHT HAND","ALWAYS WITH RIGHT HAND","ALWAYS WITH RIGHT HAND","ALWAYS WITH RIGHT HAND","ALWAYS WITH LEFT HAND","0: 0  CONDITION DOES NOT APPLY","1: 1  CONDITION APPLIES","NO","FEMALE","MALE"
1982,64735,4,1,2,33790,5,157,2,1,2,3,1,4,1,1,2,1,1,4,3,7,1,1,33,21,"Female","Non-Black / Non-Hispanic","Northeast (CT, ME, MA, NH, NJ, NY, PA, RI, VT)","Master's degree (MA, MS)","In CBSA, not in central city","NO","3: Mother","NO","NO","NO","NO","YES","0: 0  CONDITION DOES NOT APPLY","ALWAYS WITH RIGHT HAND","USUALLY WITH BOTH HANDS EQUALLY","ALWAYS WITH RIGHT HAND","ALWAYS WITH RIGHT HAND","ALWAYS WITH LEFT HAND","1: 1  CONDITION APPLIES","1: 1  CONDITION APPLIES","NO","FEMALE","FEMALE"
1981,75250,3,0,1,33790,5,155,1,2,3,3,4,9,2,1,1,1,1,6,1,7,1,1,36,19,"Female","Black","West (AK, AZ, CA, CO, HI, ID, MT, NV, NM, OR, UT, WA, WY)","Master's degree (MA, MS)","In CBSA, in central city","NO","3: Mother","YES","NO","NO","NO","YES","0: 0  CONDITION DOES NOT APPLY","ALWAYS WITH RIGHT HAND","ALWAYS WITH RIGHT HAND","ALWAYS WITH RIGHT HAND","ALWAYS WITH RIGHT HAND","ALWAYS WITH LEFT HAND","0: 0  CONDITION DOES NOT APPLY","1: 1  CONDITION APPLIES","NO","FEMALE","MALE"
1981,64735,2,0,2,33790,5,182,1,1,3,8,3,5,2,2,1,2,2,6,2,7,1,3,29,24,"Female","Black","North Central (IL, IN, IA, KS, MI, MN, MO, NE, OH, ND, SD, WI)","High school diploma (Regular 12 year program)","In CBSA, in central city","NO","3: Mother","YES","NO","NO","NO","YES","0: 0  CONDITION DOES NOT APPLY","ALWAYS WITH RIGHT HAND","ALWAYS WITH RIGHT HAND","ALWAYS WITH RIGHT HAND","ALWAYS WITH RIGHT HAND","ALWAYS WITH LEFT HAND","1: 1  CONDITION APPLIES","1: 1  CONDITION APPLIES","NO","FEMALE","MALE"
1982,64735,3,0,1,83000,5,181,1,1,3,1,3,2,1,2,1,2,1,6,3,7,1,2,32,22,"Male","Non-Black / Non-Hispanic","South (AL, AR, DE, DC, FL, GA, KY, LA, MD, MS, NC, OK, SC, TN , TX, VA, WV)","High school diploma (Regular 12 year program)","In CBSA, in central city","YES","3: Mother","YES","NO","NO","NO","YES","0: 0  CONDITION DOES NOT APPLY","ALWAYS WITH RIGHT HAND","ALWAYS WITH RIGHT HAND","ALWAYS WITH RIGHT HAND","USUALLY WITH RIGHT HAND","USUALLY WITH LEFT HAND","1: 1  CONDITION APPLIES","0: 0  CONDITION DOES NOT APPLY","NO","FEMALE","FEMALE"
1980,64735,3,0,3,36000,5,190,1,2,3,3,3,4,1,2,1,1,1,6,2,8,1,1,29,23,"Male","Non-Black / Non-Hispanic","West (AK, AZ, CA, CO, HI, ID, MT, NV, NM, OR, UT, WA, WY)","High school diploma (Regular 12 year program)","In CBSA, in central city","NO","3: Mother","NO","NO","NO","NO","YES","1: 1  CONDITION APPLIES","ALWAYS WITH RIGHT HAND","ALWAYS WITH RIGHT HAND","ALWAYS WITH RIGHT HAND","ALWAYS WITH RIGHT HAND","ALWAYS WITH LEFT HAND","1: 1  CONDITION APPLIES","1: 1  CONDITION APPLIES","NO","MALE","FEMALE"
1981,64735,4,1,2,33790,5,185,1,1,3,5,3,4,2,2,1,2,1,6,2,5,1,1,28,18,"Female","Non-Black / Non-Hispanic","West (AK, AZ, CA, CO, HI, ID, MT, NV, NM, OR, UT, WA, WY)","High school diploma (Regular 12 year program)","In CBSA, not in central city","NO","3: Mother","YES","NO","NO","NO","YES","0: 0  CONDITION DOES NOT APPLY","ALWAYS WITH RIGHT HAND","ALWAYS WITH RIGHT HAND","ALWAYS WITH RIGHT HAND","ALWAYS WITH RIGHT HAND","ALWAYS WITH LEFT HAND","1: 1  CONDITION APPLIES","1: 1  CONDITION APPLIES","NO","FEMALE","FEMALE"
1983,64735,3,1,1,33790,5,180,2,2,2,4,2,3,2,2,2,2,1,6,4,6,1,1,31,17,"Female","Non-Black / Non-Hispanic","South (AL, AR, DE, DC, FL, GA, KY, LA, MD, MS, NC, OK, SC, TN , TX, VA, WV)","Associate/Junior college (AA)","In CBSA, not in central city","NO","3: Mother","YES","NO","NO","NO","YES","0: 0  CONDITION DOES NOT APPLY","ALWAYS WITH LEFT HAND","ALWAYS WITH LEFT HAND","ALWAYS WITH LEFT HAND","ALWAYS WITH LEFT HAND","USUALLY WITH LEFT HAND","1: 1  CONDITION APPLIES","1: 1  CONDITION APPLIES","NO","MALE","FEMALE"
1986,64735,3,1,1,33790,5,250,2,2,5,5,4,5,2,2,1,2,1,6,4,6,1,1,8,17,"Male","Non-Black / Non-Hispanic","South (AL, AR, DE, DC, FL, GA, KY, LA, MD, MS, NC, OK, SC, TN , TX, VA, WV)","Associate/Junior college (AA)","In CBSA, not in central city","NO","3: Mother","YES","NO","NO","NO","YES","0: 0  CONDITION DOES NOT APPLY","ALWAYS WITH RIGHT HAND","ALWAYS WITH RIGHT HAND","ALWAYS WITH RIGHT HAND","ALWAYS WITH RIGHT HAND","ALWAYS WITH LEFT HAND","1: 1  CONDITION APPLIES","1: 1  CONDITION APPLIES","NO","MALE","MALE"
1982,185000,2,0,2,33790,6,185,2,3,6,1,3,2,2,2,2,2,1,6,2,4,1,1,36,22,"Female","Black","North Central (IL, IN, IA, KS, MI, MN, MO, NE, OH, ND, SD, WI)","Master's degree (MA, MS)","In CBSA, not in central city","NO","3: Mother","YES","NO","NO","NO","YES","0: 0  CONDITION DOES NOT APPLY","ALWAYS WITH RIGHT HAND","ALWAYS WITH RIGHT HAND","ALWAYS WITH RIGHT HAND","ALWAYS WITH RIGHT HAND","ALWAYS WITH LEFT HAND","1: 1  CONDITION APPLIES","1: 1  CONDITION APPLIES","NO","FEMALE","FEMALE"
1981,64735,4,1,2,33790,5,178,1,1,4,3,4,5,2,2,2,2,1,4,2,8,1,1,32,23,"Male","Non-Black / Non-Hispanic","South (AL, AR, DE, DC, FL, GA, KY, LA, MD, MS, NC, OK, SC, TN , TX, VA, WV)","High school diploma (Regular 12 year program)","In CBSA, in central city","NO","3: Mother","NO","YES","NO","NO","YES","0: 0  CONDITION DOES NOT APPLY","ALWAYS WITH RIGHT HAND","ALWAYS WITH RIGHT HAND","ALWAYS WITH RIGHT HAND","ALWAYS WITH RIGHT HAND","ALWAYS WITH LEFT HAND","0: 0  CONDITION DOES NOT APPLY","1: 1  CONDITION APPLIES","YES","FEMALE","MALE"
1984,64735,3,0,1,33790,5,186,1,2,3,5,1,3,2,2,1,2,2,3,2,8,1,1,29,26,"Female","Non-Black / Non-Hispanic","North Central (IL, IN, IA, KS, MI, MN, MO, NE, OH, ND, SD, WI)","High school diploma (Regular 12 year program)","In CBSA, not in central city","NO","3: Mother","NO","YES","NO","NO","NO","0: 0  CONDITION DOES NOT APPLY","ALWAYS WITH RIGHT HAND","ALWAYS WITH RIGHT HAND","USUALLY WITH BOTH HANDS EQUALLY","ALWAYS WITH RIGHT HAND","ALWAYS WITH LEFT HAND","1: 1  CONDITION APPLIES","1: 1  CONDITION APPLIES","NO","FEMALE","MALE"
1981,64735,4,1,1,33790,5,184,1,1,1,4,1,4,2,2,1,1,1,3,3,7,1,1,30,15,"Male","Non-Black / Non-Hispanic","South (AL, AR, DE, DC, FL, GA, KY, LA, MD, MS, NC, OK, SC, TN , TX, VA, WV)","High school diploma (Regular 12 year program)","In CBSA, not in central city","NO","3: Mother","YES","NO","NO","NO","YES","0: 0  CONDITION DOES NOT APPLY","ALWAYS WITH RIGHT HAND","ALWAYS WITH RIGHT HAND","ALWAYS WITH RIGHT HAND","ALWAYS WITH RIGHT HAND","ALWAYS WITH LEFT HAND","0: 0  CONDITION DOES NOT APPLY","1: 1  CONDITION APPLIES","NO","FEMALE","MALE"
1980,64735,2,0,1,33790,5,184,1,2,2,4,1,6,2,2,1,2,1,5,2,6,1,1,33,19,"Male","Non-Black / Non-Hispanic","West (AK, AZ, CA, CO, HI, ID, MT, NV, NM, OR, UT, WA, WY)","High school diploma (Regular 12 year program)","In CBSA, not in central city","NO","5: Adoptive Mother","NO","NO","NO","NO","YES","0: 0  CONDITION DOES NOT APPLY","ALWAYS WITH RIGHT HAND","ALWAYS WITH RIGHT HAND","ALWAYS WITH RIGHT HAND","ALWAYS WITH RIGHT HAND","ALWAYS WITH LEFT HAND","0: 0  CONDITION DOES NOT APPLY","1: 1  CONDITION APPLIES","NO","FEMALE","MALE"
1983,64735,3,0,1,33790,5,184,1,1,4,4,5,3,2,2,1,2,1,4,2,6,1,1,32,21,"Male","Non-Black / Non-Hispanic","South (AL, AR, DE, DC, FL, GA, KY, LA, MD, MS, NC, OK, SC, TN , TX, VA, WV)","High school diploma (Regular 12 year program)","In CBSA, not in central city","NO","3: Mother","NO","NO","NO","NO","YES","0: 0  CONDITION DOES NOT APPLY","ALWAYS WITH RIGHT HAND","ALWAYS WITH RIGHT HAND","ALWAYS WITH RIGHT HAND","ALWAYS WITH RIGHT HAND","USUALLY WITH BOTH HANDS EQUALLY","1: 1  CONDITION APPLIES","1: 1  CONDITION APPLIES","YES","MALE","MALE"
1982,64735,3,1,5,33790,5,180,1,1,4,3,4,6,2,2,1,2,1,6,2,7,1,1,11,16,"Male","Non-Black / Non-Hispanic","North Central (IL, IN, IA, KS, MI, MN, MO, NE, OH, ND, SD, WI)","High school diploma (Regular 12 year program)","In CBSA, not in central city","NO","3: Mother","YES","NO","YES","NO","NO","0: 0  CONDITION DOES NOT APPLY","ALWAYS WITH RIGHT HAND","ALWAYS WITH RIGHT HAND","ALWAYS WITH RIGHT HAND","ALWAYS WITH RIGHT HAND","ALWAYS WITH LEFT HAND","1: 1  CONDITION APPLIES","1: 1  CONDITION APPLIES","NO","MALE","FEMALE"
1980,64735,4,1,3,33000,5,184,2,1,2,4,1,4,1,2,1,1,1,6,3,7,1,1,27,19,"Female","Non-Black / Non-Hispanic","West (AK, AZ, CA, CO, HI, ID, MT, NV, NM, OR, UT, WA, WY)","High school diploma (Regular 12 year program)","In CBSA, in central city","NO","3: Mother","YES","NO","NO","NO","NO","0: 0  CONDITION DOES NOT APPLY","ALWAYS WITH RIGHT HAND","ALWAYS WITH RIGHT HAND","ALWAYS WITH RIGHT HAND","ALWAYS WITH RIGHT HAND","ALWAYS WITH LEFT HAND","1: 1  CONDITION APPLIES","1: 1  CONDITION APPLIES","NO","FEMALE","FEMALE"
1980,316618,6,1,3,33790,5,185,1,1,3,4,3,5,1,1,2,1,2,6,4,7,1,1,30,24,"Male","Hispanic","West (AK, AZ, CA, CO, HI, ID, MT, NV, NM, OR, UT, WA, WY)","Associate/Junior college (AA)","In CBSA, not in central city","YES","3: Mother","YES","NO","NO","NO","YES","0: 0  CONDITION DOES NOT APPLY","ALWAYS WITH RIGHT HAND","ALWAYS WITH RIGHT HAND","ALWAYS WITH RIGHT HAND","ALWAYS WITH RIGHT HAND","ALWAYS WITH LEFT HAND","1: 1  CONDITION APPLIES","1: 1  CONDITION APPLIES","NO","FEMALE","MALE"
1984,64735,4,0,1,33790,5,182,1,2,2,4,1,6,2,1,2,2,2,6,3,6,1,2,65,31,"Male","Non-Black / Non-Hispanic","South (AL, AR, DE, DC, FL, GA, KY, LA, MD, MS, NC, OK, SC, TN , TX, VA, WV)","High school diploma (Regular 12 year program)","In CBSA, not in central city","YES","3: Mother","NO","NO","NO","NO","YES","0: 0  CONDITION DOES NOT APPLY","ALWAYS WITH RIGHT HAND","ALWAYS WITH RIGHT HAND","ALWAYS WITH RIGHT HAND","ALWAYS WITH RIGHT HAND","ALWAYS WITH RIGHT HAND","1: 1  CONDITION APPLIES","1: 1  CONDITION APPLIES","NO","FEMALE","FEMALE"
1982,64735,4,0,1,33790,5,179,1,1,2,4,3,6,2,2,1,1,1,4,3,8,1,1,60,30,"Male","Non-Black / Non-Hispanic","West (AK, AZ, CA, CO, HI, ID, MT, NV, NM, OR, UT, WA, WY)","High school diploma (Regular 12 year program)","In CBSA, in central city","YES","3: Mother","YES","NO","NO","YES","YES","0: 0  CONDITION DOES NOT APPLY","ALWAYS WITH RIGHT HAND","ALWAYS WITH RIGHT HAND","ALWAYS WITH RIGHT HAND","ALWAYS WITH RIGHT HAND","USUALLY WITH RIGHT HAND","1: 1  CONDITION APPLIES","1: 1  CONDITION APPLIES","NO","FEMALE","MALE"
1981,64735,2,1,1,33790,5,184,1,2,2,4,5,3,2,2,2,2,2,4,3,8,1,1,32,18,"Male","Non-Black / Non-Hispanic","South (AL, AR, DE, DC, FL, GA, KY, LA, MD, MS, NC, OK, SC, TN , TX, VA, WV)","High school diploma (Regular 12 year program)","In CBSA, in central city","NO","3: Mother","NO","NO","NO","NO","YES","0: 0  CONDITION DOES NOT APPLY","ALWAYS WITH RIGHT HAND","ALWAYS WITH RIGHT HAND","ALWAYS WITH RIGHT HAND","USUALLY WITH BOTH HANDS EQUALLY","ALWAYS WITH LEFT HAND","1: 1  CONDITION APPLIES","1: 1  CONDITION APPLIES","NO","FEMALE","MALE"
1981,316618,3,0,2,33790,5,175,3,3,1,2,7,5,2,2,1,2,1,3,3,7,1,1,31,19,"Female","Hispanic","South (AL, AR, DE, DC, FL, GA, KY, LA, MD, MS, NC, OK, SC, TN , TX, VA, WV)","High school diploma (Regular 12 year program)","In CBSA, in central city","NO","3: Mother","NO","YES","NO","NO","YES","0: 0  CONDITION DOES NOT APPLY","ALWAYS WITH RIGHT HAND","ALWAYS WITH RIGHT HAND","ALWAYS WITH RIGHT HAND","ALWAYS WITH RIGHT HAND","ALWAYS WITH LEFT HAND","1: 1  CONDITION APPLIES","1: 1  CONDITION APPLIES","NO","FEMALE","MALE"
1984,64735,5,1,1,33790,5,180,1,1,2,3,2,4,2,1,2,2,2,4,4,7,1,1,32,5,"Male","Black","South (AL, AR, DE, DC, FL, GA, KY, LA, MD, MS, NC, OK, SC, TN , TX, VA, WV)","High school diploma (Regular 12 year program)","In CBSA, in central city","NO","3: Mother","NO","NO","NO","NO","YES","0: 0  CONDITION DOES NOT APPLY","ALWAYS WITH RIGHT HAND","ALWAYS WITH RIGHT HAND","USUALLY WITH BOTH HANDS EQUALLY","ALWAYS WITH RIGHT HAND","ALWAYS WITH LEFT HAND","1: 1  CONDITION APPLIES","1: 1  CONDITION APPLIES","NO","MALE","FEMALE"
1980,64735,3,0,3,33790,5,183,1,1,3,4,2,2,1,2,2,2,1,6,1,6,1,1,35,22,"Male","Non-Black / Non-Hispanic","West (AK, AZ, CA, CO, HI, ID, MT, NV, NM, OR, UT, WA, WY)","High school diploma (Regular 12 year program)","In CBSA, not in central city","YES","3: Mother","YES","NO","NO","NO","YES","0: 0  CONDITION DOES NOT APPLY","ALWAYS WITH RIGHT HAND","ALWAYS WITH RIGHT HAND","ALWAYS WITH RIGHT HAND","ALWAYS WITH RIGHT HAND","ALWAYS WITH LEFT HAND","0: 0  CONDITION DOES NOT APPLY","1: 1  CONDITION APPLIES","NO","FEMALE","FEMALE"
1982,64735,2,0,4,25000,5,184,1,2,1,5,3,4,2,2,1,2,1,5,2,6,1,1,36,23,"Male","Non-Black / Non-Hispanic","South (AL, AR, DE, DC, FL, GA, KY, LA, MD, MS, NC, OK, SC, TN , TX, VA, WV)","High school diploma (Regular 12 year program)","Not in CBSA","NO","3: Mother","NO","YES","NO","NO","YES","0: 0  CONDITION DOES NOT APPLY","ALWAYS WITH RIGHT HAND","ALWAYS WITH RIGHT HAND","ALWAYS WITH RIGHT HAND","ALWAYS WITH RIGHT HAND","ALWAYS WITH LEFT HAND","1: 1  CONDITION APPLIES","1: 1  CONDITION APPLIES","NO","FEMALE","FEMALE"
1982,64735,5,1,2,33790,5,181,1,2,3,2,5,7,2,2,2,1,1,3,2,5,1,1,30,21,"Male","Non-Black / Non-Hispanic","West (AK, AZ, CA, CO, HI, ID, MT, NV, NM, OR, UT, WA, WY)","GED","In CBSA, not in central city","YES","3: Mother","YES","NO","YES","YES","NO","0: 0  CONDITION DOES NOT APPLY","ALWAYS WITH LEFT HAND","ALWAYS WITH RIGHT HAND","USUALLY WITH RIGHT HAND","ALWAYS WITH LEFT HAND","ALWAYS WITH RIGHT HAND","0: 0  CONDITION DOES NOT APPLY","1: 1  CONDITION APPLIES","YES","FEMALE","FEMALE"
1984,64735,3,0,4,33790,5,184,1,1,3,4,2,3,1,1,2,1,1,3,1,6,1,1,36,28,"Male","Black","West (AK, AZ, CA, CO, HI, ID, MT, NV, NM, OR, UT, WA, WY)","High school diploma (Regular 12 year program)","In CBSA, in central city","YES","3: Mother","NO","YES","NO","NO","NO","0: 0  CONDITION DOES NOT APPLY","ALWAYS WITH RIGHT HAND","ALWAYS WITH RIGHT HAND","ALWAYS WITH RIGHT HAND","ALWAYS WITH RIGHT HAND","ALWAYS WITH LEFT HAND","1: 1  CONDITION APPLIES","1: 1  CONDITION APPLIES","NO","MALE","MALE"
1983,64735,3,0,5,33790,5,181,1,1,4,3,3,4,2,2,1,2,1,2,4,8,1,1,26,20,"Male","Non-Black / Non-Hispanic","West (AK, AZ, CA, CO, HI, ID, MT, NV, NM, OR, UT, WA, WY)","High school diploma (Regular 12 year program)","In CBSA, not in central city","NO","3: Mother","NO","YES","YES","NO","YES","0: 0  CONDITION DOES NOT APPLY","ALWAYS WITH RIGHT HAND","ALWAYS WITH RIGHT HAND","ALWAYS WITH RIGHT HAND","ALWAYS WITH RIGHT HAND","ALWAYS WITH LEFT HAND","1: 1  CONDITION APPLIES","1: 1  CONDITION APPLIES","NO","FEMALE","FEMALE"
1981,64735,4,0,2,33790,5,183,2,2,3,4,4,5,1,2,1,1,1,3,2,6,1,1,37,54,"Female","Non-Black / Non-Hispanic","South (AL, AR, DE, DC, FL, GA, KY, LA, MD, MS, NC, OK, SC, TN , TX, VA, WV)","Bachelor's degree (BA, BS)","In CBSA, not in central city","YES","3: Mother","NO","NO","NO","YES","YES","0: 0  CONDITION DOES NOT APPLY","ALWAYS WITH RIGHT HAND","ALWAYS WITH RIGHT HAND","ALWAYS WITH RIGHT HAND","ALWAYS WITH RIGHT HAND","ALWAYS WITH LEFT HAND","1: 1  CONDITION APPLIES","1: 1  CONDITION APPLIES","NO","FEMALE","MALE"
1982,64735,2,0,1,48000,5,182,1,1,1,2,3,3,1,2,1,2,1,6,2,7,1,1,31,20,"Female","Hispanic","South (AL, AR, DE, DC, FL, GA, KY, LA, MD, MS, NC, OK, SC, TN , TX, VA, WV)","Associate/Junior college (AA)","In CBSA, not in central city","NO","3: Mother","NO","NO","NO","NO","YES","0: 0  CONDITION DOES NOT APPLY","ALWAYS WITH LEFT HAND","ALWAYS WITH LEFT HAND","ALWAYS WITH LEFT HAND","ALWAYS WITH LEFT HAND","ALWAYS WITH RIGHT HAND","1: 1  CONDITION APPLIES","1: 1  CONDITION APPLIES","YES","FEMALE","FEMALE"
1983,64735,3,1,3,33790,5,181,2,2,3,4,1,2,2,2,1,1,1,2,2,7,1,1,24,1,"Female","Non-Black / Non-Hispanic","North Central (IL, IN, IA, KS, MI, MN, MO, NE, OH, ND, SD, WI)","GED","In CBSA, in central city","NO","3: Mother","YES","NO","NO","NO","YES","0: 0  CONDITION DOES NOT APPLY","ALWAYS WITH RIGHT HAND","ALWAYS WITH RIGHT HAND","ALWAYS WITH RIGHT HAND","ALWAYS WITH RIGHT HAND","ALWAYS WITH LEFT HAND","0: 0  CONDITION DOES NOT APPLY","1: 1  CONDITION APPLIES","NO","MALE","MALE"
1981,64735,2,0,4,33790,5,183,1,1,1,3,3,5,1,1,2,2,2,6,3,6,1,1,35,26,"Male","Non-Black / Non-Hispanic","South (AL, AR, DE, DC, FL, GA, KY, LA, MD, MS, NC, OK, SC, TN , TX, VA, WV)","High school diploma (Regular 12 year program)","In CBSA, in central city","NO","3: Mother","NO","YES","NO","NO","NO","0: 0  CONDITION DOES NOT APPLY","ALWAYS WITH RIGHT HAND","ALWAYS WITH RIGHT HAND","ALWAYS WITH RIGHT HAND","ALWAYS WITH RIGHT HAND","ALWAYS WITH LEFT HAND","1: 1  CONDITION APPLIES","1: 1  CONDITION APPLIES","NO","FEMALE","MALE"
1982,64735,2,0,2,33790,6,183,1,1,4,3,2,4,2,2,1,2,1,5,2,8,1,1,24,23,"Male","Black","South (AL, AR, DE, DC, FL, GA, KY, LA, MD, MS, NC, OK, SC, TN , TX, VA, WV)","High school diploma (Regular 12 year program)","In CBSA, not in central city","NO","3: Mother","NO","YES","NO","NO","YES","0: 0  CONDITION DOES NOT APPLY","ALWAYS WITH RIGHT HAND","ALWAYS WITH RIGHT HAND","ALWAYS WITH RIGHT HAND","ALWAYS WITH RIGHT HAND","ALWAYS WITH LEFT HAND","1: 1  CONDITION APPLIES","1: 1  CONDITION APPLIES","NO","MALE","MALE"
1982,64735,4,1,3,33790,5,180,1,1,1,3,2,2,1,2,2,2,1,3,3,7,1,1,28,19,"Male","Black","West (AK, AZ, CA, CO, HI, ID, MT, NV, NM, OR, UT, WA, WY)","Professional degree (DDS, JD, MD)","In CBSA, not in central city","NO","3: Mother","NO","YES","NO","NO","YES","0: 0  CONDITION DOES NOT APPLY","ALWAYS WITH RIGHT HAND","ALWAYS WITH RIGHT HAND","ALWAYS WITH RIGHT HAND","ALWAYS WITH RIGHT HAND","USUALLY WITH RIGHT HAND","1: 1  CONDITION APPLIES","1: 1  CONDITION APPLIES","NO","FEMALE","FEMALE"
1981,64735,4,2,1,33790,6,185,1,2,3,4,3,3,2,2,1,2,1,4,4,8,3,1,31,4,"Male","Black","West (AK, AZ, CA, CO, HI, ID, MT, NV, NM, OR, UT, WA, WY)","High school diploma (Regular 12 year program)","In CBSA, in central city","NO","3: Mother","NO","NO","NO","NO","YES","0: 0  CONDITION DOES NOT APPLY","ALWAYS WITH RIGHT HAND","ALWAYS WITH RIGHT HAND","ALWAYS WITH RIGHT HAND","ALWAYS WITH RIGHT HAND","ALWAYS WITH LEFT HAND","1: 1  CONDITION APPLIES","1: 1  CONDITION APPLIES","NO","FEMALE","FEMALE"
1983,64735,5,1,3,33790,5,165,1,1,5,3,2,5,2,1,2,2,1,6,3,5,1,1,26,19,"Male","Non-Black / Non-Hispanic","South (AL, AR, DE, DC, FL, GA, KY, LA, MD, MS, NC, OK, SC, TN , TX, VA, WV)","Master's degree (MA, MS)","In CBSA, in central city","NO","3: Mother","YES","YES","NO","NO","YES","0: 0  CONDITION DOES NOT APPLY","ALWAYS WITH RIGHT HAND","ALWAYS WITH RIGHT HAND","ALWAYS WITH RIGHT HAND","ALWAYS WITH RIGHT HAND","ALWAYS WITH RIGHT HAND","1: 1  CONDITION APPLIES","1: 1  CONDITION APPLIES","NO","MALE","FEMALE"
1985,64735,2,0,2,33790,5,182,1,2,3,7,4,2,2,2,1,2,1,5,5,6,1,1,31,22,"Female","Non-Black / Non-Hispanic","West (AK, AZ, CA, CO, HI, ID, MT, NV, NM, OR, UT, WA, WY)","Bachelor's degree (BA, BS)","In CBSA, not in central city","YES","3: Mother","YES","NO","NO","NO","YES","0: 0  CONDITION DOES NOT APPLY","ALWAYS WITH RIGHT HAND","USUALLY WITH RIGHT HAND","ALWAYS WITH RIGHT HAND","ALWAYS WITH RIGHT HAND","ALWAYS WITH LEFT HAND","1: 1  CONDITION APPLIES","1: 1  CONDITION APPLIES","NO","FEMALE","MALE"
1983,98000,3,0,2,33790,5,181,1,1,1,4,5,4,2,2,1,2,1,5,1,6,1,1,30,20,"Male","Non-Black / Non-Hispanic","South (AL, AR, DE, DC, FL, GA, KY, LA, MD, MS, NC, OK, SC, TN , TX, VA, WV)","High school diploma (Regular 12 year program)","In CBSA, not in central city","NO","3: Mother","NO","NO","NO","NO","YES","0: 0  CONDITION DOES NOT APPLY","ALWAYS WITH RIGHT HAND","ALWAYS WITH RIGHT HAND","ALWAYS WITH RIGHT HAND","ALWAYS WITH RIGHT HAND","ALWAYS WITH LEFT HAND","0: 0  CONDITION DOES NOT APPLY","1: 1  CONDITION APPLIES","NO","FEMALE","MALE"
1981,64735,2,0,3,33790,5,182,1,1,1,4,6,4,2,2,1,2,1,6,2,7,1,1,30,22,"Female","Non-Black / Non-Hispanic","South (AL, AR, DE, DC, FL, GA, KY, LA, MD, MS, NC, OK, SC, TN , TX, VA, WV)","Bachelor's degree (BA, BS)","In CBSA, not in central city","NO","3: Mother","NO","NO","NO","NO","YES","0: 0  CONDITION DOES NOT APPLY","ALWAYS WITH RIGHT HAND","ALWAYS WITH RIGHT HAND","ALWAYS WITH RIGHT HAND","ALWAYS WITH RIGHT HAND","ALWAYS WITH LEFT HAND","1: 1  CONDITION APPLIES","1: 1  CONDITION APPLIES","YES","MALE","MALE"
1981,64735,4,1,2,33790,5,181,1,1,3,2,3,4,1,2,1,1,1,2,4,9,1,1,30,23,"Female","Non-Black / Non-Hispanic","South (AL, AR, DE, DC, FL, GA, KY, LA, MD, MS, NC, OK, SC, TN , TX, VA, WV)","High school diploma (Regular 12 year program)","In CBSA, not in central city","YES","3: Mother","YES","NO","NO","NO","YES","0: 0  CONDITION DOES NOT APPLY","ALWAYS WITH RIGHT HAND","ALWAYS WITH RIGHT HAND","ALWAYS WITH RIGHT HAND","ALWAYS WITH RIGHT HAND","ALWAYS WITH LEFT HAND","1: 1  CONDITION APPLIES","1: 1  CONDITION APPLIES","NO","MALE","MALE"
1981,64735,3,0,3,33790,5,182,2,1,2,3,5,5,1,2,1,2,1,6,2,7,1,1,35,37,"Male","Non-Black / Non-Hispanic","Northeast (CT, ME, MA, NH, NJ, NY, PA, RI, VT)","GED","In CBSA, in central city","YES","3: Mother","YES","YES","NO","NO","NO","0: 0  CONDITION DOES NOT APPLY","ALWAYS WITH RIGHT HAND","ALWAYS WITH RIGHT HAND","ALWAYS WITH RIGHT HAND","ALWAYS WITH RIGHT HAND","ALWAYS WITH LEFT HAND","0: 0  CONDITION DOES NOT APPLY","1: 1  CONDITION APPLIES","NO","FEMALE","MALE"
1983,64735,4,1,3,33790,6,188,2,1,2,3,3,3,2,2,1,1,1,3,2,5,1,1,28,0,"Male","Non-Black / Non-Hispanic","West (AK, AZ, CA, CO, HI, ID, MT, NV, NM, OR, UT, WA, WY)","High school diploma (Regular 12 year program)","In CBSA, in central city","NO","3: Mother","NO","NO","YES","NO","YES","0: 0  CONDITION DOES NOT APPLY","ALWAYS WITH RIGHT HAND","ALWAYS WITH RIGHT HAND","ALWAYS WITH RIGHT HAND","ALWAYS WITH RIGHT HAND","ALWAYS WITH LEFT HAND","1: 1  CONDITION APPLIES","1: 1  CONDITION APPLIES","NO","MALE","MALE"
1980,64735,4,0,1,33790,5,183,1,1,5,3,2,2,2,2,2,2,2,6,2,6,6,2,55,31,"Male","Hispanic","Northeast (CT, ME, MA, NH, NJ, NY, PA, RI, VT)","High school diploma (Regular 12 year program)","In CBSA, not in central city","YES","3: Mother","YES","NO","NO","NO","NO","0: 0  CONDITION DOES NOT APPLY","ALWAYS WITH RIGHT HAND","ALWAYS WITH RIGHT HAND","ALWAYS WITH RIGHT HAND","ALWAYS WITH RIGHT HAND","DON'T DO THIS ACTIVITY","1: 1  CONDITION APPLIES","1: 1  CONDITION APPLIES","NO","FEMALE","MALE"
1983,64735,3,0,2,33790,6,180,1,2,3,3,6,3,2,2,1,2,1,7,2,6,1,1,37,55,"Male","Non-Black / Non-Hispanic","South (AL, AR, DE, DC, FL, GA, KY, LA, MD, MS, NC, OK, SC, TN , TX, VA, WV)","High school diploma (Regular 12 year program)","In CBSA, not in central city","YES","3: Mother","NO","YES","NO","NO","YES","0: 0  CONDITION DOES NOT APPLY","ALWAYS WITH RIGHT HAND","ALWAYS WITH RIGHT HAND","ALWAYS WITH RIGHT HAND","ALWAYS WITH RIGHT HAND","USUALLY WITH RIGHT HAND","1: 1  CONDITION APPLIES","1: 1  CONDITION APPLIES","NO","FEMALE","MALE"
1982,64735,4,2,3,33790,5,140,1,1,5,2,3,4,2,2,2,2,1,7,3,6,3,1,23,11,"Female","Non-Black / Non-Hispanic","North Central (IL, IN, IA, KS, MI, MN, MO, NE, OH, ND, SD, WI)","Master's degree (MA, MS)","In CBSA, not in central city","NO","3: Mother","YES","NO","YES","NO","YES","0: 0  CONDITION DOES NOT APPLY","ALWAYS WITH RIGHT HAND","ALWAYS WITH RIGHT HAND","ALWAYS WITH RIGHT HAND","ALWAYS WITH RIGHT HAND","ALWAYS WITH LEFT HAND","1: 1  CONDITION APPLIES","1: 1  CONDITION APPLIES","NO","FEMALE","MALE"
1981,64735,3,1,2,33790,5,183,1,2,5,3,1,3,2,1,1,2,1,2,4,7,1,1,28,18,"Male","Non-Black / Non-Hispanic","South (AL, AR, DE, DC, FL, GA, KY, LA, MD, MS, NC, OK, SC, TN , TX, VA, WV)","Bachelor's degree (BA, BS)","In CBSA, in central city","NO","3: Mother","NO","NO","NO","NO","YES","0: 0  CONDITION DOES NOT APPLY","ALWAYS WITH RIGHT HAND","ALWAYS WITH RIGHT HAND","ALWAYS WITH RIGHT HAND","ALWAYS WITH RIGHT HAND","ALWAYS WITH RIGHT HAND","1: 1  CONDITION APPLIES","1: 1  CONDITION APPLIES","NO","MALE","MALE"
1984,64735,4,0,1,33790,5,184,1,1,5,3,2,2,2,2,1,2,1,6,4,7,1,1,29,2,"Female","Black","North Central (IL, IN, IA, KS, MI, MN, MO, NE, OH, ND, SD, WI)","Associate/Junior college (AA)","In CBSA, not in central city","NO","3: Mother","NO","YES","NO","NO","YES","0: 0  CONDITION DOES NOT APPLY","ALWAYS WITH LEFT HAND","ALWAYS WITH LEFT HAND","ALWAYS WITH LEFT HAND","ALWAYS WITH LEFT HAND","DON'T DO THIS ACTIVITY","1: 1  CONDITION APPLIES","1: 1  CONDITION APPLIES","NO","MALE","MALE"
1986,16250,4,0,3,33790,6,184,2,1,1,3,3,4,2,2,1,2,1,4,2,5,1,1,33,20,"Male","Black","South (AL, AR, DE, DC, FL, GA, KY, LA, MD, MS, NC, OK, SC, TN , TX, VA, WV)","High school diploma (Regular 12 year program)","In CBSA, in central city","NO","3: Mother","NO","YES","NO","NO","YES","0: 0  CONDITION DOES NOT APPLY","ALWAYS WITH RIGHT HAND","ALWAYS WITH RIGHT HAND","ALWAYS WITH RIGHT HAND","ALWAYS WITH RIGHT HAND","ALWAYS WITH LEFT HAND","1: 1  CONDITION APPLIES","1: 1  CONDITION APPLIES","NO","MALE","FEMALE"
1983,64735,1,0,3,33790,5,184,1,2,3,2,3,5,2,2,1,2,1,3,4,7,1,1,36,25,"Male","Black","South (AL, AR, DE, DC, FL, GA, KY, LA, MD, MS, NC, OK, SC, TN , TX, VA, WV)","High school diploma (Regular 12 year program)","Not in CBSA","NO","3: Mother","YES","NO","NO","NO","YES","0: 0  CONDITION DOES NOT APPLY","ALWAYS WITH RIGHT HAND","ALWAYS WITH RIGHT HAND","ALWAYS WITH RIGHT HAND","ALWAYS WITH RIGHT HAND","USUALLY WITH LEFT HAND","0: 0  CONDITION DOES NOT APPLY","1: 1  CONDITION APPLIES","NO","FEMALE","MALE"
1983,64735,3,0,2,33790,5,183,1,1,2,3,5,4,2,2,1,1,1,4,3,7,1,1,26,20,"Female","Black","South (AL, AR, DE, DC, FL, GA, KY, LA, MD, MS, NC, OK, SC, TN , TX, VA, WV)","High school diploma (Regular 12 year program)","In CBSA, in central city","NO","3: Mother","YES","YES","NO","NO","YES","0: 0  CONDITION DOES NOT APPLY","ALWAYS WITH RIGHT HAND","ALWAYS WITH RIGHT HAND","ALWAYS WITH RIGHT HAND","ALWAYS WITH RIGHT HAND","ALWAYS WITH LEFT HAND","1: 1  CONDITION APPLIES","1: 1  CONDITION APPLIES","NO","MALE","MALE"
1983,64735,3,0,3,24000,5,184,2,1,4,4,3,3,2,2,2,2,1,4,2,6,1,1,29,21,"Female","Black","Northeast (CT, ME, MA, NH, NJ, NY, PA, RI, VT)","Bachelor's degree (BA, BS)","In CBSA, not in central city","NO","3: Mother","NO","YES","NO","NO","NO","0: 0  CONDITION DOES NOT APPLY","ALWAYS WITH RIGHT HAND","ALWAYS WITH RIGHT HAND","ALWAYS WITH RIGHT HAND","ALWAYS WITH RIGHT HAND","ALWAYS WITH LEFT HAND","1: 1  CONDITION APPLIES","1: 1  CONDITION APPLIES","NO","FEMALE","MALE"
1985,3500,5,1,2,33790,6,187,1,2,2,2,2,4,2,2,1,2,1,5,4,8,1,1,32,23,"Male","Non-Black / Non-Hispanic","West (AK, AZ, CA, CO, HI, ID, MT, NV, NM, OR, UT, WA, WY)","High school diploma (Regular 12 year program)","In CBSA, not in central city","NO","3: Mother","YES","YES","YES","NO","NO","0: 0  CONDITION DOES NOT APPLY","ALWAYS WITH LEFT HAND","ALWAYS WITH RIGHT HAND","ALWAYS WITH RIGHT HAND","USUALLY WITH RIGHT HAND","ALWAYS WITH LEFT HAND","1: 1  CONDITION APPLIES","1: 1  CONDITION APPLIES","NO","FEMALE","MALE"
1981,64735,5,0,1,33790,6,185,1,2,1,3,5,3,1,2,1,2,2,2,2,6,1,1,31,21,"Male","Non-Black / Non-Hispanic","South (AL, AR, DE, DC, FL, GA, KY, LA, MD, MS, NC, OK, SC, TN , TX, VA, WV)","High school diploma (Regular 12 year program)","In CBSA, in central city","NO","3: Mother","NO","NO","YES","NO","NO","0: 0  CONDITION DOES NOT APPLY","ALWAYS WITH RIGHT HAND","ALWAYS WITH RIGHT HAND","ALWAYS WITH RIGHT HAND","ALWAYS WITH RIGHT HAND","ALWAYS WITH LEFT HAND","1: 1  CONDITION APPLIES","1: 1  CONDITION APPLIES","NO","MALE","FEMALE"
1982,64735,4,0,1,33790,5,181,1,3,3,3,2,7,2,1,1,2,1,3,3,6,1,1,55,25,"Female","Black","South (AL, AR, DE, DC, FL, GA, KY, LA, MD, MS, NC, OK, SC, TN , TX, VA, WV)","Bachelor's degree (BA, BS)","In CBSA, in central city","NO","3: Mother","NO","YES","NO","NO","YES","0: 0  CONDITION DOES NOT APPLY","ALWAYS WITH RIGHT HAND","ALWAYS WITH RIGHT HAND","ALWAYS WITH RIGHT HAND","ALWAYS WITH RIGHT HAND","ALWAYS WITH LEFT HAND","1: 1  CONDITION APPLIES","0: 0  CONDITION DOES NOT APPLY","NO","MALE","FEMALE"
1984,64735,3,0,2,33790,5,200,1,3,3,2,5,4,2,2,1,2,1,3,2,6,1,1,30,19,"Female","Black","West (AK, AZ, CA, CO, HI, ID, MT, NV, NM, OR, UT, WA, WY)","Associate/Junior college (AA)","In CBSA, not in central city","NO","3: Mother","NO","YES","NO","NO","YES","0: 0  CONDITION DOES NOT APPLY","ALWAYS WITH RIGHT HAND","ALWAYS WITH RIGHT HAND","ALWAYS WITH RIGHT HAND","USUALLY WITH BOTH HANDS EQUALLY","ALWAYS WITH RIGHT HAND","1: 1  CONDITION APPLIES","1: 1  CONDITION APPLIES","NO","FEMALE","MALE"
1982,64735,3,1,2,33790,5,183,2,2,2,2,2,7,2,2,2,2,2,2,2,8,1,1,24,6,"Male","Non-Black / Non-Hispanic","South (AL, AR, DE, DC, FL, GA, KY, LA, MD, MS, NC, OK, SC, TN , TX, VA, WV)","High school diploma (Regular 12 year program)","In CBSA, in central city","NO","3: Mother","NO","NO","YES","NO","YES","0: 0  CONDITION DOES NOT APPLY","ALWAYS WITH RIGHT HAND","ALWAYS WITH RIGHT HAND","ALWAYS WITH RIGHT HAND","ALWAYS WITH RIGHT HAND","ALWAYS WITH LEFT HAND","1: 1  CONDITION APPLIES","1: 1  CONDITION APPLIES","NO","FEMALE","MALE"
1981,64735,2,0,1,33790,5,182,1,2,3,4,2,3,2,1,1,1,1,1,4,4,1,1,31,22,"Male","Black","Northeast (CT, ME, MA, NH, NJ, NY, PA, RI, VT)","None","In CBSA, not in central city","NO","3: Mother","YES","NO","NO","NO","NO","0: 0  CONDITION DOES NOT APPLY","ALWAYS WITH RIGHT HAND","ALWAYS WITH RIGHT HAND","ALWAYS WITH RIGHT HAND","ALWAYS WITH RIGHT HAND","ALWAYS WITH LEFT HAND","1: 1  CONDITION APPLIES","1: 1  CONDITION APPLIES","NO","FEMALE","FEMALE"
1982,64735,3,1,1,33790,5,183,1,1,3,3,2,2,2,2,1,2,1,7,2,6,1,1,37,46,"Female","Black","South (AL, AR, DE, DC, FL, GA, KY, LA, MD, MS, NC, OK, SC, TN , TX, VA, WV)","None","In CBSA, in central city","YES","3: Mother","NO","YES","NO","NO","YES","0: 0  CONDITION DOES NOT APPLY","ALWAYS WITH RIGHT HAND","ALWAYS WITH RIGHT HAND","ALWAYS WITH RIGHT HAND","ALWAYS WITH RIGHT HAND","ALWAYS WITH LEFT HAND","1: 1  CONDITION APPLIES","1: 1  CONDITION APPLIES","NO","FEMALE","MALE"
1983,64735,3,0,1,33790,5,184,2,2,2,4,1,2,2,2,2,2,1,3,5,6,1,1,53,27,"Female","Black","South (AL, AR, DE, DC, FL, GA, KY, LA, MD, MS, NC, OK, SC, TN , TX, VA, WV)","High school diploma (Regular 12 year program)","In CBSA, in central city","YES","3: Mother","NO","YES","NO","NO","NO","0: 0  CONDITION DOES NOT APPLY","ALWAYS WITH RIGHT HAND","ALWAYS WITH LEFT HAND","ALWAYS WITH LEFT HAND","ALWAYS WITH RIGHT HAND","ALWAYS WITH LEFT HAND","0: 0  CONDITION DOES NOT APPLY","1: 1  CONDITION APPLIES","NO","FEMALE","FEMALE"
1980,64735,3,0,4,33790,6,185,1,2,2,5,2,3,2,2,2,2,2,4,2,8,1,1,31,19,"Male","Black","South (AL, AR, DE, DC, FL, GA, KY, LA, MD, MS, NC, OK, SC, TN , TX, VA, WV)","GED","In CBSA, not in central city","NO","3: Mother","NO","NO","NO","NO","YES","0: 0  CONDITION DOES NOT APPLY","ALWAYS WITH LEFT HAND","ALWAYS WITH RIGHT HAND","ALWAYS WITH RIGHT HAND","ALWAYS WITH LEFT HAND","ALWAYS WITH LEFT HAND","1: 1  CONDITION APPLIES","1: 1  CONDITION APPLIES","NO","FEMALE","FEMALE"
1982,64735,4,0,1,33790,6,183,1,3,1,2,2,3,1,2,1,2,1,6,1,7,1,1,32,18,"Female","Black","South (AL, AR, DE, DC, FL, GA, KY, LA, MD, MS, NC, OK, SC, TN , TX, VA, WV)","GED","In CBSA, not in central city","NO","3: Mother","NO","NO","NO","NO","NO","0: 0  CONDITION DOES NOT APPLY","ALWAYS WITH RIGHT HAND","ALWAYS WITH RIGHT HAND","ALWAYS WITH RIGHT HAND","ALWAYS WITH RIGHT HAND","ALWAYS WITH LEFT HAND","1: 1  CONDITION APPLIES","1: 1  CONDITION APPLIES","NO","FEMALE","FEMALE"
1980,64735,5,1,4,33790,6,169,1,2,3,4,4,4,2,1,1,2,1,3,5,6,1,1,28,8,"Female","Non-Black / Non-Hispanic","West (AK, AZ, CA, CO, HI, ID, MT, NV, NM, OR, UT, WA, WY)","Master's degree (MA, MS)","In CBSA, not in central city","NO","3: Mother","NO","NO","NO","NO","YES","0: 0  CONDITION DOES NOT APPLY","ALWAYS WITH RIGHT HAND","ALWAYS WITH RIGHT HAND","ALWAYS WITH RIGHT HAND","ALWAYS WITH RIGHT HAND","ALWAYS WITH LEFT HAND","1: 1  CONDITION APPLIES","1: 1  CONDITION APPLIES","NO","MALE","FEMALE"
1980,64735,3,0,1,33790,5,185,1,2,2,4,3,4,2,2,1,1,2,6,1,6,1,1,30,17,"Female","Black","North Central (IL, IN, IA, KS, MI, MN, MO, NE, OH, ND, SD, WI)","High school diploma (Regular 12 year program)","In CBSA, not in central city","NO","3: Mother","NO","NO","NO","NO","YES","0: 0  CONDITION DOES NOT APPLY","ALWAYS WITH RIGHT HAND","ALWAYS WITH RIGHT HAND","ALWAYS WITH RIGHT HAND","ALWAYS WITH RIGHT HAND","ALWAYS WITH LEFT HAND","1: 1  CONDITION APPLIES","1: 1  CONDITION APPLIES","NO","MALE","FEMALE"
1983,47750,2,0,3,33790,5,183,1,2,4,2,7,4,2,2,2,2,1,6,3,8,1,1,2,17,"Female","Black","South (AL, AR, DE, DC, FL, GA, KY, LA, MD, MS, NC, OK, SC, TN , TX, VA, WV)","Master's degree (MA, MS)","In CBSA, in central city","NO","3: Mother","YES","NO","NO","NO","YES","0: 0  CONDITION DOES NOT APPLY","ALWAYS WITH RIGHT HAND","ALWAYS WITH RIGHT HAND","ALWAYS WITH RIGHT HAND","ALWAYS WITH RIGHT HAND","ALWAYS WITH LEFT HAND","1: 1  CONDITION APPLIES","1: 1  CONDITION APPLIES","NO","MALE","MALE"
1981,64735,2,0,5,33790,5,183,1,1,2,3,2,7,1,2,1,2,2,1,4,6,1,1,29,22,"Female","Black","South (AL, AR, DE, DC, FL, GA, KY, LA, MD, MS, NC, OK, SC, TN , TX, VA, WV)","Associate/Junior college (AA)","In CBSA, not in central city","NO","3: Mother","YES","YES","YES","NO","YES","0: 0  CONDITION DOES NOT APPLY","ALWAYS WITH RIGHT HAND","ALWAYS WITH RIGHT HAND","ALWAYS WITH RIGHT HAND","ALWAYS WITH RIGHT HAND","ALWAYS WITH LEFT HAND","1: 1  CONDITION APPLIES","1: 1  CONDITION APPLIES","NO","FEMALE","MALE"
1984,64735,5,1,3,33790,5,135,2,3,2,3,5,3,2,2,1,2,1,6,3,6,1,1,31,16,"Female","Non-Black / Non-Hispanic","South (AL, AR, DE, DC, FL, GA, KY, LA, MD, MS, NC, OK, SC, TN , TX, VA, WV)","High school diploma (Regular 12 year program)","In CBSA, not in central city","NO","3: Mother","YES","YES","NO","NO","YES","0: 0  CONDITION DOES NOT APPLY","ALWAYS WITH RIGHT HAND","ALWAYS WITH RIGHT HAND","ALWAYS WITH RIGHT HAND","ALWAYS WITH RIGHT HAND","USUALLY WITH LEFT HAND","0: 0  CONDITION DOES NOT APPLY","1: 1  CONDITION APPLIES","NO","MALE","FEMALE"
1981,64735,4,0,2,35000,5,182,1,1,3,4,2,3,2,2,1,2,1,6,5,6,1,1,29,25,"Female","Black","Northeast (CT, ME, MA, NH, NJ, NY, PA, RI, VT)","High school diploma (Regular 12 year program)","In CBSA, in central city","NO","3: Mother","NO","NO","NO","NO","YES","0: 0  CONDITION DOES NOT APPLY","ALWAYS WITH RIGHT HAND","ALWAYS WITH RIGHT HAND","ALWAYS WITH RIGHT HAND","ALWAYS WITH RIGHT HAND","ALWAYS WITH LEFT HAND","1: 1  CONDITION APPLIES","1: 1  CONDITION APPLIES","NO","MALE","MALE"
1983,64735,2,1,2,33790,5,181,2,1,1,1,1,2,2,2,1,1,1,2,3,9,1,1,6,16,"Female","Black","Northeast (CT, ME, MA, NH, NJ, NY, PA, RI, VT)","Associate/Junior college (AA)","In CBSA, in central city","NO","3: Mother","NO","YES","NO","NO","NO","0: 0  CONDITION DOES NOT APPLY","ALWAYS WITH RIGHT HAND","ALWAYS WITH RIGHT HAND","ALWAYS WITH RIGHT HAND","ALWAYS WITH RIGHT HAND","ALWAYS WITH LEFT HAND","1: 1  CONDITION APPLIES","1: 1  CONDITION APPLIES","NO","FEMALE","MALE"
1982,64734,3,1,3,33790,5,180,2,3,2,4,4,4,1,1,1,1,2,1,7,7,1,1,26,8,"Female","Black","Northeast (CT, ME, MA, NH, NJ, NY, PA, RI, VT)","High school diploma (Regular 12 year program)","In CBSA, not in central city","NO","3: Mother","NO","YES","NO","NO","NO","0: 0  CONDITION DOES NOT APPLY","ALWAYS WITH RIGHT HAND","ALWAYS WITH RIGHT HAND","ALWAYS WITH RIGHT HAND","ALWAYS WITH RIGHT HAND","ALWAYS WITH LEFT HAND","1: 1  CONDITION APPLIES","1: 1  CONDITION APPLIES","NO","MALE","FEMALE"
1981,64735,3,0,2,33790,6,183,2,1,1,4,3,1,2,2,1,2,1,6,2,6,1,1,31,20,"Female","Black","Northeast (CT, ME, MA, NH, NJ, NY, PA, RI, VT)","High school diploma (Regular 12 year program)","In CBSA, in central city","NO","3: Mother","YES","NO","NO","NO","NO","0: 0  CONDITION DOES NOT APPLY","ALWAYS WITH RIGHT HAND","ALWAYS WITH RIGHT HAND","ALWAYS WITH RIGHT HAND","ALWAYS WITH RIGHT HAND","ALWAYS WITH RIGHT HAND","1: 1  CONDITION APPLIES","1: 1  CONDITION APPLIES","NO","MALE","FEMALE"
1983,64735,4,1,1,33790,5,182,2,1,4,5,1,3,2,2,1,2,1,8,3,7,1,1,29,20,"Female","Non-Black / Non-Hispanic","West (AK, AZ, CA, CO, HI, ID, MT, NV, NM, OR, UT, WA, WY)","High school diploma (Regular 12 year program)","Not in country","NO","3: Mother","YES","NO","NO","NO","YES","0: 0  CONDITION DOES NOT APPLY","ALWAYS WITH RIGHT HAND","ALWAYS WITH RIGHT HAND","ALWAYS WITH RIGHT HAND","ALWAYS WITH RIGHT HAND","ALWAYS WITH RIGHT HAND","1: 1  CONDITION APPLIES","1: 1  CONDITION APPLIES","NO","FEMALE","FEMALE"
1983,64735,2,0,1,33790,6,183,2,1,2,3,3,4,2,1,1,2,1,6,4,6,1,1,29,22,"Female","Black","Northeast (CT, ME, MA, NH, NJ, NY, PA, RI, VT)","High school diploma (Regular 12 year program)","In CBSA, in central city","NO","3: Mother","NO","NO","NO","NO","YES","0: 0  CONDITION DOES NOT APPLY","ALWAYS WITH RIGHT HAND","USUALLY WITH RIGHT HAND","ALWAYS WITH RIGHT HAND","ALWAYS WITH RIGHT HAND","ALWAYS WITH LEFT HAND","1: 1  CONDITION APPLIES","1: 1  CONDITION APPLIES","NO","FEMALE","MALE"
1981,67500,3,0,5,33790,6,184,3,1,4,3,4,5,2,2,1,2,1,3,2,6,1,1,35,29,"Male","Non-Black / Non-Hispanic","Northeast (CT, ME, MA, NH, NJ, NY, PA, RI, VT)","Bachelor's degree (BA, BS)","In CBSA, not in central city","YES","3: Mother","NO","NO","NO","NO","YES","0: 0  CONDITION DOES NOT APPLY","DON'T DO THIS ACTIVITY","ALWAYS WITH RIGHT HAND","DON'T DO THIS ACTIVITY","ALWAYS WITH RIGHT HAND","ALWAYS WITH LEFT HAND","1: 1  CONDITION APPLIES","1: 1  CONDITION APPLIES","NO","FEMALE","FEMALE"
1981,64735,4,1,1,33790,5,185,2,2,3,2,2,5,2,2,1,2,1,6,3,4,1,1,30,21,"Male","Non-Black / Non-Hispanic","Northeast (CT, ME, MA, NH, NJ, NY, PA, RI, VT)","High school diploma (Regular 12 year program)","In CBSA, not in central city","NO","3: Mother","YES","NO","NO","NO","YES","0: 0  CONDITION DOES NOT APPLY","USUALLY WITH RIGHT HAND","ALWAYS WITH RIGHT HAND","ALWAYS WITH RIGHT HAND","ALWAYS WITH RIGHT HAND","ALWAYS WITH LEFT HAND","1: 1  CONDITION APPLIES","1: 1  CONDITION APPLIES","NO","FEMALE","FEMALE"
1982,64735,2,0,1,33790,5,179,1,1,3,3,4,4,2,2,2,2,2,3,5,6,1,1,26,15,"Male","Non-Black / Non-Hispanic","South (AL, AR, DE, DC, FL, GA, KY, LA, MD, MS, NC, OK, SC, TN , TX, VA, WV)","High school diploma (Regular 12 year program)","Not in CBSA","NO","3: Mother","NO","NO","NO","NO","YES","0: 0  CONDITION DOES NOT APPLY","ALWAYS WITH RIGHT HAND","ALWAYS WITH RIGHT HAND","ALWAYS WITH RIGHT HAND","ALWAYS WITH RIGHT HAND","ALWAYS WITH LEFT HAND","1: 1  CONDITION APPLIES","1: 1  CONDITION APPLIES","NO","FEMALE","MALE"
1980,64735,3,0,3,33790,6,260,1,1,4,1,2,2,2,2,2,2,1,2,1,6,2,1,30,21,"Male","Black","Northeast (CT, ME, MA, NH, NJ, NY, PA, RI, VT)","High school diploma (Regular 12 year program)","In CBSA, in central city","NO","3: Mother","YES","NO","NO","NO","YES","0: 0  CONDITION DOES NOT APPLY","ALWAYS WITH RIGHT HAND","ALWAYS WITH RIGHT HAND","ALWAYS WITH RIGHT HAND","ALWAYS WITH RIGHT HAND","ALWAYS WITH LEFT HAND","1: 1  CONDITION APPLIES","1: 1  CONDITION APPLIES","YES","FEMALE","FEMALE"
1980,64735,6,1,3,33790,5,183,1,1,2,4,2,1,1,2,2,2,1,3,2,7,1,1,57,25,"Male","Non-Black / Non-Hispanic","South (AL, AR, DE, DC, FL, GA, KY, LA, MD, MS, NC, OK, SC, TN , TX, VA, WV)","Bachelor's degree (BA, BS)","In CBSA, not in central city","YES","3: Mother","NO","NO","NO","NO","YES","0: 0  CONDITION DOES NOT APPLY","ALWAYS WITH RIGHT HAND","ALWAYS WITH RIGHT HAND","ALWAYS WITH RIGHT HAND","ALWAYS WITH RIGHT HAND","ALWAYS WITH LEFT HAND","1: 1  CONDITION APPLIES","1: 1  CONDITION APPLIES","NO","FEMALE","FEMALE"
1984,32000,5,0,1,33790,5,123,1,1,4,3,3,3,2,1,2,2,2,3,6,8,1,1,31,20,"Male","Non-Black / Non-Hispanic","South (AL, AR, DE, DC, FL, GA, KY, LA, MD, MS, NC, OK, SC, TN , TX, VA, WV)","High school diploma (Regular 12 year program)","In CBSA, not in central city","NO","3: Mother","YES","YES","YES","NO","YES","0: 0  CONDITION DOES NOT APPLY","ALWAYS WITH RIGHT HAND","ALWAYS WITH RIGHT HAND","ALWAYS WITH RIGHT HAND","ALWAYS WITH RIGHT HAND","ALWAYS WITH LEFT HAND","1: 1  CONDITION APPLIES","1: 1  CONDITION APPLIES","NO","FEMALE","MALE"
1983,64735,3,1,3,33790,6,182,1,3,2,3,2,3,2,1,1,1,2,2,2,7,1,1,28,18,"Male","Black","South (AL, AR, DE, DC, FL, GA, KY, LA, MD, MS, NC, OK, SC, TN , TX, VA, WV)","None","In CBSA, not in central city","NO","3: Mother","NO","NO","NO","NO","YES","0: 0  CONDITION DOES NOT APPLY","ALWAYS WITH RIGHT HAND","ALWAYS WITH RIGHT HAND","ALWAYS WITH RIGHT HAND","ALWAYS WITH RIGHT HAND","ALWAYS WITH LEFT HAND","1: 1  CONDITION APPLIES","1: 1  CONDITION APPLIES","NO","FEMALE","FEMALE"
1982,64735,2,0,2,33790,5,181,1,1,2,4,4,3,2,2,1,1,1,6,2,7,1,1,33,25,"Female","Black","South (AL, AR, DE, DC, FL, GA, KY, LA, MD, MS, NC, OK, SC, TN , TX, VA, WV)","Bachelor's degree (BA, BS)","In CBSA, not in central city","NO","3: Mother","NO","NO","NO","NO","YES","1: 1  CONDITION APPLIES","ALWAYS WITH RIGHT HAND","ALWAYS WITH RIGHT HAND","ALWAYS WITH RIGHT HAND","ALWAYS WITH RIGHT HAND","ALWAYS WITH LEFT HAND","1: 1  CONDITION APPLIES","1: 1  CONDITION APPLIES","NO","FEMALE","MALE"
1981,64735,4,1,3,33790,5,181,1,1,4,2,4,3,2,2,2,2,1,2,2,6,1,1,26,16,"Male","Non-Black / Non-Hispanic","South (AL, AR, DE, DC, FL, GA, KY, LA, MD, MS, NC, OK, SC, TN , TX, VA, WV)","GED","In CBSA, not in central city","NO","3: Mother","YES","NO","YES","NO","YES","0: 0  CONDITION DOES NOT APPLY","ALWAYS WITH RIGHT HAND","ALWAYS WITH RIGHT HAND","ALWAYS WITH RIGHT HAND","ALWAYS WITH RIGHT HAND","ALWAYS WITH LEFT HAND","1: 1  CONDITION APPLIES","0: 0  CONDITION DOES NOT APPLY","NO","MALE","FEMALE"
1983,64735,3,0,1,33790,6,188,2,1,2,5,3,6,2,2,2,2,2,6,5,6,1,1,33,21,"Male","Mixed Race (Non-Hispanic)","South (AL, AR, DE, DC, FL, GA, KY, LA, MD, MS, NC, OK, SC, TN , TX, VA, WV)","High school diploma (Regular 12 year program)","In CBSA, not in central city","NO","3: Mother","YES","YES","YES","NO","NO","0: 0  CONDITION DOES NOT APPLY","USUALLY WITH RIGHT HAND","ALWAYS WITH RIGHT HAND","ALWAYS WITH RIGHT HAND","ALWAYS WITH RIGHT HAND","ALWAYS WITH LEFT HAND","1: 1  CONDITION APPLIES","1: 1  CONDITION APPLIES","NO","FEMALE","FEMALE"
1981,81850,3,0,2,33790,5,182,2,2,3,4,4,5,2,2,2,2,1,6,1,7,1,1,30,22,"Male","Non-Black / Non-Hispanic","South (AL, AR, DE, DC, FL, GA, KY, LA, MD, MS, NC, OK, SC, TN , TX, VA, WV)","High school diploma (Regular 12 year program)","In CBSA, not in central city","NO","3: Mother","YES","NO","NO","NO","YES","0: 0  CONDITION DOES NOT APPLY","ALWAYS WITH RIGHT HAND","ALWAYS WITH RIGHT HAND","ALWAYS WITH RIGHT HAND","ALWAYS WITH RIGHT HAND","ALWAYS WITH LEFT HAND","1: 1  CONDITION APPLIES","1: 1  CONDITION APPLIES","NO","FEMALE","FEMALE"
1981,64735,3,0,7,33790,5,183,1,2,1,3,3,5,2,2,2,1,2,6,1,6,1,1,27,8,"Female","Black","South (AL, AR, DE, DC, FL, GA, KY, LA, MD, MS, NC, OK, SC, TN , TX, VA, WV)","GED","In CBSA, in central city","NO","3: Mother","NO","NO","NO","NO","YES","0: 0  CONDITION DOES NOT APPLY","ALWAYS WITH RIGHT HAND","ALWAYS WITH RIGHT HAND","ALWAYS WITH RIGHT HAND","ALWAYS WITH RIGHT HAND","ALWAYS WITH LEFT HAND","1: 1  CONDITION APPLIES","1: 1  CONDITION APPLIES","NO","FEMALE","MALE"
1985,64735,1,0,2,33790,5,182,1,1,5,3,2,4,2,2,1,2,1,5,3,9,1,1,27,21,"Male","Non-Black / Non-Hispanic","South (AL, AR, DE, DC, FL, GA, KY, LA, MD, MS, NC, OK, SC, TN , TX, VA, WV)","Bachelor's degree (BA, BS)","In CBSA, in central city","NO","3: Mother","YES","NO","NO","NO","YES","1: 1  CONDITION APPLIES","ALWAYS WITH RIGHT HAND","ALWAYS WITH RIGHT HAND","ALWAYS WITH RIGHT HAND","ALWAYS WITH RIGHT HAND","ALWAYS WITH LEFT HAND","1: 1  CONDITION APPLIES","1: 1  CONDITION APPLIES","NO","MALE","MALE"
1980,64735,4,0,4,33790,5,140,1,1,5,3,4,4,2,2,2,2,1,6,1,6,1,1,33,23,"Male","Hispanic","North Central (IL, IN, IA, KS, MI, MN, MO, NE, OH, ND, SD, WI)","Master's degree (MA, MS)","In CBSA, not in central city","NO","3: Mother","YES","NO","YES","NO","YES","0: 0  CONDITION DOES NOT APPLY","ALWAYS WITH RIGHT HAND","ALWAYS WITH RIGHT HAND","USUALLY WITH BOTH HANDS EQUALLY","USUALLY WITH RIGHT HAND","ALWAYS WITH LEFT HAND","1: 1  CONDITION APPLIES","1: 1  CONDITION APPLIES","NO","FEMALE","MALE"
1982,64735,3,0,2,43000,5,170,1,1,4,5,3,4,2,2,2,2,2,6,5,6,1,1,31,22,"Male","Non-Black / Non-Hispanic","South (AL, AR, DE, DC, FL, GA, KY, LA, MD, MS, NC, OK, SC, TN , TX, VA, WV)","Bachelor's degree (BA, BS)","In CBSA, not in central city","NO","3: Mother","YES","NO","YES","NO","YES","0: 0  CONDITION DOES NOT APPLY","ALWAYS WITH RIGHT HAND","ALWAYS WITH RIGHT HAND","ALWAYS WITH RIGHT HAND","ALWAYS WITH RIGHT HAND","ALWAYS WITH LEFT HAND","1: 1  CONDITION APPLIES","1: 1  CONDITION APPLIES","NO","MALE","MALE"
1981,61001,1,0,1,33790,6,184,1,1,5,1,2,5,2,2,2,1,1,3,3,7,1,1,27,23,"Female","Hispanic","West (AK, AZ, CA, CO, HI, ID, MT, NV, NM, OR, UT, WA, WY)","High school diploma (Regular 12 year program)","In CBSA, in central city","NO","3: Mother","YES","NO","NO","NO","YES","0: 0  CONDITION DOES NOT APPLY","ALWAYS WITH RIGHT HAND","ALWAYS WITH RIGHT HAND","USUALLY WITH BOTH HANDS EQUALLY","ALWAYS WITH RIGHT HAND","USUALLY WITH BOTH HANDS EQUALLY","1: 1  CONDITION APPLIES","1: 1  CONDITION APPLIES","NO","FEMALE","FEMALE"
1984,64735,4,1,2,33790,5,181,1,1,5,4,5,3,2,2,2,2,1,5,1,8,1,1,28,25,"Female","Non-Black / Non-Hispanic","North Central (IL, IN, IA, KS, MI, MN, MO, NE, OH, ND, SD, WI)","GED","In CBSA, not in central city","NO","3: Mother","YES","NO","YES","NO","NO","0: 0  CONDITION DOES NOT APPLY","ALWAYS WITH RIGHT HAND","ALWAYS WITH RIGHT HAND","ALWAYS WITH RIGHT HAND","ALWAYS WITH RIGHT HAND","ALWAYS WITH LEFT HAND","1: 1  CONDITION APPLIES","1: 1  CONDITION APPLIES","NO","FEMALE","MALE"
1981,64735,3,2,3,33790,5,181,2,1,1,4,2,3,1,2,1,1,1,4,3,8,1,1,27,20,"Female","Hispanic","Northeast (CT, ME, MA, NH, NJ, NY, PA, RI, VT)","GED","In CBSA, not in central city","NO","3: Mother","NO","NO","YES","NO","YES","0: 0  CONDITION DOES NOT APPLY","ALWAYS WITH RIGHT HAND","ALWAYS WITH RIGHT HAND","ALWAYS WITH RIGHT HAND","ALWAYS WITH RIGHT HAND","ALWAYS WITH LEFT HAND","1: 1  CONDITION APPLIES","1: 1  CONDITION APPLIES","NO","FEMALE","MALE"
1983,64735,4,1,1,33790,5,185,1,2,3,1,6,1,2,1,1,2,1,6,1,6,1,1,32,9,"Female","Non-Black / Non-Hispanic","Northeast (CT, ME, MA, NH, NJ, NY, PA, RI, VT)","High school diploma (Regular 12 year program)","In CBSA, not known","NO","3: Mother","YES","NO","NO","NO","YES","0: 0  CONDITION DOES NOT APPLY","ALWAYS WITH LEFT HAND","ALWAYS WITH LEFT HAND","ALWAYS WITH RIGHT HAND","ALWAYS WITH LEFT HAND","ALWAYS WITH RIGHT HAND","1: 1  CONDITION APPLIES","1: 1  CONDITION APPLIES","NO","MALE","FEMALE"
1981,100000,4,0,2,33000,5,180,2,2,5,3,5,2,2,2,2,2,1,6,1,6,1,1,29,22,"Female","Non-Black / Non-Hispanic","Northeast (CT, ME, MA, NH, NJ, NY, PA, RI, VT)","Bachelor's degree (BA, BS)","In CBSA, not in central city","NO","3: Mother","YES","NO","YES","NO","YES","0: 0  CONDITION DOES NOT APPLY","ALWAYS WITH LEFT HAND","ALWAYS WITH RIGHT HAND","ALWAYS WITH RIGHT HAND","ALWAYS WITH RIGHT HAND","ALWAYS WITH LEFT HAND","1: 1  CONDITION APPLIES","1: 1  CONDITION APPLIES","NO","MALE","FEMALE"
1983,75200,4,1,4,33790,5,182,1,1,5,7,2,3,2,2,2,2,1,4,2,7,1,2,31,21,"Female","Non-Black / Non-Hispanic","North Central (IL, IN, IA, KS, MI, MN, MO, NE, OH, ND, SD, WI)","High school diploma (Regular 12 year program)","In CBSA, not in central city","NO","3: Mother","NO","NO","YES","NO","YES","0: 0  CONDITION DOES NOT APPLY","ALWAYS WITH RIGHT HAND","ALWAYS WITH RIGHT HAND","ALWAYS WITH RIGHT HAND","ALWAYS WITH RIGHT HAND","ALWAYS WITH LEFT HAND","0: 0  CONDITION DOES NOT APPLY","1: 1  CONDITION APPLIES","NO","MALE","FEMALE"
1983,64735,2,0,5,33790,5,185,2,1,4,3,2,2,2,2,2,2,1,6,2,6,1,1,33,24,"Male","Non-Black / Non-Hispanic","South (AL, AR, DE, DC, FL, GA, KY, LA, MD, MS, NC, OK, SC, TN , TX, VA, WV)","Associate/Junior college (AA)","In CBSA, in central city","NO","3: Mother","NO","NO","NO","NO","NO","0: 0  CONDITION DOES NOT APPLY","ALWAYS WITH RIGHT HAND","ALWAYS WITH LEFT HAND","ALWAYS WITH LEFT HAND","ALWAYS WITH RIGHT HAND","ALWAYS WITH RIGHT HAND","1: 1  CONDITION APPLIES","1: 1  CONDITION APPLIES","NO","FEMALE","FEMALE"
1982,64735,3,0,1,33790,6,184,1,1,2,3,2,2,1,1,1,1,1,3,4,6,1,1,54,31,"Male","Black","North Central (IL, IN, IA, KS, MI, MN, MO, NE, OH, ND, SD, WI)","High school diploma (Regular 12 year program)","In CBSA, in central city","YES","3: Mother","YES","NO","NO","NO","YES","0: 0  CONDITION DOES NOT APPLY","ALWAYS WITH RIGHT HAND","ALWAYS WITH RIGHT HAND","ALWAYS WITH RIGHT HAND","ALWAYS WITH RIGHT HAND","ALWAYS WITH RIGHT HAND","1: 1  CONDITION APPLIES","1: 1  CONDITION APPLIES","NO","FEMALE","FEMALE"
1982,47679,2,1,3,33790,5,177,2,1,1,3,4,2,2,2,1,2,1,6,2,6,1,2,33,25,"Male","Hispanic","South (AL, AR, DE, DC, FL, GA, KY, LA, MD, MS, NC, OK, SC, TN , TX, VA, WV)","Master's degree (MA, MS)","In CBSA, not in central city","NO","3: Mother","NO","YES","NO","NO","YES","0: 0  CONDITION DOES NOT APPLY","ALWAYS WITH RIGHT HAND","USUALLY WITH RIGHT HAND","ALWAYS WITH RIGHT HAND","USUALLY WITH LEFT HAND","USUALLY WITH RIGHT HAND","1: 1  CONDITION APPLIES","0: 0  CONDITION DOES NOT APPLY","NO","MALE","MALE"
1983,64735,4,0,2,33790,5,181,1,1,2,4,2,4,1,1,1,1,1,6,1,8,1,1,25,22,"Female","Black","South (AL, AR, DE, DC, FL, GA, KY, LA, MD, MS, NC, OK, SC, TN , TX, VA, WV)","High school diploma (Regular 12 year program)","In CBSA, not in central city","NO","3: Mother","NO","YES","NO","NO","YES","0: 0  CONDITION DOES NOT APPLY","ALWAYS WITH RIGHT HAND","ALWAYS WITH RIGHT HAND","ALWAYS WITH RIGHT HAND","ALWAYS WITH RIGHT HAND","ALWAYS WITH LEFT HAND","1: 1  CONDITION APPLIES","1: 1  CONDITION APPLIES","NO","FEMALE","FEMALE"
1984,64735,2,0,4,33790,5,182,1,2,5,3,5,2,1,2,2,2,2,3,1,7,1,1,34,22,"Male","Black","South (AL, AR, DE, DC, FL, GA, KY, LA, MD, MS, NC, OK, SC, TN , TX, VA, WV)","High school diploma (Regular 12 year program)","In CBSA, not in central city","NO","3: Mother","YES","YES","NO","YES","YES","0: 0  CONDITION DOES NOT APPLY","ALWAYS WITH RIGHT HAND","ALWAYS WITH RIGHT HAND","ALWAYS WITH RIGHT HAND","ALWAYS WITH RIGHT HAND","ALWAYS WITH LEFT HAND","1: 1  CONDITION APPLIES","1: 1  CONDITION APPLIES","NO","FEMALE","FEMALE"
1986,64735,2,0,2,33790,5,183,1,1,2,2,4,5,1,2,2,2,1,5,2,5,1,1,7,32,"Female","Black","Northeast (CT, ME, MA, NH, NJ, NY, PA, RI, VT)","Associate/Junior college (AA)","In CBSA, not in central city","NO","3: Mother","NO","YES","NO","NO","YES","0: 0  CONDITION DOES NOT APPLY","ALWAYS WITH RIGHT HAND","ALWAYS WITH RIGHT HAND","ALWAYS WITH RIGHT HAND","ALWAYS WITH RIGHT HAND","ALWAYS WITH LEFT HAND","1: 1  CONDITION APPLIES","1: 1  CONDITION APPLIES","NO","FEMALE","MALE"
1985,64735,4,0,2,33790,5,179,1,1,1,3,5,5,2,2,1,2,1,3,3,8,1,1,14,17,"Female","Black","South (AL, AR, DE, DC, FL, GA, KY, LA, MD, MS, NC, OK, SC, TN , TX, VA, WV)","High school diploma (Regular 12 year program)","In CBSA, not in central city","NO","3: Mother","YES","YES","NO","NO","YES","0: 0  CONDITION DOES NOT APPLY","ALWAYS WITH RIGHT HAND","ALWAYS WITH RIGHT HAND","ALWAYS WITH RIGHT HAND","ALWAYS WITH RIGHT HAND","ALWAYS WITH LEFT HAND","1: 1  CONDITION APPLIES","1: 1  CONDITION APPLIES","NO","FEMALE","MALE"
1981,64735,3,1,7,33790,5,183,2,2,1,3,5,3,2,2,1,1,1,4,1,7,1,1,29,22,"Female","Non-Black / Non-Hispanic","Northeast (CT, ME, MA, NH, NJ, NY, PA, RI, VT)","High school diploma (Regular 12 year program)","In CBSA, not in central city","NO","3: Mother","YES","NO","NO","NO","YES","0: 0  CONDITION DOES NOT APPLY","ALWAYS WITH RIGHT HAND","ALWAYS WITH RIGHT HAND","ALWAYS WITH RIGHT HAND","ALWAYS WITH RIGHT HAND","ALWAYS WITH LEFT HAND","0: 0  CONDITION DOES NOT APPLY","1: 1  CONDITION APPLIES","NO","FEMALE","MALE"
1982,64735,3,1,3,33790,6,185,1,1,1,4,2,6,2,1,1,1,1,3,1,7,1,1,31,20,"Male","Black","Northeast (CT, ME, MA, NH, NJ, NY, PA, RI, VT)","High school diploma (Regular 12 year program)","In CBSA, in central city","NO","3: Mother","NO","YES","YES","NO","YES","0: 0  CONDITION DOES NOT APPLY","ALWAYS WITH LEFT HAND","ALWAYS WITH LEFT HAND","ALWAYS WITH LEFT HAND","ALWAYS WITH LEFT HAND","ALWAYS WITH LEFT HAND","1: 1  CONDITION APPLIES","1: 1  CONDITION APPLIES","YES","MALE","FEMALE"
1984,64735,3,1,2,33790,5,192,2,1,3,4,4,4,2,2,2,2,2,8,1,6,1,1,6,17,"Female","Hispanic","North Central (IL, IN, IA, KS, MI, MN, MO, NE, OH, ND, SD, WI)","Associate/Junior college (AA)","In CBSA, not in central city","NO","3: Mother","NO","YES","NO","NO","YES","0: 0  CONDITION DOES NOT APPLY","ALWAYS WITH RIGHT HAND","ALWAYS WITH RIGHT HAND","ALWAYS WITH RIGHT HAND","ALWAYS WITH RIGHT HAND","ALWAYS WITH LEFT HAND","1: 1  CONDITION APPLIES","1: 1  CONDITION APPLIES","NO","FEMALE","MALE"
1984,64735,3,0,2,33790,5,182,2,2,4,4,5,5,1,2,1,1,2,3,2,7,1,1,29,20,"Male","Hispanic","Northeast (CT, ME, MA, NH, NJ, NY, PA, RI, VT)","None","In CBSA, in central city","NO","3: Mother","YES","YES","YES","NO","YES","0: 0  CONDITION DOES NOT APPLY","ALWAYS WITH RIGHT HAND","ALWAYS WITH RIGHT HAND","ALWAYS WITH RIGHT HAND","ALWAYS WITH RIGHT HAND","ALWAYS WITH LEFT HAND","0: 0  CONDITION DOES NOT APPLY","1: 1  CONDITION APPLIES","YES","MALE","FEMALE"
1983,64735,3,0,1,33790,5,184,1,1,4,4,5,4,2,2,1,2,1,5,2,6,1,1,32,22,"Male","Non-Black / Non-Hispanic","Northeast (CT, ME, MA, NH, NJ, NY, PA, RI, VT)","High school diploma (Regular 12 year program)","In CBSA, not in central city","NO","3: Mother","YES","NO","NO","NO","YES","0: 0  CONDITION DOES NOT APPLY","ALWAYS WITH RIGHT HAND","ALWAYS WITH RIGHT HAND","ALWAYS WITH RIGHT HAND","ALWAYS WITH RIGHT HAND","ALWAYS WITH LEFT HAND","1: 1  CONDITION APPLIES","1: 1  CONDITION APPLIES","NO","FEMALE","FEMALE"
1981,64735,2,0,1,33790,5,183,1,2,4,4,5,5,2,2,2,2,1,4,3,7,1,1,33,24,"Male","Non-Black / Non-Hispanic","South (AL, AR, DE, DC, FL, GA, KY, LA, MD, MS, NC, OK, SC, TN , TX, VA, WV)","High school diploma (Regular 12 year program)","In CBSA, not in central city","NO","3: Mother","YES","NO","NO","NO","NO","0: 0  CONDITION DOES NOT APPLY","ALWAYS WITH RIGHT HAND","ALWAYS WITH RIGHT HAND","ALWAYS WITH RIGHT HAND","ALWAYS WITH RIGHT HAND","ALWAYS WITH LEFT HAND","1: 1  CONDITION APPLIES","1: 1  CONDITION APPLIES","NO","FEMALE","MALE"
1983,64735,1,0,3,33790,6,182,1,1,1,2,4,2,1,2,2,2,1,4,2,7,1,1,32,22,"Male","Non-Black / Non-Hispanic","West (AK, AZ, CA, CO, HI, ID, MT, NV, NM, OR, UT, WA, WY)","Bachelor's degree (BA, BS)","In CBSA, in central city","NO","3: Mother","YES","NO","YES","YES","YES","0: 0  CONDITION DOES NOT APPLY","ALWAYS WITH RIGHT HAND","ALWAYS WITH RIGHT HAND","ALWAYS WITH RIGHT HAND","ALWAYS WITH RIGHT HAND","ALWAYS WITH LEFT HAND","1: 1  CONDITION APPLIES","1: 1  CONDITION APPLIES","NO","FEMALE","FEMALE"
1981,64735,3,0,6,33790,5,183,1,1,2,4,1,4,2,2,1,2,1,5,5,8,2,1,30,22,"Male","Non-Black / Non-Hispanic","Northeast (CT, ME, MA, NH, NJ, NY, PA, RI, VT)","High school diploma (Regular 12 year program)","In CBSA, not in central city","YES","3: Mother","NO","NO","NO","NO","NO","0: 0  CONDITION DOES NOT APPLY","ALWAYS WITH RIGHT HAND","ALWAYS WITH RIGHT HAND","ALWAYS WITH RIGHT HAND","ALWAYS WITH RIGHT HAND","ALWAYS WITH LEFT HAND","1: 1  CONDITION APPLIES","1: 1  CONDITION APPLIES","NO","FEMALE","MALE"
1980,64735,3,1,1,33790,5,184,1,2,2,4,2,4,2,2,1,2,1,5,3,7,1,1,30,19,"Male","Non-Black / Non-Hispanic","Northeast (CT, ME, MA, NH, NJ, NY, PA, RI, VT)","High school diploma (Regular 12 year program)","In CBSA, not in central city","NO","3: Mother","NO","NO","NO","NO","YES","0: 0  CONDITION DOES NOT APPLY","ALWAYS WITH RIGHT HAND","ALWAYS WITH RIGHT HAND","ALWAYS WITH RIGHT HAND","ALWAYS WITH RIGHT HAND","ALWAYS WITH LEFT HAND","1: 1  CONDITION APPLIES","1: 1  CONDITION APPLIES","NO","FEMALE","FEMALE"
1982,64735,2,1,1,33790,5,184,1,1,1,2,6,3,2,2,1,2,1,3,2,7,1,1,26,18,"Female","Non-Black / Non-Hispanic","South (AL, AR, DE, DC, FL, GA, KY, LA, MD, MS, NC, OK, SC, TN , TX, VA, WV)","GED","In CBSA, not in central city","NO","3: Mother","YES","NO","YES","NO","YES","0: 0  CONDITION DOES NOT APPLY","ALWAYS WITH RIGHT HAND","ALWAYS WITH RIGHT HAND","ALWAYS WITH RIGHT HAND","ALWAYS WITH RIGHT HAND","ALWAYS WITH RIGHT HAND","1: 1  CONDITION APPLIES","0: 0  CONDITION DOES NOT APPLY","NO","FEMALE","MALE"
1983,64735,2,0,1,33790,5,183,1,2,1,3,3,2,2,2,2,2,2,3,3,6,1,1,58,26,"Female","Non-Black / Non-Hispanic","Northeast (CT, ME, MA, NH, NJ, NY, PA, RI, VT)","High school diploma (Regular 12 year program)","In CBSA, not in central city","NO","3: Mother","YES","NO","NO","NO","NO","0: 0  CONDITION DOES NOT APPLY","ALWAYS WITH RIGHT HAND","ALWAYS WITH RIGHT HAND","ALWAYS WITH RIGHT HAND","ALWAYS WITH RIGHT HAND","ALWAYS WITH RIGHT HAND","1: 1  CONDITION APPLIES","0: 0  CONDITION DOES NOT APPLY","NO","MALE","MALE"
1981,64735,2,1,1,33790,6,182,1,1,3,4,3,4,2,2,1,2,1,6,3,7,1,1,31,20,"Male","Non-Black / Non-Hispanic","South (AL, AR, DE, DC, FL, GA, KY, LA, MD, MS, NC, OK, SC, TN , TX, VA, WV)","High school diploma (Regular 12 year program)","In CBSA, not in central city","NO","3: Mother","YES","NO","NO","NO","YES","0: 0  CONDITION DOES NOT APPLY","ALWAYS WITH RIGHT HAND","ALWAYS WITH RIGHT HAND","ALWAYS WITH RIGHT HAND","ALWAYS WITH RIGHT HAND","ALWAYS WITH LEFT HAND","1: 1  CONDITION APPLIES","0: 0  CONDITION DOES NOT APPLY","NO","FEMALE","MALE"
1981,64735,3,0,3,33790,5,182,1,2,3,3,2,2,1,2,2,2,2,4,3,6,1,1,29,16,"Male","Non-Black / Non-Hispanic","South (AL, AR, DE, DC, FL, GA, KY, LA, MD, MS, NC, OK, SC, TN , TX, VA, WV)","Bachelor's degree (BA, BS)","In CBSA, not in central city","NO","3: Mother","YES","NO","NO","NO","YES","0: 0  CONDITION DOES NOT APPLY","ALWAYS WITH RIGHT HAND","ALWAYS WITH RIGHT HAND","ALWAYS WITH RIGHT HAND","ALWAYS WITH RIGHT HAND","ALWAYS WITH RIGHT HAND","1: 1  CONDITION APPLIES","1: 1  CONDITION APPLIES","NO","FEMALE","FEMALE"
1983,143750,2,0,1,33790,5,183,1,1,3,2,4,5,2,2,1,2,1,7,2,5,1,1,35,21,"Male","Non-Black / Non-Hispanic","South (AL, AR, DE, DC, FL, GA, KY, LA, MD, MS, NC, OK, SC, TN , TX, VA, WV)","Bachelor's degree (BA, BS)","In CBSA, not in central city","NO","3: Mother","YES","NO","NO","NO","YES","0: 0  CONDITION DOES NOT APPLY","ALWAYS WITH RIGHT HAND","ALWAYS WITH RIGHT HAND","ALWAYS WITH RIGHT HAND","ALWAYS WITH RIGHT HAND","ALWAYS WITH LEFT HAND","1: 1  CONDITION APPLIES","1: 1  CONDITION APPLIES","NO","FEMALE","FEMALE"
1983,55000,2,0,2,33790,5,181,1,1,2,5,4,2,1,3,2,2,1,6,2,6,1,1,56,26,"Male","Non-Black / Non-Hispanic","South (AL, AR, DE, DC, FL, GA, KY, LA, MD, MS, NC, OK, SC, TN , TX, VA, WV)","High school diploma (Regular 12 year program)","In CBSA, in central city","NO","3: Mother","YES","NO","NO","NO","YES","0: 0  CONDITION DOES NOT APPLY","ALWAYS WITH RIGHT HAND","ALWAYS WITH RIGHT HAND","ALWAYS WITH RIGHT HAND","ALWAYS WITH RIGHT HAND","ALWAYS WITH LEFT HAND","1: 1  CONDITION APPLIES","1: 1  CONDITION APPLIES","NO","FEMALE","MALE"
1980,64735,1,0,2,33790,5,181,2,3,1,4,4,2,2,2,1,2,1,7,2,6,1,2,30,21,"Male","Non-Black / Non-Hispanic","North Central (IL, IN, IA, KS, MI, MN, MO, NE, OH, ND, SD, WI)","Master's degree (MA, MS)","In CBSA, in central city","NO","3: Mother","YES","NO","NO","NO","YES","0: 0  CONDITION DOES NOT APPLY","ALWAYS WITH RIGHT HAND","ALWAYS WITH RIGHT HAND","ALWAYS WITH RIGHT HAND","USUALLY WITH LEFT HAND","ALWAYS WITH LEFT HAND","1: 1  CONDITION APPLIES","1: 1  CONDITION APPLIES","NO","FEMALE","FEMALE"
1983,64735,2,0,1,33790,5,186,1,1,5,5,4,3,2,2,1,2,1,6,2,5,1,1,36,23,"Female","Non-Black / Non-Hispanic","North Central (IL, IN, IA, KS, MI, MN, MO, NE, OH, ND, SD, WI)","Bachelor's degree (BA, BS)","In CBSA, not known","NO","3: Mother","YES","NO","YES","NO","YES","0: 0  CONDITION DOES NOT APPLY","ALWAYS WITH RIGHT HAND","ALWAYS WITH RIGHT HAND","ALWAYS WITH RIGHT HAND","USUALLY WITH BOTH HANDS EQUALLY","ALWAYS WITH LEFT HAND","0: 0  CONDITION DOES NOT APPLY","1: 1  CONDITION APPLIES","NO","FEMALE","MALE"
1982,64735,2,0,2,33790,5,182,2,2,2,6,3,1,2,2,2,2,2,7,2,7,1,1,32,26,"Female","Black","West (AK, AZ, CA, CO, HI, ID, MT, NV, NM, OR, UT, WA, WY)","High school diploma (Regular 12 year program)","In CBSA, not in central city","NO","3: Mother","YES","YES","YES","NO","YES","0: 0  CONDITION DOES NOT APPLY","ALWAYS WITH RIGHT HAND","ALWAYS WITH RIGHT HAND","ALWAYS WITH RIGHT HAND","ALWAYS WITH RIGHT HAND","ALWAYS WITH LEFT HAND","1: 1  CONDITION APPLIES","1: 1  CONDITION APPLIES","NO","MALE","MALE"
1984,64735,3,1,2,33790,5,184,1,2,6,3,3,3,2,2,2,2,2,1,1,7,1,1,30,21,"Male","Non-Black / Non-Hispanic","South (AL, AR, DE, DC, FL, GA, KY, LA, MD, MS, NC, OK, SC, TN , TX, VA, WV)","High school diploma (Regular 12 year program)","In CBSA, not in central city","YES","3: Mother","NO","YES","YES","NO","NO","0: 0  CONDITION DOES NOT APPLY","ALWAYS WITH LEFT HAND","ALWAYS WITH RIGHT HAND","ALWAYS WITH RIGHT HAND","ALWAYS WITH RIGHT HAND","ALWAYS WITH LEFT HAND","1: 1  CONDITION APPLIES","1: 1  CONDITION APPLIES","YES","FEMALE","FEMALE"
1984,64735,1,0,1,33790,5,183,2,1,3,3,2,3,2,2,1,2,1,5,1,7,1,1,32,25,"Male","Black","Northeast (CT, ME, MA, NH, NJ, NY, PA, RI, VT)","High school diploma (Regular 12 year program)","Not in CBSA","NO","3: Mother","NO","NO","NO","NO","YES","0: 0  CONDITION DOES NOT APPLY","ALWAYS WITH RIGHT HAND","ALWAYS WITH RIGHT HAND","ALWAYS WITH RIGHT HAND","USUALLY WITH LEFT HAND","ALWAYS WITH LEFT HAND","1: 1  CONDITION APPLIES","1: 1  CONDITION APPLIES","NO","FEMALE","MALE"
1980,64735,4,2,1,76000,5,181,1,1,1,4,1,3,2,1,1,1,1,8,3,6,1,1,34,23,"Male","Black","North Central (IL, IN, IA, KS, MI, MN, MO, NE, OH, ND, SD, WI)","Master's degree (MA, MS)","In CBSA, not in central city","NO","3: Mother","YES","YES","NO","NO","YES","0: 0  CONDITION DOES NOT APPLY","ALWAYS WITH RIGHT HAND","USUALLY WITH RIGHT HAND","USUALLY WITH RIGHT HAND","ALWAYS WITH RIGHT HAND","ALWAYS WITH LEFT HAND","1: 1  CONDITION APPLIES","1: 1  CONDITION APPLIES","NO","FEMALE","MALE"
1984,64735,4,1,2,33790,6,183,1,2,1,4,2,4,2,1,2,2,1,3,2,8,1,1,29,19,"Female","Non-Black / Non-Hispanic","South (AL, AR, DE, DC, FL, GA, KY, LA, MD, MS, NC, OK, SC, TN , TX, VA, WV)","Bachelor's degree (BA, BS)","In CBSA, not in central city","NO","3: Mother","YES","NO","NO","NO","YES","0: 0  CONDITION DOES NOT APPLY","ALWAYS WITH RIGHT HAND","ALWAYS WITH RIGHT HAND","ALWAYS WITH RIGHT HAND","ALWAYS WITH RIGHT HAND","ALWAYS WITH LEFT HAND","1: 1  CONDITION APPLIES","1: 1  CONDITION APPLIES","NO","FEMALE","FEMALE"
1980,64735,3,1,1,33790,5,165,2,1,3,3,4,2,2,2,1,1,1,6,2,6,1,1,34,21,"Female","Non-Black / Non-Hispanic","West (AK, AZ, CA, CO, HI, ID, MT, NV, NM, OR, UT, WA, WY)","High school diploma (Regular 12 year program)","In CBSA, not in central city","NO","3: Mother","YES","NO","NO","NO","YES","0: 0  CONDITION DOES NOT APPLY","ALWAYS WITH LEFT HAND","ALWAYS WITH RIGHT HAND","ALWAYS WITH RIGHT HAND","ALWAYS WITH RIGHT HAND","ALWAYS WITH LEFT HAND","1: 1  CONDITION APPLIES","1: 1  CONDITION APPLIES","NO","MALE","FEMALE"
1981,64735,3,1,2,33790,6,187,2,1,4,4,5,3,2,1,1,2,2,4,6,6,1,1,30,4,"Male","Non-Black / Non-Hispanic","Northeast (CT, ME, MA, NH, NJ, NY, PA, RI, VT)","High school diploma (Regular 12 year program)","In CBSA, not in central city","NO","3: Mother","YES","NO","YES","NO","YES","0: 0  CONDITION DOES NOT APPLY","ALWAYS WITH RIGHT HAND","USUALLY WITH RIGHT HAND","ALWAYS WITH RIGHT HAND","USUALLY WITH RIGHT HAND","ALWAYS WITH LEFT HAND","1: 1  CONDITION APPLIES","1: 1  CONDITION APPLIES","NO","FEMALE","MALE"
1984,64735,4,1,3,33790,5,155,1,3,4,3,4,3,2,1,1,2,1,4,1,6,3,1,27,23,"Female","Non-Black / Non-Hispanic","Northeast (CT, ME, MA, NH, NJ, NY, PA, RI, VT)","High school diploma (Regular 12 year program)","In CBSA, not in central city","YES","3: Mother","YES","YES","NO","NO","NO","0: 0  CONDITION DOES NOT APPLY","ALWAYS WITH RIGHT HAND","USUALLY WITH BOTH HANDS EQUALLY","ALWAYS WITH RIGHT HAND","ALWAYS WITH RIGHT HAND","ALWAYS WITH LEFT HAND","1: 1  CONDITION APPLIES","1: 1  CONDITION APPLIES","NO","MALE","FEMALE"
1983,27250,3,0,5,27000,5,179,1,1,8,3,5,7,2,2,1,2,1,6,2,5,1,1,28,19,"Female","Non-Black / Non-Hispanic","Northeast (CT, ME, MA, NH, NJ, NY, PA, RI, VT)","Bachelor's degree (BA, BS)","In CBSA, not in central city","NO","3: Mother","YES","NO","NO","NO","YES","0: 0  CONDITION DOES NOT APPLY","USUALLY WITH RIGHT HAND","USUALLY WITH RIGHT HAND","USUALLY WITH RIGHT HAND","ALWAYS WITH RIGHT HAND","ALWAYS WITH LEFT HAND","1: 1  CONDITION APPLIES","1: 1  CONDITION APPLIES","NO","MALE","FEMALE"
1981,64735,3,1,3,33790,5,183,1,1,3,1,4,4,2,2,1,2,1,3,3,7,1,1,27,1,"Female","Non-Black / Non-Hispanic","South (AL, AR, DE, DC, FL, GA, KY, LA, MD, MS, NC, OK, SC, TN , TX, VA, WV)","Bachelor's degree (BA, BS)","In CBSA, not in central city","NO","3: Mother","NO","NO","NO","NO","YES","0: 0  CONDITION DOES NOT APPLY","ALWAYS WITH RIGHT HAND","ALWAYS WITH RIGHT HAND","ALWAYS WITH RIGHT HAND","ALWAYS WITH RIGHT HAND","ALWAYS WITH RIGHT HAND","1: 1  CONDITION APPLIES","0: 0  CONDITION DOES NOT APPLY","NO","FEMALE","MALE"
1982,64735,6,2,1,33790,5,181,2,1,2,4,1,4,2,2,1,2,1,4,3,7,1,2,26,15,"Female","Black","Northeast (CT, ME, MA, NH, NJ, NY, PA, RI, VT)","GED","In CBSA, not in central city","NO","3: Mother","YES","NO","NO","NO","YES","0: 0  CONDITION DOES NOT APPLY","ALWAYS WITH RIGHT HAND","ALWAYS WITH RIGHT HAND","ALWAYS WITH RIGHT HAND","ALWAYS WITH RIGHT HAND","ALWAYS WITH LEFT HAND","1: 1  CONDITION APPLIES","1: 1  CONDITION APPLIES","NO","FEMALE","FEMALE"
1984,64735,2,0,1,146002,6,186,1,1,3,5,2,3,1,2,1,1,1,3,3,6,1,2,31,23,"Male","Non-Black / Non-Hispanic","South (AL, AR, DE, DC, FL, GA, KY, LA, MD, MS, NC, OK, SC, TN , TX, VA, WV)","Bachelor's degree (BA, BS)","In CBSA, not in central city","NO","3: Mother","YES","NO","YES","NO","YES","0: 0  CONDITION DOES NOT APPLY","ALWAYS WITH RIGHT HAND","ALWAYS WITH RIGHT HAND","ALWAYS WITH RIGHT HAND","ALWAYS WITH RIGHT HAND","ALWAYS WITH LEFT HAND","1: 1  CONDITION APPLIES","1: 1  CONDITION APPLIES","NO","FEMALE","MALE"
1983,17500,4,0,1,33790,5,125,1,1,2,3,2,3,2,2,1,2,1,6,2,8,1,1,25,21,"Female","Hispanic","Northeast (CT, ME, MA, NH, NJ, NY, PA, RI, VT)","Bachelor's degree (BA, BS)","In CBSA, not in central city","NO","3: Mother","YES","YES","YES","NO","NO","0: 0  CONDITION DOES NOT APPLY","ALWAYS WITH RIGHT HAND","ALWAYS WITH RIGHT HAND","ALWAYS WITH RIGHT HAND","ALWAYS WITH RIGHT HAND","ALWAYS WITH LEFT HAND","0: 0  CONDITION DOES NOT APPLY","1: 1  CONDITION APPLIES","NO","FEMALE","MALE"
1981,64735,3,0,1,33790,6,184,1,2,3,4,4,3,2,2,1,2,1,6,3,7,1,1,29,21,"Male","Non-Black / Non-Hispanic","West (AK, AZ, CA, CO, HI, ID, MT, NV, NM, OR, UT, WA, WY)","Bachelor's degree (BA, BS)","In CBSA, not in central city","NO","3: Mother","YES","NO","YES","NO","YES","0: 0  CONDITION DOES NOT APPLY","ALWAYS WITH RIGHT HAND","ALWAYS WITH RIGHT HAND","USUALLY WITH BOTH HANDS EQUALLY","ALWAYS WITH RIGHT HAND","ALWAYS WITH LEFT HAND","0: 0  CONDITION DOES NOT APPLY","1: 1  CONDITION APPLIES","NO","FEMALE","MALE"
1980,64735,2,0,3,33790,5,182,2,2,3,3,2,3,2,1,1,1,1,1,6,8,1,1,35,25,"Female","Non-Black / Non-Hispanic","South (AL, AR, DE, DC, FL, GA, KY, LA, MD, MS, NC, OK, SC, TN , TX, VA, WV)","None","In CBSA, not in central city","YES","3: Mother","NO","YES","NO","NO","YES","0: 0  CONDITION DOES NOT APPLY","ALWAYS WITH RIGHT HAND","ALWAYS WITH RIGHT HAND","ALWAYS WITH RIGHT HAND","ALWAYS WITH RIGHT HAND","ALWAYS WITH LEFT HAND","1: 1  CONDITION APPLIES","1: 1  CONDITION APPLIES","NO","FEMALE","MALE"
1981,64735,3,1,1,33790,6,180,1,2,1,4,4,5,2,2,2,2,1,5,2,6,1,1,28,17,"Female","Hispanic","Northeast (CT, ME, MA, NH, NJ, NY, PA, RI, VT)","Associate/Junior college (AA)","In CBSA, not in central city","NO","3: Mother","NO","NO","NO","NO","YES","0: 0  CONDITION DOES NOT APPLY","ALWAYS WITH RIGHT HAND","ALWAYS WITH RIGHT HAND","ALWAYS WITH RIGHT HAND","ALWAYS WITH RIGHT HAND","ALWAYS WITH LEFT HAND","0: 0  CONDITION DOES NOT APPLY","1: 1  CONDITION APPLIES","NO","MALE","MALE"
1981,64735,4,0,1,33790,5,180,1,1,5,3,2,2,2,2,1,2,1,6,1,7,1,1,30,21,"Male","Non-Black / Non-Hispanic","West (AK, AZ, CA, CO, HI, ID, MT, NV, NM, OR, UT, WA, WY)","High school diploma (Regular 12 year program)","In CBSA, not in central city","NO","3: Mother","YES","NO","YES","NO","YES","0: 0  CONDITION DOES NOT APPLY","ALWAYS WITH RIGHT HAND","ALWAYS WITH RIGHT HAND","USUALLY WITH BOTH HANDS EQUALLY","ALWAYS WITH RIGHT HAND","ALWAYS WITH LEFT HAND","1: 1  CONDITION APPLIES","1: 1  CONDITION APPLIES","NO","FEMALE","FEMALE"
1982,64735,2,1,1,33790,5,181,1,1,5,2,5,3,2,2,1,2,1,4,2,6,1,1,26,21,"Male","Non-Black / Non-Hispanic","Northeast (CT, ME, MA, NH, NJ, NY, PA, RI, VT)","Bachelor's degree (BA, BS)","In CBSA, not in central city","NO","3: Mother","YES","NO","NO","NO","YES","0: 0  CONDITION DOES NOT APPLY","USUALLY WITH RIGHT HAND","ALWAYS WITH RIGHT HAND","USUALLY WITH RIGHT HAND","ALWAYS WITH RIGHT HAND","ALWAYS WITH LEFT HAND","0: 0  CONDITION DOES NOT APPLY","1: 1  CONDITION APPLIES","YES","FEMALE","FEMALE"
1982,64735,3,0,1,33790,5,181,2,1,6,4,4,4,2,1,1,1,1,6,2,7,1,1,34,23,"Female","Non-Black / Non-Hispanic","North Central (IL, IN, IA, KS, MI, MN, MO, NE, OH, ND, SD, WI)","High school diploma (Regular 12 year program)","In CBSA, not in central city","NO","3: Mother","YES","NO","YES","NO","YES","0: 0  CONDITION DOES NOT APPLY","ALWAYS WITH RIGHT HAND","ALWAYS WITH RIGHT HAND","ALWAYS WITH RIGHT HAND","ALWAYS WITH RIGHT HAND","ALWAYS WITH LEFT HAND","0: 0  CONDITION DOES NOT APPLY","1: 1  CONDITION APPLIES","NO","FEMALE","FEMALE"
1984,64735,2,0,2,33790,6,250,3,1,3,5,4,3,2,2,1,2,1,5,2,6,1,1,34,28,"Male","Non-Black / Non-Hispanic","West (AK, AZ, CA, CO, HI, ID, MT, NV, NM, OR, UT, WA, WY)","High school diploma (Regular 12 year program)","In CBSA, not in central city","YES","3: Mother","YES","NO","YES","NO","YES","0: 0  CONDITION DOES NOT APPLY","USUALLY WITH RIGHT HAND","USUALLY WITH RIGHT HAND","USUALLY WITH BOTH HANDS EQUALLY","USUALLY WITH RIGHT HAND","ALWAYS WITH LEFT HAND","1: 1  CONDITION APPLIES","1: 1  CONDITION APPLIES","NO","FEMALE","MALE"
1981,64735,3,1,1,33790,5,183,1,1,2,4,4,5,2,2,2,1,1,8,4,7,1,1,29,18,"Male","Non-Black / Non-Hispanic","North Central (IL, IN, IA, KS, MI, MN, MO, NE, OH, ND, SD, WI)","High school diploma (Regular 12 year program)","Not in CBSA","NO","3: Mother","NO","NO","NO","NO","YES","0: 0  CONDITION DOES NOT APPLY","ALWAYS WITH RIGHT HAND","ALWAYS WITH RIGHT HAND","ALWAYS WITH RIGHT HAND","ALWAYS WITH RIGHT HAND","ALWAYS WITH LEFT HAND","1: 1  CONDITION APPLIES","1: 1  CONDITION APPLIES","NO","FEMALE","MALE"
1983,64735,3,0,3,146002,5,183,2,2,5,4,1,3,2,2,2,2,2,3,3,7,1,1,31,21,"Male","Non-Black / Non-Hispanic","West (AK, AZ, CA, CO, HI, ID, MT, NV, NM, OR, UT, WA, WY)","Bachelor's degree (BA, BS)","In CBSA, not in central city","NO","3: Mother","YES","NO","YES","NO","YES","0: 0  CONDITION DOES NOT APPLY","ALWAYS WITH RIGHT HAND","ALWAYS WITH RIGHT HAND","ALWAYS WITH RIGHT HAND","ALWAYS WITH RIGHT HAND","ALWAYS WITH LEFT HAND","1: 1  CONDITION APPLIES","1: 1  CONDITION APPLIES","NO","FEMALE","FEMALE"
1984,64735,3,1,1,33790,6,182,1,2,3,4,7,7,2,2,1,2,1,6,2,7,1,1,30,22,"Female","Non-Black / Non-Hispanic","West (AK, AZ, CA, CO, HI, ID, MT, NV, NM, OR, UT, WA, WY)","High school diploma (Regular 12 year program)","In CBSA, in central city","NO","3: Mother","YES","NO","NO","NO","YES","0: 0  CONDITION DOES NOT APPLY","ALWAYS WITH RIGHT HAND","ALWAYS WITH RIGHT HAND","ALWAYS WITH RIGHT HAND","ALWAYS WITH RIGHT HAND","ALWAYS WITH LEFT HAND","0: 0  CONDITION DOES NOT APPLY","1: 1  CONDITION APPLIES","NO","MALE","FEMALE"
1986,64735,3,0,3,33790,5,182,1,1,3,4,3,4,2,2,1,2,1,6,2,8,1,1,27,19,"Female","Non-Black / Non-Hispanic","South (AL, AR, DE, DC, FL, GA, KY, LA, MD, MS, NC, OK, SC, TN , TX, VA, WV)","High school diploma (Regular 12 year program)","In CBSA, not in central city","NO","3: Mother","NO","NO","NO","NO","YES","0: 0  CONDITION DOES NOT APPLY","ALWAYS WITH RIGHT HAND","ALWAYS WITH RIGHT HAND","ALWAYS WITH RIGHT HAND","ALWAYS WITH RIGHT HAND","USUALLY WITH LEFT HAND","0: 0  CONDITION DOES NOT APPLY","1: 1  CONDITION APPLIES","NO","MALE","FEMALE"
1981,64735,4,1,2,33790,5,182,1,1,4,3,4,1,2,2,1,2,1,6,2,7,1,1,33,27,"Female","Black","North Central (IL, IN, IA, KS, MI, MN, MO, NE, OH, ND, SD, WI)","High school diploma (Regular 12 year program)","In CBSA, not in central city","YES","3: Mother","YES","YES","NO","YES","YES","0: 0  CONDITION DOES NOT APPLY","ALWAYS WITH RIGHT HAND","ALWAYS WITH RIGHT HAND","ALWAYS WITH LEFT HAND","ALWAYS WITH RIGHT HAND","ALWAYS WITH LEFT HAND","1: 1  CONDITION APPLIES","1: 1  CONDITION APPLIES","NO","MALE","FEMALE"
1983,64735,2,1,1,33790,5,183,2,1,3,2,1,3,2,2,2,2,1,4,1,6,1,1,30,21,"Female","Non-Black / Non-Hispanic","West (AK, AZ, CA, CO, HI, ID, MT, NV, NM, OR, UT, WA, WY)","Bachelor's degree (BA, BS)","In CBSA, in central city","NO","3: Mother","YES","NO","NO","NO","YES","0: 0  CONDITION DOES NOT APPLY","ALWAYS WITH RIGHT HAND","ALWAYS WITH RIGHT HAND","ALWAYS WITH RIGHT HAND","ALWAYS WITH RIGHT HAND","ALWAYS WITH LEFT HAND","1: 1  CONDITION APPLIES","1: 1  CONDITION APPLIES","NO","MALE","MALE"
1982,64735,3,1,3,33790,5,145,1,1,4,5,5,5,2,2,1,2,1,5,3,7,1,1,24,16,"Female","Non-Black / Non-Hispanic","Northeast (CT, ME, MA, NH, NJ, NY, PA, RI, VT)","Bachelor's degree (BA, BS)","In CBSA, not in central city","NO","3: Mother","NO","NO","NO","NO","YES","0: 0  CONDITION DOES NOT APPLY","ALWAYS WITH RIGHT HAND","ALWAYS WITH RIGHT HAND","ALWAYS WITH RIGHT HAND","USUALLY WITH BOTH HANDS EQUALLY","ALWAYS WITH LEFT HAND","0: 0  CONDITION DOES NOT APPLY","0: 0  CONDITION DOES NOT APPLY","NO","FEMALE","MALE"
1982,64735,5,1,1,33790,5,184,1,1,4,4,2,4,2,1,1,1,1,2,3,7,1,1,33,19,"Male","Hispanic","North Central (IL, IN, IA, KS, MI, MN, MO, NE, OH, ND, SD, WI)","High school diploma (Regular 12 year program)","In CBSA, not in central city","NO","3: Mother","NO","NO","NO","NO","YES","0: 0  CONDITION DOES NOT APPLY","ALWAYS WITH RIGHT HAND","ALWAYS WITH RIGHT HAND","ALWAYS WITH RIGHT HAND","ALWAYS WITH RIGHT HAND","ALWAYS WITH LEFT HAND","1: 1  CONDITION APPLIES","1: 1  CONDITION APPLIES","NO","FEMALE","FEMALE"
1982,64735,2,0,1,33790,5,181,1,1,4,2,3,6,2,2,1,1,1,8,3,7,1,1,27,22,"Male","Non-Black / Non-Hispanic","Northeast (CT, ME, MA, NH, NJ, NY, PA, RI, VT)","Bachelor's degree (BA, BS)","In CBSA, in central city","NO","3: Mother","NO","NO","NO","NO","YES","0: 0  CONDITION DOES NOT APPLY","ALWAYS WITH RIGHT HAND","ALWAYS WITH RIGHT HAND","ALWAYS WITH RIGHT HAND","ALWAYS WITH RIGHT HAND","ALWAYS WITH LEFT HAND","1: 1  CONDITION APPLIES","1: 1  CONDITION APPLIES","NO","MALE","FEMALE"
1980,64735,3,1,1,33790,5,183,1,1,1,4,6,4,2,2,2,2,2,6,2,7,1,1,32,22,"Male","Hispanic","North Central (IL, IN, IA, KS, MI, MN, MO, NE, OH, ND, SD, WI)","Associate/Junior college (AA)","In CBSA, in central city","NO","3: Mother","NO","YES","NO","NO","NO","0: 0  CONDITION DOES NOT APPLY","ALWAYS WITH RIGHT HAND","ALWAYS WITH RIGHT HAND","ALWAYS WITH RIGHT HAND","USUALLY WITH BOTH HANDS EQUALLY","ALWAYS WITH LEFT HAND","1: 1  CONDITION APPLIES","1: 1  CONDITION APPLIES","YES","FEMALE","MALE"
1980,64735,3,1,1,33790,5,180,2,2,2,3,5,4,2,2,2,2,1,6,4,7,1,1,30,19,"Female","Non-Black / Non-Hispanic","Northeast (CT, ME, MA, NH, NJ, NY, PA, RI, VT)","High school diploma (Regular 12 year program)","In CBSA, not in central city","NO","3: Mother","YES","NO","NO","NO","YES","0: 0  CONDITION DOES NOT APPLY","ALWAYS WITH RIGHT HAND","ALWAYS WITH RIGHT HAND","ALWAYS WITH RIGHT HAND","ALWAYS WITH RIGHT HAND","ALWAYS WITH LEFT HAND","1: 1  CONDITION APPLIES","1: 1  CONDITION APPLIES","NO","FEMALE","FEMALE"
1981,64735,5,0,4,33790,5,185,2,1,5,4,2,4,2,1,1,1,1,5,2,7,2,1,34,19,"Male","Non-Black / Non-Hispanic","West (AK, AZ, CA, CO, HI, ID, MT, NV, NM, OR, UT, WA, WY)","High school diploma (Regular 12 year program)","In CBSA, in central city","NO","3: Mother","NO","NO","NO","NO","NO","0: 0  CONDITION DOES NOT APPLY","ALWAYS WITH RIGHT HAND","ALWAYS WITH RIGHT HAND","ALWAYS WITH LEFT HAND","ALWAYS WITH LEFT HAND","USUALLY WITH LEFT HAND","1: 1  CONDITION APPLIES","1: 1  CONDITION APPLIES","NO","MALE","MALE"
1980,64735,4,1,3,33790,5,182,1,1,4,4,4,5,1,1,1,1,1,6,2,6,1,1,31,18,"Female","Non-Black / Non-Hispanic","South (AL, AR, DE, DC, FL, GA, KY, LA, MD, MS, NC, OK, SC, TN , TX, VA, WV)","High school diploma (Regular 12 year program)","In CBSA, not in central city","NO","3: Mother","YES","NO","NO","NO","YES","0: 0  CONDITION DOES NOT APPLY","ALWAYS WITH RIGHT HAND","ALWAYS WITH RIGHT HAND","ALWAYS WITH RIGHT HAND","ALWAYS WITH RIGHT HAND","ALWAYS WITH LEFT HAND","1: 1  CONDITION APPLIES","1: 1  CONDITION APPLIES","NO","FEMALE","FEMALE"
1983,64735,4,0,3,33790,5,181,1,1,5,3,5,5,2,2,1,2,1,5,3,6,1,1,28,19,"Female","Non-Black / Non-Hispanic","South (AL, AR, DE, DC, FL, GA, KY, LA, MD, MS, NC, OK, SC, TN , TX, VA, WV)","Bachelor's degree (BA, BS)","In CBSA, not in central city","NO","3: Mother","YES","NO","YES","NO","YES","0: 0  CONDITION DOES NOT APPLY","ALWAYS WITH RIGHT HAND","ALWAYS WITH LEFT HAND","ALWAYS WITH RIGHT HAND","ALWAYS WITH RIGHT HAND","ALWAYS WITH LEFT HAND","1: 1  CONDITION APPLIES","1: 1  CONDITION APPLIES","NO","FEMALE","MALE"
1980,64735,3,0,4,33790,5,183,1,1,4,4,5,6,2,2,1,2,1,3,4,7,1,1,28,20,"Male","Non-Black / Non-Hispanic","South (AL, AR, DE, DC, FL, GA, KY, LA, MD, MS, NC, OK, SC, TN , TX, VA, WV)","High school diploma (Regular 12 year program)","In CBSA, not in central city","NO","3: Mother","YES","NO","NO","NO","YES","0: 0  CONDITION DOES NOT APPLY","ALWAYS WITH RIGHT HAND","ALWAYS WITH RIGHT HAND","ALWAYS WITH RIGHT HAND","ALWAYS WITH RIGHT HAND","ALWAYS WITH LEFT HAND","0: 0  CONDITION DOES NOT APPLY","1: 1  CONDITION APPLIES","NO","FEMALE","MALE"
1983,64735,3,0,2,33790,5,183,1,1,3,3,3,4,2,2,1,2,2,5,5,7,1,1,26,20,"Male","Black","Northeast (CT, ME, MA, NH, NJ, NY, PA, RI, VT)","High school diploma (Regular 12 year program)","In CBSA, not in central city","YES","3: Mother","YES","NO","NO","NO","YES","0: 0  CONDITION DOES NOT APPLY","ALWAYS WITH RIGHT HAND","ALWAYS WITH RIGHT HAND","ALWAYS WITH RIGHT HAND","ALWAYS WITH RIGHT HAND","ALWAYS WITH LEFT HAND","1: 1  CONDITION APPLIES","1: 1  CONDITION APPLIES","NO","FEMALE","FEMALE"
1982,64735,4,0,1,33790,5,181,1,1,1,1,1,3,2,2,1,2,1,4,1,8,1,1,49,74,"Female","Non-Black / Non-Hispanic","Northeast (CT, ME, MA, NH, NJ, NY, PA, RI, VT)","Bachelor's degree (BA, BS)","In CBSA, not in central city","YES","3: Mother","YES","YES","NO","NO","YES","0: 0  CONDITION DOES NOT APPLY","ALWAYS WITH RIGHT HAND","ALWAYS WITH RIGHT HAND","ALWAYS WITH RIGHT HAND","ALWAYS WITH LEFT HAND","ALWAYS WITH LEFT HAND","1: 1  CONDITION APPLIES","1: 1  CONDITION APPLIES","NO","FEMALE","MALE"
1985,64735,3,0,3,45000,5,182,1,1,2,3,5,3,1,2,2,2,1,5,2,7,1,1,31,22,"Female","Non-Black / Non-Hispanic","South (AL, AR, DE, DC, FL, GA, KY, LA, MD, MS, NC, OK, SC, TN , TX, VA, WV)","Bachelor's degree (BA, BS)","In CBSA, not in central city","NO","3: Mother","NO","NO","NO","NO","YES","1: 1  CONDITION APPLIES","ALWAYS WITH RIGHT HAND","ALWAYS WITH RIGHT HAND","ALWAYS WITH RIGHT HAND","ALWAYS WITH RIGHT HAND","ALWAYS WITH LEFT HAND","1: 1  CONDITION APPLIES","1: 1  CONDITION APPLIES","NO","FEMALE","FEMALE"
1980,64735,5,2,1,33790,5,183,2,2,2,6,2,4,2,1,2,2,1,6,3,5,1,1,26,3,"Female","Non-Black / Non-Hispanic","Northeast (CT, ME, MA, NH, NJ, NY, PA, RI, VT)","Associate/Junior college (AA)","In CBSA, not in central city","NO","3: Mother","YES","NO","NO","NO","YES","0: 0  CONDITION DOES NOT APPLY","ALWAYS WITH RIGHT HAND","ALWAYS WITH RIGHT HAND","ALWAYS WITH RIGHT HAND","ALWAYS WITH RIGHT HAND","USUALLY WITH LEFT HAND","1: 1  CONDITION APPLIES","0: 0  CONDITION DOES NOT APPLY","NO","FEMALE","FEMALE"
1983,64735,3,1,1,33790,5,182,1,1,1,4,5,5,2,2,1,2,1,6,3,8,1,2,31,25,"Male","Non-Black / Non-Hispanic","Northeast (CT, ME, MA, NH, NJ, NY, PA, RI, VT)","Bachelor's degree (BA, BS)","In CBSA, not in central city","YES","3: Mother","NO","NO","YES","NO","YES","0: 0  CONDITION DOES NOT APPLY","ALWAYS WITH RIGHT HAND","ALWAYS WITH RIGHT HAND","ALWAYS WITH RIGHT HAND","ALWAYS WITH RIGHT HAND","ALWAYS WITH LEFT HAND","1: 1  CONDITION APPLIES","1: 1  CONDITION APPLIES","NO","MALE","MALE"
1984,65000,4,1,1,33790,6,235,1,1,5,4,4,6,2,2,1,2,2,5,2,7,1,1,29,20,"Female","Non-Black / Non-Hispanic","North Central (IL, IN, IA, KS, MI, MN, MO, NE, OH, ND, SD, WI)","Associate/Junior college (AA)","In CBSA, not in central city","NO","3: Mother","YES","NO","NO","NO","YES","0: 0  CONDITION DOES NOT APPLY","ALWAYS WITH RIGHT HAND","ALWAYS WITH RIGHT HAND","ALWAYS WITH RIGHT HAND","ALWAYS WITH RIGHT HAND","ALWAYS WITH LEFT HAND","0: 0  CONDITION DOES NOT APPLY","1: 1  CONDITION APPLIES","NO","MALE","MALE"
1981,64735,4,1,1,500,5,190,1,2,2,4,1,3,1,1,1,2,1,4,2,7,1,3,31,20,"Male","Black","Northeast (CT, ME, MA, NH, NJ, NY, PA, RI, VT)","High school diploma (Regular 12 year program)","In CBSA, not in central city","NO","3: Mother","YES","NO","NO","NO","YES","0: 0  CONDITION DOES NOT APPLY","ALWAYS WITH RIGHT HAND","ALWAYS WITH RIGHT HAND","ALWAYS WITH RIGHT HAND","ALWAYS WITH RIGHT HAND","ALWAYS WITH LEFT HAND","1: 1  CONDITION APPLIES","1: 1  CONDITION APPLIES","NO","FEMALE","FEMALE"
1982,64735,2,0,1,33790,5,210,1,1,5,4,1,2,2,2,1,2,1,6,3,6,1,1,37,27,"Male","Non-Black / Non-Hispanic","Northeast (CT, ME, MA, NH, NJ, NY, PA, RI, VT)","Bachelor's degree (BA, BS)","In CBSA, not in central city","YES","3: Mother","YES","NO","NO","NO","YES","0: 0  CONDITION DOES NOT APPLY","ALWAYS WITH RIGHT HAND","DON'T DO THIS ACTIVITY","USUALLY WITH RIGHT HAND","ALWAYS WITH RIGHT HAND","ALWAYS WITH LEFT HAND","1: 1  CONDITION APPLIES","1: 1  CONDITION APPLIES","NO","FEMALE","MALE"
1980,83000,3,0,3,35000,5,182,1,1,4,4,4,5,1,2,1,1,1,6,2,8,1,1,30,18,"Female","Non-Black / Non-Hispanic","South (AL, AR, DE, DC, FL, GA, KY, LA, MD, MS, NC, OK, SC, TN , TX, VA, WV)","Bachelor's degree (BA, BS)","Not in country","NO","3: Mother","YES","NO","NO","NO","YES","0: 0  CONDITION DOES NOT APPLY","ALWAYS WITH RIGHT HAND","ALWAYS WITH RIGHT HAND","ALWAYS WITH RIGHT HAND","ALWAYS WITH RIGHT HAND","USUALLY WITH LEFT HAND","1: 1  CONDITION APPLIES","1: 1  CONDITION APPLIES","NO","FEMALE","FEMALE"
1982,64735,2,0,1,33790,5,184,2,2,4,2,3,4,2,2,2,1,1,4,3,7,2,1,30,21,"Male","Non-Black / Non-Hispanic","West (AK, AZ, CA, CO, HI, ID, MT, NV, NM, OR, UT, WA, WY)","High school diploma (Regular 12 year program)","In CBSA, in central city","NO","3: Mother","YES","NO","NO","NO","YES","0: 0  CONDITION DOES NOT APPLY","ALWAYS WITH RIGHT HAND","ALWAYS WITH RIGHT HAND","ALWAYS WITH RIGHT HAND","ALWAYS WITH RIGHT HAND","ALWAYS WITH LEFT HAND","0: 0  CONDITION DOES NOT APPLY","1: 1  CONDITION APPLIES","NO","FEMALE","MALE"
1980,64735,4,0,2,33790,5,181,1,1,3,2,3,5,1,2,2,2,1,5,2,8,1,1,34,22,"Female","Non-Black / Non-Hispanic","Northeast (CT, ME, MA, NH, NJ, NY, PA, RI, VT)","Bachelor's degree (BA, BS)","In CBSA, not in central city","NO","3: Mother","YES","NO","NO","NO","YES","1: 1  CONDITION APPLIES","ALWAYS WITH RIGHT HAND","ALWAYS WITH RIGHT HAND","ALWAYS WITH RIGHT HAND","ALWAYS WITH RIGHT HAND","ALWAYS WITH LEFT HAND","1: 1  CONDITION APPLIES","1: 1  CONDITION APPLIES","NO","MALE","FEMALE"
1982,64735,4,1,1,45000,5,181,1,2,3,3,4,2,2,2,1,2,1,5,2,7,1,1,31,20,"Male","Non-Black / Non-Hispanic","Northeast (CT, ME, MA, NH, NJ, NY, PA, RI, VT)","High school diploma (Regular 12 year program)","In CBSA, in central city","NO","3: Mother","YES","NO","NO","NO","YES","0: 0  CONDITION DOES NOT APPLY","ALWAYS WITH RIGHT HAND","ALWAYS WITH RIGHT HAND","USUALLY WITH BOTH HANDS EQUALLY","ALWAYS WITH RIGHT HAND","ALWAYS WITH LEFT HAND","1: 1  CONDITION APPLIES","1: 1  CONDITION APPLIES","NO","FEMALE","FEMALE"
1983,64735,4,2,2,9800,5,185,2,1,4,4,2,1,2,2,2,1,2,2,2,5,1,1,31,18,"Male","Hispanic","South (AL, AR, DE, DC, FL, GA, KY, LA, MD, MS, NC, OK, SC, TN , TX, VA, WV)","High school diploma (Regular 12 year program)","Not in CBSA","NO","3: Mother","YES","NO","NO","NO","NO","0: 0  CONDITION DOES NOT APPLY","ALWAYS WITH RIGHT HAND","ALWAYS WITH RIGHT HAND","ALWAYS WITH RIGHT HAND","ALWAYS WITH LEFT HAND","ALWAYS WITH LEFT HAND","1: 1  CONDITION APPLIES","1: 1  CONDITION APPLIES","YES","FEMALE","FEMALE"
1980,64735,2,1,2,146002,5,183,2,1,2,3,2,1,1,2,2,2,1,5,2,7,1,1,31,21,"Male","Non-Black / Non-Hispanic","North Central (IL, IN, IA, KS, MI, MN, MO, NE, OH, ND, SD, WI)","None","In CBSA, in central city","NO","3: Mother","YES","NO","NO","NO","YES","0: 0  CONDITION DOES NOT APPLY","ALWAYS WITH RIGHT HAND","ALWAYS WITH RIGHT HAND","DON'T DO THIS ACTIVITY","ALWAYS WITH RIGHT HAND","ALWAYS WITH LEFT HAND","1: 1  CONDITION APPLIES","0: 0  CONDITION DOES NOT APPLY","NO","FEMALE","FEMALE"
1983,130015,2,1,1,33790,5,182,1,1,3,5,1,3,2,2,2,2,2,5,4,7,1,1,28,24,"Female","Non-Black / Non-Hispanic","South (AL, AR, DE, DC, FL, GA, KY, LA, MD, MS, NC, OK, SC, TN , TX, VA, WV)","Bachelor's degree (BA, BS)","In CBSA, in central city","NO","3: Mother","YES","NO","NO","NO","NO","0: 0  CONDITION DOES NOT APPLY","USUALLY WITH RIGHT HAND","USUALLY WITH RIGHT HAND","USUALLY WITH RIGHT HAND","ALWAYS WITH RIGHT HAND","ALWAYS WITH LEFT HAND","1: 1  CONDITION APPLIES","1: 1  CONDITION APPLIES","NO","FEMALE","MALE"
1983,64735,4,0,3,33790,5,185,1,1,5,3,2,4,2,2,1,2,1,6,4,6,1,1,32,24,"Female","Non-Black / Non-Hispanic","West (AK, AZ, CA, CO, HI, ID, MT, NV, NM, OR, UT, WA, WY)","Bachelor's degree (BA, BS)","In CBSA, not in central city","YES","3: Mother","YES","NO","NO","NO","YES","0: 0  CONDITION DOES NOT APPLY","ALWAYS WITH RIGHT HAND","ALWAYS WITH RIGHT HAND","ALWAYS WITH RIGHT HAND","ALWAYS WITH RIGHT HAND","ALWAYS WITH LEFT HAND","1: 1  CONDITION APPLIES","1: 1  CONDITION APPLIES","NO","MALE","MALE"
1982,64735,4,0,3,33790,5,180,1,2,2,4,2,2,1,2,1,2,1,5,2,7,1,1,42,68,"Male","Non-Black / Non-Hispanic","Northeast (CT, ME, MA, NH, NJ, NY, PA, RI, VT)","Master's degree (MA, MS)","In CBSA, not in central city","YES","3: Mother","YES","YES","NO","NO","YES","0: 0  CONDITION DOES NOT APPLY","ALWAYS WITH RIGHT HAND","ALWAYS WITH RIGHT HAND","ALWAYS WITH RIGHT HAND","ALWAYS WITH RIGHT HAND","ALWAYS WITH LEFT HAND","1: 1  CONDITION APPLIES","1: 1  CONDITION APPLIES","YES","FEMALE","MALE"
1981,64735,4,0,1,35000,5,120,1,2,5,4,3,4,2,2,1,2,1,6,3,6,1,1,30,19,"Male","Hispanic","North Central (IL, IN, IA, KS, MI, MN, MO, NE, OH, ND, SD, WI)","High school diploma (Regular 12 year program)","In CBSA, not in central city","NO","3: Mother","YES","NO","NO","NO","YES","0: 0  CONDITION DOES NOT APPLY","ALWAYS WITH RIGHT HAND","ALWAYS WITH RIGHT HAND","ALWAYS WITH RIGHT HAND","ALWAYS WITH RIGHT HAND","ALWAYS WITH RIGHT HAND","1: 1  CONDITION APPLIES","1: 1  CONDITION APPLIES","NO","FEMALE","MALE"
1983,64735,4,1,2,33790,5,181,1,2,3,3,5,3,2,2,2,2,1,6,2,7,1,1,31,25,"Male","Non-Black / Non-Hispanic","North Central (IL, IN, IA, KS, MI, MN, MO, NE, OH, ND, SD, WI)","High school diploma (Regular 12 year program)","In CBSA, in central city","NO","3: Mother","YES","NO","YES","NO","YES","0: 0  CONDITION DOES NOT APPLY","ALWAYS WITH RIGHT HAND","ALWAYS WITH RIGHT HAND","ALWAYS WITH RIGHT HAND","ALWAYS WITH RIGHT HAND","ALWAYS WITH LEFT HAND","1: 1  CONDITION APPLIES","1: 1  CONDITION APPLIES","NO","FEMALE","FEMALE"
1984,64735,4,0,2,33790,5,186,1,2,5,4,2,3,2,2,1,2,2,4,2,5,1,1,27,19,"Female","Black","West (AK, AZ, CA, CO, HI, ID, MT, NV, NM, OR, UT, WA, WY)","High school diploma (Regular 12 year program)","In CBSA, in central city","NO","3: Mother","YES","NO","YES","NO","NO","1: 1  CONDITION APPLIES","ALWAYS WITH RIGHT HAND","ALWAYS WITH RIGHT HAND","USUALLY WITH BOTH HANDS EQUALLY","ALWAYS WITH RIGHT HAND","ALWAYS WITH LEFT HAND","1: 1  CONDITION APPLIES","1: 1  CONDITION APPLIES","NO","FEMALE","FEMALE"
1981,64735,1,0,2,33790,6,183,1,2,4,4,2,4,2,2,2,1,2,4,3,8,1,1,31,25,"Male","Non-Black / Non-Hispanic","North Central (IL, IN, IA, KS, MI, MN, MO, NE, OH, ND, SD, WI)","None","In CBSA, not in central city","NO","3: Mother","NO","NO","NO","NO","NO","0: 0  CONDITION DOES NOT APPLY","ALWAYS WITH RIGHT HAND","ALWAYS WITH RIGHT HAND","ALWAYS WITH RIGHT HAND","ALWAYS WITH RIGHT HAND","USUALLY WITH LEFT HAND","1: 1  CONDITION APPLIES","1: 1  CONDITION APPLIES","NO","MALE","MALE"
1984,64735,2,0,2,41000,6,181,1,1,3,4,3,3,1,2,1,2,2,4,2,7,1,1,33,22,"Male","Hispanic","North Central (IL, IN, IA, KS, MI, MN, MO, NE, OH, ND, SD, WI)","Associate/Junior college (AA)","In CBSA, not in central city","NO","3: Mother","NO","NO","NO","NO","YES","1: 1  CONDITION APPLIES","ALWAYS WITH RIGHT HAND","ALWAYS WITH RIGHT HAND","ALWAYS WITH RIGHT HAND","ALWAYS WITH RIGHT HAND","ALWAYS WITH RIGHT HAND","0: 0  CONDITION DOES NOT APPLY","1: 1  CONDITION APPLIES","NO","FEMALE","MALE"
1982,64735,2,0,2,33790,5,184,1,1,4,4,2,1,2,2,2,2,1,1,3,7,1,1,34,26,"Male","Non-Black / Non-Hispanic","South (AL, AR, DE, DC, FL, GA, KY, LA, MD, MS, NC, OK, SC, TN , TX, VA, WV)","High school diploma (Regular 12 year program)","In CBSA, not in central city","YES","3: Mother","YES","NO","NO","NO","YES","0: 0  CONDITION DOES NOT APPLY","ALWAYS WITH RIGHT HAND","ALWAYS WITH RIGHT HAND","ALWAYS WITH RIGHT HAND","ALWAYS WITH RIGHT HAND","ALWAYS WITH LEFT HAND","1: 1  CONDITION APPLIES","1: 1  CONDITION APPLIES","NO","FEMALE","FEMALE"
1983,45850,3,1,4,33790,5,185,2,2,6,6,2,3,2,2,1,2,1,7,2,7,1,1,27,18,"Female","Non-Black / Non-Hispanic","West (AK, AZ, CA, CO, HI, ID, MT, NV, NM, OR, UT, WA, WY)","High school diploma (Regular 12 year program)","In CBSA, not in central city","NO","3: Mother","YES","NO","YES","YES","NO","0: 0  CONDITION DOES NOT APPLY","ALWAYS WITH LEFT HAND","ALWAYS WITH LEFT HAND","ALWAYS WITH LEFT HAND","ALWAYS WITH LEFT HAND","ALWAYS WITH RIGHT HAND","1: 1  CONDITION APPLIES","1: 1  CONDITION APPLIES","NO","MALE","FEMALE"
1983,64735,4,1,2,33790,5,185,2,2,4,3,5,2,2,2,2,2,2,3,2,8,1,1,5,17,"Female","Black","South (AL, AR, DE, DC, FL, GA, KY, LA, MD, MS, NC, OK, SC, TN , TX, VA, WV)","Associate/Junior college (AA)","In CBSA, in central city","NO","3: Mother","YES","YES","NO","NO","YES","0: 0  CONDITION DOES NOT APPLY","ALWAYS WITH LEFT HAND","ALWAYS WITH LEFT HAND","ALWAYS WITH LEFT HAND","ALWAYS WITH LEFT HAND","ALWAYS WITH LEFT HAND","1: 1  CONDITION APPLIES","1: 1  CONDITION APPLIES","NO","FEMALE","FEMALE"
1981,61000,3,1,3,33790,5,183,1,1,2,4,3,5,2,2,1,2,1,6,4,6,1,2,29,19,"Female","Non-Black / Non-Hispanic","Northeast (CT, ME, MA, NH, NJ, NY, PA, RI, VT)","High school diploma (Regular 12 year program)","In CBSA, in central city","NO","3: Mother","NO","NO","NO","NO","YES","0: 0  CONDITION DOES NOT APPLY","ALWAYS WITH RIGHT HAND","ALWAYS WITH RIGHT HAND","ALWAYS WITH RIGHT HAND","ALWAYS WITH RIGHT HAND","ALWAYS WITH LEFT HAND","1: 1  CONDITION APPLIES","1: 1  CONDITION APPLIES","NO","MALE","FEMALE"
1985,64735,1,0,2,33790,5,195,1,1,3,5,4,5,2,2,2,3,2,2,4,7,1,1,31,22,"Male","Non-Black / Non-Hispanic","North Central (IL, IN, IA, KS, MI, MN, MO, NE, OH, ND, SD, WI)","High school diploma (Regular 12 year program)","In CBSA, not in central city","NO","3: Mother","YES","NO","NO","NO","YES","0: 0  CONDITION DOES NOT APPLY","ALWAYS WITH RIGHT HAND","ALWAYS WITH RIGHT HAND","ALWAYS WITH RIGHT HAND","ALWAYS WITH RIGHT HAND","ALWAYS WITH RIGHT HAND","1: 1  CONDITION APPLIES","0: 0  CONDITION DOES NOT APPLY","NO","FEMALE","MALE"
1984,64735,3,0,1,33790,5,181,1,1,5,2,5,4,2,2,1,2,1,2,1,6,1,1,33,19,"Male","Non-Black / Non-Hispanic","West (AK, AZ, CA, CO, HI, ID, MT, NV, NM, OR, UT, WA, WY)","Bachelor's degree (BA, BS)","Not in CBSA","NO","3: Mother","YES","NO","NO","NO","YES","0: 0  CONDITION DOES NOT APPLY","ALWAYS WITH RIGHT HAND","USUALLY WITH RIGHT HAND","USUALLY WITH RIGHT HAND","USUALLY WITH RIGHT HAND","ALWAYS WITH LEFT HAND","1: 1  CONDITION APPLIES","0: 0  CONDITION DOES NOT APPLY","NO","MALE","MALE"
1983,64735,4,0,3,33790,5,178,1,1,1,2,5,6,1,2,1,2,2,6,5,6,1,1,31,20,"Female","Black","Northeast (CT, ME, MA, NH, NJ, NY, PA, RI, VT)","Master's degree (MA, MS)","In CBSA, in central city","NO","3: Mother","YES","NO","YES","NO","YES","0: 0  CONDITION DOES NOT APPLY","ALWAYS WITH RIGHT HAND","ALWAYS WITH RIGHT HAND","ALWAYS WITH LEFT HAND","ALWAYS WITH RIGHT HAND","ALWAYS WITH RIGHT HAND","1: 1  CONDITION APPLIES","0: 0  CONDITION DOES NOT APPLY","NO","FEMALE","FEMALE"
1984,64735,3,0,1,26000,5,183,2,2,2,4,3,3,2,2,2,1,1,6,6,6,1,1,30,19,"Male","Black","South (AL, AR, DE, DC, FL, GA, KY, LA, MD, MS, NC, OK, SC, TN , TX, VA, WV)","High school diploma (Regular 12 year program)","In CBSA, not in central city","NO","3: Mother","NO","NO","NO","NO","NO","0: 0  CONDITION DOES NOT APPLY","ALWAYS WITH RIGHT HAND","ALWAYS WITH RIGHT HAND","ALWAYS WITH RIGHT HAND","ALWAYS WITH RIGHT HAND","ALWAYS WITH LEFT HAND","1: 1  CONDITION APPLIES","1: 1  CONDITION APPLIES","NO","FEMALE","FEMALE"
1980,64735,5,0,2,32000,5,180,1,1,2,4,3,2,1,2,2,1,2,5,1,8,1,1,59,38,"Female","Non-Black / Non-Hispanic","West (AK, AZ, CA, CO, HI, ID, MT, NV, NM, OR, UT, WA, WY)","High school diploma (Regular 12 year program)","In CBSA, not in central city","YES","3: Mother","YES","NO","NO","NO","NO","0: 0  CONDITION DOES NOT APPLY","ALWAYS WITH RIGHT HAND","ALWAYS WITH RIGHT HAND","ALWAYS WITH RIGHT HAND","ALWAYS WITH RIGHT HAND","ALWAYS WITH LEFT HAND","1: 1  CONDITION APPLIES","1: 1  CONDITION APPLIES","NO","FEMALE","MALE"
1984,64735,3,0,1,33790,5,182,2,1,3,5,5,4,2,2,2,1,1,6,2,7,1,1,31,23,"Female","Non-Black / Non-Hispanic","West (AK, AZ, CA, CO, HI, ID, MT, NV, NM, OR, UT, WA, WY)","High school diploma (Regular 12 year program)","In CBSA, not in central city","NO","3: Mother","NO","NO","NO","NO","YES","0: 0  CONDITION DOES NOT APPLY","ALWAYS WITH RIGHT HAND","ALWAYS WITH RIGHT HAND","ALWAYS WITH RIGHT HAND","ALWAYS WITH RIGHT HAND","ALWAYS WITH LEFT HAND","1: 1  CONDITION APPLIES","1: 1  CONDITION APPLIES","NO","FEMALE","MALE"
1981,64735,4,0,1,33790,5,185,1,1,8,2,2,4,2,2,1,2,1,6,3,7,1,1,8,29,"Male","Black","West (AK, AZ, CA, CO, HI, ID, MT, NV, NM, OR, UT, WA, WY)","Associate/Junior college (AA)","In CBSA, in central city","YES","3: Mother","NO","YES","NO","NO","NO","0: 0  CONDITION DOES NOT APPLY","ALWAYS WITH RIGHT HAND","ALWAYS WITH RIGHT HAND","ALWAYS WITH RIGHT HAND","ALWAYS WITH RIGHT HAND","ALWAYS WITH LEFT HAND","1: 1  CONDITION APPLIES","1: 1  CONDITION APPLIES","NO","FEMALE","MALE"
1982,66143,3,0,3,2000,5,183,1,1,2,3,3,1,2,2,1,2,1,7,3,6,1,1,31,23,"Male","Non-Black / Non-Hispanic","South (AL, AR, DE, DC, FL, GA, KY, LA, MD, MS, NC, OK, SC, TN , TX, VA, WV)","High school diploma (Regular 12 year program)","In CBSA, in central city","NO","3: Mother","YES","NO","NO","NO","YES","0: 0  CONDITION DOES NOT APPLY","ALWAYS WITH RIGHT HAND","ALWAYS WITH RIGHT HAND","ALWAYS WITH RIGHT HAND","ALWAYS WITH RIGHT HAND","ALWAYS WITH LEFT HAND","1: 1  CONDITION APPLIES","0: 0  CONDITION DOES NOT APPLY","NO","FEMALE","MALE"
1982,64735,3,0,1,33790,5,182,1,2,2,3,3,5,2,1,1,2,1,2,6,7,1,1,31,21,"Female","Black","North Central (IL, IN, IA, KS, MI, MN, MO, NE, OH, ND, SD, WI)","High school diploma (Regular 12 year program)","In CBSA, in central city","NO","3: Mother","NO","NO","NO","NO","YES","0: 0  CONDITION DOES NOT APPLY","ALWAYS WITH RIGHT HAND","ALWAYS WITH RIGHT HAND","ALWAYS WITH RIGHT HAND","ALWAYS WITH RIGHT HAND","ALWAYS WITH LEFT HAND","1: 1  CONDITION APPLIES","1: 1  CONDITION APPLIES","NO","MALE","FEMALE"
1980,64735,5,0,3,33790,5,182,2,3,3,3,6,1,2,2,1,2,1,3,1,6,1,1,31,19,"Female","Non-Black / Non-Hispanic","South (AL, AR, DE, DC, FL, GA, KY, LA, MD, MS, NC, OK, SC, TN , TX, VA, WV)","High school diploma (Regular 12 year program)","In CBSA, not in central city","NO","3: Mother","YES","YES","NO","NO","NO","0: 0  CONDITION DOES NOT APPLY","ALWAYS WITH RIGHT HAND","ALWAYS WITH RIGHT HAND","ALWAYS WITH RIGHT HAND","ALWAYS WITH RIGHT HAND","DON'T DO THIS ACTIVITY","1: 1  CONDITION APPLIES","1: 1  CONDITION APPLIES","NO","FEMALE","FEMALE"
1981,14250,4,1,5,33790,5,183,1,1,1,4,4,4,2,2,2,2,1,3,3,9,1,1,9,15,"Female","Black","South (AL, AR, DE, DC, FL, GA, KY, LA, MD, MS, NC, OK, SC, TN , TX, VA, WV)","GED","In CBSA, in central city","NO","3: Mother","NO","YES","YES","NO","YES","0: 0  CONDITION DOES NOT APPLY","ALWAYS WITH RIGHT HAND","ALWAYS WITH RIGHT HAND","ALWAYS WITH RIGHT HAND","ALWAYS WITH RIGHT HAND","ALWAYS WITH LEFT HAND","1: 1  CONDITION APPLIES","1: 1  CONDITION APPLIES","YES","MALE","MALE"
1980,64735,2,1,2,33790,5,184,1,1,6,2,3,6,2,2,2,2,2,4,4,7,1,1,30,18,"Male","Non-Black / Non-Hispanic","North Central (IL, IN, IA, KS, MI, MN, MO, NE, OH, ND, SD, WI)","High school diploma (Regular 12 year program)","In CBSA, not in central city","NO","3: Mother","YES","YES","YES","NO","YES","0: 0  CONDITION DOES NOT APPLY","ALWAYS WITH RIGHT HAND","ALWAYS WITH RIGHT HAND","ALWAYS WITH RIGHT HAND","ALWAYS WITH RIGHT HAND","ALWAYS WITH LEFT HAND","1: 1  CONDITION APPLIES","1: 1  CONDITION APPLIES","NO","MALE","FEMALE"
1980,64735,2,1,2,40000,5,182,1,2,2,3,4,6,2,2,1,2,2,4,3,7,1,1,30,18,"Male","Hispanic","North Central (IL, IN, IA, KS, MI, MN, MO, NE, OH, ND, SD, WI)","High school diploma (Regular 12 year program)","In CBSA, not in central city","NO","3: Mother","NO","NO","NO","NO","YES","0: 0  CONDITION DOES NOT APPLY","ALWAYS WITH RIGHT HAND","ALWAYS WITH RIGHT HAND","ALWAYS WITH RIGHT HAND","ALWAYS WITH RIGHT HAND","ALWAYS WITH LEFT HAND","0: 0  CONDITION DOES NOT APPLY","1: 1  CONDITION APPLIES","NO","FEMALE","FEMALE"
1982,64735,3,0,2,33790,5,184,1,2,4,2,2,2,2,2,2,2,1,4,5,7,1,1,33,25,"Female","Non-Black / Non-Hispanic","West (AK, AZ, CA, CO, HI, ID, MT, NV, NM, OR, UT, WA, WY)","GED","In CBSA, not in central city","NO","3: Mother","YES","NO","NO","NO","YES","0: 0  CONDITION DOES NOT APPLY","ALWAYS WITH RIGHT HAND","ALWAYS WITH RIGHT HAND","ALWAYS WITH RIGHT HAND","ALWAYS WITH RIGHT HAND","ALWAYS WITH RIGHT HAND","1: 1  CONDITION APPLIES","1: 1  CONDITION APPLIES","NO","FEMALE","MALE"
1980,0,4,1,2,33790,5,182,1,2,1,5,2,4,1,2,2,1,2,5,2,6,1,1,34,17,"Female","Black","South (AL, AR, DE, DC, FL, GA, KY, LA, MD, MS, NC, OK, SC, TN , TX, VA, WV)","None","In CBSA, in central city","NO","3: Mother","NO","NO","NO","NO","NO","0: 0  CONDITION DOES NOT APPLY","ALWAYS WITH LEFT HAND","USUALLY WITH BOTH HANDS EQUALLY","ALWAYS WITH RIGHT HAND","USUALLY WITH BOTH HANDS EQUALLY","ALWAYS WITH LEFT HAND","1: 1  CONDITION APPLIES","1: 1  CONDITION APPLIES","NO","FEMALE","FEMALE"
1983,133000,3,0,2,33790,6,186,1,1,2,3,10,4,1,2,2,2,1,6,6,5,1,1,34,22,"Male","Black","North Central (IL, IN, IA, KS, MI, MN, MO, NE, OH, ND, SD, WI)","High school diploma (Regular 12 year program)","In CBSA, not in central city","NO","3: Mother","NO","YES","NO","NO","YES","0: 0  CONDITION DOES NOT APPLY","ALWAYS WITH RIGHT HAND","ALWAYS WITH RIGHT HAND","ALWAYS WITH RIGHT HAND","ALWAYS WITH RIGHT HAND","ALWAYS WITH LEFT HAND","1: 1  CONDITION APPLIES","0: 0  CONDITION DOES NOT APPLY","NO","FEMALE","MALE"
1982,64735,1,0,1,33790,5,183,1,1,2,5,2,4,2,2,1,2,2,7,3,6,1,2,30,23,"Male","Black","North Central (IL, IN, IA, KS, MI, MN, MO, NE, OH, ND, SD, WI)","GED","In CBSA, not in central city","YES","3: Mother","NO","YES","NO","NO","YES","0: 0  CONDITION DOES NOT APPLY","ALWAYS WITH RIGHT HAND","ALWAYS WITH RIGHT HAND","ALWAYS WITH RIGHT HAND","ALWAYS WITH RIGHT HAND","ALWAYS WITH RIGHT HAND","1: 1  CONDITION APPLIES","1: 1  CONDITION APPLIES","NO","FEMALE","MALE"
1983,64735,3,1,3,33790,5,184,2,1,1,7,2,6,2,2,1,2,1,5,2,7,1,1,5,16,"Female","Black","South (AL, AR, DE, DC, FL, GA, KY, LA, MD, MS, NC, OK, SC, TN , TX, VA, WV)","GED","In CBSA, in central city","NO","3: Mother","NO","YES","NO","NO","YES","0: 0  CONDITION DOES NOT APPLY","ALWAYS WITH RIGHT HAND","ALWAYS WITH RIGHT HAND","ALWAYS WITH RIGHT HAND","ALWAYS WITH RIGHT HAND","ALWAYS WITH LEFT HAND","1: 1  CONDITION APPLIES","1: 1  CONDITION APPLIES","NO","FEMALE","MALE"
1982,64735,2,1,1,33790,5,183,1,1,5,3,2,2,2,2,1,2,1,5,2,7,1,1,30,22,"Female","Black","North Central (IL, IN, IA, KS, MI, MN, MO, NE, OH, ND, SD, WI)","Associate/Junior college (AA)","In CBSA, not in central city","NO","3: Mother","YES","NO","NO","NO","YES","0: 0  CONDITION DOES NOT APPLY","ALWAYS WITH RIGHT HAND","ALWAYS WITH RIGHT HAND","ALWAYS WITH RIGHT HAND","ALWAYS WITH RIGHT HAND","ALWAYS WITH LEFT HAND","0: 0  CONDITION DOES NOT APPLY","1: 1  CONDITION APPLIES","NO","MALE","FEMALE"
1983,64735,2,0,4,33790,5,162,2,1,2,4,3,4,2,3,1,2,1,7,6,6,1,1,9,17,"Female","Black","North Central (IL, IN, IA, KS, MI, MN, MO, NE, OH, ND, SD, WI)","Bachelor's degree (BA, BS)","In CBSA, not in central city","NO","3: Mother","YES","NO","NO","NO","YES","0: 0  CONDITION DOES NOT APPLY","ALWAYS WITH RIGHT HAND","USUALLY WITH RIGHT HAND","ALWAYS WITH RIGHT HAND","ALWAYS WITH RIGHT HAND","ALWAYS WITH LEFT HAND","1: 1  CONDITION APPLIES","1: 1  CONDITION APPLIES","NO","MALE","MALE"
1985,64735,2,0,2,33790,5,184,2,2,4,3,3,2,2,2,2,2,2,6,1,6,1,1,33,23,"Male","Black","North Central (IL, IN, IA, KS, MI, MN, MO, NE, OH, ND, SD, WI)","GED","In CBSA, in central city","NO","3: Mother","NO","YES","NO","NO","NO","0: 0  CONDITION DOES NOT APPLY","ALWAYS WITH LEFT HAND","ALWAYS WITH LEFT HAND","ALWAYS WITH LEFT HAND","ALWAYS WITH LEFT HAND","ALWAYS WITH LEFT HAND","1: 1  CONDITION APPLIES","1: 1  CONDITION APPLIES","NO","FEMALE","MALE"
1980,64735,4,1,2,33790,5,183,1,3,3,3,2,6,2,2,1,2,1,6,3,6,1,1,35,23,"Male","Non-Black / Non-Hispanic","South (AL, AR, DE, DC, FL, GA, KY, LA, MD, MS, NC, OK, SC, TN , TX, VA, WV)","High school diploma (Regular 12 year program)","In CBSA, not in central city","NO","3: Mother","YES","NO","NO","NO","YES","0: 0  CONDITION DOES NOT APPLY","ALWAYS WITH RIGHT HAND","ALWAYS WITH RIGHT HAND","ALWAYS WITH RIGHT HAND","ALWAYS WITH RIGHT HAND","ALWAYS WITH RIGHT HAND","1: 1  CONDITION APPLIES","1: 1  CONDITION APPLIES","NO","FEMALE","MALE"
1983,64735,1,0,3,33790,5,125,1,1,3,3,5,5,1,2,2,1,2,3,4,9,1,1,30,23,"Male","Hispanic","South (AL, AR, DE, DC, FL, GA, KY, LA, MD, MS, NC, OK, SC, TN , TX, VA, WV)","Bachelor's degree (BA, BS)","In CBSA, in central city","NO","3: Mother","YES","NO","YES","NO","YES","0: 0  CONDITION DOES NOT APPLY","ALWAYS WITH RIGHT HAND","ALWAYS WITH RIGHT HAND","ALWAYS WITH RIGHT HAND","ALWAYS WITH RIGHT HAND","ALWAYS WITH LEFT HAND","1: 1  CONDITION APPLIES","1: 1  CONDITION APPLIES","NO","FEMALE","MALE"
1980,64735,4,1,3,33790,5,181,1,2,1,4,5,4,2,1,1,2,1,6,4,6,1,1,31,21,"Male","Non-Black / Non-Hispanic","North Central (IL, IN, IA, KS, MI, MN, MO, NE, OH, ND, SD, WI)","Master's degree (MA, MS)","In CBSA, not in central city","YES","3: Mother","YES","NO","NO","NO","YES","0: 0  CONDITION DOES NOT APPLY","ALWAYS WITH RIGHT HAND","ALWAYS WITH RIGHT HAND","ALWAYS WITH RIGHT HAND","ALWAYS WITH RIGHT HAND","ALWAYS WITH LEFT HAND","1: 1  CONDITION APPLIES","1: 1  CONDITION APPLIES","NO","MALE","FEMALE"
1983,64735,6,0,4,33790,5,184,2,1,2,4,2,5,1,1,1,1,1,1,3,7,1,1,41,49,"Female","Non-Black / Non-Hispanic","Northeast (CT, ME, MA, NH, NJ, NY, PA, RI, VT)","High school diploma (Regular 12 year program)","In CBSA, not in central city","YES","3: Mother","YES","YES","NO","NO","YES","0: 0  CONDITION DOES NOT APPLY","ALWAYS WITH RIGHT HAND","ALWAYS WITH RIGHT HAND","ALWAYS WITH RIGHT HAND","ALWAYS WITH RIGHT HAND","USUALLY WITH BOTH HANDS EQUALLY","1: 1  CONDITION APPLIES","1: 1  CONDITION APPLIES","NO","FEMALE","FEMALE"
1981,64735,3,1,1,33790,5,179,1,1,2,4,4,4,2,1,1,1,1,6,4,7,1,1,32,23,"Male","Non-Black / Non-Hispanic","North Central (IL, IN, IA, KS, MI, MN, MO, NE, OH, ND, SD, WI)","Master's degree (MA, MS)","In CBSA, not in central city","NO","3: Mother","NO","NO","NO","NO","YES","0: 0  CONDITION DOES NOT APPLY","USUALLY WITH RIGHT HAND","ALWAYS WITH RIGHT HAND","ALWAYS WITH RIGHT HAND","ALWAYS WITH RIGHT HAND","ALWAYS WITH LEFT HAND","0: 0  CONDITION DOES NOT APPLY","1: 1  CONDITION APPLIES","NO","FEMALE","MALE"
1980,64735,2,0,3,33790,5,182,1,1,5,5,4,4,2,2,1,2,1,7,3,8,1,1,30,22,"Female","Non-Black / Non-Hispanic","North Central (IL, IN, IA, KS, MI, MN, MO, NE, OH, ND, SD, WI)","Bachelor's degree (BA, BS)","In CBSA, in central city","NO","3: Mother","YES","NO","YES","NO","YES","1: 1  CONDITION APPLIES","ALWAYS WITH RIGHT HAND","ALWAYS WITH RIGHT HAND","ALWAYS WITH RIGHT HAND","ALWAYS WITH RIGHT HAND","ALWAYS WITH RIGHT HAND","1: 1  CONDITION APPLIES","1: 1  CONDITION APPLIES","NO","MALE","FEMALE"
1984,64735,3,0,2,50000,5,181,1,1,6,2,4,4,2,2,2,2,1,6,2,7,1,1,32,26,"Male","Non-Black / Non-Hispanic","South (AL, AR, DE, DC, FL, GA, KY, LA, MD, MS, NC, OK, SC, TN , TX, VA, WV)","Professional degree (DDS, JD, MD)","In CBSA, not in central city","NO","3: Mother","YES","NO","NO","NO","YES","0: 0  CONDITION DOES NOT APPLY","ALWAYS WITH LEFT HAND","ALWAYS WITH LEFT HAND","ALWAYS WITH LEFT HAND","ALWAYS WITH LEFT HAND","ALWAYS WITH LEFT HAND","1: 1  CONDITION APPLIES","1: 1  CONDITION APPLIES","NO","MALE","MALE"
1983,64735,3,0,1,33790,6,183,2,1,5,2,3,6,2,2,2,2,1,5,3,7,1,1,30,22,"Male","Non-Black / Non-Hispanic","West (AK, AZ, CA, CO, HI, ID, MT, NV, NM, OR, UT, WA, WY)","High school diploma (Regular 12 year program)","In CBSA, not in central city","NO","3: Mother","YES","NO","YES","NO","YES","0: 0  CONDITION DOES NOT APPLY","ALWAYS WITH RIGHT HAND","ALWAYS WITH RIGHT HAND","ALWAYS WITH RIGHT HAND","ALWAYS WITH RIGHT HAND","ALWAYS WITH LEFT HAND","1: 1  CONDITION APPLIES","1: 1  CONDITION APPLIES","NO","FEMALE","FEMALE"
1984,64735,2,1,5,146002,6,186,1,1,2,4,3,5,2,2,1,2,2,3,3,7,1,1,33,24,"Male","Non-Black / Non-Hispanic","South (AL, AR, DE, DC, FL, GA, KY, LA, MD, MS, NC, OK, SC, TN , TX, VA, WV)","High school diploma (Regular 12 year program)","In CBSA, in central city","NO","3: Mother","YES","NO","NO","NO","YES","0: 0  CONDITION DOES NOT APPLY","ALWAYS WITH RIGHT HAND","ALWAYS WITH RIGHT HAND","ALWAYS WITH RIGHT HAND","ALWAYS WITH RIGHT HAND","ALWAYS WITH LEFT HAND","1: 1  CONDITION APPLIES","1: 1  CONDITION APPLIES","NO","FEMALE","FEMALE"
1981,64735,5,1,1,35000,5,183,2,2,3,4,5,4,2,2,2,2,2,5,3,6,2,1,30,19,"Male","Non-Black / Non-Hispanic","West (AK, AZ, CA, CO, HI, ID, MT, NV, NM, OR, UT, WA, WY)","High school diploma (Regular 12 year program)","In CBSA, not in central city","NO","3: Mother","NO","NO","NO","NO","NO","0: 0  CONDITION DOES NOT APPLY","ALWAYS WITH RIGHT HAND","ALWAYS WITH RIGHT HAND","ALWAYS WITH RIGHT HAND","ALWAYS WITH RIGHT HAND","ALWAYS WITH LEFT HAND","1: 1  CONDITION APPLIES","1: 1  CONDITION APPLIES","NO","FEMALE","FEMALE"
1983,64735,4,0,3,33790,5,179,1,1,3,3,2,3,2,2,1,2,1,6,1,7,1,1,28,19,"Female","Non-Black / Non-Hispanic","West (AK, AZ, CA, CO, HI, ID, MT, NV, NM, OR, UT, WA, WY)","Bachelor's degree (BA, BS)","In CBSA, not in central city","NO","3: Mother","YES","NO","NO","NO","YES","0: 0  CONDITION DOES NOT APPLY","ALWAYS WITH RIGHT HAND","ALWAYS WITH RIGHT HAND","ALWAYS WITH RIGHT HAND","ALWAYS WITH RIGHT HAND","ALWAYS WITH LEFT HAND","1: 1  CONDITION APPLIES","1: 1  CONDITION APPLIES","NO","MALE","FEMALE"
1983,64735,2,0,2,33790,6,180,2,2,3,5,3,1,2,2,1,2,1,6,2,5,1,1,30,21,"Female","Hispanic","West (AK, AZ, CA, CO, HI, ID, MT, NV, NM, OR, UT, WA, WY)","High school diploma (Regular 12 year program)","In CBSA, in central city","NO","3: Mother","YES","NO","YES","NO","YES","0: 0  CONDITION DOES NOT APPLY","ALWAYS WITH RIGHT HAND","ALWAYS WITH RIGHT HAND","ALWAYS WITH RIGHT HAND","ALWAYS WITH RIGHT HAND","ALWAYS WITH LEFT HAND","0: 0  CONDITION DOES NOT APPLY","1: 1  CONDITION APPLIES","NO","MALE","FEMALE"
1982,64735,4,0,3,33790,5,184,2,1,3,3,1,2,2,2,1,2,1,6,4,7,1,1,31,23,"Male","Non-Black / Non-Hispanic","West (AK, AZ, CA, CO, HI, ID, MT, NV, NM, OR, UT, WA, WY)","High school diploma (Regular 12 year program)","In CBSA, not in central city","NO","3: Mother","NO","NO","YES","NO","YES","0: 0  CONDITION DOES NOT APPLY","ALWAYS WITH RIGHT HAND","ALWAYS WITH RIGHT HAND","ALWAYS WITH RIGHT HAND","ALWAYS WITH RIGHT HAND","ALWAYS WITH LEFT HAND","1: 1  CONDITION APPLIES","0: 0  CONDITION DOES NOT APPLY","NO","FEMALE","MALE"
1981,316618,2,1,3,33790,5,181,1,2,4,6,5,3,1,2,1,2,1,6,1,7,1,1,26,19,"Female","Non-Black / Non-Hispanic","North Central (IL, IN, IA, KS, MI, MN, MO, NE, OH, ND, SD, WI)","Bachelor's degree (BA, BS)","In CBSA, not in central city","NO","3: Mother","YES","NO","NO","NO","YES","0: 0  CONDITION DOES NOT APPLY","ALWAYS WITH RIGHT HAND","ALWAYS WITH RIGHT HAND","ALWAYS WITH RIGHT HAND","ALWAYS WITH RIGHT HAND","DON'T DO THIS ACTIVITY","1: 1  CONDITION APPLIES","1: 1  CONDITION APPLIES","NO","MALE","MALE"
1984,64735,2,0,1,33790,5,181,1,1,4,3,3,2,2,2,2,2,1,6,2,7,1,1,29,21,"Female","Non-Black / Non-Hispanic","North Central (IL, IN, IA, KS, MI, MN, MO, NE, OH, ND, SD, WI)","Bachelor's degree (BA, BS)","In CBSA, not in central city","YES","3: Mother","YES","NO","NO","NO","YES","0: 0  CONDITION DOES NOT APPLY","ALWAYS WITH RIGHT HAND","ALWAYS WITH LEFT HAND","ALWAYS WITH RIGHT HAND","ALWAYS WITH RIGHT HAND","ALWAYS WITH LEFT HAND","1: 1  CONDITION APPLIES","0: 0  CONDITION DOES NOT APPLY","NO","FEMALE","MALE"
1982,64735,3,0,2,33790,5,185,1,2,2,3,3,2,2,2,1,2,1,5,4,6,1,1,30,20,"Female","Non-Black / Non-Hispanic","South (AL, AR, DE, DC, FL, GA, KY, LA, MD, MS, NC, OK, SC, TN , TX, VA, WV)","High school diploma (Regular 12 year program)","In CBSA, in central city","YES","3: Mother","YES","NO","YES","NO","YES","0: 0  CONDITION DOES NOT APPLY","ALWAYS WITH LEFT HAND","ALWAYS WITH RIGHT HAND","ALWAYS WITH RIGHT HAND","ALWAYS WITH RIGHT HAND","ALWAYS WITH LEFT HAND","1: 1  CONDITION APPLIES","1: 1  CONDITION APPLIES","NO","FEMALE","FEMALE"
1980,64735,5,0,3,33790,5,182,1,1,5,3,4,4,2,2,1,2,1,6,2,6,1,1,61,28,"Male","Non-Black / Non-Hispanic","West (AK, AZ, CA, CO, HI, ID, MT, NV, NM, OR, UT, WA, WY)","High school diploma (Regular 12 year program)","In CBSA, in central city","YES","3: Mother","YES","NO","YES","NO","YES","0: 0  CONDITION DOES NOT APPLY","ALWAYS WITH RIGHT HAND","ALWAYS WITH RIGHT HAND","ALWAYS WITH RIGHT HAND","ALWAYS WITH RIGHT HAND","ALWAYS WITH LEFT HAND","1: 1  CONDITION APPLIES","1: 1  CONDITION APPLIES","NO","FEMALE","FEMALE"
1982,83857,5,1,4,33790,5,181,2,2,1,3,1,2,2,2,2,1,1,4,1,7,1,1,31,26,"Female","Non-Black / Non-Hispanic","South (AL, AR, DE, DC, FL, GA, KY, LA, MD, MS, NC, OK, SC, TN , TX, VA, WV)","High school diploma (Regular 12 year program)","In CBSA, not in central city","YES","3: Mother","NO","YES","NO","NO","YES","0: 0  CONDITION DOES NOT APPLY","ALWAYS WITH RIGHT HAND","ALWAYS WITH RIGHT HAND","ALWAYS WITH RIGHT HAND","ALWAYS WITH RIGHT HAND","ALWAYS WITH LEFT HAND","1: 1  CONDITION APPLIES","1: 1  CONDITION APPLIES","YES","FEMALE","MALE"
1982,316618,3,0,4,1500,5,183,1,2,4,4,1,2,2,2,2,2,1,5,3,7,1,1,32,23,"Female","Non-Black / Non-Hispanic","Northeast (CT, ME, MA, NH, NJ, NY, PA, RI, VT)","Bachelor's degree (BA, BS)","In CBSA, not in central city","NO","3: Mother","YES","NO","NO","NO","YES","0: 0  CONDITION DOES NOT APPLY","ALWAYS WITH RIGHT HAND","ALWAYS WITH RIGHT HAND","ALWAYS WITH RIGHT HAND","ALWAYS WITH RIGHT HAND","ALWAYS WITH LEFT HAND","1: 1  CONDITION APPLIES","1: 1  CONDITION APPLIES","YES","FEMALE","MALE"
1980,23000,2,0,3,33790,6,186,1,1,5,3,2,4,2,2,1,2,1,6,2,6,1,1,24,21,"Male","Non-Black / Non-Hispanic","Northeast (CT, ME, MA, NH, NJ, NY, PA, RI, VT)","High school diploma (Regular 12 year program)","In CBSA, in central city","NO","3: Mother","YES","NO","YES","NO","YES","0: 0  CONDITION DOES NOT APPLY","ALWAYS WITH RIGHT HAND","ALWAYS WITH RIGHT HAND","ALWAYS WITH RIGHT HAND","ALWAYS WITH RIGHT HAND","ALWAYS WITH LEFT HAND","0: 0  CONDITION DOES NOT APPLY","1: 1  CONDITION APPLIES","NO","FEMALE","MALE"
1981,64735,3,0,2,33790,5,181,1,1,1,7,4,4,2,2,1,2,1,5,4,7,1,1,26,19,"Male","Non-Black / Non-Hispanic","North Central (IL, IN, IA, KS, MI, MN, MO, NE, OH, ND, SD, WI)","Master's degree (MA, MS)","In CBSA, not in central city","NO","3: Mother","YES","NO","NO","NO","NO","0: 0  CONDITION DOES NOT APPLY","ALWAYS WITH RIGHT HAND","ALWAYS WITH RIGHT HAND","ALWAYS WITH RIGHT HAND","ALWAYS WITH RIGHT HAND","ALWAYS WITH RIGHT HAND","1: 1  CONDITION APPLIES","1: 1  CONDITION APPLIES","NO","MALE","MALE"
1982,64735,1,0,7,33790,5,188,3,2,4,5,1,2,2,2,2,2,1,8,1,6,1,1,29,20,"Female","Non-Black / Non-Hispanic","West (AK, AZ, CA, CO, HI, ID, MT, NV, NM, OR, UT, WA, WY)","High school diploma (Regular 12 year program)","In CBSA, not in central city","NO","3: Mother","NO","NO","NO","NO","YES","0: 0  CONDITION DOES NOT APPLY","ALWAYS WITH RIGHT HAND","ALWAYS WITH RIGHT HAND","ALWAYS WITH RIGHT HAND","ALWAYS WITH RIGHT HAND","ALWAYS WITH LEFT HAND","1: 1  CONDITION APPLIES","0: 0  CONDITION DOES NOT APPLY","NO","FEMALE","FEMALE"
1984,64735,3,0,1,33790,5,155,2,2,1,3,4,4,2,2,1,2,1,3,1,8,1,1,28,19,"Male","Non-Black / Non-Hispanic","South (AL, AR, DE, DC, FL, GA, KY, LA, MD, MS, NC, OK, SC, TN , TX, VA, WV)","High school diploma (Regular 12 year program)","In CBSA, in central city","NO","3: Mother","NO","NO","NO","NO","YES","0: 0  CONDITION DOES NOT APPLY","ALWAYS WITH RIGHT HAND","ALWAYS WITH RIGHT HAND","ALWAYS WITH RIGHT HAND","ALWAYS WITH RIGHT HAND","ALWAYS WITH LEFT HAND","1: 1  CONDITION APPLIES","1: 1  CONDITION APPLIES","NO","MALE","MALE"
1984,64735,3,0,3,33790,5,150,1,1,4,4,5,4,2,2,1,1,1,6,1,6,1,1,29,18,"Female","Non-Black / Non-Hispanic","North Central (IL, IN, IA, KS, MI, MN, MO, NE, OH, ND, SD, WI)","Bachelor's degree (BA, BS)","In CBSA, not in central city","NO","3: Mother","YES","NO","NO","NO","YES","0: 0  CONDITION DOES NOT APPLY","ALWAYS WITH RIGHT HAND","ALWAYS WITH RIGHT HAND","ALWAYS WITH RIGHT HAND","ALWAYS WITH RIGHT HAND","ALWAYS WITH LEFT HAND","0: 0  CONDITION DOES NOT APPLY","1: 1  CONDITION APPLIES","YES","MALE","MALE"
1984,64735,4,0,5,33790,5,184,1,1,2,1,3,3,1,2,1,2,1,3,3,7,1,1,28,21,"Male","Black","North Central (IL, IN, IA, KS, MI, MN, MO, NE, OH, ND, SD, WI)","GED","In CBSA, in central city","NO","3: Mother","NO","NO","NO","NO","YES","0: 0  CONDITION DOES NOT APPLY","ALWAYS WITH RIGHT HAND","ALWAYS WITH RIGHT HAND","ALWAYS WITH RIGHT HAND","ALWAYS WITH RIGHT HAND","ALWAYS WITH LEFT HAND","1: 1  CONDITION APPLIES","1: 1  CONDITION APPLIES","NO","MALE","MALE"
1984,64735,3,0,3,33790,6,183,1,1,4,2,4,3,2,1,2,2,1,5,3,6,1,1,28,20,"Female","Non-Black / Non-Hispanic","Northeast (CT, ME, MA, NH, NJ, NY, PA, RI, VT)","High school diploma (Regular 12 year program)","In CBSA, not in central city","NO","3: Mother","YES","YES","NO","NO","YES","1: 1  CONDITION APPLIES","ALWAYS WITH RIGHT HAND","ALWAYS WITH RIGHT HAND","USUALLY WITH BOTH HANDS EQUALLY","ALWAYS WITH RIGHT HAND","ALWAYS WITH LEFT HAND","1: 1  CONDITION APPLIES","0: 0  CONDITION DOES NOT APPLY","NO","FEMALE","MALE"
1981,64735,3,0,2,33790,5,236,1,1,3,4,5,2,2,2,2,2,1,5,2,6,1,1,31,21,"Male","Non-Black / Non-Hispanic","North Central (IL, IN, IA, KS, MI, MN, MO, NE, OH, ND, SD, WI)","Associate/Junior college (AA)","In CBSA, not in central city","NO","3: Mother","YES","YES","NO","NO","NO","0: 0  CONDITION DOES NOT APPLY","ALWAYS WITH RIGHT HAND","ALWAYS WITH RIGHT HAND","ALWAYS WITH RIGHT HAND","ALWAYS WITH RIGHT HAND","ALWAYS WITH LEFT HAND","1: 1  CONDITION APPLIES","1: 1  CONDITION APPLIES","NO","FEMALE","FEMALE"
1981,64735,3,0,2,57000,5,185,1,1,5,3,2,3,2,2,2,2,1,2,3,7,1,1,28,21,"Male","Black","West (AK, AZ, CA, CO, HI, ID, MT, NV, NM, OR, UT, WA, WY)","GED","In CBSA, in central city","NO","3: Mother","YES","YES","NO","NO","YES","0: 0  CONDITION DOES NOT APPLY","ALWAYS WITH RIGHT HAND","ALWAYS WITH RIGHT HAND","ALWAYS WITH RIGHT HAND","ALWAYS WITH RIGHT HAND","ALWAYS WITH LEFT HAND","1: 1  CONDITION APPLIES","1: 1  CONDITION APPLIES","NO","FEMALE","FEMALE"
1981,64735,5,0,3,40000,5,179,2,1,5,2,4,2,2,2,2,2,1,5,3,5,1,1,30,24,"Male","Non-Black / Non-Hispanic","South (AL, AR, DE, DC, FL, GA, KY, LA, MD, MS, NC, OK, SC, TN , TX, VA, WV)","High school diploma (Regular 12 year program)","In CBSA, in central city","NO","3: Mother","YES","NO","NO","NO","YES","0: 0  CONDITION DOES NOT APPLY","ALWAYS WITH RIGHT HAND","ALWAYS WITH RIGHT HAND","USUALLY WITH BOTH HANDS EQUALLY","ALWAYS WITH RIGHT HAND","ALWAYS WITH LEFT HAND","0: 0  CONDITION DOES NOT APPLY","1: 1  CONDITION APPLIES","NO","MALE","MALE"
1983,45000,4,1,3,33790,5,184,1,1,3,1,2,1,2,2,1,1,1,9,1,6,1,1,31,24,"Male","Black","South (AL, AR, DE, DC, FL, GA, KY, LA, MD, MS, NC, OK, SC, TN , TX, VA, WV)","High school diploma (Regular 12 year program)","In CBSA, in central city","NO","3: Mother","YES","NO","NO","NO","NO","0: 0  CONDITION DOES NOT APPLY","ALWAYS WITH RIGHT HAND","ALWAYS WITH RIGHT HAND","ALWAYS WITH RIGHT HAND","ALWAYS WITH RIGHT HAND","ALWAYS WITH LEFT HAND","1: 1  CONDITION APPLIES","1: 1  CONDITION APPLIES","NO","MALE","MALE"
1980,64735,2,0,4,33790,6,250,2,2,4,5,1,3,2,2,2,2,2,4,10,6,1,1,28,20,"Male","Non-Black / Non-Hispanic","Northeast (CT, ME, MA, NH, NJ, NY, PA, RI, VT)","Bachelor's degree (BA, BS)","In CBSA, not in central city","NO","3: Mother","YES","NO","NO","NO","NO","0: 0  CONDITION DOES NOT APPLY","ALWAYS WITH RIGHT HAND","ALWAYS WITH RIGHT HAND","ALWAYS WITH RIGHT HAND","ALWAYS WITH RIGHT HAND","ALWAYS WITH LEFT HAND","0: 0  CONDITION DOES NOT APPLY","1: 1  CONDITION APPLIES","NO","FEMALE","MALE"
1980,64735,5,1,2,33790,5,178,1,1,4,3,6,5,2,2,1,2,1,6,2,7,1,1,33,25,"Female","Non-Black / Non-Hispanic","West (AK, AZ, CA, CO, HI, ID, MT, NV, NM, OR, UT, WA, WY)","High school diploma (Regular 12 year program)","In CBSA, in central city","NO","3: Mother","YES","NO","NO","NO","YES","0: 0  CONDITION DOES NOT APPLY","ALWAYS WITH RIGHT HAND","ALWAYS WITH RIGHT HAND","USUALLY WITH RIGHT HAND","ALWAYS WITH RIGHT HAND","USUALLY WITH RIGHT HAND","1: 1  CONDITION APPLIES","1: 1  CONDITION APPLIES","YES","FEMALE","FEMALE"
1983,4450,2,0,2,33790,5,182,1,1,3,2,2,4,2,1,2,2,2,3,2,8,1,1,34,37,"Female","Non-Black / Non-Hispanic","South (AL, AR, DE, DC, FL, GA, KY, LA, MD, MS, NC, OK, SC, TN , TX, VA, WV)","High school diploma (Regular 12 year program)","In CBSA, not in central city","YES","3: Mother","NO","NO","NO","NO","YES","0: 0  CONDITION DOES NOT APPLY","ALWAYS WITH RIGHT HAND","ALWAYS WITH RIGHT HAND","ALWAYS WITH RIGHT HAND","ALWAYS WITH RIGHT HAND","ALWAYS WITH RIGHT HAND","1: 1  CONDITION APPLIES","0: 0  CONDITION DOES NOT APPLY","NO","MALE","MALE"
1987,80000,3,0,2,33790,5,183,1,1,3,4,3,3,1,2,2,1,1,6,4,7,1,2,33,23,"Female","Black","North Central (IL, IN, IA, KS, MI, MN, MO, NE, OH, ND, SD, WI)","Professional degree (DDS, JD, MD)","In CBSA, not in central city","NO","3: Mother","YES","NO","NO","NO","YES","0: 0  CONDITION DOES NOT APPLY","ALWAYS WITH RIGHT HAND","ALWAYS WITH RIGHT HAND","ALWAYS WITH RIGHT HAND","ALWAYS WITH RIGHT HAND","ALWAYS WITH LEFT HAND","1: 1  CONDITION APPLIES","1: 1  CONDITION APPLIES","NO","MALE","FEMALE"
1981,64735,2,0,4,33790,5,181,1,1,4,3,4,6,2,2,1,1,2,6,1,7,1,1,31,23,"Female","Non-Black / Non-Hispanic","South (AL, AR, DE, DC, FL, GA, KY, LA, MD, MS, NC, OK, SC, TN , TX, VA, WV)","High school diploma (Regular 12 year program)","In CBSA, in central city","NO","3: Mother","YES","YES","NO","NO","YES","0: 0  CONDITION DOES NOT APPLY","ALWAYS WITH RIGHT HAND","ALWAYS WITH RIGHT HAND","ALWAYS WITH RIGHT HAND","ALWAYS WITH RIGHT HAND","ALWAYS WITH LEFT HAND","1: 1  CONDITION APPLIES","1: 1  CONDITION APPLIES","NO","FEMALE","MALE"
1983,64735,1,0,1,33790,5,182,1,1,5,3,2,3,2,2,2,2,1,6,3,6,1,1,33,25,"Male","Non-Black / Non-Hispanic","North Central (IL, IN, IA, KS, MI, MN, MO, NE, OH, ND, SD, WI)","GED","In CBSA, not in central city","NO","3: Mother","YES","NO","NO","NO","YES","0: 0  CONDITION DOES NOT APPLY","ALWAYS WITH RIGHT HAND","ALWAYS WITH RIGHT HAND","ALWAYS WITH RIGHT HAND","ALWAYS WITH RIGHT HAND","ALWAYS WITH LEFT HAND","1: 1  CONDITION APPLIES","1: 1  CONDITION APPLIES","NO","FEMALE","MALE"
1981,64735,2,0,2,32000,6,183,1,1,3,4,5,3,2,3,1,2,1,6,2,6,1,1,27,24,"Female","Non-Black / Non-Hispanic","South (AL, AR, DE, DC, FL, GA, KY, LA, MD, MS, NC, OK, SC, TN , TX, VA, WV)","Bachelor's degree (BA, BS)","In CBSA, not in central city","YES","3: Mother","YES","NO","NO","NO","YES","0: 0  CONDITION DOES NOT APPLY","ALWAYS WITH RIGHT HAND","ALWAYS WITH RIGHT HAND","ALWAYS WITH RIGHT HAND","USUALLY WITH RIGHT HAND","ALWAYS WITH LEFT HAND","1: 1  CONDITION APPLIES","1: 1  CONDITION APPLIES","NO","FEMALE","MALE"
1982,64735,1,0,2,33790,5,183,1,1,2,5,3,5,2,2,2,2,2,6,1,7,1,1,30,23,"Female","Non-Black / Non-Hispanic","West (AK, AZ, CA, CO, HI, ID, MT, NV, NM, OR, UT, WA, WY)","GED","In CBSA, not in central city","YES","3: Mother","NO","NO","NO","YES","NO","0: 0  CONDITION DOES NOT APPLY","ALWAYS WITH RIGHT HAND","ALWAYS WITH RIGHT HAND","ALWAYS WITH RIGHT HAND","ALWAYS WITH RIGHT HAND","ALWAYS WITH LEFT HAND","1: 1  CONDITION APPLIES","0: 0  CONDITION DOES NOT APPLY","NO","FEMALE","MALE"
1984,64735,2,0,1,33790,5,179,1,1,2,3,4,3,1,1,2,2,1,3,2,9,1,1,35,25,"Male","Non-Black / Non-Hispanic","North Central (IL, IN, IA, KS, MI, MN, MO, NE, OH, ND, SD, WI)","None","In CBSA, not in central city","NO","3: Mother","NO","YES","YES","NO","YES","0: 0  CONDITION DOES NOT APPLY","ALWAYS WITH RIGHT HAND","ALWAYS WITH RIGHT HAND","ALWAYS WITH RIGHT HAND","ALWAYS WITH RIGHT HAND","ALWAYS WITH LEFT HAND","1: 1  CONDITION APPLIES","1: 1  CONDITION APPLIES","NO","MALE","FEMALE"
1981,51750,3,1,3,33790,4,175,1,1,3,3,2,4,1,1,2,1,1,5,1,12,1,1,21,17,"Female","Non-Black / Non-Hispanic","South (AL, AR, DE, DC, FL, GA, KY, LA, MD, MS, NC, OK, SC, TN , TX, VA, WV)","GED","In CBSA, not in central city","NO","3: Mother","NO","NO","NO","NO","YES","0: 0  CONDITION DOES NOT APPLY","ALWAYS WITH RIGHT HAND","ALWAYS WITH RIGHT HAND","ALWAYS WITH RIGHT HAND","ALWAYS WITH RIGHT HAND","ALWAYS WITH RIGHT HAND","0: 0  CONDITION DOES NOT APPLY","1: 1  CONDITION APPLIES","NO","FEMALE","MALE"
1980,133000,5,2,2,33790,6,182,1,2,1,4,2,4,2,2,1,2,1,4,5,5,1,1,27,12,"Male","Non-Black / Non-Hispanic","North Central (IL, IN, IA, KS, MI, MN, MO, NE, OH, ND, SD, WI)","Bachelor's degree (BA, BS)","In CBSA, not in central city","NO","3: Mother","NO","NO","NO","NO","YES","0: 0  CONDITION DOES NOT APPLY","ALWAYS WITH RIGHT HAND","ALWAYS WITH RIGHT HAND","ALWAYS WITH RIGHT HAND","ALWAYS WITH RIGHT HAND","ALWAYS WITH LEFT HAND","1: 1  CONDITION APPLIES","1: 1  CONDITION APPLIES","NO","MALE","FEMALE"
1982,64735,3,0,2,33790,6,182,1,1,4,1,4,4,2,2,2,2,2,5,3,7,3,1,22,19,"Female","Non-Black / Non-Hispanic","North Central (IL, IN, IA, KS, MI, MN, MO, NE, OH, ND, SD, WI)","Bachelor's degree (BA, BS)","In CBSA, not in central city","YES","3: Mother","NO","NO","NO","NO","NO","0: 0  CONDITION DOES NOT APPLY","ALWAYS WITH RIGHT HAND","ALWAYS WITH RIGHT HAND","ALWAYS WITH RIGHT HAND","ALWAYS WITH RIGHT HAND","ALWAYS WITH LEFT HAND","1: 1  CONDITION APPLIES","1: 1  CONDITION APPLIES","NO","FEMALE","MALE"
1982,100300,2,0,2,33790,5,160,1,1,4,1,3,3,2,2,1,1,1,6,2,7,1,1,32,26,"Male","Non-Black / Non-Hispanic","South (AL, AR, DE, DC, FL, GA, KY, LA, MD, MS, NC, OK, SC, TN , TX, VA, WV)","High school diploma (Regular 12 year program)","In CBSA, not in central city","NO","3: Mother","YES","NO","NO","NO","YES","0: 0  CONDITION DOES NOT APPLY","ALWAYS WITH RIGHT HAND","ALWAYS WITH RIGHT HAND","ALWAYS WITH RIGHT HAND","ALWAYS WITH RIGHT HAND","ALWAYS WITH LEFT HAND","1: 1  CONDITION APPLIES","1: 1  CONDITION APPLIES","NO","FEMALE","MALE"
1983,64735,1,0,1,33790,5,181,1,1,2,3,4,5,2,2,1,2,1,6,2,6,1,1,35,26,"Male","Non-Black / Non-Hispanic","North Central (IL, IN, IA, KS, MI, MN, MO, NE, OH, ND, SD, WI)","Master's degree (MA, MS)","In CBSA, not in central city","YES","3: Mother","YES","NO","YES","NO","YES","0: 0  CONDITION DOES NOT APPLY","ALWAYS WITH RIGHT HAND","USUALLY WITH RIGHT HAND","USUALLY WITH RIGHT HAND","ALWAYS WITH RIGHT HAND","ALWAYS WITH LEFT HAND","1: 1  CONDITION APPLIES","0: 0  CONDITION DOES NOT APPLY","NO","FEMALE","FEMALE"
1984,64735,4,0,3,33790,5,181,1,2,3,3,1,3,2,2,1,2,1,4,2,7,1,1,32,24,"Female","Black","North Central (IL, IN, IA, KS, MI, MN, MO, NE, OH, ND, SD, WI)","Bachelor's degree (BA, BS)","In CBSA, not in central city","YES","3: Mother","YES","NO","NO","NO","YES","0: 0  CONDITION DOES NOT APPLY","ALWAYS WITH RIGHT HAND","ALWAYS WITH RIGHT HAND","ALWAYS WITH RIGHT HAND","ALWAYS WITH RIGHT HAND","ALWAYS WITH LEFT HAND","1: 1  CONDITION APPLIES","1: 1  CONDITION APPLIES","NO","MALE","FEMALE"
1980,64735,4,0,4,33790,5,184,1,1,3,6,5,6,2,1,2,2,1,6,1,6,1,1,33,21,"Male","Non-Black / Non-Hispanic","Northeast (CT, ME, MA, NH, NJ, NY, PA, RI, VT)","High school diploma (Regular 12 year program)","In CBSA, in central city","NO","3: Mother","NO","NO","NO","NO","YES","0: 0  CONDITION DOES NOT APPLY","ALWAYS WITH RIGHT HAND","ALWAYS WITH RIGHT HAND","ALWAYS WITH RIGHT HAND","ALWAYS WITH RIGHT HAND","ALWAYS WITH RIGHT HAND","1: 1  CONDITION APPLIES","1: 1  CONDITION APPLIES","NO","MALE","MALE"
1985,64735,3,1,1,33790,6,188,2,2,4,4,3,3,2,2,1,2,2,1,1,5,1,1,30,22,"Male","Non-Black / Non-Hispanic","South (AL, AR, DE, DC, FL, GA, KY, LA, MD, MS, NC, OK, SC, TN , TX, VA, WV)","High school diploma (Regular 12 year program)","In CBSA, in central city","NO","3: Mother","YES","NO","NO","NO","YES","0: 0  CONDITION DOES NOT APPLY","ALWAYS WITH RIGHT HAND","ALWAYS WITH RIGHT HAND","ALWAYS WITH RIGHT HAND","ALWAYS WITH RIGHT HAND","ALWAYS WITH LEFT HAND","1: 1  CONDITION APPLIES","1: 1  CONDITION APPLIES","NO","FEMALE","FEMALE"
1983,64735,4,2,1,33790,5,183,1,1,3,5,2,4,2,2,1,2,2,7,5,7,1,1,30,18,"Female","Non-Black / Non-Hispanic","South (AL, AR, DE, DC, FL, GA, KY, LA, MD, MS, NC, OK, SC, TN , TX, VA, WV)","High school diploma (Regular 12 year program)","In CBSA, not in central city","NO","3: Mother","NO","NO","NO","NO","YES","0: 0  CONDITION DOES NOT APPLY","ALWAYS WITH RIGHT HAND","ALWAYS WITH RIGHT HAND","ALWAYS WITH RIGHT HAND","ALWAYS WITH RIGHT HAND","ALWAYS WITH LEFT HAND","1: 1  CONDITION APPLIES","1: 1  CONDITION APPLIES","NO","MALE","FEMALE"
1983,65353,3,1,2,33790,5,183,1,1,4,4,2,3,1,2,1,2,1,7,1,7,3,1,30,21,"Male","Non-Black / Non-Hispanic","West (AK, AZ, CA, CO, HI, ID, MT, NV, NM, OR, UT, WA, WY)","Bachelor's degree (BA, BS)","In CBSA, in central city","NO","3: Mother","NO","YES","NO","NO","YES","0: 0  CONDITION DOES NOT APPLY","ALWAYS WITH RIGHT HAND","ALWAYS WITH RIGHT HAND","ALWAYS WITH RIGHT HAND","ALWAYS WITH RIGHT HAND","ALWAYS WITH LEFT HAND","1: 1  CONDITION APPLIES","1: 1  CONDITION APPLIES","NO","MALE","MALE"
1981,64735,1,0,2,33790,6,245,1,1,2,4,2,3,2,1,1,2,1,5,2,7,1,1,29,21,"Male","Non-Black / Non-Hispanic","North Central (IL, IN, IA, KS, MI, MN, MO, NE, OH, ND, SD, WI)","High school diploma (Regular 12 year program)","In CBSA, not in central city","NO","3: Mother","NO","NO","NO","NO","YES","0: 0  CONDITION DOES NOT APPLY","ALWAYS WITH RIGHT HAND","ALWAYS WITH RIGHT HAND","ALWAYS WITH RIGHT HAND","ALWAYS WITH RIGHT HAND","ALWAYS WITH LEFT HAND","1: 1  CONDITION APPLIES","1: 1  CONDITION APPLIES","NO","FEMALE","MALE"
1981,64735,2,0,1,33790,5,182,1,2,3,2,6,3,2,2,2,1,1,6,1,6,1,1,29,21,"Female","Non-Black / Non-Hispanic","Northeast (CT, ME, MA, NH, NJ, NY, PA, RI, VT)","None","Not in country","NO","3: Mother","NO","NO","NO","NO","YES","0: 0  CONDITION DOES NOT APPLY","ALWAYS WITH LEFT HAND","ALWAYS WITH RIGHT HAND","ALWAYS WITH RIGHT HAND","DON'T DO THIS ACTIVITY","ALWAYS WITH LEFT HAND","1: 1  CONDITION APPLIES","0: 0  CONDITION DOES NOT APPLY","NO","MALE","MALE"
1982,64735,3,1,1,42000,5,184,2,1,4,1,4,3,2,2,1,2,1,6,2,7,1,1,31,21,"Female","Non-Black / Non-Hispanic","South (AL, AR, DE, DC, FL, GA, KY, LA, MD, MS, NC, OK, SC, TN , TX, VA, WV)","GED","In CBSA, in central city","NO","3: Mother","YES","NO","NO","NO","YES","0: 0  CONDITION DOES NOT APPLY","ALWAYS WITH RIGHT HAND","ALWAYS WITH LEFT HAND","USUALLY WITH RIGHT HAND","ALWAYS WITH LEFT HAND","ALWAYS WITH RIGHT HAND","1: 1  CONDITION APPLIES","1: 1  CONDITION APPLIES","NO","MALE","FEMALE"
1984,64735,2,1,5,33790,6,220,2,1,3,5,2,1,2,2,1,2,1,4,2,8,1,1,30,21,"Male","Non-Black / Non-Hispanic","South (AL, AR, DE, DC, FL, GA, KY, LA, MD, MS, NC, OK, SC, TN , TX, VA, WV)","Bachelor's degree (BA, BS)","In CBSA, in central city","NO","3: Mother","NO","YES","YES","NO","YES","0: 0  CONDITION DOES NOT APPLY","ALWAYS WITH RIGHT HAND","ALWAYS WITH RIGHT HAND","ALWAYS WITH RIGHT HAND","ALWAYS WITH RIGHT HAND","ALWAYS WITH LEFT HAND","1: 1  CONDITION APPLIES","1: 1  CONDITION APPLIES","NO","FEMALE","FEMALE"
1982,64735,3,1,2,33790,5,182,1,2,3,3,2,5,2,2,1,1,1,4,2,6,1,1,28,19,"Male","Non-Black / Non-Hispanic","South (AL, AR, DE, DC, FL, GA, KY, LA, MD, MS, NC, OK, SC, TN , TX, VA, WV)","High school diploma (Regular 12 year program)","In CBSA, in central city","NO","3: Mother","YES","NO","NO","NO","YES","0: 0  CONDITION DOES NOT APPLY","ALWAYS WITH RIGHT HAND","ALWAYS WITH RIGHT HAND","ALWAYS WITH RIGHT HAND","USUALLY WITH RIGHT HAND","ALWAYS WITH LEFT HAND","1: 1  CONDITION APPLIES","1: 1  CONDITION APPLIES","NO","FEMALE","FEMALE"
1984,64735,2,0,1,33790,6,186,1,2,4,4,3,5,2,1,2,1,1,4,4,7,1,1,26,19,"Male","Non-Black / Non-Hispanic","South (AL, AR, DE, DC, FL, GA, KY, LA, MD, MS, NC, OK, SC, TN , TX, VA, WV)","High school diploma (Regular 12 year program)","In CBSA, in central city","NO","3: Mother","YES","NO","NO","NO","YES","0: 0  CONDITION DOES NOT APPLY","ALWAYS WITH RIGHT HAND","ALWAYS WITH RIGHT HAND","ALWAYS WITH RIGHT HAND","ALWAYS WITH RIGHT HAND","ALWAYS WITH LEFT HAND","1: 1  CONDITION APPLIES","1: 1  CONDITION APPLIES","NO","FEMALE","MALE"
1981,169100,3,1,2,33790,5,180,1,2,2,4,7,4,2,2,1,2,1,6,3,6,1,1,60,60,"Female","Non-Black / Non-Hispanic","North Central (IL, IN, IA, KS, MI, MN, MO, NE, OH, ND, SD, WI)","Master's degree (MA, MS)","In CBSA, in central city","YES","3: Mother","YES","NO","NO","NO","YES","0: 0  CONDITION DOES NOT APPLY","ALWAYS WITH RIGHT HAND","ALWAYS WITH RIGHT HAND","ALWAYS WITH RIGHT HAND","ALWAYS WITH RIGHT HAND","ALWAYS WITH LEFT HAND","0: 0  CONDITION DOES NOT APPLY","1: 1  CONDITION APPLIES","NO","FEMALE","MALE"
1982,64735,2,0,4,33790,6,186,1,2,6,1,5,2,2,2,2,2,1,3,3,6,1,1,31,21,"Male","Black","South (AL, AR, DE, DC, FL, GA, KY, LA, MD, MS, NC, OK, SC, TN , TX, VA, WV)","High school diploma (Regular 12 year program)","In CBSA, not in central city","NO","3: Mother","NO","NO","NO","NO","YES","0: 0  CONDITION DOES NOT APPLY","ALWAYS WITH RIGHT HAND","ALWAYS WITH RIGHT HAND","ALWAYS WITH RIGHT HAND","ALWAYS WITH RIGHT HAND","USUALLY WITH BOTH HANDS EQUALLY","1: 1  CONDITION APPLIES","1: 1  CONDITION APPLIES","NO","FEMALE","MALE"
1984,52750,6,2,1,33790,5,182,1,1,3,3,4,3,2,2,2,2,1,6,2,7,1,1,25,15,"Female","Black","North Central (IL, IN, IA, KS, MI, MN, MO, NE, OH, ND, SD, WI)","Bachelor's degree (BA, BS)","In CBSA, not in central city","NO","3: Mother","YES","NO","NO","NO","YES","0: 0  CONDITION DOES NOT APPLY","ALWAYS WITH RIGHT HAND","ALWAYS WITH RIGHT HAND","ALWAYS WITH RIGHT HAND","ALWAYS WITH RIGHT HAND","ALWAYS WITH LEFT HAND","1: 1  CONDITION APPLIES","0: 0  CONDITION DOES NOT APPLY","NO","MALE","FEMALE"
1983,64735,3,0,2,33790,5,182,1,1,3,4,2,4,2,2,1,2,1,8,4,7,1,1,30,20,"Female","Non-Black / Non-Hispanic","North Central (IL, IN, IA, KS, MI, MN, MO, NE, OH, ND, SD, WI)","High school diploma (Regular 12 year program)","In CBSA, not in central city","NO","3: Mother","YES","NO","NO","NO","YES","0: 0  CONDITION DOES NOT APPLY","ALWAYS WITH RIGHT HAND","ALWAYS WITH RIGHT HAND","ALWAYS WITH RIGHT HAND","ALWAYS WITH RIGHT HAND","ALWAYS WITH LEFT HAND","1: 1  CONDITION APPLIES","1: 1  CONDITION APPLIES","NO","MALE","FEMALE"
1984,86000,2,0,1,33790,6,170,1,2,4,3,3,5,2,2,1,2,1,5,2,7,2,1,27,20,"Female","Non-Black / Non-Hispanic","North Central (IL, IN, IA, KS, MI, MN, MO, NE, OH, ND, SD, WI)","Bachelor's degree (BA, BS)","In CBSA, not in central city","NO","3: Mother","YES","NO","NO","NO","YES","0: 0  CONDITION DOES NOT APPLY","ALWAYS WITH RIGHT HAND","ALWAYS WITH RIGHT HAND","ALWAYS WITH RIGHT HAND","ALWAYS WITH RIGHT HAND","ALWAYS WITH LEFT HAND","1: 1  CONDITION APPLIES","1: 1  CONDITION APPLIES","NO","FEMALE","MALE"
1980,114750,4,1,2,33790,6,184,1,2,1,4,3,4,2,2,1,1,1,5,2,4,1,2,26,2,"Male","Non-Black / Non-Hispanic","North Central (IL, IN, IA, KS, MI, MN, MO, NE, OH, ND, SD, WI)","High school diploma (Regular 12 year program)","Not in CBSA","NO","3: Mother","YES","NO","NO","NO","YES","0: 0  CONDITION DOES NOT APPLY","ALWAYS WITH RIGHT HAND","ALWAYS WITH RIGHT HAND","ALWAYS WITH RIGHT HAND","ALWAYS WITH RIGHT HAND","ALWAYS WITH RIGHT HAND","0: 0  CONDITION DOES NOT APPLY","1: 1  CONDITION APPLIES","NO","FEMALE","FEMALE"
1985,64735,4,0,1,65000,5,190,2,3,2,4,2,2,2,2,2,2,2,8,5,5,1,1,29,17,"Female","Hispanic","North Central (IL, IN, IA, KS, MI, MN, MO, NE, OH, ND, SD, WI)","None","In CBSA, not in central city","NO","3: Mother","YES","YES","NO","NO","NO","0: 0  CONDITION DOES NOT APPLY","ALWAYS WITH RIGHT HAND","ALWAYS WITH RIGHT HAND","ALWAYS WITH RIGHT HAND","ALWAYS WITH RIGHT HAND","ALWAYS WITH LEFT HAND","1: 1  CONDITION APPLIES","1: 1  CONDITION APPLIES","YES","FEMALE","FEMALE"
1982,64735,4,1,2,33790,5,152,2,1,3,4,4,3,2,2,1,2,1,5,3,7,1,1,31,20,"Male","Non-Black / Non-Hispanic","North Central (IL, IN, IA, KS, MI, MN, MO, NE, OH, ND, SD, WI)","High school diploma (Regular 12 year program)","In CBSA, not in central city","NO","3: Mother","NO","NO","NO","NO","YES","0: 0  CONDITION DOES NOT APPLY","ALWAYS WITH RIGHT HAND","ALWAYS WITH RIGHT HAND","ALWAYS WITH RIGHT HAND","ALWAYS WITH RIGHT HAND","ALWAYS WITH LEFT HAND","1: 1  CONDITION APPLIES","1: 1  CONDITION APPLIES","NO","MALE","FEMALE"
1982,64735,3,1,1,33790,5,183,2,2,6,4,3,5,2,2,1,2,2,8,2,5,1,1,29,19,"Female","Non-Black / Non-Hispanic","North Central (IL, IN, IA, KS, MI, MN, MO, NE, OH, ND, SD, WI)","Bachelor's degree (BA, BS)","In CBSA, in central city","YES","3: Mother","YES","NO","NO","NO","YES","0: 0  CONDITION DOES NOT APPLY","ALWAYS WITH RIGHT HAND","ALWAYS WITH RIGHT HAND","ALWAYS WITH RIGHT HAND","ALWAYS WITH RIGHT HAND","ALWAYS WITH LEFT HAND","1: 1  CONDITION APPLIES","1: 1  CONDITION APPLIES","NO","FEMALE","FEMALE"
1985,64735,4,0,5,33790,5,184,1,1,5,5,3,4,2,2,2,2,2,6,4,7,1,1,28,22,"Male","Non-Black / Non-Hispanic","North Central (IL, IN, IA, KS, MI, MN, MO, NE, OH, ND, SD, WI)","Master's degree (MA, MS)","In CBSA, not in central city","YES","3: Mother","YES","NO","YES","NO","YES","0: 0  CONDITION DOES NOT APPLY","ALWAYS WITH RIGHT HAND","ALWAYS WITH RIGHT HAND","ALWAYS WITH RIGHT HAND","ALWAYS WITH RIGHT HAND","ALWAYS WITH LEFT HAND","1: 1  CONDITION APPLIES","1: 1  CONDITION APPLIES","NO","FEMALE","FEMALE"
1987,64735,3,0,1,33790,5,183,1,1,1,4,2,4,1,2,2,2,1,3,2,9,1,1,40,57,"Female","Non-Black / Non-Hispanic","South (AL, AR, DE, DC, FL, GA, KY, LA, MD, MS, NC, OK, SC, TN , TX, VA, WV)","Bachelor's degree (BA, BS)","In CBSA, in central city","YES","3: Mother","NO","YES","NO","NO","YES","1: 1  CONDITION APPLIES","ALWAYS WITH RIGHT HAND","ALWAYS WITH RIGHT HAND","ALWAYS WITH RIGHT HAND","ALWAYS WITH RIGHT HAND","ALWAYS WITH RIGHT HAND","1: 1  CONDITION APPLIES","1: 1  CONDITION APPLIES","NO","MALE","MALE"
1981,64735,3,1,3,33790,6,184,1,3,2,4,4,5,2,2,1,2,2,4,2,7,1,1,25,4,"Male","Non-Black / Non-Hispanic","North Central (IL, IN, IA, KS, MI, MN, MO, NE, OH, ND, SD, WI)","High school diploma (Regular 12 year program)","In CBSA, not in central city","NO","3: Mother","YES","NO","YES","NO","YES","0: 0  CONDITION DOES NOT APPLY","ALWAYS WITH RIGHT HAND","ALWAYS WITH RIGHT HAND","ALWAYS WITH RIGHT HAND","ALWAYS WITH RIGHT HAND","ALWAYS WITH LEFT HAND","1: 1  CONDITION APPLIES","1: 1  CONDITION APPLIES","NO","FEMALE","FEMALE"
1981,64735,3,0,1,33790,5,183,1,1,4,3,5,6,2,2,2,2,1,5,4,7,1,1,28,2,"Female","Black","Northeast (CT, ME, MA, NH, NJ, NY, PA, RI, VT)","Bachelor's degree (BA, BS)","In CBSA, not in central city","NO","3: Mother","NO","NO","NO","NO","YES","0: 0  CONDITION DOES NOT APPLY","ALWAYS WITH LEFT HAND","ALWAYS WITH LEFT HAND","ALWAYS WITH LEFT HAND","ALWAYS WITH LEFT HAND","ALWAYS WITH RIGHT HAND","1: 1  CONDITION APPLIES","1: 1  CONDITION APPLIES","NO","MALE","FEMALE"
1980,64735,4,0,1,33790,5,183,2,2,3,5,2,3,2,3,1,2,1,6,1,7,1,2,32,24,"Female","Non-Black / Non-Hispanic","Northeast (CT, ME, MA, NH, NJ, NY, PA, RI, VT)","High school diploma (Regular 12 year program)","In CBSA, in central city","YES","3: Mother","YES","NO","NO","NO","YES","0: 0  CONDITION DOES NOT APPLY","ALWAYS WITH RIGHT HAND","ALWAYS WITH RIGHT HAND","ALWAYS WITH RIGHT HAND","ALWAYS WITH RIGHT HAND","ALWAYS WITH LEFT HAND","0: 0  CONDITION DOES NOT APPLY","1: 1  CONDITION APPLIES","YES","FEMALE","MALE"
1987,64735,3,0,1,33790,5,105,1,1,5,3,7,1,2,2,2,2,1,6,4,6,1,1,33,23,"Female","Hispanic","North Central (IL, IN, IA, KS, MI, MN, MO, NE, OH, ND, SD, WI)","High school diploma (Regular 12 year program)","In CBSA, not in central city","NO","3: Mother","YES","NO","YES","NO","YES","0: 0  CONDITION DOES NOT APPLY","ALWAYS WITH RIGHT HAND","ALWAYS WITH RIGHT HAND","ALWAYS WITH RIGHT HAND","ALWAYS WITH RIGHT HAND","ALWAYS WITH LEFT HAND","1: 1  CONDITION APPLIES","1: 1  CONDITION APPLIES","NO","MALE","MALE"
1982,64735,3,0,1,33790,5,181,1,1,3,4,5,3,2,2,2,2,1,6,2,6,1,1,34,23,"Female","Non-Black / Non-Hispanic","North Central (IL, IN, IA, KS, MI, MN, MO, NE, OH, ND, SD, WI)","Bachelor's degree (BA, BS)","In CBSA, in central city","NO","3: Mother","YES","NO","NO","NO","YES","0: 0  CONDITION DOES NOT APPLY","ALWAYS WITH RIGHT HAND","ALWAYS WITH RIGHT HAND","ALWAYS WITH RIGHT HAND","ALWAYS WITH RIGHT HAND","ALWAYS WITH RIGHT HAND","1: 1  CONDITION APPLIES","1: 1  CONDITION APPLIES","NO","MALE","MALE"
1980,64735,5,1,3,33790,5,181,2,1,1,4,2,4,2,2,1,1,1,5,5,8,1,1,35,24,"Female","Non-Black / Non-Hispanic","South (AL, AR, DE, DC, FL, GA, KY, LA, MD, MS, NC, OK, SC, TN , TX, VA, WV)","High school diploma (Regular 12 year program)","In CBSA, not in central city","NO","3: Mother","NO","NO","NO","NO","YES","0: 0  CONDITION DOES NOT APPLY","USUALLY WITH RIGHT HAND","ALWAYS WITH RIGHT HAND","USUALLY WITH BOTH HANDS EQUALLY","ALWAYS WITH RIGHT HAND","ALWAYS WITH LEFT HAND","1: 1  CONDITION APPLIES","1: 1  CONDITION APPLIES","NO","MALE","MALE"
1983,64735,4,0,1,33790,5,181,1,1,2,4,5,5,2,2,1,1,1,7,2,6,1,1,30,18,"Male","Non-Black / Non-Hispanic","South (AL, AR, DE, DC, FL, GA, KY, LA, MD, MS, NC, OK, SC, TN , TX, VA, WV)","High school diploma (Regular 12 year program)","In CBSA, not in central city","NO","3: Mother","NO","NO","NO","NO","YES","0: 0  CONDITION DOES NOT APPLY","ALWAYS WITH RIGHT HAND","ALWAYS WITH RIGHT HAND","ALWAYS WITH RIGHT HAND","ALWAYS WITH RIGHT HAND","ALWAYS WITH LEFT HAND","1: 1  CONDITION APPLIES","1: 1  CONDITION APPLIES","NO","MALE","MALE"
1982,64735,3,0,2,33790,6,182,1,1,4,3,2,3,2,2,1,2,1,6,2,7,1,1,32,23,"Female","Non-Black / Non-Hispanic","Northeast (CT, ME, MA, NH, NJ, NY, PA, RI, VT)","High school diploma (Regular 12 year program)","In CBSA, not in central city","NO","3: Mother","YES","NO","NO","NO","YES","0: 0  CONDITION DOES NOT APPLY","ALWAYS WITH RIGHT HAND","USUALLY WITH RIGHT HAND","ALWAYS WITH RIGHT HAND","ALWAYS WITH RIGHT HAND","ALWAYS WITH RIGHT HAND","1: 1  CONDITION APPLIES","1: 1  CONDITION APPLIES","NO","FEMALE","MALE"
1982,32000,3,1,1,33790,6,187,1,1,6,1,5,2,2,2,2,1,1,5,3,7,1,1,33,22,"Male","Non-Black / Non-Hispanic","North Central (IL, IN, IA, KS, MI, MN, MO, NE, OH, ND, SD, WI)","High school diploma (Regular 12 year program)","In CBSA, in central city","NO","3: Mother","YES","NO","NO","NO","NO","0: 0  CONDITION DOES NOT APPLY","USUALLY WITH RIGHT HAND","ALWAYS WITH RIGHT HAND","ALWAYS WITH RIGHT HAND","USUALLY WITH RIGHT HAND","ALWAYS WITH LEFT HAND","1: 1  CONDITION APPLIES","0: 0  CONDITION DOES NOT APPLY","NO","FEMALE","MALE"
1985,64735,4,1,2,33790,5,185,1,1,4,3,1,4,2,2,2,1,1,8,3,7,1,1,30,21,"Male","Non-Black / Non-Hispanic","Northeast (CT, ME, MA, NH, NJ, NY, PA, RI, VT)","High school diploma (Regular 12 year program)","In CBSA, not in central city","NO","3: Mother","YES","NO","NO","YES","YES","0: 0  CONDITION DOES NOT APPLY","ALWAYS WITH RIGHT HAND","ALWAYS WITH RIGHT HAND","USUALLY WITH BOTH HANDS EQUALLY","ALWAYS WITH RIGHT HAND","ALWAYS WITH LEFT HAND","1: 1  CONDITION APPLIES","1: 1  CONDITION APPLIES","NO","FEMALE","FEMALE"
1980,64735,7,2,1,33790,6,185,1,1,2,5,1,2,2,1,1,2,1,6,2,5,1,1,47,19,"Female","Non-Black / Non-Hispanic","North Central (IL, IN, IA, KS, MI, MN, MO, NE, OH, ND, SD, WI)","High school diploma (Regular 12 year program)","In CBSA, not in central city","NO","3: Mother","NO","NO","NO","NO","YES","0: 0  CONDITION DOES NOT APPLY","DON'T DO THIS ACTIVITY","DON'T DO THIS ACTIVITY","ALWAYS WITH RIGHT HAND","DON'T DO THIS ACTIVITY","ALWAYS WITH LEFT HAND","1: 1  CONDITION APPLIES","1: 1  CONDITION APPLIES","NO","FEMALE","MALE"
1984,64735,3,1,1,33790,5,182,2,2,2,4,4,3,2,1,1,2,1,3,3,8,1,1,29,22,"Male","Non-Black / Non-Hispanic","West (AK, AZ, CA, CO, HI, ID, MT, NV, NM, OR, UT, WA, WY)","High school diploma (Regular 12 year program)","In CBSA, not in central city","YES","3: Mother","NO","NO","NO","NO","NO","0: 0  CONDITION DOES NOT APPLY","ALWAYS WITH RIGHT HAND","ALWAYS WITH RIGHT HAND","ALWAYS WITH RIGHT HAND","DON'T DO THIS ACTIVITY","ALWAYS WITH LEFT HAND","0: 0  CONDITION DOES NOT APPLY","1: 1  CONDITION APPLIES","NO","FEMALE","MALE"
1982,64735,3,0,2,5000,5,186,2,2,3,4,2,7,1,2,1,1,1,6,2,6,1,1,31,26,"Female","Black","South (AL, AR, DE, DC, FL, GA, KY, LA, MD, MS, NC, OK, SC, TN , TX, VA, WV)","Bachelor's degree (BA, BS)","In CBSA, not in central city","YES","3: Mother","NO","NO","NO","NO","YES","0: 0  CONDITION DOES NOT APPLY","ALWAYS WITH RIGHT HAND","ALWAYS WITH RIGHT HAND","ALWAYS WITH RIGHT HAND","ALWAYS WITH RIGHT HAND","ALWAYS WITH LEFT HAND","1: 1  CONDITION APPLIES","1: 1  CONDITION APPLIES","NO","FEMALE","FEMALE"
1982,64735,3,0,3,33790,5,181,1,1,1,2,4,5,2,2,1,2,2,6,3,5,1,1,28,18,"Female","Black","South (AL, AR, DE, DC, FL, GA, KY, LA, MD, MS, NC, OK, SC, TN , TX, VA, WV)","Bachelor's degree (BA, BS)","In CBSA, not in central city","NO","3: Mother","YES","NO","NO","NO","YES","0: 0  CONDITION DOES NOT APPLY","ALWAYS WITH RIGHT HAND","ALWAYS WITH RIGHT HAND","ALWAYS WITH RIGHT HAND","ALWAYS WITH RIGHT HAND","ALWAYS WITH LEFT HAND","1: 1  CONDITION APPLIES","1: 1  CONDITION APPLIES","NO","FEMALE","FEMALE"
1983,64735,2,1,1,30000,5,179,1,1,1,2,7,4,2,1,2,1,2,1,3,8,1,2,27,20,"Male","Non-Black / Non-Hispanic","North Central (IL, IN, IA, KS, MI, MN, MO, NE, OH, ND, SD, WI)","None","In CBSA, not in central city","NO","3: Mother","YES","YES","NO","NO","YES","0: 0  CONDITION DOES NOT APPLY","ALWAYS WITH RIGHT HAND","ALWAYS WITH RIGHT HAND","ALWAYS WITH RIGHT HAND","ALWAYS WITH RIGHT HAND","ALWAYS WITH LEFT HAND","1: 1  CONDITION APPLIES","1: 1  CONDITION APPLIES","NO","FEMALE","MALE"
1981,64735,3,1,1,33790,5,181,1,1,1,5,4,4,1,2,1,2,1,6,3,6,1,1,50,23,"Female","Non-Black / Non-Hispanic","South (AL, AR, DE, DC, FL, GA, KY, LA, MD, MS, NC, OK, SC, TN , TX, VA, WV)","Bachelor's degree (BA, BS)","In CBSA, not in central city","NO","3: Mother","YES","NO","NO","NO","YES","0: 0  CONDITION DOES NOT APPLY","ALWAYS WITH RIGHT HAND","ALWAYS WITH RIGHT HAND","ALWAYS WITH RIGHT HAND","ALWAYS WITH RIGHT HAND","ALWAYS WITH LEFT HAND","1: 1  CONDITION APPLIES","1: 1  CONDITION APPLIES","NO","FEMALE","FEMALE"
1980,64735,4,0,1,33790,5,184,2,2,4,4,5,3,2,2,1,1,1,2,2,8,1,2,40,73,"Female","Non-Black / Non-Hispanic","South (AL, AR, DE, DC, FL, GA, KY, LA, MD, MS, NC, OK, SC, TN , TX, VA, WV)","None","In CBSA, in central city","YES","3: Mother","NO","YES","NO","NO","YES","0: 0  CONDITION DOES NOT APPLY","ALWAYS WITH RIGHT HAND","ALWAYS WITH RIGHT HAND","ALWAYS WITH RIGHT HAND","ALWAYS WITH RIGHT HAND","ALWAYS WITH LEFT HAND","1: 1  CONDITION APPLIES","1: 1  CONDITION APPLIES","NO","FEMALE","MALE"
1981,64735,4,1,1,33790,5,140,1,2,2,4,6,4,1,1,1,1,1,2,2,6,1,1,31,18,"Female","Hispanic","South (AL, AR, DE, DC, FL, GA, KY, LA, MD, MS, NC, OK, SC, TN , TX, VA, WV)","Master's degree (MA, MS)","In CBSA, in central city","NO","3: Mother","NO","NO","NO","NO","YES","0: 0  CONDITION DOES NOT APPLY","ALWAYS WITH RIGHT HAND","DON'T DO THIS ACTIVITY","DON'T DO THIS ACTIVITY","ALWAYS WITH RIGHT HAND","ALWAYS WITH LEFT HAND","1: 1  CONDITION APPLIES","1: 1  CONDITION APPLIES","NO","FEMALE","FEMALE"
1983,64735,3,0,2,30000,5,183,1,1,5,6,5,6,2,2,1,2,1,6,2,7,3,1,34,23,"Male","Non-Black / Non-Hispanic","South (AL, AR, DE, DC, FL, GA, KY, LA, MD, MS, NC, OK, SC, TN , TX, VA, WV)","Bachelor's degree (BA, BS)","In CBSA, not in central city","NO","3: Mother","YES","NO","NO","NO","NO","0: 0  CONDITION DOES NOT APPLY","ALWAYS WITH RIGHT HAND","ALWAYS WITH RIGHT HAND","ALWAYS WITH LEFT HAND","ALWAYS WITH RIGHT HAND","ALWAYS WITH LEFT HAND","1: 1  CONDITION APPLIES","1: 1  CONDITION APPLIES","NO","FEMALE","MALE"
1981,64735,2,1,1,33790,5,183,2,1,2,3,5,5,2,1,1,1,1,5,3,7,1,1,34,23,"Male","Non-Black / Non-Hispanic","Northeast (CT, ME, MA, NH, NJ, NY, PA, RI, VT)","Associate/Junior college (AA)","In CBSA, in central city","NO","3: Mother","YES","NO","NO","NO","YES","0: 0  CONDITION DOES NOT APPLY","ALWAYS WITH RIGHT HAND","ALWAYS WITH RIGHT HAND","ALWAYS WITH RIGHT HAND","ALWAYS WITH RIGHT HAND","ALWAYS WITH LEFT HAND","1: 1  CONDITION APPLIES","1: 1  CONDITION APPLIES","YES","FEMALE","MALE"
1983,95000,2,0,3,33790,5,182,1,1,3,5,2,3,2,2,1,2,1,6,1,8,4,1,28,20,"Male","Non-Black / Non-Hispanic","South (AL, AR, DE, DC, FL, GA, KY, LA, MD, MS, NC, OK, SC, TN , TX, VA, WV)","Bachelor's degree (BA, BS)","In CBSA, not in central city","NO","3: Mother","NO","NO","NO","NO","YES","0: 0  CONDITION DOES NOT APPLY","ALWAYS WITH RIGHT HAND","ALWAYS WITH RIGHT HAND","ALWAYS WITH RIGHT HAND","ALWAYS WITH RIGHT HAND","ALWAYS WITH LEFT HAND","1: 1  CONDITION APPLIES","1: 1  CONDITION APPLIES","NO","FEMALE","FEMALE"
1981,111000,2,0,1,146002,5,183,1,2,1,4,6,3,2,2,2,2,1,6,3,7,1,1,31,21,"Male","Black","South (AL, AR, DE, DC, FL, GA, KY, LA, MD, MS, NC, OK, SC, TN , TX, VA, WV)","None","In CBSA, not in central city","NO","3: Mother","NO","YES","NO","NO","YES","0: 0  CONDITION DOES NOT APPLY","ALWAYS WITH RIGHT HAND","ALWAYS WITH RIGHT HAND","ALWAYS WITH RIGHT HAND","ALWAYS WITH RIGHT HAND","ALWAYS WITH LEFT HAND","1: 1  CONDITION APPLIES","1: 1  CONDITION APPLIES","NO","FEMALE","MALE"
1981,64735,2,0,1,33790,5,180,1,2,1,2,4,7,2,1,1,2,1,3,1,7,1,1,33,24,"Female","Non-Black / Non-Hispanic","South (AL, AR, DE, DC, FL, GA, KY, LA, MD, MS, NC, OK, SC, TN , TX, VA, WV)","High school diploma (Regular 12 year program)","In CBSA, not in central city","NO","3: Mother","YES","YES","NO","NO","YES","0: 0  CONDITION DOES NOT APPLY","ALWAYS WITH RIGHT HAND","ALWAYS WITH RIGHT HAND","ALWAYS WITH RIGHT HAND","USUALLY WITH RIGHT HAND","ALWAYS WITH LEFT HAND","1: 1  CONDITION APPLIES","1: 1  CONDITION APPLIES","NO","FEMALE","MALE"
1986,64735,2,0,3,33790,5,183,1,1,2,4,2,3,2,2,1,2,1,6,3,7,1,2,32,22,"Male","Non-Black / Non-Hispanic","South (AL, AR, DE, DC, FL, GA, KY, LA, MD, MS, NC, OK, SC, TN , TX, VA, WV)","Bachelor's degree (BA, BS)","In CBSA, not in central city","NO","3: Mother","YES","NO","NO","NO","YES","0: 0  CONDITION DOES NOT APPLY","ALWAYS WITH RIGHT HAND","ALWAYS WITH RIGHT HAND","ALWAYS WITH RIGHT HAND","ALWAYS WITH RIGHT HAND","ALWAYS WITH LEFT HAND","1: 1  CONDITION APPLIES","1: 1  CONDITION APPLIES","NO","FEMALE","FEMALE"
1983,64735,3,0,3,33790,6,265,1,1,4,4,2,1,2,1,1,2,1,6,2,6,1,1,30,23,"Male","Non-Black / Non-Hispanic","South (AL, AR, DE, DC, FL, GA, KY, LA, MD, MS, NC, OK, SC, TN , TX, VA, WV)","High school diploma (Regular 12 year program)","In CBSA, not in central city","NO","3: Mother","YES","NO","YES","NO","YES","0: 0  CONDITION DOES NOT APPLY","ALWAYS WITH RIGHT HAND","ALWAYS WITH RIGHT HAND","ALWAYS WITH RIGHT HAND","ALWAYS WITH RIGHT HAND","ALWAYS WITH LEFT HAND","1: 1  CONDITION APPLIES","1: 1  CONDITION APPLIES","YES","FEMALE","FEMALE"
1982,34000,2,0,2,33790,5,182,1,1,1,3,3,5,2,1,2,1,1,4,2,6,1,2,33,21,"Male","Non-Black / Non-Hispanic","North Central (IL, IN, IA, KS, MI, MN, MO, NE, OH, ND, SD, WI)","Bachelor's degree (BA, BS)","In CBSA, in central city","NO","3: Mother","NO","NO","NO","NO","YES","0: 0  CONDITION DOES NOT APPLY","ALWAYS WITH RIGHT HAND","ALWAYS WITH RIGHT HAND","ALWAYS WITH RIGHT HAND","ALWAYS WITH RIGHT HAND","ALWAYS WITH LEFT HAND","1: 1  CONDITION APPLIES","1: 1  CONDITION APPLIES","NO","FEMALE","MALE"
1980,64735,2,0,2,33790,5,195,1,1,4,3,4,5,2,2,2,1,2,6,1,6,1,1,26,20,"Male","Non-Black / Non-Hispanic","South (AL, AR, DE, DC, FL, GA, KY, LA, MD, MS, NC, OK, SC, TN , TX, VA, WV)","High school diploma (Regular 12 year program)","In CBSA, not in central city","NO","3: Mother","YES","NO","NO","NO","YES","0: 0  CONDITION DOES NOT APPLY","ALWAYS WITH RIGHT HAND","ALWAYS WITH RIGHT HAND","ALWAYS WITH RIGHT HAND","ALWAYS WITH RIGHT HAND","ALWAYS WITH LEFT HAND","1: 1  CONDITION APPLIES","1: 1  CONDITION APPLIES","NO","FEMALE","MALE"
1982,64735,3,0,2,33790,5,181,1,1,3,3,5,3,2,2,2,2,1,6,3,7,1,1,51,55,"Female","Non-Black / Non-Hispanic","South (AL, AR, DE, DC, FL, GA, KY, LA, MD, MS, NC, OK, SC, TN , TX, VA, WV)","Bachelor's degree (BA, BS)","In CBSA, not in central city","YES","3: Mother","YES","NO","NO","NO","YES","0: 0  CONDITION DOES NOT APPLY","ALWAYS WITH RIGHT HAND","ALWAYS WITH RIGHT HAND","ALWAYS WITH RIGHT HAND","ALWAYS WITH RIGHT HAND","ALWAYS WITH LEFT HAND","1: 1  CONDITION APPLIES","1: 1  CONDITION APPLIES","NO","FEMALE","MALE"
1980,58750,6,1,3,33790,5,183,1,1,2,5,3,2,2,2,1,2,2,7,4,5,1,1,28,12,"Female","Black","Northeast (CT, ME, MA, NH, NJ, NY, PA, RI, VT)","Bachelor's degree (BA, BS)","In CBSA, not in central city","NO","3: Mother","NO","NO","NO","NO","YES","0: 0  CONDITION DOES NOT APPLY","ALWAYS WITH RIGHT HAND","ALWAYS WITH RIGHT HAND","ALWAYS WITH RIGHT HAND","ALWAYS WITH RIGHT HAND","ALWAYS WITH LEFT HAND","1: 1  CONDITION APPLIES","1: 1  CONDITION APPLIES","NO","FEMALE","MALE"
1983,64735,1,0,1,33790,5,165,1,1,2,3,2,4,2,2,2,1,2,4,2,8,1,1,27,19,"Male","Non-Black / Non-Hispanic","South (AL, AR, DE, DC, FL, GA, KY, LA, MD, MS, NC, OK, SC, TN , TX, VA, WV)","GED","In CBSA, not in central city","NO","3: Mother","NO","NO","NO","NO","YES","0: 0  CONDITION DOES NOT APPLY","ALWAYS WITH RIGHT HAND","ALWAYS WITH RIGHT HAND","ALWAYS WITH RIGHT HAND","ALWAYS WITH RIGHT HAND","ALWAYS WITH LEFT HAND","1: 1  CONDITION APPLIES","1: 1  CONDITION APPLIES","NO","MALE","MALE"
1984,64735,3,0,4,33790,5,184,2,1,5,4,2,1,2,2,2,2,1,6,2,6,1,1,26,23,"Male","Non-Black / Non-Hispanic","South (AL, AR, DE, DC, FL, GA, KY, LA, MD, MS, NC, OK, SC, TN , TX, VA, WV)","GED","In CBSA, not in central city","NO","3: Mother","NO","YES","NO","NO","NO","0: 0  CONDITION DOES NOT APPLY","ALWAYS WITH RIGHT HAND","ALWAYS WITH LEFT HAND","ALWAYS WITH RIGHT HAND","ALWAYS WITH LEFT HAND","DON'T DO THIS ACTIVITY","1: 1  CONDITION APPLIES","1: 1  CONDITION APPLIES","NO","FEMALE","MALE"
1982,64735,3,1,3,33790,5,187,1,1,2,5,8,2,1,2,1,2,1,4,1,6,1,1,32,21,"Male","Hispanic","South (AL, AR, DE, DC, FL, GA, KY, LA, MD, MS, NC, OK, SC, TN , TX, VA, WV)","High school diploma (Regular 12 year program)","In CBSA, in central city","NO","3: Mother","NO","YES","NO","NO","YES","0: 0  CONDITION DOES NOT APPLY","ALWAYS WITH RIGHT HAND","ALWAYS WITH RIGHT HAND","ALWAYS WITH RIGHT HAND","ALWAYS WITH RIGHT HAND","ALWAYS WITH LEFT HAND","1: 1  CONDITION APPLIES","1: 1  CONDITION APPLIES","NO","MALE","FEMALE"
1982,64735,4,0,2,33790,5,182,2,2,3,3,2,3,2,1,1,2,1,7,2,8,1,1,34,57,"Female","Hispanic","South (AL, AR, DE, DC, FL, GA, KY, LA, MD, MS, NC, OK, SC, TN , TX, VA, WV)","None","In CBSA, in central city","YES","3: Mother","YES","YES","NO","NO","NO","0: 0  CONDITION DOES NOT APPLY","ALWAYS WITH RIGHT HAND","ALWAYS WITH RIGHT HAND","ALWAYS WITH RIGHT HAND","ALWAYS WITH RIGHT HAND","ALWAYS WITH LEFT HAND","1: 1  CONDITION APPLIES","1: 1  CONDITION APPLIES","YES","FEMALE","MALE"
1981,64735,3,1,4,33790,5,182,1,1,5,3,4,3,2,1,2,1,1,3,3,8,1,1,4,6,"Male","Non-Black / Non-Hispanic","South (AL, AR, DE, DC, FL, GA, KY, LA, MD, MS, NC, OK, SC, TN , TX, VA, WV)","Associate/Junior college (AA)","In CBSA, in central city","NO","3: Mother","YES","YES","NO","NO","YES","0: 0  CONDITION DOES NOT APPLY","ALWAYS WITH RIGHT HAND","ALWAYS WITH RIGHT HAND","ALWAYS WITH RIGHT HAND","ALWAYS WITH RIGHT HAND","ALWAYS WITH LEFT HAND","1: 1  CONDITION APPLIES","1: 1  CONDITION APPLIES","NO","MALE","FEMALE"
1982,64735,2,1,3,33790,5,182,2,1,3,3,2,3,2,2,2,2,2,6,2,6,1,1,30,20,"Female","Hispanic","South (AL, AR, DE, DC, FL, GA, KY, LA, MD, MS, NC, OK, SC, TN , TX, VA, WV)","High school diploma (Regular 12 year program)","In CBSA, in central city","NO","3: Mother","NO","NO","NO","NO","NO","0: 0  CONDITION DOES NOT APPLY","ALWAYS WITH RIGHT HAND","ALWAYS WITH RIGHT HAND","ALWAYS WITH RIGHT HAND","ALWAYS WITH RIGHT HAND","ALWAYS WITH LEFT HAND","1: 1  CONDITION APPLIES","1: 1  CONDITION APPLIES","YES","MALE","FEMALE"
1981,64735,2,0,1,33790,5,181,2,1,4,2,1,3,2,1,2,1,1,1,3,7,1,1,34,23,"Female","Hispanic","North Central (IL, IN, IA, KS, MI, MN, MO, NE, OH, ND, SD, WI)","None","In CBSA, not in central city","NO","3: Mother","YES","YES","NO","NO","YES","0: 0  CONDITION DOES NOT APPLY","ALWAYS WITH RIGHT HAND","ALWAYS WITH RIGHT HAND","ALWAYS WITH RIGHT HAND","DON'T DO THIS ACTIVITY","ALWAYS WITH LEFT HAND","1: 1  CONDITION APPLIES","1: 1  CONDITION APPLIES","NO","FEMALE","MALE"
1982,64735,4,1,4,50400,5,182,2,1,1,3,3,3,2,1,1,2,2,2,3,7,1,1,25,17,"Male","Hispanic","South (AL, AR, DE, DC, FL, GA, KY, LA, MD, MS, NC, OK, SC, TN , TX, VA, WV)","High school diploma (Regular 12 year program)","In CBSA, not in central city","NO","3: Mother","YES","NO","NO","NO","NO","0: 0  CONDITION DOES NOT APPLY","ALWAYS WITH RIGHT HAND","ALWAYS WITH RIGHT HAND","ALWAYS WITH RIGHT HAND","ALWAYS WITH RIGHT HAND","ALWAYS WITH LEFT HAND","1: 1  CONDITION APPLIES","1: 1  CONDITION APPLIES","YES","MALE","FEMALE"
1984,64735,7,2,1,60000,5,182,1,3,1,5,3,2,2,2,2,2,1,5,3,6,1,1,31,15,"Female","Black","North Central (IL, IN, IA, KS, MI, MN, MO, NE, OH, ND, SD, WI)","High school diploma (Regular 12 year program)","In CBSA, not in central city","YES","3: Mother","NO","YES","NO","NO","NO","0: 0  CONDITION DOES NOT APPLY","ALWAYS WITH RIGHT HAND","ALWAYS WITH RIGHT HAND","ALWAYS WITH RIGHT HAND","ALWAYS WITH RIGHT HAND","ALWAYS WITH LEFT HAND","1: 1  CONDITION APPLIES","1: 1  CONDITION APPLIES","NO","MALE","FEMALE"
1981,64735,1,0,1,33790,5,182,1,2,2,2,2,2,2,2,2,2,1,5,2,7,1,2,34,26,"Male","Black","South (AL, AR, DE, DC, FL, GA, KY, LA, MD, MS, NC, OK, SC, TN , TX, VA, WV)","High school diploma (Regular 12 year program)","In CBSA, in central city","YES","3: Mother","YES","NO","NO","NO","YES","0: 0  CONDITION DOES NOT APPLY","ALWAYS WITH RIGHT HAND","ALWAYS WITH RIGHT HAND","ALWAYS WITH RIGHT HAND","ALWAYS WITH RIGHT HAND","ALWAYS WITH LEFT HAND","1: 1  CONDITION APPLIES","1: 1  CONDITION APPLIES","NO","FEMALE","FEMALE"
1981,64735,1,0,3,33790,5,183,1,1,4,5,2,6,2,2,2,2,2,6,1,6,3,3,32,25,"Male","Non-Black / Non-Hispanic","South (AL, AR, DE, DC, FL, GA, KY, LA, MD, MS, NC, OK, SC, TN , TX, VA, WV)","Bachelor's degree (BA, BS)","In CBSA, in central city","NO","3: Mother","YES","NO","NO","NO","NO","0: 0  CONDITION DOES NOT APPLY","ALWAYS WITH RIGHT HAND","ALWAYS WITH RIGHT HAND","ALWAYS WITH RIGHT HAND","ALWAYS WITH RIGHT HAND","ALWAYS WITH LEFT HAND","1: 1  CONDITION APPLIES","1: 1  CONDITION APPLIES","NO","FEMALE","FEMALE"
1982,64735,4,0,2,33790,5,180,1,1,3,3,4,5,2,2,1,2,1,1,3,5,1,1,30,16,"Male","Non-Black / Non-Hispanic","South (AL, AR, DE, DC, FL, GA, KY, LA, MD, MS, NC, OK, SC, TN , TX, VA, WV)","Bachelor's degree (BA, BS)","In CBSA, not in central city","NO","3: Mother","YES","NO","NO","NO","YES","0: 0  CONDITION DOES NOT APPLY","ALWAYS WITH RIGHT HAND","ALWAYS WITH RIGHT HAND","ALWAYS WITH RIGHT HAND","ALWAYS WITH RIGHT HAND","ALWAYS WITH LEFT HAND","0: 0  CONDITION DOES NOT APPLY","0: 0  CONDITION DOES NOT APPLY","NO","FEMALE","FEMALE"
1981,64735,2,0,1,33790,5,183,1,1,6,3,3,5,2,1,1,1,2,3,3,7,1,1,30,8,"Female","Non-Black / Non-Hispanic","West (AK, AZ, CA, CO, HI, ID, MT, NV, NM, OR, UT, WA, WY)","High school diploma (Regular 12 year program)","In CBSA, not in central city","NO","3: Mother","NO","NO","NO","NO","NO","0: 0  CONDITION DOES NOT APPLY","ALWAYS WITH RIGHT HAND","USUALLY WITH BOTH HANDS EQUALLY","ALWAYS WITH RIGHT HAND","ALWAYS WITH RIGHT HAND","ALWAYS WITH LEFT HAND","1: 1  CONDITION APPLIES","1: 1  CONDITION APPLIES","NO","FEMALE","MALE"
1988,64735,2,1,1,33790,5,182,1,1,4,4,6,4,2,2,1,2,2,6,7,7,3,1,22,4,"Male","Non-Black / Non-Hispanic","Northeast (CT, ME, MA, NH, NJ, NY, PA, RI, VT)","Bachelor's degree (BA, BS)","In CBSA, not in central city","NO","3: Mother","NO","NO","NO","NO","NO","0: 0  CONDITION DOES NOT APPLY","ALWAYS WITH RIGHT HAND","ALWAYS WITH RIGHT HAND","ALWAYS WITH RIGHT HAND","ALWAYS WITH RIGHT HAND","ALWAYS WITH LEFT HAND","1: 1  CONDITION APPLIES","1: 1  CONDITION APPLIES","NO","FEMALE","MALE"
1980,316618,4,1,2,33790,5,183,1,1,3,4,4,2,2,2,1,2,1,6,3,7,1,1,32,23,"Male","Non-Black / Non-Hispanic","North Central (IL, IN, IA, KS, MI, MN, MO, NE, OH, ND, SD, WI)","High school diploma (Regular 12 year program)","In CBSA, not in central city","NO","3: Mother","YES","YES","NO","NO","YES","0: 0  CONDITION DOES NOT APPLY","ALWAYS WITH RIGHT HAND","ALWAYS WITH RIGHT HAND","ALWAYS WITH RIGHT HAND","ALWAYS WITH RIGHT HAND","ALWAYS WITH LEFT HAND","1: 1  CONDITION APPLIES","1: 1  CONDITION APPLIES","NO","FEMALE","MALE"
1982,64735,3,0,1,33790,5,182,2,1,2,3,4,3,2,1,2,1,2,6,1,7,1,1,32,21,"Male","Hispanic","West (AK, AZ, CA, CO, HI, ID, MT, NV, NM, OR, UT, WA, WY)","High school diploma (Regular 12 year program)","In CBSA, in central city","NO","3: Mother","NO","NO","NO","NO","YES","0: 0  CONDITION DOES NOT APPLY","ALWAYS WITH RIGHT HAND","ALWAYS WITH RIGHT HAND","ALWAYS WITH RIGHT HAND","ALWAYS WITH RIGHT HAND","ALWAYS WITH LEFT HAND","1: 1  CONDITION APPLIES","1: 1  CONDITION APPLIES","YES","FEMALE","FEMALE"
1981,89000,3,0,2,47000,5,182,1,3,2,3,3,2,2,2,2,2,1,6,4,7,1,1,29,21,"Male","Black","South (AL, AR, DE, DC, FL, GA, KY, LA, MD, MS, NC, OK, SC, TN , TX, VA, WV)","High school diploma (Regular 12 year program)","In CBSA, in central city","NO","3: Mother","YES","NO","NO","NO","YES","0: 0  CONDITION DOES NOT APPLY","ALWAYS WITH RIGHT HAND","ALWAYS WITH RIGHT HAND","ALWAYS WITH RIGHT HAND","USUALLY WITH RIGHT HAND","ALWAYS WITH LEFT HAND","1: 1  CONDITION APPLIES","1: 1  CONDITION APPLIES","NO","MALE","MALE"
1980,64735,3,0,2,33790,5,181,2,1,3,4,4,4,2,2,2,2,1,6,2,9,1,1,35,31,"Female","Hispanic","South (AL, AR, DE, DC, FL, GA, KY, LA, MD, MS, NC, OK, SC, TN , TX, VA, WV)","High school diploma (Regular 12 year program)","In CBSA, not in central city","YES","3: Mother","YES","YES","NO","NO","YES","0: 0  CONDITION DOES NOT APPLY","ALWAYS WITH RIGHT HAND","ALWAYS WITH RIGHT HAND","USUALLY WITH BOTH HANDS EQUALLY","ALWAYS WITH RIGHT HAND","ALWAYS WITH LEFT HAND","1: 1  CONDITION APPLIES","1: 1  CONDITION APPLIES","YES","FEMALE","MALE"
1982,64735,2,1,2,33790,5,135,2,1,4,3,7,5,2,2,2,2,1,6,3,9,1,1,27,28,"Female","Non-Black / Non-Hispanic","South (AL, AR, DE, DC, FL, GA, KY, LA, MD, MS, NC, OK, SC, TN , TX, VA, WV)","Bachelor's degree (BA, BS)","In CBSA, in central city","NO","3: Mother","YES","NO","YES","NO","YES","0: 0  CONDITION DOES NOT APPLY","ALWAYS WITH RIGHT HAND","ALWAYS WITH RIGHT HAND","USUALLY WITH BOTH HANDS EQUALLY","ALWAYS WITH RIGHT HAND","ALWAYS WITH LEFT HAND","1: 1  CONDITION APPLIES","1: 1  CONDITION APPLIES","NO","FEMALE","MALE"
1983,64735,2,0,1,33790,5,182,1,1,5,3,4,4,2,2,2,2,1,4,3,6,1,2,31,23,"Male","Non-Black / Non-Hispanic","South (AL, AR, DE, DC, FL, GA, KY, LA, MD, MS, NC, OK, SC, TN , TX, VA, WV)","Bachelor's degree (BA, BS)","In CBSA, in central city","NO","3: Mother","YES","NO","YES","NO","YES","0: 0  CONDITION DOES NOT APPLY","ALWAYS WITH RIGHT HAND","ALWAYS WITH RIGHT HAND","ALWAYS WITH RIGHT HAND","ALWAYS WITH RIGHT HAND","ALWAYS WITH LEFT HAND","1: 1  CONDITION APPLIES","1: 1  CONDITION APPLIES","NO","FEMALE","FEMALE"
1983,64735,3,1,2,33790,6,186,2,1,2,6,2,2,2,2,2,2,1,3,3,5,1,1,32,20,"Male","Non-Black / Non-Hispanic","South (AL, AR, DE, DC, FL, GA, KY, LA, MD, MS, NC, OK, SC, TN , TX, VA, WV)","Master's degree (MA, MS)","In CBSA, not in central city","NO","3: Mother","NO","NO","NO","NO","NO","0: 0  CONDITION DOES NOT APPLY","ALWAYS WITH RIGHT HAND","ALWAYS WITH RIGHT HAND","ALWAYS WITH RIGHT HAND","ALWAYS WITH RIGHT HAND","ALWAYS WITH LEFT HAND","1: 1  CONDITION APPLIES","1: 1  CONDITION APPLIES","NO","MALE","FEMALE"
1984,94481,7,2,1,33790,5,181,1,1,2,4,6,4,2,2,2,2,1,6,2,6,1,1,28,16,"Male","Hispanic","West (AK, AZ, CA, CO, HI, ID, MT, NV, NM, OR, UT, WA, WY)","None","In CBSA, not in central city","NO","3: Mother","YES","NO","NO","NO","YES","0: 0  CONDITION DOES NOT APPLY","ALWAYS WITH RIGHT HAND","ALWAYS WITH RIGHT HAND","ALWAYS WITH RIGHT HAND","ALWAYS WITH RIGHT HAND","ALWAYS WITH LEFT HAND","1: 1  CONDITION APPLIES","1: 1  CONDITION APPLIES","YES","MALE","FEMALE"
1980,64735,1,0,2,33790,5,182,1,1,5,3,4,5,1,2,1,2,2,4,2,6,1,1,31,20,"Male","Non-Black / Non-Hispanic","South (AL, AR, DE, DC, FL, GA, KY, LA, MD, MS, NC, OK, SC, TN , TX, VA, WV)","Bachelor's degree (BA, BS)","In CBSA, in central city","NO","3: Mother","YES","NO","YES","NO","YES","0: 0  CONDITION DOES NOT APPLY","ALWAYS WITH RIGHT HAND","ALWAYS WITH RIGHT HAND","ALWAYS WITH RIGHT HAND","ALWAYS WITH RIGHT HAND","ALWAYS WITH LEFT HAND","0: 0  CONDITION DOES NOT APPLY","1: 1  CONDITION APPLIES","NO","MALE","MALE"
1983,64735,4,0,3,31000,6,240,1,2,2,4,3,5,2,2,2,2,1,4,3,5,5,1,34,21,"Male","Non-Black / Non-Hispanic","North Central (IL, IN, IA, KS, MI, MN, MO, NE, OH, ND, SD, WI)","High school diploma (Regular 12 year program)","In CBSA, not in central city","NO","3: Mother","YES","NO","NO","NO","YES","0: 0  CONDITION DOES NOT APPLY","ALWAYS WITH RIGHT HAND","ALWAYS WITH RIGHT HAND","ALWAYS WITH RIGHT HAND","ALWAYS WITH RIGHT HAND","ALWAYS WITH RIGHT HAND","1: 1  CONDITION APPLIES","1: 1  CONDITION APPLIES","NO","FEMALE","MALE"
1980,64735,4,2,2,33790,5,181,1,2,3,2,2,5,2,2,2,2,1,6,2,6,1,1,32,22,"Female","Non-Black / Non-Hispanic","South (AL, AR, DE, DC, FL, GA, KY, LA, MD, MS, NC, OK, SC, TN , TX, VA, WV)","High school diploma (Regular 12 year program)","In CBSA, not in central city","NO","3: Mother","NO","NO","NO","NO","NO","0: 0  CONDITION DOES NOT APPLY","ALWAYS WITH RIGHT HAND","ALWAYS WITH RIGHT HAND","ALWAYS WITH RIGHT HAND","ALWAYS WITH RIGHT HAND","ALWAYS WITH LEFT HAND","1: 1  CONDITION APPLIES","0: 0  CONDITION DOES NOT APPLY","NO","FEMALE","MALE"
1984,44450,3,1,1,33790,5,181,2,1,5,3,5,4,2,2,1,1,2,5,2,6,1,1,34,23,"Female","Hispanic","South (AL, AR, DE, DC, FL, GA, KY, LA, MD, MS, NC, OK, SC, TN , TX, VA, WV)","High school diploma (Regular 12 year program)","In CBSA, not in central city","NO","3: Mother","YES","NO","YES","NO","YES","0: 0  CONDITION DOES NOT APPLY","ALWAYS WITH RIGHT HAND","ALWAYS WITH RIGHT HAND","ALWAYS WITH RIGHT HAND","ALWAYS WITH RIGHT HAND","ALWAYS WITH LEFT HAND","1: 1  CONDITION APPLIES","1: 1  CONDITION APPLIES","NO","MALE","MALE"
1980,64735,3,0,2,33790,5,184,3,1,2,4,2,1,2,2,2,2,2,5,6,7,1,1,28,21,"Female","Non-Black / Non-Hispanic","South (AL, AR, DE, DC, FL, GA, KY, LA, MD, MS, NC, OK, SC, TN , TX, VA, WV)","Master's degree (MA, MS)","In CBSA, in central city","NO","3: Mother","YES","NO","NO","YES","YES","0: 0  CONDITION DOES NOT APPLY","ALWAYS WITH RIGHT HAND","ALWAYS WITH RIGHT HAND","ALWAYS WITH RIGHT HAND","ALWAYS WITH RIGHT HAND","ALWAYS WITH LEFT HAND","1: 1  CONDITION APPLIES","1: 1  CONDITION APPLIES","NO","MALE","MALE"
1984,64735,4,0,2,33790,5,183,1,1,3,4,1,1,2,2,1,2,1,3,7,7,1,1,30,22,"Male","Black","South (AL, AR, DE, DC, FL, GA, KY, LA, MD, MS, NC, OK, SC, TN , TX, VA, WV)","None","In CBSA, not in central city","NO","3: Mother","NO","NO","NO","NO","NO","0: 0  CONDITION DOES NOT APPLY","ALWAYS WITH RIGHT HAND","ALWAYS WITH RIGHT HAND","ALWAYS WITH RIGHT HAND","ALWAYS WITH RIGHT HAND","ALWAYS WITH LEFT HAND","1: 1  CONDITION APPLIES","1: 1  CONDITION APPLIES","NO","MALE","MALE"
1984,64735,1,0,2,33790,5,181,1,2,2,2,5,5,2,2,1,2,2,5,1,6,1,1,31,21,"Male","Non-Black / Non-Hispanic","South (AL, AR, DE, DC, FL, GA, KY, LA, MD, MS, NC, OK, SC, TN , TX, VA, WV)","None","In CBSA, in central city","NO","3: Mother","YES","YES","YES","NO","YES","0: 0  CONDITION DOES NOT APPLY","ALWAYS WITH RIGHT HAND","ALWAYS WITH RIGHT HAND","ALWAYS WITH RIGHT HAND","ALWAYS WITH RIGHT HAND","USUALLY WITH LEFT HAND","1: 1  CONDITION APPLIES","1: 1  CONDITION APPLIES","NO","MALE","MALE"
1980,64735,3,0,2,33790,5,183,2,1,2,3,2,7,2,2,2,2,1,7,4,7,1,1,34,27,"Female","Black","South (AL, AR, DE, DC, FL, GA, KY, LA, MD, MS, NC, OK, SC, TN , TX, VA, WV)","Associate/Junior college (AA)","In CBSA, in central city","NO","3: Mother","YES","NO","NO","NO","NO","0: 0  CONDITION DOES NOT APPLY","ALWAYS WITH RIGHT HAND","ALWAYS WITH RIGHT HAND","ALWAYS WITH RIGHT HAND","ALWAYS WITH RIGHT HAND","ALWAYS WITH LEFT HAND","1: 1  CONDITION APPLIES","1: 1  CONDITION APPLIES","NO","FEMALE","MALE"
1981,64735,3,1,1,33790,5,183,1,2,2,3,1,3,2,2,1,2,2,1,3,6,1,1,31,22,"Male","Hispanic","South (AL, AR, DE, DC, FL, GA, KY, LA, MD, MS, NC, OK, SC, TN , TX, VA, WV)","None","In CBSA, not in central city","NO","3: Mother","YES","YES","NO","NO","NO","0: 0  CONDITION DOES NOT APPLY","ALWAYS WITH RIGHT HAND","ALWAYS WITH RIGHT HAND","ALWAYS WITH RIGHT HAND","ALWAYS WITH RIGHT HAND","USUALLY WITH RIGHT HAND","1: 1  CONDITION APPLIES","1: 1  CONDITION APPLIES","YES","MALE","MALE"
1980,64734,4,1,2,33790,5,110,2,1,4,2,2,3,2,2,2,2,1,3,1,9,1,1,10,22,"Female","Non-Black / Non-Hispanic","South (AL, AR, DE, DC, FL, GA, KY, LA, MD, MS, NC, OK, SC, TN , TX, VA, WV)","Master's degree (MA, MS)","In CBSA, in central city","YES","3: Mother","YES","YES","NO","NO","YES","0: 0  CONDITION DOES NOT APPLY","ALWAYS WITH RIGHT HAND","ALWAYS WITH RIGHT HAND","ALWAYS WITH RIGHT HAND","ALWAYS WITH RIGHT HAND","ALWAYS WITH LEFT HAND","1: 1  CONDITION APPLIES","1: 1  CONDITION APPLIES","NO","FEMALE","MALE"
1982,64735,7,1,2,3400,5,182,2,2,2,3,2,2,2,2,1,1,1,3,1,6,1,1,31,12,"Male","Non-Black / Non-Hispanic","South (AL, AR, DE, DC, FL, GA, KY, LA, MD, MS, NC, OK, SC, TN , TX, VA, WV)","High school diploma (Regular 12 year program)","In CBSA, not in central city","YES","3: Mother","NO","YES","NO","NO","YES","0: 0  CONDITION DOES NOT APPLY","ALWAYS WITH RIGHT HAND","ALWAYS WITH RIGHT HAND","ALWAYS WITH RIGHT HAND","ALWAYS WITH RIGHT HAND","USUALLY WITH LEFT HAND","1: 1  CONDITION APPLIES","1: 1  CONDITION APPLIES","NO","MALE","FEMALE"
1984,64735,4,0,1,33790,5,182,1,2,2,4,2,3,2,2,1,1,2,1,6,7,1,1,31,19,"Female","Hispanic","South (AL, AR, DE, DC, FL, GA, KY, LA, MD, MS, NC, OK, SC, TN , TX, VA, WV)","None","In CBSA, in central city","NO","3: Mother","NO","YES","NO","NO","NO","0: 0  CONDITION DOES NOT APPLY","ALWAYS WITH RIGHT HAND","ALWAYS WITH RIGHT HAND","ALWAYS WITH RIGHT HAND","ALWAYS WITH RIGHT HAND","ALWAYS WITH LEFT HAND","1: 1  CONDITION APPLIES","1: 1  CONDITION APPLIES","YES","FEMALE","FEMALE"
1983,64735,4,0,1,35000,5,135,1,1,2,4,2,3,2,2,2,2,1,6,5,7,1,1,55,57,"Male","Non-Black / Non-Hispanic","North Central (IL, IN, IA, KS, MI, MN, MO, NE, OH, ND, SD, WI)","High school diploma (Regular 12 year program)","In CBSA, not in central city","YES","3: Mother","YES","NO","NO","NO","YES","0: 0  CONDITION DOES NOT APPLY","ALWAYS WITH RIGHT HAND","ALWAYS WITH RIGHT HAND","ALWAYS WITH RIGHT HAND","ALWAYS WITH RIGHT HAND","ALWAYS WITH LEFT HAND","1: 1  CONDITION APPLIES","1: 1  CONDITION APPLIES","NO","FEMALE","FEMALE"
1980,35000,4,0,1,33790,5,115,1,1,2,3,4,4,2,2,2,2,1,4,4,7,1,1,37,23,"Male","Black","South (AL, AR, DE, DC, FL, GA, KY, LA, MD, MS, NC, OK, SC, TN , TX, VA, WV)","High school diploma (Regular 12 year program)","In CBSA, in central city","NO","3: Mother","YES","YES","NO","NO","NO","0: 0  CONDITION DOES NOT APPLY","ALWAYS WITH RIGHT HAND","ALWAYS WITH RIGHT HAND","ALWAYS WITH RIGHT HAND","ALWAYS WITH RIGHT HAND","USUALLY WITH LEFT HAND","1: 1  CONDITION APPLIES","1: 1  CONDITION APPLIES","NO","FEMALE","MALE"
1980,64735,2,0,1,33790,5,182,1,2,1,4,7,5,2,2,2,1,1,3,1,10,1,1,58,33,"Male","Non-Black / Non-Hispanic","South (AL, AR, DE, DC, FL, GA, KY, LA, MD, MS, NC, OK, SC, TN , TX, VA, WV)","Bachelor's degree (BA, BS)","In CBSA, in central city","NO","3: Mother","NO","NO","NO","NO","YES","0: 0  CONDITION DOES NOT APPLY","ALWAYS WITH RIGHT HAND","ALWAYS WITH RIGHT HAND","ALWAYS WITH RIGHT HAND","ALWAYS WITH RIGHT HAND","ALWAYS WITH LEFT HAND","1: 1  CONDITION APPLIES","1: 1  CONDITION APPLIES","NO","FEMALE","MALE"
1981,64735,4,1,2,33790,5,183,1,2,1,5,5,3,2,2,2,2,1,3,3,6,1,1,48,23,"Male","Non-Black / Non-Hispanic","South (AL, AR, DE, DC, FL, GA, KY, LA, MD, MS, NC, OK, SC, TN , TX, VA, WV)","High school diploma (Regular 12 year program)","In CBSA, not in central city","YES","3: Mother","YES","NO","NO","NO","NO","0: 0  CONDITION DOES NOT APPLY","ALWAYS WITH RIGHT HAND","ALWAYS WITH RIGHT HAND","ALWAYS WITH RIGHT HAND","ALWAYS WITH RIGHT HAND","ALWAYS WITH LEFT HAND","0: 0  CONDITION DOES NOT APPLY","1: 1  CONDITION APPLIES","NO","FEMALE","FEMALE"
1982,64735,3,0,1,33790,6,250,2,2,1,5,2,3,2,2,1,2,1,3,2,5,1,1,46,30,"Male","Non-Black / Non-Hispanic","South (AL, AR, DE, DC, FL, GA, KY, LA, MD, MS, NC, OK, SC, TN , TX, VA, WV)","High school diploma (Regular 12 year program)","In CBSA, not in central city","YES","3: Mother","YES","NO","NO","NO","NO","0: 0  CONDITION DOES NOT APPLY","ALWAYS WITH RIGHT HAND","ALWAYS WITH RIGHT HAND","ALWAYS WITH RIGHT HAND","ALWAYS WITH RIGHT HAND","ALWAYS WITH RIGHT HAND","1: 1  CONDITION APPLIES","1: 1  CONDITION APPLIES","NO","FEMALE","MALE"
1982,64735,3,1,2,33790,6,182,1,2,2,3,6,6,2,2,1,2,1,6,4,7,1,1,27,20,"Male","Non-Black / Non-Hispanic","West (AK, AZ, CA, CO, HI, ID, MT, NV, NM, OR, UT, WA, WY)","High school diploma (Regular 12 year program)","In CBSA, in central city","NO","3: Mother","NO","YES","NO","NO","NO","1: 1  CONDITION APPLIES","ALWAYS WITH RIGHT HAND","ALWAYS WITH RIGHT HAND","ALWAYS WITH RIGHT HAND","ALWAYS WITH RIGHT HAND","ALWAYS WITH LEFT HAND","1: 1  CONDITION APPLIES","1: 1  CONDITION APPLIES","NO","FEMALE","MALE"
1983,64735,4,0,1,33790,5,182,2,2,1,4,3,2,2,2,1,2,2,1,5,8,1,1,40,59,"Female","Black","South (AL, AR, DE, DC, FL, GA, KY, LA, MD, MS, NC, OK, SC, TN , TX, VA, WV)","None","In CBSA, not in central city","YES","3: Mother","NO","YES","NO","NO","YES","0: 0  CONDITION DOES NOT APPLY","ALWAYS WITH RIGHT HAND","ALWAYS WITH RIGHT HAND","ALWAYS WITH RIGHT HAND","ALWAYS WITH RIGHT HAND","ALWAYS WITH RIGHT HAND","1: 1  CONDITION APPLIES","1: 1  CONDITION APPLIES","NO","FEMALE","MALE"
1983,64735,7,1,1,33790,5,182,1,1,2,4,2,5,2,2,1,1,2,3,1,7,1,1,35,23,"Male","Non-Black / Non-Hispanic","South (AL, AR, DE, DC, FL, GA, KY, LA, MD, MS, NC, OK, SC, TN , TX, VA, WV)","High school diploma (Regular 12 year program)","In CBSA, not in central city","YES","3: Mother","NO","NO","NO","NO","YES","0: 0  CONDITION DOES NOT APPLY","ALWAYS WITH RIGHT HAND","ALWAYS WITH RIGHT HAND","ALWAYS WITH RIGHT HAND","ALWAYS WITH RIGHT HAND","ALWAYS WITH LEFT HAND","1: 1  CONDITION APPLIES","1: 1  CONDITION APPLIES","NO","MALE","FEMALE"
1980,64735,3,0,3,33790,6,188,1,1,3,3,2,4,2,2,2,2,2,6,3,5,1,1,35,23,"Male","Non-Black / Non-Hispanic","South (AL, AR, DE, DC, FL, GA, KY, LA, MD, MS, NC, OK, SC, TN , TX, VA, WV)","High school diploma (Regular 12 year program)","In CBSA, in central city","NO","3: Mother","NO","YES","YES","NO","NO","0: 0  CONDITION DOES NOT APPLY","ALWAYS WITH RIGHT HAND","ALWAYS WITH RIGHT HAND","ALWAYS WITH RIGHT HAND","ALWAYS WITH RIGHT HAND","ALWAYS WITH LEFT HAND","1: 1  CONDITION APPLIES","1: 1  CONDITION APPLIES","NO","FEMALE","FEMALE"
1981,64735,5,0,3,33790,5,181,1,1,1,3,2,5,2,1,1,1,1,3,2,6,2,1,34,21,"Male","Non-Black / Non-Hispanic","South (AL, AR, DE, DC, FL, GA, KY, LA, MD, MS, NC, OK, SC, TN , TX, VA, WV)","High school diploma (Regular 12 year program)","In CBSA, in central city","NO","3: Mother","YES","NO","NO","NO","YES","0: 0  CONDITION DOES NOT APPLY","ALWAYS WITH RIGHT HAND","USUALLY WITH BOTH HANDS EQUALLY","ALWAYS WITH RIGHT HAND","ALWAYS WITH RIGHT HAND","ALWAYS WITH RIGHT HAND","1: 1  CONDITION APPLIES","1: 1  CONDITION APPLIES","NO","FEMALE","FEMALE"
1981,54000,3,1,4,33790,5,183,1,1,4,4,2,4,2,2,2,2,2,5,2,8,1,1,31,22,"Male","Black","South (AL, AR, DE, DC, FL, GA, KY, LA, MD, MS, NC, OK, SC, TN , TX, VA, WV)","Bachelor's degree (BA, BS)","In CBSA, not in central city","NO","3: Mother","YES","NO","YES","NO","YES","0: 0  CONDITION DOES NOT APPLY","ALWAYS WITH LEFT HAND","ALWAYS WITH RIGHT HAND","ALWAYS WITH LEFT HAND","ALWAYS WITH LEFT HAND","ALWAYS WITH LEFT HAND","1: 1  CONDITION APPLIES","1: 1  CONDITION APPLIES","NO","FEMALE","MALE"
1983,64735,4,0,3,33790,5,184,1,1,4,3,1,3,2,2,1,2,1,5,2,7,1,1,30,21,"Female","Non-Black / Non-Hispanic","South (AL, AR, DE, DC, FL, GA, KY, LA, MD, MS, NC, OK, SC, TN , TX, VA, WV)","Bachelor's degree (BA, BS)","In CBSA, not in central city","NO","3: Mother","YES","NO","NO","NO","YES","0: 0  CONDITION DOES NOT APPLY","ALWAYS WITH RIGHT HAND","ALWAYS WITH RIGHT HAND","ALWAYS WITH RIGHT HAND","ALWAYS WITH LEFT HAND","ALWAYS WITH LEFT HAND","1: 1  CONDITION APPLIES","1: 1  CONDITION APPLIES","NO","FEMALE","FEMALE"
1983,64735,1,1,1,33790,6,185,2,1,3,4,1,3,2,2,1,1,1,6,3,6,1,1,33,23,"Male","Non-Black / Non-Hispanic","North Central (IL, IN, IA, KS, MI, MN, MO, NE, OH, ND, SD, WI)","Bachelor's degree (BA, BS)","In CBSA, not in central city","NO","3: Mother","YES","NO","NO","NO","YES","0: 0  CONDITION DOES NOT APPLY","ALWAYS WITH RIGHT HAND","ALWAYS WITH RIGHT HAND","USUALLY WITH BOTH HANDS EQUALLY","ALWAYS WITH RIGHT HAND","ALWAYS WITH LEFT HAND","1: 1  CONDITION APPLIES","1: 1  CONDITION APPLIES","NO","FEMALE","MALE"
1985,64735,4,1,5,33790,5,180,1,1,5,3,4,5,1,2,1,2,2,6,5,7,1,1,27,13,"Male","Non-Black / Non-Hispanic","South (AL, AR, DE, DC, FL, GA, KY, LA, MD, MS, NC, OK, SC, TN , TX, VA, WV)","Professional degree (DDS, JD, MD)","In CBSA, not in central city","NO","3: Mother","NO","NO","NO","NO","YES","0: 0  CONDITION DOES NOT APPLY","ALWAYS WITH RIGHT HAND","ALWAYS WITH RIGHT HAND","ALWAYS WITH RIGHT HAND","ALWAYS WITH RIGHT HAND","ALWAYS WITH LEFT HAND","1: 1  CONDITION APPLIES","1: 1  CONDITION APPLIES","NO","FEMALE","FEMALE"
1982,64735,3,1,4,33790,5,182,1,2,3,2,3,4,2,2,1,2,1,2,3,6,1,1,28,20,"Male","Non-Black / Non-Hispanic","South (AL, AR, DE, DC, FL, GA, KY, LA, MD, MS, NC, OK, SC, TN , TX, VA, WV)","GED","In CBSA, in central city","YES","3: Mother","YES","YES","NO","NO","NO","0: 0  CONDITION DOES NOT APPLY","ALWAYS WITH RIGHT HAND","ALWAYS WITH RIGHT HAND","ALWAYS WITH RIGHT HAND","ALWAYS WITH RIGHT HAND","USUALLY WITH LEFT HAND","1: 1  CONDITION APPLIES","1: 1  CONDITION APPLIES","NO","MALE","MALE"
1980,64735,9,1,3,33790,5,163,1,2,3,4,2,4,1,1,1,2,1,8,2,7,1,2,39,59,"Female","Non-Black / Non-Hispanic","South (AL, AR, DE, DC, FL, GA, KY, LA, MD, MS, NC, OK, SC, TN , TX, VA, WV)","Associate/Junior college (AA)","In CBSA, in central city","YES","3: Mother","YES","YES","NO","NO","YES","0: 0  CONDITION DOES NOT APPLY","ALWAYS WITH RIGHT HAND","ALWAYS WITH RIGHT HAND","ALWAYS WITH RIGHT HAND","ALWAYS WITH RIGHT HAND","ALWAYS WITH LEFT HAND","1: 1  CONDITION APPLIES","1: 1  CONDITION APPLIES","NO","FEMALE","FEMALE"
1983,132000,2,0,2,33790,5,180,1,1,3,4,2,4,2,2,1,2,1,6,2,8,1,1,26,18,"Female","Non-Black / Non-Hispanic","South (AL, AR, DE, DC, FL, GA, KY, LA, MD, MS, NC, OK, SC, TN , TX, VA, WV)","PhD","In CBSA, not in central city","NO","3: Mother","NO","NO","YES","NO","YES","0: 0  CONDITION DOES NOT APPLY","DON'T DO THIS ACTIVITY","ALWAYS WITH RIGHT HAND","DON'T DO THIS ACTIVITY","ALWAYS WITH RIGHT HAND","ALWAYS WITH LEFT HAND","1: 1  CONDITION APPLIES","1: 1  CONDITION APPLIES","NO","FEMALE","MALE"
1980,64735,4,1,2,33790,5,179,1,1,4,4,5,6,1,2,1,2,1,4,2,10,1,1,30,22,"Female","Non-Black / Non-Hispanic","West (AK, AZ, CA, CO, HI, ID, MT, NV, NM, OR, UT, WA, WY)","High school diploma (Regular 12 year program)","In CBSA, not in central city","NO","3: Mother","YES","NO","NO","NO","YES","0: 0  CONDITION DOES NOT APPLY","ALWAYS WITH LEFT HAND","ALWAYS WITH RIGHT HAND","ALWAYS WITH LEFT HAND","ALWAYS WITH RIGHT HAND","USUALLY WITH RIGHT HAND","1: 1  CONDITION APPLIES","1: 1  CONDITION APPLIES","NO","MALE","FEMALE"
1981,64735,2,0,1,33790,5,183,1,1,3,3,4,4,2,1,2,1,1,5,3,6,1,1,32,23,"Male","Non-Black / Non-Hispanic","West (AK, AZ, CA, CO, HI, ID, MT, NV, NM, OR, UT, WA, WY)","High school diploma (Regular 12 year program)","In CBSA, not in central city","NO","3: Mother","YES","NO","NO","NO","YES","0: 0  CONDITION DOES NOT APPLY","ALWAYS WITH RIGHT HAND","USUALLY WITH RIGHT HAND","ALWAYS WITH RIGHT HAND","ALWAYS WITH RIGHT HAND","ALWAYS WITH LEFT HAND","1: 1  CONDITION APPLIES","1: 1  CONDITION APPLIES","NO","FEMALE","FEMALE"
1982,64735,3,0,1,33790,5,181,1,2,6,3,2,5,1,2,1,2,1,5,3,6,1,1,27,19,"Female","Hispanic","South (AL, AR, DE, DC, FL, GA, KY, LA, MD, MS, NC, OK, SC, TN , TX, VA, WV)","High school diploma (Regular 12 year program)","In CBSA, in central city","NO","3: Mother","YES","NO","NO","NO","YES","0: 0  CONDITION DOES NOT APPLY","ALWAYS WITH RIGHT HAND","ALWAYS WITH RIGHT HAND","ALWAYS WITH RIGHT HAND","ALWAYS WITH RIGHT HAND","ALWAYS WITH LEFT HAND","1: 1  CONDITION APPLIES","1: 1  CONDITION APPLIES","NO","FEMALE","MALE"
1982,64735,3,0,2,33790,5,178,2,1,2,4,4,4,1,2,1,1,1,6,1,8,1,1,28,17,"Female","Non-Black / Non-Hispanic","West (AK, AZ, CA, CO, HI, ID, MT, NV, NM, OR, UT, WA, WY)","High school diploma (Regular 12 year program)","In CBSA, not in central city","NO","3: Mother","NO","NO","NO","NO","YES","0: 0  CONDITION DOES NOT APPLY","ALWAYS WITH RIGHT HAND","ALWAYS WITH RIGHT HAND","ALWAYS WITH RIGHT HAND","ALWAYS WITH RIGHT HAND","ALWAYS WITH LEFT HAND","1: 1  CONDITION APPLIES","1: 1  CONDITION APPLIES","NO","FEMALE","FEMALE"
1982,64735,6,1,4,33790,5,179,1,1,2,3,2,2,2,2,1,2,1,4,3,7,1,1,28,18,"Male","Non-Black / Non-Hispanic","West (AK, AZ, CA, CO, HI, ID, MT, NV, NM, OR, UT, WA, WY)","High school diploma (Regular 12 year program)","In CBSA, not in central city","NO","3: Mother","YES","NO","NO","NO","YES","0: 0  CONDITION DOES NOT APPLY","ALWAYS WITH RIGHT HAND","USUALLY WITH BOTH HANDS EQUALLY","ALWAYS WITH RIGHT HAND","ALWAYS WITH RIGHT HAND","ALWAYS WITH LEFT HAND","1: 1  CONDITION APPLIES","1: 1  CONDITION APPLIES","NO","FEMALE","MALE"
1983,64735,3,2,2,33790,6,183,1,2,4,3,5,7,2,2,1,1,2,1,2,7,1,1,26,20,"Male","Non-Black / Non-Hispanic","South (AL, AR, DE, DC, FL, GA, KY, LA, MD, MS, NC, OK, SC, TN , TX, VA, WV)","None","In CBSA, not in central city","NO","3: Mother","YES","NO","NO","NO","YES","0: 0  CONDITION DOES NOT APPLY","ALWAYS WITH RIGHT HAND","ALWAYS WITH RIGHT HAND","ALWAYS WITH RIGHT HAND","ALWAYS WITH RIGHT HAND","USUALLY WITH RIGHT HAND","1: 1  CONDITION APPLIES","1: 1  CONDITION APPLIES","NO","FEMALE","MALE"
1982,64735,3,1,3,33790,5,182,2,1,1,3,5,5,2,2,1,2,1,4,2,6,1,1,28,1,"Female","Non-Black / Non-Hispanic","South (AL, AR, DE, DC, FL, GA, KY, LA, MD, MS, NC, OK, SC, TN , TX, VA, WV)","High school diploma (Regular 12 year program)","In CBSA, not in central city","YES","3: Mother","NO","NO","YES","NO","YES","0: 0  CONDITION DOES NOT APPLY","ALWAYS WITH RIGHT HAND","ALWAYS WITH RIGHT HAND","ALWAYS WITH RIGHT HAND","ALWAYS WITH LEFT HAND","ALWAYS WITH RIGHT HAND","1: 1  CONDITION APPLIES","1: 1  CONDITION APPLIES","NO","FEMALE","MALE"
1984,64735,2,0,5,64000,5,182,1,1,4,2,5,8,2,2,1,2,2,6,2,6,2,2,32,21,"Male","Non-Black / Non-Hispanic","South (AL, AR, DE, DC, FL, GA, KY, LA, MD, MS, NC, OK, SC, TN , TX, VA, WV)","Master's degree (MA, MS)","In CBSA, not in central city","NO","3: Mother","YES","NO","YES","NO","YES","0: 0  CONDITION DOES NOT APPLY","ALWAYS WITH RIGHT HAND","ALWAYS WITH RIGHT HAND","ALWAYS WITH RIGHT HAND","ALWAYS WITH RIGHT HAND","ALWAYS WITH LEFT HAND","1: 1  CONDITION APPLIES","1: 1  CONDITION APPLIES","NO","MALE","FEMALE"
1982,64735,3,0,1,33790,5,183,1,2,1,4,3,4,2,2,2,2,1,4,4,7,1,1,27,20,"Female","Black","South (AL, AR, DE, DC, FL, GA, KY, LA, MD, MS, NC, OK, SC, TN , TX, VA, WV)","Bachelor's degree (BA, BS)","In CBSA, not in central city","NO","3: Mother","NO","YES","NO","NO","YES","0: 0  CONDITION DOES NOT APPLY","ALWAYS WITH RIGHT HAND","ALWAYS WITH RIGHT HAND","ALWAYS WITH RIGHT HAND","ALWAYS WITH RIGHT HAND","ALWAYS WITH LEFT HAND","1: 1  CONDITION APPLIES","1: 1  CONDITION APPLIES","NO","FEMALE","FEMALE"
1981,64735,4,1,2,33790,6,184,2,1,3,4,4,3,2,2,1,2,1,1,4,3,1,1,36,26,"Male","Non-Black / Non-Hispanic","South (AL, AR, DE, DC, FL, GA, KY, LA, MD, MS, NC, OK, SC, TN , TX, VA, WV)","None","In CBSA, not in central city","YES","3: Mother","YES","NO","YES","NO","YES","0: 0  CONDITION DOES NOT APPLY","ALWAYS WITH RIGHT HAND","ALWAYS WITH RIGHT HAND","ALWAYS WITH RIGHT HAND","ALWAYS WITH RIGHT HAND","ALWAYS WITH LEFT HAND","1: 1  CONDITION APPLIES","1: 1  CONDITION APPLIES","NO","FEMALE","MALE"
1981,64735,4,1,1,33790,4,183,1,2,1,1,6,4,2,2,1,2,1,3,3,6,1,1,25,15,"Female","Black","South (AL, AR, DE, DC, FL, GA, KY, LA, MD, MS, NC, OK, SC, TN , TX, VA, WV)","High school diploma (Regular 12 year program)","In CBSA, not in central city","NO","3: Mother","NO","YES","NO","NO","NO","0: 0  CONDITION DOES NOT APPLY","ALWAYS WITH RIGHT HAND","ALWAYS WITH RIGHT HAND","ALWAYS WITH RIGHT HAND","ALWAYS WITH RIGHT HAND","ALWAYS WITH LEFT HAND","1: 1  CONDITION APPLIES","1: 1  CONDITION APPLIES","NO","MALE","MALE"
1982,175000,5,1,2,33790,5,177,2,1,2,3,2,3,2,2,2,2,1,2,3,7,1,1,31,20,"Female","Non-Black / Non-Hispanic","South (AL, AR, DE, DC, FL, GA, KY, LA, MD, MS, NC, OK, SC, TN , TX, VA, WV)","GED","In CBSA, not in central city","NO","3: Mother","NO","NO","NO","NO","YES","0: 0  CONDITION DOES NOT APPLY","ALWAYS WITH RIGHT HAND","ALWAYS WITH RIGHT HAND","ALWAYS WITH RIGHT HAND","ALWAYS WITH RIGHT HAND","ALWAYS WITH LEFT HAND","1: 1  CONDITION APPLIES","1: 1  CONDITION APPLIES","NO","FEMALE","FEMALE"
1982,64735,3,0,2,33790,5,154,1,1,3,2,6,3,1,2,2,2,1,1,6,7,1,1,33,20,"Male","Black","South (AL, AR, DE, DC, FL, GA, KY, LA, MD, MS, NC, OK, SC, TN , TX, VA, WV)","Master's degree (MA, MS)","In CBSA, not in central city","NO","3: Mother","YES","NO","NO","NO","YES","0: 0  CONDITION DOES NOT APPLY","ALWAYS WITH RIGHT HAND","ALWAYS WITH RIGHT HAND","USUALLY WITH RIGHT HAND","USUALLY WITH RIGHT HAND","ALWAYS WITH LEFT HAND","1: 1  CONDITION APPLIES","1: 1  CONDITION APPLIES","NO","FEMALE","FEMALE"
1980,64735,4,1,2,33790,6,136,1,2,4,1,3,6,2,2,1,2,1,7,1,7,1,2,32,23,"Female","Non-Black / Non-Hispanic","North Central (IL, IN, IA, KS, MI, MN, MO, NE, OH, ND, SD, WI)","High school diploma (Regular 12 year program)","In CBSA, not in central city","NO","3: Mother","YES","NO","NO","NO","YES","0: 0  CONDITION DOES NOT APPLY","ALWAYS WITH RIGHT HAND","ALWAYS WITH RIGHT HAND","ALWAYS WITH RIGHT HAND","ALWAYS WITH RIGHT HAND","ALWAYS WITH LEFT HAND","1: 1  CONDITION APPLIES","1: 1  CONDITION APPLIES","NO","FEMALE","FEMALE"
1982,64735,4,1,1,33790,5,157,1,1,3,4,3,4,2,2,1,2,2,8,1,5,1,1,37,23,"Female","Non-Black / Non-Hispanic","South (AL, AR, DE, DC, FL, GA, KY, LA, MD, MS, NC, OK, SC, TN , TX, VA, WV)","Bachelor's degree (BA, BS)","In CBSA, not in central city","NO","3: Mother","YES","NO","NO","NO","YES","0: 0  CONDITION DOES NOT APPLY","ALWAYS WITH RIGHT HAND","USUALLY WITH RIGHT HAND","ALWAYS WITH RIGHT HAND","ALWAYS WITH RIGHT HAND","ALWAYS WITH LEFT HAND","1: 1  CONDITION APPLIES","1: 1  CONDITION APPLIES","NO","MALE","MALE"
1983,64735,2,1,1,33790,5,183,1,1,3,4,5,4,2,2,1,1,1,7,2,8,1,1,30,20,"Female","Non-Black / Non-Hispanic","South (AL, AR, DE, DC, FL, GA, KY, LA, MD, MS, NC, OK, SC, TN , TX, VA, WV)","High school diploma (Regular 12 year program)","In CBSA, not in central city","NO","3: Mother","YES","NO","NO","NO","YES","0: 0  CONDITION DOES NOT APPLY","ALWAYS WITH RIGHT HAND","USUALLY WITH BOTH HANDS EQUALLY","ALWAYS WITH LEFT HAND","ALWAYS WITH LEFT HAND","ALWAYS WITH LEFT HAND","1: 1  CONDITION APPLIES","1: 1  CONDITION APPLIES","NO","MALE","MALE"
1980,64735,4,1,3,33790,5,181,1,3,4,7,4,3,1,2,2,1,2,2,2,8,1,1,32,17,"Female","Non-Black / Non-Hispanic","West (AK, AZ, CA, CO, HI, ID, MT, NV, NM, OR, UT, WA, WY)","High school diploma (Regular 12 year program)","In CBSA, not in central city","NO","3: Mother","YES","NO","NO","NO","YES","0: 0  CONDITION DOES NOT APPLY","ALWAYS WITH RIGHT HAND","ALWAYS WITH RIGHT HAND","ALWAYS WITH RIGHT HAND","ALWAYS WITH RIGHT HAND","ALWAYS WITH LEFT HAND","1: 1  CONDITION APPLIES","0: 0  CONDITION DOES NOT APPLY","NO","FEMALE","FEMALE"
1981,64735,3,1,5,33790,5,183,1,1,3,6,4,5,2,2,1,1,1,6,2,7,1,1,31,22,"Female","Non-Black / Non-Hispanic","South (AL, AR, DE, DC, FL, GA, KY, LA, MD, MS, NC, OK, SC, TN , TX, VA, WV)","GED","In CBSA, not in central city","NO","3: Mother","NO","NO","NO","NO","YES","0: 0  CONDITION DOES NOT APPLY","ALWAYS WITH RIGHT HAND","ALWAYS WITH RIGHT HAND","ALWAYS WITH RIGHT HAND","ALWAYS WITH RIGHT HAND","ALWAYS WITH LEFT HAND","1: 1  CONDITION APPLIES","1: 1  CONDITION APPLIES","NO","FEMALE","MALE"
1981,64735,3,0,1,33790,5,183,1,1,2,3,4,3,2,1,1,2,1,4,2,6,1,1,33,21,"Male","Black","Northeast (CT, ME, MA, NH, NJ, NY, PA, RI, VT)","High school diploma (Regular 12 year program)","In CBSA, in central city","NO","3: Mother","YES","YES","NO","NO","YES","0: 0  CONDITION DOES NOT APPLY","ALWAYS WITH RIGHT HAND","ALWAYS WITH RIGHT HAND","ALWAYS WITH RIGHT HAND","USUALLY WITH LEFT HAND","USUALLY WITH LEFT HAND","1: 1  CONDITION APPLIES","1: 1  CONDITION APPLIES","NO","FEMALE","FEMALE"
1982,64735,3,1,3,33790,5,182,1,2,4,3,2,4,2,2,2,2,1,6,5,7,1,1,29,2,"Female","Non-Black / Non-Hispanic","North Central (IL, IN, IA, KS, MI, MN, MO, NE, OH, ND, SD, WI)","Bachelor's degree (BA, BS)","In CBSA, not in central city","NO","3: Mother","NO","NO","YES","NO","YES","0: 0  CONDITION DOES NOT APPLY","ALWAYS WITH RIGHT HAND","ALWAYS WITH RIGHT HAND","ALWAYS WITH RIGHT HAND","ALWAYS WITH RIGHT HAND","ALWAYS WITH RIGHT HAND","1: 1  CONDITION APPLIES","1: 1  CONDITION APPLIES","NO","MALE","FEMALE"
1984,3000,2,0,3,33790,6,250,1,1,5,6,3,5,2,2,2,2,1,2,3,6,1,1,33,22,"Male","Non-Black / Non-Hispanic","South (AL, AR, DE, DC, FL, GA, KY, LA, MD, MS, NC, OK, SC, TN , TX, VA, WV)","High school diploma (Regular 12 year program)","In CBSA, not in central city","NO","3: Mother","YES","NO","YES","NO","YES","0: 0  CONDITION DOES NOT APPLY","ALWAYS WITH LEFT HAND","ALWAYS WITH LEFT HAND","ALWAYS WITH LEFT HAND","ALWAYS WITH LEFT HAND","ALWAYS WITH LEFT HAND","1: 1  CONDITION APPLIES","1: 1  CONDITION APPLIES","NO","FEMALE","MALE"
1984,151209,4,0,1,33790,5,183,1,2,2,5,1,4,2,2,2,2,2,3,2,7,1,1,35,24,"Male","Non-Black / Non-Hispanic","South (AL, AR, DE, DC, FL, GA, KY, LA, MD, MS, NC, OK, SC, TN , TX, VA, WV)","High school diploma (Regular 12 year program)","In CBSA, not in central city","YES","3: Mother","YES","NO","NO","NO","NO","0: 0  CONDITION DOES NOT APPLY","ALWAYS WITH RIGHT HAND","USUALLY WITH BOTH HANDS EQUALLY","ALWAYS WITH RIGHT HAND","ALWAYS WITH RIGHT HAND","ALWAYS WITH LEFT HAND","0: 0  CONDITION DOES NOT APPLY","1: 1  CONDITION APPLIES","NO","FEMALE","FEMALE"
1982,316618,3,0,3,33790,5,181,1,1,2,4,6,6,2,2,2,1,2,6,2,9,1,1,37,59,"Male","Non-Black / Non-Hispanic","South (AL, AR, DE, DC, FL, GA, KY, LA, MD, MS, NC, OK, SC, TN , TX, VA, WV)","Professional degree (DDS, JD, MD)","In CBSA, not in central city","YES","3: Mother","NO","NO","NO","NO","YES","0: 0  CONDITION DOES NOT APPLY","ALWAYS WITH RIGHT HAND","ALWAYS WITH RIGHT HAND","ALWAYS WITH RIGHT HAND","ALWAYS WITH RIGHT HAND","ALWAYS WITH LEFT HAND","1: 1  CONDITION APPLIES","1: 1  CONDITION APPLIES","NO","FEMALE","MALE"
1982,64735,5,1,3,40000,6,187,1,1,6,4,2,3,2,2,1,2,1,2,5,7,1,1,31,18,"Male","Non-Black / Non-Hispanic","South (AL, AR, DE, DC, FL, GA, KY, LA, MD, MS, NC, OK, SC, TN , TX, VA, WV)","None","In CBSA, not in central city","NO","3: Mother","NO","NO","NO","NO","YES","0: 0  CONDITION DOES NOT APPLY","ALWAYS WITH LEFT HAND","ALWAYS WITH LEFT HAND","ALWAYS WITH LEFT HAND","ALWAYS WITH LEFT HAND","ALWAYS WITH RIGHT HAND","1: 1  CONDITION APPLIES","1: 1  CONDITION APPLIES","NO","MALE","FEMALE"
1983,64735,2,1,1,33790,5,181,1,1,1,4,5,4,2,1,2,2,1,6,3,8,1,1,26,20,"Female","Black","South (AL, AR, DE, DC, FL, GA, KY, LA, MD, MS, NC, OK, SC, TN , TX, VA, WV)","Bachelor's degree (BA, BS)","In CBSA, not in central city","NO","3: Mother","NO","YES","NO","NO","YES","0: 0  CONDITION DOES NOT APPLY","ALWAYS WITH RIGHT HAND","ALWAYS WITH RIGHT HAND","ALWAYS WITH RIGHT HAND","ALWAYS WITH RIGHT HAND","ALWAYS WITH LEFT HAND","1: 1  CONDITION APPLIES","1: 1  CONDITION APPLIES","NO","FEMALE","MALE"
1981,64735,4,1,2,33790,5,183,1,2,3,4,4,3,2,2,2,2,1,6,6,5,1,1,31,18,"Female","Non-Black / Non-Hispanic","South (AL, AR, DE, DC, FL, GA, KY, LA, MD, MS, NC, OK, SC, TN , TX, VA, WV)","None","In CBSA, not in central city","NO","3: Mother","YES","NO","NO","NO","YES","0: 0  CONDITION DOES NOT APPLY","ALWAYS WITH RIGHT HAND","ALWAYS WITH RIGHT HAND","ALWAYS WITH RIGHT HAND","ALWAYS WITH RIGHT HAND","ALWAYS WITH LEFT HAND","1: 1  CONDITION APPLIES","1: 1  CONDITION APPLIES","NO","MALE","FEMALE"
1981,64735,3,0,3,33790,5,188,1,1,7,4,3,6,2,2,2,2,2,6,2,7,1,1,31,22,"Male","Non-Black / Non-Hispanic","South (AL, AR, DE, DC, FL, GA, KY, LA, MD, MS, NC, OK, SC, TN , TX, VA, WV)","High school diploma (Regular 12 year program)","In CBSA, in central city","NO","3: Mother","NO","NO","NO","NO","YES","0: 0  CONDITION DOES NOT APPLY","ALWAYS WITH RIGHT HAND","ALWAYS WITH RIGHT HAND","ALWAYS WITH RIGHT HAND","ALWAYS WITH RIGHT HAND","ALWAYS WITH LEFT HAND","1: 1  CONDITION APPLIES","1: 1  CONDITION APPLIES","NO","MALE","MALE"
1983,32000,4,0,2,33790,5,182,1,1,4,3,1,3,2,2,2,2,2,2,4,9,1,1,34,22,"Male","Non-Black / Non-Hispanic","North Central (IL, IN, IA, KS, MI, MN, MO, NE, OH, ND, SD, WI)","None","In CBSA, not in central city","NO","3: Mother","YES","NO","NO","NO","YES","0: 0  CONDITION DOES NOT APPLY","ALWAYS WITH RIGHT HAND","ALWAYS WITH RIGHT HAND","ALWAYS WITH RIGHT HAND","ALWAYS WITH RIGHT HAND","ALWAYS WITH LEFT HAND","0: 0  CONDITION DOES NOT APPLY","1: 1  CONDITION APPLIES","NO","MALE","MALE"
1984,34770,2,0,3,33790,5,183,1,2,4,3,4,5,2,2,2,2,1,4,2,6,1,1,31,20,"Male","Non-Black / Non-Hispanic","South (AL, AR, DE, DC, FL, GA, KY, LA, MD, MS, NC, OK, SC, TN , TX, VA, WV)","GED","In CBSA, in central city","NO","3: Mother","NO","NO","NO","NO","YES","0: 0  CONDITION DOES NOT APPLY","ALWAYS WITH RIGHT HAND","ALWAYS WITH RIGHT HAND","ALWAYS WITH RIGHT HAND","ALWAYS WITH RIGHT HAND","ALWAYS WITH LEFT HAND","1: 1  CONDITION APPLIES","1: 1  CONDITION APPLIES","NO","FEMALE","MALE"
1981,68020,3,1,3,33790,5,182,1,1,5,4,5,4,2,2,1,2,1,5,2,7,1,2,28,21,"Female","Non-Black / Non-Hispanic","North Central (IL, IN, IA, KS, MI, MN, MO, NE, OH, ND, SD, WI)","Associate/Junior college (AA)","In CBSA, not in central city","NO","3: Mother","YES","NO","YES","NO","NO","0: 0  CONDITION DOES NOT APPLY","ALWAYS WITH RIGHT HAND","ALWAYS WITH RIGHT HAND","ALWAYS WITH RIGHT HAND","ALWAYS WITH RIGHT HAND","ALWAYS WITH LEFT HAND","1: 1  CONDITION APPLIES","1: 1  CONDITION APPLIES","NO","MALE","FEMALE"
1981,64735,3,0,2,33790,5,184,1,1,3,5,2,3,2,2,1,2,1,6,4,6,1,1,30,22,"Male","Non-Black / Non-Hispanic","South (AL, AR, DE, DC, FL, GA, KY, LA, MD, MS, NC, OK, SC, TN , TX, VA, WV)","None","In CBSA, not in central city","NO","3: Mother","YES","NO","NO","NO","YES","0: 0  CONDITION DOES NOT APPLY","ALWAYS WITH RIGHT HAND","ALWAYS WITH RIGHT HAND","ALWAYS WITH RIGHT HAND","ALWAYS WITH RIGHT HAND","ALWAYS WITH LEFT HAND","1: 1  CONDITION APPLIES","1: 1  CONDITION APPLIES","NO","FEMALE","FEMALE"
1983,33000,3,1,5,33790,6,182,2,1,1,3,4,3,2,2,2,2,1,7,2,7,1,1,23,19,"Male","Non-Black / Non-Hispanic","South (AL, AR, DE, DC, FL, GA, KY, LA, MD, MS, NC, OK, SC, TN , TX, VA, WV)","High school diploma (Regular 12 year program)","In CBSA, not in central city","NO","3: Mother","YES","NO","YES","NO","NO","0: 0  CONDITION DOES NOT APPLY","ALWAYS WITH RIGHT HAND","ALWAYS WITH RIGHT HAND","ALWAYS WITH RIGHT HAND","ALWAYS WITH RIGHT HAND","ALWAYS WITH RIGHT HAND","1: 1  CONDITION APPLIES","1: 1  CONDITION APPLIES","NO","MALE","MALE"
1983,61027,3,1,1,33790,5,182,1,1,1,2,3,3,2,2,1,2,1,6,2,7,1,1,32,21,"Female","Non-Black / Non-Hispanic","South (AL, AR, DE, DC, FL, GA, KY, LA, MD, MS, NC, OK, SC, TN , TX, VA, WV)","Bachelor's degree (BA, BS)","In CBSA, not in central city","NO","3: Mother","NO","YES","NO","NO","YES","1: 1  CONDITION APPLIES","ALWAYS WITH RIGHT HAND","ALWAYS WITH RIGHT HAND","ALWAYS WITH RIGHT HAND","ALWAYS WITH RIGHT HAND","USUALLY WITH LEFT HAND","1: 1  CONDITION APPLIES","0: 0  CONDITION DOES NOT APPLY","NO","MALE","MALE"
1980,64735,6,1,1,33790,5,181,1,1,3,3,3,4,2,1,1,1,1,6,4,6,1,1,32,16,"Male","Non-Black / Non-Hispanic","North Central (IL, IN, IA, KS, MI, MN, MO, NE, OH, ND, SD, WI)","GED","In CBSA, in central city","NO","3: Mother","YES","NO","NO","NO","YES","0: 0  CONDITION DOES NOT APPLY","ALWAYS WITH RIGHT HAND","ALWAYS WITH RIGHT HAND","ALWAYS WITH RIGHT HAND","ALWAYS WITH RIGHT HAND","ALWAYS WITH LEFT HAND","1: 1  CONDITION APPLIES","0: 0  CONDITION DOES NOT APPLY","NO","FEMALE","FEMALE"
1983,64735,3,1,2,33790,5,182,1,2,4,5,6,5,2,2,2,1,1,3,3,6,2,1,28,21,"Female","Non-Black / Non-Hispanic","West (AK, AZ, CA, CO, HI, ID, MT, NV, NM, OR, UT, WA, WY)","High school diploma (Regular 12 year program)","In CBSA, not in central city","NO","3: Mother","YES","NO","NO","NO","YES","1: 1  CONDITION APPLIES","ALWAYS WITH RIGHT HAND","ALWAYS WITH RIGHT HAND","ALWAYS WITH RIGHT HAND","ALWAYS WITH RIGHT HAND","USUALLY WITH BOTH HANDS EQUALLY","1: 1  CONDITION APPLIES","1: 1  CONDITION APPLIES","NO","MALE","MALE"
1981,64735,4,0,1,33790,5,120,2,2,3,3,1,5,2,2,1,2,1,4,2,8,1,1,31,22,"Female","Non-Black / Non-Hispanic","West (AK, AZ, CA, CO, HI, ID, MT, NV, NM, OR, UT, WA, WY)","High school diploma (Regular 12 year program)","In CBSA, not in central city","NO","3: Mother","YES","NO","NO","NO","NO","0: 0  CONDITION DOES NOT APPLY","ALWAYS WITH RIGHT HAND","ALWAYS WITH RIGHT HAND","ALWAYS WITH RIGHT HAND","ALWAYS WITH LEFT HAND","ALWAYS WITH LEFT HAND","1: 1  CONDITION APPLIES","1: 1  CONDITION APPLIES","NO","MALE","FEMALE"
1982,70000,4,1,2,33790,5,183,1,1,2,3,2,4,2,2,2,2,1,4,3,7,1,1,28,10,"Female","Hispanic","South (AL, AR, DE, DC, FL, GA, KY, LA, MD, MS, NC, OK, SC, TN , TX, VA, WV)","Professional degree (DDS, JD, MD)","Not in country","NO","3: Mother","NO","NO","NO","NO","YES","0: 0  CONDITION DOES NOT APPLY","ALWAYS WITH RIGHT HAND","ALWAYS WITH RIGHT HAND","ALWAYS WITH RIGHT HAND","ALWAYS WITH RIGHT HAND","ALWAYS WITH LEFT HAND","1: 1  CONDITION APPLIES","1: 1  CONDITION APPLIES","YES","FEMALE","FEMALE"
1981,121417,2,0,2,33790,5,179,1,1,3,3,5,7,2,2,1,2,2,6,2,6,1,1,31,18,"Male","Non-Black / Non-Hispanic","North Central (IL, IN, IA, KS, MI, MN, MO, NE, OH, ND, SD, WI)","Associate/Junior college (AA)","In CBSA, in central city","NO","3: Mother","YES","NO","NO","NO","YES","0: 0  CONDITION DOES NOT APPLY","ALWAYS WITH RIGHT HAND","ALWAYS WITH RIGHT HAND","ALWAYS WITH RIGHT HAND","ALWAYS WITH RIGHT HAND","ALWAYS WITH LEFT HAND","1: 1  CONDITION APPLIES","1: 1  CONDITION APPLIES","NO","MALE","MALE"
1981,73101,2,0,2,30000,5,182,2,2,1,3,1,6,1,2,1,2,1,6,2,8,1,1,28,21,"Female","Non-Black / Non-Hispanic","Northeast (CT, ME, MA, NH, NJ, NY, PA, RI, VT)","Bachelor's degree (BA, BS)","In CBSA, not in central city","NO","3: Mother","YES","NO","NO","NO","YES","0: 0  CONDITION DOES NOT APPLY","ALWAYS WITH RIGHT HAND","ALWAYS WITH RIGHT HAND","ALWAYS WITH RIGHT HAND","ALWAYS WITH RIGHT HAND","ALWAYS WITH LEFT HAND","1: 1  CONDITION APPLIES","1: 1  CONDITION APPLIES","NO","FEMALE","MALE"
1983,64735,3,1,1,33790,5,179,1,1,2,3,3,5,2,2,1,2,1,5,2,8,1,2,21,0,"Male","Non-Black / Non-Hispanic","North Central (IL, IN, IA, KS, MI, MN, MO, NE, OH, ND, SD, WI)","Bachelor's degree (BA, BS)","In CBSA, in central city","NO","3: Mother","YES","NO","NO","NO","YES","0: 0  CONDITION DOES NOT APPLY","ALWAYS WITH RIGHT HAND","ALWAYS WITH RIGHT HAND","ALWAYS WITH RIGHT HAND","ALWAYS WITH RIGHT HAND","ALWAYS WITH LEFT HAND","1: 1  CONDITION APPLIES","1: 1  CONDITION APPLIES","NO","MALE","MALE"
1983,64735,3,1,4,33790,5,187,2,1,1,3,2,2,2,2,1,2,1,6,6,6,2,1,31,21,"Female","Mixed Race (Non-Hispanic)","North Central (IL, IN, IA, KS, MI, MN, MO, NE, OH, ND, SD, WI)","High school diploma (Regular 12 year program)","In CBSA, not in central city","NO","3: Mother","NO","NO","NO","NO","YES","0: 0  CONDITION DOES NOT APPLY","ALWAYS WITH RIGHT HAND","ALWAYS WITH RIGHT HAND","ALWAYS WITH RIGHT HAND","ALWAYS WITH RIGHT HAND","ALWAYS WITH LEFT HAND","1: 1  CONDITION APPLIES","1: 1  CONDITION APPLIES","NO","FEMALE","MALE"
1983,64735,3,1,1,33790,6,201,2,2,4,5,3,6,2,2,1,2,2,1,4,5,1,1,32,20,"Male","Non-Black / Non-Hispanic","South (AL, AR, DE, DC, FL, GA, KY, LA, MD, MS, NC, OK, SC, TN , TX, VA, WV)","High school diploma (Regular 12 year program)","In CBSA, in central city","NO","3: Mother","YES","NO","NO","NO","NO","0: 0  CONDITION DOES NOT APPLY","ALWAYS WITH RIGHT HAND","ALWAYS WITH RIGHT HAND","ALWAYS WITH RIGHT HAND","ALWAYS WITH RIGHT HAND","USUALLY WITH BOTH HANDS EQUALLY","1: 1  CONDITION APPLIES","1: 1  CONDITION APPLIES","NO","FEMALE","FEMALE"
1983,64735,1,0,3,33790,5,182,1,1,4,3,5,5,2,2,2,1,1,8,3,7,1,1,34,25,"Male","Non-Black / Non-Hispanic","South (AL, AR, DE, DC, FL, GA, KY, LA, MD, MS, NC, OK, SC, TN , TX, VA, WV)","Bachelor's degree (BA, BS)","In CBSA, in central city","NO","3: Mother","YES","NO","NO","NO","YES","1: 1  CONDITION APPLIES","ALWAYS WITH RIGHT HAND","ALWAYS WITH RIGHT HAND","ALWAYS WITH RIGHT HAND","ALWAYS WITH RIGHT HAND","ALWAYS WITH LEFT HAND","1: 1  CONDITION APPLIES","1: 1  CONDITION APPLIES","NO","FEMALE","MALE"
1984,64735,4,1,3,33790,5,100,1,1,2,4,2,2,2,2,1,2,1,7,2,7,1,1,30,22,"Female","Non-Black / Non-Hispanic","South (AL, AR, DE, DC, FL, GA, KY, LA, MD, MS, NC, OK, SC, TN , TX, VA, WV)","Bachelor's degree (BA, BS)","In CBSA, not in central city","NO","3: Mother","YES","YES","NO","YES","YES","0: 0  CONDITION DOES NOT APPLY","ALWAYS WITH RIGHT HAND","ALWAYS WITH RIGHT HAND","ALWAYS WITH RIGHT HAND","ALWAYS WITH RIGHT HAND","ALWAYS WITH LEFT HAND","1: 1  CONDITION APPLIES","1: 1  CONDITION APPLIES","NO","FEMALE","MALE"
1984,64735,4,1,2,33790,6,186,2,2,2,4,4,4,2,2,2,2,1,6,4,7,1,1,32,23,"Male","Non-Black / Non-Hispanic","West (AK, AZ, CA, CO, HI, ID, MT, NV, NM, OR, UT, WA, WY)","Bachelor's degree (BA, BS)","In CBSA, in central city","NO","3: Mother","NO","YES","YES","NO","YES","0: 0  CONDITION DOES NOT APPLY","ALWAYS WITH RIGHT HAND","USUALLY WITH RIGHT HAND","USUALLY WITH RIGHT HAND","ALWAYS WITH RIGHT HAND","ALWAYS WITH LEFT HAND","1: 1  CONDITION APPLIES","1: 1  CONDITION APPLIES","NO","FEMALE","MALE"
1986,64735,3,0,1,33790,5,186,1,1,1,2,3,4,2,2,1,2,1,7,3,6,1,1,34,22,"Male","Non-Black / Non-Hispanic","South (AL, AR, DE, DC, FL, GA, KY, LA, MD, MS, NC, OK, SC, TN , TX, VA, WV)","Bachelor's degree (BA, BS)","Not in CBSA","NO","3: Mother","NO","NO","YES","NO","YES","0: 0  CONDITION DOES NOT APPLY","ALWAYS WITH RIGHT HAND","ALWAYS WITH LEFT HAND","ALWAYS WITH RIGHT HAND","ALWAYS WITH LEFT HAND","ALWAYS WITH LEFT HAND","1: 1  CONDITION APPLIES","1: 1  CONDITION APPLIES","NO","FEMALE","MALE"
1983,64735,2,0,1,50000,5,181,1,1,4,4,5,5,2,2,1,2,1,6,3,7,1,1,26,19,"Female","Non-Black / Non-Hispanic","South (AL, AR, DE, DC, FL, GA, KY, LA, MD, MS, NC, OK, SC, TN , TX, VA, WV)","Master's degree (MA, MS)","In CBSA, not in central city","NO","3: Mother","NO","NO","NO","NO","YES","0: 0  CONDITION DOES NOT APPLY","ALWAYS WITH RIGHT HAND","ALWAYS WITH RIGHT HAND","ALWAYS WITH RIGHT HAND","ALWAYS WITH RIGHT HAND","ALWAYS WITH LEFT HAND","1: 1  CONDITION APPLIES","1: 1  CONDITION APPLIES","NO","MALE","MALE"
1984,64735,1,0,1,33790,6,181,1,1,5,5,5,2,2,2,2,2,1,6,1,6,2,2,31,25,"Male","Non-Black / Non-Hispanic","North Central (IL, IN, IA, KS, MI, MN, MO, NE, OH, ND, SD, WI)","Bachelor's degree (BA, BS)","In CBSA, in central city","NO","3: Mother","YES","NO","NO","NO","YES","0: 0  CONDITION DOES NOT APPLY","ALWAYS WITH RIGHT HAND","ALWAYS WITH RIGHT HAND","ALWAYS WITH LEFT HAND","USUALLY WITH LEFT HAND","ALWAYS WITH RIGHT HAND","1: 1  CONDITION APPLIES","1: 1  CONDITION APPLIES","NO","MALE","FEMALE"
1981,64735,3,0,1,33790,5,195,1,2,1,3,4,2,1,2,1,2,1,2,2,6,1,1,33,24,"Male","Non-Black / Non-Hispanic","South (AL, AR, DE, DC, FL, GA, KY, LA, MD, MS, NC, OK, SC, TN , TX, VA, WV)","GED","In CBSA, not in central city","YES","3: Mother","YES","YES","NO","NO","NO","0: 0  CONDITION DOES NOT APPLY","ALWAYS WITH RIGHT HAND","ALWAYS WITH RIGHT HAND","ALWAYS WITH RIGHT HAND","ALWAYS WITH RIGHT HAND","ALWAYS WITH LEFT HAND","1: 1  CONDITION APPLIES","1: 1  CONDITION APPLIES","NO","MALE","MALE"
1984,64735,1,0,2,93000,5,177,1,1,1,2,3,5,2,2,2,2,2,5,2,5,1,3,25,20,"Male","Black","North Central (IL, IN, IA, KS, MI, MN, MO, NE, OH, ND, SD, WI)","Bachelor's degree (BA, BS)","In CBSA, in central city","NO","3: Mother","NO","NO","NO","NO","NO","0: 0  CONDITION DOES NOT APPLY","ALWAYS WITH RIGHT HAND","ALWAYS WITH RIGHT HAND","ALWAYS WITH RIGHT HAND","ALWAYS WITH RIGHT HAND","USUALLY WITH LEFT HAND","1: 1  CONDITION APPLIES","1: 1  CONDITION APPLIES","NO","FEMALE","FEMALE"
1981,60000,1,0,2,60000,6,160,1,2,4,2,3,2,2,2,1,2,2,6,2,6,1,2,33,24,"Male","Black","South (AL, AR, DE, DC, FL, GA, KY, LA, MD, MS, NC, OK, SC, TN , TX, VA, WV)","High school diploma (Regular 12 year program)","In CBSA, in central city","NO","3: Mother","YES","NO","YES","NO","YES","0: 0  CONDITION DOES NOT APPLY","ALWAYS WITH RIGHT HAND","ALWAYS WITH RIGHT HAND","ALWAYS WITH RIGHT HAND","ALWAYS WITH RIGHT HAND","ALWAYS WITH LEFT HAND","1: 1  CONDITION APPLIES","1: 1  CONDITION APPLIES","NO","FEMALE","FEMALE"
1982,64735,4,0,2,33790,6,187,1,2,1,3,1,2,2,1,2,1,2,5,3,5,1,1,52,27,"Male","Non-Black / Non-Hispanic","North Central (IL, IN, IA, KS, MI, MN, MO, NE, OH, ND, SD, WI)","High school diploma (Regular 12 year program)","In CBSA, in central city","YES","3: Mother","NO","NO","NO","NO","NO","0: 0  CONDITION DOES NOT APPLY","ALWAYS WITH RIGHT HAND","ALWAYS WITH RIGHT HAND","ALWAYS WITH RIGHT HAND","ALWAYS WITH RIGHT HAND","ALWAYS WITH LEFT HAND","1: 1  CONDITION APPLIES","1: 1  CONDITION APPLIES","NO","FEMALE","FEMALE"
1982,64735,4,1,2,33790,6,181,1,1,3,4,3,3,2,2,1,1,1,4,2,7,1,1,30,18,"Male","Non-Black / Non-Hispanic","South (AL, AR, DE, DC, FL, GA, KY, LA, MD, MS, NC, OK, SC, TN , TX, VA, WV)","GED","In CBSA, not in central city","NO","3: Mother","NO","NO","NO","NO","NO","0: 0  CONDITION DOES NOT APPLY","ALWAYS WITH RIGHT HAND","ALWAYS WITH RIGHT HAND","ALWAYS WITH RIGHT HAND","ALWAYS WITH RIGHT HAND","ALWAYS WITH LEFT HAND","1: 1  CONDITION APPLIES","1: 1  CONDITION APPLIES","NO","FEMALE","MALE"
1984,5700,3,0,5,33790,5,183,2,1,1,4,1,2,2,2,2,2,2,1,3,11,1,1,36,62,"Male","Black","South (AL, AR, DE, DC, FL, GA, KY, LA, MD, MS, NC, OK, SC, TN , TX, VA, WV)","None","In CBSA, not in central city","YES","3: Mother","YES","YES","NO","NO","NO","0: 0  CONDITION DOES NOT APPLY","ALWAYS WITH RIGHT HAND","ALWAYS WITH RIGHT HAND","ALWAYS WITH RIGHT HAND","ALWAYS WITH RIGHT HAND","ALWAYS WITH LEFT HAND","1: 1  CONDITION APPLIES","1: 1  CONDITION APPLIES","NO","FEMALE","MALE"
1982,64735,5,0,1,33790,5,182,1,2,3,3,4,6,2,2,1,2,2,6,4,7,6,3,33,22,"Female","Black","South (AL, AR, DE, DC, FL, GA, KY, LA, MD, MS, NC, OK, SC, TN , TX, VA, WV)","High school diploma (Regular 12 year program)","In CBSA, in central city","NO","3: Mother","NO","NO","NO","NO","YES","0: 0  CONDITION DOES NOT APPLY","ALWAYS WITH RIGHT HAND","ALWAYS WITH RIGHT HAND","ALWAYS WITH RIGHT HAND","ALWAYS WITH RIGHT HAND","DON'T DO THIS ACTIVITY","1: 1  CONDITION APPLIES","1: 1  CONDITION APPLIES","NO","MALE","FEMALE"
1983,64735,2,1,4,33790,6,181,1,2,3,5,6,4,1,2,1,2,1,6,1,7,1,2,29,20,"Female","Non-Black / Non-Hispanic","West (AK, AZ, CA, CO, HI, ID, MT, NV, NM, OR, UT, WA, WY)","Bachelor's degree (BA, BS)","In CBSA, in central city","NO","3: Mother","YES","NO","NO","NO","YES","0: 0  CONDITION DOES NOT APPLY","ALWAYS WITH RIGHT HAND","ALWAYS WITH RIGHT HAND","ALWAYS WITH RIGHT HAND","ALWAYS WITH RIGHT HAND","ALWAYS WITH LEFT HAND","1: 1  CONDITION APPLIES","1: 1  CONDITION APPLIES","NO","MALE","FEMALE"
1983,750,4,0,3,33790,5,155,1,1,3,2,4,6,1,1,1,1,2,3,2,6,1,1,32,18,"Female","Non-Black / Non-Hispanic","Northeast (CT, ME, MA, NH, NJ, NY, PA, RI, VT)","Associate/Junior college (AA)","In CBSA, not in central city","NO","3: Mother","YES","NO","NO","NO","NO","1: 1  CONDITION APPLIES","ALWAYS WITH RIGHT HAND","ALWAYS WITH RIGHT HAND","ALWAYS WITH RIGHT HAND","ALWAYS WITH RIGHT HAND","ALWAYS WITH LEFT HAND","1: 1  CONDITION APPLIES","0: 0  CONDITION DOES NOT APPLY","NO","MALE","MALE"
1983,64735,1,0,2,33790,5,180,1,1,3,3,4,3,2,2,1,2,2,3,1,8,1,1,28,27,"Male","Non-Black / Non-Hispanic","Northeast (CT, ME, MA, NH, NJ, NY, PA, RI, VT)","Associate/Junior college (AA)","In CBSA, in central city","YES","3: Mother","YES","NO","NO","NO","YES","0: 0  CONDITION DOES NOT APPLY","ALWAYS WITH RIGHT HAND","ALWAYS WITH RIGHT HAND","ALWAYS WITH RIGHT HAND","ALWAYS WITH RIGHT HAND","ALWAYS WITH LEFT HAND","1: 1  CONDITION APPLIES","1: 1  CONDITION APPLIES","NO","MALE","MALE"
1982,64735,4,1,2,33790,5,185,1,1,5,4,3,4,2,2,2,2,1,4,3,7,1,1,32,21,"Male","Hispanic","South (AL, AR, DE, DC, FL, GA, KY, LA, MD, MS, NC, OK, SC, TN , TX, VA, WV)","High school diploma (Regular 12 year program)","In CBSA, not in central city","NO","3: Mother","NO","YES","NO","NO","YES","0: 0  CONDITION DOES NOT APPLY","ALWAYS WITH RIGHT HAND","ALWAYS WITH RIGHT HAND","ALWAYS WITH RIGHT HAND","ALWAYS WITH RIGHT HAND","ALWAYS WITH LEFT HAND","1: 1  CONDITION APPLIES","1: 1  CONDITION APPLIES","NO","MALE","FEMALE"
1980,64735,3,0,1,33790,6,185,1,1,3,4,1,3,1,2,1,1,1,6,2,8,1,1,32,22,"Female","Black","South (AL, AR, DE, DC, FL, GA, KY, LA, MD, MS, NC, OK, SC, TN , TX, VA, WV)","High school diploma (Regular 12 year program)","In CBSA, not in central city","NO","3: Mother","NO","NO","NO","NO","YES","0: 0  CONDITION DOES NOT APPLY","ALWAYS WITH RIGHT HAND","ALWAYS WITH RIGHT HAND","ALWAYS WITH RIGHT HAND","ALWAYS WITH RIGHT HAND","ALWAYS WITH LEFT HAND","1: 1  CONDITION APPLIES","1: 1  CONDITION APPLIES","NO","FEMALE","FEMALE"
1981,64735,3,0,1,32000,5,184,1,1,1,6,4,3,2,2,1,2,1,7,4,6,1,1,30,21,"Male","Non-Black / Non-Hispanic","South (AL, AR, DE, DC, FL, GA, KY, LA, MD, MS, NC, OK, SC, TN , TX, VA, WV)","High school diploma (Regular 12 year program)","In CBSA, not in central city","NO","3: Mother","NO","YES","NO","NO","YES","0: 0  CONDITION DOES NOT APPLY","ALWAYS WITH RIGHT HAND","ALWAYS WITH RIGHT HAND","ALWAYS WITH RIGHT HAND","ALWAYS WITH RIGHT HAND","ALWAYS WITH LEFT HAND","1: 1  CONDITION APPLIES","1: 1  CONDITION APPLIES","NO","MALE","MALE"
1985,64735,4,0,3,33790,5,180,2,3,1,5,2,1,1,2,2,2,1,6,5,4,1,1,32,19,"Female","Black","South (AL, AR, DE, DC, FL, GA, KY, LA, MD, MS, NC, OK, SC, TN , TX, VA, WV)","GED","In CBSA, in central city","NO","3: Mother","NO","NO","NO","NO","NO","0: 0  CONDITION DOES NOT APPLY","ALWAYS WITH RIGHT HAND","ALWAYS WITH RIGHT HAND","ALWAYS WITH RIGHT HAND","ALWAYS WITH RIGHT HAND","ALWAYS WITH LEFT HAND","1: 1  CONDITION APPLIES","1: 1  CONDITION APPLIES","NO","FEMALE","FEMALE"
1983,64735,2,0,1,33790,6,182,1,2,2,1,4,4,2,2,1,2,1,4,2,7,1,1,28,22,"Female","Black","South (AL, AR, DE, DC, FL, GA, KY, LA, MD, MS, NC, OK, SC, TN , TX, VA, WV)","High school diploma (Regular 12 year program)","In CBSA, not in central city","NO","3: Mother","NO","NO","NO","NO","YES","0: 0  CONDITION DOES NOT APPLY","ALWAYS WITH RIGHT HAND","ALWAYS WITH RIGHT HAND","USUALLY WITH BOTH HANDS EQUALLY","ALWAYS WITH RIGHT HAND","ALWAYS WITH LEFT HAND","1: 1  CONDITION APPLIES","1: 1  CONDITION APPLIES","NO","MALE","MALE"
1981,64735,4,1,5,33790,6,230,1,1,1,2,3,3,2,2,1,2,1,6,3,6,1,1,33,22,"Male","Black","South (AL, AR, DE, DC, FL, GA, KY, LA, MD, MS, NC, OK, SC, TN , TX, VA, WV)","High school diploma (Regular 12 year program)","In CBSA, in central city","NO","3: Mother","NO","NO","NO","NO","NO","0: 0  CONDITION DOES NOT APPLY","ALWAYS WITH RIGHT HAND","ALWAYS WITH RIGHT HAND","ALWAYS WITH RIGHT HAND","ALWAYS WITH RIGHT HAND","ALWAYS WITH LEFT HAND","1: 1  CONDITION APPLIES","1: 1  CONDITION APPLIES","NO","FEMALE","FEMALE"
1980,64735,4,0,2,33790,5,155,1,2,6,3,2,2,2,2,1,1,2,6,5,7,1,1,32,20,"Male","Mixed Race (Non-Hispanic)","West (AK, AZ, CA, CO, HI, ID, MT, NV, NM, OR, UT, WA, WY)","Bachelor's degree (BA, BS)","In CBSA, in central city","NO","3: Mother","YES","NO","NO","NO","NO","0: 0  CONDITION DOES NOT APPLY","ALWAYS WITH RIGHT HAND","USUALLY WITH RIGHT HAND","ALWAYS WITH RIGHT HAND","ALWAYS WITH RIGHT HAND","ALWAYS WITH LEFT HAND","1: 1  CONDITION APPLIES","1: 1  CONDITION APPLIES","NO","FEMALE","FEMALE"
1984,64735,4,0,2,33790,5,183,1,1,2,2,1,7,2,1,2,1,1,6,3,6,1,1,41,53,"Male","Black","South (AL, AR, DE, DC, FL, GA, KY, LA, MD, MS, NC, OK, SC, TN , TX, VA, WV)","High school diploma (Regular 12 year program)","In CBSA, in central city","YES","3: Mother","YES","YES","NO","NO","YES","0: 0  CONDITION DOES NOT APPLY","ALWAYS WITH RIGHT HAND","ALWAYS WITH RIGHT HAND","ALWAYS WITH RIGHT HAND","USUALLY WITH BOTH HANDS EQUALLY","ALWAYS WITH LEFT HAND","1: 1  CONDITION APPLIES","1: 1  CONDITION APPLIES","NO","MALE","MALE"
1982,64735,1,0,1,42000,5,183,1,1,2,3,6,1,2,1,1,2,1,6,2,7,1,1,31,21,"Male","Non-Black / Non-Hispanic","South (AL, AR, DE, DC, FL, GA, KY, LA, MD, MS, NC, OK, SC, TN , TX, VA, WV)","Bachelor's degree (BA, BS)","In CBSA, not in central city","NO","3: Mother","YES","NO","NO","NO","YES","0: 0  CONDITION DOES NOT APPLY","ALWAYS WITH RIGHT HAND","ALWAYS WITH RIGHT HAND","ALWAYS WITH RIGHT HAND","ALWAYS WITH RIGHT HAND","ALWAYS WITH LEFT HAND","1: 1  CONDITION APPLIES","0: 0  CONDITION DOES NOT APPLY","NO","MALE","MALE"
1980,64735,4,1,1,33790,5,183,1,1,3,6,1,4,2,2,2,2,1,6,2,6,1,1,29,20,"Female","Hispanic","South (AL, AR, DE, DC, FL, GA, KY, LA, MD, MS, NC, OK, SC, TN , TX, VA, WV)","GED","In CBSA, in central city","NO","3: Mother","NO","NO","NO","NO","NO","0: 0  CONDITION DOES NOT APPLY","DON'T DO THIS ACTIVITY","ALWAYS WITH RIGHT HAND","ALWAYS WITH RIGHT HAND","ALWAYS WITH RIGHT HAND","ALWAYS WITH LEFT HAND","1: 1  CONDITION APPLIES","1: 1  CONDITION APPLIES","NO","MALE","FEMALE"
1983,32000,1,0,1,32000,5,155,1,1,2,6,5,4,1,2,1,2,1,6,2,7,1,1,31,22,"Female","Non-Black / Non-Hispanic","Northeast (CT, ME, MA, NH, NJ, NY, PA, RI, VT)","High school diploma (Regular 12 year program)","In CBSA, in central city","NO","3: Mother","YES","NO","NO","NO","YES","0: 0  CONDITION DOES NOT APPLY","ALWAYS WITH RIGHT HAND","ALWAYS WITH RIGHT HAND","ALWAYS WITH RIGHT HAND","ALWAYS WITH RIGHT HAND","USUALLY WITH BOTH HANDS EQUALLY","1: 1  CONDITION APPLIES","1: 1  CONDITION APPLIES","NO","MALE","FEMALE"
1982,64735,3,0,3,20000,5,181,1,1,3,2,2,3,2,2,1,2,2,6,3,7,1,1,29,20,"Male","Non-Black / Non-Hispanic","South (AL, AR, DE, DC, FL, GA, KY, LA, MD, MS, NC, OK, SC, TN , TX, VA, WV)","High school diploma (Regular 12 year program)","In CBSA, not in central city","NO","3: Mother","NO","YES","NO","NO","NO","0: 0  CONDITION DOES NOT APPLY","ALWAYS WITH RIGHT HAND","ALWAYS WITH RIGHT HAND","ALWAYS WITH RIGHT HAND","ALWAYS WITH RIGHT HAND","ALWAYS WITH RIGHT HAND","1: 1  CONDITION APPLIES","1: 1  CONDITION APPLIES","NO","FEMALE","FEMALE"
1982,64735,2,1,1,33790,5,181,2,1,3,4,1,2,2,2,1,2,1,6,2,6,1,1,31,24,"Male","Non-Black / Non-Hispanic","West (AK, AZ, CA, CO, HI, ID, MT, NV, NM, OR, UT, WA, WY)","Bachelor's degree (BA, BS)","In CBSA, not in central city","YES","3: Mother","YES","NO","NO","NO","YES","0: 0  CONDITION DOES NOT APPLY","ALWAYS WITH LEFT HAND","USUALLY WITH RIGHT HAND","ALWAYS WITH RIGHT HAND","ALWAYS WITH RIGHT HAND","ALWAYS WITH LEFT HAND","1: 1  CONDITION APPLIES","1: 1  CONDITION APPLIES","NO","FEMALE","MALE"
1982,40010,4,0,3,40000,5,185,1,1,3,2,4,5,2,2,1,2,2,5,2,7,1,1,27,22,"Male","Non-Black / Non-Hispanic","South (AL, AR, DE, DC, FL, GA, KY, LA, MD, MS, NC, OK, SC, TN , TX, VA, WV)","Bachelor's degree (BA, BS)","In CBSA, not in central city","NO","3: Mother","YES","NO","NO","NO","YES","0: 0  CONDITION DOES NOT APPLY","ALWAYS WITH RIGHT HAND","ALWAYS WITH RIGHT HAND","ALWAYS WITH RIGHT HAND","ALWAYS WITH RIGHT HAND","ALWAYS WITH LEFT HAND","1: 1  CONDITION APPLIES","1: 1  CONDITION APPLIES","NO","MALE","MALE"
1985,64735,4,0,2,33790,5,183,2,2,4,4,5,4,2,1,1,2,1,6,3,5,1,2,29,22,"Female","Non-Black / Non-Hispanic","South (AL, AR, DE, DC, FL, GA, KY, LA, MD, MS, NC, OK, SC, TN , TX, VA, WV)","GED","In CBSA, not in central city","NO","3: Mother","YES","NO","YES","NO","NO","0: 0  CONDITION DOES NOT APPLY","ALWAYS WITH RIGHT HAND","USUALLY WITH RIGHT HAND","ALWAYS WITH RIGHT HAND","ALWAYS WITH RIGHT HAND","ALWAYS WITH LEFT HAND","1: 1  CONDITION APPLIES","0: 0  CONDITION DOES NOT APPLY","NO","MALE","MALE"
1983,64735,2,1,1,20000,5,180,1,1,1,3,6,7,2,2,1,2,2,3,1,9,1,1,11,7,"Female","Non-Black / Non-Hispanic","Northeast (CT, ME, MA, NH, NJ, NY, PA, RI, VT)","Associate/Junior college (AA)","In CBSA, in central city","NO","3: Mother","YES","NO","NO","NO","YES","0: 0  CONDITION DOES NOT APPLY","ALWAYS WITH RIGHT HAND","ALWAYS WITH RIGHT HAND","ALWAYS WITH RIGHT HAND","ALWAYS WITH RIGHT HAND","ALWAYS WITH LEFT HAND","1: 1  CONDITION APPLIES","1: 1  CONDITION APPLIES","NO","FEMALE","MALE"
1980,316618,2,1,2,33790,5,183,1,1,3,5,3,3,2,2,1,1,1,7,2,8,1,1,34,20,"Female","Non-Black / Non-Hispanic","South (AL, AR, DE, DC, FL, GA, KY, LA, MD, MS, NC, OK, SC, TN , TX, VA, WV)","Bachelor's degree (BA, BS)","In CBSA, not in central city","NO","3: Mother","NO","NO","NO","NO","YES","0: 0  CONDITION DOES NOT APPLY","ALWAYS WITH RIGHT HAND","ALWAYS WITH RIGHT HAND","ALWAYS WITH RIGHT HAND","ALWAYS WITH RIGHT HAND","ALWAYS WITH LEFT HAND","0: 0  CONDITION DOES NOT APPLY","1: 1  CONDITION APPLIES","NO","MALE","FEMALE"
1982,64735,3,1,3,33790,5,181,1,2,2,3,2,6,2,2,1,2,2,3,5,7,2,1,31,20,"Female","Hispanic","South (AL, AR, DE, DC, FL, GA, KY, LA, MD, MS, NC, OK, SC, TN , TX, VA, WV)","GED","In CBSA, not in central city","NO","3: Mother","NO","YES","NO","NO","YES","0: 0  CONDITION DOES NOT APPLY","ALWAYS WITH RIGHT HAND","ALWAYS WITH RIGHT HAND","ALWAYS WITH RIGHT HAND","ALWAYS WITH RIGHT HAND","ALWAYS WITH LEFT HAND","1: 1  CONDITION APPLIES","1: 1  CONDITION APPLIES","NO","MALE","FEMALE"
1984,64735,3,1,4,33790,5,181,2,1,4,3,3,4,2,2,1,2,1,6,2,6,1,1,28,23,"Male","Black","South (AL, AR, DE, DC, FL, GA, KY, LA, MD, MS, NC, OK, SC, TN , TX, VA, WV)","Bachelor's degree (BA, BS)","In CBSA, not in central city","NO","3: Mother","YES","NO","NO","NO","YES","0: 0  CONDITION DOES NOT APPLY","USUALLY WITH RIGHT HAND","USUALLY WITH RIGHT HAND","ALWAYS WITH LEFT HAND","ALWAYS WITH RIGHT HAND","ALWAYS WITH LEFT HAND","1: 1  CONDITION APPLIES","1: 1  CONDITION APPLIES","NO","FEMALE","MALE"
1980,64735,3,1,3,33790,5,183,1,1,3,2,2,3,2,2,1,2,1,7,1,7,1,1,29,24,"Male","Non-Black / Non-Hispanic","South (AL, AR, DE, DC, FL, GA, KY, LA, MD, MS, NC, OK, SC, TN , TX, VA, WV)","High school diploma (Regular 12 year program)","In CBSA, in central city","NO","3: Mother","YES","NO","NO","NO","YES","0: 0  CONDITION DOES NOT APPLY","ALWAYS WITH RIGHT HAND","ALWAYS WITH RIGHT HAND","ALWAYS WITH RIGHT HAND","ALWAYS WITH RIGHT HAND","ALWAYS WITH LEFT HAND","1: 1  CONDITION APPLIES","1: 1  CONDITION APPLIES","YES","FEMALE","FEMALE"
1981,64735,3,0,4,33790,5,182,2,1,2,3,3,4,2,2,2,2,1,4,3,7,1,1,30,21,"Female","Black","South (AL, AR, DE, DC, FL, GA, KY, LA, MD, MS, NC, OK, SC, TN , TX, VA, WV)","Professional degree (DDS, JD, MD)","In CBSA, not in central city","YES","3: Mother","NO","YES","NO","NO","NO","0: 0  CONDITION DOES NOT APPLY","ALWAYS WITH RIGHT HAND","ALWAYS WITH RIGHT HAND","ALWAYS WITH RIGHT HAND","ALWAYS WITH RIGHT HAND","ALWAYS WITH LEFT HAND","1: 1  CONDITION APPLIES","1: 1  CONDITION APPLIES","NO","FEMALE","FEMALE"
1982,64735,6,2,3,33790,5,182,1,1,1,3,4,5,2,2,2,2,1,6,3,7,1,1,27,17,"Female","Non-Black / Non-Hispanic","South (AL, AR, DE, DC, FL, GA, KY, LA, MD, MS, NC, OK, SC, TN , TX, VA, WV)","Bachelor's degree (BA, BS)","In CBSA, not in central city","NO","3: Mother","NO","YES","NO","NO","NO","0: 0  CONDITION DOES NOT APPLY","ALWAYS WITH RIGHT HAND","ALWAYS WITH RIGHT HAND","ALWAYS WITH RIGHT HAND","ALWAYS WITH RIGHT HAND","ALWAYS WITH LEFT HAND","1: 1  CONDITION APPLIES","1: 1  CONDITION APPLIES","NO","FEMALE","FEMALE"
1981,64735,3,0,2,33790,5,183,1,1,4,3,4,3,2,2,1,1,1,2,4,6,1,1,35,27,"Male","Black","South (AL, AR, DE, DC, FL, GA, KY, LA, MD, MS, NC, OK, SC, TN , TX, VA, WV)","High school diploma (Regular 12 year program)","In CBSA, not in central city","NO","3: Mother","YES","NO","NO","NO","YES","0: 0  CONDITION DOES NOT APPLY","ALWAYS WITH RIGHT HAND","ALWAYS WITH RIGHT HAND","ALWAYS WITH RIGHT HAND","ALWAYS WITH RIGHT HAND","ALWAYS WITH LEFT HAND","1: 1  CONDITION APPLIES","1: 1  CONDITION APPLIES","NO","MALE","FEMALE"
1983,64735,1,0,2,33790,5,183,1,2,2,3,5,4,2,2,2,2,1,3,2,7,1,1,31,24,"Female","Non-Black / Non-Hispanic","South (AL, AR, DE, DC, FL, GA, KY, LA, MD, MS, NC, OK, SC, TN , TX, VA, WV)","High school diploma (Regular 12 year program)","In CBSA, in central city","NO","3: Mother","NO","NO","NO","NO","YES","0: 0  CONDITION DOES NOT APPLY","ALWAYS WITH RIGHT HAND","ALWAYS WITH RIGHT HAND","ALWAYS WITH RIGHT HAND","ALWAYS WITH RIGHT HAND","ALWAYS WITH LEFT HAND","1: 1  CONDITION APPLIES","1: 1  CONDITION APPLIES","NO","FEMALE","MALE"
1983,75000,4,0,4,30000,5,150,1,2,1,3,1,4,1,1,2,2,2,6,2,7,1,1,34,26,"Male","Non-Black / Non-Hispanic","South (AL, AR, DE, DC, FL, GA, KY, LA, MD, MS, NC, OK, SC, TN , TX, VA, WV)","Professional degree (DDS, JD, MD)","In CBSA, not in central city","NO","3: Mother","NO","YES","NO","NO","NO","0: 0  CONDITION DOES NOT APPLY","ALWAYS WITH RIGHT HAND","ALWAYS WITH RIGHT HAND","ALWAYS WITH RIGHT HAND","ALWAYS WITH RIGHT HAND","ALWAYS WITH LEFT HAND","1: 1  CONDITION APPLIES","1: 1  CONDITION APPLIES","NO","MALE","FEMALE"
1983,64735,4,1,2,33790,5,185,2,2,1,3,3,6,2,2,2,2,1,7,2,4,2,1,32,21,"Female","Non-Black / Non-Hispanic","Northeast (CT, ME, MA, NH, NJ, NY, PA, RI, VT)","High school diploma (Regular 12 year program)","In CBSA, not in central city","NO","3: Mother","YES","NO","NO","NO","YES","0: 0  CONDITION DOES NOT APPLY","ALWAYS WITH RIGHT HAND","ALWAYS WITH RIGHT HAND","ALWAYS WITH RIGHT HAND","ALWAYS WITH RIGHT HAND","ALWAYS WITH LEFT HAND","1: 1  CONDITION APPLIES","1: 1  CONDITION APPLIES","NO","FEMALE","MALE"
1986,64735,4,0,3,33790,5,182,2,2,5,4,2,3,2,2,1,2,2,6,1,7,1,1,29,23,"Male","Hispanic","South (AL, AR, DE, DC, FL, GA, KY, LA, MD, MS, NC, OK, SC, TN , TX, VA, WV)","High school diploma (Regular 12 year program)","In CBSA, not in central city","NO","3: Mother","YES","NO","NO","NO","NO","0: 0  CONDITION DOES NOT APPLY","ALWAYS WITH RIGHT HAND","ALWAYS WITH RIGHT HAND","ALWAYS WITH RIGHT HAND","ALWAYS WITH RIGHT HAND","ALWAYS WITH LEFT HAND","1: 1  CONDITION APPLIES","0: 0  CONDITION DOES NOT APPLY","YES","FEMALE","MALE"
1982,64735,3,0,3,33790,5,183,1,2,4,2,4,3,2,2,1,2,1,6,4,7,1,1,31,24,"Female","Black","South (AL, AR, DE, DC, FL, GA, KY, LA, MD, MS, NC, OK, SC, TN , TX, VA, WV)","High school diploma (Regular 12 year program)","In CBSA, in central city","NO","3: Mother","YES","NO","YES","NO","YES","0: 0  CONDITION DOES NOT APPLY","ALWAYS WITH RIGHT HAND","ALWAYS WITH RIGHT HAND","ALWAYS WITH RIGHT HAND","ALWAYS WITH RIGHT HAND","ALWAYS WITH RIGHT HAND","1: 1  CONDITION APPLIES","1: 1  CONDITION APPLIES","NO","FEMALE","MALE"
1982,24020,2,1,1,33790,5,183,1,2,4,4,1,1,2,2,2,2,1,4,2,7,1,2,31,18,"Male","Non-Black / Non-Hispanic","South (AL, AR, DE, DC, FL, GA, KY, LA, MD, MS, NC, OK, SC, TN , TX, VA, WV)","High school diploma (Regular 12 year program)","In CBSA, not in central city","NO","3: Mother","YES","NO","NO","NO","YES","0: 0  CONDITION DOES NOT APPLY","ALWAYS WITH RIGHT HAND","USUALLY WITH RIGHT HAND","ALWAYS WITH RIGHT HAND","ALWAYS WITH RIGHT HAND","ALWAYS WITH LEFT HAND","1: 1  CONDITION APPLIES","1: 1  CONDITION APPLIES","NO","MALE","MALE"
1981,64735,3,1,4,33790,6,182,1,1,3,5,2,2,2,2,1,1,1,5,1,7,1,1,31,21,"Female","Black","South (AL, AR, DE, DC, FL, GA, KY, LA, MD, MS, NC, OK, SC, TN , TX, VA, WV)","None","In CBSA, not in central city","NO","3: Mother","YES","NO","NO","NO","YES","0: 0  CONDITION DOES NOT APPLY","ALWAYS WITH RIGHT HAND","ALWAYS WITH RIGHT HAND","ALWAYS WITH RIGHT HAND","ALWAYS WITH RIGHT HAND","ALWAYS WITH LEFT HAND","1: 1  CONDITION APPLIES","1: 1  CONDITION APPLIES","NO","FEMALE","MALE"
1983,89429,3,0,4,33790,5,180,1,1,6,2,4,3,2,2,2,2,1,2,2,7,1,1,30,23,"Female","Non-Black / Non-Hispanic","North Central (IL, IN, IA, KS, MI, MN, MO, NE, OH, ND, SD, WI)","GED","In CBSA, in central city","NO","3: Mother","YES","NO","NO","NO","NO","0: 0  CONDITION DOES NOT APPLY","ALWAYS WITH RIGHT HAND","ALWAYS WITH RIGHT HAND","ALWAYS WITH RIGHT HAND","ALWAYS WITH RIGHT HAND","ALWAYS WITH RIGHT HAND","1: 1  CONDITION APPLIES","1: 1  CONDITION APPLIES","NO","MALE","MALE"
1982,64735,2,0,4,33790,5,183,1,2,1,3,3,3,2,2,1,2,2,2,2,6,1,1,29,21,"Female","Non-Black / Non-Hispanic","South (AL, AR, DE, DC, FL, GA, KY, LA, MD, MS, NC, OK, SC, TN , TX, VA, WV)","GED","In CBSA, not in central city","NO","3: Mother","NO","NO","YES","NO","NO","0: 0  CONDITION DOES NOT APPLY","ALWAYS WITH RIGHT HAND","ALWAYS WITH RIGHT HAND","ALWAYS WITH RIGHT HAND","ALWAYS WITH RIGHT HAND","ALWAYS WITH LEFT HAND","1: 1  CONDITION APPLIES","1: 1  CONDITION APPLIES","NO","MALE","MALE"
1981,64735,2,0,4,33790,5,183,1,1,3,6,3,6,2,2,2,1,1,7,2,8,1,1,30,26,"Male","Mixed Race (Non-Hispanic)","South (AL, AR, DE, DC, FL, GA, KY, LA, MD, MS, NC, OK, SC, TN , TX, VA, WV)","Bachelor's degree (BA, BS)","In CBSA, in central city","NO","3: Mother","NO","NO","NO","NO","YES","0: 0  CONDITION DOES NOT APPLY","ALWAYS WITH LEFT HAND","ALWAYS WITH RIGHT HAND","ALWAYS WITH RIGHT HAND","ALWAYS WITH RIGHT HAND","ALWAYS WITH RIGHT HAND","1: 1  CONDITION APPLIES","1: 1  CONDITION APPLIES","NO","FEMALE","FEMALE"
1983,64735,1,0,2,33790,5,155,2,1,2,1,4,5,2,2,2,2,1,4,3,6,1,1,28,17,"Female","Non-Black / Non-Hispanic","South (AL, AR, DE, DC, FL, GA, KY, LA, MD, MS, NC, OK, SC, TN , TX, VA, WV)","High school diploma (Regular 12 year program)","In CBSA, in central city","NO","3: Mother","NO","NO","YES","NO","YES","0: 0  CONDITION DOES NOT APPLY","ALWAYS WITH RIGHT HAND","USUALLY WITH BOTH HANDS EQUALLY","ALWAYS WITH RIGHT HAND","ALWAYS WITH RIGHT HAND","ALWAYS WITH LEFT HAND","1: 1  CONDITION APPLIES","1: 1  CONDITION APPLIES","NO","MALE","MALE"
1982,64735,1,0,4,33790,5,182,1,1,4,3,4,6,2,2,1,2,1,7,2,5,1,1,29,22,"Male","Non-Black / Non-Hispanic","North Central (IL, IN, IA, KS, MI, MN, MO, NE, OH, ND, SD, WI)","Bachelor's degree (BA, BS)","In CBSA, not in central city","NO","3: Mother","YES","NO","NO","NO","YES","0: 0  CONDITION DOES NOT APPLY","ALWAYS WITH RIGHT HAND","ALWAYS WITH RIGHT HAND","ALWAYS WITH RIGHT HAND","ALWAYS WITH RIGHT HAND","ALWAYS WITH LEFT HAND","1: 1  CONDITION APPLIES","0: 0  CONDITION DOES NOT APPLY","NO","FEMALE","MALE"
1982,64735,4,0,2,33790,5,185,2,1,3,7,3,3,2,2,1,2,1,8,1,7,1,1,32,27,"Male","Non-Black / Non-Hispanic","West (AK, AZ, CA, CO, HI, ID, MT, NV, NM, OR, UT, WA, WY)","High school diploma (Regular 12 year program)","In CBSA, not in central city","YES","3: Mother","YES","NO","NO","NO","YES","0: 0  CONDITION DOES NOT APPLY","ALWAYS WITH RIGHT HAND","ALWAYS WITH RIGHT HAND","USUALLY WITH RIGHT HAND","ALWAYS WITH RIGHT HAND","USUALLY WITH BOTH HANDS EQUALLY","1: 1  CONDITION APPLIES","1: 1  CONDITION APPLIES","NO","FEMALE","FEMALE"
1980,85000,4,0,2,33790,5,230,1,2,3,4,4,4,2,2,1,2,1,6,1,7,1,1,30,21,"Female","Non-Black / Non-Hispanic","North Central (IL, IN, IA, KS, MI, MN, MO, NE, OH, ND, SD, WI)","Master's degree (MA, MS)","In CBSA, not in central city","NO","3: Mother","NO","YES","NO","NO","YES","0: 0  CONDITION DOES NOT APPLY","ALWAYS WITH RIGHT HAND","ALWAYS WITH RIGHT HAND","ALWAYS WITH RIGHT HAND","ALWAYS WITH RIGHT HAND","ALWAYS WITH LEFT HAND","1: 1  CONDITION APPLIES","1: 1  CONDITION APPLIES","NO","FEMALE","FEMALE"
1984,64735,5,2,1,33790,5,183,1,1,1,4,4,5,1,2,1,2,1,6,3,6,1,1,30,15,"Female","Non-Black / Non-Hispanic","North Central (IL, IN, IA, KS, MI, MN, MO, NE, OH, ND, SD, WI)","High school diploma (Regular 12 year program)","In CBSA, in central city","NO","3: Mother","NO","YES","NO","NO","NO","0: 0  CONDITION DOES NOT APPLY","ALWAYS WITH RIGHT HAND","ALWAYS WITH RIGHT HAND","ALWAYS WITH RIGHT HAND","ALWAYS WITH RIGHT HAND","ALWAYS WITH LEFT HAND","1: 1  CONDITION APPLIES","0: 0  CONDITION DOES NOT APPLY","NO","MALE","MALE"
1982,64735,4,1,1,33790,5,183,1,1,3,3,2,2,2,2,2,2,2,8,1,6,1,1,27,21,"Male","Black","South (AL, AR, DE, DC, FL, GA, KY, LA, MD, MS, NC, OK, SC, TN , TX, VA, WV)","High school diploma (Regular 12 year program)","In CBSA, not in central city","NO","3: Mother","NO","NO","NO","NO","YES","0: 0  CONDITION DOES NOT APPLY","ALWAYS WITH RIGHT HAND","ALWAYS WITH RIGHT HAND","ALWAYS WITH RIGHT HAND","ALWAYS WITH RIGHT HAND","ALWAYS WITH LEFT HAND","1: 1  CONDITION APPLIES","1: 1  CONDITION APPLIES","NO","FEMALE","FEMALE"
1983,64735,3,1,4,80000,5,185,1,1,2,4,3,4,1,2,1,1,1,6,3,5,1,1,10,16,"Male","Black","North Central (IL, IN, IA, KS, MI, MN, MO, NE, OH, ND, SD, WI)","High school diploma (Regular 12 year program)","In CBSA, not in central city","NO","3: Mother","NO","YES","NO","NO","NO","0: 0  CONDITION DOES NOT APPLY","ALWAYS WITH RIGHT HAND","ALWAYS WITH RIGHT HAND","ALWAYS WITH RIGHT HAND","ALWAYS WITH RIGHT HAND","ALWAYS WITH LEFT HAND","1: 1  CONDITION APPLIES","1: 1  CONDITION APPLIES","NO","FEMALE","MALE"
1980,64735,3,1,1,33790,5,183,1,2,2,3,3,4,2,2,2,2,1,3,1,6,1,1,30,20,"Male","Black","West (AK, AZ, CA, CO, HI, ID, MT, NV, NM, OR, UT, WA, WY)","High school diploma (Regular 12 year program)","In CBSA, not in central city","NO","3: Mother","NO","NO","NO","NO","YES","0: 0  CONDITION DOES NOT APPLY","ALWAYS WITH RIGHT HAND","ALWAYS WITH RIGHT HAND","ALWAYS WITH RIGHT HAND","ALWAYS WITH RIGHT HAND","ALWAYS WITH LEFT HAND","1: 1  CONDITION APPLIES","1: 1  CONDITION APPLIES","NO","FEMALE","MALE"
1984,64735,6,1,5,33790,5,183,1,2,2,4,7,3,2,2,2,2,1,3,2,7,1,1,47,28,"Female","Black","South (AL, AR, DE, DC, FL, GA, KY, LA, MD, MS, NC, OK, SC, TN , TX, VA, WV)","None","In CBSA, not in central city","YES","3: Mother","NO","NO","NO","NO","YES","0: 0  CONDITION DOES NOT APPLY","ALWAYS WITH RIGHT HAND","ALWAYS WITH RIGHT HAND","USUALLY WITH BOTH HANDS EQUALLY","ALWAYS WITH RIGHT HAND","ALWAYS WITH LEFT HAND","1: 1  CONDITION APPLIES","1: 1  CONDITION APPLIES","NO","MALE","FEMALE"
1984,64735,4,1,4,33790,5,184,1,2,2,3,3,1,2,2,1,2,2,3,2,9,1,1,29,19,"Male","Non-Black / Non-Hispanic","West (AK, AZ, CA, CO, HI, ID, MT, NV, NM, OR, UT, WA, WY)","Bachelor's degree (BA, BS)","In CBSA, not in central city","NO","3: Mother","YES","NO","NO","NO","YES","0: 0  CONDITION DOES NOT APPLY","ALWAYS WITH RIGHT HAND","ALWAYS WITH LEFT HAND","ALWAYS WITH LEFT HAND","ALWAYS WITH RIGHT HAND","ALWAYS WITH RIGHT HAND","1: 1  CONDITION APPLIES","1: 1  CONDITION APPLIES","NO","FEMALE","FEMALE"
1983,64735,1,0,3,33790,6,165,1,1,4,4,3,3,2,2,1,2,1,6,3,8,1,3,24,25,"Male","Non-Black / Non-Hispanic","West (AK, AZ, CA, CO, HI, ID, MT, NV, NM, OR, UT, WA, WY)","Bachelor's degree (BA, BS)","In CBSA, not in central city","NO","3: Mother","YES","NO","NO","NO","NO","0: 0  CONDITION DOES NOT APPLY","ALWAYS WITH RIGHT HAND","ALWAYS WITH RIGHT HAND","ALWAYS WITH RIGHT HAND","ALWAYS WITH RIGHT HAND","ALWAYS WITH LEFT HAND","1: 1  CONDITION APPLIES","1: 1  CONDITION APPLIES","NO","MALE","MALE"
1982,64735,4,0,3,33790,5,180,1,2,2,3,1,2,1,2,2,2,1,4,2,8,1,1,36,20,"Female","Black","South (AL, AR, DE, DC, FL, GA, KY, LA, MD, MS, NC, OK, SC, TN , TX, VA, WV)","None","In CBSA, not in central city","NO","3: Mother","NO","YES","NO","NO","NO","0: 0  CONDITION DOES NOT APPLY","ALWAYS WITH RIGHT HAND","ALWAYS WITH RIGHT HAND","ALWAYS WITH RIGHT HAND","ALWAYS WITH LEFT HAND","ALWAYS WITH LEFT HAND","0: 0  CONDITION DOES NOT APPLY","1: 1  CONDITION APPLIES","NO","FEMALE","FEMALE"
1983,64735,2,1,1,33790,5,182,1,2,2,3,3,4,2,2,1,2,1,6,1,6,1,1,30,19,"Male","Non-Black / Non-Hispanic","South (AL, AR, DE, DC, FL, GA, KY, LA, MD, MS, NC, OK, SC, TN , TX, VA, WV)","High school diploma (Regular 12 year program)","In CBSA, not in central city","NO","3: Mother","YES","NO","NO","NO","YES","0: 0  CONDITION DOES NOT APPLY","ALWAYS WITH LEFT HAND","ALWAYS WITH LEFT HAND","ALWAYS WITH LEFT HAND","ALWAYS WITH RIGHT HAND","ALWAYS WITH LEFT HAND","1: 1  CONDITION APPLIES","1: 1  CONDITION APPLIES","NO","MALE","FEMALE"
1982,64735,2,0,2,33790,5,135,2,1,3,4,5,2,2,2,1,1,1,5,2,7,1,2,28,22,"Female","Non-Black / Non-Hispanic","Northeast (CT, ME, MA, NH, NJ, NY, PA, RI, VT)","Bachelor's degree (BA, BS)","In CBSA, not in central city","NO","3: Mother","NO","NO","NO","NO","NO","0: 0  CONDITION DOES NOT APPLY","ALWAYS WITH RIGHT HAND","ALWAYS WITH RIGHT HAND","ALWAYS WITH RIGHT HAND","ALWAYS WITH RIGHT HAND","ALWAYS WITH LEFT HAND","1: 1  CONDITION APPLIES","1: 1  CONDITION APPLIES","NO","MALE","FEMALE"
1980,64735,4,0,3,33790,5,182,2,2,2,3,3,2,2,2,2,2,1,3,1,6,1,2,29,23,"Male","Non-Black / Non-Hispanic","South (AL, AR, DE, DC, FL, GA, KY, LA, MD, MS, NC, OK, SC, TN , TX, VA, WV)","GED","In CBSA, in central city","NO","3: Mother","NO","NO","NO","NO","YES","0: 0  CONDITION DOES NOT APPLY","ALWAYS WITH RIGHT HAND","ALWAYS WITH RIGHT HAND","ALWAYS WITH RIGHT HAND","ALWAYS WITH RIGHT HAND","ALWAYS WITH LEFT HAND","1: 1  CONDITION APPLIES","1: 1  CONDITION APPLIES","NO","FEMALE","MALE"
1981,10000,4,1,2,33790,5,180,1,1,4,3,7,3,2,2,2,2,1,6,4,7,1,1,32,23,"Male","Non-Black / Non-Hispanic","Northeast (CT, ME, MA, NH, NJ, NY, PA, RI, VT)","High school diploma (Regular 12 year program)","In CBSA, not in central city","NO","3: Mother","YES","YES","YES","NO","YES","0: 0  CONDITION DOES NOT APPLY","ALWAYS WITH RIGHT HAND","ALWAYS WITH RIGHT HAND","USUALLY WITH RIGHT HAND","ALWAYS WITH RIGHT HAND","USUALLY WITH BOTH HANDS EQUALLY","1: 1  CONDITION APPLIES","1: 1  CONDITION APPLIES","NO","MALE","FEMALE"
1984,64735,2,1,4,33790,5,183,2,3,5,3,6,5,1,2,2,2,1,2,1,7,1,1,2,9,"Female","Non-Black / Non-Hispanic","West (AK, AZ, CA, CO, HI, ID, MT, NV, NM, OR, UT, WA, WY)","High school diploma (Regular 12 year program)","In CBSA, not in central city","NO","3: Mother","YES","NO","NO","NO","NO","0: 0  CONDITION DOES NOT APPLY","ALWAYS WITH RIGHT HAND","ALWAYS WITH RIGHT HAND","USUALLY WITH RIGHT HAND","ALWAYS WITH RIGHT HAND","ALWAYS WITH LEFT HAND","1: 1  CONDITION APPLIES","1: 1  CONDITION APPLIES","NO","MALE","FEMALE"
1983,64735,3,1,3,33790,5,103,1,1,1,2,1,4,2,2,2,2,1,4,3,7,1,1,26,0,"Female","Hispanic","West (AK, AZ, CA, CO, HI, ID, MT, NV, NM, OR, UT, WA, WY)","Bachelor's degree (BA, BS)","In CBSA, not in central city","NO","3: Mother","NO","YES","NO","NO","NO","0: 0  CONDITION DOES NOT APPLY","ALWAYS WITH RIGHT HAND","USUALLY WITH RIGHT HAND","ALWAYS WITH RIGHT HAND","ALWAYS WITH RIGHT HAND","ALWAYS WITH LEFT HAND","1: 1  CONDITION APPLIES","1: 1  CONDITION APPLIES","NO","MALE","FEMALE"
1983,64735,3,1,2,48000,5,145,1,1,3,3,4,5,2,2,1,2,1,6,2,6,1,1,33,22,"Male","Non-Black / Non-Hispanic","South (AL, AR, DE, DC, FL, GA, KY, LA, MD, MS, NC, OK, SC, TN , TX, VA, WV)","High school diploma (Regular 12 year program)","In CBSA, not in central city","NO","3: Mother","YES","NO","NO","NO","YES","0: 0  CONDITION DOES NOT APPLY","ALWAYS WITH RIGHT HAND","ALWAYS WITH RIGHT HAND","ALWAYS WITH RIGHT HAND","ALWAYS WITH RIGHT HAND","ALWAYS WITH LEFT HAND","1: 1  CONDITION APPLIES","1: 1  CONDITION APPLIES","NO","MALE","FEMALE"
1983,64735,2,0,3,33790,5,184,1,1,1,3,4,2,2,2,1,2,1,3,3,6,2,2,33,20,"Female","Non-Black / Non-Hispanic","South (AL, AR, DE, DC, FL, GA, KY, LA, MD, MS, NC, OK, SC, TN , TX, VA, WV)","Bachelor's degree (BA, BS)","In CBSA, not in central city","NO","3: Mother","NO","NO","NO","NO","NO","0: 0  CONDITION DOES NOT APPLY","ALWAYS WITH RIGHT HAND","ALWAYS WITH RIGHT HAND","ALWAYS WITH RIGHT HAND","ALWAYS WITH RIGHT HAND","ALWAYS WITH LEFT HAND","1: 1  CONDITION APPLIES","0: 0  CONDITION DOES NOT APPLY","NO","MALE","MALE"
1983,64735,4,1,2,33790,5,182,1,1,3,4,2,4,2,2,1,1,1,4,3,7,1,1,31,20,"Male","Non-Black / Non-Hispanic","West (AK, AZ, CA, CO, HI, ID, MT, NV, NM, OR, UT, WA, WY)","High school diploma (Regular 12 year program)","In CBSA, not in central city","NO","3: Mother","NO","NO","NO","NO","YES","0: 0  CONDITION DOES NOT APPLY","ALWAYS WITH RIGHT HAND","ALWAYS WITH RIGHT HAND","ALWAYS WITH RIGHT HAND","ALWAYS WITH RIGHT HAND","ALWAYS WITH LEFT HAND","0: 0  CONDITION DOES NOT APPLY","1: 1  CONDITION APPLIES","NO","MALE","FEMALE"
1983,20000,4,0,3,33790,5,184,1,1,1,5,4,4,1,2,2,2,1,6,2,6,1,1,30,21,"Male","Non-Black / Non-Hispanic","South (AL, AR, DE, DC, FL, GA, KY, LA, MD, MS, NC, OK, SC, TN , TX, VA, WV)","High school diploma (Regular 12 year program)","In CBSA, not in central city","NO","3: Mother","NO","NO","NO","NO","NO","0: 0  CONDITION DOES NOT APPLY","ALWAYS WITH RIGHT HAND","ALWAYS WITH RIGHT HAND","ALWAYS WITH RIGHT HAND","ALWAYS WITH RIGHT HAND","ALWAYS WITH LEFT HAND","1: 1  CONDITION APPLIES","1: 1  CONDITION APPLIES","NO","MALE","MALE"
1986,64735,2,0,1,33790,5,150,1,2,4,7,2,3,2,2,2,1,1,4,2,7,1,1,32,21,"Male","Hispanic","South (AL, AR, DE, DC, FL, GA, KY, LA, MD, MS, NC, OK, SC, TN , TX, VA, WV)","Professional degree (DDS, JD, MD)","In CBSA, in central city","NO","3: Mother","NO","YES","NO","NO","YES","0: 0  CONDITION DOES NOT APPLY","ALWAYS WITH RIGHT HAND","ALWAYS WITH RIGHT HAND","ALWAYS WITH RIGHT HAND","ALWAYS WITH RIGHT HAND","ALWAYS WITH LEFT HAND","1: 1  CONDITION APPLIES","0: 0  CONDITION DOES NOT APPLY","NO","FEMALE","FEMALE"
1983,64735,3,1,2,33790,5,182,1,1,2,3,7,4,2,2,2,2,1,6,3,7,2,1,33,22,"Male","Non-Black / Non-Hispanic","North Central (IL, IN, IA, KS, MI, MN, MO, NE, OH, ND, SD, WI)","Master's degree (MA, MS)","In CBSA, in central city","NO","3: Mother","YES","NO","NO","NO","YES","0: 0  CONDITION DOES NOT APPLY","ALWAYS WITH RIGHT HAND","ALWAYS WITH RIGHT HAND","ALWAYS WITH RIGHT HAND","ALWAYS WITH RIGHT HAND","ALWAYS WITH LEFT HAND","1: 1  CONDITION APPLIES","1: 1  CONDITION APPLIES","NO","FEMALE","MALE"
1983,64735,2,0,3,79000,5,130,1,1,3,5,5,5,2,2,2,1,1,5,1,7,1,1,33,23,"Female","Non-Black / Non-Hispanic","South (AL, AR, DE, DC, FL, GA, KY, LA, MD, MS, NC, OK, SC, TN , TX, VA, WV)","Master's degree (MA, MS)","In CBSA, in central city","NO","3: Mother","YES","NO","NO","NO","YES","0: 0  CONDITION DOES NOT APPLY","ALWAYS WITH RIGHT HAND","ALWAYS WITH RIGHT HAND","ALWAYS WITH RIGHT HAND","ALWAYS WITH RIGHT HAND","ALWAYS WITH LEFT HAND","1: 1  CONDITION APPLIES","1: 1  CONDITION APPLIES","NO","MALE","MALE"
1982,30250,3,0,1,33790,5,184,1,1,1,4,2,2,2,2,2,2,1,8,3,7,1,1,30,23,"Male","Non-Black / Non-Hispanic","West (AK, AZ, CA, CO, HI, ID, MT, NV, NM, OR, UT, WA, WY)","High school diploma (Regular 12 year program)","In CBSA, in central city","NO","3: Mother","YES","NO","YES","NO","YES","0: 0  CONDITION DOES NOT APPLY","ALWAYS WITH RIGHT HAND","ALWAYS WITH LEFT HAND","ALWAYS WITH LEFT HAND","ALWAYS WITH RIGHT HAND","ALWAYS WITH LEFT HAND","1: 1  CONDITION APPLIES","1: 1  CONDITION APPLIES","NO","FEMALE","MALE"
1980,64735,4,0,1,53000,5,182,1,1,1,4,3,6,1,1,2,1,2,5,2,6,1,1,32,21,"Female","Black","Northeast (CT, ME, MA, NH, NJ, NY, PA, RI, VT)","High school diploma (Regular 12 year program)","In CBSA, not in central city","NO","3: Mother","NO","YES","NO","NO","YES","0: 0  CONDITION DOES NOT APPLY","ALWAYS WITH RIGHT HAND","ALWAYS WITH RIGHT HAND","ALWAYS WITH RIGHT HAND","ALWAYS WITH RIGHT HAND","ALWAYS WITH LEFT HAND","1: 1  CONDITION APPLIES","1: 1  CONDITION APPLIES","NO","FEMALE","FEMALE"
1983,64735,1,0,1,33790,6,186,1,3,1,4,5,2,2,2,1,2,1,7,2,6,1,1,32,27,"Male","Non-Black / Non-Hispanic","North Central (IL, IN, IA, KS, MI, MN, MO, NE, OH, ND, SD, WI)","Associate/Junior college (AA)","In CBSA, not in central city","YES","3: Mother","NO","YES","NO","NO","YES","0: 0  CONDITION DOES NOT APPLY","ALWAYS WITH RIGHT HAND","ALWAYS WITH RIGHT HAND","ALWAYS WITH RIGHT HAND","ALWAYS WITH RIGHT HAND","ALWAYS WITH LEFT HAND","1: 1  CONDITION APPLIES","1: 1  CONDITION APPLIES","NO","FEMALE","MALE"
1980,64735,2,0,2,33790,5,185,1,2,2,3,2,3,2,2,1,2,1,5,2,6,1,1,30,18,"Female","Non-Black / Non-Hispanic","North Central (IL, IN, IA, KS, MI, MN, MO, NE, OH, ND, SD, WI)","Master's degree (MA, MS)","In CBSA, in central city","NO","3: Mother","NO","NO","NO","NO","YES","0: 0  CONDITION DOES NOT APPLY","DON'T DO THIS ACTIVITY","DON'T DO THIS ACTIVITY","USUALLY WITH RIGHT HAND","DON'T DO THIS ACTIVITY","ALWAYS WITH LEFT HAND","1: 1  CONDITION APPLIES","1: 1  CONDITION APPLIES","NO","FEMALE","FEMALE"
1983,64735,3,1,3,33790,5,182,1,1,2,4,3,2,1,2,2,1,1,4,5,7,1,1,32,21,"Male","Hispanic","West (AK, AZ, CA, CO, HI, ID, MT, NV, NM, OR, UT, WA, WY)","Master's degree (MA, MS)","In CBSA, in central city","NO","3: Mother","NO","YES","NO","NO","NO","0: 0  CONDITION DOES NOT APPLY","ALWAYS WITH RIGHT HAND","ALWAYS WITH RIGHT HAND","ALWAYS WITH RIGHT HAND","ALWAYS WITH RIGHT HAND","USUALLY WITH BOTH HANDS EQUALLY","1: 1  CONDITION APPLIES","1: 1  CONDITION APPLIES","NO","FEMALE","MALE"
1984,64735,1,0,3,33790,5,182,1,2,1,4,6,3,2,2,2,2,1,4,5,7,1,1,34,24,"Female","Black","South (AL, AR, DE, DC, FL, GA, KY, LA, MD, MS, NC, OK, SC, TN , TX, VA, WV)","Bachelor's degree (BA, BS)","In CBSA, not in central city","NO","3: Mother","NO","YES","NO","NO","YES","0: 0  CONDITION DOES NOT APPLY","ALWAYS WITH RIGHT HAND","ALWAYS WITH RIGHT HAND","USUALLY WITH BOTH HANDS EQUALLY","ALWAYS WITH RIGHT HAND","ALWAYS WITH LEFT HAND","1: 1  CONDITION APPLIES","1: 1  CONDITION APPLIES","NO","FEMALE","FEMALE"
1984,64735,3,1,1,33790,5,184,2,1,2,4,3,2,2,1,1,1,1,3,2,5,1,1,35,23,"Male","Non-Black / Non-Hispanic","South (AL, AR, DE, DC, FL, GA, KY, LA, MD, MS, NC, OK, SC, TN , TX, VA, WV)","High school diploma (Regular 12 year program)","In CBSA, in central city","NO","3: Mother","NO","YES","NO","NO","YES","0: 0  CONDITION DOES NOT APPLY","ALWAYS WITH RIGHT HAND","ALWAYS WITH RIGHT HAND","ALWAYS WITH RIGHT HAND","ALWAYS WITH RIGHT HAND","ALWAYS WITH LEFT HAND","1: 1  CONDITION APPLIES","1: 1  CONDITION APPLIES","NO","FEMALE","FEMALE"
1982,64735,3,1,5,30000,5,181,1,2,3,2,3,2,2,2,2,2,2,3,2,7,2,1,25,20,"Female","Non-Black / Non-Hispanic","South (AL, AR, DE, DC, FL, GA, KY, LA, MD, MS, NC, OK, SC, TN , TX, VA, WV)","High school diploma (Regular 12 year program)","In CBSA, not in central city","NO","3: Mother","NO","NO","NO","NO","NO","0: 0  CONDITION DOES NOT APPLY","ALWAYS WITH RIGHT HAND","ALWAYS WITH RIGHT HAND","DON'T DO THIS ACTIVITY","ALWAYS WITH RIGHT HAND","ALWAYS WITH LEFT HAND","1: 1  CONDITION APPLIES","1: 1  CONDITION APPLIES","NO","FEMALE","MALE"
1981,66000,4,1,1,33790,5,182,1,1,3,5,2,5,2,2,2,2,1,7,2,7,1,1,28,18,"Female","Non-Black / Non-Hispanic","South (AL, AR, DE, DC, FL, GA, KY, LA, MD, MS, NC, OK, SC, TN , TX, VA, WV)","High school diploma (Regular 12 year program)","In CBSA, not in central city","NO","3: Mother","NO","NO","NO","NO","NO","0: 0  CONDITION DOES NOT APPLY","ALWAYS WITH RIGHT HAND","ALWAYS WITH LEFT HAND","ALWAYS WITH RIGHT HAND","ALWAYS WITH RIGHT HAND","ALWAYS WITH LEFT HAND","1: 1  CONDITION APPLIES","1: 1  CONDITION APPLIES","NO","MALE","FEMALE"
1982,64735,3,0,1,33790,6,182,1,1,2,3,2,4,2,2,1,1,1,2,4,7,1,1,48,31,"Male","Hispanic","South (AL, AR, DE, DC, FL, GA, KY, LA, MD, MS, NC, OK, SC, TN , TX, VA, WV)","GED","In CBSA, in central city","YES","3: Mother","NO","YES","NO","NO","YES","0: 0  CONDITION DOES NOT APPLY","ALWAYS WITH RIGHT HAND","ALWAYS WITH RIGHT HAND","ALWAYS WITH RIGHT HAND","ALWAYS WITH RIGHT HAND","ALWAYS WITH LEFT HAND","1: 1  CONDITION APPLIES","1: 1  CONDITION APPLIES","NO","FEMALE","MALE"
1986,64735,4,0,2,33790,5,183,1,3,3,4,2,3,2,2,1,1,1,3,2,6,1,1,62,49,"Female","Non-Black / Non-Hispanic","South (AL, AR, DE, DC, FL, GA, KY, LA, MD, MS, NC, OK, SC, TN , TX, VA, WV)","None","In CBSA, not in central city","YES","3: Mother","YES","NO","NO","NO","YES","0: 0  CONDITION DOES NOT APPLY","ALWAYS WITH RIGHT HAND","ALWAYS WITH RIGHT HAND","ALWAYS WITH RIGHT HAND","ALWAYS WITH RIGHT HAND","ALWAYS WITH LEFT HAND","1: 1  CONDITION APPLIES","1: 1  CONDITION APPLIES","NO","FEMALE","MALE"
1983,64735,4,1,4,33790,5,185,1,1,4,2,3,4,2,2,1,2,1,6,3,7,1,1,3,16,"Female","Black","Northeast (CT, ME, MA, NH, NJ, NY, PA, RI, VT)","GED","In CBSA, not in central city","NO","3: Mother","NO","YES","NO","NO","YES","0: 0  CONDITION DOES NOT APPLY","ALWAYS WITH RIGHT HAND","ALWAYS WITH RIGHT HAND","ALWAYS WITH RIGHT HAND","ALWAYS WITH RIGHT HAND","ALWAYS WITH LEFT HAND","1: 1  CONDITION APPLIES","1: 1  CONDITION APPLIES","NO","FEMALE","FEMALE"
1982,6250,3,0,3,33790,5,184,1,1,1,4,2,4,2,2,1,2,2,5,3,7,1,1,32,21,"Male","Black","South (AL, AR, DE, DC, FL, GA, KY, LA, MD, MS, NC, OK, SC, TN , TX, VA, WV)","High school diploma (Regular 12 year program)","In CBSA, in central city","NO","3: Mother","NO","YES","NO","NO","YES","0: 0  CONDITION DOES NOT APPLY","ALWAYS WITH RIGHT HAND","ALWAYS WITH RIGHT HAND","ALWAYS WITH RIGHT HAND","ALWAYS WITH RIGHT HAND","ALWAYS WITH LEFT HAND","1: 1  CONDITION APPLIES","1: 1  CONDITION APPLIES","NO","FEMALE","FEMALE"
1982,64735,3,0,2,33790,5,183,2,2,1,4,2,3,1,2,1,2,1,6,4,6,1,1,34,29,"Female","Black","South (AL, AR, DE, DC, FL, GA, KY, LA, MD, MS, NC, OK, SC, TN , TX, VA, WV)","High school diploma (Regular 12 year program)","In CBSA, in central city","YES","3: Mother","NO","YES","NO","NO","YES","0: 0  CONDITION DOES NOT APPLY","ALWAYS WITH LEFT HAND","ALWAYS WITH RIGHT HAND","USUALLY WITH RIGHT HAND","ALWAYS WITH RIGHT HAND","ALWAYS WITH RIGHT HAND","1: 1  CONDITION APPLIES","1: 1  CONDITION APPLIES","NO","FEMALE","MALE"
1984,64735,3,1,1,33790,5,184,2,2,2,3,4,4,2,2,1,2,1,8,7,5,1,1,36,20,"Male","Non-Black / Non-Hispanic","South (AL, AR, DE, DC, FL, GA, KY, LA, MD, MS, NC, OK, SC, TN , TX, VA, WV)","High school diploma (Regular 12 year program)","In CBSA, in central city","YES","3: Mother","YES","YES","YES","NO","YES","0: 0  CONDITION DOES NOT APPLY","ALWAYS WITH RIGHT HAND","USUALLY WITH RIGHT HAND","ALWAYS WITH RIGHT HAND","ALWAYS WITH RIGHT HAND","USUALLY WITH RIGHT HAND","1: 1  CONDITION APPLIES","1: 1  CONDITION APPLIES","NO","MALE","FEMALE"
1986,64735,2,1,3,65000,5,185,2,2,1,5,1,7,2,2,1,2,1,6,1,7,1,1,30,17,"Female","Non-Black / Non-Hispanic","South (AL, AR, DE, DC, FL, GA, KY, LA, MD, MS, NC, OK, SC, TN , TX, VA, WV)","Bachelor's degree (BA, BS)","In CBSA, not in central city","NO","3: Mother","NO","YES","NO","NO","NO","0: 0  CONDITION DOES NOT APPLY","ALWAYS WITH RIGHT HAND","ALWAYS WITH RIGHT HAND","ALWAYS WITH RIGHT HAND","ALWAYS WITH RIGHT HAND","ALWAYS WITH RIGHT HAND","1: 1  CONDITION APPLIES","1: 1  CONDITION APPLIES","NO","MALE","MALE"
1983,64735,3,0,1,33790,5,181,1,2,1,7,2,4,1,2,1,2,2,6,3,8,1,1,34,23,"Male","Hispanic","West (AK, AZ, CA, CO, HI, ID, MT, NV, NM, OR, UT, WA, WY)","None","In CBSA, not in central city","NO","3: Mother","NO","YES","NO","NO","NO","0: 0  CONDITION DOES NOT APPLY","ALWAYS WITH RIGHT HAND","ALWAYS WITH RIGHT HAND","ALWAYS WITH RIGHT HAND","ALWAYS WITH RIGHT HAND","ALWAYS WITH LEFT HAND","1: 1  CONDITION APPLIES","0: 0  CONDITION DOES NOT APPLY","YES","FEMALE","MALE"
1981,64735,4,0,2,33790,5,182,1,1,2,3,5,3,2,2,1,2,2,6,2,7,1,1,29,20,"Female","Hispanic","West (AK, AZ, CA, CO, HI, ID, MT, NV, NM, OR, UT, WA, WY)","High school diploma (Regular 12 year program)","Not in CBSA","NO","3: Mother","NO","NO","NO","NO","NO","0: 0  CONDITION DOES NOT APPLY","ALWAYS WITH RIGHT HAND","ALWAYS WITH RIGHT HAND","ALWAYS WITH RIGHT HAND","ALWAYS WITH RIGHT HAND","ALWAYS WITH LEFT HAND","1: 1  CONDITION APPLIES","1: 1  CONDITION APPLIES","YES","FEMALE","FEMALE"
1983,64735,5,0,1,33790,5,183,1,1,2,2,3,6,2,2,2,2,1,4,3,8,1,1,35,21,"Female","Non-Black / Non-Hispanic","South (AL, AR, DE, DC, FL, GA, KY, LA, MD, MS, NC, OK, SC, TN , TX, VA, WV)","High school diploma (Regular 12 year program)","In CBSA, not in central city","NO","3: Mother","NO","NO","YES","NO","YES","0: 0  CONDITION DOES NOT APPLY","ALWAYS WITH RIGHT HAND","ALWAYS WITH RIGHT HAND","ALWAYS WITH RIGHT HAND","ALWAYS WITH RIGHT HAND","ALWAYS WITH RIGHT HAND","1: 1  CONDITION APPLIES","1: 1  CONDITION APPLIES","NO","MALE","FEMALE"
1980,64735,3,1,2,33790,6,180,1,1,6,3,7,4,2,2,2,2,1,2,1,7,1,1,32,21,"Male","Non-Black / Non-Hispanic","Northeast (CT, ME, MA, NH, NJ, NY, PA, RI, VT)","High school diploma (Regular 12 year program)","In CBSA, in central city","NO","3: Mother","NO","YES","NO","NO","YES","0: 0  CONDITION DOES NOT APPLY","ALWAYS WITH RIGHT HAND","ALWAYS WITH RIGHT HAND","ALWAYS WITH RIGHT HAND","ALWAYS WITH RIGHT HAND","ALWAYS WITH LEFT HAND","1: 1  CONDITION APPLIES","1: 1  CONDITION APPLIES","NO","FEMALE","FEMALE"
1981,63500,2,0,3,33790,5,181,1,1,3,3,4,3,2,2,2,2,1,5,3,7,1,1,28,20,"Female","Non-Black / Non-Hispanic","Northeast (CT, ME, MA, NH, NJ, NY, PA, RI, VT)","Bachelor's degree (BA, BS)","In CBSA, not in central city","NO","3: Mother","YES","NO","NO","NO","YES","0: 0  CONDITION DOES NOT APPLY","ALWAYS WITH RIGHT HAND","ALWAYS WITH RIGHT HAND","ALWAYS WITH RIGHT HAND","ALWAYS WITH RIGHT HAND","ALWAYS WITH LEFT HAND","1: 1  CONDITION APPLIES","1: 1  CONDITION APPLIES","NO","FEMALE","MALE"
1983,64735,4,0,2,33790,5,135,1,2,2,4,5,2,1,2,2,2,1,4,2,7,1,1,32,2,"Female","Non-Black / Non-Hispanic","South (AL, AR, DE, DC, FL, GA, KY, LA, MD, MS, NC, OK, SC, TN , TX, VA, WV)","Associate/Junior college (AA)","In CBSA, not in central city","NO","3: Mother","YES","NO","NO","NO","YES","0: 0  CONDITION DOES NOT APPLY","ALWAYS WITH RIGHT HAND","ALWAYS WITH RIGHT HAND","ALWAYS WITH RIGHT HAND","ALWAYS WITH RIGHT HAND","ALWAYS WITH LEFT HAND","0: 0  CONDITION DOES NOT APPLY","0: 0  CONDITION DOES NOT APPLY","NO","MALE","FEMALE"
1982,64735,3,1,1,33790,5,184,2,2,2,3,2,1,2,2,1,1,2,4,2,5,1,1,34,1,"Male","Non-Black / Non-Hispanic","South (AL, AR, DE, DC, FL, GA, KY, LA, MD, MS, NC, OK, SC, TN , TX, VA, WV)","High school diploma (Regular 12 year program)","In CBSA, not in central city","NO","3: Mother","NO","NO","NO","NO","YES","0: 0  CONDITION DOES NOT APPLY","ALWAYS WITH RIGHT HAND","ALWAYS WITH RIGHT HAND","ALWAYS WITH RIGHT HAND","ALWAYS WITH RIGHT HAND","USUALLY WITH LEFT HAND","1: 1  CONDITION APPLIES","1: 1  CONDITION APPLIES","NO","FEMALE","FEMALE"
1982,64735,6,1,1,33790,5,180,1,2,2,3,3,5,1,1,2,2,1,6,1,7,1,1,34,19,"Female","Non-Black / Non-Hispanic","North Central (IL, IN, IA, KS, MI, MN, MO, NE, OH, ND, SD, WI)","High school diploma (Regular 12 year program)","In CBSA, in central city","NO","3: Mother","NO","YES","NO","NO","YES","0: 0  CONDITION DOES NOT APPLY","ALWAYS WITH RIGHT HAND","ALWAYS WITH RIGHT HAND","ALWAYS WITH RIGHT HAND","ALWAYS WITH RIGHT HAND","ALWAYS WITH LEFT HAND","1: 1  CONDITION APPLIES","0: 0  CONDITION DOES NOT APPLY","YES","FEMALE","FEMALE"
1981,64735,2,0,2,33790,5,183,2,1,3,4,3,4,2,2,2,2,1,4,2,6,1,1,29,18,"Female","Non-Black / Non-Hispanic","South (AL, AR, DE, DC, FL, GA, KY, LA, MD, MS, NC, OK, SC, TN , TX, VA, WV)","High school diploma (Regular 12 year program)","In CBSA, not in central city","NO","3: Mother","NO","NO","NO","NO","YES","0: 0  CONDITION DOES NOT APPLY","ALWAYS WITH RIGHT HAND","ALWAYS WITH RIGHT HAND","ALWAYS WITH RIGHT HAND","ALWAYS WITH RIGHT HAND","ALWAYS WITH LEFT HAND","1: 1  CONDITION APPLIES","1: 1  CONDITION APPLIES","NO","FEMALE","MALE"
1983,64735,3,0,1,33790,6,184,1,1,4,6,5,2,2,2,1,2,1,4,2,6,1,1,35,26,"Male","Non-Black / Non-Hispanic","South (AL, AR, DE, DC, FL, GA, KY, LA, MD, MS, NC, OK, SC, TN , TX, VA, WV)","High school diploma (Regular 12 year program)","In CBSA, not in central city","NO","3: Mother","YES","NO","NO","NO","YES","0: 0  CONDITION DOES NOT APPLY","ALWAYS WITH RIGHT HAND","ALWAYS WITH RIGHT HAND","ALWAYS WITH RIGHT HAND","ALWAYS WITH RIGHT HAND","ALWAYS WITH LEFT HAND","1: 1  CONDITION APPLIES","1: 1  CONDITION APPLIES","NO","FEMALE","MALE"
1985,64735,8,1,1,33790,6,179,2,1,2,3,3,3,2,2,2,2,1,1,4,5,1,1,65,28,"Male","Black","South (AL, AR, DE, DC, FL, GA, KY, LA, MD, MS, NC, OK, SC, TN , TX, VA, WV)","None","In CBSA, not in central city","YES","3: Mother","NO","YES","NO","NO","YES","0: 0  CONDITION DOES NOT APPLY","ALWAYS WITH RIGHT HAND","USUALLY WITH RIGHT HAND","USUALLY WITH BOTH HANDS EQUALLY","USUALLY WITH BOTH HANDS EQUALLY","USUALLY WITH RIGHT HAND","1: 1  CONDITION APPLIES","1: 1  CONDITION APPLIES","NO","FEMALE","FEMALE"
1982,64735,4,0,3,18000,5,183,1,1,4,5,3,6,2,2,1,2,2,7,3,6,1,1,33,21,"Female","Non-Black / Non-Hispanic","West (AK, AZ, CA, CO, HI, ID, MT, NV, NM, OR, UT, WA, WY)","Bachelor's degree (BA, BS)","In CBSA, not in central city","NO","3: Mother","YES","NO","YES","NO","YES","0: 0  CONDITION DOES NOT APPLY","ALWAYS WITH RIGHT HAND","ALWAYS WITH LEFT HAND","USUALLY WITH RIGHT HAND","ALWAYS WITH RIGHT HAND","ALWAYS WITH RIGHT HAND","1: 1  CONDITION APPLIES","1: 1  CONDITION APPLIES","NO","FEMALE","MALE"
1984,64735,2,0,1,33790,5,135,1,1,3,2,3,1,2,2,1,2,1,6,2,7,1,1,35,24,"Male","Hispanic","West (AK, AZ, CA, CO, HI, ID, MT, NV, NM, OR, UT, WA, WY)","High school diploma (Regular 12 year program)","In CBSA, in central city","NO","3: Mother","YES","NO","YES","NO","YES","0: 0  CONDITION DOES NOT APPLY","ALWAYS WITH RIGHT HAND","ALWAYS WITH RIGHT HAND","ALWAYS WITH RIGHT HAND","ALWAYS WITH RIGHT HAND","ALWAYS WITH LEFT HAND","1: 1  CONDITION APPLIES","1: 1  CONDITION APPLIES","YES","FEMALE","FEMALE"
1983,64735,4,0,1,18000,5,179,1,1,2,3,3,3,2,1,1,1,1,7,3,7,1,1,33,24,"Female","Hispanic","Northeast (CT, ME, MA, NH, NJ, NY, PA, RI, VT)","Bachelor's degree (BA, BS)","In CBSA, not in central city","NO","3: Mother","YES","NO","NO","NO","YES","0: 0  CONDITION DOES NOT APPLY","USUALLY WITH RIGHT HAND","USUALLY WITH RIGHT HAND","USUALLY WITH BOTH HANDS EQUALLY","ALWAYS WITH RIGHT HAND","ALWAYS WITH LEFT HAND","1: 1  CONDITION APPLIES","1: 1  CONDITION APPLIES","NO","MALE","MALE"
1983,64735,3,1,1,10000,5,180,1,2,1,3,4,3,2,2,2,1,2,2,1,7,2,1,34,22,"Female","Black","West (AK, AZ, CA, CO, HI, ID, MT, NV, NM, OR, UT, WA, WY)","High school diploma (Regular 12 year program)","In CBSA, in central city","YES","3: Mother","NO","YES","NO","NO","NO","0: 0  CONDITION DOES NOT APPLY","ALWAYS WITH RIGHT HAND","ALWAYS WITH RIGHT HAND","ALWAYS WITH RIGHT HAND","ALWAYS WITH RIGHT HAND","ALWAYS WITH LEFT HAND","1: 1  CONDITION APPLIES","1: 1  CONDITION APPLIES","NO","FEMALE","FEMALE"
1985,64735,3,0,1,35000,5,145,1,1,2,3,4,4,2,2,2,2,1,3,2,6,1,1,36,24,"Female","Hispanic","South (AL, AR, DE, DC, FL, GA, KY, LA, MD, MS, NC, OK, SC, TN , TX, VA, WV)","High school diploma (Regular 12 year program)","In CBSA, not in central city","NO","3: Mother","YES","NO","NO","NO","YES","0: 0  CONDITION DOES NOT APPLY","ALWAYS WITH RIGHT HAND","USUALLY WITH BOTH HANDS EQUALLY","ALWAYS WITH RIGHT HAND","ALWAYS WITH RIGHT HAND","ALWAYS WITH LEFT HAND","1: 1  CONDITION APPLIES","1: 1  CONDITION APPLIES","NO","FEMALE","MALE"
1983,64735,4,0,2,33790,5,185,1,2,5,5,4,4,2,1,1,2,2,3,2,6,1,1,35,27,"Female","Non-Black / Non-Hispanic","North Central (IL, IN, IA, KS, MI, MN, MO, NE, OH, ND, SD, WI)","Bachelor's degree (BA, BS)","In CBSA, not in central city","YES","3: Mother","YES","NO","NO","NO","YES","0: 0  CONDITION DOES NOT APPLY","ALWAYS WITH RIGHT HAND","ALWAYS WITH RIGHT HAND","ALWAYS WITH RIGHT HAND","ALWAYS WITH RIGHT HAND","ALWAYS WITH LEFT HAND","1: 1  CONDITION APPLIES","1: 1  CONDITION APPLIES","NO","FEMALE","FEMALE"
1982,64735,3,0,3,3000,5,184,1,2,5,2,2,3,2,2,1,2,1,3,3,6,1,1,32,22,"Female","Non-Black / Non-Hispanic","South (AL, AR, DE, DC, FL, GA, KY, LA, MD, MS, NC, OK, SC, TN , TX, VA, WV)","Bachelor's degree (BA, BS)","In CBSA, in central city","NO","3: Mother","YES","NO","NO","NO","YES","0: 0  CONDITION DOES NOT APPLY","ALWAYS WITH RIGHT HAND","ALWAYS WITH RIGHT HAND","ALWAYS WITH RIGHT HAND","ALWAYS WITH RIGHT HAND","ALWAYS WITH LEFT HAND","1: 1  CONDITION APPLIES","1: 1  CONDITION APPLIES","NO","MALE","MALE"
1981,64735,4,0,1,33790,5,183,2,2,3,5,2,2,2,2,2,2,1,4,4,6,1,1,31,22,"Female","Hispanic","South (AL, AR, DE, DC, FL, GA, KY, LA, MD, MS, NC, OK, SC, TN , TX, VA, WV)","High school diploma (Regular 12 year program)","In CBSA, not in central city","NO","3: Mother","NO","NO","NO","NO","YES","0: 0  CONDITION DOES NOT APPLY","ALWAYS WITH RIGHT HAND","ALWAYS WITH RIGHT HAND","ALWAYS WITH RIGHT HAND","ALWAYS WITH RIGHT HAND","ALWAYS WITH LEFT HAND","1: 1  CONDITION APPLIES","1: 1  CONDITION APPLIES","YES","MALE","FEMALE"
1984,64735,4,0,3,44000,5,186,1,1,2,1,2,5,2,2,2,2,2,3,6,6,2,1,33,18,"Male","Hispanic","West (AK, AZ, CA, CO, HI, ID, MT, NV, NM, OR, UT, WA, WY)","High school diploma (Regular 12 year program)","In CBSA, in central city","NO","3: Mother","YES","YES","NO","NO","YES","0: 0  CONDITION DOES NOT APPLY","ALWAYS WITH RIGHT HAND","ALWAYS WITH RIGHT HAND","USUALLY WITH RIGHT HAND","USUALLY WITH BOTH HANDS EQUALLY","ALWAYS WITH RIGHT HAND","0: 0  CONDITION DOES NOT APPLY","1: 1  CONDITION APPLIES","NO","FEMALE","FEMALE"
1980,64735,3,1,2,65000,5,183,1,3,2,4,5,4,2,2,2,2,1,6,2,6,1,1,25,0,"Male","Non-Black / Non-Hispanic","Northeast (CT, ME, MA, NH, NJ, NY, PA, RI, VT)","High school diploma (Regular 12 year program)","In CBSA, not in central city","NO","3: Mother","NO","YES","NO","NO","YES","0: 0  CONDITION DOES NOT APPLY","ALWAYS WITH LEFT HAND","ALWAYS WITH LEFT HAND","ALWAYS WITH LEFT HAND","ALWAYS WITH LEFT HAND","ALWAYS WITH RIGHT HAND","1: 1  CONDITION APPLIES","1: 1  CONDITION APPLIES","NO","MALE","FEMALE"
1984,64735,3,0,1,33790,5,120,1,1,5,3,3,5,2,1,1,1,2,1,1,7,1,1,32,21,"Male","Non-Black / Non-Hispanic","South (AL, AR, DE, DC, FL, GA, KY, LA, MD, MS, NC, OK, SC, TN , TX, VA, WV)","High school diploma (Regular 12 year program)","In CBSA, in central city","NO","3: Mother","YES","NO","NO","NO","YES","1: 1  CONDITION APPLIES","ALWAYS WITH RIGHT HAND","ALWAYS WITH RIGHT HAND","ALWAYS WITH RIGHT HAND","ALWAYS WITH RIGHT HAND","ALWAYS WITH LEFT HAND","0: 0  CONDITION DOES NOT APPLY","1: 1  CONDITION APPLIES","NO","MALE","MALE"
1982,64735,7,0,4,33790,5,182,2,2,2,3,2,3,2,2,2,2,1,9,2,6,1,1,29,21,"Female","Non-Black / Non-Hispanic","Northeast (CT, ME, MA, NH, NJ, NY, PA, RI, VT)","High school diploma (Regular 12 year program)","In CBSA, in central city","NO","3: Mother","YES","NO","NO","YES","YES","0: 0  CONDITION DOES NOT APPLY","ALWAYS WITH RIGHT HAND","ALWAYS WITH RIGHT HAND","ALWAYS WITH RIGHT HAND","ALWAYS WITH RIGHT HAND","ALWAYS WITH LEFT HAND","1: 1  CONDITION APPLIES","1: 1  CONDITION APPLIES","NO","FEMALE","MALE"
1982,64735,3,0,2,33790,5,183,1,2,3,4,3,5,2,1,1,2,2,6,3,6,1,1,30,20,"Male","Non-Black / Non-Hispanic","West (AK, AZ, CA, CO, HI, ID, MT, NV, NM, OR, UT, WA, WY)","Bachelor's degree (BA, BS)","In CBSA, not in central city","NO","3: Mother","YES","NO","NO","NO","YES","0: 0  CONDITION DOES NOT APPLY","ALWAYS WITH RIGHT HAND","ALWAYS WITH RIGHT HAND","ALWAYS WITH RIGHT HAND","ALWAYS WITH RIGHT HAND","ALWAYS WITH LEFT HAND","1: 1  CONDITION APPLIES","1: 1  CONDITION APPLIES","NO","FEMALE","FEMALE"
1982,64735,3,1,1,33790,5,182,1,1,2,7,1,3,1,2,2,1,2,3,4,8,1,1,32,22,"Female","Non-Black / Non-Hispanic","Northeast (CT, ME, MA, NH, NJ, NY, PA, RI, VT)","High school diploma (Regular 12 year program)","In CBSA, in central city","NO","3: Mother","NO","YES","NO","NO","YES","0: 0  CONDITION DOES NOT APPLY","ALWAYS WITH RIGHT HAND","ALWAYS WITH RIGHT HAND","ALWAYS WITH LEFT HAND","ALWAYS WITH RIGHT HAND","ALWAYS WITH LEFT HAND","1: 1  CONDITION APPLIES","1: 1  CONDITION APPLIES","NO","FEMALE","MALE"
1980,64735,4,1,1,33790,5,182,1,1,1,6,4,4,1,2,2,2,1,7,2,7,1,1,33,22,"Female","Non-Black / Non-Hispanic","West (AK, AZ, CA, CO, HI, ID, MT, NV, NM, OR, UT, WA, WY)","Associate/Junior college (AA)","In CBSA, not in central city","NO","3: Mother","NO","NO","NO","NO","YES","0: 0  CONDITION DOES NOT APPLY","ALWAYS WITH RIGHT HAND","ALWAYS WITH RIGHT HAND","ALWAYS WITH RIGHT HAND","ALWAYS WITH RIGHT HAND","ALWAYS WITH LEFT HAND","0: 0  CONDITION DOES NOT APPLY","1: 1  CONDITION APPLIES","YES","FEMALE","MALE"
1981,64735,3,1,1,33790,5,183,2,1,4,3,2,2,2,2,2,2,1,5,5,7,1,1,11,9,"Female","Hispanic","North Central (IL, IN, IA, KS, MI, MN, MO, NE, OH, ND, SD, WI)","High school diploma (Regular 12 year program)","In CBSA, not in central city","NO","3: Mother","YES","YES","NO","NO","YES","0: 0  CONDITION DOES NOT APPLY","ALWAYS WITH RIGHT HAND","USUALLY WITH RIGHT HAND","ALWAYS WITH RIGHT HAND","ALWAYS WITH RIGHT HAND","ALWAYS WITH RIGHT HAND","1: 1  CONDITION APPLIES","1: 1  CONDITION APPLIES","NO","FEMALE","MALE"
1982,64735,3,1,4,33790,5,181,1,1,3,3,1,5,1,2,2,2,1,5,3,7,1,1,30,21,"Male","Non-Black / Non-Hispanic","South (AL, AR, DE, DC, FL, GA, KY, LA, MD, MS, NC, OK, SC, TN , TX, VA, WV)","Bachelor's degree (BA, BS)","In CBSA, not in central city","NO","3: Mother","YES","NO","NO","NO","YES","0: 0  CONDITION DOES NOT APPLY","ALWAYS WITH RIGHT HAND","ALWAYS WITH RIGHT HAND","ALWAYS WITH RIGHT HAND","ALWAYS WITH RIGHT HAND","ALWAYS WITH LEFT HAND","0: 0  CONDITION DOES NOT APPLY","1: 1  CONDITION APPLIES","NO","FEMALE","MALE"
1982,64735,3,1,1,33790,5,184,2,1,5,4,1,5,2,2,1,1,1,4,2,7,1,1,6,9,"Female","Non-Black / Non-Hispanic","South (AL, AR, DE, DC, FL, GA, KY, LA, MD, MS, NC, OK, SC, TN , TX, VA, WV)","Bachelor's degree (BA, BS)","In CBSA, not in central city","NO","3: Mother","YES","YES","NO","NO","YES","0: 0  CONDITION DOES NOT APPLY","ALWAYS WITH RIGHT HAND","ALWAYS WITH RIGHT HAND","ALWAYS WITH RIGHT HAND","ALWAYS WITH RIGHT HAND","ALWAYS WITH LEFT HAND","1: 1  CONDITION APPLIES","1: 1  CONDITION APPLIES","NO","MALE","FEMALE"
1982,64735,3,1,4,33790,5,183,2,1,4,4,2,2,2,2,1,2,1,6,2,7,1,1,4,16,"Female","Hispanic","Northeast (CT, ME, MA, NH, NJ, NY, PA, RI, VT)","GED","In CBSA, not in central city","NO","3: Mother","YES","NO","YES","NO","NO","0: 0  CONDITION DOES NOT APPLY","ALWAYS WITH RIGHT HAND","ALWAYS WITH RIGHT HAND","ALWAYS WITH RIGHT HAND","ALWAYS WITH RIGHT HAND","ALWAYS WITH LEFT HAND","0: 0  CONDITION DOES NOT APPLY","1: 1  CONDITION APPLIES","NO","FEMALE","MALE"
1983,64735,1,0,2,33790,5,184,1,1,2,4,2,3,2,2,1,2,1,4,2,8,1,1,31,21,"Female","Hispanic","Northeast (CT, ME, MA, NH, NJ, NY, PA, RI, VT)","Bachelor's degree (BA, BS)","In CBSA, not in central city","NO","3: Mother","NO","NO","YES","NO","YES","0: 0  CONDITION DOES NOT APPLY","ALWAYS WITH RIGHT HAND","ALWAYS WITH RIGHT HAND","ALWAYS WITH RIGHT HAND","ALWAYS WITH RIGHT HAND","ALWAYS WITH LEFT HAND","1: 1  CONDITION APPLIES","1: 1  CONDITION APPLIES","NO","MALE","FEMALE"
1983,64735,2,0,1,33790,5,183,2,2,4,4,7,7,2,2,2,2,2,6,2,6,1,1,33,21,"Female","Non-Black / Non-Hispanic","North Central (IL, IN, IA, KS, MI, MN, MO, NE, OH, ND, SD, WI)","Bachelor's degree (BA, BS)","In CBSA, not in central city","NO","3: Mother","YES","NO","NO","NO","YES","0: 0  CONDITION DOES NOT APPLY","ALWAYS WITH RIGHT HAND","ALWAYS WITH RIGHT HAND","ALWAYS WITH RIGHT HAND","ALWAYS WITH RIGHT HAND","ALWAYS WITH RIGHT HAND","1: 1  CONDITION APPLIES","0: 0  CONDITION DOES NOT APPLY","NO","FEMALE","FEMALE"
1983,64735,2,0,1,9200,5,190,2,1,1,5,3,2,1,1,1,1,1,3,2,8,1,1,31,24,"Female","Non-Black / Non-Hispanic","Northeast (CT, ME, MA, NH, NJ, NY, PA, RI, VT)","Associate/Junior college (AA)","In CBSA, not in central city","NO","3: Mother","NO","YES","YES","NO","YES","0: 0  CONDITION DOES NOT APPLY","ALWAYS WITH RIGHT HAND","ALWAYS WITH RIGHT HAND","ALWAYS WITH RIGHT HAND","ALWAYS WITH RIGHT HAND","USUALLY WITH RIGHT HAND","1: 1  CONDITION APPLIES","1: 1  CONDITION APPLIES","NO","MALE","MALE"
1981,64735,3,0,2,33790,5,280,2,1,5,3,3,7,2,2,2,2,2,1,2,6,1,1,29,19,"Male","Black","South (AL, AR, DE, DC, FL, GA, KY, LA, MD, MS, NC, OK, SC, TN , TX, VA, WV)","None","In CBSA, in central city","NO","3: Mother","YES","NO","YES","NO","YES","0: 0  CONDITION DOES NOT APPLY","ALWAYS WITH RIGHT HAND","ALWAYS WITH RIGHT HAND","ALWAYS WITH RIGHT HAND","ALWAYS WITH RIGHT HAND","ALWAYS WITH LEFT HAND","1: 1  CONDITION APPLIES","1: 1  CONDITION APPLIES","NO","FEMALE","FEMALE"
1983,64735,6,2,4,33790,5,183,1,1,1,4,2,4,2,2,1,2,2,3,1,6,1,1,26,16,"Male","Non-Black / Non-Hispanic","Northeast (CT, ME, MA, NH, NJ, NY, PA, RI, VT)","Master's degree (MA, MS)","In CBSA, not in central city","NO","3: Mother","YES","NO","NO","NO","YES","0: 0  CONDITION DOES NOT APPLY","ALWAYS WITH RIGHT HAND","ALWAYS WITH RIGHT HAND","ALWAYS WITH RIGHT HAND","ALWAYS WITH RIGHT HAND","ALWAYS WITH LEFT HAND","1: 1  CONDITION APPLIES","1: 1  CONDITION APPLIES","NO","FEMALE","FEMALE"
1983,64735,3,0,2,33790,5,182,1,1,2,3,6,6,2,2,2,2,1,6,2,7,2,2,32,25,"Female","Non-Black / Non-Hispanic","Northeast (CT, ME, MA, NH, NJ, NY, PA, RI, VT)","High school diploma (Regular 12 year program)","In CBSA, in central city","NO","3: Mother","NO","NO","NO","NO","YES","0: 0  CONDITION DOES NOT APPLY","ALWAYS WITH RIGHT HAND","ALWAYS WITH RIGHT HAND","ALWAYS WITH RIGHT HAND","ALWAYS WITH RIGHT HAND","ALWAYS WITH LEFT HAND","1: 1  CONDITION APPLIES","1: 1  CONDITION APPLIES","NO","FEMALE","MALE"
1983,64735,4,0,1,8000,5,110,1,1,3,3,6,1,2,1,2,2,1,4,2,6,1,1,47,25,"Female","Black","West (AK, AZ, CA, CO, HI, ID, MT, NV, NM, OR, UT, WA, WY)","High school diploma (Regular 12 year program)","In CBSA, not in central city","NO","3: Mother","YES","NO","NO","NO","YES","0: 0  CONDITION DOES NOT APPLY","ALWAYS WITH RIGHT HAND","ALWAYS WITH RIGHT HAND","USUALLY WITH BOTH HANDS EQUALLY","ALWAYS WITH RIGHT HAND","ALWAYS WITH LEFT HAND","0: 0  CONDITION DOES NOT APPLY","1: 1  CONDITION APPLIES","NO","FEMALE","MALE"
1983,64735,4,0,1,33790,5,181,1,1,2,3,2,4,2,2,1,2,2,1,1,8,1,2,37,59,"Male","Hispanic","Northeast (CT, ME, MA, NH, NJ, NY, PA, RI, VT)","GED","In CBSA, not in central city","YES","3: Mother","YES","YES","NO","NO","YES","0: 0  CONDITION DOES NOT APPLY","ALWAYS WITH RIGHT HAND","ALWAYS WITH RIGHT HAND","ALWAYS WITH RIGHT HAND","ALWAYS WITH RIGHT HAND","ALWAYS WITH LEFT HAND","1: 1  CONDITION APPLIES","1: 1  CONDITION APPLIES","NO","FEMALE","MALE"
1983,64735,2,0,3,33790,5,181,1,1,2,4,2,2,2,1,1,2,1,5,3,8,1,1,28,21,"Male","Non-Black / Non-Hispanic","South (AL, AR, DE, DC, FL, GA, KY, LA, MD, MS, NC, OK, SC, TN , TX, VA, WV)","Bachelor's degree (BA, BS)","In CBSA, not in central city","NO","3: Mother","NO","NO","NO","NO","YES","0: 0  CONDITION DOES NOT APPLY","ALWAYS WITH RIGHT HAND","ALWAYS WITH RIGHT HAND","ALWAYS WITH RIGHT HAND","ALWAYS WITH RIGHT HAND","ALWAYS WITH LEFT HAND","0: 0  CONDITION DOES NOT APPLY","1: 1  CONDITION APPLIES","NO","MALE","FEMALE"
1983,43619,2,0,1,33790,5,180,2,1,2,3,3,4,1,1,1,2,1,6,2,6,1,1,33,25,"Male","Non-Black / Non-Hispanic","South (AL, AR, DE, DC, FL, GA, KY, LA, MD, MS, NC, OK, SC, TN , TX, VA, WV)","Bachelor's degree (BA, BS)","In CBSA, in central city","YES","3: Mother","YES","NO","NO","NO","YES","0: 0  CONDITION DOES NOT APPLY","USUALLY WITH RIGHT HAND","ALWAYS WITH RIGHT HAND","USUALLY WITH BOTH HANDS EQUALLY","ALWAYS WITH RIGHT HAND","ALWAYS WITH LEFT HAND","1: 1  CONDITION APPLIES","1: 1  CONDITION APPLIES","NO","FEMALE","MALE"
1984,64735,3,0,2,33790,5,180,1,1,3,3,2,4,2,2,2,2,1,6,2,7,1,2,32,23,"Male","Non-Black / Non-Hispanic","Northeast (CT, ME, MA, NH, NJ, NY, PA, RI, VT)","Bachelor's degree (BA, BS)","In CBSA, not in central city","NO","3: Mother","YES","NO","NO","NO","YES","0: 0  CONDITION DOES NOT APPLY","ALWAYS WITH RIGHT HAND","ALWAYS WITH RIGHT HAND","ALWAYS WITH RIGHT HAND","ALWAYS WITH RIGHT HAND","ALWAYS WITH LEFT HAND","1: 1  CONDITION APPLIES","1: 1  CONDITION APPLIES","NO","MALE","MALE"
1980,64735,3,0,1,33790,5,179,1,1,4,3,6,5,2,2,2,2,1,6,2,7,1,1,32,19,"Female","Mixed Race (Non-Hispanic)","South (AL, AR, DE, DC, FL, GA, KY, LA, MD, MS, NC, OK, SC, TN , TX, VA, WV)","Bachelor's degree (BA, BS)","In CBSA, in central city","NO","3: Mother","NO","YES","NO","NO","YES","0: 0  CONDITION DOES NOT APPLY","ALWAYS WITH RIGHT HAND","ALWAYS WITH RIGHT HAND","ALWAYS WITH RIGHT HAND","ALWAYS WITH RIGHT HAND","USUALLY WITH LEFT HAND","1: 1  CONDITION APPLIES","0: 0  CONDITION DOES NOT APPLY","YES","FEMALE","FEMALE"
1984,64735,2,0,3,33790,5,183,1,1,4,5,4,3,1,2,1,2,1,7,3,7,1,1,33,24,"Male","Hispanic","West (AK, AZ, CA, CO, HI, ID, MT, NV, NM, OR, UT, WA, WY)","High school diploma (Regular 12 year program)","In CBSA, not in central city","NO","3: Mother","NO","NO","NO","NO","YES","0: 0  CONDITION DOES NOT APPLY","ALWAYS WITH RIGHT HAND","ALWAYS WITH RIGHT HAND","ALWAYS WITH RIGHT HAND","ALWAYS WITH RIGHT HAND","ALWAYS WITH LEFT HAND","1: 1  CONDITION APPLIES","1: 1  CONDITION APPLIES","NO","FEMALE","MALE"
1982,64735,3,0,3,33790,5,130,1,1,4,6,4,2,2,2,1,2,1,3,2,6,1,1,31,21,"Female","Black","South (AL, AR, DE, DC, FL, GA, KY, LA, MD, MS, NC, OK, SC, TN , TX, VA, WV)","Bachelor's degree (BA, BS)","In CBSA, not in central city","NO","3: Mother","YES","NO","NO","NO","YES","0: 0  CONDITION DOES NOT APPLY","ALWAYS WITH RIGHT HAND","ALWAYS WITH RIGHT HAND","ALWAYS WITH RIGHT HAND","ALWAYS WITH RIGHT HAND","ALWAYS WITH LEFT HAND","1: 1  CONDITION APPLIES","1: 1  CONDITION APPLIES","NO","FEMALE","FEMALE"
1982,82500,2,0,1,33790,5,182,1,1,2,3,3,1,2,1,1,2,1,6,2,7,1,1,33,22,"Male","Non-Black / Non-Hispanic","Northeast (CT, ME, MA, NH, NJ, NY, PA, RI, VT)","High school diploma (Regular 12 year program)","In CBSA, in central city","NO","3: Mother","NO","NO","YES","NO","YES","0: 0  CONDITION DOES NOT APPLY","ALWAYS WITH RIGHT HAND","ALWAYS WITH RIGHT HAND","ALWAYS WITH RIGHT HAND","ALWAYS WITH RIGHT HAND","ALWAYS WITH LEFT HAND","1: 1  CONDITION APPLIES","0: 0  CONDITION DOES NOT APPLY","NO","FEMALE","FEMALE"
1982,64735,3,0,2,33790,6,183,1,1,3,4,2,3,2,2,1,2,1,4,2,6,1,1,39,45,"Male","Non-Black / Non-Hispanic","South (AL, AR, DE, DC, FL, GA, KY, LA, MD, MS, NC, OK, SC, TN , TX, VA, WV)","High school diploma (Regular 12 year program)","In CBSA, in central city","YES","3: Mother","YES","NO","NO","NO","YES","0: 0  CONDITION DOES NOT APPLY","ALWAYS WITH RIGHT HAND","ALWAYS WITH RIGHT HAND","ALWAYS WITH RIGHT HAND","ALWAYS WITH RIGHT HAND","ALWAYS WITH LEFT HAND","1: 1  CONDITION APPLIES","1: 1  CONDITION APPLIES","NO","FEMALE","MALE"
1983,9696,4,0,2,33790,5,180,1,1,1,4,4,4,2,2,1,2,1,7,3,7,1,1,55,26,"Female","Non-Black / Non-Hispanic","Northeast (CT, ME, MA, NH, NJ, NY, PA, RI, VT)","Bachelor's degree (BA, BS)","In CBSA, not in central city","NO","3: Mother","YES","NO","NO","NO","YES","0: 0  CONDITION DOES NOT APPLY","ALWAYS WITH RIGHT HAND","ALWAYS WITH RIGHT HAND","ALWAYS WITH RIGHT HAND","ALWAYS WITH RIGHT HAND","ALWAYS WITH RIGHT HAND","0: 0  CONDITION DOES NOT APPLY","1: 1  CONDITION APPLIES","NO","FEMALE","MALE"
1984,64735,2,1,3,33790,5,145,1,1,5,3,2,4,1,2,2,2,1,6,1,7,1,1,27,20,"Female","Black","Northeast (CT, ME, MA, NH, NJ, NY, PA, RI, VT)","Bachelor's degree (BA, BS)","In CBSA, in central city","NO","3: Mother","YES","NO","NO","NO","YES","0: 0  CONDITION DOES NOT APPLY","USUALLY WITH RIGHT HAND","ALWAYS WITH RIGHT HAND","USUALLY WITH BOTH HANDS EQUALLY","ALWAYS WITH RIGHT HAND","ALWAYS WITH LEFT HAND","1: 1  CONDITION APPLIES","1: 1  CONDITION APPLIES","NO","FEMALE","MALE"
1982,64735,4,1,2,33790,5,180,2,1,4,4,4,5,2,2,2,2,1,6,3,7,1,2,30,25,"Male","Non-Black / Non-Hispanic","Northeast (CT, ME, MA, NH, NJ, NY, PA, RI, VT)","Bachelor's degree (BA, BS)","In CBSA, in central city","NO","3: Mother","YES","NO","NO","NO","YES","0: 0  CONDITION DOES NOT APPLY","ALWAYS WITH RIGHT HAND","ALWAYS WITH RIGHT HAND","ALWAYS WITH RIGHT HAND","ALWAYS WITH RIGHT HAND","ALWAYS WITH LEFT HAND","0: 0  CONDITION DOES NOT APPLY","1: 1  CONDITION APPLIES","NO","MALE","FEMALE"
1983,64735,4,1,1,33790,6,188,1,1,3,4,3,6,2,2,1,2,1,5,2,4,1,1,32,18,"Male","Non-Black / Non-Hispanic","North Central (IL, IN, IA, KS, MI, MN, MO, NE, OH, ND, SD, WI)","Bachelor's degree (BA, BS)","In CBSA, not in central city","NO","3: Mother","YES","NO","NO","NO","YES","0: 0  CONDITION DOES NOT APPLY","ALWAYS WITH RIGHT HAND","ALWAYS WITH RIGHT HAND","ALWAYS WITH RIGHT HAND","ALWAYS WITH RIGHT HAND","ALWAYS WITH RIGHT HAND","0: 0  CONDITION DOES NOT APPLY","1: 1  CONDITION APPLIES","NO","FEMALE","FEMALE"
1980,18500,4,1,1,33790,5,180,1,1,2,9,1,3,2,2,1,1,2,6,1,7,1,1,32,23,"Female","Non-Black / Non-Hispanic","South (AL, AR, DE, DC, FL, GA, KY, LA, MD, MS, NC, OK, SC, TN , TX, VA, WV)","Bachelor's degree (BA, BS)","In CBSA, not in central city","NO","3: Mother","NO","NO","NO","YES","YES","0: 0  CONDITION DOES NOT APPLY","ALWAYS WITH LEFT HAND","ALWAYS WITH RIGHT HAND","ALWAYS WITH LEFT HAND","USUALLY WITH BOTH HANDS EQUALLY","ALWAYS WITH RIGHT HAND","1: 1  CONDITION APPLIES","1: 1  CONDITION APPLIES","NO","MALE","MALE"
1982,64735,3,1,3,36000,5,183,1,2,3,6,2,2,1,2,1,2,1,7,2,7,1,1,30,20,"Female","Non-Black / Non-Hispanic","North Central (IL, IN, IA, KS, MI, MN, MO, NE, OH, ND, SD, WI)","GED","In CBSA, not in central city","YES","3: Mother","YES","NO","NO","NO","YES","0: 0  CONDITION DOES NOT APPLY","ALWAYS WITH RIGHT HAND","ALWAYS WITH RIGHT HAND","ALWAYS WITH RIGHT HAND","ALWAYS WITH RIGHT HAND","ALWAYS WITH LEFT HAND","1: 1  CONDITION APPLIES","1: 1  CONDITION APPLIES","NO","FEMALE","MALE"
1982,15000,3,0,3,33790,5,184,2,2,3,5,1,1,2,2,1,2,1,7,2,8,1,1,26,21,"Female","Non-Black / Non-Hispanic","West (AK, AZ, CA, CO, HI, ID, MT, NV, NM, OR, UT, WA, WY)","Bachelor's degree (BA, BS)","In CBSA, not in central city","NO","3: Mother","NO","NO","NO","NO","YES","0: 0  CONDITION DOES NOT APPLY","ALWAYS WITH RIGHT HAND","ALWAYS WITH RIGHT HAND","ALWAYS WITH RIGHT HAND","ALWAYS WITH RIGHT HAND","ALWAYS WITH LEFT HAND","1: 1  CONDITION APPLIES","1: 1  CONDITION APPLIES","NO","MALE","FEMALE"
1982,64735,3,0,3,82000,5,197,1,1,4,3,5,4,2,2,2,2,1,6,4,7,1,1,29,20,"Male","Black","South (AL, AR, DE, DC, FL, GA, KY, LA, MD, MS, NC, OK, SC, TN , TX, VA, WV)","Bachelor's degree (BA, BS)","In CBSA, not in central city","NO","3: Mother","YES","NO","NO","NO","YES","0: 0  CONDITION DOES NOT APPLY","ALWAYS WITH RIGHT HAND","ALWAYS WITH RIGHT HAND","ALWAYS WITH RIGHT HAND","ALWAYS WITH RIGHT HAND","ALWAYS WITH LEFT HAND","1: 1  CONDITION APPLIES","1: 1  CONDITION APPLIES","NO","MALE","FEMALE"
1982,64735,2,0,1,45000,5,181,1,2,3,4,4,4,2,2,1,2,1,6,3,7,1,1,34,27,"Male","Non-Black / Non-Hispanic","North Central (IL, IN, IA, KS, MI, MN, MO, NE, OH, ND, SD, WI)","Master's degree (MA, MS)","In CBSA, not in central city","NO","3: Mother","YES","NO","NO","NO","YES","0: 0  CONDITION DOES NOT APPLY","ALWAYS WITH RIGHT HAND","ALWAYS WITH RIGHT HAND","ALWAYS WITH RIGHT HAND","ALWAYS WITH RIGHT HAND","ALWAYS WITH LEFT HAND","1: 1  CONDITION APPLIES","1: 1  CONDITION APPLIES","NO","FEMALE","FEMALE"
1981,64735,3,0,3,33790,5,184,1,1,4,2,1,4,2,2,1,2,2,4,3,7,1,1,30,21,"Female","Non-Black / Non-Hispanic","South (AL, AR, DE, DC, FL, GA, KY, LA, MD, MS, NC, OK, SC, TN , TX, VA, WV)","High school diploma (Regular 12 year program)","In CBSA, not in central city","NO","3: Mother","YES","NO","NO","NO","NO","0: 0  CONDITION DOES NOT APPLY","ALWAYS WITH RIGHT HAND","ALWAYS WITH RIGHT HAND","ALWAYS WITH RIGHT HAND","ALWAYS WITH RIGHT HAND","ALWAYS WITH LEFT HAND","1: 1  CONDITION APPLIES","1: 1  CONDITION APPLIES","NO","FEMALE","FEMALE"
1982,64735,3,0,2,33790,5,183,1,1,3,5,3,5,2,2,1,2,1,7,2,6,1,1,31,23,"Female","Non-Black / Non-Hispanic","North Central (IL, IN, IA, KS, MI, MN, MO, NE, OH, ND, SD, WI)","Bachelor's degree (BA, BS)","In CBSA, not in central city","NO","3: Mother","YES","NO","NO","NO","YES","0: 0  CONDITION DOES NOT APPLY","ALWAYS WITH RIGHT HAND","ALWAYS WITH RIGHT HAND","USUALLY WITH LEFT HAND","ALWAYS WITH LEFT HAND","ALWAYS WITH LEFT HAND","1: 1  CONDITION APPLIES","1: 1  CONDITION APPLIES","NO","FEMALE","MALE"
1981,138000,3,1,1,33790,5,186,1,1,8,5,1,4,2,2,1,2,1,5,3,7,1,1,33,21,"Female","Non-Black / Non-Hispanic","North Central (IL, IN, IA, KS, MI, MN, MO, NE, OH, ND, SD, WI)","Bachelor's degree (BA, BS)","In CBSA, not in central city","NO","3: Mother","NO","NO","NO","NO","YES","0: 0  CONDITION DOES NOT APPLY","ALWAYS WITH RIGHT HAND","ALWAYS WITH RIGHT HAND","USUALLY WITH RIGHT HAND","ALWAYS WITH RIGHT HAND","ALWAYS WITH LEFT HAND","1: 1  CONDITION APPLIES","1: 1  CONDITION APPLIES","NO","MALE","MALE"
1984,64735,2,0,1,45000,5,185,1,1,5,3,1,3,2,2,1,2,1,4,3,7,1,1,31,20,"Male","Non-Black / Non-Hispanic","South (AL, AR, DE, DC, FL, GA, KY, LA, MD, MS, NC, OK, SC, TN , TX, VA, WV)","Bachelor's degree (BA, BS)","In CBSA, not in central city","NO","3: Mother","NO","NO","NO","NO","YES","0: 0  CONDITION DOES NOT APPLY","ALWAYS WITH RIGHT HAND","ALWAYS WITH LEFT HAND","ALWAYS WITH RIGHT HAND","DON'T DO THIS ACTIVITY","ALWAYS WITH LEFT HAND","1: 1  CONDITION APPLIES","1: 1  CONDITION APPLIES","NO","FEMALE","FEMALE"
1980,64735,5,1,4,32000,5,183,1,1,1,4,3,4,2,2,2,2,1,6,4,5,1,1,29,19,"Female","Non-Black / Non-Hispanic","North Central (IL, IN, IA, KS, MI, MN, MO, NE, OH, ND, SD, WI)","High school diploma (Regular 12 year program)","In CBSA, not in central city","NO","3: Mother","YES","NO","YES","NO","YES","0: 0  CONDITION DOES NOT APPLY","ALWAYS WITH RIGHT HAND","ALWAYS WITH RIGHT HAND","ALWAYS WITH RIGHT HAND","ALWAYS WITH RIGHT HAND","ALWAYS WITH LEFT HAND","1: 1  CONDITION APPLIES","1: 1  CONDITION APPLIES","NO","FEMALE","MALE"
1983,64735,2,1,1,43000,5,182,1,1,2,3,5,4,2,2,1,2,1,6,3,7,1,1,31,21,"Female","Non-Black / Non-Hispanic","South (AL, AR, DE, DC, FL, GA, KY, LA, MD, MS, NC, OK, SC, TN , TX, VA, WV)","High school diploma (Regular 12 year program)","In CBSA, in central city","NO","3: Mother","YES","NO","NO","NO","YES","0: 0  CONDITION DOES NOT APPLY","ALWAYS WITH RIGHT HAND","ALWAYS WITH RIGHT HAND","ALWAYS WITH RIGHT HAND","ALWAYS WITH RIGHT HAND","ALWAYS WITH LEFT HAND","1: 1  CONDITION APPLIES","1: 1  CONDITION APPLIES","NO","MALE","MALE"
1982,64735,4,0,2,33790,5,183,1,1,4,4,4,4,2,2,1,2,1,1,2,8,1,1,33,28,"Male","Non-Black / Non-Hispanic","South (AL, AR, DE, DC, FL, GA, KY, LA, MD, MS, NC, OK, SC, TN , TX, VA, WV)","High school diploma (Regular 12 year program)","In CBSA, in central city","YES","3: Mother","NO","YES","NO","YES","YES","0: 0  CONDITION DOES NOT APPLY","ALWAYS WITH RIGHT HAND","ALWAYS WITH RIGHT HAND","ALWAYS WITH RIGHT HAND","ALWAYS WITH RIGHT HAND","ALWAYS WITH LEFT HAND","1: 1  CONDITION APPLIES","1: 1  CONDITION APPLIES","NO","FEMALE","MALE"
1981,64735,4,1,2,33790,5,183,2,2,3,2,5,4,2,2,2,1,1,5,5,8,1,1,31,26,"Male","Non-Black / Non-Hispanic","South (AL, AR, DE, DC, FL, GA, KY, LA, MD, MS, NC, OK, SC, TN , TX, VA, WV)","High school diploma (Regular 12 year program)","In CBSA, not in central city","NO","3: Mother","NO","NO","NO","NO","YES","0: 0  CONDITION DOES NOT APPLY","ALWAYS WITH RIGHT HAND","ALWAYS WITH RIGHT HAND","ALWAYS WITH RIGHT HAND","ALWAYS WITH RIGHT HAND","USUALLY WITH RIGHT HAND","1: 1  CONDITION APPLIES","1: 1  CONDITION APPLIES","NO","FEMALE","MALE"
1981,64735,5,2,3,33790,5,182,1,1,2,4,2,6,2,2,1,2,1,6,4,6,1,1,22,3,"Female","Black","West (AK, AZ, CA, CO, HI, ID, MT, NV, NM, OR, UT, WA, WY)","High school diploma (Regular 12 year program)","In CBSA, in central city","NO","3: Mother","YES","NO","NO","NO","YES","0: 0  CONDITION DOES NOT APPLY","ALWAYS WITH RIGHT HAND","USUALLY WITH RIGHT HAND","ALWAYS WITH RIGHT HAND","ALWAYS WITH RIGHT HAND","ALWAYS WITH LEFT HAND","1: 1  CONDITION APPLIES","1: 1  CONDITION APPLIES","NO","FEMALE","MALE"
1984,64735,3,0,5,20000,5,185,1,2,4,5,3,4,2,2,1,2,2,1,3,5,1,2,28,19,"Male","Non-Black / Non-Hispanic","South (AL, AR, DE, DC, FL, GA, KY, LA, MD, MS, NC, OK, SC, TN , TX, VA, WV)","Associate/Junior college (AA)","In CBSA, in central city","NO","3: Mother","YES","NO","NO","NO","YES","0: 0  CONDITION DOES NOT APPLY","ALWAYS WITH RIGHT HAND","ALWAYS WITH RIGHT HAND","ALWAYS WITH RIGHT HAND","ALWAYS WITH RIGHT HAND","ALWAYS WITH LEFT HAND","1: 1  CONDITION APPLIES","1: 1  CONDITION APPLIES","NO","MALE","FEMALE"
1983,64735,3,1,2,33790,5,177,1,1,5,4,7,4,2,2,1,2,1,6,3,7,1,1,30,23,"Male","Non-Black / Non-Hispanic","South (AL, AR, DE, DC, FL, GA, KY, LA, MD, MS, NC, OK, SC, TN , TX, VA, WV)","Bachelor's degree (BA, BS)","In CBSA, in central city","NO","3: Mother","YES","NO","YES","NO","YES","0: 0  CONDITION DOES NOT APPLY","USUALLY WITH BOTH HANDS EQUALLY","ALWAYS WITH RIGHT HAND","USUALLY WITH BOTH HANDS EQUALLY","ALWAYS WITH RIGHT HAND","ALWAYS WITH LEFT HAND","1: 1  CONDITION APPLIES","1: 1  CONDITION APPLIES","NO","FEMALE","FEMALE"
1981,64735,2,0,1,33790,5,184,1,1,1,4,1,3,2,2,2,2,1,4,3,8,1,1,26,19,"Male","Black","Northeast (CT, ME, MA, NH, NJ, NY, PA, RI, VT)","High school diploma (Regular 12 year program)","In CBSA, not in central city","NO","3: Mother","NO","NO","NO","NO","YES","0: 0  CONDITION DOES NOT APPLY","ALWAYS WITH RIGHT HAND","ALWAYS WITH RIGHT HAND","ALWAYS WITH RIGHT HAND","ALWAYS WITH RIGHT HAND","ALWAYS WITH LEFT HAND","1: 1  CONDITION APPLIES","1: 1  CONDITION APPLIES","NO","FEMALE","MALE"
1981,64735,3,2,1,38000,5,183,2,2,3,4,3,1,2,2,1,2,2,4,2,7,1,1,31,17,"Male","Hispanic","South (AL, AR, DE, DC, FL, GA, KY, LA, MD, MS, NC, OK, SC, TN , TX, VA, WV)","Bachelor's degree (BA, BS)","In CBSA, in central city","NO","3: Mother","NO","NO","NO","NO","YES","0: 0  CONDITION DOES NOT APPLY","ALWAYS WITH RIGHT HAND","ALWAYS WITH RIGHT HAND","ALWAYS WITH RIGHT HAND","ALWAYS WITH RIGHT HAND","ALWAYS WITH LEFT HAND","1: 1  CONDITION APPLIES","1: 1  CONDITION APPLIES","NO","FEMALE","FEMALE"
1983,64735,4,0,1,33790,5,184,1,2,1,4,3,4,2,2,2,2,1,5,2,6,1,1,29,20,"Male","Non-Black / Non-Hispanic","North Central (IL, IN, IA, KS, MI, MN, MO, NE, OH, ND, SD, WI)","High school diploma (Regular 12 year program)","In CBSA, not in central city","NO","3: Mother","NO","YES","NO","NO","YES","0: 0  CONDITION DOES NOT APPLY","ALWAYS WITH RIGHT HAND","USUALLY WITH RIGHT HAND","ALWAYS WITH RIGHT HAND","ALWAYS WITH RIGHT HAND","ALWAYS WITH LEFT HAND","1: 1  CONDITION APPLIES","1: 1  CONDITION APPLIES","NO","FEMALE","MALE"
1981,64735,2,0,2,33790,5,185,1,2,5,3,2,2,1,2,1,2,1,6,6,6,1,1,36,27,"Male","Black","South (AL, AR, DE, DC, FL, GA, KY, LA, MD, MS, NC, OK, SC, TN , TX, VA, WV)","High school diploma (Regular 12 year program)","In CBSA, not in central city","YES","3: Mother","NO","YES","YES","NO","NO","0: 0  CONDITION DOES NOT APPLY","ALWAYS WITH RIGHT HAND","ALWAYS WITH RIGHT HAND","ALWAYS WITH RIGHT HAND","ALWAYS WITH RIGHT HAND","ALWAYS WITH LEFT HAND","1: 1  CONDITION APPLIES","1: 1  CONDITION APPLIES","NO","FEMALE","FEMALE"
1984,64735,3,1,5,33790,5,182,1,1,1,4,2,4,2,1,2,1,1,6,1,8,1,1,0,15,"Male","Hispanic","South (AL, AR, DE, DC, FL, GA, KY, LA, MD, MS, NC, OK, SC, TN , TX, VA, WV)","Master's degree (MA, MS)","In CBSA, in central city","NO","3: Mother","NO","YES","NO","NO","NO","0: 0  CONDITION DOES NOT APPLY","USUALLY WITH RIGHT HAND","ALWAYS WITH RIGHT HAND","ALWAYS WITH RIGHT HAND","ALWAYS WITH RIGHT HAND","ALWAYS WITH LEFT HAND","1: 1  CONDITION APPLIES","1: 1  CONDITION APPLIES","YES","FEMALE","MALE"
1983,64735,3,1,5,9000,5,150,1,2,3,2,1,1,2,2,2,2,1,5,2,8,1,1,28,13,"Female","Non-Black / Non-Hispanic","Northeast (CT, ME, MA, NH, NJ, NY, PA, RI, VT)","High school diploma (Regular 12 year program)","Not in CBSA","YES","3: Mother","YES","NO","YES","NO","YES","0: 0  CONDITION DOES NOT APPLY","ALWAYS WITH RIGHT HAND","ALWAYS WITH RIGHT HAND","ALWAYS WITH RIGHT HAND","ALWAYS WITH RIGHT HAND","ALWAYS WITH LEFT HAND","0: 0  CONDITION DOES NOT APPLY","1: 1  CONDITION APPLIES","NO","FEMALE","FEMALE"
1984,64735,3,0,3,33790,6,187,2,2,3,4,2,4,2,2,1,1,1,1,3,6,1,1,27,18,"Male","Non-Black / Non-Hispanic","South (AL, AR, DE, DC, FL, GA, KY, LA, MD, MS, NC, OK, SC, TN , TX, VA, WV)","None","In CBSA, not in central city","NO","3: Mother","YES","NO","NO","NO","YES","0: 0  CONDITION DOES NOT APPLY","ALWAYS WITH RIGHT HAND","ALWAYS WITH RIGHT HAND","ALWAYS WITH RIGHT HAND","USUALLY WITH RIGHT HAND","ALWAYS WITH LEFT HAND","1: 1  CONDITION APPLIES","0: 0  CONDITION DOES NOT APPLY","NO","FEMALE","MALE"
1980,64735,5,0,4,33790,5,172,1,1,4,2,1,4,2,2,2,2,1,5,4,5,1,1,53,26,"Female","Non-Black / Non-Hispanic","South (AL, AR, DE, DC, FL, GA, KY, LA, MD, MS, NC, OK, SC, TN , TX, VA, WV)","GED","In CBSA, not in central city","YES","3: Mother","NO","YES","YES","NO","NO","0: 0  CONDITION DOES NOT APPLY","ALWAYS WITH LEFT HAND","ALWAYS WITH RIGHT HAND","USUALLY WITH RIGHT HAND","ALWAYS WITH RIGHT HAND","ALWAYS WITH LEFT HAND","0: 0  CONDITION DOES NOT APPLY","1: 1  CONDITION APPLIES","NO","FEMALE","MALE"
1984,64735,5,0,1,33790,5,182,1,2,5,5,3,3,2,2,2,2,1,6,1,5,1,1,62,36,"Female","Non-Black / Non-Hispanic","West (AK, AZ, CA, CO, HI, ID, MT, NV, NM, OR, UT, WA, WY)","High school diploma (Regular 12 year program)","In CBSA, in central city","YES","3: Mother","YES","NO","YES","NO","YES","0: 0  CONDITION DOES NOT APPLY","ALWAYS WITH RIGHT HAND","ALWAYS WITH RIGHT HAND","ALWAYS WITH RIGHT HAND","ALWAYS WITH RIGHT HAND","USUALLY WITH LEFT HAND","1: 1  CONDITION APPLIES","1: 1  CONDITION APPLIES","NO","FEMALE","FEMALE"
1981,64735,3,1,2,33790,5,185,1,1,4,3,3,5,2,1,2,2,1,5,2,5,1,1,27,6,"Male","Non-Black / Non-Hispanic","South (AL, AR, DE, DC, FL, GA, KY, LA, MD, MS, NC, OK, SC, TN , TX, VA, WV)","Bachelor's degree (BA, BS)","In CBSA, not in central city","NO","3: Mother","NO","NO","NO","NO","YES","0: 0  CONDITION DOES NOT APPLY","ALWAYS WITH RIGHT HAND","ALWAYS WITH RIGHT HAND","ALWAYS WITH RIGHT HAND","ALWAYS WITH RIGHT HAND","USUALLY WITH LEFT HAND","1: 1  CONDITION APPLIES","1: 1  CONDITION APPLIES","NO","MALE","FEMALE"
1982,64735,3,0,7,33790,5,179,2,3,5,2,2,6,1,2,1,1,1,5,1,6,4,1,33,21,"Female","Non-Black / Non-Hispanic","South (AL, AR, DE, DC, FL, GA, KY, LA, MD, MS, NC, OK, SC, TN , TX, VA, WV)","Bachelor's degree (BA, BS)","In CBSA, in central city","NO","3: Mother","YES","NO","NO","NO","YES","0: 0  CONDITION DOES NOT APPLY","ALWAYS WITH RIGHT HAND","ALWAYS WITH RIGHT HAND","ALWAYS WITH RIGHT HAND","ALWAYS WITH RIGHT HAND","ALWAYS WITH LEFT HAND","1: 1  CONDITION APPLIES","1: 1  CONDITION APPLIES","NO","MALE","MALE"
1982,165270,2,0,3,33790,5,181,1,1,3,3,5,4,2,2,2,2,1,4,4,7,1,1,29,19,"Female","Non-Black / Non-Hispanic","West (AK, AZ, CA, CO, HI, ID, MT, NV, NM, OR, UT, WA, WY)","Bachelor's degree (BA, BS)","In CBSA, not in central city","NO","3: Mother","YES","NO","NO","NO","YES","0: 0  CONDITION DOES NOT APPLY","ALWAYS WITH RIGHT HAND","ALWAYS WITH RIGHT HAND","ALWAYS WITH RIGHT HAND","ALWAYS WITH RIGHT HAND","ALWAYS WITH LEFT HAND","1: 1  CONDITION APPLIES","1: 1  CONDITION APPLIES","NO","FEMALE","FEMALE"
1982,185100,3,1,1,33790,5,140,2,1,1,3,4,2,2,2,1,2,1,7,1,6,1,2,30,21,"Male","Non-Black / Non-Hispanic","Northeast (CT, ME, MA, NH, NJ, NY, PA, RI, VT)","Bachelor's degree (BA, BS)","In CBSA, in central city","NO","3: Mother","YES","NO","YES","NO","YES","0: 0  CONDITION DOES NOT APPLY","ALWAYS WITH RIGHT HAND","USUALLY WITH RIGHT HAND","USUALLY WITH RIGHT HAND","ALWAYS WITH RIGHT HAND","USUALLY WITH LEFT HAND","1: 1  CONDITION APPLIES","1: 1  CONDITION APPLIES","NO","FEMALE","MALE"
1981,64735,3,0,1,33790,5,182,1,2,2,3,3,4,2,2,1,2,1,3,1,7,1,1,26,19,"Female","Hispanic","South (AL, AR, DE, DC, FL, GA, KY, LA, MD, MS, NC, OK, SC, TN , TX, VA, WV)","High school diploma (Regular 12 year program)","In CBSA, not in central city","NO","3: Mother","NO","YES","NO","NO","YES","0: 0  CONDITION DOES NOT APPLY","ALWAYS WITH RIGHT HAND","ALWAYS WITH RIGHT HAND","ALWAYS WITH RIGHT HAND","ALWAYS WITH RIGHT HAND","ALWAYS WITH LEFT HAND","1: 1  CONDITION APPLIES","1: 1  CONDITION APPLIES","NO","MALE","MALE"
1981,316618,2,1,1,33790,5,186,1,1,5,5,5,4,2,2,1,2,1,6,4,7,1,1,27,19,"Female","Black","South (AL, AR, DE, DC, FL, GA, KY, LA, MD, MS, NC, OK, SC, TN , TX, VA, WV)","Bachelor's degree (BA, BS)","In CBSA, not in central city","YES","3: Mother","YES","NO","NO","NO","YES","0: 0  CONDITION DOES NOT APPLY","ALWAYS WITH RIGHT HAND","ALWAYS WITH RIGHT HAND","ALWAYS WITH RIGHT HAND","ALWAYS WITH RIGHT HAND","ALWAYS WITH LEFT HAND","1: 1  CONDITION APPLIES","1: 1  CONDITION APPLIES","NO","FEMALE","MALE"
1984,64735,3,1,1,33790,5,183,1,2,7,3,4,3,2,2,1,2,1,5,3,6,1,1,35,20,"Male","Non-Black / Non-Hispanic","South (AL, AR, DE, DC, FL, GA, KY, LA, MD, MS, NC, OK, SC, TN , TX, VA, WV)","None","In CBSA, not in central city","NO","3: Mother","NO","NO","YES","NO","YES","0: 0  CONDITION DOES NOT APPLY","ALWAYS WITH RIGHT HAND","ALWAYS WITH RIGHT HAND","ALWAYS WITH RIGHT HAND","USUALLY WITH RIGHT HAND","USUALLY WITH LEFT HAND","1: 1  CONDITION APPLIES","0: 0  CONDITION DOES NOT APPLY","NO","MALE","FEMALE"
1980,64735,3,1,2,146002,6,230,1,1,3,5,2,1,2,2,1,2,1,6,3,5,1,1,33,21,"Male","Non-Black / Non-Hispanic","South (AL, AR, DE, DC, FL, GA, KY, LA, MD, MS, NC, OK, SC, TN , TX, VA, WV)","High school diploma (Regular 12 year program)","In CBSA, not in central city","YES","3: Mother","YES","YES","NO","NO","YES","0: 0  CONDITION DOES NOT APPLY","ALWAYS WITH RIGHT HAND","ALWAYS WITH RIGHT HAND","ALWAYS WITH RIGHT HAND","ALWAYS WITH RIGHT HAND","ALWAYS WITH LEFT HAND","1: 1  CONDITION APPLIES","1: 1  CONDITION APPLIES","NO","FEMALE","FEMALE"
1983,64735,2,0,5,33790,6,186,1,1,6,4,5,5,2,1,2,2,2,6,5,6,1,1,23,16,"Male","Hispanic","North Central (IL, IN, IA, KS, MI, MN, MO, NE, OH, ND, SD, WI)","High school diploma (Regular 12 year program)","In CBSA, in central city","NO","3: Mother","YES","YES","NO","NO","YES","0: 0  CONDITION DOES NOT APPLY","ALWAYS WITH RIGHT HAND","ALWAYS WITH RIGHT HAND","ALWAYS WITH RIGHT HAND","ALWAYS WITH RIGHT HAND","ALWAYS WITH LEFT HAND","1: 1  CONDITION APPLIES","1: 1  CONDITION APPLIES","NO","FEMALE","FEMALE"
1981,10200,4,1,1,33790,5,197,1,1,4,4,2,3,2,2,1,1,2,6,4,7,1,1,26,4,"Female","Black","South (AL, AR, DE, DC, FL, GA, KY, LA, MD, MS, NC, OK, SC, TN , TX, VA, WV)","High school diploma (Regular 12 year program)","In CBSA, not in central city","NO","3: Mother","NO","NO","NO","NO","YES","0: 0  CONDITION DOES NOT APPLY","ALWAYS WITH RIGHT HAND","ALWAYS WITH RIGHT HAND","ALWAYS WITH RIGHT HAND","ALWAYS WITH RIGHT HAND","USUALLY WITH BOTH HANDS EQUALLY","1: 1  CONDITION APPLIES","1: 1  CONDITION APPLIES","NO","FEMALE","FEMALE"
1982,64735,2,1,4,33790,5,182,1,2,5,4,3,4,2,2,1,2,1,6,2,6,1,1,25,18,"Female","Non-Black / Non-Hispanic","South (AL, AR, DE, DC, FL, GA, KY, LA, MD, MS, NC, OK, SC, TN , TX, VA, WV)","High school diploma (Regular 12 year program)","In CBSA, in central city","NO","3: Mother","YES","NO","NO","NO","YES","0: 0  CONDITION DOES NOT APPLY","ALWAYS WITH RIGHT HAND","ALWAYS WITH RIGHT HAND","ALWAYS WITH RIGHT HAND","ALWAYS WITH RIGHT HAND","ALWAYS WITH LEFT HAND","1: 1  CONDITION APPLIES","1: 1  CONDITION APPLIES","NO","MALE","MALE"
1980,64735,2,0,3,33790,5,130,1,2,3,1,5,4,2,2,2,2,1,8,2,6,1,1,30,17,"Female","Non-Black / Non-Hispanic","South (AL, AR, DE, DC, FL, GA, KY, LA, MD, MS, NC, OK, SC, TN , TX, VA, WV)","Bachelor's degree (BA, BS)","In CBSA, in central city","NO","3: Mother","YES","NO","NO","NO","YES","0: 0  CONDITION DOES NOT APPLY","ALWAYS WITH RIGHT HAND","ALWAYS WITH RIGHT HAND","ALWAYS WITH RIGHT HAND","ALWAYS WITH RIGHT HAND","ALWAYS WITH LEFT HAND","1: 1  CONDITION APPLIES","0: 0  CONDITION DOES NOT APPLY","NO","MALE","FEMALE"
1980,31600,2,1,3,33790,5,184,2,2,4,4,1,5,2,2,2,2,1,6,2,7,1,1,32,19,"Female","Non-Black / Non-Hispanic","South (AL, AR, DE, DC, FL, GA, KY, LA, MD, MS, NC, OK, SC, TN , TX, VA, WV)","High school diploma (Regular 12 year program)","In CBSA, in central city","NO","3: Mother","YES","NO","NO","NO","YES","0: 0  CONDITION DOES NOT APPLY","ALWAYS WITH RIGHT HAND","ALWAYS WITH RIGHT HAND","ALWAYS WITH RIGHT HAND","ALWAYS WITH RIGHT HAND","ALWAYS WITH LEFT HAND","1: 1  CONDITION APPLIES","1: 1  CONDITION APPLIES","NO","FEMALE","FEMALE"
1983,64735,4,0,4,33790,5,180,2,2,1,3,4,4,2,2,2,2,2,2,3,7,1,1,32,22,"Male","Non-Black / Non-Hispanic","Northeast (CT, ME, MA, NH, NJ, NY, PA, RI, VT)","High school diploma (Regular 12 year program)","In CBSA, not in central city","NO","3: Mother","YES","YES","NO","YES","NO","0: 0  CONDITION DOES NOT APPLY","ALWAYS WITH RIGHT HAND","ALWAYS WITH RIGHT HAND","ALWAYS WITH RIGHT HAND","ALWAYS WITH RIGHT HAND","ALWAYS WITH LEFT HAND","1: 1  CONDITION APPLIES","1: 1  CONDITION APPLIES","NO","MALE","MALE"
1983,64735,3,0,3,33790,6,290,2,2,4,5,2,4,2,2,1,2,1,4,3,6,1,1,29,21,"Male","Black","South (AL, AR, DE, DC, FL, GA, KY, LA, MD, MS, NC, OK, SC, TN , TX, VA, WV)","High school diploma (Regular 12 year program)","In CBSA, not in central city","NO","3: Mother","NO","YES","YES","NO","YES","0: 0  CONDITION DOES NOT APPLY","USUALLY WITH RIGHT HAND","ALWAYS WITH RIGHT HAND","ALWAYS WITH LEFT HAND","ALWAYS WITH RIGHT HAND","ALWAYS WITH LEFT HAND","1: 1  CONDITION APPLIES","1: 1  CONDITION APPLIES","NO","FEMALE","MALE"
1980,64735,6,2,3,33790,5,183,1,1,4,5,3,5,2,2,2,2,1,2,2,5,1,1,25,14,"Female","Non-Black / Non-Hispanic","North Central (IL, IN, IA, KS, MI, MN, MO, NE, OH, ND, SD, WI)","High school diploma (Regular 12 year program)","In CBSA, not in central city","NO","3: Mother","YES","NO","NO","NO","YES","0: 0  CONDITION DOES NOT APPLY","ALWAYS WITH RIGHT HAND","ALWAYS WITH RIGHT HAND","ALWAYS WITH RIGHT HAND","ALWAYS WITH RIGHT HAND","ALWAYS WITH LEFT HAND","1: 1  CONDITION APPLIES","1: 1  CONDITION APPLIES","NO","FEMALE","FEMALE"
1982,64735,3,0,1,33790,5,182,1,1,4,2,5,3,2,1,1,2,1,5,3,8,1,1,31,22,"Female","Non-Black / Non-Hispanic","West (AK, AZ, CA, CO, HI, ID, MT, NV, NM, OR, UT, WA, WY)","Master's degree (MA, MS)","In CBSA, not in central city","NO","3: Mother","YES","NO","NO","NO","YES","0: 0  CONDITION DOES NOT APPLY","ALWAYS WITH RIGHT HAND","ALWAYS WITH RIGHT HAND","ALWAYS WITH RIGHT HAND","ALWAYS WITH RIGHT HAND","USUALLY WITH BOTH HANDS EQUALLY","1: 1  CONDITION APPLIES","1: 1  CONDITION APPLIES","YES","FEMALE","MALE"
1983,64735,2,0,3,33790,6,183,2,1,2,3,4,4,2,2,2,2,1,4,1,7,1,1,33,24,"Male","Non-Black / Non-Hispanic","South (AL, AR, DE, DC, FL, GA, KY, LA, MD, MS, NC, OK, SC, TN , TX, VA, WV)","High school diploma (Regular 12 year program)","In CBSA, not in central city","NO","3: Mother","YES","YES","NO","NO","NO","0: 0  CONDITION DOES NOT APPLY","ALWAYS WITH RIGHT HAND","ALWAYS WITH RIGHT HAND","ALWAYS WITH RIGHT HAND","ALWAYS WITH RIGHT HAND","ALWAYS WITH LEFT HAND","1: 1  CONDITION APPLIES","1: 1  CONDITION APPLIES","NO","FEMALE","MALE"
1984,64735,4,0,4,33790,5,184,2,2,5,3,3,6,2,2,1,2,1,5,4,4,1,1,31,21,"Female","Black","West (AK, AZ, CA, CO, HI, ID, MT, NV, NM, OR, UT, WA, WY)","High school diploma (Regular 12 year program)","In CBSA, not in central city","YES","3: Mother","YES","NO","NO","NO","YES","0: 0  CONDITION DOES NOT APPLY","ALWAYS WITH RIGHT HAND","ALWAYS WITH RIGHT HAND","ALWAYS WITH RIGHT HAND","USUALLY WITH RIGHT HAND","ALWAYS WITH LEFT HAND","0: 0  CONDITION DOES NOT APPLY","1: 1  CONDITION APPLIES","NO","MALE","FEMALE"
1983,64735,3,1,3,25000,5,181,2,1,6,2,2,4,2,2,1,1,1,6,3,8,1,1,26,22,"Male","Non-Black / Non-Hispanic","South (AL, AR, DE, DC, FL, GA, KY, LA, MD, MS, NC, OK, SC, TN , TX, VA, WV)","None","In CBSA, not in central city","NO","3: Mother","YES","YES","NO","NO","NO","0: 0  CONDITION DOES NOT APPLY","ALWAYS WITH RIGHT HAND","ALWAYS WITH RIGHT HAND","ALWAYS WITH RIGHT HAND","ALWAYS WITH RIGHT HAND","ALWAYS WITH LEFT HAND","1: 1  CONDITION APPLIES","1: 1  CONDITION APPLIES","NO","FEMALE","FEMALE"
1982,64735,4,1,2,33790,6,185,1,1,2,4,2,4,2,1,1,2,1,5,6,7,1,1,30,17,"Male","Non-Black / Non-Hispanic","North Central (IL, IN, IA, KS, MI, MN, MO, NE, OH, ND, SD, WI)","High school diploma (Regular 12 year program)","In CBSA, not in central city","NO","3: Mother","YES","YES","YES","NO","NO","0: 0  CONDITION DOES NOT APPLY","ALWAYS WITH RIGHT HAND","ALWAYS WITH RIGHT HAND","ALWAYS WITH RIGHT HAND","ALWAYS WITH RIGHT HAND","ALWAYS WITH LEFT HAND","1: 1  CONDITION APPLIES","1: 1  CONDITION APPLIES","NO","FEMALE","FEMALE"
1981,70000,3,0,1,33790,5,183,1,1,8,1,4,5,2,1,1,2,1,3,3,5,1,1,30,18,"Male","Non-Black / Non-Hispanic","North Central (IL, IN, IA, KS, MI, MN, MO, NE, OH, ND, SD, WI)","High school diploma (Regular 12 year program)","Not in CBSA","NO","3: Mother","NO","NO","NO","NO","NO","0: 0  CONDITION DOES NOT APPLY","ALWAYS WITH RIGHT HAND","ALWAYS WITH RIGHT HAND","ALWAYS WITH RIGHT HAND","ALWAYS WITH RIGHT HAND","ALWAYS WITH LEFT HAND","1: 1  CONDITION APPLIES","1: 1  CONDITION APPLIES","NO","MALE","MALE"
1982,64735,3,0,2,33790,5,183,2,1,1,3,6,1,2,2,2,2,1,6,2,7,1,1,30,20,"Male","Non-Black / Non-Hispanic","South (AL, AR, DE, DC, FL, GA, KY, LA, MD, MS, NC, OK, SC, TN , TX, VA, WV)","Bachelor's degree (BA, BS)","In CBSA, not in central city","NO","3: Mother","YES","NO","NO","NO","YES","0: 0  CONDITION DOES NOT APPLY","ALWAYS WITH RIGHT HAND","ALWAYS WITH RIGHT HAND","ALWAYS WITH RIGHT HAND","ALWAYS WITH RIGHT HAND","ALWAYS WITH LEFT HAND","1: 1  CONDITION APPLIES","1: 1  CONDITION APPLIES","NO","MALE","FEMALE"
1982,130100,3,1,2,33790,5,165,2,2,2,7,2,3,2,2,1,2,2,5,3,7,1,1,31,20,"Female","Black","North Central (IL, IN, IA, KS, MI, MN, MO, NE, OH, ND, SD, WI)","Bachelor's degree (BA, BS)","In CBSA, not in central city","NO","3: Mother","NO","YES","NO","NO","YES","0: 0  CONDITION DOES NOT APPLY","ALWAYS WITH RIGHT HAND","ALWAYS WITH RIGHT HAND","ALWAYS WITH RIGHT HAND","ALWAYS WITH RIGHT HAND","ALWAYS WITH LEFT HAND","1: 1  CONDITION APPLIES","1: 1  CONDITION APPLIES","NO","FEMALE","FEMALE"
1982,93500,3,1,1,33790,5,179,1,1,2,3,4,4,1,2,1,2,1,3,4,7,1,1,33,19,"Male","Non-Black / Non-Hispanic","West (AK, AZ, CA, CO, HI, ID, MT, NV, NM, OR, UT, WA, WY)","High school diploma (Regular 12 year program)","In CBSA, not in central city","NO","3: Mother","NO","NO","NO","NO","YES","0: 0  CONDITION DOES NOT APPLY","ALWAYS WITH RIGHT HAND","ALWAYS WITH RIGHT HAND","ALWAYS WITH RIGHT HAND","ALWAYS WITH RIGHT HAND","ALWAYS WITH LEFT HAND","1: 1  CONDITION APPLIES","0: 0  CONDITION DOES NOT APPLY","NO","FEMALE","MALE"
1981,64735,4,0,2,33000,5,180,2,1,2,2,5,6,2,2,1,2,1,5,2,6,1,1,29,22,"Female","Black","South (AL, AR, DE, DC, FL, GA, KY, LA, MD, MS, NC, OK, SC, TN , TX, VA, WV)","High school diploma (Regular 12 year program)","In CBSA, in central city","NO","3: Mother","YES","NO","NO","NO","YES","0: 0  CONDITION DOES NOT APPLY","ALWAYS WITH RIGHT HAND","ALWAYS WITH RIGHT HAND","ALWAYS WITH RIGHT HAND","ALWAYS WITH RIGHT HAND","ALWAYS WITH LEFT HAND","1: 1  CONDITION APPLIES","1: 1  CONDITION APPLIES","NO","MALE","FEMALE"
1980,64735,3,0,2,33790,5,180,1,2,3,4,7,4,1,2,2,2,1,2,3,9,1,1,25,2,"Male","Non-Black / Non-Hispanic","South (AL, AR, DE, DC, FL, GA, KY, LA, MD, MS, NC, OK, SC, TN , TX, VA, WV)","Bachelor's degree (BA, BS)","In CBSA, not in central city","NO","3: Mother","NO","NO","NO","NO","YES","0: 0  CONDITION DOES NOT APPLY","USUALLY WITH BOTH HANDS EQUALLY","ALWAYS WITH RIGHT HAND","ALWAYS WITH RIGHT HAND","ALWAYS WITH RIGHT HAND","ALWAYS WITH RIGHT HAND","1: 1  CONDITION APPLIES","1: 1  CONDITION APPLIES","NO","MALE","MALE"
1983,64735,4,0,1,33790,5,184,1,1,7,5,2,6,2,2,1,1,2,5,3,8,1,1,32,21,"Male","Non-Black / Non-Hispanic","West (AK, AZ, CA, CO, HI, ID, MT, NV, NM, OR, UT, WA, WY)","Bachelor's degree (BA, BS)","In CBSA, not in central city","NO","3: Mother","NO","NO","NO","NO","YES","0: 0  CONDITION DOES NOT APPLY","ALWAYS WITH LEFT HAND","ALWAYS WITH RIGHT HAND","ALWAYS WITH LEFT HAND","ALWAYS WITH LEFT HAND","ALWAYS WITH LEFT HAND","1: 1  CONDITION APPLIES","0: 0  CONDITION DOES NOT APPLY","NO","MALE","FEMALE"
1982,64735,3,0,1,33790,5,182,1,1,1,4,4,5,2,2,1,1,1,6,2,6,1,1,32,20,"Female","Non-Black / Non-Hispanic","South (AL, AR, DE, DC, FL, GA, KY, LA, MD, MS, NC, OK, SC, TN , TX, VA, WV)","Associate/Junior college (AA)","In CBSA, not in central city","NO","3: Mother","NO","YES","YES","NO","YES","0: 0  CONDITION DOES NOT APPLY","ALWAYS WITH LEFT HAND","ALWAYS WITH RIGHT HAND","ALWAYS WITH RIGHT HAND","ALWAYS WITH RIGHT HAND","USUALLY WITH BOTH HANDS EQUALLY","0: 0  CONDITION DOES NOT APPLY","1: 1  CONDITION APPLIES","NO","FEMALE","FEMALE"
1984,64735,4,0,3,33790,5,180,1,1,3,3,2,3,2,2,2,2,1,5,2,7,1,1,32,20,"Male","Non-Black / Non-Hispanic","South (AL, AR, DE, DC, FL, GA, KY, LA, MD, MS, NC, OK, SC, TN , TX, VA, WV)","Bachelor's degree (BA, BS)","In CBSA, in central city","NO","3: Mother","YES","NO","NO","NO","YES","0: 0  CONDITION DOES NOT APPLY","DON'T DO THIS ACTIVITY","ALWAYS WITH RIGHT HAND","ALWAYS WITH RIGHT HAND","ALWAYS WITH RIGHT HAND","USUALLY WITH BOTH HANDS EQUALLY","1: 1  CONDITION APPLIES","1: 1  CONDITION APPLIES","NO","FEMALE","MALE"
1981,64735,4,0,3,33790,5,187,3,3,3,5,2,4,2,2,1,2,2,1,6,8,1,1,26,16,"Female","Non-Black / Non-Hispanic","South (AL, AR, DE, DC, FL, GA, KY, LA, MD, MS, NC, OK, SC, TN , TX, VA, WV)","None","In CBSA, in central city","YES","3: Mother","NO","YES","NO","NO","NO","0: 0  CONDITION DOES NOT APPLY","ALWAYS WITH RIGHT HAND","ALWAYS WITH RIGHT HAND","ALWAYS WITH RIGHT HAND","USUALLY WITH BOTH HANDS EQUALLY","ALWAYS WITH LEFT HAND","1: 1  CONDITION APPLIES","1: 1  CONDITION APPLIES","NO","FEMALE","FEMALE"
1981,64735,4,1,7,33790,5,184,1,3,2,3,4,4,1,2,2,1,1,3,3,4,1,1,32,20,"Female","Non-Black / Non-Hispanic","South (AL, AR, DE, DC, FL, GA, KY, LA, MD, MS, NC, OK, SC, TN , TX, VA, WV)","GED","In CBSA, not in central city","YES","3: Mother","YES","NO","NO","NO","NO","0: 0  CONDITION DOES NOT APPLY","ALWAYS WITH RIGHT HAND","ALWAYS WITH RIGHT HAND","ALWAYS WITH RIGHT HAND","ALWAYS WITH RIGHT HAND","ALWAYS WITH LEFT HAND","0: 0  CONDITION DOES NOT APPLY","1: 1  CONDITION APPLIES","NO","FEMALE","FEMALE"
1982,64735,3,0,1,33790,5,150,1,1,3,3,5,4,2,1,1,1,2,3,2,7,1,1,33,18,"Male","Non-Black / Non-Hispanic","South (AL, AR, DE, DC, FL, GA, KY, LA, MD, MS, NC, OK, SC, TN , TX, VA, WV)","High school diploma (Regular 12 year program)","In CBSA, not in central city","YES","3: Mother","NO","NO","NO","NO","YES","0: 0  CONDITION DOES NOT APPLY","ALWAYS WITH RIGHT HAND","ALWAYS WITH RIGHT HAND","ALWAYS WITH RIGHT HAND","ALWAYS WITH RIGHT HAND","ALWAYS WITH LEFT HAND","1: 1  CONDITION APPLIES","0: 0  CONDITION DOES NOT APPLY","NO","FEMALE","FEMALE"
1983,64735,4,0,2,33790,5,160,1,2,1,2,1,3,2,2,2,2,1,4,4,7,1,1,36,22,"Female","Non-Black / Non-Hispanic","South (AL, AR, DE, DC, FL, GA, KY, LA, MD, MS, NC, OK, SC, TN , TX, VA, WV)","High school diploma (Regular 12 year program)","In CBSA, not in central city","YES","3: Mother","NO","YES","NO","NO","YES","0: 0  CONDITION DOES NOT APPLY","ALWAYS WITH RIGHT HAND","ALWAYS WITH RIGHT HAND","ALWAYS WITH RIGHT HAND","ALWAYS WITH RIGHT HAND","ALWAYS WITH LEFT HAND","0: 0  CONDITION DOES NOT APPLY","1: 1  CONDITION APPLIES","NO","MALE","MALE"
1983,64735,1,0,1,33790,6,184,1,1,3,4,2,3,2,2,2,2,1,5,4,9,1,1,29,20,"Female","Non-Black / Non-Hispanic","South (AL, AR, DE, DC, FL, GA, KY, LA, MD, MS, NC, OK, SC, TN , TX, VA, WV)","Bachelor's degree (BA, BS)","In CBSA, not in central city","YES","3: Mother","YES","NO","NO","NO","YES","0: 0  CONDITION DOES NOT APPLY","ALWAYS WITH RIGHT HAND","ALWAYS WITH RIGHT HAND","ALWAYS WITH LEFT HAND","ALWAYS WITH LEFT HAND","ALWAYS WITH RIGHT HAND","1: 1  CONDITION APPLIES","1: 1  CONDITION APPLIES","NO","FEMALE","MALE"
1983,64735,2,0,3,33790,5,183,2,2,1,2,2,3,2,2,1,2,1,1,5,7,1,1,26,20,"Female","Non-Black / Non-Hispanic","South (AL, AR, DE, DC, FL, GA, KY, LA, MD, MS, NC, OK, SC, TN , TX, VA, WV)","High school diploma (Regular 12 year program)","In CBSA, not in central city","NO","3: Mother","YES","NO","NO","NO","YES","0: 0  CONDITION DOES NOT APPLY","ALWAYS WITH RIGHT HAND","ALWAYS WITH RIGHT HAND","ALWAYS WITH RIGHT HAND","ALWAYS WITH RIGHT HAND","ALWAYS WITH LEFT HAND","1: 1  CONDITION APPLIES","1: 1  CONDITION APPLIES","NO","FEMALE","MALE"
1981,64735,1,0,1,70000,5,182,1,1,1,3,6,5,2,2,1,2,1,5,3,8,1,1,27,20,"Female","Non-Black / Non-Hispanic","South (AL, AR, DE, DC, FL, GA, KY, LA, MD, MS, NC, OK, SC, TN , TX, VA, WV)","High school diploma (Regular 12 year program)","In CBSA, not in central city","NO","3: Mother","NO","YES","NO","NO","YES","0: 0  CONDITION DOES NOT APPLY","ALWAYS WITH RIGHT HAND","ALWAYS WITH RIGHT HAND","USUALLY WITH RIGHT HAND","ALWAYS WITH RIGHT HAND","ALWAYS WITH LEFT HAND","1: 1  CONDITION APPLIES","1: 1  CONDITION APPLIES","NO","FEMALE","MALE"
1981,64735,4,0,1,33790,6,184,1,3,3,4,3,3,1,2,1,2,1,6,2,7,1,1,27,10,"Female","Black","West (AK, AZ, CA, CO, HI, ID, MT, NV, NM, OR, UT, WA, WY)","Bachelor's degree (BA, BS)","In CBSA, not in central city","NO","3: Mother","YES","NO","NO","NO","YES","0: 0  CONDITION DOES NOT APPLY","ALWAYS WITH RIGHT HAND","ALWAYS WITH RIGHT HAND","ALWAYS WITH RIGHT HAND","ALWAYS WITH RIGHT HAND","USUALLY WITH BOTH HANDS EQUALLY","1: 1  CONDITION APPLIES","1: 1  CONDITION APPLIES","YES","MALE","FEMALE"
1984,64735,5,1,2,33790,5,184,3,1,1,2,2,4,1,1,1,1,1,5,1,6,1,1,30,5,"Female","Non-Black / Non-Hispanic","South (AL, AR, DE, DC, FL, GA, KY, LA, MD, MS, NC, OK, SC, TN , TX, VA, WV)","GED","In CBSA, not in central city","NO","3: Mother","NO","YES","NO","NO","YES","0: 0  CONDITION DOES NOT APPLY","ALWAYS WITH RIGHT HAND","ALWAYS WITH RIGHT HAND","ALWAYS WITH RIGHT HAND","ALWAYS WITH RIGHT HAND","USUALLY WITH BOTH HANDS EQUALLY","1: 1  CONDITION APPLIES","1: 1  CONDITION APPLIES","NO","MALE","FEMALE"
1981,64735,5,1,2,33790,5,187,1,2,1,5,2,1,2,2,1,1,1,3,2,6,1,1,34,16,"Female","Hispanic","South (AL, AR, DE, DC, FL, GA, KY, LA, MD, MS, NC, OK, SC, TN , TX, VA, WV)","High school diploma (Regular 12 year program)","In CBSA, not in central city","YES","3: Mother","NO","YES","NO","NO","YES","0: 0  CONDITION DOES NOT APPLY","ALWAYS WITH RIGHT HAND","ALWAYS WITH RIGHT HAND","ALWAYS WITH RIGHT HAND","ALWAYS WITH RIGHT HAND","ALWAYS WITH LEFT HAND","1: 1  CONDITION APPLIES","1: 1  CONDITION APPLIES","YES","MALE","MALE"
1984,64735,3,0,1,35000,5,182,1,2,2,5,3,2,2,2,1,2,1,6,2,5,1,1,49,28,"Female","Hispanic","North Central (IL, IN, IA, KS, MI, MN, MO, NE, OH, ND, SD, WI)","None","In CBSA, not in central city","NO","3: Mother","YES","NO","NO","NO","NO","1: 1  CONDITION APPLIES","ALWAYS WITH RIGHT HAND","ALWAYS WITH RIGHT HAND","ALWAYS WITH RIGHT HAND","USUALLY WITH LEFT HAND","ALWAYS WITH LEFT HAND","1: 1  CONDITION APPLIES","1: 1  CONDITION APPLIES","YES","MALE","MALE"
1981,64735,4,0,3,33790,5,184,1,2,3,4,2,1,2,2,2,2,1,6,1,7,1,1,31,23,"Female","Non-Black / Non-Hispanic","South (AL, AR, DE, DC, FL, GA, KY, LA, MD, MS, NC, OK, SC, TN , TX, VA, WV)","High school diploma (Regular 12 year program)","In CBSA, not in central city","NO","3: Mother","NO","NO","NO","NO","YES","0: 0  CONDITION DOES NOT APPLY","ALWAYS WITH RIGHT HAND","ALWAYS WITH RIGHT HAND","ALWAYS WITH RIGHT HAND","ALWAYS WITH RIGHT HAND","ALWAYS WITH LEFT HAND","1: 1  CONDITION APPLIES","1: 1  CONDITION APPLIES","NO","MALE","FEMALE"
1984,64735,4,0,1,33790,5,177,1,1,3,2,7,4,2,2,2,2,1,5,2,6,1,1,32,22,"Male","Black","South (AL, AR, DE, DC, FL, GA, KY, LA, MD, MS, NC, OK, SC, TN , TX, VA, WV)","High school diploma (Regular 12 year program)","In CBSA, in central city","NO","3: Mother","NO","YES","NO","NO","YES","0: 0  CONDITION DOES NOT APPLY","ALWAYS WITH RIGHT HAND","ALWAYS WITH RIGHT HAND","ALWAYS WITH RIGHT HAND","ALWAYS WITH RIGHT HAND","ALWAYS WITH LEFT HAND","1: 1  CONDITION APPLIES","1: 1  CONDITION APPLIES","NO","FEMALE","MALE"
1980,64735,4,0,3,33790,5,182,1,2,4,3,3,1,2,2,2,2,1,7,2,6,1,1,31,22,"Female","Non-Black / Non-Hispanic","North Central (IL, IN, IA, KS, MI, MN, MO, NE, OH, ND, SD, WI)","High school diploma (Regular 12 year program)","In CBSA, not in central city","NO","3: Mother","YES","NO","NO","NO","YES","0: 0  CONDITION DOES NOT APPLY","ALWAYS WITH RIGHT HAND","ALWAYS WITH RIGHT HAND","ALWAYS WITH RIGHT HAND","ALWAYS WITH RIGHT HAND","ALWAYS WITH LEFT HAND","0: 0  CONDITION DOES NOT APPLY","1: 1  CONDITION APPLIES","NO","FEMALE","MALE"
1981,64735,5,0,3,33790,5,182,1,2,2,3,1,3,2,2,2,1,1,2,1,7,1,1,29,24,"Female","Hispanic","South (AL, AR, DE, DC, FL, GA, KY, LA, MD, MS, NC, OK, SC, TN , TX, VA, WV)","None","In CBSA, not in central city","NO","3: Mother","YES","YES","YES","NO","YES","0: 0  CONDITION DOES NOT APPLY","ALWAYS WITH RIGHT HAND","ALWAYS WITH RIGHT HAND","ALWAYS WITH RIGHT HAND","ALWAYS WITH RIGHT HAND","ALWAYS WITH LEFT HAND","1: 1  CONDITION APPLIES","1: 1  CONDITION APPLIES","YES","FEMALE","MALE"
1982,64735,4,0,3,5000,5,183,1,2,3,3,2,2,2,2,1,2,1,5,2,7,1,1,31,23,"Female","Non-Black / Non-Hispanic","South (AL, AR, DE, DC, FL, GA, KY, LA, MD, MS, NC, OK, SC, TN , TX, VA, WV)","Bachelor's degree (BA, BS)","In CBSA, in central city","NO","3: Mother","YES","NO","YES","NO","NO","0: 0  CONDITION DOES NOT APPLY","ALWAYS WITH RIGHT HAND","ALWAYS WITH RIGHT HAND","ALWAYS WITH RIGHT HAND","ALWAYS WITH RIGHT HAND","ALWAYS WITH LEFT HAND","1: 1  CONDITION APPLIES","1: 1  CONDITION APPLIES","NO","FEMALE","MALE"
1980,64735,6,2,1,33790,5,174,1,2,3,4,2,2,2,2,1,1,1,4,2,7,1,1,4,3,"Male","Hispanic","South (AL, AR, DE, DC, FL, GA, KY, LA, MD, MS, NC, OK, SC, TN , TX, VA, WV)","High school diploma (Regular 12 year program)","In CBSA, not in central city","NO","3: Mother","YES","NO","NO","NO","NO","0: 0  CONDITION DOES NOT APPLY","ALWAYS WITH RIGHT HAND","ALWAYS WITH RIGHT HAND","ALWAYS WITH RIGHT HAND","ALWAYS WITH RIGHT HAND","ALWAYS WITH LEFT HAND","1: 1  CONDITION APPLIES","1: 1  CONDITION APPLIES","YES","MALE","FEMALE"
1984,64735,5,1,2,33790,5,182,2,1,1,3,2,1,2,2,1,2,2,3,1,7,1,1,29,19,"Female","Hispanic","South (AL, AR, DE, DC, FL, GA, KY, LA, MD, MS, NC, OK, SC, TN , TX, VA, WV)","High school diploma (Regular 12 year program)","In CBSA, not in central city","NO","3: Mother","YES","NO","NO","NO","YES","0: 0  CONDITION DOES NOT APPLY","ALWAYS WITH RIGHT HAND","ALWAYS WITH RIGHT HAND","ALWAYS WITH RIGHT HAND","ALWAYS WITH RIGHT HAND","ALWAYS WITH RIGHT HAND","1: 1  CONDITION APPLIES","1: 1  CONDITION APPLIES","YES","FEMALE","MALE"
1984,64735,1,1,1,33790,5,182,1,1,2,4,4,1,1,1,2,1,2,3,2,6,1,1,33,19,"Male","Hispanic","South (AL, AR, DE, DC, FL, GA, KY, LA, MD, MS, NC, OK, SC, TN , TX, VA, WV)","None","In CBSA, in central city","NO","3: Mother","YES","NO","YES","NO","YES","0: 0  CONDITION DOES NOT APPLY","ALWAYS WITH RIGHT HAND","ALWAYS WITH RIGHT HAND","ALWAYS WITH RIGHT HAND","ALWAYS WITH RIGHT HAND","ALWAYS WITH LEFT HAND","1: 1  CONDITION APPLIES","1: 1  CONDITION APPLIES","NO","FEMALE","FEMALE"
1982,64735,6,1,1,33790,5,178,2,2,1,3,8,4,2,1,1,1,1,6,5,6,1,1,68,9,"Female","Non-Black / Non-Hispanic","South (AL, AR, DE, DC, FL, GA, KY, LA, MD, MS, NC, OK, SC, TN , TX, VA, WV)","High school diploma (Regular 12 year program)","In CBSA, in central city","YES","3: Mother","NO","NO","YES","NO","YES","0: 0  CONDITION DOES NOT APPLY","ALWAYS WITH RIGHT HAND","USUALLY WITH BOTH HANDS EQUALLY","ALWAYS WITH RIGHT HAND","ALWAYS WITH RIGHT HAND","ALWAYS WITH RIGHT HAND","1: 1  CONDITION APPLIES","1: 1  CONDITION APPLIES","NO","MALE","FEMALE"
1983,64735,3,1,3,33790,5,185,1,2,4,4,2,2,2,2,1,2,1,4,2,7,1,1,1,16,"Male","Black","Northeast (CT, ME, MA, NH, NJ, NY, PA, RI, VT)","Associate/Junior college (AA)","Not in CBSA","NO","3: Mother","NO","YES","NO","NO","YES","0: 0  CONDITION DOES NOT APPLY","ALWAYS WITH RIGHT HAND","ALWAYS WITH RIGHT HAND","ALWAYS WITH RIGHT HAND","ALWAYS WITH RIGHT HAND","ALWAYS WITH LEFT HAND","1: 1  CONDITION APPLIES","1: 1  CONDITION APPLIES","NO","MALE","MALE"
1985,70250,4,0,6,33790,5,182,1,3,1,3,3,4,2,2,2,1,1,6,4,5,1,1,32,20,"Male","Non-Black / Non-Hispanic","Northeast (CT, ME, MA, NH, NJ, NY, PA, RI, VT)","High school diploma (Regular 12 year program)","In CBSA, not in central city","YES","3: Mother","YES","NO","NO","NO","YES","0: 0  CONDITION DOES NOT APPLY","ALWAYS WITH RIGHT HAND","ALWAYS WITH RIGHT HAND","ALWAYS WITH LEFT HAND","ALWAYS WITH RIGHT HAND","ALWAYS WITH LEFT HAND","1: 1  CONDITION APPLIES","1: 1  CONDITION APPLIES","NO","FEMALE","MALE"
1982,109100,2,0,1,33790,5,183,1,1,2,2,2,3,2,2,1,1,1,3,3,7,1,1,35,22,"Male","Non-Black / Non-Hispanic","South (AL, AR, DE, DC, FL, GA, KY, LA, MD, MS, NC, OK, SC, TN , TX, VA, WV)","Bachelor's degree (BA, BS)","Not in CBSA","NO","3: Mother","NO","NO","NO","NO","YES","0: 0  CONDITION DOES NOT APPLY","ALWAYS WITH RIGHT HAND","ALWAYS WITH RIGHT HAND","ALWAYS WITH RIGHT HAND","ALWAYS WITH RIGHT HAND","ALWAYS WITH LEFT HAND","1: 1  CONDITION APPLIES","1: 1  CONDITION APPLIES","NO","MALE","MALE"
1982,111500,3,1,1,33790,5,185,2,1,4,5,2,4,2,2,2,1,1,6,1,6,1,1,27,1,"Female","Hispanic","South (AL, AR, DE, DC, FL, GA, KY, LA, MD, MS, NC, OK, SC, TN , TX, VA, WV)","High school diploma (Regular 12 year program)","In CBSA, not in central city","YES","3: Mother","YES","NO","NO","NO","YES","0: 0  CONDITION DOES NOT APPLY","ALWAYS WITH RIGHT HAND","ALWAYS WITH RIGHT HAND","ALWAYS WITH RIGHT HAND","ALWAYS WITH RIGHT HAND","ALWAYS WITH LEFT HAND","1: 1  CONDITION APPLIES","1: 1  CONDITION APPLIES","NO","MALE","MALE"
1984,64735,3,0,5,33790,5,183,1,2,2,4,1,2,2,2,2,2,1,6,2,7,1,1,25,18,"Male","Non-Black / Non-Hispanic","Northeast (CT, ME, MA, NH, NJ, NY, PA, RI, VT)","GED","In CBSA, not in central city","NO","3: Mother","NO","NO","NO","NO","YES","0: 0  CONDITION DOES NOT APPLY","ALWAYS WITH LEFT HAND","DON'T DO THIS ACTIVITY","ALWAYS WITH RIGHT HAND","DON'T DO THIS ACTIVITY","ALWAYS WITH LEFT HAND","1: 1  CONDITION APPLIES","1: 1  CONDITION APPLIES","NO","FEMALE","MALE"
1982,64735,3,0,3,33790,5,185,2,2,5,2,1,1,1,2,1,2,1,5,3,7,1,1,27,21,"Male","Non-Black / Non-Hispanic","West (AK, AZ, CA, CO, HI, ID, MT, NV, NM, OR, UT, WA, WY)","High school diploma (Regular 12 year program)","In CBSA, not in central city","YES","3: Mother","YES","NO","NO","NO","NO","0: 0  CONDITION DOES NOT APPLY","DON'T DO THIS ACTIVITY","ALWAYS WITH RIGHT HAND","ALWAYS WITH RIGHT HAND","ALWAYS WITH RIGHT HAND","ALWAYS WITH LEFT HAND","1: 1  CONDITION APPLIES","1: 1  CONDITION APPLIES","NO","MALE","MALE"
1983,64735,3,2,4,33790,5,184,1,1,3,2,3,7,2,2,1,2,2,7,2,6,1,1,30,18,"Male","Non-Black / Non-Hispanic","South (AL, AR, DE, DC, FL, GA, KY, LA, MD, MS, NC, OK, SC, TN , TX, VA, WV)","High school diploma (Regular 12 year program)","Not in CBSA","NO","3: Mother","NO","NO","YES","NO","YES","0: 0  CONDITION DOES NOT APPLY","ALWAYS WITH RIGHT HAND","ALWAYS WITH RIGHT HAND","ALWAYS WITH RIGHT HAND","ALWAYS WITH RIGHT HAND","ALWAYS WITH LEFT HAND","1: 1  CONDITION APPLIES","1: 1  CONDITION APPLIES","NO","FEMALE","MALE"
1980,64735,1,0,6,33790,5,182,1,1,3,1,4,1,2,1,1,2,1,3,2,6,1,1,33,24,"Male","Non-Black / Non-Hispanic","North Central (IL, IN, IA, KS, MI, MN, MO, NE, OH, ND, SD, WI)","High school diploma (Regular 12 year program)","In CBSA, not in central city","NO","3: Mother","YES","NO","NO","NO","NO","0: 0  CONDITION DOES NOT APPLY","ALWAYS WITH RIGHT HAND","ALWAYS WITH RIGHT HAND","ALWAYS WITH RIGHT HAND","ALWAYS WITH RIGHT HAND","ALWAYS WITH LEFT HAND","1: 1  CONDITION APPLIES","1: 1  CONDITION APPLIES","NO","MALE","MALE"
1981,64735,3,0,1,33790,5,182,1,1,3,4,5,4,2,2,1,2,2,6,2,7,1,1,26,20,"Female","Non-Black / Non-Hispanic","South (AL, AR, DE, DC, FL, GA, KY, LA, MD, MS, NC, OK, SC, TN , TX, VA, WV)","High school diploma (Regular 12 year program)","In CBSA, in central city","NO","3: Mother","YES","YES","NO","NO","YES","0: 0  CONDITION DOES NOT APPLY","ALWAYS WITH RIGHT HAND","ALWAYS WITH RIGHT HAND","ALWAYS WITH RIGHT HAND","ALWAYS WITH RIGHT HAND","ALWAYS WITH LEFT HAND","1: 1  CONDITION APPLIES","1: 1  CONDITION APPLIES","NO","FEMALE","MALE"
1982,64735,2,0,1,25000,6,150,1,1,3,3,3,4,1,2,1,2,2,7,2,6,1,1,33,22,"Male","Non-Black / Non-Hispanic","South (AL, AR, DE, DC, FL, GA, KY, LA, MD, MS, NC, OK, SC, TN , TX, VA, WV)","High school diploma (Regular 12 year program)","In CBSA, not in central city","NO","3: Mother","YES","NO","NO","NO","YES","0: 0  CONDITION DOES NOT APPLY","ALWAYS WITH RIGHT HAND","ALWAYS WITH RIGHT HAND","ALWAYS WITH RIGHT HAND","ALWAYS WITH RIGHT HAND","ALWAYS WITH RIGHT HAND","0: 0  CONDITION DOES NOT APPLY","1: 1  CONDITION APPLIES","YES","MALE","MALE"
1983,18250,3,0,1,33790,5,134,1,1,2,2,6,5,2,2,1,2,2,6,4,7,1,1,33,24,"Male","Non-Black / Non-Hispanic","South (AL, AR, DE, DC, FL, GA, KY, LA, MD, MS, NC, OK, SC, TN , TX, VA, WV)","High school diploma (Regular 12 year program)","In CBSA, not in central city","NO","3: Mother","NO","YES","NO","NO","YES","0: 0  CONDITION DOES NOT APPLY","ALWAYS WITH RIGHT HAND","ALWAYS WITH RIGHT HAND","ALWAYS WITH RIGHT HAND","ALWAYS WITH RIGHT HAND","ALWAYS WITH LEFT HAND","1: 1  CONDITION APPLIES","1: 1  CONDITION APPLIES","NO","FEMALE","FEMALE"
1981,64735,2,0,1,33790,5,184,1,1,5,3,3,3,2,2,1,2,1,4,2,7,1,1,30,25,"Female","Non-Black / Non-Hispanic","Northeast (CT, ME, MA, NH, NJ, NY, PA, RI, VT)","High school diploma (Regular 12 year program)","In CBSA, not in central city","YES","3: Mother","YES","NO","NO","NO","YES","0: 0  CONDITION DOES NOT APPLY","ALWAYS WITH RIGHT HAND","ALWAYS WITH RIGHT HAND","ALWAYS WITH RIGHT HAND","ALWAYS WITH RIGHT HAND","ALWAYS WITH LEFT HAND","1: 1  CONDITION APPLIES","1: 1  CONDITION APPLIES","NO","FEMALE","MALE"
1983,64735,1,1,2,33790,5,184,2,1,5,4,2,5,2,2,1,2,1,3,2,8,1,1,32,21,"Female","Non-Black / Non-Hispanic","South (AL, AR, DE, DC, FL, GA, KY, LA, MD, MS, NC, OK, SC, TN , TX, VA, WV)","High school diploma (Regular 12 year program)","In CBSA, in central city","NO","3: Mother","YES","NO","YES","NO","YES","0: 0  CONDITION DOES NOT APPLY","ALWAYS WITH LEFT HAND","ALWAYS WITH LEFT HAND","ALWAYS WITH LEFT HAND","ALWAYS WITH LEFT HAND","USUALLY WITH RIGHT HAND","1: 1  CONDITION APPLIES","1: 1  CONDITION APPLIES","YES","FEMALE","MALE"
1983,64735,3,0,1,33790,5,180,1,2,3,4,3,5,2,2,1,2,1,6,1,7,1,1,27,21,"Male","Non-Black / Non-Hispanic","North Central (IL, IN, IA, KS, MI, MN, MO, NE, OH, ND, SD, WI)","High school diploma (Regular 12 year program)","In CBSA, in central city","NO","3: Mother","YES","NO","NO","NO","YES","0: 0  CONDITION DOES NOT APPLY","ALWAYS WITH RIGHT HAND","ALWAYS WITH RIGHT HAND","ALWAYS WITH RIGHT HAND","ALWAYS WITH RIGHT HAND","ALWAYS WITH LEFT HAND","1: 1  CONDITION APPLIES","1: 1  CONDITION APPLIES","NO","FEMALE","MALE"
1981,64735,5,0,2,33790,5,181,1,1,2,4,1,1,1,1,1,2,1,6,5,4,1,1,69,30,"Male","Non-Black / Non-Hispanic","Northeast (CT, ME, MA, NH, NJ, NY, PA, RI, VT)","GED","In CBSA, not in central city","YES","3: Mother","YES","NO","NO","YES","YES","0: 0  CONDITION DOES NOT APPLY","ALWAYS WITH RIGHT HAND","ALWAYS WITH RIGHT HAND","ALWAYS WITH RIGHT HAND","ALWAYS WITH RIGHT HAND","ALWAYS WITH LEFT HAND","1: 1  CONDITION APPLIES","1: 1  CONDITION APPLIES","NO","MALE","FEMALE"
1980,146000,3,0,3,90000,6,225,2,2,3,5,3,4,2,2,1,2,1,6,2,7,1,1,31,22,"Male","Non-Black / Non-Hispanic","South (AL, AR, DE, DC, FL, GA, KY, LA, MD, MS, NC, OK, SC, TN , TX, VA, WV)","High school diploma (Regular 12 year program)","In CBSA, in central city","NO","3: Mother","YES","NO","NO","NO","YES","0: 0  CONDITION DOES NOT APPLY","ALWAYS WITH RIGHT HAND","ALWAYS WITH RIGHT HAND","ALWAYS WITH RIGHT HAND","ALWAYS WITH RIGHT HAND","ALWAYS WITH LEFT HAND","1: 1  CONDITION APPLIES","1: 1  CONDITION APPLIES","NO","FEMALE","FEMALE"
1984,64735,3,0,1,33790,5,182,1,1,3,4,1,3,2,2,2,2,1,5,1,7,1,1,32,22,"Male","Black","South (AL, AR, DE, DC, FL, GA, KY, LA, MD, MS, NC, OK, SC, TN , TX, VA, WV)","High school diploma (Regular 12 year program)","In CBSA, in central city","NO","3: Mother","YES","NO","NO","NO","YES","0: 0  CONDITION DOES NOT APPLY","ALWAYS WITH RIGHT HAND","ALWAYS WITH RIGHT HAND","ALWAYS WITH RIGHT HAND","ALWAYS WITH RIGHT HAND","ALWAYS WITH LEFT HAND","1: 1  CONDITION APPLIES","1: 1  CONDITION APPLIES","NO","FEMALE","FEMALE"
1983,64735,3,1,4,33790,5,182,1,1,5,3,2,4,2,2,1,2,1,2,2,7,1,1,28,20,"Male","Non-Black / Non-Hispanic","North Central (IL, IN, IA, KS, MI, MN, MO, NE, OH, ND, SD, WI)","High school diploma (Regular 12 year program)","In CBSA, in central city","NO","3: Mother","YES","NO","YES","NO","YES","0: 0  CONDITION DOES NOT APPLY","ALWAYS WITH RIGHT HAND","ALWAYS WITH RIGHT HAND","ALWAYS WITH RIGHT HAND","ALWAYS WITH RIGHT HAND","ALWAYS WITH LEFT HAND","1: 1  CONDITION APPLIES","1: 1  CONDITION APPLIES","NO","FEMALE","MALE"
1980,64735,3,0,4,33790,5,183,1,2,3,3,2,3,2,2,1,2,1,6,3,7,1,1,29,21,"Female","Non-Black / Non-Hispanic","South (AL, AR, DE, DC, FL, GA, KY, LA, MD, MS, NC, OK, SC, TN , TX, VA, WV)","High school diploma (Regular 12 year program)","In CBSA, not in central city","NO","3: Mother","YES","NO","NO","NO","YES","0: 0  CONDITION DOES NOT APPLY","ALWAYS WITH RIGHT HAND","ALWAYS WITH RIGHT HAND","ALWAYS WITH RIGHT HAND","ALWAYS WITH RIGHT HAND","ALWAYS WITH LEFT HAND","1: 1  CONDITION APPLIES","1: 1  CONDITION APPLIES","NO","FEMALE","FEMALE"
1985,64735,1,0,2,33790,5,182,2,2,2,3,4,6,1,2,1,2,1,8,6,7,1,1,31,20,"Female","Black","South (AL, AR, DE, DC, FL, GA, KY, LA, MD, MS, NC, OK, SC, TN , TX, VA, WV)","High school diploma (Regular 12 year program)","In CBSA, in central city","NO","3: Mother","YES","NO","NO","NO","YES","0: 0  CONDITION DOES NOT APPLY","ALWAYS WITH RIGHT HAND","ALWAYS WITH RIGHT HAND","ALWAYS WITH RIGHT HAND","ALWAYS WITH RIGHT HAND","ALWAYS WITH LEFT HAND","1: 1  CONDITION APPLIES","1: 1  CONDITION APPLIES","NO","MALE","FEMALE"
1982,750,3,0,3,33790,6,174,1,1,2,4,2,3,2,2,2,2,1,1,3,5,1,1,32,21,"Male","Non-Black / Non-Hispanic","South (AL, AR, DE, DC, FL, GA, KY, LA, MD, MS, NC, OK, SC, TN , TX, VA, WV)","None","Not in CBSA","NO","3: Mother","YES","NO","YES","NO","YES","0: 0  CONDITION DOES NOT APPLY","ALWAYS WITH RIGHT HAND","ALWAYS WITH RIGHT HAND","ALWAYS WITH RIGHT HAND","ALWAYS WITH RIGHT HAND","ALWAYS WITH LEFT HAND","1: 1  CONDITION APPLIES","1: 1  CONDITION APPLIES","NO","FEMALE","MALE"
1984,64735,3,1,2,33790,5,184,1,2,1,3,2,4,2,2,1,2,2,4,5,6,3,3,28,0,"Female","Non-Black / Non-Hispanic","North Central (IL, IN, IA, KS, MI, MN, MO, NE, OH, ND, SD, WI)","High school diploma (Regular 12 year program)","In CBSA, not in central city","NO","3: Mother","NO","NO","NO","NO","NO","0: 0  CONDITION DOES NOT APPLY","ALWAYS WITH RIGHT HAND","ALWAYS WITH RIGHT HAND","ALWAYS WITH RIGHT HAND","USUALLY WITH BOTH HANDS EQUALLY","USUALLY WITH BOTH HANDS EQUALLY","1: 1  CONDITION APPLIES","1: 1  CONDITION APPLIES","NO","FEMALE","FEMALE"
1981,64735,2,0,1,33790,5,183,1,1,3,2,2,1,1,1,1,2,1,5,3,7,1,1,31,19,"Male","Non-Black / Non-Hispanic","North Central (IL, IN, IA, KS, MI, MN, MO, NE, OH, ND, SD, WI)","Bachelor's degree (BA, BS)","In CBSA, in central city","NO","3: Mother","YES","YES","NO","NO","NO","0: 0  CONDITION DOES NOT APPLY","ALWAYS WITH RIGHT HAND","ALWAYS WITH RIGHT HAND","ALWAYS WITH RIGHT HAND","ALWAYS WITH RIGHT HAND","ALWAYS WITH LEFT HAND","1: 1  CONDITION APPLIES","1: 1  CONDITION APPLIES","NO","FEMALE","MALE"
1983,0,2,0,3,33790,5,184,2,2,2,4,2,2,2,2,2,2,2,4,2,6,1,1,32,18,"Male","Non-Black / Non-Hispanic","North Central (IL, IN, IA, KS, MI, MN, MO, NE, OH, ND, SD, WI)","High school diploma (Regular 12 year program)","In CBSA, in central city","YES","3: Mother","NO","NO","NO","NO","YES","0: 0  CONDITION DOES NOT APPLY","ALWAYS WITH LEFT HAND","USUALLY WITH BOTH HANDS EQUALLY","ALWAYS WITH RIGHT HAND","ALWAYS WITH RIGHT HAND","ALWAYS WITH RIGHT HAND","1: 1  CONDITION APPLIES","1: 1  CONDITION APPLIES","NO","MALE","MALE"
1980,64735,2,0,8,30000,5,186,1,2,4,4,1,3,2,1,1,1,1,6,2,7,1,1,7,11,"Female","Black","North Central (IL, IN, IA, KS, MI, MN, MO, NE, OH, ND, SD, WI)","High school diploma (Regular 12 year program)","In CBSA, in central city","NO","3: Mother","YES","YES","NO","NO","YES","0: 0  CONDITION DOES NOT APPLY","ALWAYS WITH LEFT HAND","ALWAYS WITH RIGHT HAND","ALWAYS WITH LEFT HAND","ALWAYS WITH RIGHT HAND","ALWAYS WITH LEFT HAND","1: 1  CONDITION APPLIES","1: 1  CONDITION APPLIES","NO","MALE","MALE"
1982,64735,3,1,2,33790,5,180,1,1,4,3,3,2,2,2,1,2,1,6,3,5,1,1,32,23,"Male","Non-Black / Non-Hispanic","North Central (IL, IN, IA, KS, MI, MN, MO, NE, OH, ND, SD, WI)","Bachelor's degree (BA, BS)","In CBSA, not in central city","NO","3: Mother","YES","NO","NO","NO","YES","0: 0  CONDITION DOES NOT APPLY","ALWAYS WITH RIGHT HAND","ALWAYS WITH RIGHT HAND","ALWAYS WITH LEFT HAND","ALWAYS WITH RIGHT HAND","USUALLY WITH LEFT HAND","1: 1  CONDITION APPLIES","1: 1  CONDITION APPLIES","NO","MALE","MALE"
1981,64735,4,0,2,33790,5,180,1,2,2,4,1,5,2,2,1,1,1,2,3,7,1,1,34,23,"Female","Black","South (AL, AR, DE, DC, FL, GA, KY, LA, MD, MS, NC, OK, SC, TN , TX, VA, WV)","High school diploma (Regular 12 year program)","In CBSA, not in central city","NO","3: Mother","NO","NO","NO","NO","YES","0: 0  CONDITION DOES NOT APPLY","ALWAYS WITH LEFT HAND","USUALLY WITH RIGHT HAND","ALWAYS WITH RIGHT HAND","ALWAYS WITH LEFT HAND","ALWAYS WITH LEFT HAND","1: 1  CONDITION APPLIES","1: 1  CONDITION APPLIES","NO","FEMALE","MALE"
1980,64735,3,0,2,33790,5,185,1,1,5,3,5,3,2,2,2,2,1,1,6,6,1,1,30,21,"Male","Non-Black / Non-Hispanic","West (AK, AZ, CA, CO, HI, ID, MT, NV, NM, OR, UT, WA, WY)","High school diploma (Regular 12 year program)","In CBSA, in central city","NO","3: Mother","NO","NO","YES","NO","YES","0: 0  CONDITION DOES NOT APPLY","ALWAYS WITH RIGHT HAND","ALWAYS WITH RIGHT HAND","ALWAYS WITH RIGHT HAND","ALWAYS WITH RIGHT HAND","ALWAYS WITH LEFT HAND","1: 1  CONDITION APPLIES","1: 1  CONDITION APPLIES","NO","FEMALE","FEMALE"
1980,64735,4,1,2,33790,5,182,1,1,3,5,3,2,2,2,1,2,1,6,2,6,1,1,41,21,"Female","Non-Black / Non-Hispanic","Northeast (CT, ME, MA, NH, NJ, NY, PA, RI, VT)","Master's degree (MA, MS)","In CBSA, not in central city","NO","3: Mother","NO","NO","NO","NO","YES","0: 0  CONDITION DOES NOT APPLY","DON'T DO THIS ACTIVITY","DON'T DO THIS ACTIVITY","ALWAYS WITH RIGHT HAND","DON'T DO THIS ACTIVITY","USUALLY WITH RIGHT HAND","1: 1  CONDITION APPLIES","1: 1  CONDITION APPLIES","NO","FEMALE","MALE"
1984,64735,3,0,3,38000,5,140,1,2,1,4,5,4,1,1,1,1,1,6,3,7,1,1,30,22,"Female","Non-Black / Non-Hispanic","North Central (IL, IN, IA, KS, MI, MN, MO, NE, OH, ND, SD, WI)","Bachelor's degree (BA, BS)","In CBSA, in central city","NO","3: Mother","NO","YES","YES","NO","YES","0: 0  CONDITION DOES NOT APPLY","ALWAYS WITH RIGHT HAND","ALWAYS WITH RIGHT HAND","ALWAYS WITH RIGHT HAND","ALWAYS WITH RIGHT HAND","ALWAYS WITH LEFT HAND","0: 0  CONDITION DOES NOT APPLY","1: 1  CONDITION APPLIES","NO","MALE","MALE"
1980,64735,4,1,2,33790,5,183,1,2,3,3,5,4,2,2,1,2,1,8,2,6,1,1,32,21,"Male","Non-Black / Non-Hispanic","North Central (IL, IN, IA, KS, MI, MN, MO, NE, OH, ND, SD, WI)","High school diploma (Regular 12 year program)","In CBSA, in central city","NO","3: Mother","YES","NO","NO","NO","YES","0: 0  CONDITION DOES NOT APPLY","ALWAYS WITH RIGHT HAND","ALWAYS WITH RIGHT HAND","ALWAYS WITH RIGHT HAND","ALWAYS WITH RIGHT HAND","ALWAYS WITH LEFT HAND","0: 0  CONDITION DOES NOT APPLY","0: 0  CONDITION DOES NOT APPLY","NO","FEMALE","FEMALE"
1982,64735,2,0,2,33790,5,225,1,2,4,5,4,4,2,2,1,2,1,6,2,8,1,1,30,23,"Female","Non-Black / Non-Hispanic","North Central (IL, IN, IA, KS, MI, MN, MO, NE, OH, ND, SD, WI)","GED","In CBSA, not in central city","YES","3: Mother","YES","NO","NO","NO","YES","0: 0  CONDITION DOES NOT APPLY","ALWAYS WITH RIGHT HAND","ALWAYS WITH RIGHT HAND","ALWAYS WITH LEFT HAND","ALWAYS WITH LEFT HAND","ALWAYS WITH LEFT HAND","1: 1  CONDITION APPLIES","1: 1  CONDITION APPLIES","NO","FEMALE","MALE"
1981,64735,2,1,2,33790,6,184,1,2,2,6,2,4,2,2,2,1,2,2,3,6,1,1,36,20,"Male","Non-Black / Non-Hispanic","South (AL, AR, DE, DC, FL, GA, KY, LA, MD, MS, NC, OK, SC, TN , TX, VA, WV)","None","In CBSA, not in central city","NO","3: Mother","YES","NO","YES","NO","YES","0: 0  CONDITION DOES NOT APPLY","ALWAYS WITH RIGHT HAND","ALWAYS WITH RIGHT HAND","ALWAYS WITH RIGHT HAND","ALWAYS WITH RIGHT HAND","ALWAYS WITH LEFT HAND","0: 0  CONDITION DOES NOT APPLY","1: 1  CONDITION APPLIES","YES","FEMALE","FEMALE"
1983,64735,2,0,2,33790,5,183,1,1,1,2,1,2,2,2,2,2,2,5,2,7,1,1,28,21,"Male","Non-Black / Non-Hispanic","North Central (IL, IN, IA, KS, MI, MN, MO, NE, OH, ND, SD, WI)","Bachelor's degree (BA, BS)","In CBSA, not in central city","NO","3: Mother","NO","NO","NO","NO","YES","0: 0  CONDITION DOES NOT APPLY","ALWAYS WITH RIGHT HAND","ALWAYS WITH RIGHT HAND","ALWAYS WITH RIGHT HAND","ALWAYS WITH RIGHT HAND","ALWAYS WITH LEFT HAND","1: 1  CONDITION APPLIES","1: 1  CONDITION APPLIES","NO","FEMALE","MALE"
1984,64735,4,1,2,33790,6,182,1,1,2,7,2,3,2,2,1,2,1,6,3,9,1,1,34,22,"Male","Black","South (AL, AR, DE, DC, FL, GA, KY, LA, MD, MS, NC, OK, SC, TN , TX, VA, WV)","High school diploma (Regular 12 year program)","In CBSA, not in central city","NO","3: Mother","NO","NO","NO","NO","YES","0: 0  CONDITION DOES NOT APPLY","ALWAYS WITH RIGHT HAND","ALWAYS WITH RIGHT HAND","ALWAYS WITH RIGHT HAND","ALWAYS WITH RIGHT HAND","ALWAYS WITH LEFT HAND","1: 1  CONDITION APPLIES","1: 1  CONDITION APPLIES","NO","FEMALE","MALE"
1983,64735,3,0,2,33790,5,182,1,2,2,4,1,2,2,2,1,2,1,6,5,8,1,1,33,20,"Female","Non-Black / Non-Hispanic","South (AL, AR, DE, DC, FL, GA, KY, LA, MD, MS, NC, OK, SC, TN , TX, VA, WV)","High school diploma (Regular 12 year program)","In CBSA, in central city","NO","3: Mother","NO","YES","NO","NO","YES","0: 0  CONDITION DOES NOT APPLY","ALWAYS WITH RIGHT HAND","USUALLY WITH BOTH HANDS EQUALLY","ALWAYS WITH RIGHT HAND","ALWAYS WITH RIGHT HAND","ALWAYS WITH RIGHT HAND","1: 1  CONDITION APPLIES","1: 1  CONDITION APPLIES","NO","MALE","FEMALE"
1981,64735,3,1,1,33790,5,182,1,1,3,4,2,5,2,2,1,1,1,5,2,6,1,1,33,18,"Female","Black","South (AL, AR, DE, DC, FL, GA, KY, LA, MD, MS, NC, OK, SC, TN , TX, VA, WV)","High school diploma (Regular 12 year program)","In CBSA, not in central city","NO","3: Mother","NO","NO","NO","NO","YES","0: 0  CONDITION DOES NOT APPLY","ALWAYS WITH RIGHT HAND","ALWAYS WITH RIGHT HAND","ALWAYS WITH RIGHT HAND","ALWAYS WITH RIGHT HAND","ALWAYS WITH LEFT HAND","1: 1  CONDITION APPLIES","1: 1  CONDITION APPLIES","NO","FEMALE","MALE"
1983,64735,2,0,1,33790,5,183,1,1,1,4,4,3,2,2,1,2,1,6,2,8,1,1,58,33,"Male","Non-Black / Non-Hispanic","Northeast (CT, ME, MA, NH, NJ, NY, PA, RI, VT)","Master's degree (MA, MS)","In CBSA, not in central city","YES","3: Mother","YES","NO","NO","NO","YES","0: 0  CONDITION DOES NOT APPLY","ALWAYS WITH RIGHT HAND","ALWAYS WITH RIGHT HAND","ALWAYS WITH RIGHT HAND","ALWAYS WITH RIGHT HAND","ALWAYS WITH LEFT HAND","1: 1  CONDITION APPLIES","0: 0  CONDITION DOES NOT APPLY","NO","FEMALE","MALE"
1982,64735,3,1,1,33790,5,183,1,2,1,4,2,7,2,2,2,2,1,3,3,7,1,1,32,19,"Female","Non-Black / Non-Hispanic","North Central (IL, IN, IA, KS, MI, MN, MO, NE, OH, ND, SD, WI)","GED","In CBSA, not in central city","NO","3: Mother","NO","NO","NO","NO","YES","0: 0  CONDITION DOES NOT APPLY","ALWAYS WITH RIGHT HAND","ALWAYS WITH RIGHT HAND","ALWAYS WITH RIGHT HAND","ALWAYS WITH RIGHT HAND","ALWAYS WITH LEFT HAND","0: 0  CONDITION DOES NOT APPLY","1: 1  CONDITION APPLIES","NO","MALE","MALE"
1984,64735,3,0,1,33790,5,183,1,1,3,5,4,8,2,1,1,2,2,5,3,7,1,1,32,25,"Male","Black","South (AL, AR, DE, DC, FL, GA, KY, LA, MD, MS, NC, OK, SC, TN , TX, VA, WV)","Master's degree (MA, MS)","In CBSA, not in central city","YES","3: Mother","NO","YES","NO","NO","YES","0: 0  CONDITION DOES NOT APPLY","ALWAYS WITH RIGHT HAND","ALWAYS WITH RIGHT HAND","ALWAYS WITH RIGHT HAND","ALWAYS WITH RIGHT HAND","ALWAYS WITH LEFT HAND","1: 1  CONDITION APPLIES","1: 1  CONDITION APPLIES","NO","FEMALE","MALE"
1981,38571,3,0,3,33790,5,184,2,2,3,7,5,4,2,2,2,2,2,3,2,6,1,1,30,21,"Male","Black","North Central (IL, IN, IA, KS, MI, MN, MO, NE, OH, ND, SD, WI)","None","In CBSA, in central city","NO","3: Mother","YES","NO","NO","NO","YES","0: 0  CONDITION DOES NOT APPLY","ALWAYS WITH RIGHT HAND","ALWAYS WITH RIGHT HAND","ALWAYS WITH RIGHT HAND","ALWAYS WITH RIGHT HAND","ALWAYS WITH LEFT HAND","1: 1  CONDITION APPLIES","1: 1  CONDITION APPLIES","NO","FEMALE","MALE"
1982,64735,4,0,3,33790,5,184,3,2,6,2,6,4,2,1,2,2,2,5,1,6,1,2,6,15,"Female","Black","South (AL, AR, DE, DC, FL, GA, KY, LA, MD, MS, NC, OK, SC, TN , TX, VA, WV)","GED","In CBSA, not in central city","NO","3: Mother","NO","YES","NO","NO","YES","0: 0  CONDITION DOES NOT APPLY","ALWAYS WITH RIGHT HAND","ALWAYS WITH RIGHT HAND","ALWAYS WITH RIGHT HAND","ALWAYS WITH RIGHT HAND","ALWAYS WITH LEFT HAND","1: 1  CONDITION APPLIES","1: 1  CONDITION APPLIES","NO","FEMALE","MALE"
1982,64735,3,0,1,33790,5,184,1,1,4,3,3,4,1,2,1,2,1,7,5,7,1,1,28,20,"Male","Black","West (AK, AZ, CA, CO, HI, ID, MT, NV, NM, OR, UT, WA, WY)","High school diploma (Regular 12 year program)","In CBSA, not in central city","NO","3: Mother","YES","NO","YES","NO","YES","0: 0  CONDITION DOES NOT APPLY","ALWAYS WITH RIGHT HAND","ALWAYS WITH RIGHT HAND","ALWAYS WITH RIGHT HAND","ALWAYS WITH RIGHT HAND","ALWAYS WITH LEFT HAND","1: 1  CONDITION APPLIES","1: 1  CONDITION APPLIES","NO","FEMALE","FEMALE"
1982,64735,2,1,1,33790,5,160,1,1,5,2,3,5,2,2,1,1,2,7,1,5,1,1,29,22,"Male","Black","North Central (IL, IN, IA, KS, MI, MN, MO, NE, OH, ND, SD, WI)","GED","In CBSA, not in central city","NO","3: Mother","NO","NO","NO","NO","YES","0: 0  CONDITION DOES NOT APPLY","ALWAYS WITH RIGHT HAND","ALWAYS WITH RIGHT HAND","USUALLY WITH BOTH HANDS EQUALLY","ALWAYS WITH RIGHT HAND","ALWAYS WITH LEFT HAND","1: 1  CONDITION APPLIES","1: 1  CONDITION APPLIES","NO","FEMALE","MALE"
1982,64735,4,0,2,33790,5,183,1,1,3,4,2,2,2,2,2,2,1,5,2,7,1,1,31,22,"Female","Non-Black / Non-Hispanic","South (AL, AR, DE, DC, FL, GA, KY, LA, MD, MS, NC, OK, SC, TN , TX, VA, WV)","High school diploma (Regular 12 year program)","In CBSA, not in central city","NO","3: Mother","YES","NO","NO","NO","YES","0: 0  CONDITION DOES NOT APPLY","ALWAYS WITH RIGHT HAND","ALWAYS WITH RIGHT HAND","ALWAYS WITH RIGHT HAND","ALWAYS WITH RIGHT HAND","ALWAYS WITH LEFT HAND","1: 1  CONDITION APPLIES","1: 1  CONDITION APPLIES","NO","MALE","FEMALE"
1983,16736,3,0,2,33790,5,180,1,2,2,4,2,2,2,1,1,2,1,1,2,7,1,1,30,25,"Male","Non-Black / Non-Hispanic","South (AL, AR, DE, DC, FL, GA, KY, LA, MD, MS, NC, OK, SC, TN , TX, VA, WV)","High school diploma (Regular 12 year program)","In CBSA, in central city","NO","3: Mother","NO","YES","NO","NO","YES","0: 0  CONDITION DOES NOT APPLY","ALWAYS WITH RIGHT HAND","ALWAYS WITH RIGHT HAND","ALWAYS WITH RIGHT HAND","ALWAYS WITH RIGHT HAND","ALWAYS WITH RIGHT HAND","1: 1  CONDITION APPLIES","1: 1  CONDITION APPLIES","YES","MALE","FEMALE"
1982,63000,4,0,2,33790,5,278,2,1,3,4,2,3,2,2,1,2,1,6,5,5,1,1,30,19,"Female","Black","South (AL, AR, DE, DC, FL, GA, KY, LA, MD, MS, NC, OK, SC, TN , TX, VA, WV)","High school diploma (Regular 12 year program)","In CBSA, not in central city","NO","3: Mother","YES","YES","NO","NO","YES","0: 0  CONDITION DOES NOT APPLY","ALWAYS WITH RIGHT HAND","ALWAYS WITH RIGHT HAND","ALWAYS WITH RIGHT HAND","ALWAYS WITH RIGHT HAND","ALWAYS WITH LEFT HAND","1: 1  CONDITION APPLIES","1: 1  CONDITION APPLIES","NO","FEMALE","FEMALE"
1983,64735,3,1,3,33790,7,183,1,1,3,4,1,3,2,2,2,2,1,5,2,8,1,1,29,20,"Male","Non-Black / Non-Hispanic","South (AL, AR, DE, DC, FL, GA, KY, LA, MD, MS, NC, OK, SC, TN , TX, VA, WV)","High school diploma (Regular 12 year program)","In CBSA, not in central city","NO","3: Mother","NO","YES","NO","NO","YES","0: 0  CONDITION DOES NOT APPLY","ALWAYS WITH RIGHT HAND","ALWAYS WITH RIGHT HAND","ALWAYS WITH RIGHT HAND","ALWAYS WITH RIGHT HAND","ALWAYS WITH LEFT HAND","1: 1  CONDITION APPLIES","1: 1  CONDITION APPLIES","NO","FEMALE","FEMALE"
1983,42300,4,0,2,33790,5,182,1,2,2,4,2,2,1,2,2,1,2,3,2,6,1,1,52,22,"Female","Non-Black / Non-Hispanic","North Central (IL, IN, IA, KS, MI, MN, MO, NE, OH, ND, SD, WI)","High school diploma (Regular 12 year program)","In CBSA, not in central city","YES","3: Mother","YES","NO","NO","NO","YES","0: 0  CONDITION DOES NOT APPLY","ALWAYS WITH RIGHT HAND","ALWAYS WITH RIGHT HAND","ALWAYS WITH RIGHT HAND","ALWAYS WITH RIGHT HAND","ALWAYS WITH LEFT HAND","1: 1  CONDITION APPLIES","1: 1  CONDITION APPLIES","NO","MALE","MALE"
1981,64735,2,2,2,33790,5,184,2,2,4,4,1,1,2,2,1,2,1,3,2,7,1,1,29,19,"Female","Non-Black / Non-Hispanic","South (AL, AR, DE, DC, FL, GA, KY, LA, MD, MS, NC, OK, SC, TN , TX, VA, WV)","High school diploma (Regular 12 year program)","In CBSA, not in central city","NO","3: Mother","NO","NO","NO","NO","NO","0: 0  CONDITION DOES NOT APPLY","ALWAYS WITH RIGHT HAND","ALWAYS WITH RIGHT HAND","ALWAYS WITH RIGHT HAND","ALWAYS WITH RIGHT HAND","ALWAYS WITH LEFT HAND","1: 1  CONDITION APPLIES","0: 0  CONDITION DOES NOT APPLY","NO","MALE","FEMALE"
1983,64735,4,1,1,33790,6,184,2,2,3,4,2,4,2,2,1,2,1,4,2,9,1,1,32,18,"Female","Non-Black / Non-Hispanic","West (AK, AZ, CA, CO, HI, ID, MT, NV, NM, OR, UT, WA, WY)","High school diploma (Regular 12 year program)","In CBSA, not in central city","NO","3: Mother","NO","NO","NO","NO","YES","0: 0  CONDITION DOES NOT APPLY","ALWAYS WITH RIGHT HAND","ALWAYS WITH RIGHT HAND","ALWAYS WITH RIGHT HAND","ALWAYS WITH RIGHT HAND","ALWAYS WITH LEFT HAND","1: 1  CONDITION APPLIES","1: 1  CONDITION APPLIES","NO","FEMALE","MALE"
1983,64735,1,0,2,33790,6,182,1,1,2,3,2,3,2,2,2,2,2,4,3,8,1,1,30,20,"Male","Hispanic","North Central (IL, IN, IA, KS, MI, MN, MO, NE, OH, ND, SD, WI)","None","In CBSA, in central city","NO","3: Mother","NO","NO","NO","NO","YES","1: 1  CONDITION APPLIES","ALWAYS WITH RIGHT HAND","ALWAYS WITH RIGHT HAND","ALWAYS WITH RIGHT HAND","ALWAYS WITH RIGHT HAND","ALWAYS WITH LEFT HAND","1: 1  CONDITION APPLIES","1: 1  CONDITION APPLIES","NO","FEMALE","MALE"
1980,147000,1,1,1,33790,5,183,1,1,3,3,1,4,2,2,2,2,2,4,1,6,1,1,32,18,"Female","Non-Black / Non-Hispanic","North Central (IL, IN, IA, KS, MI, MN, MO, NE, OH, ND, SD, WI)","Associate/Junior college (AA)","In CBSA, not in central city","NO","3: Mother","YES","NO","NO","NO","YES","0: 0  CONDITION DOES NOT APPLY","ALWAYS WITH RIGHT HAND","ALWAYS WITH RIGHT HAND","ALWAYS WITH RIGHT HAND","ALWAYS WITH RIGHT HAND","ALWAYS WITH LEFT HAND","0: 0  CONDITION DOES NOT APPLY","1: 1  CONDITION APPLIES","NO","MALE","MALE"
1983,64735,3,1,8,33790,5,183,1,1,1,4,2,2,1,2,1,2,1,4,2,8,1,1,28,23,"Male","Hispanic","South (AL, AR, DE, DC, FL, GA, KY, LA, MD, MS, NC, OK, SC, TN , TX, VA, WV)","Associate/Junior college (AA)","In CBSA, in central city","YES","3: Mother","NO","NO","NO","NO","YES","0: 0  CONDITION DOES NOT APPLY","ALWAYS WITH RIGHT HAND","ALWAYS WITH RIGHT HAND","ALWAYS WITH RIGHT HAND","ALWAYS WITH RIGHT HAND","ALWAYS WITH RIGHT HAND","1: 1  CONDITION APPLIES","0: 0  CONDITION DOES NOT APPLY","NO","FEMALE","MALE"
1980,64735,3,1,2,33790,5,184,2,1,1,5,2,4,2,2,1,2,1,6,3,7,1,1,26,22,"Male","Hispanic","Northeast (CT, ME, MA, NH, NJ, NY, PA, RI, VT)","Associate/Junior college (AA)","In CBSA, in central city","NO","3: Mother","NO","NO","NO","NO","YES","0: 0  CONDITION DOES NOT APPLY","DON'T DO THIS ACTIVITY","DON'T DO THIS ACTIVITY","ALWAYS WITH RIGHT HAND","ALWAYS WITH RIGHT HAND","ALWAYS WITH LEFT HAND","1: 1  CONDITION APPLIES","1: 1  CONDITION APPLIES","NO","MALE","MALE"
1981,64735,2,1,3,33790,5,183,1,1,3,3,4,2,2,2,1,2,1,3,3,7,1,1,31,22,"Male","Non-Black / Non-Hispanic","North Central (IL, IN, IA, KS, MI, MN, MO, NE, OH, ND, SD, WI)","High school diploma (Regular 12 year program)","In CBSA, not in central city","NO","3: Mother","NO","NO","NO","NO","YES","0: 0  CONDITION DOES NOT APPLY","ALWAYS WITH RIGHT HAND","ALWAYS WITH RIGHT HAND","ALWAYS WITH RIGHT HAND","ALWAYS WITH RIGHT HAND","ALWAYS WITH LEFT HAND","1: 1  CONDITION APPLIES","1: 1  CONDITION APPLIES","NO","FEMALE","MALE"
1984,64735,2,1,1,33790,5,183,2,1,3,3,4,2,2,2,1,2,1,6,3,5,1,1,33,23,"Male","Non-Black / Non-Hispanic","North Central (IL, IN, IA, KS, MI, MN, MO, NE, OH, ND, SD, WI)","High school diploma (Regular 12 year program)","In CBSA, not in central city","NO","3: Mother","NO","YES","NO","NO","YES","0: 0  CONDITION DOES NOT APPLY","ALWAYS WITH RIGHT HAND","ALWAYS WITH RIGHT HAND","ALWAYS WITH RIGHT HAND","ALWAYS WITH RIGHT HAND","ALWAYS WITH LEFT HAND","1: 1  CONDITION APPLIES","1: 1  CONDITION APPLIES","NO","FEMALE","MALE"
1980,64735,3,0,1,33790,5,182,2,2,1,4,3,5,2,2,1,2,1,6,2,7,1,1,34,22,"Male","Non-Black / Non-Hispanic","North Central (IL, IN, IA, KS, MI, MN, MO, NE, OH, ND, SD, WI)","Master's degree (MA, MS)","In CBSA, not in central city","YES","3: Mother","YES","NO","NO","NO","YES","0: 0  CONDITION DOES NOT APPLY","ALWAYS WITH RIGHT HAND","ALWAYS WITH LEFT HAND","ALWAYS WITH LEFT HAND","ALWAYS WITH LEFT HAND","ALWAYS WITH RIGHT HAND","1: 1  CONDITION APPLIES","1: 1  CONDITION APPLIES","NO","MALE","MALE"
1983,64735,1,0,1,33790,6,185,1,3,3,4,3,6,2,2,1,2,1,9,2,5,1,1,36,24,"Male","Black","South (AL, AR, DE, DC, FL, GA, KY, LA, MD, MS, NC, OK, SC, TN , TX, VA, WV)","High school diploma (Regular 12 year program)","In CBSA, not in central city","YES","3: Mother","YES","YES","NO","NO","YES","0: 0  CONDITION DOES NOT APPLY","ALWAYS WITH RIGHT HAND","ALWAYS WITH RIGHT HAND","ALWAYS WITH RIGHT HAND","ALWAYS WITH RIGHT HAND","ALWAYS WITH LEFT HAND","0: 0  CONDITION DOES NOT APPLY","1: 1  CONDITION APPLIES","NO","FEMALE","FEMALE"
1980,64735,3,0,2,33790,5,182,2,1,2,1,4,3,2,2,1,2,2,6,3,6,1,1,31,24,"Male","Non-Black / Non-Hispanic","North Central (IL, IN, IA, KS, MI, MN, MO, NE, OH, ND, SD, WI)","Master's degree (MA, MS)","In CBSA, not in central city","NO","3: Mother","YES","NO","NO","NO","YES","0: 0  CONDITION DOES NOT APPLY","ALWAYS WITH RIGHT HAND","ALWAYS WITH RIGHT HAND","ALWAYS WITH RIGHT HAND","ALWAYS WITH RIGHT HAND","ALWAYS WITH LEFT HAND","1: 1  CONDITION APPLIES","1: 1  CONDITION APPLIES","NO","FEMALE","FEMALE"
1981,64735,3,0,1,33790,6,182,2,1,3,4,2,4,2,2,1,2,1,6,3,7,1,1,33,21,"Female","Non-Black / Non-Hispanic","West (AK, AZ, CA, CO, HI, ID, MT, NV, NM, OR, UT, WA, WY)","Bachelor's degree (BA, BS)","In CBSA, in central city","NO","3: Mother","NO","NO","NO","NO","YES","0: 0  CONDITION DOES NOT APPLY","ALWAYS WITH RIGHT HAND","ALWAYS WITH RIGHT HAND","ALWAYS WITH RIGHT HAND","ALWAYS WITH RIGHT HAND","ALWAYS WITH RIGHT HAND","1: 1  CONDITION APPLIES","1: 1  CONDITION APPLIES","NO","FEMALE","FEMALE"
1980,49000,3,0,3,33790,5,184,1,1,2,4,3,3,2,2,1,2,1,6,1,6,1,1,25,20,"Male","Non-Black / Non-Hispanic","Northeast (CT, ME, MA, NH, NJ, NY, PA, RI, VT)","Associate/Junior college (AA)","Not in CBSA","NO","3: Mother","YES","NO","NO","NO","YES","0: 0  CONDITION DOES NOT APPLY","ALWAYS WITH RIGHT HAND","ALWAYS WITH RIGHT HAND","ALWAYS WITH RIGHT HAND","ALWAYS WITH RIGHT HAND","ALWAYS WITH LEFT HAND","1: 1  CONDITION APPLIES","1: 1  CONDITION APPLIES","NO","FEMALE","FEMALE"
1984,64735,4,1,1,33790,5,200,1,1,4,5,2,1,2,2,1,2,1,7,3,5,1,1,26,4,"Male","Non-Black / Non-Hispanic","West (AK, AZ, CA, CO, HI, ID, MT, NV, NM, OR, UT, WA, WY)","Bachelor's degree (BA, BS)","In CBSA, not in central city","NO","3: Mother","NO","NO","NO","NO","YES","0: 0  CONDITION DOES NOT APPLY","ALWAYS WITH RIGHT HAND","ALWAYS WITH RIGHT HAND","ALWAYS WITH RIGHT HAND","ALWAYS WITH RIGHT HAND","DON'T DO THIS ACTIVITY","1: 1  CONDITION APPLIES","1: 1  CONDITION APPLIES","NO","MALE","MALE"
1980,64735,2,2,3,33790,5,184,1,1,4,3,2,2,2,2,2,2,1,5,1,7,1,1,30,4,"Male","Non-Black / Non-Hispanic","North Central (IL, IN, IA, KS, MI, MN, MO, NE, OH, ND, SD, WI)","Bachelor's degree (BA, BS)","In CBSA, not in central city","NO","3: Mother","YES","NO","NO","NO","YES","0: 0  CONDITION DOES NOT APPLY","ALWAYS WITH RIGHT HAND","ALWAYS WITH RIGHT HAND","ALWAYS WITH RIGHT HAND","ALWAYS WITH RIGHT HAND","USUALLY WITH BOTH HANDS EQUALLY","1: 1  CONDITION APPLIES","1: 1  CONDITION APPLIES","NO","MALE","FEMALE"
1981,64735,4,0,6,33790,5,181,1,1,2,3,3,4,2,2,1,1,1,3,4,7,1,1,33,20,"Female","Non-Black / Non-Hispanic","West (AK, AZ, CA, CO, HI, ID, MT, NV, NM, OR, UT, WA, WY)","None","In CBSA, not in central city","NO","3: Mother","NO","YES","NO","NO","YES","0: 0  CONDITION DOES NOT APPLY","ALWAYS WITH RIGHT HAND","ALWAYS WITH RIGHT HAND","ALWAYS WITH RIGHT HAND","ALWAYS WITH RIGHT HAND","ALWAYS WITH LEFT HAND","0: 0  CONDITION DOES NOT APPLY","1: 1  CONDITION APPLIES","NO","MALE","FEMALE"
1982,64735,4,1,1,35300,6,187,1,1,3,4,2,3,1,2,1,2,1,6,2,5,1,1,30,21,"Male","Non-Black / Non-Hispanic","South (AL, AR, DE, DC, FL, GA, KY, LA, MD, MS, NC, OK, SC, TN , TX, VA, WV)","Bachelor's degree (BA, BS)","In CBSA, not in central city","YES","3: Mother","NO","NO","YES","NO","YES","0: 0  CONDITION DOES NOT APPLY","ALWAYS WITH RIGHT HAND","ALWAYS WITH RIGHT HAND","ALWAYS WITH RIGHT HAND","USUALLY WITH RIGHT HAND","ALWAYS WITH LEFT HAND","1: 1  CONDITION APPLIES","1: 1  CONDITION APPLIES","NO","FEMALE","FEMALE"
1987,64735,1,0,1,33790,5,182,1,2,1,5,4,1,1,2,1,2,1,3,3,7,1,1,32,21,"Female","Black","North Central (IL, IN, IA, KS, MI, MN, MO, NE, OH, ND, SD, WI)","None","In CBSA, not in central city","NO","3: Mother","NO","YES","NO","NO","YES","0: 0  CONDITION DOES NOT APPLY","ALWAYS WITH RIGHT HAND","ALWAYS WITH RIGHT HAND","ALWAYS WITH RIGHT HAND","ALWAYS WITH RIGHT HAND","ALWAYS WITH LEFT HAND","1: 1  CONDITION APPLIES","1: 1  CONDITION APPLIES","NO","MALE","MALE"
1981,64735,2,0,5,33790,6,190,2,1,3,5,2,2,2,2,1,2,1,4,2,5,1,1,32,19,"Male","Non-Black / Non-Hispanic","North Central (IL, IN, IA, KS, MI, MN, MO, NE, OH, ND, SD, WI)","High school diploma (Regular 12 year program)","In CBSA, not in central city","NO","3: Mother","YES","NO","NO","NO","YES","0: 0  CONDITION DOES NOT APPLY","ALWAYS WITH LEFT HAND","ALWAYS WITH RIGHT HAND","ALWAYS WITH LEFT HAND","ALWAYS WITH LEFT HAND","ALWAYS WITH RIGHT HAND","1: 1  CONDITION APPLIES","1: 1  CONDITION APPLIES","NO","FEMALE","FEMALE"
1982,64735,2,0,3,33790,5,184,1,2,5,3,4,6,2,2,1,2,2,6,4,7,1,3,35,28,"Male","Non-Black / Non-Hispanic","North Central (IL, IN, IA, KS, MI, MN, MO, NE, OH, ND, SD, WI)","Bachelor's degree (BA, BS)","In CBSA, not in central city","NO","3: Mother","NO","NO","NO","NO","YES","0: 0  CONDITION DOES NOT APPLY","ALWAYS WITH RIGHT HAND","ALWAYS WITH RIGHT HAND","ALWAYS WITH RIGHT HAND","ALWAYS WITH RIGHT HAND","ALWAYS WITH LEFT HAND","1: 1  CONDITION APPLIES","0: 0  CONDITION DOES NOT APPLY","NO","FEMALE","MALE"
1983,64735,2,0,1,33790,5,183,1,2,6,5,1,2,1,2,2,1,2,2,3,7,1,1,33,20,"Male","Non-Black / Non-Hispanic","South (AL, AR, DE, DC, FL, GA, KY, LA, MD, MS, NC, OK, SC, TN , TX, VA, WV)","High school diploma (Regular 12 year program)","In CBSA, not in central city","NO","3: Mother","YES","NO","YES","NO","NO","0: 0  CONDITION DOES NOT APPLY","ALWAYS WITH RIGHT HAND","ALWAYS WITH RIGHT HAND","ALWAYS WITH RIGHT HAND","ALWAYS WITH LEFT HAND","ALWAYS WITH LEFT HAND","1: 1  CONDITION APPLIES","1: 1  CONDITION APPLIES","NO","FEMALE","MALE"
1985,64735,4,0,1,33790,5,182,2,1,3,4,4,4,2,2,1,2,1,5,2,8,1,1,32,20,"Female","Non-Black / Non-Hispanic","North Central (IL, IN, IA, KS, MI, MN, MO, NE, OH, ND, SD, WI)","Bachelor's degree (BA, BS)","In CBSA, not in central city","NO","3: Mother","YES","NO","YES","NO","YES","0: 0  CONDITION DOES NOT APPLY","ALWAYS WITH RIGHT HAND","ALWAYS WITH RIGHT HAND","ALWAYS WITH RIGHT HAND","ALWAYS WITH RIGHT HAND","ALWAYS WITH LEFT HAND","0: 0  CONDITION DOES NOT APPLY","1: 1  CONDITION APPLIES","NO","MALE","MALE"
1982,80750,2,0,1,80000,5,182,2,1,3,2,10,2,1,2,2,2,1,7,1,8,1,1,32,23,"Female","Non-Black / Non-Hispanic","South (AL, AR, DE, DC, FL, GA, KY, LA, MD, MS, NC, OK, SC, TN , TX, VA, WV)","Bachelor's degree (BA, BS)","In CBSA, not in central city","NO","3: Mother","NO","NO","NO","NO","YES","0: 0  CONDITION DOES NOT APPLY","ALWAYS WITH RIGHT HAND","ALWAYS WITH RIGHT HAND","ALWAYS WITH RIGHT HAND","ALWAYS WITH RIGHT HAND","ALWAYS WITH LEFT HAND","1: 1  CONDITION APPLIES","1: 1  CONDITION APPLIES","NO","FEMALE","FEMALE"
1982,64735,3,0,2,33790,5,179,1,1,3,3,4,4,2,1,1,2,1,6,2,6,1,1,30,21,"Female","Non-Black / Non-Hispanic","North Central (IL, IN, IA, KS, MI, MN, MO, NE, OH, ND, SD, WI)","Master's degree (MA, MS)","In CBSA, in central city","NO","3: Mother","NO","NO","NO","NO","YES","0: 0  CONDITION DOES NOT APPLY","DON'T DO THIS ACTIVITY","ALWAYS WITH RIGHT HAND","ALWAYS WITH RIGHT HAND","ALWAYS WITH RIGHT HAND","ALWAYS WITH LEFT HAND","1: 1  CONDITION APPLIES","1: 1  CONDITION APPLIES","NO","MALE","MALE"
1982,64735,3,0,2,33790,5,181,1,1,2,2,2,2,2,2,2,2,1,6,2,6,1,1,28,3,"Male","Non-Black / Non-Hispanic","North Central (IL, IN, IA, KS, MI, MN, MO, NE, OH, ND, SD, WI)","GED","In CBSA, not in central city","YES","3: Mother","YES","NO","NO","NO","YES","0: 0  CONDITION DOES NOT APPLY","ALWAYS WITH RIGHT HAND","ALWAYS WITH RIGHT HAND","ALWAYS WITH RIGHT HAND","ALWAYS WITH RIGHT HAND","ALWAYS WITH LEFT HAND","1: 1  CONDITION APPLIES","1: 1  CONDITION APPLIES","NO","FEMALE","FEMALE"
1984,64735,3,0,1,33790,6,184,1,2,4,3,1,3,2,2,1,2,2,3,1,6,2,5,32,24,"Female","Non-Black / Non-Hispanic","North Central (IL, IN, IA, KS, MI, MN, MO, NE, OH, ND, SD, WI)","High school diploma (Regular 12 year program)","In CBSA, not in central city","NO","3: Mother","YES","NO","NO","NO","YES","0: 0  CONDITION DOES NOT APPLY","ALWAYS WITH RIGHT HAND","ALWAYS WITH RIGHT HAND","ALWAYS WITH RIGHT HAND","ALWAYS WITH RIGHT HAND","ALWAYS WITH LEFT HAND","1: 1  CONDITION APPLIES","1: 1  CONDITION APPLIES","NO","FEMALE","MALE"
1981,64735,5,1,3,45000,5,150,1,3,3,3,4,4,2,2,2,2,1,2,2,5,1,1,32,14,"Female","Non-Black / Non-Hispanic","North Central (IL, IN, IA, KS, MI, MN, MO, NE, OH, ND, SD, WI)","Bachelor's degree (BA, BS)","In CBSA, not in central city","NO","3: Mother","YES","NO","NO","NO","YES","0: 0  CONDITION DOES NOT APPLY","ALWAYS WITH RIGHT HAND","ALWAYS WITH RIGHT HAND","USUALLY WITH RIGHT HAND","ALWAYS WITH RIGHT HAND","ALWAYS WITH LEFT HAND","1: 1  CONDITION APPLIES","1: 1  CONDITION APPLIES","NO","MALE","FEMALE"
1980,64735,2,0,1,50000,6,183,1,1,4,2,4,3,2,2,2,2,1,6,2,5,1,1,32,20,"Male","Non-Black / Non-Hispanic","South (AL, AR, DE, DC, FL, GA, KY, LA, MD, MS, NC, OK, SC, TN , TX, VA, WV)","Bachelor's degree (BA, BS)","In CBSA, not in central city","NO","3: Mother","YES","NO","NO","NO","YES","0: 0  CONDITION DOES NOT APPLY","ALWAYS WITH RIGHT HAND","ALWAYS WITH RIGHT HAND","ALWAYS WITH RIGHT HAND","ALWAYS WITH RIGHT HAND","ALWAYS WITH LEFT HAND","1: 1  CONDITION APPLIES","1: 1  CONDITION APPLIES","NO","FEMALE","MALE"
1982,64735,3,1,2,33790,6,195,1,1,2,1,2,1,2,2,1,1,1,3,4,6,1,1,33,20,"Male","Non-Black / Non-Hispanic","South (AL, AR, DE, DC, FL, GA, KY, LA, MD, MS, NC, OK, SC, TN , TX, VA, WV)","High school diploma (Regular 12 year program)","In CBSA, not in central city","NO","3: Mother","YES","NO","NO","NO","YES","0: 0  CONDITION DOES NOT APPLY","ALWAYS WITH RIGHT HAND","ALWAYS WITH RIGHT HAND","ALWAYS WITH RIGHT HAND","ALWAYS WITH RIGHT HAND","ALWAYS WITH LEFT HAND","0: 0  CONDITION DOES NOT APPLY","1: 1  CONDITION APPLIES","NO","FEMALE","FEMALE"
1982,105750,3,0,1,33790,5,200,1,2,7,3,3,3,2,2,1,2,1,3,3,7,1,1,33,20,"Female","Non-Black / Non-Hispanic","South (AL, AR, DE, DC, FL, GA, KY, LA, MD, MS, NC, OK, SC, TN , TX, VA, WV)","Associate/Junior college (AA)","In CBSA, in central city","YES","3: Mother","NO","NO","NO","NO","YES","0: 0  CONDITION DOES NOT APPLY","ALWAYS WITH LEFT HAND","ALWAYS WITH LEFT HAND","ALWAYS WITH LEFT HAND","ALWAYS WITH LEFT HAND","ALWAYS WITH LEFT HAND","1: 1  CONDITION APPLIES","1: 1  CONDITION APPLIES","NO","MALE","MALE"
1983,64735,4,0,3,33790,5,184,1,1,3,3,2,3,1,2,2,2,1,3,2,7,1,1,33,21,"Male","Hispanic","West (AK, AZ, CA, CO, HI, ID, MT, NV, NM, OR, UT, WA, WY)","Bachelor's degree (BA, BS)","In CBSA, not in central city","NO","3: Mother","YES","NO","YES","NO","YES","0: 0  CONDITION DOES NOT APPLY","ALWAYS WITH RIGHT HAND","ALWAYS WITH RIGHT HAND","ALWAYS WITH RIGHT HAND","ALWAYS WITH RIGHT HAND","ALWAYS WITH LEFT HAND","1: 1  CONDITION APPLIES","1: 1  CONDITION APPLIES","NO","FEMALE","MALE"
1983,64735,4,0,2,33790,5,181,1,1,4,4,2,4,2,2,2,2,1,7,1,9,1,1,46,70,"Male","Non-Black / Non-Hispanic","North Central (IL, IN, IA, KS, MI, MN, MO, NE, OH, ND, SD, WI)","High school diploma (Regular 12 year program)","In CBSA, not in central city","YES","3: Mother","YES","NO","NO","NO","YES","0: 0  CONDITION DOES NOT APPLY","ALWAYS WITH RIGHT HAND","ALWAYS WITH RIGHT HAND","ALWAYS WITH RIGHT HAND","ALWAYS WITH RIGHT HAND","ALWAYS WITH LEFT HAND","1: 1  CONDITION APPLIES","1: 1  CONDITION APPLIES","NO","FEMALE","MALE"
1984,64735,3,1,2,33790,5,180,1,1,3,4,1,3,2,2,1,2,1,5,2,8,1,1,31,20,"Female","Non-Black / Non-Hispanic","Northeast (CT, ME, MA, NH, NJ, NY, PA, RI, VT)","Bachelor's degree (BA, BS)","In CBSA, not in central city","NO","3: Mother","YES","NO","NO","NO","YES","0: 0  CONDITION DOES NOT APPLY","USUALLY WITH RIGHT HAND","ALWAYS WITH RIGHT HAND","ALWAYS WITH RIGHT HAND","ALWAYS WITH RIGHT HAND","ALWAYS WITH LEFT HAND","0: 0  CONDITION DOES NOT APPLY","1: 1  CONDITION APPLIES","NO","FEMALE","FEMALE"
1985,64735,1,1,1,20000,5,185,1,2,2,2,2,2,2,2,1,2,2,4,6,6,1,4,34,20,"Male","Non-Black / Non-Hispanic","North Central (IL, IN, IA, KS, MI, MN, MO, NE, OH, ND, SD, WI)","High school diploma (Regular 12 year program)","In CBSA, not in central city","NO","3: Mother","YES","NO","NO","YES","NO","0: 0  CONDITION DOES NOT APPLY","ALWAYS WITH RIGHT HAND","ALWAYS WITH RIGHT HAND","ALWAYS WITH RIGHT HAND","ALWAYS WITH RIGHT HAND","DON'T DO THIS ACTIVITY","1: 1  CONDITION APPLIES","1: 1  CONDITION APPLIES","NO","FEMALE","FEMALE"
1980,64735,2,1,1,44200,5,183,1,1,3,5,3,3,2,2,2,2,1,6,2,6,1,1,32,22,"Female","Non-Black / Non-Hispanic","South (AL, AR, DE, DC, FL, GA, KY, LA, MD, MS, NC, OK, SC, TN , TX, VA, WV)","Bachelor's degree (BA, BS)","In CBSA, not in central city","NO","3: Mother","YES","NO","NO","NO","YES","0: 0  CONDITION DOES NOT APPLY","ALWAYS WITH RIGHT HAND","ALWAYS WITH RIGHT HAND","ALWAYS WITH RIGHT HAND","ALWAYS WITH RIGHT HAND","ALWAYS WITH LEFT HAND","1: 1  CONDITION APPLIES","1: 1  CONDITION APPLIES","NO","MALE","MALE"
1982,64735,1,0,2,33790,5,183,1,1,3,4,2,4,2,2,1,2,1,3,3,7,1,1,31,21,"Female","Black","Northeast (CT, ME, MA, NH, NJ, NY, PA, RI, VT)","Bachelor's degree (BA, BS)","In CBSA, in central city","NO","3: Mother","YES","NO","NO","NO","YES","0: 0  CONDITION DOES NOT APPLY","ALWAYS WITH RIGHT HAND","ALWAYS WITH RIGHT HAND","ALWAYS WITH RIGHT HAND","ALWAYS WITH RIGHT HAND","ALWAYS WITH LEFT HAND","1: 1  CONDITION APPLIES","1: 1  CONDITION APPLIES","NO","FEMALE","MALE"
1984,64735,4,1,5,33790,5,182,1,2,1,4,4,4,2,1,2,2,2,3,4,8,1,1,28,2,"Male","Non-Black / Non-Hispanic","South (AL, AR, DE, DC, FL, GA, KY, LA, MD, MS, NC, OK, SC, TN , TX, VA, WV)","Bachelor's degree (BA, BS)","In CBSA, in central city","NO","3: Mother","YES","NO","NO","NO","YES","0: 0  CONDITION DOES NOT APPLY","ALWAYS WITH RIGHT HAND","ALWAYS WITH RIGHT HAND","ALWAYS WITH RIGHT HAND","ALWAYS WITH RIGHT HAND","ALWAYS WITH RIGHT HAND","1: 1  CONDITION APPLIES","1: 1  CONDITION APPLIES","NO","FEMALE","MALE"
1983,64735,4,0,3,700,5,184,1,1,4,3,2,4,2,2,1,2,1,7,3,6,1,1,31,21,"Female","Non-Black / Non-Hispanic","South (AL, AR, DE, DC, FL, GA, KY, LA, MD, MS, NC, OK, SC, TN , TX, VA, WV)","High school diploma (Regular 12 year program)","In CBSA, not in central city","NO","3: Mother","YES","NO","NO","NO","YES","0: 0  CONDITION DOES NOT APPLY","ALWAYS WITH RIGHT HAND","ALWAYS WITH RIGHT HAND","ALWAYS WITH RIGHT HAND","ALWAYS WITH RIGHT HAND","ALWAYS WITH LEFT HAND","1: 1  CONDITION APPLIES","1: 1  CONDITION APPLIES","NO","FEMALE","FEMALE"
1982,64735,3,0,1,33790,5,181,1,1,3,4,1,5,2,1,1,1,1,5,5,7,6,6,33,23,"Male","Non-Black / Non-Hispanic","North Central (IL, IN, IA, KS, MI, MN, MO, NE, OH, ND, SD, WI)","Master's degree (MA, MS)","In CBSA, not in central city","YES","3: Mother","YES","NO","NO","NO","NO","0: 0  CONDITION DOES NOT APPLY","ALWAYS WITH RIGHT HAND","ALWAYS WITH RIGHT HAND","ALWAYS WITH RIGHT HAND","ALWAYS WITH RIGHT HAND","ALWAYS WITH LEFT HAND","1: 1  CONDITION APPLIES","1: 1  CONDITION APPLIES","NO","FEMALE","MALE"
1983,25250,2,0,1,25000,4,170,2,2,2,5,3,3,2,2,1,2,2,5,1,10,1,1,21,20,"Female","Non-Black / Non-Hispanic","North Central (IL, IN, IA, KS, MI, MN, MO, NE, OH, ND, SD, WI)","GED","In CBSA, not in central city","NO","3: Mother","YES","YES","NO","NO","YES","0: 0  CONDITION DOES NOT APPLY","ALWAYS WITH RIGHT HAND","DON'T DO THIS ACTIVITY","USUALLY WITH LEFT HAND","ALWAYS WITH RIGHT HAND","ALWAYS WITH RIGHT HAND","1: 1  CONDITION APPLIES","0: 0  CONDITION DOES NOT APPLY","YES","MALE","MALE"
1983,10750,4,1,3,33790,5,182,1,1,3,3,1,1,2,2,2,2,1,1,3,4,1,1,26,18,"Female","Non-Black / Non-Hispanic","South (AL, AR, DE, DC, FL, GA, KY, LA, MD, MS, NC, OK, SC, TN , TX, VA, WV)","GED","In CBSA, in central city","NO","3: Mother","NO","YES","NO","NO","NO","0: 0  CONDITION DOES NOT APPLY","ALWAYS WITH RIGHT HAND","USUALLY WITH BOTH HANDS EQUALLY","ALWAYS WITH RIGHT HAND","ALWAYS WITH RIGHT HAND","DON'T DO THIS ACTIVITY","1: 1  CONDITION APPLIES","1: 1  CONDITION APPLIES","YES","MALE","MALE"
1984,64735,5,1,4,33790,5,184,1,3,4,4,2,3,2,2,2,2,2,2,6,6,1,5,32,20,"Male","Black","West (AK, AZ, CA, CO, HI, ID, MT, NV, NM, OR, UT, WA, WY)","High school diploma (Regular 12 year program)","In CBSA, not in central city","NO","3: Mother","NO","NO","NO","YES","YES","0: 0  CONDITION DOES NOT APPLY","ALWAYS WITH RIGHT HAND","ALWAYS WITH RIGHT HAND","ALWAYS WITH RIGHT HAND","ALWAYS WITH RIGHT HAND","ALWAYS WITH LEFT HAND","1: 1  CONDITION APPLIES","1: 1  CONDITION APPLIES","NO","FEMALE","FEMALE"
1985,64735,2,0,1,33790,5,233,1,1,2,4,2,5,2,2,2,1,1,6,2,6,1,1,30,26,"Male","Hispanic","West (AK, AZ, CA, CO, HI, ID, MT, NV, NM, OR, UT, WA, WY)","Associate/Junior college (AA)","In CBSA, in central city","NO","3: Mother","NO","YES","NO","NO","YES","0: 0  CONDITION DOES NOT APPLY","ALWAYS WITH RIGHT HAND","ALWAYS WITH RIGHT HAND","ALWAYS WITH RIGHT HAND","ALWAYS WITH RIGHT HAND","ALWAYS WITH LEFT HAND","1: 1  CONDITION APPLIES","1: 1  CONDITION APPLIES","NO","FEMALE","MALE"
1984,64735,2,0,3,34700,6,213,1,1,1,6,2,2,2,3,1,2,1,6,3,4,1,1,34,24,"Male","Black","North Central (IL, IN, IA, KS, MI, MN, MO, NE, OH, ND, SD, WI)","High school diploma (Regular 12 year program)","In CBSA, not in central city","YES","3: Mother","YES","YES","NO","NO","NO","0: 0  CONDITION DOES NOT APPLY","ALWAYS WITH RIGHT HAND","ALWAYS WITH RIGHT HAND","ALWAYS WITH RIGHT HAND","ALWAYS WITH RIGHT HAND","USUALLY WITH BOTH HANDS EQUALLY","1: 1  CONDITION APPLIES","1: 1  CONDITION APPLIES","NO","FEMALE","MALE"
1981,64735,3,0,3,30000,6,183,1,2,2,2,2,3,2,2,2,2,1,7,1,7,1,1,28,21,"Male","Black","South (AL, AR, DE, DC, FL, GA, KY, LA, MD, MS, NC, OK, SC, TN , TX, VA, WV)","GED","In CBSA, in central city","NO","3: Mother","NO","NO","NO","NO","NO","0: 0  CONDITION DOES NOT APPLY","ALWAYS WITH RIGHT HAND","ALWAYS WITH RIGHT HAND","ALWAYS WITH RIGHT HAND","ALWAYS WITH RIGHT HAND","ALWAYS WITH LEFT HAND","1: 1  CONDITION APPLIES","1: 1  CONDITION APPLIES","NO","MALE","FEMALE"
1985,64735,3,1,2,33790,6,187,1,2,3,4,5,3,2,2,1,2,2,3,3,6,1,1,32,21,"Male","Non-Black / Non-Hispanic","West (AK, AZ, CA, CO, HI, ID, MT, NV, NM, OR, UT, WA, WY)","GED","In CBSA, in central city","NO","3: Mother","YES","NO","YES","NO","YES","0: 0  CONDITION DOES NOT APPLY","ALWAYS WITH RIGHT HAND","ALWAYS WITH RIGHT HAND","ALWAYS WITH RIGHT HAND","ALWAYS WITH RIGHT HAND","ALWAYS WITH LEFT HAND","0: 0  CONDITION DOES NOT APPLY","1: 1  CONDITION APPLIES","NO","FEMALE","FEMALE"
1982,64735,3,0,4,33790,5,184,2,1,5,7,3,2,2,2,2,2,2,6,2,6,1,1,29,22,"Male","Non-Black / Non-Hispanic","West (AK, AZ, CA, CO, HI, ID, MT, NV, NM, OR, UT, WA, WY)","Bachelor's degree (BA, BS)","In CBSA, not in central city","NO","3: Mother","YES","NO","YES","NO","NO","0: 0  CONDITION DOES NOT APPLY","ALWAYS WITH RIGHT HAND","ALWAYS WITH RIGHT HAND","ALWAYS WITH RIGHT HAND","ALWAYS WITH RIGHT HAND","ALWAYS WITH LEFT HAND","1: 1  CONDITION APPLIES","1: 1  CONDITION APPLIES","NO","MALE","MALE"
1981,64735,3,1,1,33790,5,183,1,1,3,4,4,4,2,2,1,1,1,6,2,6,1,2,24,1,"Female","Non-Black / Non-Hispanic","North Central (IL, IN, IA, KS, MI, MN, MO, NE, OH, ND, SD, WI)","High school diploma (Regular 12 year program)","In CBSA, not in central city","NO","3: Mother","NO","NO","NO","NO","YES","0: 0  CONDITION DOES NOT APPLY","ALWAYS WITH RIGHT HAND","ALWAYS WITH RIGHT HAND","ALWAYS WITH RIGHT HAND","ALWAYS WITH RIGHT HAND","ALWAYS WITH LEFT HAND","1: 1  CONDITION APPLIES","1: 1  CONDITION APPLIES","NO","MALE","MALE"
1982,64735,3,1,2,33790,6,150,1,2,3,3,5,5,2,2,2,2,1,6,2,6,1,1,29,21,"Female","Non-Black / Non-Hispanic","North Central (IL, IN, IA, KS, MI, MN, MO, NE, OH, ND, SD, WI)","Bachelor's degree (BA, BS)","In CBSA, in central city","NO","3: Mother","YES","NO","NO","NO","YES","0: 0  CONDITION DOES NOT APPLY","ALWAYS WITH RIGHT HAND","ALWAYS WITH RIGHT HAND","ALWAYS WITH RIGHT HAND","ALWAYS WITH LEFT HAND","ALWAYS WITH LEFT HAND","1: 1  CONDITION APPLIES","1: 1  CONDITION APPLIES","NO","FEMALE","MALE"
1982,64735,4,0,3,33790,5,145,1,1,4,1,3,5,2,2,2,1,1,6,2,6,1,1,31,23,"Male","Non-Black / Non-Hispanic","Northeast (CT, ME, MA, NH, NJ, NY, PA, RI, VT)","High school diploma (Regular 12 year program)","In CBSA, not in central city","NO","3: Mother","YES","NO","NO","NO","YES","0: 0  CONDITION DOES NOT APPLY","ALWAYS WITH RIGHT HAND","USUALLY WITH RIGHT HAND","ALWAYS WITH RIGHT HAND","ALWAYS WITH RIGHT HAND","ALWAYS WITH LEFT HAND","0: 0  CONDITION DOES NOT APPLY","1: 1  CONDITION APPLIES","NO","FEMALE","MALE"
1980,64735,2,1,3,33790,5,181,2,2,3,3,4,6,2,2,2,1,1,7,5,7,1,1,23,1,"Female","Non-Black / Non-Hispanic","North Central (IL, IN, IA, KS, MI, MN, MO, NE, OH, ND, SD, WI)","Bachelor's degree (BA, BS)","In CBSA, in central city","NO","3: Mother","YES","NO","NO","NO","YES","0: 0  CONDITION DOES NOT APPLY","DON'T DO THIS ACTIVITY","USUALLY WITH LEFT HAND","USUALLY WITH BOTH HANDS EQUALLY","ALWAYS WITH LEFT HAND","USUALLY WITH RIGHT HAND","1: 1  CONDITION APPLIES","1: 1  CONDITION APPLIES","NO","FEMALE","MALE"
1982,64735,1,0,1,33790,5,185,2,2,3,4,5,5,2,1,1,2,2,5,1,8,1,1,27,22,"Female","Non-Black / Non-Hispanic","North Central (IL, IN, IA, KS, MI, MN, MO, NE, OH, ND, SD, WI)","Bachelor's degree (BA, BS)","In CBSA, in central city","NO","3: Mother","NO","NO","NO","NO","YES","0: 0  CONDITION DOES NOT APPLY","ALWAYS WITH RIGHT HAND","ALWAYS WITH RIGHT HAND","ALWAYS WITH RIGHT HAND","ALWAYS WITH RIGHT HAND","ALWAYS WITH LEFT HAND","1: 1  CONDITION APPLIES","1: 1  CONDITION APPLIES","NO","MALE","MALE"
1980,64735,3,0,3,33790,5,181,1,1,4,4,6,5,2,2,1,2,1,6,2,6,1,1,26,22,"Female","Non-Black / Non-Hispanic","South (AL, AR, DE, DC, FL, GA, KY, LA, MD, MS, NC, OK, SC, TN , TX, VA, WV)","Master's degree (MA, MS)","In CBSA, not in central city","NO","3: Mother","YES","NO","NO","NO","YES","0: 0  CONDITION DOES NOT APPLY","ALWAYS WITH RIGHT HAND","ALWAYS WITH RIGHT HAND","ALWAYS WITH RIGHT HAND","ALWAYS WITH RIGHT HAND","ALWAYS WITH LEFT HAND","1: 1  CONDITION APPLIES","1: 1  CONDITION APPLIES","NO","MALE","MALE"
1981,64735,4,0,1,33790,5,179,1,1,5,3,4,5,2,2,2,1,1,6,1,4,1,1,30,15,"Female","Non-Black / Non-Hispanic","West (AK, AZ, CA, CO, HI, ID, MT, NV, NM, OR, UT, WA, WY)","Bachelor's degree (BA, BS)","In CBSA, not in central city","NO","3: Mother","YES","NO","YES","NO","YES","0: 0  CONDITION DOES NOT APPLY","ALWAYS WITH RIGHT HAND","USUALLY WITH RIGHT HAND","ALWAYS WITH RIGHT HAND","ALWAYS WITH RIGHT HAND","ALWAYS WITH RIGHT HAND","1: 1  CONDITION APPLIES","1: 1  CONDITION APPLIES","NO","MALE","MALE"
1983,64735,3,1,1,24000,5,260,1,2,5,3,5,3,2,2,1,2,1,4,2,5,1,1,31,19,"Female","Non-Black / Non-Hispanic","Northeast (CT, ME, MA, NH, NJ, NY, PA, RI, VT)","High school diploma (Regular 12 year program)","In CBSA, not in central city","YES","3: Mother","YES","NO","NO","NO","NO","0: 0  CONDITION DOES NOT APPLY","ALWAYS WITH RIGHT HAND","ALWAYS WITH RIGHT HAND","ALWAYS WITH RIGHT HAND","ALWAYS WITH RIGHT HAND","ALWAYS WITH LEFT HAND","1: 1  CONDITION APPLIES","1: 1  CONDITION APPLIES","NO","MALE","FEMALE"
1982,64735,1,0,3,33790,5,183,1,2,1,3,2,2,2,2,1,2,2,5,1,7,1,1,32,25,"Male","Mixed Race (Non-Hispanic)","Northeast (CT, ME, MA, NH, NJ, NY, PA, RI, VT)","High school diploma (Regular 12 year program)","In CBSA, in central city","NO","3: Mother","YES","NO","NO","NO","YES","0: 0  CONDITION DOES NOT APPLY","ALWAYS WITH RIGHT HAND","ALWAYS WITH RIGHT HAND","ALWAYS WITH RIGHT HAND","ALWAYS WITH RIGHT HAND","ALWAYS WITH LEFT HAND","1: 1  CONDITION APPLIES","1: 1  CONDITION APPLIES","NO","FEMALE","MALE"
1982,64735,3,0,4,33790,5,183,1,2,4,3,1,2,2,1,2,2,2,1,2,8,1,1,32,25,"Male","Non-Black / Non-Hispanic","North Central (IL, IN, IA, KS, MI, MN, MO, NE, OH, ND, SD, WI)","None","In CBSA, not in central city","NO","3: Mother","NO","NO","YES","NO","YES","0: 0  CONDITION DOES NOT APPLY","ALWAYS WITH RIGHT HAND","ALWAYS WITH RIGHT HAND","ALWAYS WITH RIGHT HAND","ALWAYS WITH RIGHT HAND","ALWAYS WITH LEFT HAND","1: 1  CONDITION APPLIES","1: 1  CONDITION APPLIES","NO","FEMALE","MALE"
1982,64735,3,0,2,33790,5,184,2,2,3,3,3,4,2,2,1,2,1,3,2,6,1,1,26,20,"Female","Non-Black / Non-Hispanic","West (AK, AZ, CA, CO, HI, ID, MT, NV, NM, OR, UT, WA, WY)","GED","In CBSA, in central city","YES","3: Mother","YES","YES","NO","NO","YES","0: 0  CONDITION DOES NOT APPLY","ALWAYS WITH RIGHT HAND","ALWAYS WITH RIGHT HAND","ALWAYS WITH RIGHT HAND","ALWAYS WITH RIGHT HAND","ALWAYS WITH LEFT HAND","1: 1  CONDITION APPLIES","1: 1  CONDITION APPLIES","NO","MALE","FEMALE"
1984,64735,3,1,1,33790,5,183,1,1,6,5,3,3,2,2,2,2,1,6,3,6,1,1,32,22,"Female","Mixed Race (Non-Hispanic)","Northeast (CT, ME, MA, NH, NJ, NY, PA, RI, VT)","High school diploma (Regular 12 year program)","In CBSA, not in central city","NO","3: Mother","YES","NO","NO","NO","YES","0: 0  CONDITION DOES NOT APPLY","ALWAYS WITH RIGHT HAND","ALWAYS WITH RIGHT HAND","ALWAYS WITH RIGHT HAND","ALWAYS WITH RIGHT HAND","ALWAYS WITH LEFT HAND","1: 1  CONDITION APPLIES","1: 1  CONDITION APPLIES","NO","FEMALE","MALE"
1981,64735,3,1,1,33790,6,184,1,1,4,3,1,2,2,2,1,2,2,1,3,6,1,1,29,21,"Male","Non-Black / Non-Hispanic","North Central (IL, IN, IA, KS, MI, MN, MO, NE, OH, ND, SD, WI)","None","In CBSA, not in central city","NO","3: Mother","YES","YES","NO","NO","NO","0: 0  CONDITION DOES NOT APPLY","ALWAYS WITH RIGHT HAND","ALWAYS WITH RIGHT HAND","ALWAYS WITH RIGHT HAND","ALWAYS WITH RIGHT HAND","ALWAYS WITH RIGHT HAND","1: 1  CONDITION APPLIES","1: 1  CONDITION APPLIES","NO","MALE","FEMALE"
1980,64735,2,0,3,33790,5,183,2,1,3,2,5,4,2,2,1,2,2,5,2,6,1,1,31,25,"Male","Non-Black / Non-Hispanic","North Central (IL, IN, IA, KS, MI, MN, MO, NE, OH, ND, SD, WI)","GED","In CBSA, not in central city","NO","3: Mother","NO","NO","NO","NO","YES","0: 0  CONDITION DOES NOT APPLY","ALWAYS WITH RIGHT HAND","ALWAYS WITH RIGHT HAND","ALWAYS WITH RIGHT HAND","ALWAYS WITH RIGHT HAND","ALWAYS WITH LEFT HAND","1: 1  CONDITION APPLIES","1: 1  CONDITION APPLIES","NO","FEMALE","MALE"
1982,64735,1,1,3,40000,5,179,2,1,5,2,4,4,2,2,2,2,2,9,1,6,1,1,27,24,"Male","Non-Black / Non-Hispanic","West (AK, AZ, CA, CO, HI, ID, MT, NV, NM, OR, UT, WA, WY)","Bachelor's degree (BA, BS)","Not in country","NO","3: Mother","YES","NO","NO","NO","YES","0: 0  CONDITION DOES NOT APPLY","ALWAYS WITH RIGHT HAND","ALWAYS WITH RIGHT HAND","USUALLY WITH LEFT HAND","USUALLY WITH LEFT HAND","ALWAYS WITH LEFT HAND","1: 1  CONDITION APPLIES","0: 0  CONDITION DOES NOT APPLY","NO","MALE","MALE"
1985,64735,3,1,5,33790,5,184,1,1,2,3,2,1,2,2,2,2,1,7,4,9,1,1,32,20,"Male","Non-Black / Non-Hispanic","North Central (IL, IN, IA, KS, MI, MN, MO, NE, OH, ND, SD, WI)","None","In CBSA, not in central city","NO","3: Mother","NO","YES","NO","NO","YES","0: 0  CONDITION DOES NOT APPLY","ALWAYS WITH RIGHT HAND","ALWAYS WITH RIGHT HAND","ALWAYS WITH RIGHT HAND","ALWAYS WITH RIGHT HAND","ALWAYS WITH LEFT HAND","0: 0  CONDITION DOES NOT APPLY","1: 1  CONDITION APPLIES","NO","MALE","FEMALE"
1983,64735,3,1,2,33790,5,182,2,2,4,4,4,6,2,2,2,2,2,6,4,7,1,1,27,9,"Female","Non-Black / Non-Hispanic","South (AL, AR, DE, DC, FL, GA, KY, LA, MD, MS, NC, OK, SC, TN , TX, VA, WV)","High school diploma (Regular 12 year program)","In CBSA, not in central city","NO","3: Mother","YES","NO","NO","NO","YES","0: 0  CONDITION DOES NOT APPLY","ALWAYS WITH RIGHT HAND","ALWAYS WITH RIGHT HAND","DON'T DO THIS ACTIVITY","ALWAYS WITH RIGHT HAND","ALWAYS WITH LEFT HAND","1: 1  CONDITION APPLIES","1: 1  CONDITION APPLIES","NO","FEMALE","FEMALE"
1982,64735,3,0,1,33790,5,175,1,2,4,4,4,5,1,2,1,2,1,3,2,6,1,1,26,17,"Female","Non-Black / Non-Hispanic","North Central (IL, IN, IA, KS, MI, MN, MO, NE, OH, ND, SD, WI)","High school diploma (Regular 12 year program)","In CBSA, not in central city","NO","3: Mother","YES","NO","NO","NO","YES","0: 0  CONDITION DOES NOT APPLY","ALWAYS WITH RIGHT HAND","ALWAYS WITH RIGHT HAND","ALWAYS WITH RIGHT HAND","ALWAYS WITH RIGHT HAND","ALWAYS WITH LEFT HAND","0: 0  CONDITION DOES NOT APPLY","1: 1  CONDITION APPLIES","NO","MALE","FEMALE"
1982,64735,6,0,2,33790,5,182,1,2,1,3,3,2,2,1,1,1,1,2,2,2,1,1,49,25,"Female","Non-Black / Non-Hispanic","South (AL, AR, DE, DC, FL, GA, KY, LA, MD, MS, NC, OK, SC, TN , TX, VA, WV)","High school diploma (Regular 12 year program)","In CBSA, not in central city","YES","3: Mother","YES","YES","NO","YES","YES","0: 0  CONDITION DOES NOT APPLY","ALWAYS WITH RIGHT HAND","USUALLY WITH BOTH HANDS EQUALLY","ALWAYS WITH RIGHT HAND","USUALLY WITH RIGHT HAND","ALWAYS WITH LEFT HAND","0: 0  CONDITION DOES NOT APPLY","1: 1  CONDITION APPLIES","NO","MALE","MALE"
1984,64735,3,0,2,25000,5,185,1,1,1,4,1,2,2,2,1,2,1,4,6,8,1,1,32,31,"Male","Non-Black / Non-Hispanic","South (AL, AR, DE, DC, FL, GA, KY, LA, MD, MS, NC, OK, SC, TN , TX, VA, WV)","High school diploma (Regular 12 year program)","In CBSA, not in central city","NO","3: Mother","YES","YES","NO","NO","NO","0: 0  CONDITION DOES NOT APPLY","ALWAYS WITH RIGHT HAND","ALWAYS WITH LEFT HAND","ALWAYS WITH RIGHT HAND","ALWAYS WITH LEFT HAND","ALWAYS WITH LEFT HAND","1: 1  CONDITION APPLIES","1: 1  CONDITION APPLIES","NO","FEMALE","MALE"
1983,64735,4,0,2,33790,5,125,2,1,5,2,5,2,2,2,2,2,1,6,2,7,1,1,32,29,"Female","Non-Black / Non-Hispanic","South (AL, AR, DE, DC, FL, GA, KY, LA, MD, MS, NC, OK, SC, TN , TX, VA, WV)","High school diploma (Regular 12 year program)","In CBSA, not in central city","NO","3: Mother","YES","NO","NO","NO","YES","0: 0  CONDITION DOES NOT APPLY","ALWAYS WITH RIGHT HAND","ALWAYS WITH RIGHT HAND","ALWAYS WITH RIGHT HAND","ALWAYS WITH RIGHT HAND","ALWAYS WITH LEFT HAND","1: 1  CONDITION APPLIES","1: 1  CONDITION APPLIES","NO","MALE","FEMALE"
1980,64735,3,1,1,33790,6,189,2,2,3,4,4,3,2,2,2,1,1,4,3,4,1,1,33,14,"Male","Non-Black / Non-Hispanic","North Central (IL, IN, IA, KS, MI, MN, MO, NE, OH, ND, SD, WI)","High school diploma (Regular 12 year program)","In CBSA, not in central city","NO","3: Mother","YES","NO","NO","NO","YES","0: 0  CONDITION DOES NOT APPLY","ALWAYS WITH LEFT HAND","ALWAYS WITH LEFT HAND","DON'T DO THIS ACTIVITY","ALWAYS WITH LEFT HAND","ALWAYS WITH RIGHT HAND","1: 1  CONDITION APPLIES","1: 1  CONDITION APPLIES","NO","FEMALE","MALE"
1981,64735,3,0,2,33790,6,187,2,2,3,3,7,4,2,2,1,2,2,6,4,4,2,1,26,3,"Male","Black","North Central (IL, IN, IA, KS, MI, MN, MO, NE, OH, ND, SD, WI)","Associate/Junior college (AA)","In CBSA, in central city","NO","3: Mother","YES","NO","NO","NO","YES","0: 0  CONDITION DOES NOT APPLY","ALWAYS WITH RIGHT HAND","ALWAYS WITH RIGHT HAND","ALWAYS WITH RIGHT HAND","ALWAYS WITH RIGHT HAND","ALWAYS WITH LEFT HAND","1: 1  CONDITION APPLIES","1: 1  CONDITION APPLIES","NO","FEMALE","MALE"
1984,64735,4,0,3,33790,5,181,1,1,3,4,4,6,2,2,1,2,1,6,1,8,1,1,28,24,"Female","Non-Black / Non-Hispanic","North Central (IL, IN, IA, KS, MI, MN, MO, NE, OH, ND, SD, WI)","GED","In CBSA, in central city","NO","3: Mother","NO","YES","NO","NO","NO","0: 0  CONDITION DOES NOT APPLY","ALWAYS WITH LEFT HAND","ALWAYS WITH RIGHT HAND","ALWAYS WITH RIGHT HAND","ALWAYS WITH LEFT HAND","ALWAYS WITH RIGHT HAND","1: 1  CONDITION APPLIES","1: 1  CONDITION APPLIES","NO","FEMALE","MALE"
1981,144000,4,1,4,92000,5,179,1,1,5,3,5,5,1,2,1,2,1,5,2,6,1,1,25,5,"Female","Non-Black / Non-Hispanic","North Central (IL, IN, IA, KS, MI, MN, MO, NE, OH, ND, SD, WI)","Bachelor's degree (BA, BS)","In CBSA, not in central city","NO","3: Mother","YES","NO","NO","NO","YES","0: 0  CONDITION DOES NOT APPLY","ALWAYS WITH RIGHT HAND","ALWAYS WITH RIGHT HAND","ALWAYS WITH RIGHT HAND","ALWAYS WITH RIGHT HAND","ALWAYS WITH LEFT HAND","1: 1  CONDITION APPLIES","1: 1  CONDITION APPLIES","NO","FEMALE","FEMALE"
1983,64735,4,1,1,33790,5,180,1,2,4,3,2,4,2,2,1,2,1,5,2,7,1,1,31,22,"Male","Non-Black / Non-Hispanic","West (AK, AZ, CA, CO, HI, ID, MT, NV, NM, OR, UT, WA, WY)","High school diploma (Regular 12 year program)","In CBSA, not in central city","NO","3: Mother","YES","NO","NO","NO","YES","0: 0  CONDITION DOES NOT APPLY","ALWAYS WITH RIGHT HAND","ALWAYS WITH RIGHT HAND","DON'T DO THIS ACTIVITY","ALWAYS WITH RIGHT HAND","ALWAYS WITH LEFT HAND","1: 1  CONDITION APPLIES","1: 1  CONDITION APPLIES","NO","FEMALE","FEMALE"
1984,64735,2,0,4,33790,6,182,1,2,3,4,5,5,2,1,2,1,2,7,4,6,1,1,29,19,"Female","Non-Black / Non-Hispanic","North Central (IL, IN, IA, KS, MI, MN, MO, NE, OH, ND, SD, WI)","High school diploma (Regular 12 year program)","In CBSA, in central city","NO","3: Mother","YES","NO","NO","NO","YES","0: 0  CONDITION DOES NOT APPLY","ALWAYS WITH RIGHT HAND","ALWAYS WITH RIGHT HAND","ALWAYS WITH RIGHT HAND","ALWAYS WITH RIGHT HAND","ALWAYS WITH LEFT HAND","1: 1  CONDITION APPLIES","1: 1  CONDITION APPLIES","NO","MALE","MALE"
1981,64735,2,1,1,33790,5,182,2,1,1,4,2,2,2,2,2,2,1,6,1,7,1,1,31,21,"Female","Non-Black / Non-Hispanic","South (AL, AR, DE, DC, FL, GA, KY, LA, MD, MS, NC, OK, SC, TN , TX, VA, WV)","Bachelor's degree (BA, BS)","In CBSA, not in central city","NO","3: Mother","YES","NO","NO","NO","YES","0: 0  CONDITION DOES NOT APPLY","ALWAYS WITH RIGHT HAND","USUALLY WITH BOTH HANDS EQUALLY","DON'T DO THIS ACTIVITY","ALWAYS WITH RIGHT HAND","ALWAYS WITH LEFT HAND","1: 1  CONDITION APPLIES","1: 1  CONDITION APPLIES","NO","FEMALE","FEMALE"
1981,64735,4,0,2,33790,5,184,1,1,3,4,1,6,2,2,2,2,2,5,2,7,1,1,34,27,"Male","Non-Black / Non-Hispanic","South (AL, AR, DE, DC, FL, GA, KY, LA, MD, MS, NC, OK, SC, TN , TX, VA, WV)","High school diploma (Regular 12 year program)","In CBSA, not in central city","NO","3: Mother","YES","NO","NO","NO","YES","0: 0  CONDITION DOES NOT APPLY","ALWAYS WITH RIGHT HAND","ALWAYS WITH RIGHT HAND","ALWAYS WITH RIGHT HAND","ALWAYS WITH RIGHT HAND","ALWAYS WITH LEFT HAND","1: 1  CONDITION APPLIES","1: 1  CONDITION APPLIES","YES","FEMALE","MALE"
1982,64735,3,1,1,33790,5,182,1,1,2,5,4,4,2,2,1,1,1,5,4,5,1,1,33,19,"Female","Non-Black / Non-Hispanic","South (AL, AR, DE, DC, FL, GA, KY, LA, MD, MS, NC, OK, SC, TN , TX, VA, WV)","High school diploma (Regular 12 year program)","Not in CBSA","NO","3: Mother","NO","YES","NO","NO","YES","0: 0  CONDITION DOES NOT APPLY","ALWAYS WITH RIGHT HAND","ALWAYS WITH RIGHT HAND","ALWAYS WITH RIGHT HAND","ALWAYS WITH RIGHT HAND","ALWAYS WITH LEFT HAND","1: 1  CONDITION APPLIES","1: 1  CONDITION APPLIES","NO","MALE","FEMALE"
1980,64735,3,1,3,33790,5,187,2,1,3,5,4,4,2,1,2,1,2,2,3,8,2,1,33,21,"Male","Non-Black / Non-Hispanic","North Central (IL, IN, IA, KS, MI, MN, MO, NE, OH, ND, SD, WI)","High school diploma (Regular 12 year program)","In CBSA, not in central city","NO","3: Mother","NO","YES","NO","NO","YES","0: 0  CONDITION DOES NOT APPLY","ALWAYS WITH RIGHT HAND","USUALLY WITH BOTH HANDS EQUALLY","ALWAYS WITH RIGHT HAND","ALWAYS WITH RIGHT HAND","ALWAYS WITH RIGHT HAND","1: 1  CONDITION APPLIES","1: 1  CONDITION APPLIES","NO","FEMALE","MALE"
1982,64735,5,1,1,27000,6,184,1,1,5,5,3,2,2,2,2,2,1,3,1,7,1,1,33,30,"Male","Non-Black / Non-Hispanic","Northeast (CT, ME, MA, NH, NJ, NY, PA, RI, VT)","High school diploma (Regular 12 year program)","In CBSA, not in central city","NO","3: Mother","NO","NO","NO","NO","NO","0: 0  CONDITION DOES NOT APPLY","ALWAYS WITH RIGHT HAND","ALWAYS WITH RIGHT HAND","ALWAYS WITH RIGHT HAND","ALWAYS WITH RIGHT HAND","ALWAYS WITH LEFT HAND","1: 1  CONDITION APPLIES","1: 1  CONDITION APPLIES","NO","FEMALE","MALE"
1982,64735,4,1,1,33790,5,182,1,1,1,2,2,7,2,2,1,2,1,5,5,8,1,1,31,22,"Male","Non-Black / Non-Hispanic","Northeast (CT, ME, MA, NH, NJ, NY, PA, RI, VT)","Bachelor's degree (BA, BS)","In CBSA, not in central city","NO","3: Mother","NO","NO","NO","NO","YES","0: 0  CONDITION DOES NOT APPLY","ALWAYS WITH RIGHT HAND","ALWAYS WITH RIGHT HAND","ALWAYS WITH RIGHT HAND","ALWAYS WITH RIGHT HAND","ALWAYS WITH LEFT HAND","1: 1  CONDITION APPLIES","1: 1  CONDITION APPLIES","NO","FEMALE","FEMALE"
1982,64735,2,0,1,33790,5,140,1,1,1,3,1,5,2,2,2,2,1,6,3,8,1,1,32,21,"Male","Non-Black / Non-Hispanic","Northeast (CT, ME, MA, NH, NJ, NY, PA, RI, VT)","Master's degree (MA, MS)","In CBSA, in central city","NO","3: Mother","NO","NO","NO","NO","YES","0: 0  CONDITION DOES NOT APPLY","ALWAYS WITH RIGHT HAND","ALWAYS WITH RIGHT HAND","ALWAYS WITH RIGHT HAND","ALWAYS WITH RIGHT HAND","ALWAYS WITH LEFT HAND","1: 1  CONDITION APPLIES","1: 1  CONDITION APPLIES","NO","FEMALE","MALE"
1981,64735,3,0,1,33790,5,115,1,2,3,7,3,4,2,2,1,2,2,4,2,7,1,1,30,20,"Female","Non-Black / Non-Hispanic","North Central (IL, IN, IA, KS, MI, MN, MO, NE, OH, ND, SD, WI)","Bachelor's degree (BA, BS)","Not in CBSA","NO","3: Mother","NO","NO","NO","NO","YES","0: 0  CONDITION DOES NOT APPLY","ALWAYS WITH RIGHT HAND","ALWAYS WITH LEFT HAND","ALWAYS WITH RIGHT HAND","ALWAYS WITH RIGHT HAND","ALWAYS WITH LEFT HAND","0: 0  CONDITION DOES NOT APPLY","0: 0  CONDITION DOES NOT APPLY","NO","MALE","MALE"
1981,64735,2,0,1,33790,5,181,1,1,2,5,3,3,2,2,1,1,1,6,2,5,1,1,38,26,"Male","Non-Black / Non-Hispanic","South (AL, AR, DE, DC, FL, GA, KY, LA, MD, MS, NC, OK, SC, TN , TX, VA, WV)","High school diploma (Regular 12 year program)","In CBSA, in central city","YES","3: Mother","YES","NO","NO","NO","YES","0: 0  CONDITION DOES NOT APPLY","USUALLY WITH RIGHT HAND","USUALLY WITH RIGHT HAND","USUALLY WITH RIGHT HAND","ALWAYS WITH RIGHT HAND","ALWAYS WITH LEFT HAND","1: 1  CONDITION APPLIES","1: 1  CONDITION APPLIES","NO","FEMALE","MALE"
1982,64735,2,0,2,33790,5,183,1,2,5,4,2,3,2,2,2,2,2,7,1,8,1,1,24,7,"Female","Non-Black / Non-Hispanic","North Central (IL, IN, IA, KS, MI, MN, MO, NE, OH, ND, SD, WI)","GED","In CBSA, not in central city","NO","3: Mother","YES","NO","YES","YES","YES","0: 0  CONDITION DOES NOT APPLY","ALWAYS WITH LEFT HAND","ALWAYS WITH LEFT HAND","ALWAYS WITH LEFT HAND","ALWAYS WITH LEFT HAND","ALWAYS WITH LEFT HAND","1: 1  CONDITION APPLIES","1: 1  CONDITION APPLIES","NO","FEMALE","FEMALE"
1984,64735,3,0,5,33790,5,180,1,1,5,3,2,6,1,2,2,1,2,5,5,8,1,1,25,3,"Male","Non-Black / Non-Hispanic","North Central (IL, IN, IA, KS, MI, MN, MO, NE, OH, ND, SD, WI)","Bachelor's degree (BA, BS)","In CBSA, in central city","NO","3: Mother","NO","NO","YES","NO","YES","0: 0  CONDITION DOES NOT APPLY","ALWAYS WITH RIGHT HAND","ALWAYS WITH RIGHT HAND","ALWAYS WITH RIGHT HAND","ALWAYS WITH RIGHT HAND","ALWAYS WITH LEFT HAND","1: 1  CONDITION APPLIES","1: 1  CONDITION APPLIES","NO","FEMALE","FEMALE"
1981,64735,2,0,1,57500,5,182,1,1,4,5,6,3,2,1,2,2,1,6,2,7,1,1,28,21,"Male","Non-Black / Non-Hispanic","West (AK, AZ, CA, CO, HI, ID, MT, NV, NM, OR, UT, WA, WY)","High school diploma (Regular 12 year program)","In CBSA, not in central city","NO","3: Mother","YES","NO","NO","NO","NO","0: 0  CONDITION DOES NOT APPLY","ALWAYS WITH RIGHT HAND","ALWAYS WITH RIGHT HAND","ALWAYS WITH RIGHT HAND","ALWAYS WITH RIGHT HAND","ALWAYS WITH LEFT HAND","1: 1  CONDITION APPLIES","1: 1  CONDITION APPLIES","NO","MALE","MALE"
1980,64735,2,0,2,42000,5,182,1,1,3,2,2,3,2,2,2,2,1,6,3,6,1,1,33,24,"Male","Hispanic","North Central (IL, IN, IA, KS, MI, MN, MO, NE, OH, ND, SD, WI)","None","In CBSA, in central city","NO","3: Mother","NO","YES","NO","NO","NO","0: 0  CONDITION DOES NOT APPLY","ALWAYS WITH RIGHT HAND","ALWAYS WITH RIGHT HAND","ALWAYS WITH RIGHT HAND","ALWAYS WITH RIGHT HAND","ALWAYS WITH LEFT HAND","1: 1  CONDITION APPLIES","1: 1  CONDITION APPLIES","YES","FEMALE","MALE"
1981,64735,4,1,2,33790,6,185,1,1,5,4,1,3,2,2,1,2,1,4,4,8,1,1,28,20,"Female","Non-Black / Non-Hispanic","North Central (IL, IN, IA, KS, MI, MN, MO, NE, OH, ND, SD, WI)","High school diploma (Regular 12 year program)","In CBSA, in central city","NO","3: Mother","YES","NO","NO","NO","NO","0: 0  CONDITION DOES NOT APPLY","ALWAYS WITH LEFT HAND","ALWAYS WITH LEFT HAND","ALWAYS WITH LEFT HAND","ALWAYS WITH LEFT HAND","ALWAYS WITH RIGHT HAND","1: 1  CONDITION APPLIES","1: 1  CONDITION APPLIES","NO","FEMALE","MALE"
1984,102000,4,0,3,33790,5,182,2,2,6,3,1,7,2,2,1,2,2,7,1,7,1,2,32,26,"Female","Black","South (AL, AR, DE, DC, FL, GA, KY, LA, MD, MS, NC, OK, SC, TN , TX, VA, WV)","Bachelor's degree (BA, BS)","In CBSA, not in central city","NO","3: Mother","YES","NO","NO","NO","YES","0: 0  CONDITION DOES NOT APPLY","ALWAYS WITH RIGHT HAND","ALWAYS WITH RIGHT HAND","ALWAYS WITH RIGHT HAND","ALWAYS WITH RIGHT HAND","DON'T DO THIS ACTIVITY","1: 1  CONDITION APPLIES","1: 1  CONDITION APPLIES","NO","MALE","FEMALE"
1981,64735,3,0,2,30000,5,182,2,2,2,4,5,5,2,2,1,1,1,6,3,6,2,3,29,22,"Female","Non-Black / Non-Hispanic","South (AL, AR, DE, DC, FL, GA, KY, LA, MD, MS, NC, OK, SC, TN , TX, VA, WV)","High school diploma (Regular 12 year program)","In CBSA, not in central city","NO","3: Mother","NO","NO","NO","NO","NO","0: 0  CONDITION DOES NOT APPLY","ALWAYS WITH RIGHT HAND","ALWAYS WITH RIGHT HAND","ALWAYS WITH RIGHT HAND","ALWAYS WITH RIGHT HAND","ALWAYS WITH LEFT HAND","1: 1  CONDITION APPLIES","1: 1  CONDITION APPLIES","NO","MALE","MALE"
1983,64735,3,0,1,33790,5,184,1,1,2,8,2,4,2,2,2,2,1,3,4,7,1,1,33,20,"Male","Non-Black / Non-Hispanic","Northeast (CT, ME, MA, NH, NJ, NY, PA, RI, VT)","High school diploma (Regular 12 year program)","In CBSA, not in central city","NO","3: Mother","NO","YES","NO","NO","YES","0: 0  CONDITION DOES NOT APPLY","ALWAYS WITH RIGHT HAND","ALWAYS WITH RIGHT HAND","ALWAYS WITH RIGHT HAND","ALWAYS WITH RIGHT HAND","ALWAYS WITH LEFT HAND","1: 1  CONDITION APPLIES","1: 1  CONDITION APPLIES","NO","FEMALE","MALE"
1980,64735,6,2,1,33790,5,182,2,2,2,4,4,4,2,2,2,2,1,3,2,7,1,1,26,13,"Female","Non-Black / Non-Hispanic","South (AL, AR, DE, DC, FL, GA, KY, LA, MD, MS, NC, OK, SC, TN , TX, VA, WV)","None","In CBSA, in central city","NO","3: Mother","YES","NO","NO","NO","YES","0: 0  CONDITION DOES NOT APPLY","ALWAYS WITH RIGHT HAND","ALWAYS WITH RIGHT HAND","ALWAYS WITH RIGHT HAND","ALWAYS WITH RIGHT HAND","ALWAYS WITH LEFT HAND","0: 0  CONDITION DOES NOT APPLY","1: 1  CONDITION APPLIES","NO","FEMALE","FEMALE"
1981,64735,3,0,2,33790,5,154,2,2,6,3,1,5,2,1,1,1,1,2,3,9,1,1,26,18,"Female","Non-Black / Non-Hispanic","West (AK, AZ, CA, CO, HI, ID, MT, NV, NM, OR, UT, WA, WY)","GED","In CBSA, in central city","NO","3: Mother","NO","NO","NO","NO","NO","0: 0  CONDITION DOES NOT APPLY","ALWAYS WITH RIGHT HAND","ALWAYS WITH LEFT HAND","USUALLY WITH RIGHT HAND","ALWAYS WITH RIGHT HAND","ALWAYS WITH LEFT HAND","1: 1  CONDITION APPLIES","1: 1  CONDITION APPLIES","NO","FEMALE","MALE"
1983,64735,2,0,1,33790,5,184,1,1,3,4,3,5,1,2,1,1,1,6,3,6,1,2,34,26,"Female","Non-Black / Non-Hispanic","West (AK, AZ, CA, CO, HI, ID, MT, NV, NM, OR, UT, WA, WY)","High school diploma (Regular 12 year program)","In CBSA, not in central city","YES","3: Mother","YES","NO","NO","NO","NO","0: 0  CONDITION DOES NOT APPLY","ALWAYS WITH LEFT HAND","USUALLY WITH RIGHT HAND","ALWAYS WITH RIGHT HAND","ALWAYS WITH RIGHT HAND","ALWAYS WITH RIGHT HAND","1: 1  CONDITION APPLIES","1: 1  CONDITION APPLIES","YES","FEMALE","MALE"
1983,64735,2,0,3,33790,6,181,3,3,2,2,6,6,2,2,2,2,2,7,5,7,3,5,39,26,"Male","Black","South (AL, AR, DE, DC, FL, GA, KY, LA, MD, MS, NC, OK, SC, TN , TX, VA, WV)","High school diploma (Regular 12 year program)","In CBSA, in central city","NO","3: Mother","NO","NO","NO","NO","YES","0: 0  CONDITION DOES NOT APPLY","ALWAYS WITH RIGHT HAND","ALWAYS WITH RIGHT HAND","ALWAYS WITH RIGHT HAND","USUALLY WITH BOTH HANDS EQUALLY","ALWAYS WITH LEFT HAND","1: 1  CONDITION APPLIES","1: 1  CONDITION APPLIES","NO","MALE","FEMALE"
1985,30556,3,1,3,28000,5,181,1,1,4,4,2,2,1,2,1,2,1,6,2,5,1,1,32,19,"Female","Hispanic","North Central (IL, IN, IA, KS, MI, MN, MO, NE, OH, ND, SD, WI)","None","In CBSA, in central city","NO","3: Mother","YES","NO","NO","NO","NO","0: 0  CONDITION DOES NOT APPLY","DON'T DO THIS ACTIVITY","ALWAYS WITH RIGHT HAND","ALWAYS WITH RIGHT HAND","DON'T DO THIS ACTIVITY","ALWAYS WITH LEFT HAND","0: 0  CONDITION DOES NOT APPLY","1: 1  CONDITION APPLIES","YES","MALE","FEMALE"
1982,64735,3,1,2,33790,5,120,1,1,3,3,4,4,2,1,1,2,1,5,4,8,2,1,29,19,"Female","Non-Black / Non-Hispanic","West (AK, AZ, CA, CO, HI, ID, MT, NV, NM, OR, UT, WA, WY)","Master's degree (MA, MS)","In CBSA, in central city","NO","3: Mother","YES","NO","YES","NO","YES","0: 0  CONDITION DOES NOT APPLY","ALWAYS WITH RIGHT HAND","ALWAYS WITH RIGHT HAND","ALWAYS WITH RIGHT HAND","ALWAYS WITH RIGHT HAND","ALWAYS WITH LEFT HAND","1: 1  CONDITION APPLIES","1: 1  CONDITION APPLIES","NO","MALE","MALE"
1982,64735,6,1,5,33790,5,181,1,1,2,6,8,3,2,2,1,1,1,3,2,6,1,1,32,22,"Female","Non-Black / Non-Hispanic","West (AK, AZ, CA, CO, HI, ID, MT, NV, NM, OR, UT, WA, WY)","High school diploma (Regular 12 year program)","In CBSA, not in central city","NO","3: Mother","YES","NO","NO","NO","YES","0: 0  CONDITION DOES NOT APPLY","USUALLY WITH RIGHT HAND","USUALLY WITH RIGHT HAND","USUALLY WITH RIGHT HAND","USUALLY WITH RIGHT HAND","ALWAYS WITH LEFT HAND","1: 1  CONDITION APPLIES","1: 1  CONDITION APPLIES","NO","FEMALE","MALE"
1983,64735,4,1,2,33790,5,182,1,2,2,4,2,4,2,2,1,2,1,7,4,6,1,1,28,0,"Male","Non-Black / Non-Hispanic","South (AL, AR, DE, DC, FL, GA, KY, LA, MD, MS, NC, OK, SC, TN , TX, VA, WV)","GED","In CBSA, not in central city","NO","3: Mother","NO","NO","NO","NO","YES","0: 0  CONDITION DOES NOT APPLY","ALWAYS WITH RIGHT HAND","ALWAYS WITH RIGHT HAND","ALWAYS WITH RIGHT HAND","ALWAYS WITH RIGHT HAND","DON'T DO THIS ACTIVITY","0: 0  CONDITION DOES NOT APPLY","1: 1  CONDITION APPLIES","NO","MALE","FEMALE"
1983,64735,2,0,1,33790,5,240,1,1,5,3,2,4,2,2,1,1,1,6,3,7,1,1,28,24,"Female","Non-Black / Non-Hispanic","South (AL, AR, DE, DC, FL, GA, KY, LA, MD, MS, NC, OK, SC, TN , TX, VA, WV)","High school diploma (Regular 12 year program)","In CBSA, in central city","NO","3: Mother","YES","NO","YES","NO","YES","0: 0  CONDITION DOES NOT APPLY","ALWAYS WITH RIGHT HAND","ALWAYS WITH RIGHT HAND","ALWAYS WITH RIGHT HAND","ALWAYS WITH RIGHT HAND","ALWAYS WITH LEFT HAND","1: 1  CONDITION APPLIES","1: 1  CONDITION APPLIES","NO","MALE","MALE"
1982,64735,3,1,2,33790,5,185,1,2,5,3,2,3,1,2,2,2,2,3,2,8,1,1,6,16,"Male","Hispanic","West (AK, AZ, CA, CO, HI, ID, MT, NV, NM, OR, UT, WA, WY)","High school diploma (Regular 12 year program)","In CBSA, in central city","NO","3: Mother","YES","NO","YES","NO","NO","0: 0  CONDITION DOES NOT APPLY","ALWAYS WITH RIGHT HAND","ALWAYS WITH RIGHT HAND","ALWAYS WITH RIGHT HAND","ALWAYS WITH RIGHT HAND","ALWAYS WITH LEFT HAND","1: 1  CONDITION APPLIES","1: 1  CONDITION APPLIES","NO","FEMALE","MALE"
1981,64735,3,0,1,33790,5,179,1,1,5,3,5,4,1,2,1,1,2,4,3,7,1,1,31,21,"Female","Black","West (AK, AZ, CA, CO, HI, ID, MT, NV, NM, OR, UT, WA, WY)","Bachelor's degree (BA, BS)","Not in CBSA","NO","3: Mother","YES","NO","YES","NO","YES","0: 0  CONDITION DOES NOT APPLY","ALWAYS WITH RIGHT HAND","ALWAYS WITH RIGHT HAND","ALWAYS WITH RIGHT HAND","ALWAYS WITH RIGHT HAND","ALWAYS WITH LEFT HAND","1: 1  CONDITION APPLIES","1: 1  CONDITION APPLIES","NO","MALE","FEMALE"
1983,60000,2,0,1,33790,5,181,1,1,3,4,4,4,2,2,1,2,1,4,2,7,1,1,29,22,"Female","Non-Black / Non-Hispanic","West (AK, AZ, CA, CO, HI, ID, MT, NV, NM, OR, UT, WA, WY)","GED","In CBSA, in central city","NO","3: Mother","YES","NO","NO","NO","YES","0: 0  CONDITION DOES NOT APPLY","ALWAYS WITH RIGHT HAND","ALWAYS WITH RIGHT HAND","ALWAYS WITH RIGHT HAND","ALWAYS WITH RIGHT HAND","ALWAYS WITH LEFT HAND","1: 1  CONDITION APPLIES","1: 1  CONDITION APPLIES","YES","MALE","MALE"
1980,64735,2,0,2,33790,6,185,2,1,3,4,2,5,2,2,1,2,1,4,4,7,1,1,25,15,"Male","Non-Black / Non-Hispanic","South (AL, AR, DE, DC, FL, GA, KY, LA, MD, MS, NC, OK, SC, TN , TX, VA, WV)","Bachelor's degree (BA, BS)","In CBSA, in central city","NO","3: Mother","YES","YES","NO","NO","YES","0: 0  CONDITION DOES NOT APPLY","ALWAYS WITH RIGHT HAND","ALWAYS WITH RIGHT HAND","ALWAYS WITH RIGHT HAND","ALWAYS WITH RIGHT HAND","ALWAYS WITH LEFT HAND","1: 1  CONDITION APPLIES","1: 1  CONDITION APPLIES","NO","MALE","FEMALE"
1984,61000,3,1,2,33790,5,184,3,2,1,3,3,6,2,2,2,1,2,1,3,7,1,1,30,22,"Female","Non-Black / Non-Hispanic","North Central (IL, IN, IA, KS, MI, MN, MO, NE, OH, ND, SD, WI)","High school diploma (Regular 12 year program)","In CBSA, not in central city","NO","3: Mother","YES","YES","NO","NO","NO","0: 0  CONDITION DOES NOT APPLY","ALWAYS WITH RIGHT HAND","ALWAYS WITH RIGHT HAND","ALWAYS WITH RIGHT HAND","ALWAYS WITH RIGHT HAND","ALWAYS WITH LEFT HAND","1: 1  CONDITION APPLIES","1: 1  CONDITION APPLIES","NO","FEMALE","FEMALE"
1980,64735,2,0,3,33790,5,184,1,2,3,4,3,3,2,2,2,2,2,5,3,7,1,1,29,24,"Male","Black","South (AL, AR, DE, DC, FL, GA, KY, LA, MD, MS, NC, OK, SC, TN , TX, VA, WV)","High school diploma (Regular 12 year program)","In CBSA, not in central city","NO","3: Mother","NO","NO","NO","NO","NO","0: 0  CONDITION DOES NOT APPLY","ALWAYS WITH RIGHT HAND","ALWAYS WITH RIGHT HAND","ALWAYS WITH RIGHT HAND","ALWAYS WITH RIGHT HAND","ALWAYS WITH LEFT HAND","1: 1  CONDITION APPLIES","1: 1  CONDITION APPLIES","NO","FEMALE","MALE"
1981,64735,3,3,2,33790,5,183,1,2,4,5,5,4,2,2,2,2,1,7,1,6,1,1,24,4,"Male","Hispanic","West (AK, AZ, CA, CO, HI, ID, MT, NV, NM, OR, UT, WA, WY)","High school diploma (Regular 12 year program)","In CBSA, not in central city","NO","3: Mother","YES","NO","NO","NO","YES","0: 0  CONDITION DOES NOT APPLY","ALWAYS WITH RIGHT HAND","ALWAYS WITH RIGHT HAND","ALWAYS WITH RIGHT HAND","ALWAYS WITH RIGHT HAND","ALWAYS WITH LEFT HAND","1: 1  CONDITION APPLIES","1: 1  CONDITION APPLIES","YES","MALE","MALE"
1981,64735,3,0,4,33790,5,184,1,2,4,5,8,3,2,2,1,2,1,6,2,6,1,1,30,21,"Female","Non-Black / Non-Hispanic","Northeast (CT, ME, MA, NH, NJ, NY, PA, RI, VT)","High school diploma (Regular 12 year program)","In CBSA, not known","NO","3: Mother","YES","NO","NO","NO","YES","0: 0  CONDITION DOES NOT APPLY","ALWAYS WITH LEFT HAND","DON'T DO THIS ACTIVITY","ALWAYS WITH LEFT HAND","ALWAYS WITH RIGHT HAND","USUALLY WITH BOTH HANDS EQUALLY","1: 1  CONDITION APPLIES","1: 1  CONDITION APPLIES","NO","FEMALE","FEMALE"
1982,64735,3,0,1,65000,5,183,1,1,1,4,4,3,2,2,1,2,1,4,1,7,2,1,29,22,"Female","Non-Black / Non-Hispanic","West (AK, AZ, CA, CO, HI, ID, MT, NV, NM, OR, UT, WA, WY)","High school diploma (Regular 12 year program)","In CBSA, not in central city","NO","3: Mother","YES","NO","NO","NO","YES","0: 0  CONDITION DOES NOT APPLY","ALWAYS WITH RIGHT HAND","ALWAYS WITH RIGHT HAND","ALWAYS WITH RIGHT HAND","ALWAYS WITH RIGHT HAND","ALWAYS WITH LEFT HAND","1: 1  CONDITION APPLIES","1: 1  CONDITION APPLIES","NO","FEMALE","MALE"
1981,64735,3,0,2,33790,5,179,1,1,5,4,5,5,2,2,2,1,1,9,6,8,1,1,31,26,"Male","Non-Black / Non-Hispanic","South (AL, AR, DE, DC, FL, GA, KY, LA, MD, MS, NC, OK, SC, TN , TX, VA, WV)","Professional degree (DDS, JD, MD)","In CBSA, not in central city","YES","3: Mother","NO","NO","NO","NO","NO","0: 0  CONDITION DOES NOT APPLY","ALWAYS WITH RIGHT HAND","ALWAYS WITH LEFT HAND","ALWAYS WITH RIGHT HAND","ALWAYS WITH RIGHT HAND","ALWAYS WITH LEFT HAND","1: 1  CONDITION APPLIES","1: 1  CONDITION APPLIES","NO","FEMALE","MALE"
1981,64735,2,0,2,67000,5,186,2,2,4,5,4,2,2,2,1,1,1,5,1,6,1,1,32,24,"Female","Black","South (AL, AR, DE, DC, FL, GA, KY, LA, MD, MS, NC, OK, SC, TN , TX, VA, WV)","GED","Not in country","NO","3: Mother","YES","NO","NO","NO","NO","0: 0  CONDITION DOES NOT APPLY","ALWAYS WITH RIGHT HAND","ALWAYS WITH RIGHT HAND","USUALLY WITH RIGHT HAND","ALWAYS WITH RIGHT HAND","ALWAYS WITH LEFT HAND","1: 1  CONDITION APPLIES","0: 0  CONDITION DOES NOT APPLY","NO","MALE","MALE"
1983,44707,3,1,5,33790,5,230,2,2,6,4,4,5,1,1,1,1,1,7,2,8,1,1,3,13,"Male","Non-Black / Non-Hispanic","North Central (IL, IN, IA, KS, MI, MN, MO, NE, OH, ND, SD, WI)","Bachelor's degree (BA, BS)","In CBSA, in central city","NO","3: Mother","YES","YES","NO","NO","YES","0: 0  CONDITION DOES NOT APPLY","ALWAYS WITH RIGHT HAND","ALWAYS WITH RIGHT HAND","ALWAYS WITH RIGHT HAND","ALWAYS WITH RIGHT HAND","ALWAYS WITH LEFT HAND","0: 0  CONDITION DOES NOT APPLY","1: 1  CONDITION APPLIES","NO","FEMALE","MALE"
1983,64735,4,1,3,33790,5,183,2,1,4,4,4,1,1,2,1,2,1,6,2,7,1,1,29,21,"Male","Non-Black / Non-Hispanic","South (AL, AR, DE, DC, FL, GA, KY, LA, MD, MS, NC, OK, SC, TN , TX, VA, WV)","High school diploma (Regular 12 year program)","In CBSA, not in central city","NO","3: Mother","NO","YES","YES","NO","YES","0: 0  CONDITION DOES NOT APPLY","ALWAYS WITH RIGHT HAND","ALWAYS WITH RIGHT HAND","ALWAYS WITH RIGHT HAND","ALWAYS WITH RIGHT HAND","ALWAYS WITH LEFT HAND","1: 1  CONDITION APPLIES","1: 1  CONDITION APPLIES","NO","FEMALE","MALE"
1985,64735,2,0,2,33790,5,184,1,1,2,4,4,1,2,1,1,2,1,4,1,7,1,1,29,22,"Female","Hispanic","West (AK, AZ, CA, CO, HI, ID, MT, NV, NM, OR, UT, WA, WY)","High school diploma (Regular 12 year program)","In CBSA, not in central city","NO","3: Mother","YES","NO","NO","NO","NO","0: 0  CONDITION DOES NOT APPLY","ALWAYS WITH RIGHT HAND","ALWAYS WITH RIGHT HAND","ALWAYS WITH RIGHT HAND","ALWAYS WITH RIGHT HAND","ALWAYS WITH LEFT HAND","1: 1  CONDITION APPLIES","1: 1  CONDITION APPLIES","YES","FEMALE","FEMALE"
1981,64735,3,1,1,13000,5,182,1,1,3,3,4,3,2,2,1,2,1,6,6,8,2,1,29,17,"Female","Non-Black / Non-Hispanic","West (AK, AZ, CA, CO, HI, ID, MT, NV, NM, OR, UT, WA, WY)","GED","In CBSA, not in central city","YES","3: Mother","NO","NO","NO","NO","YES","0: 0  CONDITION DOES NOT APPLY","ALWAYS WITH RIGHT HAND","ALWAYS WITH RIGHT HAND","ALWAYS WITH RIGHT HAND","ALWAYS WITH RIGHT HAND","ALWAYS WITH LEFT HAND","0: 0  CONDITION DOES NOT APPLY","0: 0  CONDITION DOES NOT APPLY","NO","MALE","FEMALE"
1980,64735,5,1,2,33790,5,120,1,1,2,4,2,2,2,1,2,1,2,6,1,7,1,1,56,28,"Male","Non-Black / Non-Hispanic","South (AL, AR, DE, DC, FL, GA, KY, LA, MD, MS, NC, OK, SC, TN , TX, VA, WV)","None","In CBSA, in central city","YES","3: Mother","YES","NO","NO","NO","YES","0: 0  CONDITION DOES NOT APPLY","ALWAYS WITH LEFT HAND","ALWAYS WITH RIGHT HAND","USUALLY WITH RIGHT HAND","ALWAYS WITH RIGHT HAND","ALWAYS WITH LEFT HAND","0: 0  CONDITION DOES NOT APPLY","1: 1  CONDITION APPLIES","YES","FEMALE","MALE"
1982,64735,4,0,1,33790,5,183,2,2,3,4,3,3,2,1,2,1,2,6,1,7,1,1,31,19,"Male","Non-Black / Non-Hispanic","South (AL, AR, DE, DC, FL, GA, KY, LA, MD, MS, NC, OK, SC, TN , TX, VA, WV)","Master's degree (MA, MS)","In CBSA, not in central city","NO","3: Mother","YES","NO","NO","NO","YES","0: 0  CONDITION DOES NOT APPLY","ALWAYS WITH RIGHT HAND","ALWAYS WITH RIGHT HAND","ALWAYS WITH RIGHT HAND","ALWAYS WITH RIGHT HAND","ALWAYS WITH LEFT HAND","1: 1  CONDITION APPLIES","1: 1  CONDITION APPLIES","NO","FEMALE","FEMALE"
1985,64735,5,0,3,33790,5,184,1,2,1,3,2,2,2,2,1,1,1,4,2,8,1,1,29,22,"Female","Hispanic","South (AL, AR, DE, DC, FL, GA, KY, LA, MD, MS, NC, OK, SC, TN , TX, VA, WV)","GED","In CBSA, in central city","NO","3: Mother","NO","YES","YES","NO","NO","0: 0  CONDITION DOES NOT APPLY","ALWAYS WITH LEFT HAND","ALWAYS WITH RIGHT HAND","ALWAYS WITH RIGHT HAND","ALWAYS WITH RIGHT HAND","ALWAYS WITH LEFT HAND","1: 1  CONDITION APPLIES","1: 1  CONDITION APPLIES","NO","MALE","MALE"
1981,24000,2,0,1,33790,5,183,1,2,3,2,4,2,2,2,1,2,2,6,2,7,1,1,32,23,"Male","Non-Black / Non-Hispanic","South (AL, AR, DE, DC, FL, GA, KY, LA, MD, MS, NC, OK, SC, TN , TX, VA, WV)","GED","In CBSA, in central city","NO","3: Mother","NO","NO","NO","NO","YES","0: 0  CONDITION DOES NOT APPLY","ALWAYS WITH RIGHT HAND","ALWAYS WITH RIGHT HAND","ALWAYS WITH RIGHT HAND","ALWAYS WITH RIGHT HAND","ALWAYS WITH LEFT HAND","1: 1  CONDITION APPLIES","1: 1  CONDITION APPLIES","NO","FEMALE","FEMALE"
1984,64735,3,1,2,33790,6,181,1,1,3,5,4,5,2,2,1,2,1,4,3,7,1,1,30,26,"Male","Non-Black / Non-Hispanic","West (AK, AZ, CA, CO, HI, ID, MT, NV, NM, OR, UT, WA, WY)","None","In CBSA, not in central city","NO","3: Mother","YES","NO","NO","NO","NO","0: 0  CONDITION DOES NOT APPLY","USUALLY WITH RIGHT HAND","ALWAYS WITH RIGHT HAND","ALWAYS WITH RIGHT HAND","ALWAYS WITH RIGHT HAND","ALWAYS WITH LEFT HAND","0: 0  CONDITION DOES NOT APPLY","1: 1  CONDITION APPLIES","NO","MALE","MALE"
1980,64735,3,1,3,33790,5,185,1,1,6,4,4,2,1,2,1,1,1,7,2,7,1,1,31,22,"Male","Non-Black / Non-Hispanic","West (AK, AZ, CA, CO, HI, ID, MT, NV, NM, OR, UT, WA, WY)","High school diploma (Regular 12 year program)","In CBSA, not in central city","NO","3: Mother","YES","NO","YES","NO","YES","0: 0  CONDITION DOES NOT APPLY","ALWAYS WITH RIGHT HAND","ALWAYS WITH RIGHT HAND","ALWAYS WITH RIGHT HAND","ALWAYS WITH RIGHT HAND","ALWAYS WITH LEFT HAND","0: 0  CONDITION DOES NOT APPLY","1: 1  CONDITION APPLIES","NO","FEMALE","MALE"
1981,64735,2,0,2,33790,5,182,2,1,1,5,6,6,2,2,2,2,1,7,2,7,1,1,28,18,"Male","Black","North Central (IL, IN, IA, KS, MI, MN, MO, NE, OH, ND, SD, WI)","High school diploma (Regular 12 year program)","In CBSA, in central city","NO","3: Mother","NO","YES","NO","NO","YES","0: 0  CONDITION DOES NOT APPLY","ALWAYS WITH RIGHT HAND","ALWAYS WITH RIGHT HAND","ALWAYS WITH RIGHT HAND","ALWAYS WITH RIGHT HAND","USUALLY WITH BOTH HANDS EQUALLY","1: 1  CONDITION APPLIES","1: 1  CONDITION APPLIES","NO","MALE","FEMALE"
1983,64735,3,0,2,33790,6,187,2,2,3,3,3,5,2,2,2,2,1,1,2,8,1,1,32,24,"Male","Black","West (AK, AZ, CA, CO, HI, ID, MT, NV, NM, OR, UT, WA, WY)","High school diploma (Regular 12 year program)","In CBSA, in central city","NO","3: Mother","YES","YES","NO","NO","NO","0: 0  CONDITION DOES NOT APPLY","ALWAYS WITH RIGHT HAND","ALWAYS WITH RIGHT HAND","ALWAYS WITH RIGHT HAND","ALWAYS WITH RIGHT HAND","ALWAYS WITH LEFT HAND","1: 1  CONDITION APPLIES","1: 1  CONDITION APPLIES","NO","FEMALE","MALE"
1982,64735,3,0,3,33790,5,182,1,2,3,3,3,5,2,2,1,2,2,6,2,6,1,1,34,22,"Female","Non-Black / Non-Hispanic","South (AL, AR, DE, DC, FL, GA, KY, LA, MD, MS, NC, OK, SC, TN , TX, VA, WV)","High school diploma (Regular 12 year program)","In CBSA, not known","YES","3: Mother","YES","YES","NO","NO","NO","0: 0  CONDITION DOES NOT APPLY","ALWAYS WITH RIGHT HAND","ALWAYS WITH RIGHT HAND","ALWAYS WITH RIGHT HAND","ALWAYS WITH RIGHT HAND","ALWAYS WITH LEFT HAND","0: 0  CONDITION DOES NOT APPLY","1: 1  CONDITION APPLIES","NO","FEMALE","MALE"
1982,64735,2,0,1,33790,5,211,1,2,5,4,6,7,2,1,2,2,2,4,2,7,1,1,29,13,"Male","Non-Black / Non-Hispanic","South (AL, AR, DE, DC, FL, GA, KY, LA, MD, MS, NC, OK, SC, TN , TX, VA, WV)","Associate/Junior college (AA)","In CBSA, in central city","NO","3: Mother","YES","NO","NO","NO","YES","0: 0  CONDITION DOES NOT APPLY","ALWAYS WITH RIGHT HAND","ALWAYS WITH RIGHT HAND","USUALLY WITH RIGHT HAND","ALWAYS WITH RIGHT HAND","ALWAYS WITH LEFT HAND","0: 0  CONDITION DOES NOT APPLY","1: 1  CONDITION APPLIES","NO","FEMALE","MALE"
1981,64735,3,1,1,33790,5,183,1,1,2,4,5,2,2,2,1,2,1,5,2,7,1,1,31,22,"Male","Hispanic","West (AK, AZ, CA, CO, HI, ID, MT, NV, NM, OR, UT, WA, WY)","High school diploma (Regular 12 year program)","In CBSA, in central city","NO","3: Mother","YES","NO","NO","NO","YES","0: 0  CONDITION DOES NOT APPLY","ALWAYS WITH RIGHT HAND","ALWAYS WITH RIGHT HAND","ALWAYS WITH RIGHT HAND","ALWAYS WITH RIGHT HAND","ALWAYS WITH LEFT HAND","1: 1  CONDITION APPLIES","1: 1  CONDITION APPLIES","NO","FEMALE","MALE"
1982,64735,8,1,1,33790,5,184,1,2,3,4,1,1,2,2,2,1,1,1,2,6,1,1,31,18,"Male","Hispanic","South (AL, AR, DE, DC, FL, GA, KY, LA, MD, MS, NC, OK, SC, TN , TX, VA, WV)","High school diploma (Regular 12 year program)","In CBSA, not in central city","NO","3: Mother","YES","YES","NO","NO","YES","0: 0  CONDITION DOES NOT APPLY","ALWAYS WITH RIGHT HAND","ALWAYS WITH LEFT HAND","ALWAYS WITH RIGHT HAND","ALWAYS WITH RIGHT HAND","ALWAYS WITH RIGHT HAND","1: 1  CONDITION APPLIES","0: 0  CONDITION DOES NOT APPLY","NO","FEMALE","MALE"
1984,64735,4,0,2,33790,6,186,1,2,2,4,3,3,2,2,1,2,2,1,2,5,1,1,32,23,"Male","Non-Black / Non-Hispanic","North Central (IL, IN, IA, KS, MI, MN, MO, NE, OH, ND, SD, WI)","High school diploma (Regular 12 year program)","In CBSA, not in central city","YES","3: Mother","YES","YES","NO","NO","YES","0: 0  CONDITION DOES NOT APPLY","ALWAYS WITH RIGHT HAND","ALWAYS WITH RIGHT HAND","ALWAYS WITH RIGHT HAND","ALWAYS WITH RIGHT HAND","ALWAYS WITH LEFT HAND","1: 1  CONDITION APPLIES","1: 1  CONDITION APPLIES","NO","FEMALE","FEMALE"
1982,64735,4,0,1,33790,5,181,1,2,1,4,3,5,2,1,2,1,1,8,2,8,1,1,30,18,"Male","Black","West (AK, AZ, CA, CO, HI, ID, MT, NV, NM, OR, UT, WA, WY)","High school diploma (Regular 12 year program)","In CBSA, in central city","NO","3: Mother","NO","NO","YES","NO","YES","0: 0  CONDITION DOES NOT APPLY","ALWAYS WITH RIGHT HAND","ALWAYS WITH RIGHT HAND","USUALLY WITH BOTH HANDS EQUALLY","ALWAYS WITH RIGHT HAND","USUALLY WITH BOTH HANDS EQUALLY","1: 1  CONDITION APPLIES","1: 1  CONDITION APPLIES","NO","FEMALE","MALE"
1981,0,3,0,4,33790,5,182,1,1,3,3,4,4,2,2,1,2,1,5,2,6,2,2,27,19,"Male","Black","West (AK, AZ, CA, CO, HI, ID, MT, NV, NM, OR, UT, WA, WY)","Bachelor's degree (BA, BS)","In CBSA, not in central city","NO","3: Mother","NO","YES","NO","NO","YES","0: 0  CONDITION DOES NOT APPLY","ALWAYS WITH RIGHT HAND","ALWAYS WITH RIGHT HAND","USUALLY WITH BOTH HANDS EQUALLY","ALWAYS WITH RIGHT HAND","ALWAYS WITH LEFT HAND","1: 1  CONDITION APPLIES","1: 1  CONDITION APPLIES","YES","FEMALE","MALE"
1982,64735,1,0,2,33790,5,184,1,1,2,3,1,2,2,2,1,2,1,7,1,8,1,1,32,26,"Female","Hispanic","West (AK, AZ, CA, CO, HI, ID, MT, NV, NM, OR, UT, WA, WY)","High school diploma (Regular 12 year program)","In CBSA, in central city","NO","3: Mother","YES","NO","NO","NO","YES","1: 1  CONDITION APPLIES","ALWAYS WITH RIGHT HAND","ALWAYS WITH RIGHT HAND","USUALLY WITH BOTH HANDS EQUALLY","ALWAYS WITH RIGHT HAND","ALWAYS WITH LEFT HAND","1: 1  CONDITION APPLIES","1: 1  CONDITION APPLIES","NO","MALE","FEMALE"
1982,108000,4,1,5,53000,5,205,1,2,2,7,2,2,2,2,1,2,1,6,2,6,1,1,32,21,"Male","Black","South (AL, AR, DE, DC, FL, GA, KY, LA, MD, MS, NC, OK, SC, TN , TX, VA, WV)","Professional degree (DDS, JD, MD)","In CBSA, in central city","NO","3: Mother","NO","YES","NO","NO","YES","0: 0  CONDITION DOES NOT APPLY","ALWAYS WITH RIGHT HAND","ALWAYS WITH RIGHT HAND","ALWAYS WITH RIGHT HAND","ALWAYS WITH RIGHT HAND","ALWAYS WITH LEFT HAND","1: 1  CONDITION APPLIES","1: 1  CONDITION APPLIES","NO","FEMALE","FEMALE"
1985,64735,5,1,4,33790,6,183,1,2,3,6,3,2,2,1,1,2,1,4,2,7,1,1,32,22,"Female","Non-Black / Non-Hispanic","West (AK, AZ, CA, CO, HI, ID, MT, NV, NM, OR, UT, WA, WY)","High school diploma (Regular 12 year program)","In CBSA, not in central city","YES","3: Mother","NO","NO","YES","NO","NO","0: 0  CONDITION DOES NOT APPLY","ALWAYS WITH RIGHT HAND","ALWAYS WITH RIGHT HAND","ALWAYS WITH RIGHT HAND","ALWAYS WITH RIGHT HAND","ALWAYS WITH LEFT HAND","1: 1  CONDITION APPLIES","1: 1  CONDITION APPLIES","YES","FEMALE","MALE"
1981,64735,6,0,5,33790,5,182,1,2,5,3,4,3,1,2,2,2,1,6,3,6,4,1,46,24,"Male","Non-Black / Non-Hispanic","Northeast (CT, ME, MA, NH, NJ, NY, PA, RI, VT)","Bachelor's degree (BA, BS)","In CBSA, not in central city","YES","3: Mother","YES","NO","NO","NO","YES","0: 0  CONDITION DOES NOT APPLY","ALWAYS WITH RIGHT HAND","ALWAYS WITH RIGHT HAND","USUALLY WITH BOTH HANDS EQUALLY","ALWAYS WITH RIGHT HAND","ALWAYS WITH LEFT HAND","0: 0  CONDITION DOES NOT APPLY","1: 1  CONDITION APPLIES","YES","MALE","MALE"
1984,30250,3,1,2,33790,5,182,1,1,3,5,3,3,2,2,1,2,1,4,4,7,1,1,29,21,"Female","Non-Black / Non-Hispanic","Northeast (CT, ME, MA, NH, NJ, NY, PA, RI, VT)","High school diploma (Regular 12 year program)","In CBSA, in central city","NO","3: Mother","YES","NO","NO","NO","YES","0: 0  CONDITION DOES NOT APPLY","ALWAYS WITH RIGHT HAND","ALWAYS WITH RIGHT HAND","ALWAYS WITH RIGHT HAND","ALWAYS WITH RIGHT HAND","USUALLY WITH LEFT HAND","0: 0  CONDITION DOES NOT APPLY","1: 1  CONDITION APPLIES","NO","FEMALE","MALE"
1984,95000,3,0,2,33790,5,180,1,2,3,3,2,4,2,2,2,2,1,6,2,7,1,1,35,26,"Male","Black","West (AK, AZ, CA, CO, HI, ID, MT, NV, NM, OR, UT, WA, WY)","GED","In CBSA, not in central city","NO","3: Mother","YES","YES","YES","NO","YES","0: 0  CONDITION DOES NOT APPLY","ALWAYS WITH RIGHT HAND","ALWAYS WITH RIGHT HAND","ALWAYS WITH RIGHT HAND","ALWAYS WITH RIGHT HAND","ALWAYS WITH LEFT HAND","1: 1  CONDITION APPLIES","1: 1  CONDITION APPLIES","NO","FEMALE","MALE"
1982,64735,3,0,2,33790,5,182,1,1,1,4,2,4,2,1,2,2,2,6,1,7,2,1,31,21,"Female","Non-Black / Non-Hispanic","North Central (IL, IN, IA, KS, MI, MN, MO, NE, OH, ND, SD, WI)","High school diploma (Regular 12 year program)","In CBSA, not in central city","NO","3: Mother","YES","NO","NO","NO","YES","0: 0  CONDITION DOES NOT APPLY","ALWAYS WITH RIGHT HAND","USUALLY WITH RIGHT HAND","ALWAYS WITH LEFT HAND","ALWAYS WITH RIGHT HAND","ALWAYS WITH LEFT HAND","1: 1  CONDITION APPLIES","1: 1  CONDITION APPLIES","NO","FEMALE","MALE"
1985,64735,5,0,1,33790,5,180,1,1,3,3,2,3,1,1,1,1,2,5,1,6,1,1,57,29,"Female","Hispanic","West (AK, AZ, CA, CO, HI, ID, MT, NV, NM, OR, UT, WA, WY)","High school diploma (Regular 12 year program)","In CBSA, in central city","NO","3: Mother","YES","NO","NO","NO","YES","0: 0  CONDITION DOES NOT APPLY","ALWAYS WITH RIGHT HAND","ALWAYS WITH RIGHT HAND","ALWAYS WITH RIGHT HAND","ALWAYS WITH RIGHT HAND","ALWAYS WITH RIGHT HAND","0: 0  CONDITION DOES NOT APPLY","1: 1  CONDITION APPLIES","YES","MALE","FEMALE"
1981,73000,3,0,1,40000,5,181,1,1,4,2,5,5,1,2,1,2,2,6,5,6,1,1,28,8,"Female","Hispanic","West (AK, AZ, CA, CO, HI, ID, MT, NV, NM, OR, UT, WA, WY)","Associate/Junior college (AA)","In CBSA, in central city","NO","3: Mother","YES","NO","YES","NO","YES","0: 0  CONDITION DOES NOT APPLY","ALWAYS WITH LEFT HAND","ALWAYS WITH RIGHT HAND","USUALLY WITH RIGHT HAND","USUALLY WITH RIGHT HAND","ALWAYS WITH LEFT HAND","1: 1  CONDITION APPLIES","1: 1  CONDITION APPLIES","NO","FEMALE","FEMALE"
1980,64735,4,1,2,33790,5,182,1,1,2,4,4,3,2,2,1,2,1,1,3,7,1,4,31,22,"Male","Black","South (AL, AR, DE, DC, FL, GA, KY, LA, MD, MS, NC, OK, SC, TN , TX, VA, WV)","High school diploma (Regular 12 year program)","In CBSA, not in central city","NO","3: Mother","NO","YES","NO","NO","YES","0: 0  CONDITION DOES NOT APPLY","ALWAYS WITH RIGHT HAND","ALWAYS WITH RIGHT HAND","ALWAYS WITH RIGHT HAND","ALWAYS WITH RIGHT HAND","USUALLY WITH RIGHT HAND","1: 1  CONDITION APPLIES","1: 1  CONDITION APPLIES","YES","FEMALE","FEMALE"
1982,64735,3,0,1,40000,5,165,1,1,2,4,2,2,2,2,1,2,2,5,3,8,1,1,41,53,"Male","Hispanic","West (AK, AZ, CA, CO, HI, ID, MT, NV, NM, OR, UT, WA, WY)","High school diploma (Regular 12 year program)","In CBSA, in central city","YES","3: Mother","YES","YES","NO","NO","YES","0: 0  CONDITION DOES NOT APPLY","ALWAYS WITH RIGHT HAND","ALWAYS WITH RIGHT HAND","ALWAYS WITH RIGHT HAND","ALWAYS WITH RIGHT HAND","ALWAYS WITH LEFT HAND","1: 1  CONDITION APPLIES","1: 1  CONDITION APPLIES","NO","FEMALE","MALE"
1980,30000,3,1,3,33790,6,180,1,1,5,3,3,3,2,2,1,2,1,6,1,6,1,1,31,29,"Male","Non-Black / Non-Hispanic","West (AK, AZ, CA, CO, HI, ID, MT, NV, NM, OR, UT, WA, WY)","High school diploma (Regular 12 year program)","In CBSA, in central city","NO","3: Mother","YES","NO","NO","NO","YES","0: 0  CONDITION DOES NOT APPLY","ALWAYS WITH RIGHT HAND","ALWAYS WITH RIGHT HAND","ALWAYS WITH RIGHT HAND","ALWAYS WITH RIGHT HAND","ALWAYS WITH LEFT HAND","1: 1  CONDITION APPLIES","1: 1  CONDITION APPLIES","YES","MALE","MALE"
1985,64735,4,1,3,33790,5,183,1,1,5,3,4,3,2,2,1,2,1,6,4,8,1,1,11,17,"Male","Hispanic","West (AK, AZ, CA, CO, HI, ID, MT, NV, NM, OR, UT, WA, WY)","High school diploma (Regular 12 year program)","In CBSA, not in central city","NO","3: Mother","YES","NO","YES","NO","YES","0: 0  CONDITION DOES NOT APPLY","ALWAYS WITH RIGHT HAND","ALWAYS WITH RIGHT HAND","ALWAYS WITH RIGHT HAND","ALWAYS WITH LEFT HAND","ALWAYS WITH LEFT HAND","1: 1  CONDITION APPLIES","1: 1  CONDITION APPLIES","NO","FEMALE","MALE"
1981,64735,2,1,2,33790,5,184,3,2,6,2,3,1,2,2,1,2,1,6,3,6,1,3,4,15,"Female","Hispanic","West (AK, AZ, CA, CO, HI, ID, MT, NV, NM, OR, UT, WA, WY)","Bachelor's degree (BA, BS)","Not in CBSA","NO","3: Mother","YES","NO","YES","NO","YES","0: 0  CONDITION DOES NOT APPLY","ALWAYS WITH RIGHT HAND","USUALLY WITH LEFT HAND","USUALLY WITH RIGHT HAND","ALWAYS WITH RIGHT HAND","ALWAYS WITH RIGHT HAND","1: 1  CONDITION APPLIES","1: 1  CONDITION APPLIES","NO","FEMALE","MALE"
1983,64735,3,0,3,33790,5,184,2,1,3,6,2,5,2,2,1,2,1,5,1,7,1,1,32,25,"Male","Non-Black / Non-Hispanic","South (AL, AR, DE, DC, FL, GA, KY, LA, MD, MS, NC, OK, SC, TN , TX, VA, WV)","High school diploma (Regular 12 year program)","In CBSA, in central city","NO","3: Mother","NO","NO","NO","NO","YES","0: 0  CONDITION DOES NOT APPLY","ALWAYS WITH RIGHT HAND","ALWAYS WITH RIGHT HAND","ALWAYS WITH RIGHT HAND","ALWAYS WITH RIGHT HAND","ALWAYS WITH LEFT HAND","1: 1  CONDITION APPLIES","1: 1  CONDITION APPLIES","NO","FEMALE","MALE"
1983,64735,3,0,3,20000,5,179,1,2,1,3,4,6,1,2,1,2,1,2,2,5,1,1,32,19,"Male","Non-Black / Non-Hispanic","North Central (IL, IN, IA, KS, MI, MN, MO, NE, OH, ND, SD, WI)","High school diploma (Regular 12 year program)","In CBSA, not in central city","NO","3: Mother","YES","NO","NO","NO","YES","0: 0  CONDITION DOES NOT APPLY","ALWAYS WITH RIGHT HAND","ALWAYS WITH RIGHT HAND","ALWAYS WITH RIGHT HAND","ALWAYS WITH RIGHT HAND","ALWAYS WITH LEFT HAND","1: 1  CONDITION APPLIES","1: 1  CONDITION APPLIES","NO","FEMALE","FEMALE"
1982,64735,2,1,1,33790,5,215,1,1,5,3,2,3,2,2,2,2,1,3,3,6,1,1,36,23,"Male","Non-Black / Non-Hispanic","South (AL, AR, DE, DC, FL, GA, KY, LA, MD, MS, NC, OK, SC, TN , TX, VA, WV)","High school diploma (Regular 12 year program)","In CBSA, not in central city","NO","3: Mother","YES","YES","NO","NO","NO","0: 0  CONDITION DOES NOT APPLY","ALWAYS WITH RIGHT HAND","ALWAYS WITH RIGHT HAND","ALWAYS WITH RIGHT HAND","ALWAYS WITH RIGHT HAND","ALWAYS WITH LEFT HAND","1: 1  CONDITION APPLIES","1: 1  CONDITION APPLIES","NO","FEMALE","FEMALE"
1984,64735,4,1,3,33790,5,165,2,1,4,2,5,4,2,2,2,1,1,5,2,6,1,1,33,25,"Male","Non-Black / Non-Hispanic","South (AL, AR, DE, DC, FL, GA, KY, LA, MD, MS, NC, OK, SC, TN , TX, VA, WV)","Bachelor's degree (BA, BS)","In CBSA, not in central city","NO","3: Mother","YES","YES","NO","NO","YES","0: 0  CONDITION DOES NOT APPLY","ALWAYS WITH RIGHT HAND","ALWAYS WITH RIGHT HAND","ALWAYS WITH RIGHT HAND","ALWAYS WITH RIGHT HAND","USUALLY WITH RIGHT HAND","0: 0  CONDITION DOES NOT APPLY","1: 1  CONDITION APPLIES","NO","FEMALE","FEMALE"
1983,64735,2,0,4,33790,5,182,2,1,2,4,1,6,2,2,1,2,1,4,2,7,1,1,3,18,"Female","Black","Northeast (CT, ME, MA, NH, NJ, NY, PA, RI, VT)","Bachelor's degree (BA, BS)","In CBSA, not in central city","NO","3: Mother","NO","NO","NO","NO","YES","0: 0  CONDITION DOES NOT APPLY","USUALLY WITH RIGHT HAND","USUALLY WITH BOTH HANDS EQUALLY","USUALLY WITH BOTH HANDS EQUALLY","ALWAYS WITH RIGHT HAND","ALWAYS WITH RIGHT HAND","1: 1  CONDITION APPLIES","1: 1  CONDITION APPLIES","NO","FEMALE","MALE"
1982,64735,3,0,3,33000,5,135,1,1,1,1,1,3,2,2,2,2,1,6,2,6,1,1,36,25,"Female","Hispanic","South (AL, AR, DE, DC, FL, GA, KY, LA, MD, MS, NC, OK, SC, TN , TX, VA, WV)","None","In CBSA, not in central city","NO","3: Mother","NO","NO","NO","NO","YES","0: 0  CONDITION DOES NOT APPLY","ALWAYS WITH RIGHT HAND","ALWAYS WITH RIGHT HAND","USUALLY WITH BOTH HANDS EQUALLY","ALWAYS WITH RIGHT HAND","ALWAYS WITH RIGHT HAND","1: 1  CONDITION APPLIES","1: 1  CONDITION APPLIES","YES","MALE","MALE"
1984,64735,3,1,2,33790,5,183,2,2,2,3,2,1,2,2,1,2,1,2,2,7,1,1,30,22,"Female","Hispanic","West (AK, AZ, CA, CO, HI, ID, MT, NV, NM, OR, UT, WA, WY)","High school diploma (Regular 12 year program)","In CBSA, not in central city","NO","3: Mother","YES","NO","NO","NO","YES","0: 0  CONDITION DOES NOT APPLY","ALWAYS WITH RIGHT HAND","ALWAYS WITH RIGHT HAND","ALWAYS WITH RIGHT HAND","ALWAYS WITH RIGHT HAND","ALWAYS WITH LEFT HAND","1: 1  CONDITION APPLIES","1: 1  CONDITION APPLIES","NO","MALE","FEMALE"
1981,64735,2,0,2,33790,5,185,1,1,3,1,3,3,2,2,1,1,1,7,1,6,1,1,9,16,"Male","Non-Black / Non-Hispanic","North Central (IL, IN, IA, KS, MI, MN, MO, NE, OH, ND, SD, WI)","High school diploma (Regular 12 year program)","In CBSA, in central city","NO","3: Mother","YES","YES","NO","NO","YES","0: 0  CONDITION DOES NOT APPLY","ALWAYS WITH LEFT HAND","ALWAYS WITH RIGHT HAND","ALWAYS WITH RIGHT HAND","ALWAYS WITH RIGHT HAND","ALWAYS WITH LEFT HAND","1: 1  CONDITION APPLIES","1: 1  CONDITION APPLIES","NO","FEMALE","MALE"
1982,64735,3,0,1,33790,5,192,1,1,2,6,3,2,2,2,2,2,2,4,1,7,1,1,31,22,"Male","Hispanic","Northeast (CT, ME, MA, NH, NJ, NY, PA, RI, VT)","GED","In CBSA, not in central city","NO","3: Mother","NO","YES","NO","NO","YES","0: 0  CONDITION DOES NOT APPLY","ALWAYS WITH RIGHT HAND","ALWAYS WITH RIGHT HAND","ALWAYS WITH RIGHT HAND","ALWAYS WITH RIGHT HAND","ALWAYS WITH LEFT HAND","0: 0  CONDITION DOES NOT APPLY","1: 1  CONDITION APPLIES","YES","FEMALE","MALE"
1983,64735,4,0,2,33790,5,183,2,1,1,4,2,3,2,2,2,2,1,6,3,6,1,1,29,22,"Female","Black","South (AL, AR, DE, DC, FL, GA, KY, LA, MD, MS, NC, OK, SC, TN , TX, VA, WV)","Associate/Junior college (AA)","In CBSA, not in central city","NO","3: Mother","NO","YES","NO","NO","NO","0: 0  CONDITION DOES NOT APPLY","ALWAYS WITH RIGHT HAND","ALWAYS WITH RIGHT HAND","ALWAYS WITH RIGHT HAND","ALWAYS WITH RIGHT HAND","ALWAYS WITH LEFT HAND","1: 1  CONDITION APPLIES","1: 1  CONDITION APPLIES","NO","FEMALE","MALE"
1984,66367,3,1,2,33790,5,183,1,1,1,3,2,3,2,2,1,2,2,6,3,8,4,1,31,23,"Male","Black","Northeast (CT, ME, MA, NH, NJ, NY, PA, RI, VT)","Bachelor's degree (BA, BS)","In CBSA, in central city","NO","3: Mother","YES","NO","NO","NO","NO","0: 0  CONDITION DOES NOT APPLY","ALWAYS WITH RIGHT HAND","ALWAYS WITH RIGHT HAND","ALWAYS WITH LEFT HAND","ALWAYS WITH RIGHT HAND","ALWAYS WITH LEFT HAND","1: 1  CONDITION APPLIES","1: 1  CONDITION APPLIES","NO","MALE","FEMALE"
1982,60000,3,1,5,33790,5,200,1,1,2,4,4,2,2,2,1,2,2,5,2,6,1,1,27,3,"Female","Non-Black / Non-Hispanic","South (AL, AR, DE, DC, FL, GA, KY, LA, MD, MS, NC, OK, SC, TN , TX, VA, WV)","High school diploma (Regular 12 year program)","In CBSA, not in central city","NO","3: Mother","NO","YES","NO","NO","YES","0: 0  CONDITION DOES NOT APPLY","ALWAYS WITH RIGHT HAND","ALWAYS WITH RIGHT HAND","ALWAYS WITH RIGHT HAND","ALWAYS WITH RIGHT HAND","ALWAYS WITH LEFT HAND","1: 1  CONDITION APPLIES","0: 0  CONDITION DOES NOT APPLY","NO","FEMALE","FEMALE"
1982,64735,4,1,1,33790,5,182,1,1,3,5,2,1,2,1,1,2,2,4,2,7,1,1,30,19,"Female","Hispanic","North Central (IL, IN, IA, KS, MI, MN, MO, NE, OH, ND, SD, WI)","None","In CBSA, in central city","NO","3: Mother","YES","NO","YES","NO","NO","0: 0  CONDITION DOES NOT APPLY","ALWAYS WITH RIGHT HAND","ALWAYS WITH RIGHT HAND","ALWAYS WITH RIGHT HAND","ALWAYS WITH RIGHT HAND","ALWAYS WITH LEFT HAND","0: 0  CONDITION DOES NOT APPLY","1: 1  CONDITION APPLIES","NO","MALE","MALE"
1982,64735,2,1,1,33790,5,182,1,1,2,3,3,2,2,2,2,2,1,6,1,7,1,1,29,21,"Female","Hispanic","West (AK, AZ, CA, CO, HI, ID, MT, NV, NM, OR, UT, WA, WY)","GED","In CBSA, in central city","NO","3: Mother","NO","NO","NO","NO","YES","0: 0  CONDITION DOES NOT APPLY","ALWAYS WITH RIGHT HAND","ALWAYS WITH RIGHT HAND","ALWAYS WITH RIGHT HAND","ALWAYS WITH RIGHT HAND","ALWAYS WITH LEFT HAND","1: 1  CONDITION APPLIES","1: 1  CONDITION APPLIES","YES","MALE","FEMALE"
1980,64735,4,0,2,33790,5,184,1,2,3,1,3,4,2,2,1,2,1,4,3,6,2,1,35,25,"Female","Hispanic","Northeast (CT, ME, MA, NH, NJ, NY, PA, RI, VT)","High school diploma (Regular 12 year program)","In CBSA, in central city","YES","3: Mother","YES","NO","NO","NO","NO","0: 0  CONDITION DOES NOT APPLY","ALWAYS WITH RIGHT HAND","ALWAYS WITH RIGHT HAND","ALWAYS WITH RIGHT HAND","ALWAYS WITH RIGHT HAND","ALWAYS WITH LEFT HAND","1: 1  CONDITION APPLIES","1: 1  CONDITION APPLIES","NO","FEMALE","FEMALE"
1983,64735,5,1,2,33790,5,180,1,1,2,3,2,7,2,2,1,1,1,1,3,6,1,2,33,19,"Male","Black","South (AL, AR, DE, DC, FL, GA, KY, LA, MD, MS, NC, OK, SC, TN , TX, VA, WV)","High school diploma (Regular 12 year program)","In CBSA, in central city","NO","3: Mother","YES","NO","NO","NO","YES","0: 0  CONDITION DOES NOT APPLY","ALWAYS WITH RIGHT HAND","ALWAYS WITH RIGHT HAND","ALWAYS WITH RIGHT HAND","ALWAYS WITH RIGHT HAND","ALWAYS WITH LEFT HAND","1: 1  CONDITION APPLIES","1: 1  CONDITION APPLIES","NO","FEMALE","FEMALE"
1981,33750,3,0,2,33790,5,185,1,1,4,4,3,6,2,2,2,2,1,6,2,6,1,3,33,22,"Female","Non-Black / Non-Hispanic","South (AL, AR, DE, DC, FL, GA, KY, LA, MD, MS, NC, OK, SC, TN , TX, VA, WV)","High school diploma (Regular 12 year program)","In CBSA, in central city","NO","3: Mother","NO","NO","NO","NO","YES","0: 0  CONDITION DOES NOT APPLY","ALWAYS WITH RIGHT HAND","ALWAYS WITH RIGHT HAND","ALWAYS WITH RIGHT HAND","ALWAYS WITH RIGHT HAND","ALWAYS WITH LEFT HAND","1: 1  CONDITION APPLIES","1: 1  CONDITION APPLIES","NO","FEMALE","FEMALE"
1983,64735,2,0,3,33790,6,184,1,1,3,5,3,3,1,2,1,2,1,1,3,7,1,1,29,21,"Male","Non-Black / Non-Hispanic","South (AL, AR, DE, DC, FL, GA, KY, LA, MD, MS, NC, OK, SC, TN , TX, VA, WV)","None","In CBSA, not in central city","NO","3: Mother","NO","NO","NO","NO","NO","0: 0  CONDITION DOES NOT APPLY","ALWAYS WITH RIGHT HAND","ALWAYS WITH RIGHT HAND","ALWAYS WITH RIGHT HAND","ALWAYS WITH RIGHT HAND","ALWAYS WITH LEFT HAND","1: 1  CONDITION APPLIES","1: 1  CONDITION APPLIES","NO","FEMALE","MALE"
1982,64735,3,1,4,33790,5,182,1,2,4,4,5,4,2,2,1,2,2,6,4,7,1,1,30,23,"Female","Non-Black / Non-Hispanic","West (AK, AZ, CA, CO, HI, ID, MT, NV, NM, OR, UT, WA, WY)","Associate/Junior college (AA)","In CBSA, not in central city","NO","3: Mother","NO","NO","YES","NO","NO","0: 0  CONDITION DOES NOT APPLY","ALWAYS WITH RIGHT HAND","ALWAYS WITH RIGHT HAND","ALWAYS WITH RIGHT HAND","ALWAYS WITH RIGHT HAND","ALWAYS WITH LEFT HAND","0: 0  CONDITION DOES NOT APPLY","1: 1  CONDITION APPLIES","NO","FEMALE","MALE"
1982,64735,1,1,3,33790,5,183,2,1,6,4,3,5,2,2,1,1,2,6,2,7,1,2,30,21,"Female","Non-Black / Non-Hispanic","West (AK, AZ, CA, CO, HI, ID, MT, NV, NM, OR, UT, WA, WY)","High school diploma (Regular 12 year program)","In CBSA, in central city","NO","3: Mother","YES","NO","YES","NO","YES","0: 0  CONDITION DOES NOT APPLY","ALWAYS WITH RIGHT HAND","ALWAYS WITH RIGHT HAND","ALWAYS WITH RIGHT HAND","ALWAYS WITH RIGHT HAND","ALWAYS WITH LEFT HAND","0: 0  CONDITION DOES NOT APPLY","1: 1  CONDITION APPLIES","NO","FEMALE","FEMALE"
1982,64735,3,0,1,33790,5,185,2,1,3,5,3,5,2,2,2,2,2,8,2,7,1,1,36,29,"Male","Non-Black / Non-Hispanic","West (AK, AZ, CA, CO, HI, ID, MT, NV, NM, OR, UT, WA, WY)","High school diploma (Regular 12 year program)","In CBSA, in central city","YES","3: Mother","YES","NO","YES","NO","NO","0: 0  CONDITION DOES NOT APPLY","ALWAYS WITH RIGHT HAND","USUALLY WITH RIGHT HAND","ALWAYS WITH RIGHT HAND","ALWAYS WITH RIGHT HAND","ALWAYS WITH LEFT HAND","1: 1  CONDITION APPLIES","1: 1  CONDITION APPLIES","NO","FEMALE","FEMALE"
1982,64735,3,0,1,33790,5,129,2,1,1,3,1,3,2,2,1,2,1,6,2,7,1,1,31,22,"Female","Non-Black / Non-Hispanic","West (AK, AZ, CA, CO, HI, ID, MT, NV, NM, OR, UT, WA, WY)","Master's degree (MA, MS)","In CBSA, not in central city","NO","3: Mother","YES","NO","NO","NO","YES","0: 0  CONDITION DOES NOT APPLY","ALWAYS WITH RIGHT HAND","ALWAYS WITH RIGHT HAND","ALWAYS WITH RIGHT HAND","ALWAYS WITH RIGHT HAND","ALWAYS WITH LEFT HAND","1: 1  CONDITION APPLIES","1: 1  CONDITION APPLIES","NO","FEMALE","MALE"
1984,64735,2,0,5,33790,5,183,2,2,2,4,1,2,2,2,1,1,1,2,2,8,1,1,29,20,"Male","Non-Black / Non-Hispanic","West (AK, AZ, CA, CO, HI, ID, MT, NV, NM, OR, UT, WA, WY)","GED","In CBSA, in central city","NO","3: Mother","YES","NO","NO","NO","YES","0: 0  CONDITION DOES NOT APPLY","ALWAYS WITH RIGHT HAND","ALWAYS WITH RIGHT HAND","ALWAYS WITH RIGHT HAND","ALWAYS WITH RIGHT HAND","ALWAYS WITH LEFT HAND","0: 0  CONDITION DOES NOT APPLY","0: 0  CONDITION DOES NOT APPLY","NO","FEMALE","MALE"
1982,64735,3,0,3,33790,5,179,1,1,3,2,4,4,2,2,1,2,1,6,3,6,1,1,24,20,"Female","Non-Black / Non-Hispanic","South (AL, AR, DE, DC, FL, GA, KY, LA, MD, MS, NC, OK, SC, TN , TX, VA, WV)","GED","In CBSA, not in central city","NO","3: Mother","YES","YES","NO","NO","YES","0: 0  CONDITION DOES NOT APPLY","ALWAYS WITH RIGHT HAND","ALWAYS WITH RIGHT HAND","ALWAYS WITH RIGHT HAND","ALWAYS WITH RIGHT HAND","ALWAYS WITH LEFT HAND","1: 1  CONDITION APPLIES","1: 1  CONDITION APPLIES","NO","MALE","FEMALE"
1981,64735,3,0,1,25000,5,184,1,2,2,4,2,2,2,2,2,2,1,4,2,6,1,1,32,23,"Male","Non-Black / Non-Hispanic","Northeast (CT, ME, MA, NH, NJ, NY, PA, RI, VT)","High school diploma (Regular 12 year program)","In CBSA, in central city","YES","3: Mother","NO","YES","NO","NO","YES","0: 0  CONDITION DOES NOT APPLY","ALWAYS WITH RIGHT HAND","ALWAYS WITH RIGHT HAND","ALWAYS WITH RIGHT HAND","ALWAYS WITH RIGHT HAND","ALWAYS WITH LEFT HAND","1: 1  CONDITION APPLIES","1: 1  CONDITION APPLIES","NO","FEMALE","FEMALE"
1982,64735,4,0,2,33790,5,181,1,1,2,5,1,3,1,2,2,2,1,8,1,7,1,1,29,23,"Male","Non-Black / Non-Hispanic","Northeast (CT, ME, MA, NH, NJ, NY, PA, RI, VT)","Master's degree (MA, MS)","In CBSA, not in central city","NO","3: Mother","NO","YES","NO","NO","YES","0: 0  CONDITION DOES NOT APPLY","ALWAYS WITH RIGHT HAND","ALWAYS WITH RIGHT HAND","ALWAYS WITH RIGHT HAND","ALWAYS WITH RIGHT HAND","ALWAYS WITH LEFT HAND","1: 1  CONDITION APPLIES","1: 1  CONDITION APPLIES","NO","FEMALE","FEMALE"
1983,64735,3,0,1,33790,5,182,1,1,3,3,1,2,2,1,1,2,1,5,2,6,1,2,32,25,"Male","Black","South (AL, AR, DE, DC, FL, GA, KY, LA, MD, MS, NC, OK, SC, TN , TX, VA, WV)","Bachelor's degree (BA, BS)","In CBSA, not in central city","NO","3: Mother","YES","NO","NO","YES","NO","0: 0  CONDITION DOES NOT APPLY","USUALLY WITH RIGHT HAND","USUALLY WITH RIGHT HAND","USUALLY WITH LEFT HAND","ALWAYS WITH RIGHT HAND","ALWAYS WITH LEFT HAND","1: 1  CONDITION APPLIES","1: 1  CONDITION APPLIES","NO","FEMALE","FEMALE"
1983,64735,3,0,2,33790,6,188,1,1,4,3,1,5,2,2,1,2,1,8,3,6,1,1,30,22,"Male","Black","South (AL, AR, DE, DC, FL, GA, KY, LA, MD, MS, NC, OK, SC, TN , TX, VA, WV)","Bachelor's degree (BA, BS)","In CBSA, in central city","NO","3: Mother","NO","NO","NO","NO","YES","0: 0  CONDITION DOES NOT APPLY","ALWAYS WITH RIGHT HAND","ALWAYS WITH RIGHT HAND","USUALLY WITH BOTH HANDS EQUALLY","ALWAYS WITH RIGHT HAND","ALWAYS WITH LEFT HAND","1: 1  CONDITION APPLIES","1: 1  CONDITION APPLIES","NO","FEMALE","FEMALE"
1983,64735,5,0,1,33790,5,183,1,1,3,4,2,3,2,2,1,1,1,1,4,7,1,1,42,26,"Female","Non-Black / Non-Hispanic","Northeast (CT, ME, MA, NH, NJ, NY, PA, RI, VT)","None","In CBSA, not in central city","YES","3: Mother","YES","NO","NO","NO","YES","0: 0  CONDITION DOES NOT APPLY","ALWAYS WITH RIGHT HAND","ALWAYS WITH RIGHT HAND","ALWAYS WITH RIGHT HAND","ALWAYS WITH RIGHT HAND","ALWAYS WITH LEFT HAND","1: 1  CONDITION APPLIES","1: 1  CONDITION APPLIES","NO","MALE","FEMALE"
1983,64735,5,0,2,33790,5,110,1,1,3,2,4,4,2,2,1,2,1,1,5,8,1,1,48,24,"Female","Black","South (AL, AR, DE, DC, FL, GA, KY, LA, MD, MS, NC, OK, SC, TN , TX, VA, WV)","GED","In CBSA, in central city","NO","3: Mother","YES","YES","NO","NO","YES","0: 0  CONDITION DOES NOT APPLY","ALWAYS WITH RIGHT HAND","USUALLY WITH RIGHT HAND","ALWAYS WITH RIGHT HAND","ALWAYS WITH LEFT HAND","ALWAYS WITH RIGHT HAND","0: 0  CONDITION DOES NOT APPLY","1: 1  CONDITION APPLIES","NO","FEMALE","MALE"
1981,64735,4,0,2,33790,6,183,2,2,2,4,2,2,2,2,1,2,1,5,2,6,1,1,55,27,"Male","Non-Black / Non-Hispanic","West (AK, AZ, CA, CO, HI, ID, MT, NV, NM, OR, UT, WA, WY)","High school diploma (Regular 12 year program)","In CBSA, not in central city","NO","3: Mother","YES","NO","NO","NO","NO","0: 0  CONDITION DOES NOT APPLY","ALWAYS WITH RIGHT HAND","ALWAYS WITH RIGHT HAND","ALWAYS WITH RIGHT HAND","ALWAYS WITH RIGHT HAND","ALWAYS WITH LEFT HAND","1: 1  CONDITION APPLIES","1: 1  CONDITION APPLIES","NO","MALE","FEMALE"
1984,64735,4,0,1,33790,5,183,1,1,4,4,4,4,2,2,1,2,1,4,4,5,1,1,31,24,"Female","Hispanic","West (AK, AZ, CA, CO, HI, ID, MT, NV, NM, OR, UT, WA, WY)","None","In CBSA, in central city","NO","3: Mother","YES","YES","YES","NO","YES","0: 0  CONDITION DOES NOT APPLY","ALWAYS WITH RIGHT HAND","ALWAYS WITH RIGHT HAND","ALWAYS WITH RIGHT HAND","ALWAYS WITH RIGHT HAND","ALWAYS WITH RIGHT HAND","1: 1  CONDITION APPLIES","1: 1  CONDITION APPLIES","NO","FEMALE","FEMALE"
1980,64735,1,0,4,33790,5,184,2,1,5,1,4,4,2,2,1,2,1,7,2,8,1,1,8,16,"Female","Non-Black / Non-Hispanic","North Central (IL, IN, IA, KS, MI, MN, MO, NE, OH, ND, SD, WI)","GED","In CBSA, in central city","NO","3: Mother","YES","NO","YES","NO","YES","0: 0  CONDITION DOES NOT APPLY","ALWAYS WITH RIGHT HAND","ALWAYS WITH RIGHT HAND","ALWAYS WITH RIGHT HAND","ALWAYS WITH RIGHT HAND","ALWAYS WITH LEFT HAND","1: 1  CONDITION APPLIES","0: 0  CONDITION DOES NOT APPLY","NO","MALE","MALE"
1984,64735,3,0,1,33790,5,182,1,1,3,5,5,3,2,1,2,1,1,5,1,7,1,1,31,22,"Female","Hispanic","South (AL, AR, DE, DC, FL, GA, KY, LA, MD, MS, NC, OK, SC, TN , TX, VA, WV)","High school diploma (Regular 12 year program)","In CBSA, not in central city","NO","3: Mother","NO","NO","YES","NO","YES","0: 0  CONDITION DOES NOT APPLY","ALWAYS WITH RIGHT HAND","ALWAYS WITH RIGHT HAND","ALWAYS WITH RIGHT HAND","ALWAYS WITH RIGHT HAND","ALWAYS WITH RIGHT HAND","1: 1  CONDITION APPLIES","1: 1  CONDITION APPLIES","NO","MALE","FEMALE"
1984,64735,1,0,3,33790,6,184,1,2,2,3,3,3,2,2,2,2,1,4,3,7,1,1,28,7,"Female","Non-Black / Non-Hispanic","South (AL, AR, DE, DC, FL, GA, KY, LA, MD, MS, NC, OK, SC, TN , TX, VA, WV)","None","In CBSA, in central city","NO","3: Mother","YES","NO","YES","NO","NO","0: 0  CONDITION DOES NOT APPLY","ALWAYS WITH RIGHT HAND","ALWAYS WITH RIGHT HAND","ALWAYS WITH RIGHT HAND","ALWAYS WITH RIGHT HAND","ALWAYS WITH LEFT HAND","1: 1  CONDITION APPLIES","1: 1  CONDITION APPLIES","NO","FEMALE","MALE"
1981,64735,2,0,1,20000,6,230,1,2,4,3,4,5,2,2,2,1,1,4,1,4,1,1,31,22,"Male","Non-Black / Non-Hispanic","South (AL, AR, DE, DC, FL, GA, KY, LA, MD, MS, NC, OK, SC, TN , TX, VA, WV)","Bachelor's degree (BA, BS)","In CBSA, not in central city","NO","3: Mother","NO","NO","NO","NO","NO","0: 0  CONDITION DOES NOT APPLY","ALWAYS WITH RIGHT HAND","ALWAYS WITH RIGHT HAND","ALWAYS WITH RIGHT HAND","USUALLY WITH LEFT HAND","ALWAYS WITH LEFT HAND","1: 1  CONDITION APPLIES","0: 0  CONDITION DOES NOT APPLY","NO","FEMALE","MALE"
1981,64735,5,0,2,33790,5,181,2,2,2,3,2,4,1,2,2,1,1,1,3,6,1,1,34,17,"Male","Black","South (AL, AR, DE, DC, FL, GA, KY, LA, MD, MS, NC, OK, SC, TN , TX, VA, WV)","Associate/Junior college (AA)","In CBSA, in central city","YES","3: Mother","NO","YES","NO","NO","NO","0: 0  CONDITION DOES NOT APPLY","ALWAYS WITH RIGHT HAND","USUALLY WITH BOTH HANDS EQUALLY","ALWAYS WITH RIGHT HAND","ALWAYS WITH LEFT HAND","USUALLY WITH RIGHT HAND","1: 1  CONDITION APPLIES","1: 1  CONDITION APPLIES","NO","FEMALE","FEMALE"
1982,64735,4,1,3,33790,5,181,1,1,5,3,4,5,1,2,1,2,1,6,3,7,1,1,32,22,"Male","Non-Black / Non-Hispanic","South (AL, AR, DE, DC, FL, GA, KY, LA, MD, MS, NC, OK, SC, TN , TX, VA, WV)","High school diploma (Regular 12 year program)","In CBSA, not in central city","NO","3: Mother","YES","NO","NO","NO","YES","0: 0  CONDITION DOES NOT APPLY","ALWAYS WITH RIGHT HAND","ALWAYS WITH RIGHT HAND","ALWAYS WITH RIGHT HAND","ALWAYS WITH RIGHT HAND","ALWAYS WITH LEFT HAND","1: 1  CONDITION APPLIES","1: 1  CONDITION APPLIES","NO","FEMALE","MALE"
1981,64735,3,0,2,33790,5,182,1,2,4,4,4,5,2,1,1,2,1,6,2,7,3,2,30,20,"Female","Black","North Central (IL, IN, IA, KS, MI, MN, MO, NE, OH, ND, SD, WI)","High school diploma (Regular 12 year program)","In CBSA, in central city","NO","3: Mother","YES","NO","NO","NO","NO","0: 0  CONDITION DOES NOT APPLY","ALWAYS WITH RIGHT HAND","ALWAYS WITH RIGHT HAND","ALWAYS WITH RIGHT HAND","ALWAYS WITH RIGHT HAND","ALWAYS WITH LEFT HAND","1: 1  CONDITION APPLIES","1: 1  CONDITION APPLIES","NO","MALE","MALE"
1981,64735,3,1,2,33790,5,182,1,2,5,3,2,2,2,2,2,2,1,3,4,6,1,1,30,23,"Male","Black","South (AL, AR, DE, DC, FL, GA, KY, LA, MD, MS, NC, OK, SC, TN , TX, VA, WV)","GED","In CBSA, not in central city","NO","3: Mother","YES","NO","NO","NO","NO","0: 0  CONDITION DOES NOT APPLY","ALWAYS WITH RIGHT HAND","ALWAYS WITH RIGHT HAND","USUALLY WITH BOTH HANDS EQUALLY","ALWAYS WITH RIGHT HAND","ALWAYS WITH LEFT HAND","1: 1  CONDITION APPLIES","1: 1  CONDITION APPLIES","NO","MALE","FEMALE"
1981,64735,3,1,4,33790,5,183,1,1,1,3,1,4,2,2,2,2,2,3,2,6,3,2,33,20,"Male","Black","South (AL, AR, DE, DC, FL, GA, KY, LA, MD, MS, NC, OK, SC, TN , TX, VA, WV)","High school diploma (Regular 12 year program)","In CBSA, not in central city","NO","3: Mother","YES","NO","NO","NO","YES","0: 0  CONDITION DOES NOT APPLY","ALWAYS WITH RIGHT HAND","ALWAYS WITH RIGHT HAND","ALWAYS WITH RIGHT HAND","ALWAYS WITH RIGHT HAND","ALWAYS WITH LEFT HAND","1: 1  CONDITION APPLIES","1: 1  CONDITION APPLIES","NO","MALE","FEMALE"
1984,64735,4,1,2,33790,5,185,2,1,2,8,2,3,2,2,1,2,1,3,5,7,1,1,10,17,"Female","Black","South (AL, AR, DE, DC, FL, GA, KY, LA, MD, MS, NC, OK, SC, TN , TX, VA, WV)","High school diploma (Regular 12 year program)","In CBSA, in central city","NO","3: Mother","YES","YES","NO","NO","NO","0: 0  CONDITION DOES NOT APPLY","ALWAYS WITH RIGHT HAND","ALWAYS WITH RIGHT HAND","ALWAYS WITH RIGHT HAND","ALWAYS WITH RIGHT HAND","ALWAYS WITH LEFT HAND","1: 1  CONDITION APPLIES","1: 1  CONDITION APPLIES","NO","MALE","MALE"
1982,316618,4,1,1,57000,5,180,1,2,3,3,1,1,2,2,2,1,1,3,1,7,1,1,31,20,"Female","Black","Northeast (CT, ME, MA, NH, NJ, NY, PA, RI, VT)","GED","In CBSA, in central city","NO","3: Mother","NO","NO","NO","NO","YES","0: 0  CONDITION DOES NOT APPLY","ALWAYS WITH RIGHT HAND","ALWAYS WITH RIGHT HAND","ALWAYS WITH RIGHT HAND","ALWAYS WITH RIGHT HAND","ALWAYS WITH LEFT HAND","1: 1  CONDITION APPLIES","1: 1  CONDITION APPLIES","NO","FEMALE","FEMALE"
1982,64735,4,0,2,33790,5,160,1,2,1,3,1,3,2,2,1,2,2,7,5,6,1,1,31,15,"Male","Black","South (AL, AR, DE, DC, FL, GA, KY, LA, MD, MS, NC, OK, SC, TN , TX, VA, WV)","High school diploma (Regular 12 year program)","In CBSA, not in central city","YES","3: Mother","NO","NO","NO","NO","NO","0: 0  CONDITION DOES NOT APPLY","ALWAYS WITH RIGHT HAND","ALWAYS WITH RIGHT HAND","USUALLY WITH BOTH HANDS EQUALLY","USUALLY WITH BOTH HANDS EQUALLY","USUALLY WITH LEFT HAND","1: 1  CONDITION APPLIES","1: 1  CONDITION APPLIES","NO","FEMALE","FEMALE"
1984,64735,4,1,1,33790,6,184,1,2,1,3,2,2,1,2,1,2,1,6,2,6,1,1,33,25,"Female","Non-Black / Non-Hispanic","West (AK, AZ, CA, CO, HI, ID, MT, NV, NM, OR, UT, WA, WY)","None","In CBSA, not in central city","YES","3: Mother","NO","YES","NO","NO","NO","0: 0  CONDITION DOES NOT APPLY","ALWAYS WITH RIGHT HAND","ALWAYS WITH RIGHT HAND","ALWAYS WITH RIGHT HAND","ALWAYS WITH RIGHT HAND","ALWAYS WITH LEFT HAND","1: 1  CONDITION APPLIES","1: 1  CONDITION APPLIES","NO","FEMALE","MALE"
1982,64735,3,0,1,33790,5,184,1,1,1,4,5,4,2,2,1,1,2,6,1,6,1,1,29,22,"Male","Black","Northeast (CT, ME, MA, NH, NJ, NY, PA, RI, VT)","High school diploma (Regular 12 year program)","In CBSA, not in central city","NO","3: Mother","NO","NO","NO","NO","YES","0: 0  CONDITION DOES NOT APPLY","ALWAYS WITH RIGHT HAND","ALWAYS WITH RIGHT HAND","ALWAYS WITH RIGHT HAND","ALWAYS WITH RIGHT HAND","ALWAYS WITH LEFT HAND","1: 1  CONDITION APPLIES","1: 1  CONDITION APPLIES","NO","FEMALE","MALE"
1982,64735,4,0,2,33790,5,179,1,1,3,3,5,3,1,2,1,2,1,6,1,6,1,1,29,18,"Female","Hispanic","North Central (IL, IN, IA, KS, MI, MN, MO, NE, OH, ND, SD, WI)","Bachelor's degree (BA, BS)","In CBSA, not in central city","NO","3: Mother","NO","NO","NO","NO","YES","0: 0  CONDITION DOES NOT APPLY","ALWAYS WITH RIGHT HAND","ALWAYS WITH RIGHT HAND","ALWAYS WITH RIGHT HAND","ALWAYS WITH RIGHT HAND","ALWAYS WITH LEFT HAND","1: 1  CONDITION APPLIES","1: 1  CONDITION APPLIES","NO","FEMALE","FEMALE"
1982,27350,1,1,1,33790,5,120,2,1,2,3,5,5,2,2,2,1,1,4,3,7,1,1,28,17,"Female","Non-Black / Non-Hispanic","North Central (IL, IN, IA, KS, MI, MN, MO, NE, OH, ND, SD, WI)","Bachelor's degree (BA, BS)","In CBSA, not in central city","NO","3: Mother","NO","NO","NO","NO","YES","0: 0  CONDITION DOES NOT APPLY","ALWAYS WITH RIGHT HAND","ALWAYS WITH RIGHT HAND","ALWAYS WITH RIGHT HAND","ALWAYS WITH RIGHT HAND","ALWAYS WITH LEFT HAND","0: 0  CONDITION DOES NOT APPLY","1: 1  CONDITION APPLIES","NO","FEMALE","MALE"
1982,115000,4,1,2,33790,5,184,1,1,2,1,3,2,2,2,1,2,2,6,2,5,1,1,32,26,"Female","Black","South (AL, AR, DE, DC, FL, GA, KY, LA, MD, MS, NC, OK, SC, TN , TX, VA, WV)","GED","In CBSA, not in central city","YES","3: Mother","NO","NO","NO","NO","NO","0: 0  CONDITION DOES NOT APPLY","DON'T DO THIS ACTIVITY","ALWAYS WITH RIGHT HAND","ALWAYS WITH RIGHT HAND","ALWAYS WITH RIGHT HAND","ALWAYS WITH LEFT HAND","1: 1  CONDITION APPLIES","1: 1  CONDITION APPLIES","NO","MALE","MALE"
1983,130000,3,1,3,33790,5,183,2,1,3,2,4,4,2,2,1,1,1,5,3,7,1,1,25,5,"Female","Non-Black / Non-Hispanic","South (AL, AR, DE, DC, FL, GA, KY, LA, MD, MS, NC, OK, SC, TN , TX, VA, WV)","High school diploma (Regular 12 year program)","In CBSA, not in central city","NO","3: Mother","YES","NO","NO","NO","YES","0: 0  CONDITION DOES NOT APPLY","ALWAYS WITH RIGHT HAND","ALWAYS WITH RIGHT HAND","ALWAYS WITH RIGHT HAND","ALWAYS WITH RIGHT HAND","ALWAYS WITH LEFT HAND","1: 1  CONDITION APPLIES","1: 1  CONDITION APPLIES","NO","MALE","FEMALE"
1980,64735,5,1,2,33790,5,120,1,1,2,3,4,3,2,2,2,2,1,2,2,6,1,1,32,21,"Female","Non-Black / Non-Hispanic","North Central (IL, IN, IA, KS, MI, MN, MO, NE, OH, ND, SD, WI)","High school diploma (Regular 12 year program)","In CBSA, not in central city","NO","3: Mother","NO","YES","NO","NO","YES","0: 0  CONDITION DOES NOT APPLY","ALWAYS WITH RIGHT HAND","ALWAYS WITH RIGHT HAND","ALWAYS WITH RIGHT HAND","ALWAYS WITH RIGHT HAND","ALWAYS WITH LEFT HAND","1: 1  CONDITION APPLIES","1: 1  CONDITION APPLIES","NO","MALE","MALE"
1984,64735,4,0,2,33790,5,182,1,2,3,4,2,8,2,2,2,2,1,1,1,7,1,1,30,22,"Male","Hispanic","South (AL, AR, DE, DC, FL, GA, KY, LA, MD, MS, NC, OK, SC, TN , TX, VA, WV)","GED","In CBSA, not in central city","NO","3: Mother","NO","NO","NO","NO","YES","0: 0  CONDITION DOES NOT APPLY","ALWAYS WITH RIGHT HAND","ALWAYS WITH RIGHT HAND","ALWAYS WITH RIGHT HAND","ALWAYS WITH RIGHT HAND","ALWAYS WITH LEFT HAND","1: 1  CONDITION APPLIES","1: 1  CONDITION APPLIES","NO","MALE","MALE"
1982,64735,3,0,1,33790,5,182,1,2,5,6,4,1,2,2,1,1,1,6,2,6,1,1,31,21,"Male","Black","South (AL, AR, DE, DC, FL, GA, KY, LA, MD, MS, NC, OK, SC, TN , TX, VA, WV)","High school diploma (Regular 12 year program)","In CBSA, in central city","NO","3: Mother","NO","NO","NO","NO","YES","0: 0  CONDITION DOES NOT APPLY","ALWAYS WITH RIGHT HAND","ALWAYS WITH RIGHT HAND","ALWAYS WITH RIGHT HAND","ALWAYS WITH RIGHT HAND","ALWAYS WITH LEFT HAND","1: 1  CONDITION APPLIES","1: 1  CONDITION APPLIES","NO","MALE","MALE"
1984,30291,5,0,2,9700,5,182,1,1,1,2,2,7,2,2,2,2,1,5,3,7,1,1,31,25,"Male","Black","South (AL, AR, DE, DC, FL, GA, KY, LA, MD, MS, NC, OK, SC, TN , TX, VA, WV)","GED","In CBSA, not in central city","NO","3: Mother","NO","YES","YES","NO","NO","0: 0  CONDITION DOES NOT APPLY","ALWAYS WITH RIGHT HAND","ALWAYS WITH RIGHT HAND","ALWAYS WITH RIGHT HAND","ALWAYS WITH RIGHT HAND","ALWAYS WITH LEFT HAND","1: 1  CONDITION APPLIES","1: 1  CONDITION APPLIES","NO","FEMALE","MALE"
1982,64735,1,0,1,33790,6,235,1,1,1,4,2,2,2,2,1,2,2,6,3,7,3,1,31,21,"Male","Hispanic","South (AL, AR, DE, DC, FL, GA, KY, LA, MD, MS, NC, OK, SC, TN , TX, VA, WV)","High school diploma (Regular 12 year program)","In CBSA, in central city","NO","3: Mother","YES","NO","NO","NO","YES","0: 0  CONDITION DOES NOT APPLY","ALWAYS WITH RIGHT HAND","ALWAYS WITH RIGHT HAND","ALWAYS WITH RIGHT HAND","ALWAYS WITH RIGHT HAND","ALWAYS WITH LEFT HAND","0: 0  CONDITION DOES NOT APPLY","1: 1  CONDITION APPLIES","YES","FEMALE","MALE"
1982,64735,3,0,3,33790,5,181,1,1,1,4,3,4,2,2,1,2,1,6,2,6,1,1,31,24,"Female","Black","South (AL, AR, DE, DC, FL, GA, KY, LA, MD, MS, NC, OK, SC, TN , TX, VA, WV)","GED","In CBSA, not in central city","NO","3: Mother","NO","YES","NO","NO","YES","0: 0  CONDITION DOES NOT APPLY","ALWAYS WITH RIGHT HAND","ALWAYS WITH RIGHT HAND","ALWAYS WITH RIGHT HAND","ALWAYS WITH RIGHT HAND","ALWAYS WITH LEFT HAND","1: 1  CONDITION APPLIES","1: 1  CONDITION APPLIES","NO","FEMALE","MALE"
1981,64735,4,1,3,33790,5,184,1,1,3,4,2,4,2,2,1,2,1,7,2,8,1,1,6,18,"Male","Non-Black / Non-Hispanic","South (AL, AR, DE, DC, FL, GA, KY, LA, MD, MS, NC, OK, SC, TN , TX, VA, WV)","Associate/Junior college (AA)","In CBSA, not in central city","NO","3: Mother","NO","NO","NO","NO","YES","0: 0  CONDITION DOES NOT APPLY","ALWAYS WITH RIGHT HAND","ALWAYS WITH RIGHT HAND","ALWAYS WITH RIGHT HAND","ALWAYS WITH RIGHT HAND","ALWAYS WITH LEFT HAND","1: 1  CONDITION APPLIES","1: 1  CONDITION APPLIES","NO","FEMALE","MALE"
1983,64735,3,0,1,33790,5,115,2,2,2,3,6,3,1,2,2,2,1,5,2,7,1,1,36,24,"Female","Non-Black / Non-Hispanic","South (AL, AR, DE, DC, FL, GA, KY, LA, MD, MS, NC, OK, SC, TN , TX, VA, WV)","Bachelor's degree (BA, BS)","In CBSA, not in central city","NO","3: Mother","NO","NO","NO","NO","YES","0: 0  CONDITION DOES NOT APPLY","ALWAYS WITH RIGHT HAND","ALWAYS WITH RIGHT HAND","ALWAYS WITH RIGHT HAND","ALWAYS WITH RIGHT HAND","USUALLY WITH LEFT HAND","1: 1  CONDITION APPLIES","0: 0  CONDITION DOES NOT APPLY","NO","FEMALE","MALE"
1985,64735,3,0,2,33790,5,200,1,2,4,5,1,2,2,2,2,2,1,6,4,8,1,1,29,22,"Male","Black","South (AL, AR, DE, DC, FL, GA, KY, LA, MD, MS, NC, OK, SC, TN , TX, VA, WV)","GED","In CBSA, in central city","NO","3: Mother","NO","YES","NO","NO","YES","0: 0  CONDITION DOES NOT APPLY","ALWAYS WITH RIGHT HAND","ALWAYS WITH RIGHT HAND","ALWAYS WITH RIGHT HAND","ALWAYS WITH RIGHT HAND","ALWAYS WITH LEFT HAND","1: 1  CONDITION APPLIES","1: 1  CONDITION APPLIES","NO","FEMALE","FEMALE"
1980,64735,3,1,2,62500,6,183,1,1,7,4,4,5,2,2,1,2,1,6,2,4,1,1,39,8,"Male","Non-Black / Non-Hispanic","North Central (IL, IN, IA, KS, MI, MN, MO, NE, OH, ND, SD, WI)","Bachelor's degree (BA, BS)","In CBSA, not in central city","NO","3: Mother","YES","NO","NO","NO","YES","0: 0  CONDITION DOES NOT APPLY","ALWAYS WITH RIGHT HAND","ALWAYS WITH RIGHT HAND","ALWAYS WITH RIGHT HAND","ALWAYS WITH RIGHT HAND","ALWAYS WITH LEFT HAND","0: 0  CONDITION DOES NOT APPLY","1: 1  CONDITION APPLIES","NO","FEMALE","FEMALE"
1984,64735,3,0,4,33790,5,185,1,1,5,3,3,1,2,2,2,1,1,6,1,5,1,1,42,56,"Male","Hispanic","South (AL, AR, DE, DC, FL, GA, KY, LA, MD, MS, NC, OK, SC, TN , TX, VA, WV)","High school diploma (Regular 12 year program)","In CBSA, in central city","YES","3: Mother","YES","YES","YES","NO","NO","0: 0  CONDITION DOES NOT APPLY","ALWAYS WITH RIGHT HAND","ALWAYS WITH RIGHT HAND","ALWAYS WITH RIGHT HAND","ALWAYS WITH RIGHT HAND","ALWAYS WITH LEFT HAND","1: 1  CONDITION APPLIES","1: 1  CONDITION APPLIES","NO","FEMALE","MALE"
1983,64735,2,0,2,33790,5,184,1,1,5,6,4,2,2,2,1,2,1,6,2,6,2,1,32,26,"Female","Non-Black / Non-Hispanic","South (AL, AR, DE, DC, FL, GA, KY, LA, MD, MS, NC, OK, SC, TN , TX, VA, WV)","High school diploma (Regular 12 year program)","In CBSA, not in central city","NO","3: Mother","YES","NO","NO","NO","YES","0: 0  CONDITION DOES NOT APPLY","ALWAYS WITH RIGHT HAND","ALWAYS WITH RIGHT HAND","USUALLY WITH BOTH HANDS EQUALLY","ALWAYS WITH RIGHT HAND","ALWAYS WITH LEFT HAND","1: 1  CONDITION APPLIES","1: 1  CONDITION APPLIES","NO","MALE","MALE"
1982,64735,4,1,1,33790,6,183,1,1,3,4,6,4,2,2,2,2,1,4,2,7,1,1,29,18,"Female","Non-Black / Non-Hispanic","North Central (IL, IN, IA, KS, MI, MN, MO, NE, OH, ND, SD, WI)","Bachelor's degree (BA, BS)","In CBSA, not in central city","NO","3: Mother","YES","NO","NO","NO","NO","0: 0  CONDITION DOES NOT APPLY","ALWAYS WITH RIGHT HAND","ALWAYS WITH RIGHT HAND","ALWAYS WITH RIGHT HAND","ALWAYS WITH RIGHT HAND","ALWAYS WITH LEFT HAND","1: 1  CONDITION APPLIES","1: 1  CONDITION APPLIES","NO","MALE","FEMALE"
1984,45000,3,0,1,33790,5,182,1,1,4,2,3,4,2,2,2,1,2,6,2,7,1,1,32,23,"Female","Non-Black / Non-Hispanic","South (AL, AR, DE, DC, FL, GA, KY, LA, MD, MS, NC, OK, SC, TN , TX, VA, WV)","High school diploma (Regular 12 year program)","Not in CBSA","NO","3: Mother","YES","YES","NO","NO","YES","0: 0  CONDITION DOES NOT APPLY","ALWAYS WITH RIGHT HAND","ALWAYS WITH LEFT HAND","ALWAYS WITH RIGHT HAND","ALWAYS WITH RIGHT HAND","ALWAYS WITH LEFT HAND","1: 1  CONDITION APPLIES","1: 1  CONDITION APPLIES","NO","FEMALE","FEMALE"
1981,64735,5,1,2,42000,5,180,1,1,2,4,5,7,2,2,1,2,1,6,1,6,1,1,27,21,"Male","Non-Black / Non-Hispanic","Northeast (CT, ME, MA, NH, NJ, NY, PA, RI, VT)","Master's degree (MA, MS)","In CBSA, in central city","NO","3: Mother","YES","NO","NO","NO","YES","0: 0  CONDITION DOES NOT APPLY","ALWAYS WITH RIGHT HAND","ALWAYS WITH RIGHT HAND","ALWAYS WITH RIGHT HAND","ALWAYS WITH RIGHT HAND","ALWAYS WITH LEFT HAND","1: 1  CONDITION APPLIES","1: 1  CONDITION APPLIES","NO","MALE","FEMALE"
1980,35000,2,0,2,35000,6,185,1,1,7,4,2,4,2,1,1,1,1,7,2,6,1,1,35,24,"Male","Non-Black / Non-Hispanic","South (AL, AR, DE, DC, FL, GA, KY, LA, MD, MS, NC, OK, SC, TN , TX, VA, WV)","High school diploma (Regular 12 year program)","In CBSA, in central city","NO","3: Mother","YES","NO","YES","NO","YES","0: 0  CONDITION DOES NOT APPLY","ALWAYS WITH RIGHT HAND","ALWAYS WITH RIGHT HAND","ALWAYS WITH RIGHT HAND","ALWAYS WITH RIGHT HAND","ALWAYS WITH LEFT HAND","1: 1  CONDITION APPLIES","1: 1  CONDITION APPLIES","NO","FEMALE","MALE"
1985,64735,4,0,1,33790,6,182,1,1,3,2,5,5,2,2,1,2,1,6,2,6,1,1,30,20,"Female","Non-Black / Non-Hispanic","North Central (IL, IN, IA, KS, MI, MN, MO, NE, OH, ND, SD, WI)","Bachelor's degree (BA, BS)","In CBSA, not in central city","NO","3: Mother","YES","NO","YES","NO","YES","0: 0  CONDITION DOES NOT APPLY","ALWAYS WITH RIGHT HAND","ALWAYS WITH RIGHT HAND","ALWAYS WITH RIGHT HAND","ALWAYS WITH RIGHT HAND","ALWAYS WITH LEFT HAND","1: 1  CONDITION APPLIES","0: 0  CONDITION DOES NOT APPLY","NO","FEMALE","MALE"
1981,64735,3,0,1,42500,5,183,1,1,5,3,2,5,2,2,1,2,1,5,2,6,1,1,32,22,"Female","Non-Black / Non-Hispanic","South (AL, AR, DE, DC, FL, GA, KY, LA, MD, MS, NC, OK, SC, TN , TX, VA, WV)","None","In CBSA, not in central city","NO","3: Mother","YES","NO","NO","NO","YES","0: 0  CONDITION DOES NOT APPLY","ALWAYS WITH RIGHT HAND","ALWAYS WITH RIGHT HAND","ALWAYS WITH RIGHT HAND","ALWAYS WITH RIGHT HAND","ALWAYS WITH LEFT HAND","1: 1  CONDITION APPLIES","1: 1  CONDITION APPLIES","NO","FEMALE","MALE"
1981,64735,3,1,3,33790,5,183,1,2,2,4,2,3,2,2,1,2,1,6,7,6,1,1,25,1,"Female","Non-Black / Non-Hispanic","South (AL, AR, DE, DC, FL, GA, KY, LA, MD, MS, NC, OK, SC, TN , TX, VA, WV)","Bachelor's degree (BA, BS)","In CBSA, not in central city","NO","3: Mother","YES","NO","NO","NO","YES","0: 0  CONDITION DOES NOT APPLY","ALWAYS WITH RIGHT HAND","ALWAYS WITH RIGHT HAND","ALWAYS WITH RIGHT HAND","ALWAYS WITH RIGHT HAND","ALWAYS WITH LEFT HAND","1: 1  CONDITION APPLIES","1: 1  CONDITION APPLIES","NO","FEMALE","FEMALE"
1980,64735,3,1,3,33790,4,184,1,1,3,4,5,5,2,2,1,1,1,6,2,7,1,1,30,20,"Female","Non-Black / Non-Hispanic","South (AL, AR, DE, DC, FL, GA, KY, LA, MD, MS, NC, OK, SC, TN , TX, VA, WV)","Master's degree (MA, MS)","In CBSA, in central city","NO","3: Mother","YES","NO","NO","NO","YES","0: 0  CONDITION DOES NOT APPLY","ALWAYS WITH RIGHT HAND","ALWAYS WITH RIGHT HAND","ALWAYS WITH RIGHT HAND","ALWAYS WITH RIGHT HAND","ALWAYS WITH LEFT HAND","1: 1  CONDITION APPLIES","1: 1  CONDITION APPLIES","NO","FEMALE","FEMALE"
1983,64735,2,0,1,33790,6,182,1,1,2,4,2,3,2,2,1,2,1,7,2,8,1,1,28,20,"Male","Non-Black / Non-Hispanic","South (AL, AR, DE, DC, FL, GA, KY, LA, MD, MS, NC, OK, SC, TN , TX, VA, WV)","High school diploma (Regular 12 year program)","In CBSA, not in central city","NO","3: Mother","YES","NO","NO","NO","YES","0: 0  CONDITION DOES NOT APPLY","ALWAYS WITH RIGHT HAND","ALWAYS WITH RIGHT HAND","ALWAYS WITH RIGHT HAND","ALWAYS WITH RIGHT HAND","ALWAYS WITH LEFT HAND","1: 1  CONDITION APPLIES","1: 1  CONDITION APPLIES","NO","FEMALE","FEMALE"
1982,64735,3,0,3,33790,5,182,2,1,3,2,4,5,2,2,2,1,1,6,2,5,1,1,31,18,"Female","Non-Black / Non-Hispanic","South (AL, AR, DE, DC, FL, GA, KY, LA, MD, MS, NC, OK, SC, TN , TX, VA, WV)","Bachelor's degree (BA, BS)","In CBSA, not in central city","NO","3: Mother","NO","NO","NO","NO","YES","0: 0  CONDITION DOES NOT APPLY","ALWAYS WITH RIGHT HAND","ALWAYS WITH RIGHT HAND","ALWAYS WITH RIGHT HAND","ALWAYS WITH RIGHT HAND","ALWAYS WITH LEFT HAND","1: 1  CONDITION APPLIES","1: 1  CONDITION APPLIES","NO","MALE","MALE"
1981,64735,4,0,1,33790,5,182,1,1,1,3,3,4,2,2,1,2,1,5,3,5,1,1,33,19,"Female","Non-Black / Non-Hispanic","South (AL, AR, DE, DC, FL, GA, KY, LA, MD, MS, NC, OK, SC, TN , TX, VA, WV)","High school diploma (Regular 12 year program)","In CBSA, not in central city","NO","3: Mother","NO","YES","NO","NO","YES","0: 0  CONDITION DOES NOT APPLY","ALWAYS WITH RIGHT HAND","USUALLY WITH RIGHT HAND","ALWAYS WITH RIGHT HAND","ALWAYS WITH RIGHT HAND","USUALLY WITH LEFT HAND","1: 1  CONDITION APPLIES","1: 1  CONDITION APPLIES","NO","MALE","FEMALE"
1983,64735,3,0,2,33790,5,190,1,1,4,3,4,4,1,2,2,2,1,5,3,7,1,1,31,21,"Male","Non-Black / Non-Hispanic","South (AL, AR, DE, DC, FL, GA, KY, LA, MD, MS, NC, OK, SC, TN , TX, VA, WV)","Bachelor's degree (BA, BS)","In CBSA, not in central city","NO","3: Mother","YES","NO","NO","NO","NO","0: 0  CONDITION DOES NOT APPLY","ALWAYS WITH RIGHT HAND","ALWAYS WITH RIGHT HAND","ALWAYS WITH RIGHT HAND","ALWAYS WITH RIGHT HAND","ALWAYS WITH LEFT HAND","1: 1  CONDITION APPLIES","1: 1  CONDITION APPLIES","NO","MALE","FEMALE"
1982,64735,3,0,1,33790,5,181,1,1,1,3,4,2,2,2,1,2,1,5,1,7,1,1,31,25,"Female","Non-Black / Non-Hispanic","Northeast (CT, ME, MA, NH, NJ, NY, PA, RI, VT)","High school diploma (Regular 12 year program)","In CBSA, not in central city","NO","3: Mother","YES","YES","NO","NO","YES","0: 0  CONDITION DOES NOT APPLY","ALWAYS WITH RIGHT HAND","ALWAYS WITH RIGHT HAND","ALWAYS WITH RIGHT HAND","ALWAYS WITH RIGHT HAND","ALWAYS WITH LEFT HAND","1: 1  CONDITION APPLIES","1: 1  CONDITION APPLIES","NO","MALE","MALE"
1984,100,3,0,3,33790,5,182,2,1,3,4,4,3,2,2,2,2,2,5,1,6,1,1,30,19,"Female","Non-Black / Non-Hispanic","West (AK, AZ, CA, CO, HI, ID, MT, NV, NM, OR, UT, WA, WY)","Bachelor's degree (BA, BS)","In CBSA, not in central city","NO","3: Mother","YES","NO","NO","NO","YES","0: 0  CONDITION DOES NOT APPLY","ALWAYS WITH RIGHT HAND","ALWAYS WITH RIGHT HAND","ALWAYS WITH RIGHT HAND","ALWAYS WITH RIGHT HAND","ALWAYS WITH LEFT HAND","1: 1  CONDITION APPLIES","1: 1  CONDITION APPLIES","NO","MALE","FEMALE"
1983,50005,1,0,3,33790,5,182,2,1,3,3,2,6,2,2,2,1,2,2,4,8,1,1,27,20,"Male","Non-Black / Non-Hispanic","South (AL, AR, DE, DC, FL, GA, KY, LA, MD, MS, NC, OK, SC, TN , TX, VA, WV)","Associate/Junior college (AA)","In CBSA, not in central city","NO","3: Mother","YES","NO","NO","NO","YES","0: 0  CONDITION DOES NOT APPLY","ALWAYS WITH RIGHT HAND","ALWAYS WITH RIGHT HAND","ALWAYS WITH RIGHT HAND","ALWAYS WITH RIGHT HAND","ALWAYS WITH LEFT HAND","1: 1  CONDITION APPLIES","1: 1  CONDITION APPLIES","NO","FEMALE","MALE"
1982,64735,2,0,1,33790,5,181,1,1,5,3,3,5,2,2,2,1,1,3,2,6,1,1,31,21,"Male","Non-Black / Non-Hispanic","South (AL, AR, DE, DC, FL, GA, KY, LA, MD, MS, NC, OK, SC, TN , TX, VA, WV)","Bachelor's degree (BA, BS)","Not in country","NO","3: Mother","YES","NO","NO","NO","YES","0: 0  CONDITION DOES NOT APPLY","ALWAYS WITH RIGHT HAND","USUALLY WITH RIGHT HAND","USUALLY WITH RIGHT HAND","USUALLY WITH RIGHT HAND","USUALLY WITH LEFT HAND","1: 1  CONDITION APPLIES","1: 1  CONDITION APPLIES","NO","FEMALE","MALE"
1980,64735,2,0,3,33790,5,182,1,1,2,3,3,1,2,1,1,2,1,7,3,6,1,1,60,26,"Female","Non-Black / Non-Hispanic","South (AL, AR, DE, DC, FL, GA, KY, LA, MD, MS, NC, OK, SC, TN , TX, VA, WV)","Bachelor's degree (BA, BS)","In CBSA, not in central city","NO","3: Mother","NO","NO","NO","NO","YES","0: 0  CONDITION DOES NOT APPLY","ALWAYS WITH RIGHT HAND","ALWAYS WITH RIGHT HAND","ALWAYS WITH RIGHT HAND","ALWAYS WITH RIGHT HAND","ALWAYS WITH LEFT HAND","1: 1  CONDITION APPLIES","1: 1  CONDITION APPLIES","NO","FEMALE","FEMALE"
1982,64735,4,0,2,20000,5,181,1,1,2,4,3,5,1,2,1,1,1,6,2,6,1,1,29,20,"Male","Non-Black / Non-Hispanic","North Central (IL, IN, IA, KS, MI, MN, MO, NE, OH, ND, SD, WI)","Master's degree (MA, MS)","In CBSA, not in central city","NO","3: Mother","YES","NO","NO","NO","YES","0: 0  CONDITION DOES NOT APPLY","ALWAYS WITH RIGHT HAND","ALWAYS WITH RIGHT HAND","ALWAYS WITH RIGHT HAND","ALWAYS WITH RIGHT HAND","ALWAYS WITH LEFT HAND","1: 1  CONDITION APPLIES","1: 1  CONDITION APPLIES","NO","FEMALE","FEMALE"
1983,64735,4,0,2,33790,5,180,1,1,4,3,8,2,2,2,2,2,1,5,2,8,1,1,37,59,"Female","Non-Black / Non-Hispanic","Northeast (CT, ME, MA, NH, NJ, NY, PA, RI, VT)","Associate/Junior college (AA)","In CBSA, not in central city","YES","3: Mother","NO","YES","NO","NO","YES","0: 0  CONDITION DOES NOT APPLY","ALWAYS WITH RIGHT HAND","ALWAYS WITH RIGHT HAND","ALWAYS WITH RIGHT HAND","ALWAYS WITH RIGHT HAND","ALWAYS WITH LEFT HAND","1: 1  CONDITION APPLIES","1: 1  CONDITION APPLIES","NO","FEMALE","MALE"
1984,64735,3,0,1,33790,5,179,1,1,3,5,3,6,1,2,1,2,1,6,2,7,1,2,32,22,"Female","Non-Black / Non-Hispanic","Northeast (CT, ME, MA, NH, NJ, NY, PA, RI, VT)","Bachelor's degree (BA, BS)","In CBSA, not in central city","NO","3: Mother","YES","NO","NO","NO","NO","0: 0  CONDITION DOES NOT APPLY","ALWAYS WITH RIGHT HAND","ALWAYS WITH RIGHT HAND","ALWAYS WITH RIGHT HAND","ALWAYS WITH RIGHT HAND","ALWAYS WITH LEFT HAND","0: 0  CONDITION DOES NOT APPLY","1: 1  CONDITION APPLIES","NO","MALE","FEMALE"
1983,60000,2,0,2,33790,5,180,2,1,5,2,2,4,2,2,2,2,1,4,3,8,1,1,26,21,"Female","Non-Black / Non-Hispanic","South (AL, AR, DE, DC, FL, GA, KY, LA, MD, MS, NC, OK, SC, TN , TX, VA, WV)","Bachelor's degree (BA, BS)","In CBSA, not in central city","NO","3: Mother","YES","NO","NO","NO","YES","0: 0  CONDITION DOES NOT APPLY","ALWAYS WITH RIGHT HAND","ALWAYS WITH RIGHT HAND","ALWAYS WITH RIGHT HAND","ALWAYS WITH RIGHT HAND","ALWAYS WITH LEFT HAND","1: 1  CONDITION APPLIES","0: 0  CONDITION DOES NOT APPLY","NO","MALE","MALE"
1981,101000,3,0,2,33790,5,182,1,2,3,6,7,3,2,2,2,2,1,7,2,7,1,1,32,24,"Male","Non-Black / Non-Hispanic","South (AL, AR, DE, DC, FL, GA, KY, LA, MD, MS, NC, OK, SC, TN , TX, VA, WV)","High school diploma (Regular 12 year program)","In CBSA, in central city","NO","3: Mother","NO","NO","NO","NO","YES","0: 0  CONDITION DOES NOT APPLY","ALWAYS WITH RIGHT HAND","ALWAYS WITH RIGHT HAND","ALWAYS WITH RIGHT HAND","ALWAYS WITH RIGHT HAND","ALWAYS WITH LEFT HAND","1: 1  CONDITION APPLIES","1: 1  CONDITION APPLIES","NO","FEMALE","MALE"
1984,64735,5,0,2,42000,5,182,1,1,5,5,3,4,2,2,1,1,1,5,3,6,1,1,32,24,"Female","Non-Black / Non-Hispanic","South (AL, AR, DE, DC, FL, GA, KY, LA, MD, MS, NC, OK, SC, TN , TX, VA, WV)","High school diploma (Regular 12 year program)","In CBSA, not in central city","YES","3: Mother","YES","NO","YES","NO","YES","0: 0  CONDITION DOES NOT APPLY","ALWAYS WITH RIGHT HAND","USUALLY WITH RIGHT HAND","ALWAYS WITH RIGHT HAND","ALWAYS WITH RIGHT HAND","ALWAYS WITH LEFT HAND","1: 1  CONDITION APPLIES","1: 1  CONDITION APPLIES","NO","MALE","FEMALE"
1984,64735,2,0,1,33790,6,183,1,2,4,3,4,4,1,2,2,2,2,9,2,7,1,1,27,21,"Male","Non-Black / Non-Hispanic","Northeast (CT, ME, MA, NH, NJ, NY, PA, RI, VT)","Bachelor's degree (BA, BS)","In CBSA, in central city","NO","3: Mother","YES","NO","NO","NO","YES","0: 0  CONDITION DOES NOT APPLY","ALWAYS WITH RIGHT HAND","ALWAYS WITH RIGHT HAND","ALWAYS WITH RIGHT HAND","ALWAYS WITH RIGHT HAND","ALWAYS WITH LEFT HAND","0: 0  CONDITION DOES NOT APPLY","1: 1  CONDITION APPLIES","NO","MALE","MALE"
1981,64735,1,0,1,33790,5,183,1,2,4,4,4,3,2,2,2,1,1,7,2,5,1,1,32,24,"Male","Non-Black / Non-Hispanic","South (AL, AR, DE, DC, FL, GA, KY, LA, MD, MS, NC, OK, SC, TN , TX, VA, WV)","Master's degree (MA, MS)","In CBSA, in central city","NO","3: Mother","YES","NO","NO","NO","YES","0: 0  CONDITION DOES NOT APPLY","ALWAYS WITH LEFT HAND","ALWAYS WITH RIGHT HAND","ALWAYS WITH RIGHT HAND","ALWAYS WITH LEFT HAND","DON'T DO THIS ACTIVITY","1: 1  CONDITION APPLIES","1: 1  CONDITION APPLIES","NO","MALE","FEMALE"
1984,64735,2,1,2,33790,5,181,1,2,5,6,3,2,1,1,1,2,2,3,2,8,1,1,31,20,"Male","Hispanic","Northeast (CT, ME, MA, NH, NJ, NY, PA, RI, VT)","PhD","In CBSA, in central city","NO","3: Mother","YES","NO","NO","NO","YES","0: 0  CONDITION DOES NOT APPLY","ALWAYS WITH RIGHT HAND","ALWAYS WITH RIGHT HAND","ALWAYS WITH RIGHT HAND","ALWAYS WITH RIGHT HAND","ALWAYS WITH LEFT HAND","1: 1  CONDITION APPLIES","1: 1  CONDITION APPLIES","NO","MALE","FEMALE"
1983,118000,1,0,3,33790,5,181,1,2,1,4,3,5,2,2,1,2,1,7,3,8,1,1,28,20,"Female","Non-Black / Non-Hispanic","South (AL, AR, DE, DC, FL, GA, KY, LA, MD, MS, NC, OK, SC, TN , TX, VA, WV)","Bachelor's degree (BA, BS)","In CBSA, in central city","NO","3: Mother","YES","NO","NO","NO","YES","0: 0  CONDITION DOES NOT APPLY","ALWAYS WITH LEFT HAND","ALWAYS WITH RIGHT HAND","ALWAYS WITH LEFT HAND","USUALLY WITH LEFT HAND","ALWAYS WITH LEFT HAND","1: 1  CONDITION APPLIES","1: 1  CONDITION APPLIES","NO","FEMALE","FEMALE"
1980,64735,3,0,1,33790,6,183,1,2,4,4,1,2,2,2,2,2,1,4,7,7,1,1,31,22,"Male","Black","South (AL, AR, DE, DC, FL, GA, KY, LA, MD, MS, NC, OK, SC, TN , TX, VA, WV)","GED","In CBSA, not in central city","NO","3: Mother","YES","YES","NO","NO","NO","0: 0  CONDITION DOES NOT APPLY","ALWAYS WITH RIGHT HAND","ALWAYS WITH RIGHT HAND","ALWAYS WITH RIGHT HAND","ALWAYS WITH RIGHT HAND","ALWAYS WITH LEFT HAND","1: 1  CONDITION APPLIES","1: 1  CONDITION APPLIES","NO","FEMALE","FEMALE"
1981,64735,3,0,3,33790,5,181,1,1,5,2,5,6,2,2,2,2,1,6,5,6,1,1,34,22,"Male","Non-Black / Non-Hispanic","Northeast (CT, ME, MA, NH, NJ, NY, PA, RI, VT)","Bachelor's degree (BA, BS)","In CBSA, not in central city","NO","3: Mother","YES","NO","YES","NO","YES","0: 0  CONDITION DOES NOT APPLY","ALWAYS WITH RIGHT HAND","ALWAYS WITH RIGHT HAND","USUALLY WITH RIGHT HAND","ALWAYS WITH RIGHT HAND","ALWAYS WITH LEFT HAND","1: 1  CONDITION APPLIES","1: 1  CONDITION APPLIES","NO","FEMALE","MALE"
1981,64735,3,0,3,33790,5,182,1,2,5,3,5,5,2,2,2,2,1,7,2,4,1,1,31,20,"Female","Non-Black / Non-Hispanic","North Central (IL, IN, IA, KS, MI, MN, MO, NE, OH, ND, SD, WI)","Bachelor's degree (BA, BS)","In CBSA, not in central city","NO","3: Mother","YES","NO","NO","NO","YES","0: 0  CONDITION DOES NOT APPLY","ALWAYS WITH RIGHT HAND","USUALLY WITH RIGHT HAND","ALWAYS WITH RIGHT HAND","ALWAYS WITH RIGHT HAND","USUALLY WITH LEFT HAND","1: 1  CONDITION APPLIES","1: 1  CONDITION APPLIES","NO","MALE","FEMALE"
1984,64735,3,1,2,33790,5,120,1,1,2,2,3,5,1,2,2,2,2,7,3,7,1,1,32,21,"Female","Non-Black / Non-Hispanic","North Central (IL, IN, IA, KS, MI, MN, MO, NE, OH, ND, SD, WI)","None","In CBSA, in central city","NO","3: Mother","YES","NO","NO","NO","YES","0: 0  CONDITION DOES NOT APPLY","ALWAYS WITH RIGHT HAND","ALWAYS WITH RIGHT HAND","ALWAYS WITH RIGHT HAND","ALWAYS WITH RIGHT HAND","ALWAYS WITH LEFT HAND","1: 1  CONDITION APPLIES","1: 1  CONDITION APPLIES","NO","FEMALE","MALE"
1984,64735,2,1,3,16250,5,183,2,2,4,4,4,7,2,2,2,2,2,1,1,7,1,1,28,21,"Male","Hispanic","Northeast (CT, ME, MA, NH, NJ, NY, PA, RI, VT)","High school diploma (Regular 12 year program)","In CBSA, not in central city","YES","3: Mother","YES","NO","NO","NO","YES","0: 0  CONDITION DOES NOT APPLY","ALWAYS WITH RIGHT HAND","ALWAYS WITH RIGHT HAND","ALWAYS WITH RIGHT HAND","USUALLY WITH BOTH HANDS EQUALLY","ALWAYS WITH LEFT HAND","0: 0  CONDITION DOES NOT APPLY","1: 1  CONDITION APPLIES","NO","FEMALE","MALE"
1982,64735,3,0,1,33790,5,215,2,1,4,5,3,2,2,1,1,2,1,3,6,7,1,1,30,22,"Male","Non-Black / Non-Hispanic","West (AK, AZ, CA, CO, HI, ID, MT, NV, NM, OR, UT, WA, WY)","High school diploma (Regular 12 year program)","In CBSA, in central city","NO","3: Mother","NO","YES","YES","NO","NO","0: 0  CONDITION DOES NOT APPLY","ALWAYS WITH RIGHT HAND","ALWAYS WITH RIGHT HAND","ALWAYS WITH RIGHT HAND","ALWAYS WITH RIGHT HAND","ALWAYS WITH LEFT HAND","1: 1  CONDITION APPLIES","1: 1  CONDITION APPLIES","NO","FEMALE","FEMALE"
1982,64735,3,0,2,33790,5,181,3,2,5,4,5,4,2,2,2,2,2,5,2,6,1,1,29,18,"Male","Non-Black / Non-Hispanic","North Central (IL, IN, IA, KS, MI, MN, MO, NE, OH, ND, SD, WI)","High school diploma (Regular 12 year program)","In CBSA, not in central city","NO","3: Mother","YES","NO","NO","NO","NO","0: 0  CONDITION DOES NOT APPLY","ALWAYS WITH RIGHT HAND","USUALLY WITH BOTH HANDS EQUALLY","ALWAYS WITH RIGHT HAND","ALWAYS WITH RIGHT HAND","ALWAYS WITH LEFT HAND","1: 1  CONDITION APPLIES","1: 1  CONDITION APPLIES","NO","FEMALE","MALE"
1982,64735,3,1,1,36000,6,187,1,1,6,4,3,6,2,2,1,2,1,4,3,8,1,2,32,22,"Male","Non-Black / Non-Hispanic","Northeast (CT, ME, MA, NH, NJ, NY, PA, RI, VT)","High school diploma (Regular 12 year program)","In CBSA, not in central city","NO","3: Mother","YES","NO","YES","NO","YES","0: 0  CONDITION DOES NOT APPLY","ALWAYS WITH RIGHT HAND","ALWAYS WITH RIGHT HAND","ALWAYS WITH RIGHT HAND","ALWAYS WITH RIGHT HAND","ALWAYS WITH LEFT HAND","1: 1  CONDITION APPLIES","1: 1  CONDITION APPLIES","NO","FEMALE","FEMALE"
1980,64735,3,1,2,33790,6,185,1,1,4,4,3,3,2,2,2,2,1,4,2,7,1,1,8,14,"Male","Non-Black / Non-Hispanic","North Central (IL, IN, IA, KS, MI, MN, MO, NE, OH, ND, SD, WI)","Bachelor's degree (BA, BS)","In CBSA, not in central city","NO","3: Mother","NO","NO","NO","NO","YES","0: 0  CONDITION DOES NOT APPLY","ALWAYS WITH RIGHT HAND","ALWAYS WITH RIGHT HAND","USUALLY WITH BOTH HANDS EQUALLY","ALWAYS WITH RIGHT HAND","ALWAYS WITH LEFT HAND","1: 1  CONDITION APPLIES","1: 1  CONDITION APPLIES","NO","FEMALE","MALE"
1981,64735,4,1,3,5000,5,185,3,1,3,3,1,5,2,2,2,1,1,1,3,7,1,1,27,20,"Female","Non-Black / Non-Hispanic","South (AL, AR, DE, DC, FL, GA, KY, LA, MD, MS, NC, OK, SC, TN , TX, VA, WV)","None","In CBSA, not in central city","NO","3: Mother","NO","NO","YES","NO","YES","0: 0  CONDITION DOES NOT APPLY","ALWAYS WITH RIGHT HAND","ALWAYS WITH RIGHT HAND","ALWAYS WITH RIGHT HAND","ALWAYS WITH RIGHT HAND","ALWAYS WITH LEFT HAND","1: 1  CONDITION APPLIES","1: 1  CONDITION APPLIES","NO","FEMALE","MALE"
1981,64735,5,1,2,5000,5,183,1,1,4,7,2,5,2,1,1,1,1,2,4,5,1,1,25,19,"Male","Black","Northeast (CT, ME, MA, NH, NJ, NY, PA, RI, VT)","GED","In CBSA, in central city","NO","3: Mother","YES","NO","NO","NO","YES","0: 0  CONDITION DOES NOT APPLY","ALWAYS WITH RIGHT HAND","ALWAYS WITH RIGHT HAND","ALWAYS WITH RIGHT HAND","ALWAYS WITH RIGHT HAND","ALWAYS WITH LEFT HAND","1: 1  CONDITION APPLIES","1: 1  CONDITION APPLIES","NO","FEMALE","MALE"
1984,64735,4,0,2,33790,5,182,1,1,3,2,4,4,1,2,2,2,1,6,2,7,3,1,33,25,"Male","Black","South (AL, AR, DE, DC, FL, GA, KY, LA, MD, MS, NC, OK, SC, TN , TX, VA, WV)","High school diploma (Regular 12 year program)","In CBSA, in central city","YES","3: Mother","NO","NO","NO","NO","YES","0: 0  CONDITION DOES NOT APPLY","ALWAYS WITH RIGHT HAND","ALWAYS WITH RIGHT HAND","ALWAYS WITH RIGHT HAND","ALWAYS WITH RIGHT HAND","ALWAYS WITH LEFT HAND","1: 1  CONDITION APPLIES","1: 1  CONDITION APPLIES","NO","FEMALE","FEMALE"
1980,64735,3,1,1,33790,5,182,2,1,3,4,2,1,2,2,1,2,1,4,2,7,1,1,29,20,"Female","Black","Northeast (CT, ME, MA, NH, NJ, NY, PA, RI, VT)","High school diploma (Regular 12 year program)","In CBSA, not in central city","NO","3: Mother","YES","NO","NO","YES","YES","0: 0  CONDITION DOES NOT APPLY","ALWAYS WITH RIGHT HAND","ALWAYS WITH RIGHT HAND","ALWAYS WITH RIGHT HAND","ALWAYS WITH RIGHT HAND","USUALLY WITH BOTH HANDS EQUALLY","1: 1  CONDITION APPLIES","1: 1  CONDITION APPLIES","NO","FEMALE","FEMALE"
1982,22344,3,1,1,33790,5,184,1,1,2,3,3,3,2,2,1,2,1,3,3,7,2,1,31,26,"Female","Black","North Central (IL, IN, IA, KS, MI, MN, MO, NE, OH, ND, SD, WI)","None","In CBSA, in central city","YES","3: Mother","YES","YES","NO","NO","NO","0: 0  CONDITION DOES NOT APPLY","ALWAYS WITH RIGHT HAND","ALWAYS WITH RIGHT HAND","ALWAYS WITH RIGHT HAND","ALWAYS WITH RIGHT HAND","ALWAYS WITH LEFT HAND","1: 1  CONDITION APPLIES","1: 1  CONDITION APPLIES","NO","FEMALE","MALE"
1980,64735,3,0,3,33790,5,183,1,1,1,2,5,3,1,2,1,2,1,6,4,5,3,2,32,21,"Female","Non-Black / Non-Hispanic","Northeast (CT, ME, MA, NH, NJ, NY, PA, RI, VT)","Associate/Junior college (AA)","In CBSA, in central city","NO","3: Mother","YES","NO","NO","NO","YES","0: 0  CONDITION DOES NOT APPLY","ALWAYS WITH RIGHT HAND","ALWAYS WITH RIGHT HAND","ALWAYS WITH RIGHT HAND","ALWAYS WITH RIGHT HAND","ALWAYS WITH LEFT HAND","1: 1  CONDITION APPLIES","1: 1  CONDITION APPLIES","NO","MALE","MALE"
1984,64735,3,1,2,33790,5,183,2,1,2,3,2,3,2,2,1,2,1,4,3,6,1,1,33,19,"Female","Black","South (AL, AR, DE, DC, FL, GA, KY, LA, MD, MS, NC, OK, SC, TN , TX, VA, WV)","High school diploma (Regular 12 year program)","In CBSA, in central city","NO","3: Mother","NO","YES","NO","NO","YES","0: 0  CONDITION DOES NOT APPLY","ALWAYS WITH RIGHT HAND","ALWAYS WITH RIGHT HAND","ALWAYS WITH RIGHT HAND","ALWAYS WITH RIGHT HAND","USUALLY WITH BOTH HANDS EQUALLY","1: 1  CONDITION APPLIES","1: 1  CONDITION APPLIES","NO","FEMALE","FEMALE"
1983,25000,3,0,1,33790,5,184,1,2,1,5,5,6,2,2,2,2,1,5,2,6,1,1,26,21,"Male","Non-Black / Non-Hispanic","North Central (IL, IN, IA, KS, MI, MN, MO, NE, OH, ND, SD, WI)","Associate/Junior college (AA)","In CBSA, not in central city","NO","3: Mother","YES","YES","NO","NO","NO","0: 0  CONDITION DOES NOT APPLY","ALWAYS WITH RIGHT HAND","ALWAYS WITH RIGHT HAND","ALWAYS WITH RIGHT HAND","ALWAYS WITH RIGHT HAND","ALWAYS WITH LEFT HAND","1: 1  CONDITION APPLIES","1: 1  CONDITION APPLIES","NO","FEMALE","MALE"
1981,33750,3,1,1,33790,5,184,1,2,1,5,4,7,2,2,2,1,2,4,4,6,1,1,28,0,"Female","Black","North Central (IL, IN, IA, KS, MI, MN, MO, NE, OH, ND, SD, WI)","High school diploma (Regular 12 year program)","In CBSA, in central city","NO","3: Mother","NO","NO","NO","NO","NO","0: 0  CONDITION DOES NOT APPLY","ALWAYS WITH LEFT HAND","USUALLY WITH BOTH HANDS EQUALLY","ALWAYS WITH RIGHT HAND","ALWAYS WITH LEFT HAND","ALWAYS WITH LEFT HAND","1: 1  CONDITION APPLIES","1: 1  CONDITION APPLIES","NO","MALE","FEMALE"
1982,64735,2,1,4,33790,5,181,1,2,1,4,3,3,2,2,1,2,1,5,2,6,1,1,28,5,"Female","Non-Black / Non-Hispanic","South (AL, AR, DE, DC, FL, GA, KY, LA, MD, MS, NC, OK, SC, TN , TX, VA, WV)","High school diploma (Regular 12 year program)","In CBSA, in central city","NO","3: Mother","YES","NO","NO","NO","YES","0: 0  CONDITION DOES NOT APPLY","ALWAYS WITH RIGHT HAND","ALWAYS WITH RIGHT HAND","ALWAYS WITH RIGHT HAND","ALWAYS WITH RIGHT HAND","USUALLY WITH BOTH HANDS EQUALLY","0: 0  CONDITION DOES NOT APPLY","1: 1  CONDITION APPLIES","YES","MALE","MALE"
1982,64735,4,0,3,33790,5,185,1,1,3,4,1,2,2,2,1,1,2,1,2,7,1,1,32,23,"Male","Black","South (AL, AR, DE, DC, FL, GA, KY, LA, MD, MS, NC, OK, SC, TN , TX, VA, WV)","High school diploma (Regular 12 year program)","In CBSA, in central city","NO","3: Mother","NO","NO","NO","NO","YES","0: 0  CONDITION DOES NOT APPLY","ALWAYS WITH RIGHT HAND","ALWAYS WITH RIGHT HAND","USUALLY WITH BOTH HANDS EQUALLY","ALWAYS WITH RIGHT HAND","USUALLY WITH BOTH HANDS EQUALLY","1: 1  CONDITION APPLIES","1: 1  CONDITION APPLIES","NO","FEMALE","FEMALE"
1980,64735,2,0,4,33790,5,190,2,2,2,5,2,2,2,2,2,2,1,6,2,7,1,1,30,17,"Female","Non-Black / Non-Hispanic","South (AL, AR, DE, DC, FL, GA, KY, LA, MD, MS, NC, OK, SC, TN , TX, VA, WV)","High school diploma (Regular 12 year program)","In CBSA, not in central city","NO","3: Mother","NO","NO","NO","NO","YES","1: 1  CONDITION APPLIES","ALWAYS WITH RIGHT HAND","ALWAYS WITH RIGHT HAND","ALWAYS WITH RIGHT HAND","ALWAYS WITH RIGHT HAND","ALWAYS WITH LEFT HAND","1: 1  CONDITION APPLIES","0: 0  CONDITION DOES NOT APPLY","NO","MALE","FEMALE"
1981,64735,4,0,2,33790,5,185,1,1,2,4,2,4,2,2,1,2,1,7,4,9,1,1,29,24,"Male","Non-Black / Non-Hispanic","Northeast (CT, ME, MA, NH, NJ, NY, PA, RI, VT)","Master's degree (MA, MS)","In CBSA, not in central city","YES","3: Mother","NO","NO","NO","NO","YES","0: 0  CONDITION DOES NOT APPLY","ALWAYS WITH RIGHT HAND","ALWAYS WITH RIGHT HAND","ALWAYS WITH RIGHT HAND","ALWAYS WITH RIGHT HAND","ALWAYS WITH LEFT HAND","1: 1  CONDITION APPLIES","1: 1  CONDITION APPLIES","NO","FEMALE","FEMALE"
1980,64735,7,2,3,33790,5,186,1,1,2,4,2,6,2,2,1,2,1,6,2,7,2,1,28,12,"Male","Non-Black / Non-Hispanic","West (AK, AZ, CA, CO, HI, ID, MT, NV, NM, OR, UT, WA, WY)","Master's degree (MA, MS)","In CBSA, in central city","NO","3: Mother","NO","NO","NO","NO","YES","0: 0  CONDITION DOES NOT APPLY","ALWAYS WITH RIGHT HAND","ALWAYS WITH RIGHT HAND","ALWAYS WITH LEFT HAND","ALWAYS WITH LEFT HAND","ALWAYS WITH RIGHT HAND","1: 1  CONDITION APPLIES","0: 0  CONDITION DOES NOT APPLY","NO","MALE","FEMALE"
1983,64735,2,1,1,33790,5,183,2,2,3,4,2,4,2,2,2,2,2,3,3,7,1,1,29,19,"Male","Non-Black / Non-Hispanic","Northeast (CT, ME, MA, NH, NJ, NY, PA, RI, VT)","Associate/Junior college (AA)","In CBSA, in central city","NO","3: Mother","YES","NO","NO","NO","YES","1: 1  CONDITION APPLIES","ALWAYS WITH RIGHT HAND","ALWAYS WITH RIGHT HAND","DON'T DO THIS ACTIVITY","ALWAYS WITH RIGHT HAND","ALWAYS WITH LEFT HAND","1: 1  CONDITION APPLIES","1: 1  CONDITION APPLIES","NO","MALE","FEMALE"
1981,64735,3,0,2,33790,5,181,1,1,3,3,3,4,1,1,1,2,1,3,2,7,3,1,33,22,"Male","Hispanic","Northeast (CT, ME, MA, NH, NJ, NY, PA, RI, VT)","High school diploma (Regular 12 year program)","In CBSA, not in central city","NO","3: Mother","NO","YES","YES","NO","YES","0: 0  CONDITION DOES NOT APPLY","ALWAYS WITH RIGHT HAND","ALWAYS WITH RIGHT HAND","ALWAYS WITH RIGHT HAND","ALWAYS WITH RIGHT HAND","ALWAYS WITH LEFT HAND","1: 1  CONDITION APPLIES","1: 1  CONDITION APPLIES","NO","FEMALE","MALE"
1984,64735,4,2,2,33790,5,185,1,1,4,2,4,2,1,2,1,1,1,4,2,7,1,1,29,22,"Female","Black","Northeast (CT, ME, MA, NH, NJ, NY, PA, RI, VT)","High school diploma (Regular 12 year program)","In CBSA, not in central city","NO","3: Mother","YES","YES","NO","NO","YES","0: 0  CONDITION DOES NOT APPLY","ALWAYS WITH LEFT HAND","ALWAYS WITH LEFT HAND","ALWAYS WITH LEFT HAND","ALWAYS WITH RIGHT HAND","ALWAYS WITH LEFT HAND","1: 1  CONDITION APPLIES","1: 1  CONDITION APPLIES","NO","FEMALE","FEMALE"
1982,10000,1,0,3,33790,5,183,1,1,3,4,2,4,2,2,1,2,1,6,2,7,1,1,28,21,"Female","Non-Black / Non-Hispanic","Northeast (CT, ME, MA, NH, NJ, NY, PA, RI, VT)","None","In CBSA, not in central city","NO","3: Mother","YES","NO","NO","NO","NO","0: 0  CONDITION DOES NOT APPLY","ALWAYS WITH RIGHT HAND","ALWAYS WITH RIGHT HAND","USUALLY WITH RIGHT HAND","ALWAYS WITH RIGHT HAND","ALWAYS WITH LEFT HAND","1: 1  CONDITION APPLIES","1: 1  CONDITION APPLIES","NO","FEMALE","MALE"
1980,64735,3,0,2,33790,6,182,1,1,5,3,1,3,1,1,2,1,2,1,3,7,1,1,34,28,"Male","Black","Northeast (CT, ME, MA, NH, NJ, NY, PA, RI, VT)","GED","In CBSA, not in central city","YES","3: Mother","NO","YES","NO","NO","NO","0: 0  CONDITION DOES NOT APPLY","ALWAYS WITH RIGHT HAND","ALWAYS WITH RIGHT HAND","ALWAYS WITH RIGHT HAND","ALWAYS WITH RIGHT HAND","ALWAYS WITH LEFT HAND","1: 1  CONDITION APPLIES","1: 1  CONDITION APPLIES","NO","FEMALE","MALE"
1981,64735,3,1,3,33790,5,172,2,2,3,4,1,6,2,2,1,2,1,6,1,6,1,1,22,1,"Female","Non-Black / Non-Hispanic","West (AK, AZ, CA, CO, HI, ID, MT, NV, NM, OR, UT, WA, WY)","High school diploma (Regular 12 year program)","In CBSA, not in central city","YES","3: Mother","YES","NO","NO","NO","YES","0: 0  CONDITION DOES NOT APPLY","ALWAYS WITH RIGHT HAND","USUALLY WITH RIGHT HAND","ALWAYS WITH RIGHT HAND","ALWAYS WITH RIGHT HAND","ALWAYS WITH LEFT HAND","1: 1  CONDITION APPLIES","0: 0  CONDITION DOES NOT APPLY","YES","MALE","FEMALE"
1983,64735,2,0,1,25000,5,140,1,1,3,5,4,4,2,2,1,1,1,5,2,5,1,1,35,21,"Female","Non-Black / Non-Hispanic","North Central (IL, IN, IA, KS, MI, MN, MO, NE, OH, ND, SD, WI)","Bachelor's degree (BA, BS)","In CBSA, in central city","NO","3: Mother","YES","NO","NO","NO","NO","0: 0  CONDITION DOES NOT APPLY","ALWAYS WITH RIGHT HAND","USUALLY WITH RIGHT HAND","ALWAYS WITH RIGHT HAND","ALWAYS WITH RIGHT HAND","ALWAYS WITH LEFT HAND","1: 1  CONDITION APPLIES","1: 1  CONDITION APPLIES","NO","MALE","FEMALE"
1983,64735,3,1,2,33790,6,115,1,1,2,1,4,5,1,1,2,1,1,1,2,7,1,1,23,18,"Male","Non-Black / Non-Hispanic","West (AK, AZ, CA, CO, HI, ID, MT, NV, NM, OR, UT, WA, WY)","GED","In CBSA, in central city","NO","3: Mother","YES","NO","NO","NO","NO","0: 0  CONDITION DOES NOT APPLY","ALWAYS WITH RIGHT HAND","ALWAYS WITH RIGHT HAND","ALWAYS WITH RIGHT HAND","ALWAYS WITH RIGHT HAND","ALWAYS WITH LEFT HAND","1: 1  CONDITION APPLIES","1: 1  CONDITION APPLIES","NO","MALE","MALE"
1983,64735,4,0,5,33790,5,183,1,1,4,5,2,1,2,2,2,1,1,6,3,6,1,1,33,27,"Male","Black","South (AL, AR, DE, DC, FL, GA, KY, LA, MD, MS, NC, OK, SC, TN , TX, VA, WV)","High school diploma (Regular 12 year program)","In CBSA, not in central city","YES","3: Mother","YES","NO","YES","NO","YES","0: 0  CONDITION DOES NOT APPLY","ALWAYS WITH RIGHT HAND","ALWAYS WITH RIGHT HAND","ALWAYS WITH RIGHT HAND","ALWAYS WITH RIGHT HAND","ALWAYS WITH LEFT HAND","1: 1  CONDITION APPLIES","1: 1  CONDITION APPLIES","NO","FEMALE","MALE"
1984,64735,3,1,1,33790,5,260,1,1,2,4,4,5,2,2,2,1,1,4,1,6,1,1,31,18,"Female","Non-Black / Non-Hispanic","West (AK, AZ, CA, CO, HI, ID, MT, NV, NM, OR, UT, WA, WY)","High school diploma (Regular 12 year program)","In CBSA, not in central city","NO","3: Mother","YES","NO","NO","NO","YES","0: 0  CONDITION DOES NOT APPLY","ALWAYS WITH RIGHT HAND","ALWAYS WITH RIGHT HAND","ALWAYS WITH RIGHT HAND","ALWAYS WITH RIGHT HAND","ALWAYS WITH LEFT HAND","0: 0  CONDITION DOES NOT APPLY","1: 1  CONDITION APPLIES","NO","FEMALE","MALE"
1982,64735,3,1,1,33790,5,182,1,1,3,4,4,4,2,2,1,1,1,2,3,7,1,1,30,20,"Female","Hispanic","West (AK, AZ, CA, CO, HI, ID, MT, NV, NM, OR, UT, WA, WY)","High school diploma (Regular 12 year program)","In CBSA, in central city","YES","3: Mother","YES","NO","NO","NO","YES","0: 0  CONDITION DOES NOT APPLY","ALWAYS WITH RIGHT HAND","ALWAYS WITH RIGHT HAND","ALWAYS WITH RIGHT HAND","ALWAYS WITH RIGHT HAND","ALWAYS WITH LEFT HAND","1: 1  CONDITION APPLIES","1: 1  CONDITION APPLIES","NO","FEMALE","FEMALE"
1982,64735,3,0,1,33790,6,181,2,1,5,3,5,3,2,2,1,2,2,1,3,6,1,1,28,20,"Male","Non-Black / Non-Hispanic","South (AL, AR, DE, DC, FL, GA, KY, LA, MD, MS, NC, OK, SC, TN , TX, VA, WV)","High school diploma (Regular 12 year program)","Not in CBSA","NO","3: Mother","YES","NO","YES","NO","YES","0: 0  CONDITION DOES NOT APPLY","ALWAYS WITH RIGHT HAND","ALWAYS WITH RIGHT HAND","USUALLY WITH BOTH HANDS EQUALLY","ALWAYS WITH RIGHT HAND","ALWAYS WITH LEFT HAND","0: 0  CONDITION DOES NOT APPLY","1: 1  CONDITION APPLIES","YES","FEMALE","MALE"
1987,64735,1,0,1,40000,5,181,1,2,3,1,5,5,2,2,2,2,2,4,1,7,1,1,35,24,"Male","Non-Black / Non-Hispanic","West (AK, AZ, CA, CO, HI, ID, MT, NV, NM, OR, UT, WA, WY)","Associate/Junior college (AA)","In CBSA, in central city","NO","3: Mother","YES","NO","NO","NO","YES","0: 0  CONDITION DOES NOT APPLY","ALWAYS WITH RIGHT HAND","ALWAYS WITH RIGHT HAND","ALWAYS WITH RIGHT HAND","ALWAYS WITH RIGHT HAND","ALWAYS WITH LEFT HAND","1: 1  CONDITION APPLIES","1: 1  CONDITION APPLIES","NO","FEMALE","MALE"
1984,64735,3,1,3,33790,5,176,1,1,2,5,5,6,2,1,2,2,2,6,2,8,2,1,31,22,"Female","Non-Black / Non-Hispanic","West (AK, AZ, CA, CO, HI, ID, MT, NV, NM, OR, UT, WA, WY)","Bachelor's degree (BA, BS)","In CBSA, not in central city","NO","3: Mother","YES","NO","YES","NO","YES","0: 0  CONDITION DOES NOT APPLY","ALWAYS WITH RIGHT HAND","ALWAYS WITH RIGHT HAND","ALWAYS WITH RIGHT HAND","ALWAYS WITH RIGHT HAND","ALWAYS WITH LEFT HAND","1: 1  CONDITION APPLIES","1: 1  CONDITION APPLIES","NO","MALE","FEMALE"
1984,64735,3,0,2,33790,5,181,1,2,3,4,5,2,2,1,2,2,2,6,3,7,1,1,32,23,"Male","Non-Black / Non-Hispanic","Northeast (CT, ME, MA, NH, NJ, NY, PA, RI, VT)","Bachelor's degree (BA, BS)","In CBSA, not in central city","NO","3: Mother","YES","YES","NO","NO","YES","0: 0  CONDITION DOES NOT APPLY","ALWAYS WITH RIGHT HAND","ALWAYS WITH RIGHT HAND","ALWAYS WITH RIGHT HAND","ALWAYS WITH RIGHT HAND","ALWAYS WITH LEFT HAND","1: 1  CONDITION APPLIES","1: 1  CONDITION APPLIES","NO","FEMALE","MALE"
1982,64735,3,0,3,65000,5,183,1,2,1,5,2,5,2,2,1,2,1,6,1,7,1,1,32,25,"Female","Non-Black / Non-Hispanic","South (AL, AR, DE, DC, FL, GA, KY, LA, MD, MS, NC, OK, SC, TN , TX, VA, WV)","Bachelor's degree (BA, BS)","In CBSA, not in central city","YES","3: Mother","NO","YES","NO","NO","YES","0: 0  CONDITION DOES NOT APPLY","ALWAYS WITH RIGHT HAND","ALWAYS WITH RIGHT HAND","ALWAYS WITH RIGHT HAND","ALWAYS WITH RIGHT HAND","ALWAYS WITH LEFT HAND","1: 1  CONDITION APPLIES","1: 1  CONDITION APPLIES","NO","MALE","FEMALE"
1981,40000,2,1,1,33790,5,182,1,1,2,3,4,2,1,2,2,1,1,6,3,7,1,1,27,16,"Female","Non-Black / Non-Hispanic","South (AL, AR, DE, DC, FL, GA, KY, LA, MD, MS, NC, OK, SC, TN , TX, VA, WV)","None","In CBSA, not in central city","NO","3: Mother","YES","NO","NO","NO","YES","0: 0  CONDITION DOES NOT APPLY","ALWAYS WITH RIGHT HAND","ALWAYS WITH RIGHT HAND","ALWAYS WITH RIGHT HAND","ALWAYS WITH RIGHT HAND","ALWAYS WITH LEFT HAND","1: 1  CONDITION APPLIES","1: 1  CONDITION APPLIES","NO","MALE","FEMALE"
1982,64735,3,0,4,33790,5,185,2,2,3,3,3,4,2,2,1,2,1,6,1,6,1,1,31,24,"Male","Non-Black / Non-Hispanic","West (AK, AZ, CA, CO, HI, ID, MT, NV, NM, OR, UT, WA, WY)","Bachelor's degree (BA, BS)","In CBSA, in central city","NO","3: Mother","YES","NO","NO","NO","NO","0: 0  CONDITION DOES NOT APPLY","ALWAYS WITH RIGHT HAND","ALWAYS WITH RIGHT HAND","ALWAYS WITH RIGHT HAND","ALWAYS WITH RIGHT HAND","ALWAYS WITH LEFT HAND","1: 1  CONDITION APPLIES","1: 1  CONDITION APPLIES","NO","FEMALE","FEMALE"
1983,64735,4,1,2,33790,5,180,1,1,3,4,5,5,2,1,2,1,1,6,4,7,1,1,30,21,"Male","Non-Black / Non-Hispanic","South (AL, AR, DE, DC, FL, GA, KY, LA, MD, MS, NC, OK, SC, TN , TX, VA, WV)","High school diploma (Regular 12 year program)","In CBSA, not in central city","NO","3: Mother","NO","NO","NO","NO","YES","0: 0  CONDITION DOES NOT APPLY","ALWAYS WITH RIGHT HAND","ALWAYS WITH RIGHT HAND","ALWAYS WITH RIGHT HAND","ALWAYS WITH RIGHT HAND","ALWAYS WITH LEFT HAND","1: 1  CONDITION APPLIES","1: 1  CONDITION APPLIES","NO","FEMALE","MALE"
1984,64735,3,1,2,33790,5,182,2,2,3,2,2,5,2,2,2,2,2,3,2,8,3,2,34,21,"Male","Non-Black / Non-Hispanic","South (AL, AR, DE, DC, FL, GA, KY, LA, MD, MS, NC, OK, SC, TN , TX, VA, WV)","Bachelor's degree (BA, BS)","In CBSA, in central city","NO","3: Mother","YES","NO","NO","NO","YES","0: 0  CONDITION DOES NOT APPLY","ALWAYS WITH RIGHT HAND","ALWAYS WITH RIGHT HAND","ALWAYS WITH RIGHT HAND","ALWAYS WITH RIGHT HAND","ALWAYS WITH LEFT HAND","1: 1  CONDITION APPLIES","1: 1  CONDITION APPLIES","NO","MALE","MALE"
1981,64735,2,0,3,45000,5,181,2,1,4,3,4,4,2,2,1,2,1,6,3,7,3,1,28,18,"Male","Non-Black / Non-Hispanic","West (AK, AZ, CA, CO, HI, ID, MT, NV, NM, OR, UT, WA, WY)","Bachelor's degree (BA, BS)","In CBSA, in central city","NO","3: Mother","NO","NO","NO","NO","NO","0: 0  CONDITION DOES NOT APPLY","ALWAYS WITH RIGHT HAND","ALWAYS WITH RIGHT HAND","ALWAYS WITH RIGHT HAND","USUALLY WITH RIGHT HAND","USUALLY WITH LEFT HAND","1: 1  CONDITION APPLIES","1: 1  CONDITION APPLIES","NO","MALE","MALE"
1982,54929,4,0,5,33790,5,183,1,2,4,6,2,6,2,2,2,2,2,6,5,7,1,1,28,19,"Female","Mixed Race (Non-Hispanic)","South (AL, AR, DE, DC, FL, GA, KY, LA, MD, MS, NC, OK, SC, TN , TX, VA, WV)","High school diploma (Regular 12 year program)","In CBSA, not in central city","NO","3: Mother","NO","YES","YES","NO","NO","0: 0  CONDITION DOES NOT APPLY","ALWAYS WITH RIGHT HAND","ALWAYS WITH RIGHT HAND","ALWAYS WITH RIGHT HAND","ALWAYS WITH RIGHT HAND","ALWAYS WITH LEFT HAND","1: 1  CONDITION APPLIES","1: 1  CONDITION APPLIES","NO","MALE","MALE"
1982,64735,3,0,1,33790,5,137,2,3,2,3,4,2,2,2,1,1,1,3,3,7,1,1,26,20,"Female","Black","North Central (IL, IN, IA, KS, MI, MN, MO, NE, OH, ND, SD, WI)","High school diploma (Regular 12 year program)","In CBSA, not in central city","NO","3: Mother","YES","NO","NO","NO","YES","0: 0  CONDITION DOES NOT APPLY","ALWAYS WITH RIGHT HAND","ALWAYS WITH RIGHT HAND","ALWAYS WITH RIGHT HAND","ALWAYS WITH RIGHT HAND","ALWAYS WITH LEFT HAND","0: 0  CONDITION DOES NOT APPLY","1: 1  CONDITION APPLIES","NO","FEMALE","FEMALE"
1980,97100,2,0,3,33790,5,184,2,2,3,5,4,5,1,2,2,1,1,1,1,8,5,1,24,24,"Male","Black","South (AL, AR, DE, DC, FL, GA, KY, LA, MD, MS, NC, OK, SC, TN , TX, VA, WV)","High school diploma (Regular 12 year program)","In CBSA, in central city","NO","3: Mother","YES","NO","NO","NO","YES","0: 0  CONDITION DOES NOT APPLY","ALWAYS WITH RIGHT HAND","ALWAYS WITH RIGHT HAND","ALWAYS WITH RIGHT HAND","ALWAYS WITH RIGHT HAND","ALWAYS WITH LEFT HAND","1: 1  CONDITION APPLIES","1: 1  CONDITION APPLIES","NO","MALE","MALE"
1982,64735,3,1,1,33790,5,185,2,2,3,4,4,5,2,2,1,1,1,4,3,7,1,1,25,17,"Female","Non-Black / Non-Hispanic","South (AL, AR, DE, DC, FL, GA, KY, LA, MD, MS, NC, OK, SC, TN , TX, VA, WV)","High school diploma (Regular 12 year program)","In CBSA, in central city","NO","3: Mother","YES","NO","YES","NO","YES","0: 0  CONDITION DOES NOT APPLY","ALWAYS WITH RIGHT HAND","ALWAYS WITH RIGHT HAND","ALWAYS WITH RIGHT HAND","ALWAYS WITH RIGHT HAND","ALWAYS WITH LEFT HAND","1: 1  CONDITION APPLIES","1: 1  CONDITION APPLIES","NO","MALE","FEMALE"
1983,64735,3,1,3,33790,5,185,1,2,3,6,3,4,2,2,2,2,2,4,2,5,1,1,30,20,"Male","Black","Northeast (CT, ME, MA, NH, NJ, NY, PA, RI, VT)","High school diploma (Regular 12 year program)","Not in country","NO","3: Mother","NO","YES","NO","NO","YES","0: 0  CONDITION DOES NOT APPLY","ALWAYS WITH RIGHT HAND","ALWAYS WITH LEFT HAND","ALWAYS WITH RIGHT HAND","ALWAYS WITH RIGHT HAND","ALWAYS WITH LEFT HAND","1: 1  CONDITION APPLIES","1: 1  CONDITION APPLIES","NO","FEMALE","FEMALE"
1982,64735,2,0,2,33790,5,145,1,1,5,4,3,4,2,2,1,2,1,4,3,7,1,1,33,26,"Male","Non-Black / Non-Hispanic","West (AK, AZ, CA, CO, HI, ID, MT, NV, NM, OR, UT, WA, WY)","High school diploma (Regular 12 year program)","In CBSA, not in central city","NO","3: Mother","NO","NO","YES","NO","YES","0: 0  CONDITION DOES NOT APPLY","ALWAYS WITH RIGHT HAND","ALWAYS WITH RIGHT HAND","ALWAYS WITH RIGHT HAND","ALWAYS WITH RIGHT HAND","ALWAYS WITH LEFT HAND","0: 0  CONDITION DOES NOT APPLY","1: 1  CONDITION APPLIES","NO","FEMALE","FEMALE"
1983,64735,2,0,2,33790,5,181,1,1,3,2,4,3,2,2,1,2,1,4,3,7,2,1,30,21,"Male","Non-Black / Non-Hispanic","North Central (IL, IN, IA, KS, MI, MN, MO, NE, OH, ND, SD, WI)","High school diploma (Regular 12 year program)","In CBSA, not in central city","NO","3: Mother","YES","NO","NO","NO","YES","0: 0  CONDITION DOES NOT APPLY","ALWAYS WITH RIGHT HAND","ALWAYS WITH RIGHT HAND","ALWAYS WITH RIGHT HAND","ALWAYS WITH RIGHT HAND","ALWAYS WITH LEFT HAND","1: 1  CONDITION APPLIES","1: 1  CONDITION APPLIES","NO","FEMALE","FEMALE"
1980,64735,8,3,1,33790,5,182,1,1,1,4,2,5,2,2,2,2,1,7,4,7,2,1,24,11,"Male","Hispanic","North Central (IL, IN, IA, KS, MI, MN, MO, NE, OH, ND, SD, WI)","Bachelor's degree (BA, BS)","In CBSA, not in central city","NO","3: Mother","YES","NO","NO","NO","YES","0: 0  CONDITION DOES NOT APPLY","ALWAYS WITH RIGHT HAND","ALWAYS WITH RIGHT HAND","ALWAYS WITH RIGHT HAND","ALWAYS WITH RIGHT HAND","ALWAYS WITH LEFT HAND","0: 0  CONDITION DOES NOT APPLY","1: 1  CONDITION APPLIES","NO","FEMALE","FEMALE"
1981,64735,2,1,1,33790,5,182,2,1,5,3,2,5,2,2,1,2,1,7,4,8,1,1,29,21,"Female","Hispanic","West (AK, AZ, CA, CO, HI, ID, MT, NV, NM, OR, UT, WA, WY)","High school diploma (Regular 12 year program)","In CBSA, in central city","NO","3: Mother","NO","NO","YES","NO","YES","0: 0  CONDITION DOES NOT APPLY","ALWAYS WITH RIGHT HAND","USUALLY WITH BOTH HANDS EQUALLY","ALWAYS WITH RIGHT HAND","ALWAYS WITH RIGHT HAND","ALWAYS WITH LEFT HAND","0: 0  CONDITION DOES NOT APPLY","1: 1  CONDITION APPLIES","NO","MALE","MALE"
1983,98001,4,1,1,24000,5,148,1,2,3,3,1,2,2,2,1,2,1,2,3,8,1,1,33,22,"Female","Hispanic","West (AK, AZ, CA, CO, HI, ID, MT, NV, NM, OR, UT, WA, WY)","Bachelor's degree (BA, BS)","In CBSA, not in central city","NO","3: Mother","NO","NO","NO","NO","YES","0: 0  CONDITION DOES NOT APPLY","ALWAYS WITH RIGHT HAND","ALWAYS WITH RIGHT HAND","ALWAYS WITH RIGHT HAND","ALWAYS WITH RIGHT HAND","ALWAYS WITH LEFT HAND","0: 0  CONDITION DOES NOT APPLY","1: 1  CONDITION APPLIES","NO","MALE","FEMALE"
1980,64735,3,1,5,33790,5,182,1,1,3,4,2,3,1,2,2,1,1,6,1,8,1,1,4,16,"Male","Black","Northeast (CT, ME, MA, NH, NJ, NY, PA, RI, VT)","Bachelor's degree (BA, BS)","In CBSA, in central city","NO","3: Mother","YES","YES","NO","NO","NO","0: 0  CONDITION DOES NOT APPLY","ALWAYS WITH RIGHT HAND","ALWAYS WITH RIGHT HAND","ALWAYS WITH RIGHT HAND","ALWAYS WITH RIGHT HAND","ALWAYS WITH LEFT HAND","1: 1  CONDITION APPLIES","1: 1  CONDITION APPLIES","NO","FEMALE","FEMALE"
1982,60000,1,0,2,33790,5,128,1,2,2,4,2,3,2,2,1,2,2,4,2,8,1,1,30,18,"Female","Non-Black / Non-Hispanic","South (AL, AR, DE, DC, FL, GA, KY, LA, MD, MS, NC, OK, SC, TN , TX, VA, WV)","Bachelor's degree (BA, BS)","In CBSA, not in central city","NO","3: Mother","NO","NO","NO","NO","YES","1: 1  CONDITION APPLIES","ALWAYS WITH RIGHT HAND","ALWAYS WITH RIGHT HAND","ALWAYS WITH RIGHT HAND","ALWAYS WITH RIGHT HAND","ALWAYS WITH LEFT HAND","1: 1  CONDITION APPLIES","0: 0  CONDITION DOES NOT APPLY","NO","MALE","MALE"
1981,64735,4,2,1,32000,5,200,3,3,3,4,2,6,1,2,2,1,2,3,5,7,1,1,24,15,"Female","Non-Black / Non-Hispanic","North Central (IL, IN, IA, KS, MI, MN, MO, NE, OH, ND, SD, WI)","None","In CBSA, in central city","NO","3: Mother","YES","NO","NO","NO","YES","1: 1  CONDITION APPLIES","ALWAYS WITH RIGHT HAND","ALWAYS WITH RIGHT HAND","ALWAYS WITH RIGHT HAND","ALWAYS WITH RIGHT HAND","ALWAYS WITH LEFT HAND","1: 1  CONDITION APPLIES","1: 1  CONDITION APPLIES","NO","MALE","FEMALE"
1981,64735,2,0,3,33790,5,185,2,2,1,5,2,5,2,2,1,2,1,5,4,8,1,1,9,13,"Female","Hispanic","West (AK, AZ, CA, CO, HI, ID, MT, NV, NM, OR, UT, WA, WY)","GED","In CBSA, not in central city","NO","3: Mother","NO","NO","NO","NO","YES","0: 0  CONDITION DOES NOT APPLY","ALWAYS WITH RIGHT HAND","ALWAYS WITH RIGHT HAND","ALWAYS WITH RIGHT HAND","ALWAYS WITH RIGHT HAND","ALWAYS WITH LEFT HAND","1: 1  CONDITION APPLIES","1: 1  CONDITION APPLIES","NO","FEMALE","FEMALE"
1983,64735,3,0,2,33790,5,183,1,1,4,2,3,2,2,2,1,2,1,4,1,7,1,1,30,22,"Male","Non-Black / Non-Hispanic","Northeast (CT, ME, MA, NH, NJ, NY, PA, RI, VT)","High school diploma (Regular 12 year program)","In CBSA, not in central city","NO","3: Mother","YES","NO","YES","NO","YES","0: 0  CONDITION DOES NOT APPLY","ALWAYS WITH RIGHT HAND","USUALLY WITH LEFT HAND","ALWAYS WITH RIGHT HAND","ALWAYS WITH RIGHT HAND","ALWAYS WITH LEFT HAND","1: 1  CONDITION APPLIES","1: 1  CONDITION APPLIES","NO","MALE","MALE"
1982,64735,4,0,1,33790,5,240,1,1,2,6,2,2,1,2,1,1,1,7,2,7,1,1,48,25,"Male","Non-Black / Non-Hispanic","South (AL, AR, DE, DC, FL, GA, KY, LA, MD, MS, NC, OK, SC, TN , TX, VA, WV)","None","In CBSA, not in central city","NO","3: Mother","NO","NO","NO","NO","NO","0: 0  CONDITION DOES NOT APPLY","ALWAYS WITH RIGHT HAND","ALWAYS WITH RIGHT HAND","ALWAYS WITH RIGHT HAND","ALWAYS WITH RIGHT HAND","ALWAYS WITH LEFT HAND","1: 1  CONDITION APPLIES","1: 1  CONDITION APPLIES","NO","FEMALE","MALE"
1983,64735,4,1,6,33790,5,186,3,2,4,4,2,3,2,2,1,1,1,4,4,5,1,1,9,17,"Female","Hispanic","South (AL, AR, DE, DC, FL, GA, KY, LA, MD, MS, NC, OK, SC, TN , TX, VA, WV)","GED","In CBSA, not in central city","YES","3: Mother","YES","YES","NO","NO","NO","0: 0  CONDITION DOES NOT APPLY","ALWAYS WITH RIGHT HAND","USUALLY WITH LEFT HAND","ALWAYS WITH RIGHT HAND","ALWAYS WITH RIGHT HAND","ALWAYS WITH LEFT HAND","1: 1  CONDITION APPLIES","1: 1  CONDITION APPLIES","NO","FEMALE","FEMALE"
1982,64735,2,1,2,33790,5,183,1,2,6,4,4,1,2,2,1,2,2,4,2,6,1,1,31,19,"Male","Non-Black / Non-Hispanic","South (AL, AR, DE, DC, FL, GA, KY, LA, MD, MS, NC, OK, SC, TN , TX, VA, WV)","High school diploma (Regular 12 year program)","In CBSA, not in central city","NO","3: Mother","YES","NO","YES","NO","YES","0: 0  CONDITION DOES NOT APPLY","ALWAYS WITH RIGHT HAND","ALWAYS WITH RIGHT HAND","ALWAYS WITH RIGHT HAND","ALWAYS WITH RIGHT HAND","ALWAYS WITH LEFT HAND","1: 1  CONDITION APPLIES","0: 0  CONDITION DOES NOT APPLY","NO","MALE","MALE"
1982,64735,3,1,2,53000,5,183,1,2,3,5,2,4,2,2,2,2,1,8,2,6,2,1,30,22,"Male","Black","Northeast (CT, ME, MA, NH, NJ, NY, PA, RI, VT)","High school diploma (Regular 12 year program)","In CBSA, not in central city","YES","3: Mother","NO","NO","NO","NO","YES","0: 0  CONDITION DOES NOT APPLY","ALWAYS WITH RIGHT HAND","ALWAYS WITH RIGHT HAND","USUALLY WITH BOTH HANDS EQUALLY","ALWAYS WITH RIGHT HAND","ALWAYS WITH LEFT HAND","1: 1  CONDITION APPLIES","1: 1  CONDITION APPLIES","NO","FEMALE","FEMALE"
1982,64735,3,0,2,33790,5,182,2,1,4,4,5,6,2,2,2,2,1,2,2,7,1,1,30,21,"Male","Non-Black / Non-Hispanic","South (AL, AR, DE, DC, FL, GA, KY, LA, MD, MS, NC, OK, SC, TN , TX, VA, WV)","High school diploma (Regular 12 year program)","In CBSA, not in central city","NO","3: Mother","NO","NO","NO","NO","NO","0: 0  CONDITION DOES NOT APPLY","ALWAYS WITH RIGHT HAND","ALWAYS WITH RIGHT HAND","ALWAYS WITH RIGHT HAND","ALWAYS WITH RIGHT HAND","ALWAYS WITH RIGHT HAND","0: 0  CONDITION DOES NOT APPLY","1: 1  CONDITION APPLIES","NO","FEMALE","MALE"
1982,64735,3,1,1,22000,5,183,1,2,5,3,2,2,2,2,1,2,1,5,1,6,1,1,33,24,"Male","Hispanic","Northeast (CT, ME, MA, NH, NJ, NY, PA, RI, VT)","High school diploma (Regular 12 year program)","In CBSA, not in central city","YES","3: Mother","NO","NO","NO","NO","YES","0: 0  CONDITION DOES NOT APPLY","ALWAYS WITH RIGHT HAND","ALWAYS WITH RIGHT HAND","ALWAYS WITH RIGHT HAND","ALWAYS WITH RIGHT HAND","ALWAYS WITH LEFT HAND","1: 1  CONDITION APPLIES","1: 1  CONDITION APPLIES","NO","MALE","FEMALE"
1981,64735,2,0,2,33790,5,181,2,2,4,2,5,4,2,2,2,2,1,7,1,6,1,1,28,23,"Male","Non-Black / Non-Hispanic","South (AL, AR, DE, DC, FL, GA, KY, LA, MD, MS, NC, OK, SC, TN , TX, VA, WV)","Associate/Junior college (AA)","In CBSA, in central city","NO","3: Mother","YES","NO","NO","NO","YES","0: 0  CONDITION DOES NOT APPLY","ALWAYS WITH RIGHT HAND","ALWAYS WITH RIGHT HAND","ALWAYS WITH RIGHT HAND","ALWAYS WITH RIGHT HAND","ALWAYS WITH LEFT HAND","1: 1  CONDITION APPLIES","1: 1  CONDITION APPLIES","NO","FEMALE","FEMALE"
1980,64735,2,0,1,33790,5,179,1,1,4,3,4,5,2,2,1,2,1,6,4,7,1,1,28,21,"Female","Non-Black / Non-Hispanic","South (AL, AR, DE, DC, FL, GA, KY, LA, MD, MS, NC, OK, SC, TN , TX, VA, WV)","GED","In CBSA, not in central city","NO","3: Mother","YES","NO","NO","NO","NO","0: 0  CONDITION DOES NOT APPLY","ALWAYS WITH RIGHT HAND","ALWAYS WITH RIGHT HAND","ALWAYS WITH RIGHT HAND","ALWAYS WITH RIGHT HAND","ALWAYS WITH RIGHT HAND","1: 1  CONDITION APPLIES","1: 1  CONDITION APPLIES","NO","MALE","FEMALE"
1983,64735,2,0,2,25000,5,183,2,2,5,4,4,1,2,2,1,2,1,4,2,7,1,1,31,19,"Male","Non-Black / Non-Hispanic","West (AK, AZ, CA, CO, HI, ID, MT, NV, NM, OR, UT, WA, WY)","Bachelor's degree (BA, BS)","In CBSA, in central city","NO","3: Mother","NO","NO","NO","NO","NO","0: 0  CONDITION DOES NOT APPLY","ALWAYS WITH RIGHT HAND","ALWAYS WITH RIGHT HAND","ALWAYS WITH RIGHT HAND","ALWAYS WITH RIGHT HAND","ALWAYS WITH LEFT HAND","0: 0  CONDITION DOES NOT APPLY","1: 1  CONDITION APPLIES","NO","MALE","MALE"
1983,64735,2,0,1,33790,5,181,1,2,3,2,7,5,2,2,1,2,1,8,3,7,1,1,33,23,"Male","Non-Black / Non-Hispanic","South (AL, AR, DE, DC, FL, GA, KY, LA, MD, MS, NC, OK, SC, TN , TX, VA, WV)","Associate/Junior college (AA)","In CBSA, not in central city","NO","3: Mother","YES","NO","NO","NO","YES","0: 0  CONDITION DOES NOT APPLY","ALWAYS WITH RIGHT HAND","ALWAYS WITH RIGHT HAND","ALWAYS WITH RIGHT HAND","ALWAYS WITH RIGHT HAND","ALWAYS WITH LEFT HAND","0: 0  CONDITION DOES NOT APPLY","1: 1  CONDITION APPLIES","NO","MALE","MALE"
1981,64735,3,1,1,33790,6,215,1,1,3,4,2,6,2,2,2,2,1,4,2,7,1,1,29,19,"Female","Non-Black / Non-Hispanic","Northeast (CT, ME, MA, NH, NJ, NY, PA, RI, VT)","Bachelor's degree (BA, BS)","In CBSA, in central city","NO","3: Mother","YES","NO","NO","NO","YES","0: 0  CONDITION DOES NOT APPLY","ALWAYS WITH RIGHT HAND","ALWAYS WITH RIGHT HAND","ALWAYS WITH RIGHT HAND","ALWAYS WITH RIGHT HAND","ALWAYS WITH LEFT HAND","1: 1  CONDITION APPLIES","1: 1  CONDITION APPLIES","NO","MALE","FEMALE"
1981,64735,3,0,2,33790,6,183,1,2,3,4,2,4,1,1,1,1,2,3,1,7,1,1,34,18,"Female","Non-Black / Non-Hispanic","South (AL, AR, DE, DC, FL, GA, KY, LA, MD, MS, NC, OK, SC, TN , TX, VA, WV)","GED","In CBSA, not in central city","NO","3: Mother","NO","NO","NO","NO","NO","0: 0  CONDITION DOES NOT APPLY","ALWAYS WITH RIGHT HAND","ALWAYS WITH RIGHT HAND","ALWAYS WITH RIGHT HAND","ALWAYS WITH RIGHT HAND","USUALLY WITH RIGHT HAND","1: 1  CONDITION APPLIES","1: 1  CONDITION APPLIES","YES","FEMALE","MALE"
1982,64735,4,1,1,33790,5,181,1,1,3,2,6,5,2,2,1,2,1,5,2,7,1,1,32,21,"Female","Non-Black / Non-Hispanic","South (AL, AR, DE, DC, FL, GA, KY, LA, MD, MS, NC, OK, SC, TN , TX, VA, WV)","High school diploma (Regular 12 year program)","Not in country","YES","3: Mother","YES","NO","NO","NO","YES","0: 0  CONDITION DOES NOT APPLY","ALWAYS WITH RIGHT HAND","ALWAYS WITH RIGHT HAND","ALWAYS WITH RIGHT HAND","ALWAYS WITH RIGHT HAND","ALWAYS WITH LEFT HAND","0: 0  CONDITION DOES NOT APPLY","0: 0  CONDITION DOES NOT APPLY","NO","MALE","MALE"
1982,64735,3,0,2,33790,6,181,1,1,2,3,1,4,1,2,2,2,2,6,1,7,1,1,32,21,"Male","Hispanic","Northeast (CT, ME, MA, NH, NJ, NY, PA, RI, VT)","High school diploma (Regular 12 year program)","In CBSA, not in central city","NO","3: Mother","YES","NO","YES","NO","YES","0: 0  CONDITION DOES NOT APPLY","ALWAYS WITH RIGHT HAND","ALWAYS WITH RIGHT HAND","ALWAYS WITH RIGHT HAND","ALWAYS WITH RIGHT HAND","ALWAYS WITH LEFT HAND","1: 1  CONDITION APPLIES","1: 1  CONDITION APPLIES","NO","FEMALE","FEMALE"
1981,64735,5,0,2,15000,5,185,2,1,4,4,2,4,2,2,2,1,1,5,2,7,1,1,28,18,"Female","Non-Black / Non-Hispanic","West (AK, AZ, CA, CO, HI, ID, MT, NV, NM, OR, UT, WA, WY)","High school diploma (Regular 12 year program)","In CBSA, in central city","NO","3: Mother","NO","NO","NO","NO","YES","0: 0  CONDITION DOES NOT APPLY","ALWAYS WITH LEFT HAND","DON'T DO THIS ACTIVITY","ALWAYS WITH RIGHT HAND","ALWAYS WITH RIGHT HAND","USUALLY WITH BOTH HANDS EQUALLY","1: 1  CONDITION APPLIES","0: 0  CONDITION DOES NOT APPLY","NO","MALE","MALE"
1982,64735,3,0,6,146002,5,181,1,3,4,3,5,4,2,2,1,1,2,3,1,6,1,1,31,18,"Female","Non-Black / Non-Hispanic","West (AK, AZ, CA, CO, HI, ID, MT, NV, NM, OR, UT, WA, WY)","High school diploma (Regular 12 year program)","In CBSA, not in central city","NO","3: Mother","YES","NO","YES","NO","NO","0: 0  CONDITION DOES NOT APPLY","ALWAYS WITH RIGHT HAND","ALWAYS WITH RIGHT HAND","ALWAYS WITH RIGHT HAND","ALWAYS WITH RIGHT HAND","ALWAYS WITH LEFT HAND","1: 1  CONDITION APPLIES","1: 1  CONDITION APPLIES","NO","FEMALE","FEMALE"
1984,64735,3,1,1,28000,5,113,1,2,7,2,2,5,2,2,2,2,2,1,3,7,1,4,26,22,"Female","Black","North Central (IL, IN, IA, KS, MI, MN, MO, NE, OH, ND, SD, WI)","High school diploma (Regular 12 year program)","In CBSA, not in central city","NO","3: Mother","YES","YES","NO","YES","NO","0: 0  CONDITION DOES NOT APPLY","ALWAYS WITH RIGHT HAND","ALWAYS WITH RIGHT HAND","ALWAYS WITH RIGHT HAND","ALWAYS WITH RIGHT HAND","DON'T DO THIS ACTIVITY","1: 1  CONDITION APPLIES","0: 0  CONDITION DOES NOT APPLY","YES","MALE","FEMALE"
1981,15000,1,1,1,33790,5,182,1,1,5,2,3,6,2,2,1,2,1,4,1,6,1,1,31,22,"Male","Non-Black / Non-Hispanic","South (AL, AR, DE, DC, FL, GA, KY, LA, MD, MS, NC, OK, SC, TN , TX, VA, WV)","Bachelor's degree (BA, BS)","In CBSA, in central city","NO","3: Mother","YES","NO","NO","NO","NO","0: 0  CONDITION DOES NOT APPLY","ALWAYS WITH RIGHT HAND","ALWAYS WITH RIGHT HAND","ALWAYS WITH RIGHT HAND","ALWAYS WITH RIGHT HAND","ALWAYS WITH LEFT HAND","1: 1  CONDITION APPLIES","1: 1  CONDITION APPLIES","NO","MALE","FEMALE"
1982,64735,2,0,4,33790,5,184,1,1,4,1,4,3,2,2,1,2,1,6,2,5,1,1,33,22,"Male","Non-Black / Non-Hispanic","South (AL, AR, DE, DC, FL, GA, KY, LA, MD, MS, NC, OK, SC, TN , TX, VA, WV)","Bachelor's degree (BA, BS)","In CBSA, in central city","NO","3: Mother","YES","NO","NO","NO","YES","0: 0  CONDITION DOES NOT APPLY","ALWAYS WITH RIGHT HAND","ALWAYS WITH RIGHT HAND","ALWAYS WITH RIGHT HAND","ALWAYS WITH RIGHT HAND","ALWAYS WITH LEFT HAND","1: 1  CONDITION APPLIES","1: 1  CONDITION APPLIES","NO","MALE","FEMALE"
1984,64735,2,0,1,40000,5,183,1,1,3,3,4,6,2,2,1,2,1,4,2,8,2,1,32,20,"Female","Non-Black / Non-Hispanic","South (AL, AR, DE, DC, FL, GA, KY, LA, MD, MS, NC, OK, SC, TN , TX, VA, WV)","Bachelor's degree (BA, BS)","In CBSA, in central city","NO","3: Mother","NO","NO","NO","NO","YES","0: 0  CONDITION DOES NOT APPLY","ALWAYS WITH RIGHT HAND","ALWAYS WITH RIGHT HAND","ALWAYS WITH RIGHT HAND","ALWAYS WITH RIGHT HAND","ALWAYS WITH LEFT HAND","1: 1  CONDITION APPLIES","1: 1  CONDITION APPLIES","NO","MALE","MALE"
1983,64735,2,0,3,33790,5,185,1,1,3,3,3,4,2,2,1,2,1,7,2,7,1,1,31,21,"Female","Non-Black / Non-Hispanic","South (AL, AR, DE, DC, FL, GA, KY, LA, MD, MS, NC, OK, SC, TN , TX, VA, WV)","Bachelor's degree (BA, BS)","In CBSA, in central city","NO","3: Mother","YES","NO","NO","NO","YES","0: 0  CONDITION DOES NOT APPLY","ALWAYS WITH RIGHT HAND","ALWAYS WITH RIGHT HAND","ALWAYS WITH RIGHT HAND","ALWAYS WITH RIGHT HAND","ALWAYS WITH LEFT HAND","0: 0  CONDITION DOES NOT APPLY","1: 1  CONDITION APPLIES","NO","MALE","MALE"
1981,150000,3,1,1,33790,5,182,1,2,3,4,4,4,2,2,1,2,1,4,3,7,1,1,29,20,"Female","Non-Black / Non-Hispanic","North Central (IL, IN, IA, KS, MI, MN, MO, NE, OH, ND, SD, WI)","GED","In CBSA, not in central city","NO","3: Mother","YES","YES","NO","NO","YES","0: 0  CONDITION DOES NOT APPLY","ALWAYS WITH RIGHT HAND","ALWAYS WITH RIGHT HAND","ALWAYS WITH RIGHT HAND","ALWAYS WITH RIGHT HAND","ALWAYS WITH LEFT HAND","1: 1  CONDITION APPLIES","1: 1  CONDITION APPLIES","YES","MALE","FEMALE"
1983,64735,4,0,1,33790,5,182,1,2,4,3,4,3,1,1,2,1,1,6,2,7,1,2,31,21,"Male","Non-Black / Non-Hispanic","Northeast (CT, ME, MA, NH, NJ, NY, PA, RI, VT)","High school diploma (Regular 12 year program)","In CBSA, not in central city","NO","3: Mother","YES","NO","NO","NO","YES","0: 0  CONDITION DOES NOT APPLY","ALWAYS WITH RIGHT HAND","ALWAYS WITH RIGHT HAND","ALWAYS WITH RIGHT HAND","ALWAYS WITH RIGHT HAND","USUALLY WITH BOTH HANDS EQUALLY","0: 0  CONDITION DOES NOT APPLY","1: 1  CONDITION APPLIES","NO","MALE","FEMALE"
1980,64735,3,1,6,33790,5,183,1,1,4,4,3,2,2,2,2,1,2,5,2,6,1,1,31,21,"Male","Non-Black / Non-Hispanic","Northeast (CT, ME, MA, NH, NJ, NY, PA, RI, VT)","GED","In CBSA, not in central city","NO","3: Mother","YES","NO","NO","NO","YES","0: 0  CONDITION DOES NOT APPLY","ALWAYS WITH RIGHT HAND","ALWAYS WITH RIGHT HAND","ALWAYS WITH RIGHT HAND","ALWAYS WITH RIGHT HAND","ALWAYS WITH LEFT HAND","1: 1  CONDITION APPLIES","1: 1  CONDITION APPLIES","NO","FEMALE","MALE"
1981,64735,6,1,4,33790,5,178,1,2,2,3,5,7,1,2,1,2,1,4,3,7,1,1,34,27,"Female","Non-Black / Non-Hispanic","West (AK, AZ, CA, CO, HI, ID, MT, NV, NM, OR, UT, WA, WY)","Bachelor's degree (BA, BS)","In CBSA, not in central city","NO","3: Mother","YES","NO","NO","NO","YES","0: 0  CONDITION DOES NOT APPLY","ALWAYS WITH RIGHT HAND","ALWAYS WITH RIGHT HAND","ALWAYS WITH RIGHT HAND","ALWAYS WITH RIGHT HAND","ALWAYS WITH LEFT HAND","1: 1  CONDITION APPLIES","1: 1  CONDITION APPLIES","NO","FEMALE","FEMALE"
1982,64735,3,0,1,33790,5,165,1,2,2,3,4,4,2,1,1,1,1,1,2,7,1,1,27,16,"Female","Non-Black / Non-Hispanic","South (AL, AR, DE, DC, FL, GA, KY, LA, MD, MS, NC, OK, SC, TN , TX, VA, WV)","High school diploma (Regular 12 year program)","In CBSA, not in central city","NO","3: Mother","NO","NO","NO","NO","YES","0: 0  CONDITION DOES NOT APPLY","ALWAYS WITH RIGHT HAND","ALWAYS WITH RIGHT HAND","ALWAYS WITH RIGHT HAND","ALWAYS WITH RIGHT HAND","USUALLY WITH LEFT HAND","1: 1  CONDITION APPLIES","1: 1  CONDITION APPLIES","NO","FEMALE","MALE"
1980,64735,2,0,3,33790,6,170,2,1,5,3,5,5,2,2,1,2,1,6,2,6,1,1,36,25,"Male","Non-Black / Non-Hispanic","South (AL, AR, DE, DC, FL, GA, KY, LA, MD, MS, NC, OK, SC, TN , TX, VA, WV)","High school diploma (Regular 12 year program)","In CBSA, not in central city","NO","3: Mother","YES","NO","NO","NO","YES","0: 0  CONDITION DOES NOT APPLY","ALWAYS WITH RIGHT HAND","ALWAYS WITH RIGHT HAND","USUALLY WITH RIGHT HAND","USUALLY WITH RIGHT HAND","ALWAYS WITH LEFT HAND","1: 1  CONDITION APPLIES","1: 1  CONDITION APPLIES","NO","FEMALE","MALE"
1985,64735,4,0,3,33790,5,183,1,1,4,5,3,3,2,2,1,2,1,6,1,6,1,1,29,22,"Male","Non-Black / Non-Hispanic","North Central (IL, IN, IA, KS, MI, MN, MO, NE, OH, ND, SD, WI)","GED","In CBSA, not in central city","NO","3: Mother","YES","NO","NO","NO","YES","0: 0  CONDITION DOES NOT APPLY","ALWAYS WITH RIGHT HAND","ALWAYS WITH RIGHT HAND","ALWAYS WITH RIGHT HAND","ALWAYS WITH RIGHT HAND","ALWAYS WITH LEFT HAND","1: 1  CONDITION APPLIES","1: 1  CONDITION APPLIES","NO","FEMALE","MALE"
1982,64735,2,1,1,33790,5,181,1,1,4,6,2,6,2,2,1,2,1,3,3,7,1,1,29,20,"Female","Non-Black / Non-Hispanic","Northeast (CT, ME, MA, NH, NJ, NY, PA, RI, VT)","Associate/Junior college (AA)","In CBSA, not in central city","YES","3: Mother","YES","NO","NO","NO","YES","0: 0  CONDITION DOES NOT APPLY","ALWAYS WITH RIGHT HAND","ALWAYS WITH RIGHT HAND","ALWAYS WITH RIGHT HAND","ALWAYS WITH RIGHT HAND","ALWAYS WITH LEFT HAND","1: 1  CONDITION APPLIES","1: 1  CONDITION APPLIES","NO","MALE","FEMALE"
1980,64735,3,1,1,33790,5,182,1,1,5,3,4,3,2,2,1,2,1,6,2,6,1,1,30,34,"Female","Non-Black / Non-Hispanic","Northeast (CT, ME, MA, NH, NJ, NY, PA, RI, VT)","GED","In CBSA, not in central city","NO","3: Mother","YES","NO","YES","NO","NO","0: 0  CONDITION DOES NOT APPLY","ALWAYS WITH RIGHT HAND","ALWAYS WITH RIGHT HAND","ALWAYS WITH RIGHT HAND","ALWAYS WITH RIGHT HAND","ALWAYS WITH LEFT HAND","1: 1  CONDITION APPLIES","1: 1  CONDITION APPLIES","NO","MALE","MALE"
1984,64735,5,1,2,33790,6,183,1,2,3,4,4,4,2,1,1,2,1,5,1,7,1,1,27,17,"Female","Non-Black / Non-Hispanic","Northeast (CT, ME, MA, NH, NJ, NY, PA, RI, VT)","High school diploma (Regular 12 year program)","In CBSA, not in central city","NO","3: Mother","YES","NO","NO","NO","YES","0: 0  CONDITION DOES NOT APPLY","ALWAYS WITH RIGHT HAND","ALWAYS WITH RIGHT HAND","ALWAYS WITH RIGHT HAND","ALWAYS WITH RIGHT HAND","ALWAYS WITH RIGHT HAND","1: 1  CONDITION APPLIES","1: 1  CONDITION APPLIES","NO","MALE","FEMALE"
1980,64735,7,1,1,33790,5,184,1,1,2,4,1,2,2,1,2,2,1,6,2,7,1,1,46,22,"Female","Non-Black / Non-Hispanic","South (AL, AR, DE, DC, FL, GA, KY, LA, MD, MS, NC, OK, SC, TN , TX, VA, WV)","GED","In CBSA, not in central city","NO","3: Mother","YES","NO","NO","YES","YES","0: 0  CONDITION DOES NOT APPLY","ALWAYS WITH RIGHT HAND","ALWAYS WITH RIGHT HAND","ALWAYS WITH RIGHT HAND","USUALLY WITH RIGHT HAND","ALWAYS WITH LEFT HAND","1: 1  CONDITION APPLIES","1: 1  CONDITION APPLIES","NO","FEMALE","MALE"
1982,64735,3,0,2,33790,5,183,1,2,1,3,1,7,2,2,2,2,1,4,2,7,1,1,32,19,"Female","Non-Black / Non-Hispanic","North Central (IL, IN, IA, KS, MI, MN, MO, NE, OH, ND, SD, WI)","High school diploma (Regular 12 year program)","In CBSA, in central city","NO","3: Mother","YES","NO","NO","NO","YES","0: 0  CONDITION DOES NOT APPLY","ALWAYS WITH RIGHT HAND","ALWAYS WITH RIGHT HAND","ALWAYS WITH RIGHT HAND","ALWAYS WITH RIGHT HAND","ALWAYS WITH LEFT HAND","0: 0  CONDITION DOES NOT APPLY","1: 1  CONDITION APPLIES","NO","FEMALE","MALE"
1981,64735,3,0,1,33790,5,180,1,1,3,4,5,4,2,2,1,2,1,8,2,7,1,1,28,20,"Female","Non-Black / Non-Hispanic","Northeast (CT, ME, MA, NH, NJ, NY, PA, RI, VT)","Bachelor's degree (BA, BS)","In CBSA, not in central city","NO","3: Mother","YES","NO","NO","NO","YES","0: 0  CONDITION DOES NOT APPLY","ALWAYS WITH LEFT HAND","ALWAYS WITH RIGHT HAND","ALWAYS WITH RIGHT HAND","ALWAYS WITH RIGHT HAND","ALWAYS WITH RIGHT HAND","1: 1  CONDITION APPLIES","1: 1  CONDITION APPLIES","NO","MALE","FEMALE"
1984,64735,2,0,2,33790,5,182,1,2,5,5,2,4,2,2,1,2,2,6,1,7,1,1,28,20,"Female","Non-Black / Non-Hispanic","Northeast (CT, ME, MA, NH, NJ, NY, PA, RI, VT)","GED","In CBSA, not in central city","NO","3: Mother","NO","NO","YES","NO","YES","0: 0  CONDITION DOES NOT APPLY","DON'T DO THIS ACTIVITY","USUALLY WITH RIGHT HAND","DON'T DO THIS ACTIVITY","DON'T DO THIS ACTIVITY","ALWAYS WITH LEFT HAND","1: 1  CONDITION APPLIES","1: 1  CONDITION APPLIES","NO","MALE","MALE"
1983,64735,2,1,4,33790,6,184,1,1,4,3,5,1,2,2,1,2,1,6,4,5,5,1,28,21,"Male","Non-Black / Non-Hispanic","Northeast (CT, ME, MA, NH, NJ, NY, PA, RI, VT)","High school diploma (Regular 12 year program)","In CBSA, in central city","YES","3: Mother","YES","NO","NO","NO","NO","0: 0  CONDITION DOES NOT APPLY","ALWAYS WITH RIGHT HAND","ALWAYS WITH LEFT HAND","ALWAYS WITH RIGHT HAND","ALWAYS WITH RIGHT HAND","ALWAYS WITH RIGHT HAND","1: 1  CONDITION APPLIES","0: 0  CONDITION DOES NOT APPLY","NO","FEMALE","MALE"
1984,64735,4,0,2,33790,5,181,1,1,4,3,2,3,2,2,2,2,2,6,2,7,1,1,32,24,"Male","Non-Black / Non-Hispanic","West (AK, AZ, CA, CO, HI, ID, MT, NV, NM, OR, UT, WA, WY)","High school diploma (Regular 12 year program)","In CBSA, not in central city","YES","3: Mother","NO","NO","NO","NO","YES","0: 0  CONDITION DOES NOT APPLY","DON'T DO THIS ACTIVITY","USUALLY WITH RIGHT HAND","ALWAYS WITH RIGHT HAND","ALWAYS WITH RIGHT HAND","ALWAYS WITH LEFT HAND","0: 0  CONDITION DOES NOT APPLY","1: 1  CONDITION APPLIES","NO","FEMALE","MALE"
1980,64735,3,0,4,33790,5,183,2,1,5,3,3,7,2,2,2,2,2,6,1,8,2,1,31,20,"Male","Non-Black / Non-Hispanic","Northeast (CT, ME, MA, NH, NJ, NY, PA, RI, VT)","GED","In CBSA, in central city","NO","3: Mother","YES","NO","YES","NO","YES","0: 0  CONDITION DOES NOT APPLY","ALWAYS WITH RIGHT HAND","ALWAYS WITH RIGHT HAND","ALWAYS WITH RIGHT HAND","ALWAYS WITH RIGHT HAND","USUALLY WITH RIGHT HAND","0: 0  CONDITION DOES NOT APPLY","1: 1  CONDITION APPLIES","NO","FEMALE","FEMALE"
1980,64735,3,0,1,44000,5,183,1,2,4,3,4,2,2,2,1,2,1,6,2,7,1,1,31,22,"Female","Black","South (AL, AR, DE, DC, FL, GA, KY, LA, MD, MS, NC, OK, SC, TN , TX, VA, WV)","High school diploma (Regular 12 year program)","In CBSA, not in central city","NO","3: Mother","YES","NO","NO","NO","YES","0: 0  CONDITION DOES NOT APPLY","ALWAYS WITH RIGHT HAND","ALWAYS WITH RIGHT HAND","ALWAYS WITH RIGHT HAND","ALWAYS WITH RIGHT HAND","ALWAYS WITH LEFT HAND","1: 1  CONDITION APPLIES","1: 1  CONDITION APPLIES","NO","MALE","FEMALE"
1984,64735,4,1,3,12000,5,220,1,1,2,4,2,4,2,2,2,2,1,7,2,7,1,1,10,14,"Female","Non-Black / Non-Hispanic","South (AL, AR, DE, DC, FL, GA, KY, LA, MD, MS, NC, OK, SC, TN , TX, VA, WV)","High school diploma (Regular 12 year program)","In CBSA, not in central city","NO","3: Mother","YES","YES","YES","NO","YES","0: 0  CONDITION DOES NOT APPLY","ALWAYS WITH RIGHT HAND","USUALLY WITH RIGHT HAND","USUALLY WITH LEFT HAND","ALWAYS WITH RIGHT HAND","ALWAYS WITH LEFT HAND","1: 1  CONDITION APPLIES","1: 1  CONDITION APPLIES","NO","FEMALE","MALE"
1982,64735,4,0,3,33790,5,213,1,2,3,4,5,3,2,2,1,1,2,6,3,7,1,1,35,48,"Female","Non-Black / Non-Hispanic","Northeast (CT, ME, MA, NH, NJ, NY, PA, RI, VT)","Associate/Junior college (AA)","In CBSA, not in central city","YES","3: Mother","YES","NO","YES","NO","YES","0: 0  CONDITION DOES NOT APPLY","ALWAYS WITH RIGHT HAND","ALWAYS WITH RIGHT HAND","ALWAYS WITH RIGHT HAND","ALWAYS WITH RIGHT HAND","ALWAYS WITH LEFT HAND","1: 1  CONDITION APPLIES","1: 1  CONDITION APPLIES","NO","FEMALE","MALE"
1983,64735,3,0,2,33790,5,180,1,1,4,4,4,4,2,2,1,1,1,6,3,4,1,1,52,22,"Female","Non-Black / Non-Hispanic","South (AL, AR, DE, DC, FL, GA, KY, LA, MD, MS, NC, OK, SC, TN , TX, VA, WV)","Bachelor's degree (BA, BS)","In CBSA, not in central city","NO","3: Mother","YES","NO","YES","NO","YES","0: 0  CONDITION DOES NOT APPLY","ALWAYS WITH RIGHT HAND","ALWAYS WITH RIGHT HAND","ALWAYS WITH RIGHT HAND","ALWAYS WITH RIGHT HAND","USUALLY WITH RIGHT HAND","1: 1  CONDITION APPLIES","1: 1  CONDITION APPLIES","NO","FEMALE","FEMALE"
1984,64735,4,1,2,33790,5,182,1,1,5,3,3,5,1,2,1,1,1,5,2,7,1,1,31,26,"Male","Non-Black / Non-Hispanic","North Central (IL, IN, IA, KS, MI, MN, MO, NE, OH, ND, SD, WI)","High school diploma (Regular 12 year program)","In CBSA, not in central city","YES","3: Mother","YES","NO","YES","NO","NO","0: 0  CONDITION DOES NOT APPLY","ALWAYS WITH RIGHT HAND","ALWAYS WITH RIGHT HAND","ALWAYS WITH RIGHT HAND","ALWAYS WITH RIGHT HAND","ALWAYS WITH RIGHT HAND","1: 1  CONDITION APPLIES","1: 1  CONDITION APPLIES","NO","FEMALE","MALE"
1984,64735,3,0,1,33790,5,170,1,1,3,3,4,4,2,2,2,2,1,6,3,8,1,1,27,18,"Male","Non-Black / Non-Hispanic","North Central (IL, IN, IA, KS, MI, MN, MO, NE, OH, ND, SD, WI)","Bachelor's degree (BA, BS)","In CBSA, not in central city","NO","3: Mother","YES","NO","NO","NO","YES","0: 0  CONDITION DOES NOT APPLY","ALWAYS WITH RIGHT HAND","ALWAYS WITH RIGHT HAND","ALWAYS WITH RIGHT HAND","ALWAYS WITH RIGHT HAND","ALWAYS WITH LEFT HAND","1: 1  CONDITION APPLIES","0: 0  CONDITION DOES NOT APPLY","NO","FEMALE","MALE"
1980,64735,3,0,3,33790,5,179,1,2,4,4,7,4,2,1,2,1,1,6,4,6,1,1,32,20,"Female","Non-Black / Non-Hispanic","South (AL, AR, DE, DC, FL, GA, KY, LA, MD, MS, NC, OK, SC, TN , TX, VA, WV)","High school diploma (Regular 12 year program)","In CBSA, in central city","NO","3: Mother","NO","YES","NO","NO","YES","0: 0  CONDITION DOES NOT APPLY","ALWAYS WITH RIGHT HAND","USUALLY WITH BOTH HANDS EQUALLY","ALWAYS WITH RIGHT HAND","ALWAYS WITH RIGHT HAND","ALWAYS WITH LEFT HAND","1: 1  CONDITION APPLIES","1: 1  CONDITION APPLIES","NO","FEMALE","FEMALE"
1985,64735,3,0,3,33790,6,230,1,1,4,4,1,7,2,2,1,1,1,6,4,5,1,1,29,22,"Male","Non-Black / Non-Hispanic","South (AL, AR, DE, DC, FL, GA, KY, LA, MD, MS, NC, OK, SC, TN , TX, VA, WV)","High school diploma (Regular 12 year program)","In CBSA, not in central city","NO","3: Mother","NO","NO","NO","NO","YES","0: 0  CONDITION DOES NOT APPLY","ALWAYS WITH RIGHT HAND","ALWAYS WITH RIGHT HAND","ALWAYS WITH RIGHT HAND","ALWAYS WITH RIGHT HAND","ALWAYS WITH LEFT HAND","1: 1  CONDITION APPLIES","1: 1  CONDITION APPLIES","NO","MALE","MALE"
1981,64735,3,1,2,33790,5,270,2,1,3,4,3,3,2,2,1,2,1,1,2,6,1,1,30,19,"Female","Non-Black / Non-Hispanic","South (AL, AR, DE, DC, FL, GA, KY, LA, MD, MS, NC, OK, SC, TN , TX, VA, WV)","High school diploma (Regular 12 year program)","In CBSA, not in central city","NO","3: Mother","YES","NO","NO","NO","YES","0: 0  CONDITION DOES NOT APPLY","ALWAYS WITH RIGHT HAND","ALWAYS WITH RIGHT HAND","ALWAYS WITH RIGHT HAND","ALWAYS WITH RIGHT HAND","ALWAYS WITH LEFT HAND","1: 1  CONDITION APPLIES","1: 1  CONDITION APPLIES","NO","MALE","FEMALE"
1984,64735,2,0,2,33790,5,183,2,2,2,3,4,2,2,2,2,2,2,5,1,7,1,1,33,26,"Male","Non-Black / Non-Hispanic","Northeast (CT, ME, MA, NH, NJ, NY, PA, RI, VT)","Bachelor's degree (BA, BS)","In CBSA, in central city","NO","3: Mother","NO","NO","NO","NO","YES","0: 0  CONDITION DOES NOT APPLY","ALWAYS WITH RIGHT HAND","ALWAYS WITH RIGHT HAND","ALWAYS WITH RIGHT HAND","ALWAYS WITH RIGHT HAND","ALWAYS WITH LEFT HAND","1: 1  CONDITION APPLIES","1: 1  CONDITION APPLIES","NO","FEMALE","MALE"
1980,33000,2,0,2,33000,5,181,2,1,3,5,4,5,2,2,1,2,1,6,2,8,1,1,31,29,"Female","Non-Black / Non-Hispanic","South (AL, AR, DE, DC, FL, GA, KY, LA, MD, MS, NC, OK, SC, TN , TX, VA, WV)","Bachelor's degree (BA, BS)","In CBSA, not in central city","YES","5: Adoptive Mother","NO","NO","NO","NO","YES","0: 0  CONDITION DOES NOT APPLY","ALWAYS WITH RIGHT HAND","ALWAYS WITH RIGHT HAND","ALWAYS WITH RIGHT HAND","ALWAYS WITH RIGHT HAND","USUALLY WITH BOTH HANDS EQUALLY","1: 1  CONDITION APPLIES","1: 1  CONDITION APPLIES","NO","FEMALE","MALE"
1985,64735,4,1,4,38000,6,182,1,1,2,4,2,6,2,2,2,2,2,6,1,7,1,1,29,19,"Male","Non-Black / Non-Hispanic","South (AL, AR, DE, DC, FL, GA, KY, LA, MD, MS, NC, OK, SC, TN , TX, VA, WV)","Bachelor's degree (BA, BS)","In CBSA, not in central city","NO","3: Mother","YES","NO","NO","NO","NO","0: 0  CONDITION DOES NOT APPLY","ALWAYS WITH RIGHT HAND","ALWAYS WITH RIGHT HAND","ALWAYS WITH RIGHT HAND","ALWAYS WITH RIGHT HAND","ALWAYS WITH LEFT HAND","1: 1  CONDITION APPLIES","1: 1  CONDITION APPLIES","NO","FEMALE","MALE"
1981,64735,5,1,3,33790,5,179,1,1,8,3,1,3,2,2,1,2,1,5,4,7,1,1,30,19,"Male","Non-Black / Non-Hispanic","West (AK, AZ, CA, CO, HI, ID, MT, NV, NM, OR, UT, WA, WY)","GED","Not in CBSA","NO","3: Mother","YES","YES","NO","NO","YES","0: 0  CONDITION DOES NOT APPLY","DON'T DO THIS ACTIVITY","ALWAYS WITH RIGHT HAND","DON'T DO THIS ACTIVITY","DON'T DO THIS ACTIVITY","ALWAYS WITH LEFT HAND","1: 1  CONDITION APPLIES","1: 1  CONDITION APPLIES","NO","MALE","FEMALE"
1984,64735,2,0,3,33790,6,188,1,1,4,2,2,1,2,2,2,2,2,5,5,4,1,1,32,24,"Male","Non-Black / Non-Hispanic","South (AL, AR, DE, DC, FL, GA, KY, LA, MD, MS, NC, OK, SC, TN , TX, VA, WV)","High school diploma (Regular 12 year program)","In CBSA, not in central city","NO","3: Mother","YES","YES","NO","NO","NO","0: 0  CONDITION DOES NOT APPLY","ALWAYS WITH RIGHT HAND","ALWAYS WITH LEFT HAND","ALWAYS WITH RIGHT HAND","ALWAYS WITH RIGHT HAND","ALWAYS WITH LEFT HAND","0: 0  CONDITION DOES NOT APPLY","1: 1  CONDITION APPLIES","NO","FEMALE","FEMALE"
1984,64735,3,1,1,21000,5,183,2,1,3,3,1,4,2,2,1,1,1,6,3,7,1,1,31,22,"Female","Non-Black / Non-Hispanic","Northeast (CT, ME, MA, NH, NJ, NY, PA, RI, VT)","Bachelor's degree (BA, BS)","In CBSA, not in central city","NO","3: Mother","YES","NO","YES","NO","YES","0: 0  CONDITION DOES NOT APPLY","USUALLY WITH RIGHT HAND","ALWAYS WITH RIGHT HAND","ALWAYS WITH RIGHT HAND","ALWAYS WITH RIGHT HAND","ALWAYS WITH LEFT HAND","1: 1  CONDITION APPLIES","1: 1  CONDITION APPLIES","NO","MALE","MALE"
1983,64735,3,1,7,33790,5,182,1,1,3,3,2,5,2,2,2,1,2,3,2,7,1,1,30,12,"Male","Non-Black / Non-Hispanic","South (AL, AR, DE, DC, FL, GA, KY, LA, MD, MS, NC, OK, SC, TN , TX, VA, WV)","None","In CBSA, not in central city","NO","3: Mother","YES","NO","NO","NO","YES","0: 0  CONDITION DOES NOT APPLY","ALWAYS WITH RIGHT HAND","ALWAYS WITH RIGHT HAND","ALWAYS WITH RIGHT HAND","ALWAYS WITH RIGHT HAND","ALWAYS WITH LEFT HAND","1: 1  CONDITION APPLIES","1: 1  CONDITION APPLIES","NO","FEMALE","MALE"
1982,64735,2,0,2,33790,5,181,1,1,5,4,7,5,2,2,2,2,1,5,3,7,1,1,32,27,"Male","Non-Black / Non-Hispanic","South (AL, AR, DE, DC, FL, GA, KY, LA, MD, MS, NC, OK, SC, TN , TX, VA, WV)","GED","In CBSA, in central city","NO","3: Mother","NO","NO","YES","NO","YES","0: 0  CONDITION DOES NOT APPLY","ALWAYS WITH RIGHT HAND","ALWAYS WITH RIGHT HAND","ALWAYS WITH RIGHT HAND","ALWAYS WITH RIGHT HAND","ALWAYS WITH LEFT HAND","1: 1  CONDITION APPLIES","1: 1  CONDITION APPLIES","NO","MALE","MALE"
1983,64735,4,0,3,33790,5,182,2,1,3,6,6,5,2,2,2,2,2,6,2,7,1,1,29,22,"Male","Non-Black / Non-Hispanic","North Central (IL, IN, IA, KS, MI, MN, MO, NE, OH, ND, SD, WI)","Bachelor's degree (BA, BS)","In CBSA, not in central city","NO","3: Mother","YES","NO","NO","NO","YES","0: 0  CONDITION DOES NOT APPLY","ALWAYS WITH RIGHT HAND","ALWAYS WITH RIGHT HAND","ALWAYS WITH RIGHT HAND","ALWAYS WITH RIGHT HAND","ALWAYS WITH RIGHT HAND","1: 1  CONDITION APPLIES","1: 1  CONDITION APPLIES","NO","MALE","FEMALE"
1982,43000,3,1,2,31000,5,183,1,2,2,3,4,2,2,2,1,2,2,3,1,6,1,1,31,21,"Female","Non-Black / Non-Hispanic","North Central (IL, IN, IA, KS, MI, MN, MO, NE, OH, ND, SD, WI)","High school diploma (Regular 12 year program)","In CBSA, not in central city","NO","3: Mother","NO","NO","NO","NO","YES","0: 0  CONDITION DOES NOT APPLY","ALWAYS WITH RIGHT HAND","DON'T DO THIS ACTIVITY","ALWAYS WITH RIGHT HAND","ALWAYS WITH RIGHT HAND","ALWAYS WITH LEFT HAND","1: 1  CONDITION APPLIES","1: 1  CONDITION APPLIES","NO","FEMALE","MALE"
1981,64735,4,0,1,33790,5,183,1,3,2,5,6,3,1,2,1,2,1,4,4,8,1,1,33,15,"Female","Non-Black / Non-Hispanic","West (AK, AZ, CA, CO, HI, ID, MT, NV, NM, OR, UT, WA, WY)","Professional degree (DDS, JD, MD)","In CBSA, not in central city","NO","3: Mother","NO","NO","NO","YES","YES","0: 0  CONDITION DOES NOT APPLY","ALWAYS WITH RIGHT HAND","ALWAYS WITH RIGHT HAND","ALWAYS WITH RIGHT HAND","ALWAYS WITH RIGHT HAND","ALWAYS WITH RIGHT HAND","1: 1  CONDITION APPLIES","1: 1  CONDITION APPLIES","NO","FEMALE","FEMALE"
1984,64735,2,0,2,33790,5,181,1,1,3,3,4,5,2,2,1,2,2,4,5,7,1,1,33,24,"Male","Hispanic","South (AL, AR, DE, DC, FL, GA, KY, LA, MD, MS, NC, OK, SC, TN , TX, VA, WV)","Bachelor's degree (BA, BS)","In CBSA, not in central city","NO","3: Mother","YES","NO","YES","NO","YES","0: 0  CONDITION DOES NOT APPLY","ALWAYS WITH RIGHT HAND","ALWAYS WITH RIGHT HAND","ALWAYS WITH RIGHT HAND","ALWAYS WITH RIGHT HAND","ALWAYS WITH LEFT HAND","1: 1  CONDITION APPLIES","1: 1  CONDITION APPLIES","NO","FEMALE","MALE"
1980,126000,4,1,2,56000,5,181,1,2,4,4,5,7,2,2,1,2,1,7,6,7,1,2,31,21,"Male","Non-Black / Non-Hispanic","Northeast (CT, ME, MA, NH, NJ, NY, PA, RI, VT)","Master's degree (MA, MS)","In CBSA, in central city","NO","3: Mother","YES","NO","NO","NO","YES","0: 0  CONDITION DOES NOT APPLY","ALWAYS WITH RIGHT HAND","ALWAYS WITH RIGHT HAND","ALWAYS WITH RIGHT HAND","ALWAYS WITH RIGHT HAND","ALWAYS WITH LEFT HAND","0: 0  CONDITION DOES NOT APPLY","0: 0  CONDITION DOES NOT APPLY","NO","MALE","FEMALE"
1983,64735,3,1,3,33790,5,180,1,1,5,5,1,4,2,2,1,2,1,6,3,7,1,1,26,21,"Male","Non-Black / Non-Hispanic","Northeast (CT, ME, MA, NH, NJ, NY, PA, RI, VT)","Bachelor's degree (BA, BS)","In CBSA, not in central city","NO","3: Mother","YES","NO","NO","NO","YES","0: 0  CONDITION DOES NOT APPLY","ALWAYS WITH RIGHT HAND","ALWAYS WITH RIGHT HAND","ALWAYS WITH RIGHT HAND","ALWAYS WITH RIGHT HAND","ALWAYS WITH LEFT HAND","1: 1  CONDITION APPLIES","1: 1  CONDITION APPLIES","NO","MALE","MALE"
1983,69657,6,1,3,33790,6,186,1,2,3,4,2,4,2,2,1,2,1,3,2,4,1,1,28,4,"Female","Black","South (AL, AR, DE, DC, FL, GA, KY, LA, MD, MS, NC, OK, SC, TN , TX, VA, WV)","High school diploma (Regular 12 year program)","In CBSA, not in central city","NO","3: Mother","NO","YES","NO","NO","YES","0: 0  CONDITION DOES NOT APPLY","ALWAYS WITH RIGHT HAND","ALWAYS WITH RIGHT HAND","ALWAYS WITH RIGHT HAND","ALWAYS WITH RIGHT HAND","ALWAYS WITH LEFT HAND","1: 1  CONDITION APPLIES","1: 1  CONDITION APPLIES","NO","MALE","MALE"
1983,64735,3,0,1,33790,5,182,2,1,5,3,2,4,2,2,1,2,1,6,4,7,1,1,31,22,"Female","Non-Black / Non-Hispanic","Northeast (CT, ME, MA, NH, NJ, NY, PA, RI, VT)","GED","In CBSA, not in central city","NO","3: Mother","NO","YES","NO","NO","YES","0: 0  CONDITION DOES NOT APPLY","DON'T DO THIS ACTIVITY","ALWAYS WITH LEFT HAND","USUALLY WITH RIGHT HAND","ALWAYS WITH RIGHT HAND","DON'T DO THIS ACTIVITY","1: 1  CONDITION APPLIES","1: 1  CONDITION APPLIES","NO","MALE","MALE"
1986,64735,4,1,2,33790,5,184,2,1,3,4,2,3,2,2,1,2,1,3,2,7,1,1,32,25,"Female","Non-Black / Non-Hispanic","North Central (IL, IN, IA, KS, MI, MN, MO, NE, OH, ND, SD, WI)","Master's degree (MA, MS)","In CBSA, not in central city","YES","3: Mother","NO","NO","NO","NO","YES","0: 0  CONDITION DOES NOT APPLY","ALWAYS WITH RIGHT HAND","ALWAYS WITH RIGHT HAND","ALWAYS WITH RIGHT HAND","ALWAYS WITH RIGHT HAND","ALWAYS WITH LEFT HAND","1: 1  CONDITION APPLIES","1: 1  CONDITION APPLIES","NO","MALE","FEMALE"
1987,64735,4,0,3,33790,5,183,2,1,4,3,2,1,2,2,2,2,1,5,1,7,1,1,32,28,"Male","Non-Black / Non-Hispanic","South (AL, AR, DE, DC, FL, GA, KY, LA, MD, MS, NC, OK, SC, TN , TX, VA, WV)","Bachelor's degree (BA, BS)","In CBSA, not in central city","YES","3: Mother","YES","NO","NO","NO","NO","0: 0  CONDITION DOES NOT APPLY","ALWAYS WITH RIGHT HAND","ALWAYS WITH RIGHT HAND","ALWAYS WITH RIGHT HAND","ALWAYS WITH RIGHT HAND","ALWAYS WITH RIGHT HAND","1: 1  CONDITION APPLIES","1: 1  CONDITION APPLIES","NO","FEMALE","MALE"
1982,64735,4,0,2,33790,5,150,1,1,3,1,3,3,2,2,1,2,1,4,2,7,1,1,28,21,"Female","Non-Black / Non-Hispanic","North Central (IL, IN, IA, KS, MI, MN, MO, NE, OH, ND, SD, WI)","GED","In CBSA, not in central city","NO","3: Mother","YES","NO","YES","NO","YES","0: 0  CONDITION DOES NOT APPLY","ALWAYS WITH RIGHT HAND","DON'T DO THIS ACTIVITY","DON'T DO THIS ACTIVITY","DON'T DO THIS ACTIVITY","ALWAYS WITH RIGHT HAND","0: 0  CONDITION DOES NOT APPLY","1: 1  CONDITION APPLIES","NO","FEMALE","MALE"
1984,64735,3,0,6,33790,5,179,1,2,3,3,2,6,2,1,2,2,1,6,2,6,1,2,34,27,"Male","Black","West (AK, AZ, CA, CO, HI, ID, MT, NV, NM, OR, UT, WA, WY)","Bachelor's degree (BA, BS)","In CBSA, not in central city","YES","3: Mother","NO","NO","NO","NO","YES","0: 0  CONDITION DOES NOT APPLY","ALWAYS WITH RIGHT HAND","USUALLY WITH RIGHT HAND","ALWAYS WITH RIGHT HAND","ALWAYS WITH RIGHT HAND","ALWAYS WITH LEFT HAND","1: 1  CONDITION APPLIES","1: 1  CONDITION APPLIES","NO","FEMALE","MALE"
1980,64735,3,0,3,33790,5,184,2,1,2,3,2,1,2,2,2,2,1,6,2,7,1,1,36,39,"Male","Non-Black / Non-Hispanic","North Central (IL, IN, IA, KS, MI, MN, MO, NE, OH, ND, SD, WI)","Associate/Junior college (AA)","In CBSA, not in central city","NO","3: Mother","YES","NO","NO","NO","YES","0: 0  CONDITION DOES NOT APPLY","ALWAYS WITH RIGHT HAND","ALWAYS WITH RIGHT HAND","ALWAYS WITH RIGHT HAND","ALWAYS WITH RIGHT HAND","ALWAYS WITH LEFT HAND","1: 1  CONDITION APPLIES","1: 1  CONDITION APPLIES","NO","FEMALE","MALE"
1980,146600,3,1,3,60000,5,182,1,1,5,1,1,1,2,2,1,1,1,6,3,7,1,2,28,19,"Male","Non-Black / Non-Hispanic","North Central (IL, IN, IA, KS, MI, MN, MO, NE, OH, ND, SD, WI)","High school diploma (Regular 12 year program)","In CBSA, not in central city","YES","3: Mother","NO","NO","NO","NO","YES","0: 0  CONDITION DOES NOT APPLY","DON'T DO THIS ACTIVITY","DON'T DO THIS ACTIVITY","ALWAYS WITH RIGHT HAND","DON'T DO THIS ACTIVITY","ALWAYS WITH LEFT HAND","1: 1  CONDITION APPLIES","1: 1  CONDITION APPLIES","YES","FEMALE","FEMALE"
1982,67000,4,0,2,10000,5,181,1,1,2,3,2,5,2,1,1,2,2,7,4,7,1,1,32,21,"Male","Black","North Central (IL, IN, IA, KS, MI, MN, MO, NE, OH, ND, SD, WI)","Bachelor's degree (BA, BS)","Not in country","NO","3: Mother","YES","NO","NO","NO","YES","0: 0  CONDITION DOES NOT APPLY","ALWAYS WITH RIGHT HAND","ALWAYS WITH RIGHT HAND","ALWAYS WITH LEFT HAND","ALWAYS WITH RIGHT HAND","ALWAYS WITH RIGHT HAND","1: 1  CONDITION APPLIES","1: 1  CONDITION APPLIES","NO","FEMALE","FEMALE"
1981,64735,4,1,1,33790,5,182,1,1,1,4,2,3,2,2,1,2,1,3,3,7,1,1,31,22,"Female","Hispanic","South (AL, AR, DE, DC, FL, GA, KY, LA, MD, MS, NC, OK, SC, TN , TX, VA, WV)","Professional degree (DDS, JD, MD)","In CBSA, not in central city","NO","3: Mother","YES","NO","YES","NO","YES","0: 0  CONDITION DOES NOT APPLY","ALWAYS WITH RIGHT HAND","ALWAYS WITH RIGHT HAND","ALWAYS WITH RIGHT HAND","ALWAYS WITH RIGHT HAND","ALWAYS WITH LEFT HAND","1: 1  CONDITION APPLIES","1: 1  CONDITION APPLIES","NO","FEMALE","FEMALE"
1983,64735,3,0,1,33790,5,179,1,1,4,3,3,6,2,2,1,2,1,4,3,7,2,2,33,22,"Female","Non-Black / Non-Hispanic","South (AL, AR, DE, DC, FL, GA, KY, LA, MD, MS, NC, OK, SC, TN , TX, VA, WV)","Bachelor's degree (BA, BS)","In CBSA, not in central city","NO","3: Mother","YES","NO","NO","NO","YES","0: 0  CONDITION DOES NOT APPLY","ALWAYS WITH RIGHT HAND","ALWAYS WITH RIGHT HAND","ALWAYS WITH RIGHT HAND","ALWAYS WITH RIGHT HAND","ALWAYS WITH LEFT HAND","1: 1  CONDITION APPLIES","0: 0  CONDITION DOES NOT APPLY","NO","FEMALE","FEMALE"
1981,64735,7,0,5,33790,5,168,1,1,2,2,1,7,2,2,1,2,2,3,5,5,1,1,34,19,"Male","Hispanic","Northeast (CT, ME, MA, NH, NJ, NY, PA, RI, VT)","High school diploma (Regular 12 year program)","In CBSA, not in central city","NO","3: Mother","YES","YES","NO","NO","YES","0: 0  CONDITION DOES NOT APPLY","ALWAYS WITH RIGHT HAND","ALWAYS WITH RIGHT HAND","ALWAYS WITH RIGHT HAND","ALWAYS WITH RIGHT HAND","ALWAYS WITH RIGHT HAND","0: 0  CONDITION DOES NOT APPLY","1: 1  CONDITION APPLIES","NO","FEMALE","FEMALE"
1981,64735,2,1,1,33790,6,188,1,2,3,5,2,3,2,2,1,2,1,6,2,4,1,1,31,0,"Male","Non-Black / Non-Hispanic","Northeast (CT, ME, MA, NH, NJ, NY, PA, RI, VT)","Associate/Junior college (AA)","In CBSA, not in central city","NO","3: Mother","YES","NO","NO","NO","YES","0: 0  CONDITION DOES NOT APPLY","ALWAYS WITH RIGHT HAND","ALWAYS WITH RIGHT HAND","ALWAYS WITH RIGHT HAND","ALWAYS WITH RIGHT HAND","DON'T DO THIS ACTIVITY","1: 1  CONDITION APPLIES","1: 1  CONDITION APPLIES","NO","MALE","MALE"
1983,64735,5,1,1,33790,5,190,1,2,1,3,1,5,2,2,2,1,1,1,6,7,1,1,27,17,"Female","Non-Black / Non-Hispanic","North Central (IL, IN, IA, KS, MI, MN, MO, NE, OH, ND, SD, WI)","High school diploma (Regular 12 year program)","In CBSA, not in central city","YES","3: Mother","NO","YES","NO","NO","NO","0: 0  CONDITION DOES NOT APPLY","ALWAYS WITH RIGHT HAND","ALWAYS WITH RIGHT HAND","USUALLY WITH BOTH HANDS EQUALLY","ALWAYS WITH RIGHT HAND","ALWAYS WITH RIGHT HAND","1: 1  CONDITION APPLIES","1: 1  CONDITION APPLIES","NO","FEMALE","FEMALE"
1981,64735,1,0,3,33790,5,183,2,1,2,5,1,3,2,1,1,2,1,6,2,7,1,1,32,23,"Female","Non-Black / Non-Hispanic","South (AL, AR, DE, DC, FL, GA, KY, LA, MD, MS, NC, OK, SC, TN , TX, VA, WV)","High school diploma (Regular 12 year program)","In CBSA, not in central city","NO","3: Mother","YES","NO","NO","NO","YES","1: 1  CONDITION APPLIES","ALWAYS WITH RIGHT HAND","ALWAYS WITH RIGHT HAND","ALWAYS WITH RIGHT HAND","ALWAYS WITH RIGHT HAND","ALWAYS WITH LEFT HAND","1: 1  CONDITION APPLIES","1: 1  CONDITION APPLIES","NO","FEMALE","MALE"
1983,64735,3,0,3,33790,5,182,1,1,5,3,3,3,2,2,1,2,1,3,2,6,1,1,30,21,"Male","Non-Black / Non-Hispanic","Northeast (CT, ME, MA, NH, NJ, NY, PA, RI, VT)","Bachelor's degree (BA, BS)","In CBSA, not in central city","NO","3: Mother","YES","NO","YES","NO","YES","0: 0  CONDITION DOES NOT APPLY","ALWAYS WITH RIGHT HAND","ALWAYS WITH RIGHT HAND","ALWAYS WITH RIGHT HAND","ALWAYS WITH RIGHT HAND","ALWAYS WITH LEFT HAND","1: 1  CONDITION APPLIES","1: 1  CONDITION APPLIES","NO","MALE","FEMALE"
1982,64735,5,1,1,33790,5,180,1,1,7,3,1,5,2,2,1,1,1,3,3,7,1,1,33,21,"Female","Black","West (AK, AZ, CA, CO, HI, ID, MT, NV, NM, OR, UT, WA, WY)","GED","In CBSA, not in central city","NO","3: Mother","NO","YES","NO","NO","YES","0: 0  CONDITION DOES NOT APPLY","ALWAYS WITH RIGHT HAND","ALWAYS WITH RIGHT HAND","ALWAYS WITH RIGHT HAND","ALWAYS WITH RIGHT HAND","ALWAYS WITH LEFT HAND","1: 1  CONDITION APPLIES","1: 1  CONDITION APPLIES","NO","FEMALE","FEMALE"
1983,64735,4,0,2,33790,5,182,1,1,3,5,5,7,2,1,2,2,2,5,4,6,1,1,35,22,"Male","Hispanic","North Central (IL, IN, IA, KS, MI, MN, MO, NE, OH, ND, SD, WI)","High school diploma (Regular 12 year program)","In CBSA, in central city","NO","3: Mother","NO","YES","YES","NO","YES","0: 0  CONDITION DOES NOT APPLY","ALWAYS WITH RIGHT HAND","ALWAYS WITH RIGHT HAND","USUALLY WITH RIGHT HAND","ALWAYS WITH RIGHT HAND","USUALLY WITH RIGHT HAND","1: 1  CONDITION APPLIES","1: 1  CONDITION APPLIES","NO","FEMALE","MALE"
1981,64735,2,0,1,33790,5,200,1,1,3,4,3,3,2,2,1,2,2,5,1,7,1,1,35,22,"Female","Non-Black / Non-Hispanic","South (AL, AR, DE, DC, FL, GA, KY, LA, MD, MS, NC, OK, SC, TN , TX, VA, WV)","High school diploma (Regular 12 year program)","In CBSA, not in central city","NO","3: Mother","YES","NO","NO","NO","YES","0: 0  CONDITION DOES NOT APPLY","ALWAYS WITH LEFT HAND","ALWAYS WITH RIGHT HAND","ALWAYS WITH RIGHT HAND","ALWAYS WITH LEFT HAND","ALWAYS WITH RIGHT HAND","1: 1  CONDITION APPLIES","1: 1  CONDITION APPLIES","NO","FEMALE","FEMALE"
1983,64735,3,1,2,33790,5,184,1,1,6,5,2,4,2,2,2,2,1,6,4,6,1,1,28,21,"Female","Black","Northeast (CT, ME, MA, NH, NJ, NY, PA, RI, VT)","Bachelor's degree (BA, BS)","In CBSA, not in central city","NO","3: Mother","YES","NO","NO","NO","YES","0: 0  CONDITION DOES NOT APPLY","ALWAYS WITH RIGHT HAND","ALWAYS WITH RIGHT HAND","ALWAYS WITH RIGHT HAND","ALWAYS WITH RIGHT HAND","ALWAYS WITH LEFT HAND","0: 0  CONDITION DOES NOT APPLY","1: 1  CONDITION APPLIES","NO","FEMALE","FEMALE"
1983,64735,2,0,2,33790,5,178,1,1,1,3,3,3,2,2,2,2,1,4,3,9,1,1,50,30,"Male","Non-Black / Non-Hispanic","South (AL, AR, DE, DC, FL, GA, KY, LA, MD, MS, NC, OK, SC, TN , TX, VA, WV)","High school diploma (Regular 12 year program)","In CBSA, not in central city","YES","3: Mother","YES","NO","NO","NO","YES","0: 0  CONDITION DOES NOT APPLY","ALWAYS WITH RIGHT HAND","ALWAYS WITH RIGHT HAND","USUALLY WITH RIGHT HAND","ALWAYS WITH RIGHT HAND","ALWAYS WITH LEFT HAND","1: 1  CONDITION APPLIES","0: 0  CONDITION DOES NOT APPLY","NO","MALE","MALE"
1980,64735,3,0,1,13500,5,184,3,2,5,6,2,5,2,2,1,2,1,6,1,6,1,1,26,24,"Female","Non-Black / Non-Hispanic","Northeast (CT, ME, MA, NH, NJ, NY, PA, RI, VT)","Master's degree (MA, MS)","In CBSA, not in central city","YES","3: Mother","YES","NO","NO","NO","YES","0: 0  CONDITION DOES NOT APPLY","ALWAYS WITH RIGHT HAND","ALWAYS WITH RIGHT HAND","USUALLY WITH BOTH HANDS EQUALLY","ALWAYS WITH RIGHT HAND","ALWAYS WITH RIGHT HAND","0: 0  CONDITION DOES NOT APPLY","1: 1  CONDITION APPLIES","NO","MALE","FEMALE"
1982,64735,2,0,1,33790,5,184,2,2,4,3,3,2,2,2,2,2,1,4,2,6,1,1,29,17,"Female","Non-Black / Non-Hispanic","West (AK, AZ, CA, CO, HI, ID, MT, NV, NM, OR, UT, WA, WY)","High school diploma (Regular 12 year program)","In CBSA, not in central city","NO","3: Mother","YES","NO","NO","NO","YES","0: 0  CONDITION DOES NOT APPLY","ALWAYS WITH RIGHT HAND","ALWAYS WITH RIGHT HAND","ALWAYS WITH RIGHT HAND","ALWAYS WITH RIGHT HAND","ALWAYS WITH LEFT HAND","0: 0  CONDITION DOES NOT APPLY","1: 1  CONDITION APPLIES","YES","MALE","MALE"
1982,64735,3,1,1,33790,5,182,1,2,2,4,2,4,2,2,1,2,1,4,2,7,1,2,30,21,"Female","Hispanic","South (AL, AR, DE, DC, FL, GA, KY, LA, MD, MS, NC, OK, SC, TN , TX, VA, WV)","High school diploma (Regular 12 year program)","In CBSA, not in central city","NO","3: Mother","YES","NO","NO","NO","YES","0: 0  CONDITION DOES NOT APPLY","ALWAYS WITH RIGHT HAND","ALWAYS WITH RIGHT HAND","ALWAYS WITH RIGHT HAND","ALWAYS WITH RIGHT HAND","ALWAYS WITH LEFT HAND","1: 1  CONDITION APPLIES","1: 1  CONDITION APPLIES","NO","FEMALE","FEMALE"
1981,64735,3,0,2,33790,5,182,2,1,4,4,2,3,2,1,2,2,1,4,2,6,1,1,28,18,"Female","Non-Black / Non-Hispanic","Northeast (CT, ME, MA, NH, NJ, NY, PA, RI, VT)","Bachelor's degree (BA, BS)","In CBSA, not in central city","NO","3: Mother","NO","NO","NO","NO","YES","1: 1  CONDITION APPLIES","ALWAYS WITH RIGHT HAND","ALWAYS WITH RIGHT HAND","ALWAYS WITH RIGHT HAND","ALWAYS WITH RIGHT HAND","ALWAYS WITH LEFT HAND","1: 1  CONDITION APPLIES","1: 1  CONDITION APPLIES","NO","FEMALE","MALE"
1985,64735,3,1,2,33790,5,181,2,2,3,3,4,5,2,2,1,2,1,6,2,7,1,1,31,22,"Female","Non-Black / Non-Hispanic","South (AL, AR, DE, DC, FL, GA, KY, LA, MD, MS, NC, OK, SC, TN , TX, VA, WV)","Bachelor's degree (BA, BS)","In CBSA, not in central city","YES","3: Mother","YES","NO","NO","NO","YES","0: 0  CONDITION DOES NOT APPLY","ALWAYS WITH RIGHT HAND","ALWAYS WITH RIGHT HAND","ALWAYS WITH RIGHT HAND","ALWAYS WITH RIGHT HAND","ALWAYS WITH RIGHT HAND","1: 1  CONDITION APPLIES","0: 0  CONDITION DOES NOT APPLY","NO","MALE","MALE"
1983,64735,5,2,3,33790,6,187,2,2,7,5,1,5,2,2,1,2,1,6,5,6,1,1,28,15,"Male","Non-Black / Non-Hispanic","West (AK, AZ, CA, CO, HI, ID, MT, NV, NM, OR, UT, WA, WY)","High school diploma (Regular 12 year program)","In CBSA, not in central city","NO","3: Mother","YES","NO","YES","NO","YES","0: 0  CONDITION DOES NOT APPLY","ALWAYS WITH RIGHT HAND","ALWAYS WITH RIGHT HAND","ALWAYS WITH RIGHT HAND","ALWAYS WITH RIGHT HAND","ALWAYS WITH LEFT HAND","1: 1  CONDITION APPLIES","1: 1  CONDITION APPLIES","NO","MALE","FEMALE"
1983,81000,3,1,1,33790,5,183,2,1,6,5,1,4,2,2,1,2,1,3,3,4,1,2,36,20,"Male","Non-Black / Non-Hispanic","North Central (IL, IN, IA, KS, MI, MN, MO, NE, OH, ND, SD, WI)","GED","In CBSA, not in central city","NO","3: Mother","NO","NO","NO","NO","YES","0: 0  CONDITION DOES NOT APPLY","DON'T DO THIS ACTIVITY","DON'T DO THIS ACTIVITY","DON'T DO THIS ACTIVITY","DON'T DO THIS ACTIVITY","ALWAYS WITH LEFT HAND","1: 1  CONDITION APPLIES","1: 1  CONDITION APPLIES","NO","FEMALE","MALE"
1982,64735,3,1,4,33790,5,183,1,2,2,5,2,4,2,2,1,2,1,5,3,7,1,4,28,21,"Female","Hispanic","North Central (IL, IN, IA, KS, MI, MN, MO, NE, OH, ND, SD, WI)","High school diploma (Regular 12 year program)","In CBSA, not in central city","NO","3: Mother","NO","NO","NO","NO","YES","0: 0  CONDITION DOES NOT APPLY","ALWAYS WITH RIGHT HAND","ALWAYS WITH RIGHT HAND","ALWAYS WITH RIGHT HAND","ALWAYS WITH RIGHT HAND","ALWAYS WITH LEFT HAND","1: 1  CONDITION APPLIES","1: 1  CONDITION APPLIES","NO","FEMALE","MALE"
1981,64735,3,0,1,33790,5,184,1,2,1,5,2,3,2,2,1,2,1,6,2,7,1,1,29,25,"Female","Non-Black / Non-Hispanic","Northeast (CT, ME, MA, NH, NJ, NY, PA, RI, VT)","High school diploma (Regular 12 year program)","In CBSA, not in central city","YES","3: Mother","YES","NO","NO","NO","NO","0: 0  CONDITION DOES NOT APPLY","ALWAYS WITH RIGHT HAND","ALWAYS WITH RIGHT HAND","ALWAYS WITH RIGHT HAND","ALWAYS WITH RIGHT HAND","ALWAYS WITH LEFT HAND","1: 1  CONDITION APPLIES","1: 1  CONDITION APPLIES","NO","FEMALE","FEMALE"
1981,50777,3,0,4,33790,5,182,2,2,1,3,5,4,2,2,2,2,2,3,2,7,1,1,8,16,"Female","Non-Black / Non-Hispanic","Northeast (CT, ME, MA, NH, NJ, NY, PA, RI, VT)","Bachelor's degree (BA, BS)","In CBSA, not in central city","NO","3: Mother","YES","NO","NO","NO","NO","0: 0  CONDITION DOES NOT APPLY","ALWAYS WITH RIGHT HAND","ALWAYS WITH RIGHT HAND","ALWAYS WITH RIGHT HAND","ALWAYS WITH RIGHT HAND","ALWAYS WITH RIGHT HAND","1: 1  CONDITION APPLIES","1: 1  CONDITION APPLIES","YES","MALE","MALE"
1981,64735,4,0,2,33790,6,182,1,1,3,4,3,6,1,2,1,1,1,6,2,7,1,1,32,20,"Male","Non-Black / Non-Hispanic","Northeast (CT, ME, MA, NH, NJ, NY, PA, RI, VT)","GED","In CBSA, not in central city","NO","3: Mother","YES","NO","NO","NO","YES","0: 0  CONDITION DOES NOT APPLY","ALWAYS WITH RIGHT HAND","ALWAYS WITH RIGHT HAND","ALWAYS WITH RIGHT HAND","ALWAYS WITH RIGHT HAND","ALWAYS WITH LEFT HAND","1: 1  CONDITION APPLIES","1: 1  CONDITION APPLIES","YES","FEMALE","FEMALE"
1985,64735,2,0,1,33790,5,183,1,2,2,3,4,3,2,2,2,2,1,5,1,7,1,1,32,25,"Female","Non-Black / Non-Hispanic","Northeast (CT, ME, MA, NH, NJ, NY, PA, RI, VT)","Bachelor's degree (BA, BS)","In CBSA, not in central city","NO","3: Mother","YES","NO","NO","NO","YES","0: 0  CONDITION DOES NOT APPLY","ALWAYS WITH RIGHT HAND","ALWAYS WITH RIGHT HAND","ALWAYS WITH RIGHT HAND","ALWAYS WITH RIGHT HAND","ALWAYS WITH LEFT HAND","0: 0  CONDITION DOES NOT APPLY","1: 1  CONDITION APPLIES","NO","FEMALE","FEMALE"
1981,40000,3,0,2,33790,5,135,1,1,5,2,2,1,2,1,2,1,1,5,2,8,1,5,32,23,"Male","Hispanic","South (AL, AR, DE, DC, FL, GA, KY, LA, MD, MS, NC, OK, SC, TN , TX, VA, WV)","High school diploma (Regular 12 year program)","In CBSA, not in central city","NO","3: Mother","NO","NO","NO","NO","NO","0: 0  CONDITION DOES NOT APPLY","ALWAYS WITH RIGHT HAND","ALWAYS WITH RIGHT HAND","ALWAYS WITH RIGHT HAND","USUALLY WITH RIGHT HAND","ALWAYS WITH LEFT HAND","1: 1  CONDITION APPLIES","1: 1  CONDITION APPLIES","NO","FEMALE","MALE"
1981,64735,2,0,3,33790,5,184,2,2,4,2,2,5,2,2,1,2,1,4,1,6,1,1,29,21,"Female","Black","South (AL, AR, DE, DC, FL, GA, KY, LA, MD, MS, NC, OK, SC, TN , TX, VA, WV)","GED","In CBSA, in central city","NO","3: Mother","NO","NO","YES","NO","NO","0: 0  CONDITION DOES NOT APPLY","ALWAYS WITH RIGHT HAND","ALWAYS WITH RIGHT HAND","ALWAYS WITH RIGHT HAND","ALWAYS WITH RIGHT HAND","ALWAYS WITH RIGHT HAND","1: 1  CONDITION APPLIES","1: 1  CONDITION APPLIES","NO","MALE","FEMALE"
1984,64735,3,1,1,33790,5,183,1,1,2,2,1,3,2,2,1,2,1,3,2,7,1,1,37,23,"Female","Non-Black / Non-Hispanic","South (AL, AR, DE, DC, FL, GA, KY, LA, MD, MS, NC, OK, SC, TN , TX, VA, WV)","Bachelor's degree (BA, BS)","In CBSA, not in central city","YES","3: Mother","YES","NO","NO","NO","YES","0: 0  CONDITION DOES NOT APPLY","ALWAYS WITH RIGHT HAND","ALWAYS WITH RIGHT HAND","ALWAYS WITH RIGHT HAND","ALWAYS WITH RIGHT HAND","ALWAYS WITH LEFT HAND","1: 1  CONDITION APPLIES","1: 1  CONDITION APPLIES","NO","MALE","MALE"
1981,26250,3,0,2,26000,5,143,1,2,3,3,4,4,1,2,1,2,1,6,6,8,1,1,24,18,"Female","Black","South (AL, AR, DE, DC, FL, GA, KY, LA, MD, MS, NC, OK, SC, TN , TX, VA, WV)","High school diploma (Regular 12 year program)","In CBSA, in central city","NO","3: Mother","YES","YES","NO","NO","YES","0: 0  CONDITION DOES NOT APPLY","ALWAYS WITH LEFT HAND","ALWAYS WITH LEFT HAND","ALWAYS WITH LEFT HAND","ALWAYS WITH LEFT HAND","ALWAYS WITH RIGHT HAND","1: 1  CONDITION APPLIES","1: 1  CONDITION APPLIES","NO","FEMALE","FEMALE"
1982,64735,4,1,2,33790,5,166,1,1,4,2,2,6,2,2,1,2,2,8,1,6,1,1,28,23,"Female","Black","Northeast (CT, ME, MA, NH, NJ, NY, PA, RI, VT)","GED","In CBSA, not in central city","NO","3: Mother","YES","YES","NO","NO","YES","0: 0  CONDITION DOES NOT APPLY","ALWAYS WITH RIGHT HAND","ALWAYS WITH RIGHT HAND","ALWAYS WITH RIGHT HAND","ALWAYS WITH RIGHT HAND","ALWAYS WITH LEFT HAND","1: 1  CONDITION APPLIES","1: 1  CONDITION APPLIES","NO","FEMALE","MALE"
1982,64735,4,0,2,33790,5,181,2,2,3,2,2,2,1,2,1,2,1,3,1,7,1,1,32,20,"Male","Non-Black / Non-Hispanic","South (AL, AR, DE, DC, FL, GA, KY, LA, MD, MS, NC, OK, SC, TN , TX, VA, WV)","GED","In CBSA, not in central city","NO","3: Mother","NO","NO","NO","NO","YES","0: 0  CONDITION DOES NOT APPLY","ALWAYS WITH RIGHT HAND","ALWAYS WITH RIGHT HAND","ALWAYS WITH RIGHT HAND","ALWAYS WITH RIGHT HAND","ALWAYS WITH LEFT HAND","1: 1  CONDITION APPLIES","1: 1  CONDITION APPLIES","NO","MALE","FEMALE"
1983,64735,4,0,1,33790,5,182,2,1,1,4,2,5,2,2,1,2,1,3,3,7,2,1,32,21,"Male","Black","North Central (IL, IN, IA, KS, MI, MN, MO, NE, OH, ND, SD, WI)","High school diploma (Regular 12 year program)","In CBSA, not in central city","NO","3: Mother","YES","NO","NO","NO","YES","0: 0  CONDITION DOES NOT APPLY","ALWAYS WITH RIGHT HAND","ALWAYS WITH RIGHT HAND","ALWAYS WITH RIGHT HAND","ALWAYS WITH RIGHT HAND","ALWAYS WITH LEFT HAND","1: 1  CONDITION APPLIES","1: 1  CONDITION APPLIES","NO","MALE","FEMALE"
1983,64735,4,1,1,33790,5,184,1,1,5,4,3,2,2,2,2,2,2,3,2,6,1,1,33,22,"Female","Black","South (AL, AR, DE, DC, FL, GA, KY, LA, MD, MS, NC, OK, SC, TN , TX, VA, WV)","High school diploma (Regular 12 year program)","In CBSA, not in central city","YES","3: Mother","YES","NO","NO","YES","YES","0: 0  CONDITION DOES NOT APPLY","ALWAYS WITH RIGHT HAND","ALWAYS WITH RIGHT HAND","ALWAYS WITH RIGHT HAND","ALWAYS WITH RIGHT HAND","ALWAYS WITH LEFT HAND","1: 1  CONDITION APPLIES","1: 1  CONDITION APPLIES","NO","MALE","FEMALE"
1982,64735,2,0,6,33790,6,183,2,1,2,5,3,4,2,2,2,2,1,4,1,8,2,1,28,21,"Female","Non-Black / Non-Hispanic","South (AL, AR, DE, DC, FL, GA, KY, LA, MD, MS, NC, OK, SC, TN , TX, VA, WV)","High school diploma (Regular 12 year program)","In CBSA, not in central city","NO","3: Mother","YES","YES","NO","NO","YES","0: 0  CONDITION DOES NOT APPLY","ALWAYS WITH RIGHT HAND","ALWAYS WITH RIGHT HAND","ALWAYS WITH RIGHT HAND","ALWAYS WITH RIGHT HAND","ALWAYS WITH LEFT HAND","1: 1  CONDITION APPLIES","1: 1  CONDITION APPLIES","NO","FEMALE","FEMALE"
1982,64735,2,1,1,33790,5,182,1,1,6,4,3,4,2,2,2,2,1,2,2,8,1,1,29,21,"Male","Black","Northeast (CT, ME, MA, NH, NJ, NY, PA, RI, VT)","High school diploma (Regular 12 year program)","In CBSA, in central city","NO","3: Mother","YES","NO","NO","NO","YES","0: 0  CONDITION DOES NOT APPLY","ALWAYS WITH RIGHT HAND","ALWAYS WITH RIGHT HAND","ALWAYS WITH RIGHT HAND","ALWAYS WITH RIGHT HAND","ALWAYS WITH LEFT HAND","1: 1  CONDITION APPLIES","1: 1  CONDITION APPLIES","NO","MALE","MALE"
1983,64735,4,1,2,33790,5,184,2,3,2,1,4,5,2,2,1,1,1,3,3,5,1,1,32,18,"Female","Non-Black / Non-Hispanic","Northeast (CT, ME, MA, NH, NJ, NY, PA, RI, VT)","High school diploma (Regular 12 year program)","In CBSA, not in central city","NO","3: Mother","YES","NO","YES","NO","YES","0: 0  CONDITION DOES NOT APPLY","ALWAYS WITH RIGHT HAND","ALWAYS WITH LEFT HAND","ALWAYS WITH RIGHT HAND","ALWAYS WITH LEFT HAND","ALWAYS WITH LEFT HAND","1: 1  CONDITION APPLIES","1: 1  CONDITION APPLIES","NO","FEMALE","MALE"
1980,64735,4,0,1,33790,5,174,2,3,3,6,3,5,2,3,1,2,1,3,6,5,1,1,31,18,"Female","Black","West (AK, AZ, CA, CO, HI, ID, MT, NV, NM, OR, UT, WA, WY)","High school diploma (Regular 12 year program)","In CBSA, not in central city","NO","3: Mother","NO","NO","NO","NO","NO","0: 0  CONDITION DOES NOT APPLY","ALWAYS WITH RIGHT HAND","USUALLY WITH RIGHT HAND","ALWAYS WITH RIGHT HAND","ALWAYS WITH RIGHT HAND","ALWAYS WITH LEFT HAND","1: 1  CONDITION APPLIES","1: 1  CONDITION APPLIES","NO","FEMALE","MALE"
1981,64735,3,0,3,33790,5,182,1,1,3,2,2,5,1,2,1,1,1,3,3,7,1,1,32,26,"Male","Non-Black / Non-Hispanic","Northeast (CT, ME, MA, NH, NJ, NY, PA, RI, VT)","Associate/Junior college (AA)","In CBSA, not in central city","YES","3: Mother","YES","NO","NO","NO","YES","0: 0  CONDITION DOES NOT APPLY","ALWAYS WITH RIGHT HAND","ALWAYS WITH RIGHT HAND","ALWAYS WITH RIGHT HAND","ALWAYS WITH RIGHT HAND","ALWAYS WITH LEFT HAND","0: 0  CONDITION DOES NOT APPLY","1: 1  CONDITION APPLIES","NO","FEMALE","MALE"
1982,64735,3,0,2,33790,5,182,1,1,3,4,4,2,2,2,2,2,1,6,2,6,1,1,29,22,"Male","Non-Black / Non-Hispanic","Northeast (CT, ME, MA, NH, NJ, NY, PA, RI, VT)","GED","In CBSA, in central city","YES","3: Mother","YES","NO","NO","NO","YES","0: 0  CONDITION DOES NOT APPLY","ALWAYS WITH RIGHT HAND","ALWAYS WITH RIGHT HAND","ALWAYS WITH RIGHT HAND","ALWAYS WITH RIGHT HAND","ALWAYS WITH LEFT HAND","0: 0  CONDITION DOES NOT APPLY","1: 1  CONDITION APPLIES","NO","FEMALE","FEMALE"
1982,66000,4,0,3,33790,5,181,1,2,2,4,7,5,2,2,1,1,1,5,3,6,1,1,42,55,"Female","Non-Black / Non-Hispanic","South (AL, AR, DE, DC, FL, GA, KY, LA, MD, MS, NC, OK, SC, TN , TX, VA, WV)","GED","In CBSA, not in central city","YES","3: Mother","YES","YES","NO","NO","YES","0: 0  CONDITION DOES NOT APPLY","ALWAYS WITH RIGHT HAND","USUALLY WITH RIGHT HAND","ALWAYS WITH RIGHT HAND","ALWAYS WITH RIGHT HAND","ALWAYS WITH LEFT HAND","1: 1  CONDITION APPLIES","1: 1  CONDITION APPLIES","NO","FEMALE","MALE"
1980,64735,4,1,3,40000,5,181,1,2,6,3,5,10,1,2,2,2,1,4,2,7,1,1,33,19,"Female","Non-Black / Non-Hispanic","South (AL, AR, DE, DC, FL, GA, KY, LA, MD, MS, NC, OK, SC, TN , TX, VA, WV)","GED","In CBSA, not in central city","NO","3: Mother","NO","NO","NO","NO","YES","0: 0  CONDITION DOES NOT APPLY","ALWAYS WITH RIGHT HAND","ALWAYS WITH RIGHT HAND","ALWAYS WITH RIGHT HAND","ALWAYS WITH RIGHT HAND","ALWAYS WITH LEFT HAND","1: 1  CONDITION APPLIES","1: 1  CONDITION APPLIES","NO","FEMALE","MALE"
1981,64735,1,0,3,33790,5,185,2,1,5,5,4,2,2,2,1,2,1,5,1,6,1,1,31,24,"Female","Hispanic","West (AK, AZ, CA, CO, HI, ID, MT, NV, NM, OR, UT, WA, WY)","High school diploma (Regular 12 year program)","In CBSA, in central city","NO","3: Mother","YES","NO","YES","NO","YES","0: 0  CONDITION DOES NOT APPLY","ALWAYS WITH RIGHT HAND","USUALLY WITH LEFT HAND","ALWAYS WITH RIGHT HAND","ALWAYS WITH RIGHT HAND","ALWAYS WITH LEFT HAND","1: 1  CONDITION APPLIES","1: 1  CONDITION APPLIES","YES","FEMALE","MALE"
1980,67000,3,1,1,33790,5,182,1,1,5,2,2,5,1,2,2,2,2,5,2,6,1,1,32,22,"Male","Non-Black / Non-Hispanic","North Central (IL, IN, IA, KS, MI, MN, MO, NE, OH, ND, SD, WI)","High school diploma (Regular 12 year program)","In CBSA, in central city","NO","3: Mother","YES","NO","YES","NO","YES","0: 0  CONDITION DOES NOT APPLY","ALWAYS WITH LEFT HAND","USUALLY WITH RIGHT HAND","ALWAYS WITH LEFT HAND","USUALLY WITH BOTH HANDS EQUALLY","ALWAYS WITH RIGHT HAND","1: 1  CONDITION APPLIES","1: 1  CONDITION APPLIES","NO","FEMALE","MALE"
1980,64735,3,0,2,33790,5,184,2,2,4,3,7,2,2,2,1,2,1,6,3,7,1,1,30,25,"Male","Non-Black / Non-Hispanic","Northeast (CT, ME, MA, NH, NJ, NY, PA, RI, VT)","Bachelor's degree (BA, BS)","In CBSA, not in central city","NO","3: Mother","YES","NO","NO","NO","YES","0: 0  CONDITION DOES NOT APPLY","ALWAYS WITH RIGHT HAND","ALWAYS WITH RIGHT HAND","ALWAYS WITH RIGHT HAND","ALWAYS WITH RIGHT HAND","ALWAYS WITH LEFT HAND","1: 1  CONDITION APPLIES","1: 1  CONDITION APPLIES","NO","FEMALE","MALE"
1982,64735,4,1,3,33790,5,182,1,2,4,4,5,9,2,2,2,2,1,3,2,7,1,1,28,23,"Female","Non-Black / Non-Hispanic","South (AL, AR, DE, DC, FL, GA, KY, LA, MD, MS, NC, OK, SC, TN , TX, VA, WV)","High school diploma (Regular 12 year program)","In CBSA, in central city","NO","3: Mother","YES","NO","YES","NO","YES","0: 0  CONDITION DOES NOT APPLY","ALWAYS WITH RIGHT HAND","ALWAYS WITH RIGHT HAND","ALWAYS WITH RIGHT HAND","ALWAYS WITH RIGHT HAND","ALWAYS WITH LEFT HAND","1: 1  CONDITION APPLIES","1: 1  CONDITION APPLIES","NO","FEMALE","MALE"
1984,45000,2,0,2,33790,5,184,2,1,2,8,3,5,2,2,1,2,1,6,4,5,1,1,30,22,"Female","Black","South (AL, AR, DE, DC, FL, GA, KY, LA, MD, MS, NC, OK, SC, TN , TX, VA, WV)","Bachelor's degree (BA, BS)","In CBSA, in central city","NO","3: Mother","YES","NO","NO","NO","YES","0: 0  CONDITION DOES NOT APPLY","ALWAYS WITH RIGHT HAND","ALWAYS WITH RIGHT HAND","ALWAYS WITH RIGHT HAND","ALWAYS WITH RIGHT HAND","ALWAYS WITH LEFT HAND","0: 0  CONDITION DOES NOT APPLY","1: 1  CONDITION APPLIES","YES","FEMALE","FEMALE"
1984,64735,1,0,1,33790,5,183,1,1,3,4,4,6,2,2,1,2,1,6,2,7,1,2,28,21,"Female","Black","Northeast (CT, ME, MA, NH, NJ, NY, PA, RI, VT)","Bachelor's degree (BA, BS)","In CBSA, not in central city","NO","3: Mother","NO","NO","NO","NO","YES","0: 0  CONDITION DOES NOT APPLY","ALWAYS WITH RIGHT HAND","ALWAYS WITH RIGHT HAND","ALWAYS WITH RIGHT HAND","ALWAYS WITH RIGHT HAND","ALWAYS WITH LEFT HAND","0: 0  CONDITION DOES NOT APPLY","1: 1  CONDITION APPLIES","NO","MALE","FEMALE"
1982,64735,5,1,2,33790,6,184,1,1,2,4,3,5,2,2,1,2,1,5,3,7,1,1,31,18,"Male","Non-Black / Non-Hispanic","North Central (IL, IN, IA, KS, MI, MN, MO, NE, OH, ND, SD, WI)","None","In CBSA, not in central city","NO","3: Mother","YES","NO","NO","NO","YES","0: 0  CONDITION DOES NOT APPLY","ALWAYS WITH RIGHT HAND","ALWAYS WITH RIGHT HAND","ALWAYS WITH RIGHT HAND","ALWAYS WITH RIGHT HAND","ALWAYS WITH LEFT HAND","1: 1  CONDITION APPLIES","1: 1  CONDITION APPLIES","NO","FEMALE","FEMALE"
1983,64735,2,0,4,33790,5,182,2,2,4,4,5,4,1,2,1,1,1,1,1,8,1,1,25,22,"Female","Non-Black / Non-Hispanic","Northeast (CT, ME, MA, NH, NJ, NY, PA, RI, VT)","Master's degree (MA, MS)","Not in country","NO","3: Mother","YES","NO","YES","NO","YES","0: 0  CONDITION DOES NOT APPLY","ALWAYS WITH LEFT HAND","ALWAYS WITH RIGHT HAND","ALWAYS WITH LEFT HAND","ALWAYS WITH RIGHT HAND","ALWAYS WITH RIGHT HAND","1: 1  CONDITION APPLIES","1: 1  CONDITION APPLIES","NO","FEMALE","MALE"
1983,103011,2,0,1,33790,6,182,1,1,6,4,2,4,2,2,2,2,2,2,1,7,6,1,33,27,"Male","Non-Black / Non-Hispanic","South (AL, AR, DE, DC, FL, GA, KY, LA, MD, MS, NC, OK, SC, TN , TX, VA, WV)","High school diploma (Regular 12 year program)","In CBSA, in central city","NO","3: Mother","YES","NO","YES","NO","YES","0: 0  CONDITION DOES NOT APPLY","ALWAYS WITH RIGHT HAND","ALWAYS WITH RIGHT HAND","ALWAYS WITH RIGHT HAND","ALWAYS WITH RIGHT HAND","ALWAYS WITH LEFT HAND","1: 1  CONDITION APPLIES","1: 1  CONDITION APPLIES","NO","FEMALE","MALE"
1985,64735,4,0,3,19000,5,181,1,1,2,3,4,4,2,1,2,2,2,2,1,7,1,1,33,26,"Male","Non-Black / Non-Hispanic","North Central (IL, IN, IA, KS, MI, MN, MO, NE, OH, ND, SD, WI)","GED","In CBSA, not in central city","YES","3: Mother","NO","YES","NO","NO","NO","0: 0  CONDITION DOES NOT APPLY","ALWAYS WITH RIGHT HAND","ALWAYS WITH RIGHT HAND","ALWAYS WITH RIGHT HAND","ALWAYS WITH RIGHT HAND","ALWAYS WITH LEFT HAND","0: 0  CONDITION DOES NOT APPLY","1: 1  CONDITION APPLIES","NO","FEMALE","MALE"
1980,64735,6,1,3,33790,6,184,2,1,4,2,2,7,2,2,2,2,2,2,2,3,1,1,29,8,"Female","Black","South (AL, AR, DE, DC, FL, GA, KY, LA, MD, MS, NC, OK, SC, TN , TX, VA, WV)","High school diploma (Regular 12 year program)","In CBSA, not in central city","YES","3: Mother","YES","YES","NO","NO","NO","0: 0  CONDITION DOES NOT APPLY","ALWAYS WITH RIGHT HAND","ALWAYS WITH RIGHT HAND","ALWAYS WITH RIGHT HAND","ALWAYS WITH LEFT HAND","ALWAYS WITH RIGHT HAND","1: 1  CONDITION APPLIES","1: 1  CONDITION APPLIES","NO","FEMALE","MALE"
1982,64735,2,0,2,33790,5,183,2,2,5,1,2,3,2,2,2,2,1,6,1,7,1,1,31,23,"Male","Non-Black / Non-Hispanic","South (AL, AR, DE, DC, FL, GA, KY, LA, MD, MS, NC, OK, SC, TN , TX, VA, WV)","High school diploma (Regular 12 year program)","In CBSA, not in central city","NO","3: Mother","YES","NO","YES","NO","YES","0: 0  CONDITION DOES NOT APPLY","ALWAYS WITH RIGHT HAND","ALWAYS WITH RIGHT HAND","ALWAYS WITH RIGHT HAND","ALWAYS WITH RIGHT HAND","ALWAYS WITH LEFT HAND","0: 0  CONDITION DOES NOT APPLY","1: 1  CONDITION APPLIES","NO","FEMALE","FEMALE"
1984,64735,4,0,2,36000,5,183,1,2,4,5,1,1,1,2,2,2,1,5,3,7,1,3,31,19,"Female","Non-Black / Non-Hispanic","South (AL, AR, DE, DC, FL, GA, KY, LA, MD, MS, NC, OK, SC, TN , TX, VA, WV)","Bachelor's degree (BA, BS)","In CBSA, in central city","NO","3: Mother","NO","YES","NO","NO","YES","0: 0  CONDITION DOES NOT APPLY","ALWAYS WITH RIGHT HAND","ALWAYS WITH RIGHT HAND","ALWAYS WITH RIGHT HAND","ALWAYS WITH RIGHT HAND","ALWAYS WITH LEFT HAND","1: 1  CONDITION APPLIES","1: 1  CONDITION APPLIES","NO","MALE","FEMALE"
1980,64735,7,2,2,33790,5,181,1,1,2,2,2,4,2,2,2,1,1,6,4,5,1,1,22,5,"Female","Black","North Central (IL, IN, IA, KS, MI, MN, MO, NE, OH, ND, SD, WI)","GED","In CBSA, in central city","NO","3: Mother","YES","YES","YES","NO","YES","0: 0  CONDITION DOES NOT APPLY","ALWAYS WITH RIGHT HAND","ALWAYS WITH RIGHT HAND","ALWAYS WITH RIGHT HAND","ALWAYS WITH RIGHT HAND","ALWAYS WITH LEFT HAND","1: 1  CONDITION APPLIES","1: 1  CONDITION APPLIES","NO","MALE","FEMALE"
1985,64735,3,1,2,33790,5,182,1,2,4,2,3,3,1,2,2,2,1,4,1,7,1,1,33,21,"Female","Non-Black / Non-Hispanic","Northeast (CT, ME, MA, NH, NJ, NY, PA, RI, VT)","High school diploma (Regular 12 year program)","In CBSA, in central city","NO","3: Mother","YES","NO","NO","NO","NO","0: 0  CONDITION DOES NOT APPLY","ALWAYS WITH RIGHT HAND","ALWAYS WITH RIGHT HAND","ALWAYS WITH RIGHT HAND","ALWAYS WITH RIGHT HAND","ALWAYS WITH LEFT HAND","1: 1  CONDITION APPLIES","1: 1  CONDITION APPLIES","NO","FEMALE","FEMALE"
1980,90000,2,1,1,33790,6,365,2,1,3,5,2,5,2,2,1,2,1,3,2,5,1,1,30,0,"Male","Non-Black / Non-Hispanic","South (AL, AR, DE, DC, FL, GA, KY, LA, MD, MS, NC, OK, SC, TN , TX, VA, WV)","High school diploma (Regular 12 year program)","In CBSA, in central city","NO","3: Mother","YES","NO","NO","NO","YES","0: 0  CONDITION DOES NOT APPLY","ALWAYS WITH RIGHT HAND","ALWAYS WITH RIGHT HAND","ALWAYS WITH RIGHT HAND","ALWAYS WITH RIGHT HAND","ALWAYS WITH LEFT HAND","1: 1  CONDITION APPLIES","1: 1  CONDITION APPLIES","NO","FEMALE","MALE"
1980,41222,2,0,3,33790,5,184,1,1,2,4,2,3,2,2,1,2,1,6,1,7,1,1,30,24,"Female","Mixed Race (Non-Hispanic)","South (AL, AR, DE, DC, FL, GA, KY, LA, MD, MS, NC, OK, SC, TN , TX, VA, WV)","High school diploma (Regular 12 year program)","In CBSA, in central city","NO","3: Mother","YES","NO","YES","NO","YES","0: 0  CONDITION DOES NOT APPLY","ALWAYS WITH RIGHT HAND","ALWAYS WITH RIGHT HAND","ALWAYS WITH RIGHT HAND","ALWAYS WITH RIGHT HAND","ALWAYS WITH LEFT HAND","1: 1  CONDITION APPLIES","1: 1  CONDITION APPLIES","NO","MALE","FEMALE"
1981,64735,3,0,2,33790,5,181,2,3,5,1,3,4,2,2,2,2,1,6,2,7,2,1,29,23,"Female","Non-Black / Non-Hispanic","Northeast (CT, ME, MA, NH, NJ, NY, PA, RI, VT)","GED","In CBSA, not in central city","NO","3: Mother","YES","NO","YES","NO","YES","0: 0  CONDITION DOES NOT APPLY","ALWAYS WITH RIGHT HAND","ALWAYS WITH RIGHT HAND","ALWAYS WITH RIGHT HAND","ALWAYS WITH RIGHT HAND","ALWAYS WITH RIGHT HAND","1: 1  CONDITION APPLIES","0: 0  CONDITION DOES NOT APPLY","NO","MALE","MALE"
1984,64735,3,0,3,33790,5,182,1,2,2,5,2,1,2,2,2,2,1,3,4,8,1,1,30,22,"Female","Non-Black / Non-Hispanic","North Central (IL, IN, IA, KS, MI, MN, MO, NE, OH, ND, SD, WI)","High school diploma (Regular 12 year program)","In CBSA, not in central city","NO","3: Mother","YES","YES","NO","NO","YES","0: 0  CONDITION DOES NOT APPLY","ALWAYS WITH RIGHT HAND","ALWAYS WITH RIGHT HAND","ALWAYS WITH RIGHT HAND","ALWAYS WITH RIGHT HAND","ALWAYS WITH LEFT HAND","1: 1  CONDITION APPLIES","1: 1  CONDITION APPLIES","NO","MALE","FEMALE"
1980,18379,4,0,2,33790,5,182,1,2,2,5,2,2,1,2,2,2,1,7,3,6,1,1,32,20,"Female","Non-Black / Non-Hispanic","North Central (IL, IN, IA, KS, MI, MN, MO, NE, OH, ND, SD, WI)","None","In CBSA, in central city","NO","3: Mother","NO","NO","NO","NO","YES","0: 0  CONDITION DOES NOT APPLY","ALWAYS WITH RIGHT HAND","ALWAYS WITH RIGHT HAND","ALWAYS WITH RIGHT HAND","ALWAYS WITH RIGHT HAND","ALWAYS WITH LEFT HAND","1: 1  CONDITION APPLIES","1: 1  CONDITION APPLIES","NO","MALE","MALE"
1982,64735,3,1,2,33790,5,130,2,2,1,4,2,2,2,2,1,2,1,7,1,7,1,2,32,23,"Female","Non-Black / Non-Hispanic","South (AL, AR, DE, DC, FL, GA, KY, LA, MD, MS, NC, OK, SC, TN , TX, VA, WV)","High school diploma (Regular 12 year program)","In CBSA, not in central city","NO","3: Mother","NO","NO","NO","NO","YES","0: 0  CONDITION DOES NOT APPLY","ALWAYS WITH RIGHT HAND","ALWAYS WITH RIGHT HAND","ALWAYS WITH RIGHT HAND","ALWAYS WITH RIGHT HAND","ALWAYS WITH LEFT HAND","1: 1  CONDITION APPLIES","1: 1  CONDITION APPLIES","NO","MALE","MALE"
1982,64735,4,1,2,25000,6,187,2,1,4,5,1,2,2,2,1,2,1,3,2,5,1,2,31,20,"Male","Non-Black / Non-Hispanic","North Central (IL, IN, IA, KS, MI, MN, MO, NE, OH, ND, SD, WI)","High school diploma (Regular 12 year program)","In CBSA, not in central city","YES","3: Mother","NO","NO","NO","NO","YES","0: 0  CONDITION DOES NOT APPLY","ALWAYS WITH RIGHT HAND","DON'T DO THIS ACTIVITY","ALWAYS WITH RIGHT HAND","DON'T DO THIS ACTIVITY","ALWAYS WITH LEFT HAND","1: 1  CONDITION APPLIES","1: 1  CONDITION APPLIES","NO","FEMALE","FEMALE"
1982,64735,3,0,3,33790,6,250,1,1,2,5,3,3,2,2,1,1,1,7,1,6,1,1,30,24,"Male","Non-Black / Non-Hispanic","South (AL, AR, DE, DC, FL, GA, KY, LA, MD, MS, NC, OK, SC, TN , TX, VA, WV)","Bachelor's degree (BA, BS)","In CBSA, not in central city","NO","3: Mother","YES","NO","NO","NO","YES","0: 0  CONDITION DOES NOT APPLY","ALWAYS WITH RIGHT HAND","ALWAYS WITH RIGHT HAND","ALWAYS WITH RIGHT HAND","USUALLY WITH LEFT HAND","ALWAYS WITH LEFT HAND","1: 1  CONDITION APPLIES","1: 1  CONDITION APPLIES","NO","FEMALE","MALE"
1981,64735,3,1,5,35000,5,183,1,1,4,6,4,5,2,2,1,2,1,6,2,5,1,1,26,18,"Female","Non-Black / Non-Hispanic","North Central (IL, IN, IA, KS, MI, MN, MO, NE, OH, ND, SD, WI)","Bachelor's degree (BA, BS)","In CBSA, in central city","NO","3: Mother","YES","YES","NO","NO","YES","0: 0  CONDITION DOES NOT APPLY","ALWAYS WITH RIGHT HAND","ALWAYS WITH RIGHT HAND","ALWAYS WITH RIGHT HAND","ALWAYS WITH RIGHT HAND","ALWAYS WITH LEFT HAND","0: 0  CONDITION DOES NOT APPLY","1: 1  CONDITION APPLIES","NO","FEMALE","FEMALE"
1984,46172,3,0,3,33790,6,140,1,1,4,3,3,5,2,1,1,2,1,5,3,7,1,1,31,22,"Male","Non-Black / Non-Hispanic","West (AK, AZ, CA, CO, HI, ID, MT, NV, NM, OR, UT, WA, WY)","Master's degree (MA, MS)","In CBSA, not in central city","NO","3: Mother","YES","NO","NO","NO","YES","0: 0  CONDITION DOES NOT APPLY","ALWAYS WITH RIGHT HAND","ALWAYS WITH RIGHT HAND","ALWAYS WITH RIGHT HAND","ALWAYS WITH RIGHT HAND","ALWAYS WITH LEFT HAND","0: 0  CONDITION DOES NOT APPLY","1: 1  CONDITION APPLIES","NO","MALE","FEMALE"
1980,64735,2,0,2,33790,6,183,2,2,1,4,5,4,2,2,1,2,1,6,2,6,2,1,31,21,"Male","Non-Black / Non-Hispanic","West (AK, AZ, CA, CO, HI, ID, MT, NV, NM, OR, UT, WA, WY)","Bachelor's degree (BA, BS)","In CBSA, in central city","NO","3: Mother","YES","NO","NO","NO","YES","0: 0  CONDITION DOES NOT APPLY","ALWAYS WITH RIGHT HAND","ALWAYS WITH RIGHT HAND","ALWAYS WITH RIGHT HAND","USUALLY WITH LEFT HAND","ALWAYS WITH LEFT HAND","0: 0  CONDITION DOES NOT APPLY","1: 1  CONDITION APPLIES","NO","FEMALE","MALE"
1983,64735,3,0,3,33790,6,184,1,2,4,4,3,3,2,1,1,1,1,4,2,8,1,1,31,22,"Female","Non-Black / Non-Hispanic","West (AK, AZ, CA, CO, HI, ID, MT, NV, NM, OR, UT, WA, WY)","Bachelor's degree (BA, BS)","In CBSA, not in central city","NO","3: Mother","YES","NO","NO","NO","YES","0: 0  CONDITION DOES NOT APPLY","ALWAYS WITH RIGHT HAND","ALWAYS WITH RIGHT HAND","ALWAYS WITH RIGHT HAND","ALWAYS WITH RIGHT HAND","ALWAYS WITH LEFT HAND","1: 1  CONDITION APPLIES","1: 1  CONDITION APPLIES","NO","FEMALE","MALE"
1982,64735,3,0,3,33790,5,181,1,1,5,3,3,2,2,2,1,2,2,6,1,7,1,1,26,20,"Male","Non-Black / Non-Hispanic","South (AL, AR, DE, DC, FL, GA, KY, LA, MD, MS, NC, OK, SC, TN , TX, VA, WV)","Bachelor's degree (BA, BS)","In CBSA, not known","NO","3: Mother","YES","NO","YES","NO","YES","0: 0  CONDITION DOES NOT APPLY","ALWAYS WITH RIGHT HAND","ALWAYS WITH RIGHT HAND","ALWAYS WITH RIGHT HAND","ALWAYS WITH RIGHT HAND","ALWAYS WITH LEFT HAND","1: 1  CONDITION APPLIES","1: 1  CONDITION APPLIES","YES","FEMALE","MALE"
1981,64735,2,0,3,33790,5,182,1,2,4,2,4,3,2,2,2,2,1,7,3,7,1,1,32,24,"Male","Black","Northeast (CT, ME, MA, NH, NJ, NY, PA, RI, VT)","Bachelor's degree (BA, BS)","In CBSA, not in central city","NO","3: Mother","YES","NO","NO","NO","YES","0: 0  CONDITION DOES NOT APPLY","ALWAYS WITH RIGHT HAND","ALWAYS WITH RIGHT HAND","ALWAYS WITH RIGHT HAND","ALWAYS WITH RIGHT HAND","ALWAYS WITH LEFT HAND","0: 0  CONDITION DOES NOT APPLY","1: 1  CONDITION APPLIES","NO","FEMALE","MALE"
1982,99500,4,1,6,33790,5,181,1,1,4,3,2,2,2,2,1,2,1,2,3,7,1,1,30,21,"Female","Non-Black / Non-Hispanic","Northeast (CT, ME, MA, NH, NJ, NY, PA, RI, VT)","High school diploma (Regular 12 year program)","In CBSA, not in central city","NO","3: Mother","YES","YES","NO","NO","YES","0: 0  CONDITION DOES NOT APPLY","ALWAYS WITH RIGHT HAND","ALWAYS WITH RIGHT HAND","ALWAYS WITH RIGHT HAND","ALWAYS WITH RIGHT HAND","ALWAYS WITH LEFT HAND","1: 1  CONDITION APPLIES","1: 1  CONDITION APPLIES","NO","MALE","FEMALE"
1984,160200,3,0,2,33790,5,183,1,2,3,6,2,3,2,2,1,1,1,6,2,7,1,1,30,21,"Male","Black","North Central (IL, IN, IA, KS, MI, MN, MO, NE, OH, ND, SD, WI)","GED","In CBSA, in central city","NO","3: Mother","YES","NO","NO","NO","YES","0: 0  CONDITION DOES NOT APPLY","ALWAYS WITH RIGHT HAND","ALWAYS WITH LEFT HAND","ALWAYS WITH LEFT HAND","ALWAYS WITH LEFT HAND","ALWAYS WITH LEFT HAND","1: 1  CONDITION APPLIES","1: 1  CONDITION APPLIES","NO","FEMALE","FEMALE"
1984,64735,3,1,1,33790,5,183,1,1,2,1,4,5,2,1,1,1,1,5,2,5,1,1,33,20,"Female","Non-Black / Non-Hispanic","North Central (IL, IN, IA, KS, MI, MN, MO, NE, OH, ND, SD, WI)","High school diploma (Regular 12 year program)","In CBSA, not in central city","NO","3: Mother","YES","NO","NO","NO","YES","0: 0  CONDITION DOES NOT APPLY","ALWAYS WITH RIGHT HAND","ALWAYS WITH RIGHT HAND","ALWAYS WITH RIGHT HAND","ALWAYS WITH RIGHT HAND","ALWAYS WITH LEFT HAND","1: 1  CONDITION APPLIES","1: 1  CONDITION APPLIES","NO","FEMALE","FEMALE"
1981,64735,4,0,1,38000,5,181,1,1,2,3,1,4,2,2,2,2,1,4,2,6,1,1,31,21,"Female","Non-Black / Non-Hispanic","North Central (IL, IN, IA, KS, MI, MN, MO, NE, OH, ND, SD, WI)","Bachelor's degree (BA, BS)","In CBSA, not in central city","NO","3: Mother","YES","NO","NO","NO","YES","0: 0  CONDITION DOES NOT APPLY","ALWAYS WITH RIGHT HAND","ALWAYS WITH RIGHT HAND","ALWAYS WITH RIGHT HAND","ALWAYS WITH RIGHT HAND","ALWAYS WITH LEFT HAND","1: 1  CONDITION APPLIES","1: 1  CONDITION APPLIES","NO","FEMALE","MALE"
1982,83469,5,0,1,33790,5,125,1,1,2,4,2,4,1,2,1,2,1,6,2,6,1,1,35,21,"Female","Non-Black / Non-Hispanic","South (AL, AR, DE, DC, FL, GA, KY, LA, MD, MS, NC, OK, SC, TN , TX, VA, WV)","High school diploma (Regular 12 year program)","In CBSA, not in central city","NO","3: Mother","NO","NO","NO","NO","YES","0: 0  CONDITION DOES NOT APPLY","ALWAYS WITH RIGHT HAND","ALWAYS WITH RIGHT HAND","ALWAYS WITH RIGHT HAND","ALWAYS WITH RIGHT HAND","ALWAYS WITH LEFT HAND","0: 0  CONDITION DOES NOT APPLY","1: 1  CONDITION APPLIES","NO","MALE","FEMALE"
1985,64735,3,0,2,33790,5,181,1,1,2,4,5,2,2,2,1,1,1,3,2,7,1,1,32,21,"Male","Non-Black / Non-Hispanic","Northeast (CT, ME, MA, NH, NJ, NY, PA, RI, VT)","GED","In CBSA, in central city","YES","3: Mother","NO","NO","NO","NO","NO","0: 0  CONDITION DOES NOT APPLY","ALWAYS WITH RIGHT HAND","ALWAYS WITH RIGHT HAND","ALWAYS WITH RIGHT HAND","ALWAYS WITH RIGHT HAND","ALWAYS WITH LEFT HAND","1: 1  CONDITION APPLIES","1: 1  CONDITION APPLIES","NO","MALE","FEMALE"
1983,64735,4,0,2,33790,5,182,2,1,3,1,4,3,2,2,1,2,1,8,3,7,1,1,32,22,"Female","Non-Black / Non-Hispanic","Northeast (CT, ME, MA, NH, NJ, NY, PA, RI, VT)","GED","In CBSA, not in central city","YES","3: Mother","YES","NO","NO","YES","YES","0: 0  CONDITION DOES NOT APPLY","ALWAYS WITH RIGHT HAND","ALWAYS WITH RIGHT HAND","ALWAYS WITH RIGHT HAND","ALWAYS WITH RIGHT HAND","ALWAYS WITH LEFT HAND","1: 1  CONDITION APPLIES","1: 1  CONDITION APPLIES","NO","MALE","MALE"
1985,64735,3,0,2,31200,5,182,1,1,1,3,3,4,2,2,1,2,1,6,2,7,1,1,31,23,"Male","Non-Black / Non-Hispanic","West (AK, AZ, CA, CO, HI, ID, MT, NV, NM, OR, UT, WA, WY)","High school diploma (Regular 12 year program)","In CBSA, not in central city","NO","3: Mother","NO","YES","NO","NO","YES","0: 0  CONDITION DOES NOT APPLY","ALWAYS WITH RIGHT HAND","ALWAYS WITH RIGHT HAND","ALWAYS WITH RIGHT HAND","ALWAYS WITH RIGHT HAND","ALWAYS WITH LEFT HAND","1: 1  CONDITION APPLIES","1: 1  CONDITION APPLIES","NO","MALE","MALE"
1984,64735,4,1,6,56000,5,182,1,1,2,3,2,4,2,2,1,2,1,6,3,8,1,1,29,22,"Female","Non-Black / Non-Hispanic","North Central (IL, IN, IA, KS, MI, MN, MO, NE, OH, ND, SD, WI)","Master's degree (MA, MS)","In CBSA, not in central city","NO","3: Mother","YES","NO","NO","NO","YES","1: 1  CONDITION APPLIES","ALWAYS WITH LEFT HAND","ALWAYS WITH LEFT HAND","ALWAYS WITH LEFT HAND","ALWAYS WITH LEFT HAND","ALWAYS WITH RIGHT HAND","1: 1  CONDITION APPLIES","1: 1  CONDITION APPLIES","NO","MALE","FEMALE"
1981,64735,2,0,1,33790,5,181,1,1,6,1,2,4,2,2,1,2,1,5,2,7,1,1,29,20,"Female","Non-Black / Non-Hispanic","Northeast (CT, ME, MA, NH, NJ, NY, PA, RI, VT)","Bachelor's degree (BA, BS)","In CBSA, not in central city","NO","3: Mother","YES","NO","NO","NO","YES","0: 0  CONDITION DOES NOT APPLY","ALWAYS WITH RIGHT HAND","ALWAYS WITH RIGHT HAND","ALWAYS WITH RIGHT HAND","ALWAYS WITH RIGHT HAND","ALWAYS WITH LEFT HAND","1: 1  CONDITION APPLIES","1: 1  CONDITION APPLIES","NO","FEMALE","MALE"
1981,316618,3,0,1,33790,5,220,2,1,1,4,2,3,2,2,1,2,2,5,3,7,1,1,28,19,"Male","Non-Black / Non-Hispanic","South (AL, AR, DE, DC, FL, GA, KY, LA, MD, MS, NC, OK, SC, TN , TX, VA, WV)","Bachelor's degree (BA, BS)","In CBSA, in central city","NO","3: Mother","NO","NO","NO","NO","YES","0: 0  CONDITION DOES NOT APPLY","ALWAYS WITH RIGHT HAND","ALWAYS WITH RIGHT HAND","ALWAYS WITH RIGHT HAND","ALWAYS WITH RIGHT HAND","ALWAYS WITH LEFT HAND","1: 1  CONDITION APPLIES","1: 1  CONDITION APPLIES","NO","FEMALE","FEMALE"
1984,64735,2,0,1,60000,5,183,1,1,3,4,2,5,2,1,1,2,2,6,2,7,1,3,33,25,"Female","Hispanic","South (AL, AR, DE, DC, FL, GA, KY, LA, MD, MS, NC, OK, SC, TN , TX, VA, WV)","Bachelor's degree (BA, BS)","In CBSA, in central city","NO","3: Mother","NO","YES","YES","NO","YES","0: 0  CONDITION DOES NOT APPLY","ALWAYS WITH RIGHT HAND","ALWAYS WITH RIGHT HAND","ALWAYS WITH RIGHT HAND","ALWAYS WITH RIGHT HAND","ALWAYS WITH LEFT HAND","1: 1  CONDITION APPLIES","1: 1  CONDITION APPLIES","NO","FEMALE","FEMALE"
1983,133930,1,0,5,33790,5,179,2,2,2,3,6,4,2,2,1,2,1,6,5,8,1,1,32,24,"Female","Non-Black / Non-Hispanic","North Central (IL, IN, IA, KS, MI, MN, MO, NE, OH, ND, SD, WI)","High school diploma (Regular 12 year program)","In CBSA, not in central city","NO","3: Mother","NO","NO","NO","NO","YES","1: 1  CONDITION APPLIES","ALWAYS WITH RIGHT HAND","ALWAYS WITH LEFT HAND","ALWAYS WITH RIGHT HAND","ALWAYS WITH RIGHT HAND","ALWAYS WITH LEFT HAND","1: 1  CONDITION APPLIES","1: 1  CONDITION APPLIES","NO","MALE","MALE"
1981,66560,3,0,2,33790,5,252,1,2,5,5,3,3,2,2,1,2,1,4,3,6,1,1,31,20,"Male","Non-Black / Non-Hispanic","South (AL, AR, DE, DC, FL, GA, KY, LA, MD, MS, NC, OK, SC, TN , TX, VA, WV)","None","In CBSA, not in central city","NO","3: Mother","YES","NO","YES","NO","YES","0: 0  CONDITION DOES NOT APPLY","ALWAYS WITH RIGHT HAND","ALWAYS WITH RIGHT HAND","ALWAYS WITH RIGHT HAND","ALWAYS WITH RIGHT HAND","USUALLY WITH LEFT HAND","1: 1  CONDITION APPLIES","1: 1  CONDITION APPLIES","NO","FEMALE","MALE"
1981,64735,1,0,1,33790,6,235,1,1,4,3,2,4,2,2,2,2,2,4,1,7,1,1,31,19,"Male","Non-Black / Non-Hispanic","South (AL, AR, DE, DC, FL, GA, KY, LA, MD, MS, NC, OK, SC, TN , TX, VA, WV)","Bachelor's degree (BA, BS)","In CBSA, in central city","NO","3: Mother","YES","NO","NO","NO","YES","0: 0  CONDITION DOES NOT APPLY","ALWAYS WITH LEFT HAND","ALWAYS WITH LEFT HAND","ALWAYS WITH LEFT HAND","ALWAYS WITH LEFT HAND","ALWAYS WITH LEFT HAND","1: 1  CONDITION APPLIES","1: 1  CONDITION APPLIES","NO","MALE","FEMALE"
1984,64735,3,0,4,33790,5,183,1,1,4,3,2,5,2,2,2,1,1,5,3,7,1,1,32,22,"Female","Black","West (AK, AZ, CA, CO, HI, ID, MT, NV, NM, OR, UT, WA, WY)","High school diploma (Regular 12 year program)","In CBSA, not in central city","YES","3: Mother","NO","NO","NO","NO","YES","0: 0  CONDITION DOES NOT APPLY","ALWAYS WITH RIGHT HAND","ALWAYS WITH RIGHT HAND","ALWAYS WITH RIGHT HAND","ALWAYS WITH RIGHT HAND","ALWAYS WITH LEFT HAND","0: 0  CONDITION DOES NOT APPLY","1: 1  CONDITION APPLIES","NO","FEMALE","MALE"
1983,64735,4,1,4,33790,5,183,2,2,2,5,4,3,2,2,2,2,2,5,2,7,2,1,26,2,"Male","Non-Black / Non-Hispanic","South (AL, AR, DE, DC, FL, GA, KY, LA, MD, MS, NC, OK, SC, TN , TX, VA, WV)","High school diploma (Regular 12 year program)","In CBSA, not in central city","NO","3: Mother","NO","YES","NO","NO","YES","0: 0  CONDITION DOES NOT APPLY","ALWAYS WITH RIGHT HAND","ALWAYS WITH RIGHT HAND","ALWAYS WITH RIGHT HAND","ALWAYS WITH RIGHT HAND","ALWAYS WITH LEFT HAND","1: 1  CONDITION APPLIES","1: 1  CONDITION APPLIES","NO","FEMALE","MALE"
1985,33500,3,1,1,33790,5,184,2,1,3,1,1,1,1,2,1,2,1,4,2,7,1,1,32,24,"Female","Non-Black / Non-Hispanic","Northeast (CT, ME, MA, NH, NJ, NY, PA, RI, VT)","Associate/Junior college (AA)","In CBSA, not in central city","YES","3: Mother","YES","YES","NO","NO","YES","0: 0  CONDITION DOES NOT APPLY","ALWAYS WITH RIGHT HAND","ALWAYS WITH RIGHT HAND","ALWAYS WITH RIGHT HAND","ALWAYS WITH RIGHT HAND","ALWAYS WITH LEFT HAND","1: 1  CONDITION APPLIES","1: 1  CONDITION APPLIES","NO","MALE","FEMALE"
1980,64735,4,0,3,33790,6,181,1,1,1,2,2,1,2,2,2,2,2,3,2,8,6,1,58,27,"Male","Non-Black / Non-Hispanic","Northeast (CT, ME, MA, NH, NJ, NY, PA, RI, VT)","High school diploma (Regular 12 year program)","In CBSA, in central city","YES","3: Mother","NO","NO","YES","NO","NO","0: 0  CONDITION DOES NOT APPLY","ALWAYS WITH RIGHT HAND","ALWAYS WITH RIGHT HAND","ALWAYS WITH RIGHT HAND","ALWAYS WITH RIGHT HAND","DON'T DO THIS ACTIVITY","1: 1  CONDITION APPLIES","1: 1  CONDITION APPLIES","YES","FEMALE","MALE"
1980,64735,2,0,4,33790,5,180,1,1,3,5,6,5,2,2,1,2,1,6,1,6,1,1,29,24,"Male","Hispanic","West (AK, AZ, CA, CO, HI, ID, MT, NV, NM, OR, UT, WA, WY)","None","In CBSA, in central city","NO","3: Mother","YES","NO","YES","NO","NO","0: 0  CONDITION DOES NOT APPLY","ALWAYS WITH RIGHT HAND","ALWAYS WITH RIGHT HAND","USUALLY WITH LEFT HAND","USUALLY WITH LEFT HAND","ALWAYS WITH RIGHT HAND","1: 1  CONDITION APPLIES","0: 0  CONDITION DOES NOT APPLY","NO","MALE","MALE"
1983,64735,4,0,1,33790,6,182,1,2,2,4,4,5,2,2,2,2,1,3,3,7,6,2,46,21,"Female","Black","Northeast (CT, ME, MA, NH, NJ, NY, PA, RI, VT)","High school diploma (Regular 12 year program)","In CBSA, in central city","NO","3: Mother","NO","NO","NO","NO","YES","0: 0  CONDITION DOES NOT APPLY","ALWAYS WITH RIGHT HAND","ALWAYS WITH LEFT HAND","ALWAYS WITH RIGHT HAND","ALWAYS WITH LEFT HAND","ALWAYS WITH RIGHT HAND","1: 1  CONDITION APPLIES","1: 1  CONDITION APPLIES","NO","FEMALE","MALE"
1980,64735,4,1,2,33790,5,185,1,1,1,6,3,5,2,2,1,2,1,2,4,3,1,1,32,11,"Male","Black","South (AL, AR, DE, DC, FL, GA, KY, LA, MD, MS, NC, OK, SC, TN , TX, VA, WV)","High school diploma (Regular 12 year program)","In CBSA, not in central city","NO","3: Mother","NO","NO","NO","NO","NO","0: 0  CONDITION DOES NOT APPLY","ALWAYS WITH RIGHT HAND","ALWAYS WITH RIGHT HAND","ALWAYS WITH RIGHT HAND","ALWAYS WITH RIGHT HAND","ALWAYS WITH RIGHT HAND","1: 1  CONDITION APPLIES","1: 1  CONDITION APPLIES","NO","MALE","FEMALE"
1983,64735,2,0,5,33790,5,185,1,1,5,4,2,2,2,2,1,2,1,8,7,7,1,1,33,19,"Male","Non-Black / Non-Hispanic","South (AL, AR, DE, DC, FL, GA, KY, LA, MD, MS, NC, OK, SC, TN , TX, VA, WV)","High school diploma (Regular 12 year program)","In CBSA, in central city","NO","3: Mother","YES","NO","NO","NO","YES","0: 0  CONDITION DOES NOT APPLY","ALWAYS WITH RIGHT HAND","USUALLY WITH BOTH HANDS EQUALLY","ALWAYS WITH RIGHT HAND","ALWAYS WITH RIGHT HAND","ALWAYS WITH LEFT HAND","1: 1  CONDITION APPLIES","0: 0  CONDITION DOES NOT APPLY","NO","FEMALE","FEMALE"
1981,64735,3,1,2,33790,5,183,1,1,3,3,1,3,2,2,1,2,1,2,3,6,1,1,23,18,"Female","Black","South (AL, AR, DE, DC, FL, GA, KY, LA, MD, MS, NC, OK, SC, TN , TX, VA, WV)","GED","In CBSA, in central city","NO","3: Mother","NO","YES","YES","NO","NO","0: 0  CONDITION DOES NOT APPLY","ALWAYS WITH RIGHT HAND","ALWAYS WITH RIGHT HAND","ALWAYS WITH RIGHT HAND","ALWAYS WITH RIGHT HAND","ALWAYS WITH LEFT HAND","1: 1  CONDITION APPLIES","1: 1  CONDITION APPLIES","NO","MALE","FEMALE"
1984,64735,4,0,1,33790,5,200,1,2,1,4,2,4,2,2,1,2,2,2,2,6,1,1,35,26,"Male","Black","Northeast (CT, ME, MA, NH, NJ, NY, PA, RI, VT)","High school diploma (Regular 12 year program)","In CBSA, not in central city","YES","3: Mother","NO","YES","NO","NO","YES","0: 0  CONDITION DOES NOT APPLY","ALWAYS WITH RIGHT HAND","ALWAYS WITH RIGHT HAND","ALWAYS WITH RIGHT HAND","ALWAYS WITH RIGHT HAND","ALWAYS WITH LEFT HAND","1: 1  CONDITION APPLIES","1: 1  CONDITION APPLIES","NO","FEMALE","FEMALE"
1982,35000,2,1,3,33790,5,185,1,1,1,7,4,3,2,1,1,2,2,6,2,7,1,1,1,14,"Male","Black","South (AL, AR, DE, DC, FL, GA, KY, LA, MD, MS, NC, OK, SC, TN , TX, VA, WV)","High school diploma (Regular 12 year program)","In CBSA, in central city","NO","3: Mother","NO","YES","NO","NO","YES","0: 0  CONDITION DOES NOT APPLY","ALWAYS WITH RIGHT HAND","USUALLY WITH RIGHT HAND","ALWAYS WITH RIGHT HAND","ALWAYS WITH RIGHT HAND","USUALLY WITH BOTH HANDS EQUALLY","1: 1  CONDITION APPLIES","1: 1  CONDITION APPLIES","NO","FEMALE","MALE"
1981,64735,4,0,3,4000,5,183,1,1,5,3,4,6,1,2,1,1,1,2,4,6,2,1,54,30,"Male","Non-Black / Non-Hispanic","Northeast (CT, ME, MA, NH, NJ, NY, PA, RI, VT)","None","In CBSA, in central city","YES","3: Mother","YES","NO","NO","NO","NO","0: 0  CONDITION DOES NOT APPLY","ALWAYS WITH RIGHT HAND","ALWAYS WITH RIGHT HAND","ALWAYS WITH RIGHT HAND","USUALLY WITH BOTH HANDS EQUALLY","ALWAYS WITH RIGHT HAND","1: 1  CONDITION APPLIES","1: 1  CONDITION APPLIES","NO","FEMALE","MALE"
1980,64735,2,0,1,33790,5,120,1,1,4,3,2,8,2,2,1,2,1,5,2,8,1,1,29,10,"Female","Non-Black / Non-Hispanic","North Central (IL, IN, IA, KS, MI, MN, MO, NE, OH, ND, SD, WI)","Bachelor's degree (BA, BS)","In CBSA, not in central city","NO","3: Mother","YES","NO","YES","NO","YES","0: 0  CONDITION DOES NOT APPLY","ALWAYS WITH RIGHT HAND","ALWAYS WITH RIGHT HAND","ALWAYS WITH LEFT HAND","ALWAYS WITH LEFT HAND","ALWAYS WITH RIGHT HAND","1: 1  CONDITION APPLIES","1: 1  CONDITION APPLIES","YES","MALE","FEMALE"
1984,64735,4,1,2,33790,5,183,1,1,4,3,2,5,2,2,2,2,2,4,1,6,1,1,26,2,"Female","Non-Black / Non-Hispanic","West (AK, AZ, CA, CO, HI, ID, MT, NV, NM, OR, UT, WA, WY)","High school diploma (Regular 12 year program)","In CBSA, not in central city","NO","3: Mother","YES","NO","NO","NO","YES","0: 0  CONDITION DOES NOT APPLY","ALWAYS WITH RIGHT HAND","ALWAYS WITH RIGHT HAND","ALWAYS WITH RIGHT HAND","ALWAYS WITH RIGHT HAND","ALWAYS WITH LEFT HAND","0: 0  CONDITION DOES NOT APPLY","1: 1  CONDITION APPLIES","NO","MALE","FEMALE"
1981,64735,3,0,2,33790,5,183,1,2,3,4,3,3,2,2,1,1,1,4,3,6,1,1,32,22,"Male","Black","South (AL, AR, DE, DC, FL, GA, KY, LA, MD, MS, NC, OK, SC, TN , TX, VA, WV)","High school diploma (Regular 12 year program)","In CBSA, not in central city","NO","3: Mother","NO","YES","NO","NO","YES","0: 0  CONDITION DOES NOT APPLY","ALWAYS WITH RIGHT HAND","ALWAYS WITH RIGHT HAND","ALWAYS WITH RIGHT HAND","ALWAYS WITH RIGHT HAND","ALWAYS WITH LEFT HAND","1: 1  CONDITION APPLIES","1: 1  CONDITION APPLIES","NO","FEMALE","MALE"
1983,64735,3,0,3,33790,5,184,2,1,4,4,3,5,2,2,1,2,1,6,3,5,1,2,34,25,"Male","Non-Black / Non-Hispanic","Northeast (CT, ME, MA, NH, NJ, NY, PA, RI, VT)","Bachelor's degree (BA, BS)","In CBSA, not in central city","NO","3: Mother","YES","NO","NO","YES","YES","0: 0  CONDITION DOES NOT APPLY","ALWAYS WITH RIGHT HAND","ALWAYS WITH RIGHT HAND","ALWAYS WITH RIGHT HAND","ALWAYS WITH RIGHT HAND","ALWAYS WITH LEFT HAND","0: 0  CONDITION DOES NOT APPLY","1: 1  CONDITION APPLIES","NO","FEMALE","FEMALE"
1982,205500,4,1,2,33790,6,183,1,1,4,3,5,5,2,1,2,1,1,2,2,7,1,1,35,28,"Male","Non-Black / Non-Hispanic","Northeast (CT, ME, MA, NH, NJ, NY, PA, RI, VT)","High school diploma (Regular 12 year program)","In CBSA, not in central city","YES","3: Mother","YES","NO","NO","NO","YES","0: 0  CONDITION DOES NOT APPLY","ALWAYS WITH RIGHT HAND","ALWAYS WITH RIGHT HAND","ALWAYS WITH RIGHT HAND","ALWAYS WITH RIGHT HAND","ALWAYS WITH LEFT HAND","1: 1  CONDITION APPLIES","1: 1  CONDITION APPLIES","NO","MALE","MALE"
1981,64735,3,0,4,33790,5,183,1,2,4,3,4,2,1,2,2,2,1,6,2,7,1,2,32,20,"Male","Non-Black / Non-Hispanic","West (AK, AZ, CA, CO, HI, ID, MT, NV, NM, OR, UT, WA, WY)","GED","In CBSA, in central city","NO","3: Mother","YES","NO","NO","NO","NO","0: 0  CONDITION DOES NOT APPLY","ALWAYS WITH RIGHT HAND","ALWAYS WITH RIGHT HAND","USUALLY WITH RIGHT HAND","ALWAYS WITH RIGHT HAND","ALWAYS WITH LEFT HAND","1: 1  CONDITION APPLIES","1: 1  CONDITION APPLIES","NO","FEMALE","FEMALE"
1982,64735,4,0,1,33790,6,180,1,1,5,3,6,3,1,2,2,2,1,4,2,7,1,1,30,20,"Male","Non-Black / Non-Hispanic","Northeast (CT, ME, MA, NH, NJ, NY, PA, RI, VT)","Bachelor's degree (BA, BS)","In CBSA, not in central city","NO","3: Mother","YES","NO","NO","NO","YES","0: 0  CONDITION DOES NOT APPLY","ALWAYS WITH RIGHT HAND","ALWAYS WITH RIGHT HAND","ALWAYS WITH RIGHT HAND","ALWAYS WITH RIGHT HAND","ALWAYS WITH LEFT HAND","1: 1  CONDITION APPLIES","1: 1  CONDITION APPLIES","NO","FEMALE","MALE"
1984,28000,2,0,2,33790,5,184,2,2,5,3,4,3,2,1,2,2,1,3,2,6,1,1,53,27,"Male","Non-Black / Non-Hispanic","Northeast (CT, ME, MA, NH, NJ, NY, PA, RI, VT)","Associate/Junior college (AA)","In CBSA, not in central city","NO","3: Mother","YES","NO","YES","NO","NO","0: 0  CONDITION DOES NOT APPLY","ALWAYS WITH RIGHT HAND","ALWAYS WITH RIGHT HAND","ALWAYS WITH RIGHT HAND","ALWAYS WITH RIGHT HAND","ALWAYS WITH LEFT HAND","1: 1  CONDITION APPLIES","1: 1  CONDITION APPLIES","NO","FEMALE","MALE"
1980,64735,3,1,2,33790,5,180,2,1,3,3,4,5,2,2,2,2,1,6,1,9,1,1,25,2,"Male","Non-Black / Non-Hispanic","South (AL, AR, DE, DC, FL, GA, KY, LA, MD, MS, NC, OK, SC, TN , TX, VA, WV)","Bachelor's degree (BA, BS)","Not in CBSA","NO","3: Mother","YES","NO","NO","NO","YES","0: 0  CONDITION DOES NOT APPLY","ALWAYS WITH RIGHT HAND","ALWAYS WITH RIGHT HAND","ALWAYS WITH RIGHT HAND","ALWAYS WITH RIGHT HAND","ALWAYS WITH LEFT HAND","1: 1  CONDITION APPLIES","1: 1  CONDITION APPLIES","NO","FEMALE","MALE"
1982,400,4,1,3,33790,6,185,2,2,2,1,4,3,2,2,1,2,1,2,2,6,1,1,28,20,"Female","Hispanic","South (AL, AR, DE, DC, FL, GA, KY, LA, MD, MS, NC, OK, SC, TN , TX, VA, WV)","High school diploma (Regular 12 year program)","In CBSA, not in central city","NO","3: Mother","NO","NO","NO","NO","YES","0: 0  CONDITION DOES NOT APPLY","ALWAYS WITH RIGHT HAND","ALWAYS WITH RIGHT HAND","ALWAYS WITH RIGHT HAND","USUALLY WITH RIGHT HAND","ALWAYS WITH LEFT HAND","1: 1  CONDITION APPLIES","1: 1  CONDITION APPLIES","NO","FEMALE","FEMALE"
1980,64735,4,1,1,33790,5,184,1,2,5,3,3,4,2,1,1,2,2,5,2,6,1,1,35,24,"Male","Hispanic","Northeast (CT, ME, MA, NH, NJ, NY, PA, RI, VT)","High school diploma (Regular 12 year program)","In CBSA, not in central city","YES","3: Mother","YES","NO","NO","NO","YES","0: 0  CONDITION DOES NOT APPLY","ALWAYS WITH RIGHT HAND","ALWAYS WITH RIGHT HAND","ALWAYS WITH RIGHT HAND","ALWAYS WITH RIGHT HAND","ALWAYS WITH LEFT HAND","1: 1  CONDITION APPLIES","0: 0  CONDITION DOES NOT APPLY","NO","MALE","MALE"
1982,64735,3,0,2,75000,5,117,1,1,3,4,6,6,1,2,1,2,1,6,2,8,1,1,29,22,"Female","Non-Black / Non-Hispanic","West (AK, AZ, CA, CO, HI, ID, MT, NV, NM, OR, UT, WA, WY)","Bachelor's degree (BA, BS)","In CBSA, not in central city","NO","3: Mother","NO","NO","NO","NO","YES","0: 0  CONDITION DOES NOT APPLY","ALWAYS WITH RIGHT HAND","ALWAYS WITH RIGHT HAND","ALWAYS WITH RIGHT HAND","ALWAYS WITH RIGHT HAND","ALWAYS WITH LEFT HAND","0: 0  CONDITION DOES NOT APPLY","1: 1  CONDITION APPLIES","NO","MALE","MALE"
1980,42325,1,0,2,33790,5,184,1,1,1,3,3,4,2,2,2,2,1,6,2,6,1,1,34,25,"Male","Non-Black / Non-Hispanic","West (AK, AZ, CA, CO, HI, ID, MT, NV, NM, OR, UT, WA, WY)","Associate/Junior college (AA)","In CBSA, not in central city","NO","3: Mother","YES","NO","NO","NO","YES","0: 0  CONDITION DOES NOT APPLY","ALWAYS WITH RIGHT HAND","ALWAYS WITH RIGHT HAND","ALWAYS WITH RIGHT HAND","ALWAYS WITH RIGHT HAND","ALWAYS WITH LEFT HAND","1: 1  CONDITION APPLIES","1: 1  CONDITION APPLIES","NO","FEMALE","MALE"
1983,64735,3,0,3,33790,6,185,1,1,1,3,1,3,2,2,2,2,1,6,3,5,1,3,36,25,"Male","Black","North Central (IL, IN, IA, KS, MI, MN, MO, NE, OH, ND, SD, WI)","Bachelor's degree (BA, BS)","In CBSA, not in central city","YES","3: Mother","YES","NO","NO","NO","YES","0: 0  CONDITION DOES NOT APPLY","ALWAYS WITH RIGHT HAND","ALWAYS WITH RIGHT HAND","ALWAYS WITH RIGHT HAND","USUALLY WITH RIGHT HAND","ALWAYS WITH LEFT HAND","1: 1  CONDITION APPLIES","1: 1  CONDITION APPLIES","NO","FEMALE","MALE"
1981,64735,2,0,1,33790,5,200,1,1,2,3,5,4,2,1,2,2,1,5,4,7,1,1,32,22,"Male","Non-Black / Non-Hispanic","Northeast (CT, ME, MA, NH, NJ, NY, PA, RI, VT)","High school diploma (Regular 12 year program)","In CBSA, not in central city","NO","3: Mother","NO","NO","NO","NO","YES","0: 0  CONDITION DOES NOT APPLY","ALWAYS WITH RIGHT HAND","ALWAYS WITH RIGHT HAND","ALWAYS WITH RIGHT HAND","ALWAYS WITH RIGHT HAND","ALWAYS WITH LEFT HAND","1: 1  CONDITION APPLIES","1: 1  CONDITION APPLIES","NO","FEMALE","MALE"
1983,64735,1,0,2,65000,6,182,1,1,3,3,2,4,1,2,1,2,1,6,3,8,2,1,31,23,"Male","Non-Black / Non-Hispanic","North Central (IL, IN, IA, KS, MI, MN, MO, NE, OH, ND, SD, WI)","Bachelor's degree (BA, BS)","In CBSA, not in central city","NO","3: Mother","YES","NO","NO","NO","YES","0: 0  CONDITION DOES NOT APPLY","ALWAYS WITH RIGHT HAND","ALWAYS WITH RIGHT HAND","ALWAYS WITH LEFT HAND","ALWAYS WITH RIGHT HAND","ALWAYS WITH RIGHT HAND","1: 1  CONDITION APPLIES","1: 1  CONDITION APPLIES","NO","MALE","MALE"
1983,64735,2,1,3,33790,5,185,2,2,6,3,3,4,2,2,1,2,1,6,2,5,1,2,27,17,"Female","Black","West (AK, AZ, CA, CO, HI, ID, MT, NV, NM, OR, UT, WA, WY)","High school diploma (Regular 12 year program)","In CBSA, not in central city","NO","3: Mother","NO","NO","NO","NO","YES","0: 0  CONDITION DOES NOT APPLY","ALWAYS WITH LEFT HAND","ALWAYS WITH RIGHT HAND","USUALLY WITH BOTH HANDS EQUALLY","ALWAYS WITH LEFT HAND","USUALLY WITH LEFT HAND","0: 0  CONDITION DOES NOT APPLY","1: 1  CONDITION APPLIES","NO","FEMALE","FEMALE"
1982,42750,3,1,3,33790,5,183,1,1,4,2,2,3,2,2,1,2,1,4,4,8,1,1,2,29,"Female","Black","North Central (IL, IN, IA, KS, MI, MN, MO, NE, OH, ND, SD, WI)","Associate/Junior college (AA)","In CBSA, in central city","NO","3: Mother","YES","NO","YES","NO","NO","0: 0  CONDITION DOES NOT APPLY","ALWAYS WITH RIGHT HAND","ALWAYS WITH RIGHT HAND","ALWAYS WITH RIGHT HAND","ALWAYS WITH RIGHT HAND","ALWAYS WITH LEFT HAND","1: 1  CONDITION APPLIES","1: 1  CONDITION APPLIES","NO","FEMALE","MALE"
1982,64735,3,0,3,33790,5,179,2,1,1,2,5,5,2,2,1,2,2,5,3,5,1,1,30,20,"Male","Non-Black / Non-Hispanic","South (AL, AR, DE, DC, FL, GA, KY, LA, MD, MS, NC, OK, SC, TN , TX, VA, WV)","GED","In CBSA, not in central city","NO","3: Mother","YES","NO","NO","NO","YES","0: 0  CONDITION DOES NOT APPLY","ALWAYS WITH RIGHT HAND","ALWAYS WITH RIGHT HAND","ALWAYS WITH RIGHT HAND","ALWAYS WITH RIGHT HAND","ALWAYS WITH LEFT HAND","1: 1  CONDITION APPLIES","1: 1  CONDITION APPLIES","NO","FEMALE","MALE"
1981,64735,4,0,2,33790,5,145,1,3,3,2,7,2,1,2,1,1,2,1,6,6,1,1,25,19,"Female","Black","Northeast (CT, ME, MA, NH, NJ, NY, PA, RI, VT)","Associate/Junior college (AA)","In CBSA, not in central city","NO","3: Mother","YES","NO","NO","NO","YES","0: 0  CONDITION DOES NOT APPLY","ALWAYS WITH RIGHT HAND","ALWAYS WITH RIGHT HAND","ALWAYS WITH RIGHT HAND","ALWAYS WITH RIGHT HAND","ALWAYS WITH LEFT HAND","1: 1  CONDITION APPLIES","1: 1  CONDITION APPLIES","NO","FEMALE","FEMALE"
1981,64735,3,1,3,33790,5,183,1,1,3,2,3,2,2,1,1,2,1,1,3,6,1,1,9,18,"Female","Black","Northeast (CT, ME, MA, NH, NJ, NY, PA, RI, VT)","GED","In CBSA, not in central city","NO","3: Mother","NO","YES","YES","NO","YES","0: 0  CONDITION DOES NOT APPLY","ALWAYS WITH RIGHT HAND","ALWAYS WITH RIGHT HAND","ALWAYS WITH RIGHT HAND","ALWAYS WITH RIGHT HAND","ALWAYS WITH LEFT HAND","1: 1  CONDITION APPLIES","1: 1  CONDITION APPLIES","NO","FEMALE","MALE"
1984,64735,4,0,2,33790,5,185,1,2,4,3,3,4,2,2,2,2,1,2,3,5,1,1,29,17,"Male","Black","South (AL, AR, DE, DC, FL, GA, KY, LA, MD, MS, NC, OK, SC, TN , TX, VA, WV)","Associate/Junior college (AA)","In CBSA, not in central city","NO","3: Mother","NO","NO","NO","NO","YES","0: 0  CONDITION DOES NOT APPLY","ALWAYS WITH RIGHT HAND","ALWAYS WITH RIGHT HAND","USUALLY WITH BOTH HANDS EQUALLY","ALWAYS WITH RIGHT HAND","ALWAYS WITH RIGHT HAND","1: 1  CONDITION APPLIES","1: 1  CONDITION APPLIES","NO","FEMALE","MALE"
1985,64735,4,1,2,33790,5,152,1,1,4,3,2,4,2,2,1,2,1,6,2,6,1,1,29,22,"Female","Non-Black / Non-Hispanic","South (AL, AR, DE, DC, FL, GA, KY, LA, MD, MS, NC, OK, SC, TN , TX, VA, WV)","Bachelor's degree (BA, BS)","In CBSA, not in central city","YES","3: Mother","YES","NO","NO","NO","YES","0: 0  CONDITION DOES NOT APPLY","ALWAYS WITH RIGHT HAND","USUALLY WITH RIGHT HAND","ALWAYS WITH RIGHT HAND","ALWAYS WITH RIGHT HAND","ALWAYS WITH LEFT HAND","1: 1  CONDITION APPLIES","0: 0  CONDITION DOES NOT APPLY","NO","MALE","FEMALE"
1983,64735,3,1,2,33790,5,181,1,1,4,3,2,4,2,1,1,2,2,5,2,8,1,1,28,18,"Male","Non-Black / Non-Hispanic","South (AL, AR, DE, DC, FL, GA, KY, LA, MD, MS, NC, OK, SC, TN , TX, VA, WV)","High school diploma (Regular 12 year program)","In CBSA, not in central city","NO","3: Mother","YES","YES","NO","NO","YES","0: 0  CONDITION DOES NOT APPLY","ALWAYS WITH RIGHT HAND","ALWAYS WITH RIGHT HAND","ALWAYS WITH RIGHT HAND","ALWAYS WITH RIGHT HAND","ALWAYS WITH LEFT HAND","0: 0  CONDITION DOES NOT APPLY","1: 1  CONDITION APPLIES","NO","MALE","FEMALE"
1984,64735,2,0,2,33790,6,183,1,1,4,4,2,4,2,1,1,2,2,5,2,7,1,1,27,21,"Male","Non-Black / Non-Hispanic","South (AL, AR, DE, DC, FL, GA, KY, LA, MD, MS, NC, OK, SC, TN , TX, VA, WV)","High school diploma (Regular 12 year program)","In CBSA, not in central city","NO","3: Mother","YES","NO","NO","NO","YES","0: 0  CONDITION DOES NOT APPLY","ALWAYS WITH RIGHT HAND","ALWAYS WITH RIGHT HAND","ALWAYS WITH RIGHT HAND","ALWAYS WITH RIGHT HAND","ALWAYS WITH LEFT HAND","1: 1  CONDITION APPLIES","1: 1  CONDITION APPLIES","NO","MALE","MALE"
1984,64735,3,0,1,33790,5,181,1,1,4,4,3,5,2,2,2,1,1,6,2,7,1,1,31,23,"Female","Non-Black / Non-Hispanic","Northeast (CT, ME, MA, NH, NJ, NY, PA, RI, VT)","GED","In CBSA, not in central city","YES","3: Mother","NO","NO","YES","NO","NO","0: 0  CONDITION DOES NOT APPLY","ALWAYS WITH RIGHT HAND","ALWAYS WITH RIGHT HAND","ALWAYS WITH RIGHT HAND","ALWAYS WITH RIGHT HAND","DON'T DO THIS ACTIVITY","1: 1  CONDITION APPLIES","1: 1  CONDITION APPLIES","NO","MALE","FEMALE"
1980,64735,4,0,2,33790,5,183,1,1,3,5,4,4,2,2,1,2,1,3,2,7,1,1,32,25,"Male","Non-Black / Non-Hispanic","South (AL, AR, DE, DC, FL, GA, KY, LA, MD, MS, NC, OK, SC, TN , TX, VA, WV)","Bachelor's degree (BA, BS)","In CBSA, not in central city","NO","3: Mother","NO","NO","NO","NO","YES","0: 0  CONDITION DOES NOT APPLY","ALWAYS WITH RIGHT HAND","ALWAYS WITH RIGHT HAND","ALWAYS WITH RIGHT HAND","ALWAYS WITH RIGHT HAND","USUALLY WITH RIGHT HAND","1: 1  CONDITION APPLIES","1: 1  CONDITION APPLIES","NO","FEMALE","MALE"
1982,64735,4,1,2,33790,5,182,1,1,3,3,2,5,2,2,1,1,1,4,2,6,1,1,24,3,"Male","Non-Black / Non-Hispanic","North Central (IL, IN, IA, KS, MI, MN, MO, NE, OH, ND, SD, WI)","High school diploma (Regular 12 year program)","In CBSA, in central city","NO","3: Mother","YES","NO","NO","NO","NO","0: 0  CONDITION DOES NOT APPLY","ALWAYS WITH RIGHT HAND","ALWAYS WITH RIGHT HAND","ALWAYS WITH RIGHT HAND","ALWAYS WITH RIGHT HAND","ALWAYS WITH RIGHT HAND","1: 1  CONDITION APPLIES","1: 1  CONDITION APPLIES","NO","MALE","FEMALE"
1983,64735,4,0,2,33790,5,183,1,1,3,4,2,4,2,2,2,2,1,7,4,7,1,1,31,22,"Male","Non-Black / Non-Hispanic","Northeast (CT, ME, MA, NH, NJ, NY, PA, RI, VT)","Bachelor's degree (BA, BS)","In CBSA, not in central city","NO","3: Mother","NO","YES","NO","NO","YES","0: 0  CONDITION DOES NOT APPLY","ALWAYS WITH RIGHT HAND","ALWAYS WITH RIGHT HAND","ALWAYS WITH RIGHT HAND","ALWAYS WITH RIGHT HAND","ALWAYS WITH RIGHT HAND","0: 0  CONDITION DOES NOT APPLY","1: 1  CONDITION APPLIES","NO","MALE","FEMALE"
1983,64735,1,0,2,33790,5,181,2,1,6,2,5,6,2,2,2,2,1,7,1,5,1,1,29,24,"Male","Black","South (AL, AR, DE, DC, FL, GA, KY, LA, MD, MS, NC, OK, SC, TN , TX, VA, WV)","Bachelor's degree (BA, BS)","Not in country","NO","3: Mother","YES","NO","NO","NO","NO","0: 0  CONDITION DOES NOT APPLY","ALWAYS WITH RIGHT HAND","ALWAYS WITH RIGHT HAND","ALWAYS WITH RIGHT HAND","USUALLY WITH LEFT HAND","ALWAYS WITH LEFT HAND","1: 1  CONDITION APPLIES","1: 1  CONDITION APPLIES","NO","MALE","MALE"
1980,64735,2,0,1,33790,5,100,1,1,2,3,5,4,2,2,1,2,1,4,2,6,1,1,33,16,"Female","Non-Black / Non-Hispanic","South (AL, AR, DE, DC, FL, GA, KY, LA, MD, MS, NC, OK, SC, TN , TX, VA, WV)","High school diploma (Regular 12 year program)","In CBSA, in central city","NO","3: Mother","YES","YES","NO","NO","YES","0: 0  CONDITION DOES NOT APPLY","ALWAYS WITH RIGHT HAND","ALWAYS WITH RIGHT HAND","USUALLY WITH RIGHT HAND","ALWAYS WITH RIGHT HAND","ALWAYS WITH LEFT HAND","1: 1  CONDITION APPLIES","1: 1  CONDITION APPLIES","NO","FEMALE","MALE"
1982,64735,1,0,1,33790,5,181,2,2,1,3,4,3,1,2,1,2,1,3,1,8,1,1,30,19,"Female","Non-Black / Non-Hispanic","West (AK, AZ, CA, CO, HI, ID, MT, NV, NM, OR, UT, WA, WY)","Bachelor's degree (BA, BS)","In CBSA, not in central city","NO","3: Mother","NO","NO","NO","NO","NO","0: 0  CONDITION DOES NOT APPLY","ALWAYS WITH RIGHT HAND","ALWAYS WITH RIGHT HAND","ALWAYS WITH RIGHT HAND","ALWAYS WITH RIGHT HAND","ALWAYS WITH LEFT HAND","1: 1  CONDITION APPLIES","1: 1  CONDITION APPLIES","NO","FEMALE","MALE"
1982,64735,2,1,3,33790,5,182,1,2,5,3,1,3,2,2,1,2,2,4,2,5,1,1,30,21,"Male","Non-Black / Non-Hispanic","South (AL, AR, DE, DC, FL, GA, KY, LA, MD, MS, NC, OK, SC, TN , TX, VA, WV)","Associate/Junior college (AA)","In CBSA, not in central city","NO","3: Mother","YES","NO","NO","NO","YES","0: 0  CONDITION DOES NOT APPLY","ALWAYS WITH RIGHT HAND","ALWAYS WITH RIGHT HAND","ALWAYS WITH RIGHT HAND","ALWAYS WITH RIGHT HAND","ALWAYS WITH LEFT HAND","1: 1  CONDITION APPLIES","1: 1  CONDITION APPLIES","NO","FEMALE","MALE"
1980,64735,3,1,2,33790,5,230,1,1,3,1,4,5,2,2,1,2,2,6,2,6,1,1,35,22,"Female","Black","South (AL, AR, DE, DC, FL, GA, KY, LA, MD, MS, NC, OK, SC, TN , TX, VA, WV)","High school diploma (Regular 12 year program)","In CBSA, in central city","NO","3: Mother","YES","NO","NO","NO","YES","0: 0  CONDITION DOES NOT APPLY","USUALLY WITH BOTH HANDS EQUALLY","ALWAYS WITH RIGHT HAND","ALWAYS WITH RIGHT HAND","ALWAYS WITH RIGHT HAND","ALWAYS WITH LEFT HAND","1: 1  CONDITION APPLIES","1: 1  CONDITION APPLIES","NO","FEMALE","FEMALE"
1985,64735,3,1,1,40000,5,183,2,2,3,4,4,5,2,2,1,1,1,6,5,6,1,1,33,23,"Female","Black","Northeast (CT, ME, MA, NH, NJ, NY, PA, RI, VT)","High school diploma (Regular 12 year program)","In CBSA, not in central city","NO","3: Mother","YES","YES","NO","NO","YES","0: 0  CONDITION DOES NOT APPLY","ALWAYS WITH RIGHT HAND","ALWAYS WITH RIGHT HAND","ALWAYS WITH RIGHT HAND","ALWAYS WITH RIGHT HAND","ALWAYS WITH LEFT HAND","1: 1  CONDITION APPLIES","1: 1  CONDITION APPLIES","NO","FEMALE","FEMALE"
1980,64735,3,1,1,33790,6,184,2,1,3,4,4,4,2,2,2,1,2,6,2,6,1,1,27,4,"Male","Hispanic","North Central (IL, IN, IA, KS, MI, MN, MO, NE, OH, ND, SD, WI)","High school diploma (Regular 12 year program)","In CBSA, in central city","NO","3: Mother","NO","NO","NO","NO","YES","0: 0  CONDITION DOES NOT APPLY","ALWAYS WITH RIGHT HAND","ALWAYS WITH RIGHT HAND","ALWAYS WITH RIGHT HAND","ALWAYS WITH RIGHT HAND","ALWAYS WITH LEFT HAND","1: 1  CONDITION APPLIES","1: 1  CONDITION APPLIES","NO","FEMALE","MALE"
1981,64735,2,0,1,33790,5,187,1,2,4,5,2,4,1,2,1,2,1,1,2,6,1,1,30,20,"Male","Non-Black / Non-Hispanic","Northeast (CT, ME, MA, NH, NJ, NY, PA, RI, VT)","High school diploma (Regular 12 year program)","In CBSA, not in central city","NO","3: Mother","YES","NO","NO","NO","YES","0: 0  CONDITION DOES NOT APPLY","ALWAYS WITH RIGHT HAND","ALWAYS WITH RIGHT HAND","ALWAYS WITH RIGHT HAND","ALWAYS WITH RIGHT HAND","ALWAYS WITH LEFT HAND","0: 0  CONDITION DOES NOT APPLY","1: 1  CONDITION APPLIES","NO","MALE","MALE"
1982,64735,4,1,1,33790,6,188,1,1,9,4,1,4,2,2,1,2,1,2,2,5,1,1,28,20,"Male","Non-Black / Non-Hispanic","South (AL, AR, DE, DC, FL, GA, KY, LA, MD, MS, NC, OK, SC, TN , TX, VA, WV)","High school diploma (Regular 12 year program)","In CBSA, not in central city","NO","3: Mother","YES","YES","NO","NO","YES","0: 0  CONDITION DOES NOT APPLY","ALWAYS WITH RIGHT HAND","ALWAYS WITH RIGHT HAND","ALWAYS WITH RIGHT HAND","ALWAYS WITH RIGHT HAND","ALWAYS WITH LEFT HAND","0: 0  CONDITION DOES NOT APPLY","1: 1  CONDITION APPLIES","NO","FEMALE","FEMALE"
1982,64735,3,0,1,33790,5,190,2,1,4,2,1,3,2,2,2,2,2,6,4,7,1,1,28,21,"Male","Non-Black / Non-Hispanic","Northeast (CT, ME, MA, NH, NJ, NY, PA, RI, VT)","Bachelor's degree (BA, BS)","In CBSA, not in central city","NO","3: Mother","YES","NO","NO","NO","YES","0: 0  CONDITION DOES NOT APPLY","ALWAYS WITH RIGHT HAND","ALWAYS WITH RIGHT HAND","ALWAYS WITH RIGHT HAND","ALWAYS WITH RIGHT HAND","ALWAYS WITH LEFT HAND","1: 1  CONDITION APPLIES","1: 1  CONDITION APPLIES","NO","FEMALE","MALE"
1980,64735,2,0,2,33790,5,184,1,2,4,3,6,2,2,2,2,2,1,6,2,6,1,1,34,25,"Male","Non-Black / Non-Hispanic","Northeast (CT, ME, MA, NH, NJ, NY, PA, RI, VT)","High school diploma (Regular 12 year program)","In CBSA, in central city","NO","3: Mother","NO","NO","NO","NO","YES","0: 0  CONDITION DOES NOT APPLY","ALWAYS WITH RIGHT HAND","ALWAYS WITH RIGHT HAND","ALWAYS WITH RIGHT HAND","ALWAYS WITH RIGHT HAND","ALWAYS WITH LEFT HAND","1: 1  CONDITION APPLIES","1: 1  CONDITION APPLIES","YES","FEMALE","FEMALE"
1983,64735,4,0,2,33790,5,179,3,1,2,3,6,3,1,2,1,2,1,3,3,8,1,1,28,20,"Female","Non-Black / Non-Hispanic","South (AL, AR, DE, DC, FL, GA, KY, LA, MD, MS, NC, OK, SC, TN , TX, VA, WV)","GED","In CBSA, not in central city","NO","3: Mother","NO","YES","NO","NO","NO","0: 0  CONDITION DOES NOT APPLY","ALWAYS WITH RIGHT HAND","ALWAYS WITH RIGHT HAND","ALWAYS WITH RIGHT HAND","ALWAYS WITH RIGHT HAND","ALWAYS WITH LEFT HAND","0: 0  CONDITION DOES NOT APPLY","1: 1  CONDITION APPLIES","NO","MALE","FEMALE"
1981,64735,2,0,3,33790,6,187,1,2,2,5,5,2,2,2,2,2,1,3,2,6,1,1,63,29,"Male","Non-Black / Non-Hispanic","West (AK, AZ, CA, CO, HI, ID, MT, NV, NM, OR, UT, WA, WY)","High school diploma (Regular 12 year program)","In CBSA, not in central city","YES","3: Mother","YES","NO","NO","NO","NO","0: 0  CONDITION DOES NOT APPLY","ALWAYS WITH RIGHT HAND","ALWAYS WITH RIGHT HAND","ALWAYS WITH RIGHT HAND","ALWAYS WITH RIGHT HAND","DON'T DO THIS ACTIVITY","1: 1  CONDITION APPLIES","0: 0  CONDITION DOES NOT APPLY","NO","FEMALE","MALE"
1983,64735,7,2,2,33790,6,186,1,2,1,6,3,3,2,1,2,1,1,5,2,3,1,1,28,13,"Male","Non-Black / Non-Hispanic","South (AL, AR, DE, DC, FL, GA, KY, LA, MD, MS, NC, OK, SC, TN , TX, VA, WV)","High school diploma (Regular 12 year program)","In CBSA, not in central city","NO","3: Mother","NO","YES","NO","NO","NO","0: 0  CONDITION DOES NOT APPLY","ALWAYS WITH RIGHT HAND","ALWAYS WITH RIGHT HAND","ALWAYS WITH RIGHT HAND","ALWAYS WITH RIGHT HAND","ALWAYS WITH LEFT HAND","1: 1  CONDITION APPLIES","1: 1  CONDITION APPLIES","NO","MALE","MALE"
1982,64735,2,0,4,33790,5,180,1,2,5,3,3,4,2,2,1,2,1,6,1,6,1,1,31,24,"Female","Non-Black / Non-Hispanic","Northeast (CT, ME, MA, NH, NJ, NY, PA, RI, VT)","High school diploma (Regular 12 year program)","In CBSA, not in central city","NO","3: Mother","YES","NO","YES","NO","NO","0: 0  CONDITION DOES NOT APPLY","ALWAYS WITH RIGHT HAND","ALWAYS WITH RIGHT HAND","ALWAYS WITH RIGHT HAND","ALWAYS WITH RIGHT HAND","ALWAYS WITH LEFT HAND","1: 1  CONDITION APPLIES","1: 1  CONDITION APPLIES","NO","FEMALE","MALE"
1980,64735,3,2,1,33790,5,183,1,1,4,5,2,3,2,2,2,2,1,4,3,7,1,1,32,23,"Male","Non-Black / Non-Hispanic","Northeast (CT, ME, MA, NH, NJ, NY, PA, RI, VT)","Bachelor's degree (BA, BS)","In CBSA, not in central city","NO","3: Mother","NO","NO","NO","NO","YES","0: 0  CONDITION DOES NOT APPLY","ALWAYS WITH RIGHT HAND","ALWAYS WITH RIGHT HAND","ALWAYS WITH RIGHT HAND","ALWAYS WITH RIGHT HAND","ALWAYS WITH LEFT HAND","0: 0  CONDITION DOES NOT APPLY","1: 1  CONDITION APPLIES","NO","FEMALE","MALE"
1983,64735,3,0,1,33790,5,182,2,1,4,4,2,4,2,2,1,2,1,6,3,7,1,1,27,20,"Female","Non-Black / Non-Hispanic","Northeast (CT, ME, MA, NH, NJ, NY, PA, RI, VT)","High school diploma (Regular 12 year program)","In CBSA, not in central city","YES","3: Mother","YES","YES","NO","NO","NO","0: 0  CONDITION DOES NOT APPLY","ALWAYS WITH RIGHT HAND","ALWAYS WITH RIGHT HAND","DON'T DO THIS ACTIVITY","ALWAYS WITH RIGHT HAND","ALWAYS WITH RIGHT HAND","1: 1  CONDITION APPLIES","1: 1  CONDITION APPLIES","NO","FEMALE","MALE"
1980,64735,3,0,10,33790,5,184,3,2,3,4,3,5,2,2,2,1,1,4,2,7,1,2,31,21,"Male","Non-Black / Non-Hispanic","South (AL, AR, DE, DC, FL, GA, KY, LA, MD, MS, NC, OK, SC, TN , TX, VA, WV)","High school diploma (Regular 12 year program)","In CBSA, not in central city","YES","3: Mother","NO","NO","NO","NO","NO","0: 0  CONDITION DOES NOT APPLY","ALWAYS WITH RIGHT HAND","ALWAYS WITH RIGHT HAND","ALWAYS WITH RIGHT HAND","ALWAYS WITH RIGHT HAND","ALWAYS WITH LEFT HAND","1: 1  CONDITION APPLIES","1: 1  CONDITION APPLIES","NO","FEMALE","FEMALE"
1981,64735,6,1,1,33790,5,180,1,2,2,3,1,3,1,2,2,2,1,2,4,7,1,1,28,19,"Male","Non-Black / Non-Hispanic","South (AL, AR, DE, DC, FL, GA, KY, LA, MD, MS, NC, OK, SC, TN , TX, VA, WV)","Bachelor's degree (BA, BS)","In CBSA, not in central city","NO","3: Mother","NO","YES","NO","NO","YES","0: 0  CONDITION DOES NOT APPLY","ALWAYS WITH RIGHT HAND","ALWAYS WITH RIGHT HAND","ALWAYS WITH RIGHT HAND","ALWAYS WITH RIGHT HAND","ALWAYS WITH RIGHT HAND","1: 1  CONDITION APPLIES","1: 1  CONDITION APPLIES","NO","FEMALE","FEMALE"
1984,64735,3,1,3,33790,6,183,1,2,3,4,6,5,2,2,2,1,1,6,2,7,1,1,32,21,"Male","Non-Black / Non-Hispanic","South (AL, AR, DE, DC, FL, GA, KY, LA, MD, MS, NC, OK, SC, TN , TX, VA, WV)","Bachelor's degree (BA, BS)","In CBSA, not in central city","NO","3: Mother","NO","NO","NO","NO","NO","0: 0  CONDITION DOES NOT APPLY","ALWAYS WITH RIGHT HAND","ALWAYS WITH RIGHT HAND","ALWAYS WITH RIGHT HAND","ALWAYS WITH RIGHT HAND","ALWAYS WITH LEFT HAND","1: 1  CONDITION APPLIES","1: 1  CONDITION APPLIES","NO","FEMALE","MALE"
1981,64735,4,1,1,33790,5,129,1,2,3,4,4,4,2,2,2,2,1,5,3,8,1,1,29,1,"Female","Non-Black / Non-Hispanic","North Central (IL, IN, IA, KS, MI, MN, MO, NE, OH, ND, SD, WI)","Bachelor's degree (BA, BS)","In CBSA, not in central city","NO","3: Mother","YES","NO","NO","NO","YES","0: 0  CONDITION DOES NOT APPLY","ALWAYS WITH RIGHT HAND","ALWAYS WITH RIGHT HAND","ALWAYS WITH RIGHT HAND","ALWAYS WITH RIGHT HAND","ALWAYS WITH RIGHT HAND","0: 0  CONDITION DOES NOT APPLY","1: 1  CONDITION APPLIES","NO","MALE","MALE"
1980,54500,4,1,5,54500,5,184,2,1,5,4,3,4,2,1,1,2,1,7,1,5,1,1,28,14,"Female","Non-Black / Non-Hispanic","South (AL, AR, DE, DC, FL, GA, KY, LA, MD, MS, NC, OK, SC, TN , TX, VA, WV)","Bachelor's degree (BA, BS)","In CBSA, in central city","NO","3: Mother","NO","NO","NO","NO","YES","0: 0  CONDITION DOES NOT APPLY","ALWAYS WITH RIGHT HAND","ALWAYS WITH RIGHT HAND","ALWAYS WITH RIGHT HAND","ALWAYS WITH RIGHT HAND","ALWAYS WITH LEFT HAND","0: 0  CONDITION DOES NOT APPLY","1: 1  CONDITION APPLIES","NO","FEMALE","MALE"
1982,64735,4,1,3,33790,5,183,1,1,3,4,3,4,1,2,2,1,2,4,4,8,1,1,29,19,"Female","Non-Black / Non-Hispanic","West (AK, AZ, CA, CO, HI, ID, MT, NV, NM, OR, UT, WA, WY)","None","In CBSA, not in central city","NO","3: Mother","NO","YES","NO","NO","YES","0: 0  CONDITION DOES NOT APPLY","ALWAYS WITH RIGHT HAND","ALWAYS WITH RIGHT HAND","ALWAYS WITH RIGHT HAND","ALWAYS WITH RIGHT HAND","ALWAYS WITH LEFT HAND","1: 1  CONDITION APPLIES","1: 1  CONDITION APPLIES","NO","FEMALE","MALE"
1983,64735,4,1,2,33790,5,115,1,2,2,4,2,4,2,2,2,2,1,6,2,7,1,1,32,21,"Female","Non-Black / Non-Hispanic","North Central (IL, IN, IA, KS, MI, MN, MO, NE, OH, ND, SD, WI)","Bachelor's degree (BA, BS)","In CBSA, in central city","NO","3: Mother","NO","NO","YES","NO","NO","0: 0  CONDITION DOES NOT APPLY","ALWAYS WITH RIGHT HAND","ALWAYS WITH RIGHT HAND","ALWAYS WITH RIGHT HAND","ALWAYS WITH RIGHT HAND","ALWAYS WITH LEFT HAND","1: 1  CONDITION APPLIES","1: 1  CONDITION APPLIES","NO","FEMALE","FEMALE"
1982,64735,3,1,1,33790,6,203,2,1,1,4,7,4,2,2,2,1,1,3,2,6,1,1,30,17,"Female","Non-Black / Non-Hispanic","South (AL, AR, DE, DC, FL, GA, KY, LA, MD, MS, NC, OK, SC, TN , TX, VA, WV)","Bachelor's degree (BA, BS)","In CBSA, not in central city","NO","3: Mother","YES","NO","NO","NO","YES","0: 0  CONDITION DOES NOT APPLY","ALWAYS WITH RIGHT HAND","ALWAYS WITH RIGHT HAND","ALWAYS WITH RIGHT HAND","ALWAYS WITH RIGHT HAND","ALWAYS WITH LEFT HAND","1: 1  CONDITION APPLIES","1: 1  CONDITION APPLIES","NO","MALE","FEMALE"
1980,64735,4,0,1,33790,5,187,1,1,5,4,2,3,2,2,1,2,1,5,3,7,1,1,33,24,"Male","Non-Black / Non-Hispanic","North Central (IL, IN, IA, KS, MI, MN, MO, NE, OH, ND, SD, WI)","High school diploma (Regular 12 year program)","In CBSA, not in central city","YES","3: Mother","NO","NO","NO","NO","YES","0: 0  CONDITION DOES NOT APPLY","ALWAYS WITH RIGHT HAND","ALWAYS WITH RIGHT HAND","ALWAYS WITH RIGHT HAND","ALWAYS WITH RIGHT HAND","ALWAYS WITH LEFT HAND","1: 1  CONDITION APPLIES","1: 1  CONDITION APPLIES","NO","FEMALE","FEMALE"
1981,64735,4,1,2,33790,6,215,1,2,3,1,5,3,2,2,2,2,2,4,2,5,4,1,32,5,"Female","Non-Black / Non-Hispanic","South (AL, AR, DE, DC, FL, GA, KY, LA, MD, MS, NC, OK, SC, TN , TX, VA, WV)","High school diploma (Regular 12 year program)","In CBSA, not in central city","NO","3: Mother","NO","NO","NO","NO","YES","0: 0  CONDITION DOES NOT APPLY","ALWAYS WITH RIGHT HAND","ALWAYS WITH RIGHT HAND","ALWAYS WITH LEFT HAND","ALWAYS WITH RIGHT HAND","ALWAYS WITH LEFT HAND","1: 1  CONDITION APPLIES","1: 1  CONDITION APPLIES","NO","FEMALE","MALE"
1983,64735,4,0,1,33790,5,180,1,1,3,3,3,4,2,2,1,1,1,4,1,8,1,1,31,22,"Female","Black","North Central (IL, IN, IA, KS, MI, MN, MO, NE, OH, ND, SD, WI)","High school diploma (Regular 12 year program)","In CBSA, not in central city","NO","3: Mother","YES","NO","YES","NO","YES","0: 0  CONDITION DOES NOT APPLY","ALWAYS WITH LEFT HAND","USUALLY WITH BOTH HANDS EQUALLY","ALWAYS WITH RIGHT HAND","ALWAYS WITH RIGHT HAND","USUALLY WITH BOTH HANDS EQUALLY","1: 1  CONDITION APPLIES","0: 0  CONDITION DOES NOT APPLY","NO","FEMALE","FEMALE"
1984,64735,3,1,7,33790,5,183,1,2,2,5,3,4,2,2,2,2,2,1,2,6,1,2,25,0,"Female","Black","North Central (IL, IN, IA, KS, MI, MN, MO, NE, OH, ND, SD, WI)","High school diploma (Regular 12 year program)","Not in CBSA","NO","3: Mother","NO","YES","NO","NO","NO","0: 0  CONDITION DOES NOT APPLY","ALWAYS WITH RIGHT HAND","ALWAYS WITH RIGHT HAND","ALWAYS WITH RIGHT HAND","ALWAYS WITH RIGHT HAND","ALWAYS WITH LEFT HAND","1: 1  CONDITION APPLIES","1: 1  CONDITION APPLIES","NO","MALE","MALE"
1981,64735,6,1,3,33790,5,180,1,1,1,3,4,4,1,2,2,1,1,4,1,6,1,1,30,24,"Female","Black","South (AL, AR, DE, DC, FL, GA, KY, LA, MD, MS, NC, OK, SC, TN , TX, VA, WV)","Bachelor's degree (BA, BS)","In CBSA, not in central city","NO","3: Mother","YES","YES","YES","NO","NO","0: 0  CONDITION DOES NOT APPLY","ALWAYS WITH RIGHT HAND","ALWAYS WITH RIGHT HAND","ALWAYS WITH LEFT HAND","ALWAYS WITH RIGHT HAND","ALWAYS WITH LEFT HAND","1: 1  CONDITION APPLIES","1: 1  CONDITION APPLIES","NO","MALE","FEMALE"
1982,28242,4,1,3,17000,5,234,2,1,1,3,2,3,1,2,1,1,2,2,2,6,1,1,31,21,"Male","Non-Black / Non-Hispanic","South (AL, AR, DE, DC, FL, GA, KY, LA, MD, MS, NC, OK, SC, TN , TX, VA, WV)","None","In CBSA, in central city","NO","3: Mother","YES","NO","NO","NO","YES","0: 0  CONDITION DOES NOT APPLY","ALWAYS WITH RIGHT HAND","ALWAYS WITH RIGHT HAND","ALWAYS WITH RIGHT HAND","ALWAYS WITH RIGHT HAND","ALWAYS WITH LEFT HAND","1: 1  CONDITION APPLIES","1: 1  CONDITION APPLIES","NO","MALE","FEMALE"
1984,64735,3,0,1,33790,5,183,2,2,5,3,2,4,1,2,1,2,1,7,1,6,1,1,27,23,"Male","Non-Black / Non-Hispanic","Northeast (CT, ME, MA, NH, NJ, NY, PA, RI, VT)","GED","In CBSA, in central city","NO","3: Mother","YES","NO","YES","NO","YES","0: 0  CONDITION DOES NOT APPLY","ALWAYS WITH RIGHT HAND","ALWAYS WITH RIGHT HAND","ALWAYS WITH RIGHT HAND","ALWAYS WITH RIGHT HAND","ALWAYS WITH LEFT HAND","0: 0  CONDITION DOES NOT APPLY","1: 1  CONDITION APPLIES","NO","MALE","MALE"
1984,64735,3,0,1,33790,6,188,2,1,2,4,3,4,2,2,1,1,1,7,1,4,2,1,32,23,"Male","Mixed Race (Non-Hispanic)","South (AL, AR, DE, DC, FL, GA, KY, LA, MD, MS, NC, OK, SC, TN , TX, VA, WV)","GED","In CBSA, not in central city","YES","3: Mother","NO","NO","YES","NO","NO","0: 0  CONDITION DOES NOT APPLY","ALWAYS WITH RIGHT HAND","ALWAYS WITH RIGHT HAND","ALWAYS WITH RIGHT HAND","ALWAYS WITH RIGHT HAND","ALWAYS WITH LEFT HAND","1: 1  CONDITION APPLIES","1: 1  CONDITION APPLIES","NO","MALE","FEMALE"
1982,64735,4,1,2,57000,4,175,1,1,3,3,4,5,2,1,2,2,1,8,1,9,1,1,25,19,"Female","Non-Black / Non-Hispanic","West (AK, AZ, CA, CO, HI, ID, MT, NV, NM, OR, UT, WA, WY)","GED","In CBSA, not in central city","NO","3: Mother","YES","NO","NO","YES","YES","0: 0  CONDITION DOES NOT APPLY","ALWAYS WITH RIGHT HAND","ALWAYS WITH RIGHT HAND","ALWAYS WITH RIGHT HAND","ALWAYS WITH RIGHT HAND","USUALLY WITH BOTH HANDS EQUALLY","0: 0  CONDITION DOES NOT APPLY","1: 1  CONDITION APPLIES","NO","MALE","MALE"
1982,64735,3,1,2,33790,5,182,2,1,4,4,3,4,2,2,1,2,1,4,1,8,1,1,30,22,"Female","Non-Black / Non-Hispanic","South (AL, AR, DE, DC, FL, GA, KY, LA, MD, MS, NC, OK, SC, TN , TX, VA, WV)","High school diploma (Regular 12 year program)","In CBSA, not in central city","NO","3: Mother","YES","NO","YES","NO","YES","0: 0  CONDITION DOES NOT APPLY","ALWAYS WITH RIGHT HAND","ALWAYS WITH RIGHT HAND","ALWAYS WITH RIGHT HAND","ALWAYS WITH RIGHT HAND","ALWAYS WITH LEFT HAND","0: 0  CONDITION DOES NOT APPLY","1: 1  CONDITION APPLIES","NO","FEMALE","FEMALE"
1984,64735,5,1,2,33790,6,159,1,3,2,4,2,2,1,1,2,1,2,3,2,6,1,2,28,7,"Male","Non-Black / Non-Hispanic","South (AL, AR, DE, DC, FL, GA, KY, LA, MD, MS, NC, OK, SC, TN , TX, VA, WV)","None","In CBSA, not in central city","NO","3: Mother","YES","YES","NO","NO","YES","0: 0  CONDITION DOES NOT APPLY","ALWAYS WITH RIGHT HAND","ALWAYS WITH RIGHT HAND","ALWAYS WITH RIGHT HAND","ALWAYS WITH RIGHT HAND","ALWAYS WITH RIGHT HAND","1: 1  CONDITION APPLIES","1: 1  CONDITION APPLIES","NO","FEMALE","MALE"
1983,64735,3,0,2,33790,6,186,2,1,1,5,3,4,2,2,2,1,2,1,2,5,1,1,32,22,"Male","Non-Black / Non-Hispanic","South (AL, AR, DE, DC, FL, GA, KY, LA, MD, MS, NC, OK, SC, TN , TX, VA, WV)","High school diploma (Regular 12 year program)","In CBSA, in central city","YES","3: Mother","NO","NO","NO","NO","NO","0: 0  CONDITION DOES NOT APPLY","DON'T DO THIS ACTIVITY","ALWAYS WITH RIGHT HAND","ALWAYS WITH RIGHT HAND","ALWAYS WITH RIGHT HAND","ALWAYS WITH LEFT HAND","1: 1  CONDITION APPLIES","1: 1  CONDITION APPLIES","NO","FEMALE","FEMALE"
1981,64735,5,1,3,33790,5,180,1,1,3,3,4,4,2,2,1,2,2,3,1,6,1,1,24,18,"Male","Hispanic","West (AK, AZ, CA, CO, HI, ID, MT, NV, NM, OR, UT, WA, WY)","GED","In CBSA, not in central city","NO","3: Mother","YES","NO","YES","NO","YES","0: 0  CONDITION DOES NOT APPLY","ALWAYS WITH RIGHT HAND","ALWAYS WITH RIGHT HAND","ALWAYS WITH RIGHT HAND","ALWAYS WITH RIGHT HAND","ALWAYS WITH LEFT HAND","1: 1  CONDITION APPLIES","0: 0  CONDITION DOES NOT APPLY","YES","MALE","FEMALE"
1982,64735,4,0,3,33790,5,183,2,1,1,6,2,2,2,1,2,2,1,6,1,6,1,1,30,23,"Female","Non-Black / Non-Hispanic","South (AL, AR, DE, DC, FL, GA, KY, LA, MD, MS, NC, OK, SC, TN , TX, VA, WV)","None","In CBSA, not in central city","YES","3: Mother","NO","NO","NO","NO","YES","0: 0  CONDITION DOES NOT APPLY","ALWAYS WITH RIGHT HAND","ALWAYS WITH RIGHT HAND","ALWAYS WITH RIGHT HAND","USUALLY WITH BOTH HANDS EQUALLY","ALWAYS WITH LEFT HAND","1: 1  CONDITION APPLIES","1: 1  CONDITION APPLIES","NO","MALE","FEMALE"
1982,64735,5,0,1,33790,5,182,1,2,3,4,3,3,1,2,1,1,1,6,4,8,1,1,28,20,"Female","Non-Black / Non-Hispanic","West (AK, AZ, CA, CO, HI, ID, MT, NV, NM, OR, UT, WA, WY)","High school diploma (Regular 12 year program)","In CBSA, not in central city","NO","3: Mother","YES","NO","NO","NO","NO","0: 0  CONDITION DOES NOT APPLY","ALWAYS WITH LEFT HAND","ALWAYS WITH RIGHT HAND","ALWAYS WITH RIGHT HAND","ALWAYS WITH RIGHT HAND","ALWAYS WITH LEFT HAND","1: 1  CONDITION APPLIES","1: 1  CONDITION APPLIES","YES","MALE","FEMALE"
1983,64735,3,1,2,33790,5,180,1,1,4,2,7,5,2,2,1,2,1,5,1,9,1,1,9,18,"Female","Black","South (AL, AR, DE, DC, FL, GA, KY, LA, MD, MS, NC, OK, SC, TN , TX, VA, WV)","High school diploma (Regular 12 year program)","In CBSA, not in central city","NO","3: Mother","NO","NO","YES","NO","YES","0: 0  CONDITION DOES NOT APPLY","USUALLY WITH BOTH HANDS EQUALLY","ALWAYS WITH RIGHT HAND","USUALLY WITH BOTH HANDS EQUALLY","ALWAYS WITH RIGHT HAND","ALWAYS WITH RIGHT HAND","1: 1  CONDITION APPLIES","1: 1  CONDITION APPLIES","NO","FEMALE","FEMALE"
1982,64735,4,0,1,33790,5,181,1,1,5,3,3,5,2,2,1,2,1,3,1,7,1,1,37,28,"Male","Non-Black / Non-Hispanic","South (AL, AR, DE, DC, FL, GA, KY, LA, MD, MS, NC, OK, SC, TN , TX, VA, WV)","High school diploma (Regular 12 year program)","In CBSA, not in central city","YES","3: Mother","YES","NO","YES","NO","NO","0: 0  CONDITION DOES NOT APPLY","ALWAYS WITH RIGHT HAND","ALWAYS WITH RIGHT HAND","ALWAYS WITH RIGHT HAND","ALWAYS WITH RIGHT HAND","ALWAYS WITH LEFT HAND","1: 1  CONDITION APPLIES","1: 1  CONDITION APPLIES","NO","FEMALE","MALE"
1982,64735,4,2,2,33790,5,184,1,2,5,3,2,6,2,2,1,2,2,1,2,7,1,1,28,23,"Male","Non-Black / Non-Hispanic","Northeast (CT, ME, MA, NH, NJ, NY, PA, RI, VT)","Bachelor's degree (BA, BS)","In CBSA, not in central city","YES","3: Mother","YES","YES","NO","NO","YES","0: 0  CONDITION DOES NOT APPLY","ALWAYS WITH RIGHT HAND","ALWAYS WITH RIGHT HAND","USUALLY WITH BOTH HANDS EQUALLY","ALWAYS WITH RIGHT HAND","ALWAYS WITH LEFT HAND","1: 1  CONDITION APPLIES","1: 1  CONDITION APPLIES","NO","MALE","FEMALE"
1984,64735,4,1,5,33790,6,200,1,1,2,3,6,4,2,2,1,2,2,4,2,5,1,1,33,22,"Male","Non-Black / Non-Hispanic","Northeast (CT, ME, MA, NH, NJ, NY, PA, RI, VT)","Bachelor's degree (BA, BS)","In CBSA, not in central city","NO","3: Mother","YES","YES","NO","NO","YES","0: 0  CONDITION DOES NOT APPLY","ALWAYS WITH RIGHT HAND","ALWAYS WITH RIGHT HAND","ALWAYS WITH RIGHT HAND","ALWAYS WITH RIGHT HAND","ALWAYS WITH LEFT HAND","0: 0  CONDITION DOES NOT APPLY","1: 1  CONDITION APPLIES","NO","FEMALE","FEMALE"
1980,64735,3,1,4,33790,5,181,1,1,4,3,2,4,2,2,1,2,1,6,2,7,1,1,23,1,"Male","Non-Black / Non-Hispanic","Northeast (CT, ME, MA, NH, NJ, NY, PA, RI, VT)","Bachelor's degree (BA, BS)","In CBSA, not in central city","NO","3: Mother","YES","NO","NO","NO","YES","1: 1  CONDITION APPLIES","ALWAYS WITH RIGHT HAND","ALWAYS WITH RIGHT HAND","ALWAYS WITH RIGHT HAND","ALWAYS WITH RIGHT HAND","ALWAYS WITH LEFT HAND","1: 1  CONDITION APPLIES","0: 0  CONDITION DOES NOT APPLY","NO","MALE","FEMALE"
1984,47305,3,0,2,33790,5,183,2,1,3,2,3,3,2,2,1,2,1,5,2,7,1,1,28,22,"Male","Non-Black / Non-Hispanic","West (AK, AZ, CA, CO, HI, ID, MT, NV, NM, OR, UT, WA, WY)","High school diploma (Regular 12 year program)","In CBSA, not in central city","NO","3: Mother","YES","NO","NO","NO","YES","0: 0  CONDITION DOES NOT APPLY","ALWAYS WITH RIGHT HAND","ALWAYS WITH RIGHT HAND","ALWAYS WITH RIGHT HAND","ALWAYS WITH RIGHT HAND","ALWAYS WITH LEFT HAND","1: 1  CONDITION APPLIES","1: 1  CONDITION APPLIES","NO","FEMALE","MALE"
1981,31536,2,0,3,33790,5,199,1,1,1,1,1,4,2,2,1,1,2,1,3,7,1,1,31,23,"Male","Non-Black / Non-Hispanic","Northeast (CT, ME, MA, NH, NJ, NY, PA, RI, VT)","High school diploma (Regular 12 year program)","In CBSA, not in central city","YES","3: Mother","YES","YES","NO","NO","YES","0: 0  CONDITION DOES NOT APPLY","ALWAYS WITH RIGHT HAND","ALWAYS WITH RIGHT HAND","ALWAYS WITH RIGHT HAND","ALWAYS WITH RIGHT HAND","ALWAYS WITH LEFT HAND","1: 1  CONDITION APPLIES","1: 1  CONDITION APPLIES","NO","FEMALE","FEMALE"
1983,64735,2,0,2,33790,5,180,2,1,4,4,2,6,2,2,1,1,1,6,1,7,1,1,24,22,"Female","Non-Black / Non-Hispanic","Northeast (CT, ME, MA, NH, NJ, NY, PA, RI, VT)","Associate/Junior college (AA)","In CBSA, not in central city","NO","3: Mother","YES","NO","NO","NO","YES","0: 0  CONDITION DOES NOT APPLY","ALWAYS WITH RIGHT HAND","ALWAYS WITH RIGHT HAND","ALWAYS WITH RIGHT HAND","ALWAYS WITH RIGHT HAND","ALWAYS WITH LEFT HAND","1: 1  CONDITION APPLIES","1: 1  CONDITION APPLIES","NO","MALE","MALE"
1984,37950,3,0,3,33790,5,182,2,3,5,6,2,2,2,2,1,2,2,2,4,6,1,1,31,21,"Female","Non-Black / Non-Hispanic","Northeast (CT, ME, MA, NH, NJ, NY, PA, RI, VT)","GED","In CBSA, not in central city","NO","3: Mother","YES","NO","NO","NO","YES","0: 0  CONDITION DOES NOT APPLY","ALWAYS WITH RIGHT HAND","ALWAYS WITH RIGHT HAND","ALWAYS WITH RIGHT HAND","ALWAYS WITH RIGHT HAND","ALWAYS WITH LEFT HAND","1: 1  CONDITION APPLIES","1: 1  CONDITION APPLIES","NO","MALE","MALE"
1985,64735,3,1,4,33790,5,185,1,1,4,5,3,3,2,2,1,2,1,6,2,5,1,1,28,20,"Female","Non-Black / Non-Hispanic","North Central (IL, IN, IA, KS, MI, MN, MO, NE, OH, ND, SD, WI)","High school diploma (Regular 12 year program)","In CBSA, in central city","NO","3: Mother","NO","NO","NO","NO","YES","0: 0  CONDITION DOES NOT APPLY","ALWAYS WITH RIGHT HAND","ALWAYS WITH RIGHT HAND","ALWAYS WITH RIGHT HAND","ALWAYS WITH RIGHT HAND","ALWAYS WITH LEFT HAND","1: 1  CONDITION APPLIES","1: 1  CONDITION APPLIES","NO","MALE","MALE"
1980,64735,3,0,1,29000,5,182,1,1,2,4,2,5,2,2,1,2,1,3,4,7,1,1,35,25,"Male","Non-Black / Non-Hispanic","West (AK, AZ, CA, CO, HI, ID, MT, NV, NM, OR, UT, WA, WY)","High school diploma (Regular 12 year program)","In CBSA, not in central city","NO","3: Mother","YES","NO","NO","NO","YES","0: 0  CONDITION DOES NOT APPLY","ALWAYS WITH RIGHT HAND","ALWAYS WITH RIGHT HAND","ALWAYS WITH RIGHT HAND","ALWAYS WITH RIGHT HAND","ALWAYS WITH LEFT HAND","0: 0  CONDITION DOES NOT APPLY","1: 1  CONDITION APPLIES","NO","FEMALE","FEMALE"
1983,64735,2,1,6,58710,5,180,1,2,2,3,4,3,2,2,2,2,1,6,2,7,1,1,29,22,"Male","Non-Black / Non-Hispanic","Northeast (CT, ME, MA, NH, NJ, NY, PA, RI, VT)","Bachelor's degree (BA, BS)","In CBSA, not in central city","NO","3: Mother","YES","NO","NO","NO","YES","0: 0  CONDITION DOES NOT APPLY","ALWAYS WITH RIGHT HAND","ALWAYS WITH RIGHT HAND","ALWAYS WITH RIGHT HAND","ALWAYS WITH RIGHT HAND","ALWAYS WITH LEFT HAND","0: 0  CONDITION DOES NOT APPLY","1: 1  CONDITION APPLIES","NO","FEMALE","MALE"
1984,64735,3,1,5,33790,6,186,1,1,6,2,2,4,2,2,1,2,1,4,5,3,1,1,34,24,"Male","Black","South (AL, AR, DE, DC, FL, GA, KY, LA, MD, MS, NC, OK, SC, TN , TX, VA, WV)","High school diploma (Regular 12 year program)","In CBSA, not in central city","NO","3: Mother","NO","NO","NO","NO","NO","0: 0  CONDITION DOES NOT APPLY","ALWAYS WITH RIGHT HAND","USUALLY WITH RIGHT HAND","USUALLY WITH BOTH HANDS EQUALLY","ALWAYS WITH RIGHT HAND","ALWAYS WITH LEFT HAND","1: 1  CONDITION APPLIES","1: 1  CONDITION APPLIES","NO","FEMALE","MALE"
1984,64735,3,0,4,33790,5,183,1,1,3,3,4,3,2,2,2,2,1,5,3,7,1,1,30,21,"Female","Non-Black / Non-Hispanic","North Central (IL, IN, IA, KS, MI, MN, MO, NE, OH, ND, SD, WI)","Bachelor's degree (BA, BS)","In CBSA, in central city","NO","3: Mother","YES","NO","YES","NO","YES","0: 0  CONDITION DOES NOT APPLY","ALWAYS WITH RIGHT HAND","ALWAYS WITH RIGHT HAND","ALWAYS WITH RIGHT HAND","ALWAYS WITH RIGHT HAND","ALWAYS WITH LEFT HAND","1: 1  CONDITION APPLIES","0: 0  CONDITION DOES NOT APPLY","NO","FEMALE","MALE"
1981,73750,3,2,1,33790,5,182,1,2,5,3,6,6,2,2,1,2,1,6,2,7,1,1,32,20,"Male","Non-Black / Non-Hispanic","Northeast (CT, ME, MA, NH, NJ, NY, PA, RI, VT)","Bachelor's degree (BA, BS)","In CBSA, in central city","YES","3: Mother","YES","NO","NO","NO","YES","0: 0  CONDITION DOES NOT APPLY","ALWAYS WITH RIGHT HAND","ALWAYS WITH RIGHT HAND","ALWAYS WITH RIGHT HAND","ALWAYS WITH RIGHT HAND","USUALLY WITH LEFT HAND","1: 1  CONDITION APPLIES","1: 1  CONDITION APPLIES","NO","FEMALE","FEMALE"
1982,64735,4,0,1,33790,5,183,1,1,3,4,2,3,2,2,1,2,2,7,3,6,1,1,35,21,"Male","Non-Black / Non-Hispanic","North Central (IL, IN, IA, KS, MI, MN, MO, NE, OH, ND, SD, WI)","High school diploma (Regular 12 year program)","In CBSA, not in central city","NO","3: Mother","YES","NO","NO","NO","NO","0: 0  CONDITION DOES NOT APPLY","ALWAYS WITH RIGHT HAND","ALWAYS WITH RIGHT HAND","ALWAYS WITH RIGHT HAND","ALWAYS WITH RIGHT HAND","ALWAYS WITH LEFT HAND","1: 1  CONDITION APPLIES","1: 1  CONDITION APPLIES","NO","MALE","MALE"
1980,64735,2,1,5,33790,5,184,1,1,4,4,3,4,2,2,1,2,1,6,2,7,1,1,26,16,"Male","Non-Black / Non-Hispanic","South (AL, AR, DE, DC, FL, GA, KY, LA, MD, MS, NC, OK, SC, TN , TX, VA, WV)","High school diploma (Regular 12 year program)","In CBSA, not in central city","NO","3: Mother","YES","NO","NO","NO","YES","0: 0  CONDITION DOES NOT APPLY","ALWAYS WITH RIGHT HAND","ALWAYS WITH RIGHT HAND","ALWAYS WITH RIGHT HAND","DON'T DO THIS ACTIVITY","ALWAYS WITH LEFT HAND","1: 1  CONDITION APPLIES","1: 1  CONDITION APPLIES","NO","FEMALE","FEMALE"
1983,50000,1,0,1,33790,5,180,2,2,3,4,5,6,2,2,1,1,1,6,1,8,3,1,31,26,"Male","Non-Black / Non-Hispanic","South (AL, AR, DE, DC, FL, GA, KY, LA, MD, MS, NC, OK, SC, TN , TX, VA, WV)","High school diploma (Regular 12 year program)","In CBSA, not in central city","NO","3: Mother","YES","NO","YES","NO","NO","0: 0  CONDITION DOES NOT APPLY","ALWAYS WITH RIGHT HAND","ALWAYS WITH RIGHT HAND","ALWAYS WITH RIGHT HAND","ALWAYS WITH RIGHT HAND","DON'T DO THIS ACTIVITY","1: 1  CONDITION APPLIES","1: 1  CONDITION APPLIES","NO","FEMALE","MALE"
1983,64735,3,0,2,33790,5,185,1,2,6,3,4,4,2,2,2,2,2,4,2,9,1,1,27,20,"Male","Non-Black / Non-Hispanic","West (AK, AZ, CA, CO, HI, ID, MT, NV, NM, OR, UT, WA, WY)","GED","In CBSA, not in central city","NO","3: Mother","NO","NO","NO","NO","YES","1: 1  CONDITION APPLIES","ALWAYS WITH RIGHT HAND","ALWAYS WITH RIGHT HAND","ALWAYS WITH RIGHT HAND","ALWAYS WITH RIGHT HAND","ALWAYS WITH LEFT HAND","1: 1  CONDITION APPLIES","1: 1  CONDITION APPLIES","NO","FEMALE","MALE"
1983,64735,3,0,2,33790,5,140,2,2,4,3,5,4,2,1,1,2,1,6,2,7,1,1,31,22,"Male","Non-Black / Non-Hispanic","South (AL, AR, DE, DC, FL, GA, KY, LA, MD, MS, NC, OK, SC, TN , TX, VA, WV)","Bachelor's degree (BA, BS)","In CBSA, in central city","NO","3: Mother","YES","NO","NO","NO","YES","0: 0  CONDITION DOES NOT APPLY","ALWAYS WITH RIGHT HAND","ALWAYS WITH RIGHT HAND","USUALLY WITH LEFT HAND","ALWAYS WITH RIGHT HAND","ALWAYS WITH LEFT HAND","1: 1  CONDITION APPLIES","1: 1  CONDITION APPLIES","NO","FEMALE","MALE"
1983,64735,3,0,1,33790,6,183,1,1,5,5,7,3,2,2,1,2,1,5,2,7,1,1,41,56,"Female","Non-Black / Non-Hispanic","South (AL, AR, DE, DC, FL, GA, KY, LA, MD, MS, NC, OK, SC, TN , TX, VA, WV)","High school diploma (Regular 12 year program)","In CBSA, in central city","YES","3: Mother","YES","NO","YES","NO","NO","0: 0  CONDITION DOES NOT APPLY","ALWAYS WITH RIGHT HAND","ALWAYS WITH RIGHT HAND","ALWAYS WITH RIGHT HAND","ALWAYS WITH RIGHT HAND","ALWAYS WITH LEFT HAND","1: 1  CONDITION APPLIES","1: 1  CONDITION APPLIES","NO","FEMALE","MALE"
1984,50000,4,1,2,33790,5,180,1,2,1,4,1,1,2,2,1,2,1,3,2,6,1,1,30,18,"Female","Black","West (AK, AZ, CA, CO, HI, ID, MT, NV, NM, OR, UT, WA, WY)","High school diploma (Regular 12 year program)","In CBSA, not in central city","NO","3: Mother","YES","NO","NO","NO","YES","0: 0  CONDITION DOES NOT APPLY","ALWAYS WITH RIGHT HAND","ALWAYS WITH RIGHT HAND","ALWAYS WITH RIGHT HAND","ALWAYS WITH RIGHT HAND","USUALLY WITH BOTH HANDS EQUALLY","1: 1  CONDITION APPLIES","1: 1  CONDITION APPLIES","NO","FEMALE","MALE"
1982,64735,3,0,2,33790,5,180,2,1,3,4,4,4,2,2,1,2,1,3,3,5,1,1,24,1,"Male","Non-Black / Non-Hispanic","South (AL, AR, DE, DC, FL, GA, KY, LA, MD, MS, NC, OK, SC, TN , TX, VA, WV)","Bachelor's degree (BA, BS)","In CBSA, not in central city","NO","3: Mother","YES","NO","NO","NO","YES","0: 0  CONDITION DOES NOT APPLY","ALWAYS WITH RIGHT HAND","ALWAYS WITH RIGHT HAND","USUALLY WITH BOTH HANDS EQUALLY","USUALLY WITH RIGHT HAND","USUALLY WITH RIGHT HAND","1: 1  CONDITION APPLIES","1: 1  CONDITION APPLIES","NO","MALE","MALE"
1981,64735,3,0,2,33790,5,182,1,1,1,6,5,3,2,2,2,2,2,6,1,6,1,1,30,19,"Male","Hispanic","South (AL, AR, DE, DC, FL, GA, KY, LA, MD, MS, NC, OK, SC, TN , TX, VA, WV)","High school diploma (Regular 12 year program)","In CBSA, not in central city","NO","3: Mother","NO","NO","NO","NO","YES","0: 0  CONDITION DOES NOT APPLY","ALWAYS WITH RIGHT HAND","ALWAYS WITH RIGHT HAND","ALWAYS WITH RIGHT HAND","ALWAYS WITH RIGHT HAND","ALWAYS WITH LEFT HAND","1: 1  CONDITION APPLIES","1: 1  CONDITION APPLIES","NO","FEMALE","FEMALE"
1983,64735,2,0,1,33790,5,185,1,1,5,3,3,3,1,2,1,1,1,6,2,7,1,1,30,22,"Female","Non-Black / Non-Hispanic","West (AK, AZ, CA, CO, HI, ID, MT, NV, NM, OR, UT, WA, WY)","Master's degree (MA, MS)","In CBSA, in central city","NO","3: Mother","YES","NO","YES","NO","YES","0: 0  CONDITION DOES NOT APPLY","ALWAYS WITH LEFT HAND","ALWAYS WITH LEFT HAND","ALWAYS WITH LEFT HAND","ALWAYS WITH LEFT HAND","ALWAYS WITH LEFT HAND","1: 1  CONDITION APPLIES","1: 1  CONDITION APPLIES","NO","FEMALE","FEMALE"
1983,64735,4,0,4,33790,5,184,1,3,2,4,5,3,2,2,1,2,1,4,2,5,1,2,27,18,"Female","Non-Black / Non-Hispanic","Northeast (CT, ME, MA, NH, NJ, NY, PA, RI, VT)","High school diploma (Regular 12 year program)","In CBSA, not in central city","NO","3: Mother","YES","NO","NO","NO","YES","0: 0  CONDITION DOES NOT APPLY","ALWAYS WITH RIGHT HAND","ALWAYS WITH RIGHT HAND","ALWAYS WITH RIGHT HAND","ALWAYS WITH RIGHT HAND","ALWAYS WITH LEFT HAND","0: 0  CONDITION DOES NOT APPLY","1: 1  CONDITION APPLIES","NO","MALE","MALE"
1983,64735,3,1,2,33790,5,180,2,2,2,4,3,3,2,2,2,2,2,6,1,7,1,1,32,21,"Female","Non-Black / Non-Hispanic","North Central (IL, IN, IA, KS, MI, MN, MO, NE, OH, ND, SD, WI)","None","In CBSA, not in central city","NO","3: Mother","NO","NO","NO","NO","NO","0: 0  CONDITION DOES NOT APPLY","ALWAYS WITH RIGHT HAND","ALWAYS WITH RIGHT HAND","ALWAYS WITH RIGHT HAND","ALWAYS WITH RIGHT HAND","USUALLY WITH BOTH HANDS EQUALLY","0: 0  CONDITION DOES NOT APPLY","1: 1  CONDITION APPLIES","NO","MALE","FEMALE"
1981,64735,3,1,1,33790,5,186,1,1,2,4,3,5,1,2,1,2,1,3,2,6,1,1,30,25,"Male","Hispanic","West (AK, AZ, CA, CO, HI, ID, MT, NV, NM, OR, UT, WA, WY)","Associate/Junior college (AA)","In CBSA, not in central city","YES","3: Mother","YES","NO","YES","NO","YES","0: 0  CONDITION DOES NOT APPLY","ALWAYS WITH LEFT HAND","ALWAYS WITH LEFT HAND","ALWAYS WITH LEFT HAND","ALWAYS WITH RIGHT HAND","ALWAYS WITH RIGHT HAND","0: 0  CONDITION DOES NOT APPLY","1: 1  CONDITION APPLIES","NO","FEMALE","MALE"
1983,64735,5,2,3,33790,5,180,2,1,4,3,1,3,2,1,1,1,1,6,1,10,1,1,28,24,"Male","Black","West (AK, AZ, CA, CO, HI, ID, MT, NV, NM, OR, UT, WA, WY)","High school diploma (Regular 12 year program)","In CBSA, in central city","NO","3: Mother","YES","NO","NO","NO","YES","0: 0  CONDITION DOES NOT APPLY","ALWAYS WITH RIGHT HAND","ALWAYS WITH RIGHT HAND","ALWAYS WITH RIGHT HAND","ALWAYS WITH RIGHT HAND","ALWAYS WITH LEFT HAND","1: 1  CONDITION APPLIES","1: 1  CONDITION APPLIES","NO","FEMALE","MALE"
1983,1300,2,1,2,33790,5,127,2,2,3,3,6,4,2,2,1,1,2,3,3,8,1,2,29,20,"Male","Non-Black / Non-Hispanic","North Central (IL, IN, IA, KS, MI, MN, MO, NE, OH, ND, SD, WI)","Associate/Junior college (AA)","In CBSA, in central city","NO","3: Mother","NO","NO","NO","NO","YES","0: 0  CONDITION DOES NOT APPLY","ALWAYS WITH RIGHT HAND","ALWAYS WITH RIGHT HAND","ALWAYS WITH RIGHT HAND","ALWAYS WITH RIGHT HAND","ALWAYS WITH LEFT HAND","0: 0  CONDITION DOES NOT APPLY","1: 1  CONDITION APPLIES","NO","FEMALE","MALE"
1982,64735,4,1,1,33790,5,182,2,1,3,2,4,3,2,2,2,2,1,1,2,7,1,1,31,20,"Male","Non-Black / Non-Hispanic","West (AK, AZ, CA, CO, HI, ID, MT, NV, NM, OR, UT, WA, WY)","Bachelor's degree (BA, BS)","In CBSA, in central city","NO","3: Mother","YES","NO","NO","YES","NO","0: 0  CONDITION DOES NOT APPLY","ALWAYS WITH RIGHT HAND","ALWAYS WITH RIGHT HAND","ALWAYS WITH RIGHT HAND","ALWAYS WITH RIGHT HAND","ALWAYS WITH LEFT HAND","0: 0  CONDITION DOES NOT APPLY","1: 1  CONDITION APPLIES","NO","FEMALE","MALE"
1981,64735,3,0,5,25000,5,183,1,2,2,2,1,6,2,2,2,2,1,5,2,6,1,1,33,20,"Male","Non-Black / Non-Hispanic","Northeast (CT, ME, MA, NH, NJ, NY, PA, RI, VT)","High school diploma (Regular 12 year program)","In CBSA, not in central city","YES","3: Mother","YES","NO","NO","NO","NO","0: 0  CONDITION DOES NOT APPLY","ALWAYS WITH RIGHT HAND","ALWAYS WITH RIGHT HAND","ALWAYS WITH RIGHT HAND","ALWAYS WITH RIGHT HAND","ALWAYS WITH LEFT HAND","1: 1  CONDITION APPLIES","1: 1  CONDITION APPLIES","NO","FEMALE","MALE"
1984,64735,3,0,5,33790,5,182,1,1,2,4,1,5,2,2,2,2,1,6,2,7,1,1,29,19,"Female","Non-Black / Non-Hispanic","South (AL, AR, DE, DC, FL, GA, KY, LA, MD, MS, NC, OK, SC, TN , TX, VA, WV)","Bachelor's degree (BA, BS)","In CBSA, in central city","NO","3: Mother","YES","NO","NO","NO","YES","0: 0  CONDITION DOES NOT APPLY","ALWAYS WITH LEFT HAND","ALWAYS WITH RIGHT HAND","ALWAYS WITH LEFT HAND","ALWAYS WITH LEFT HAND","ALWAYS WITH RIGHT HAND","1: 1  CONDITION APPLIES","1: 1  CONDITION APPLIES","NO","MALE","FEMALE"
1982,64735,4,0,2,33790,5,170,1,1,3,4,3,3,2,2,1,2,1,6,2,6,1,1,39,52,"Female","Non-Black / Non-Hispanic","North Central (IL, IN, IA, KS, MI, MN, MO, NE, OH, ND, SD, WI)","Master's degree (MA, MS)","In CBSA, not in central city","YES","3: Mother","YES","NO","NO","NO","YES","0: 0  CONDITION DOES NOT APPLY","ALWAYS WITH RIGHT HAND","ALWAYS WITH RIGHT HAND","ALWAYS WITH RIGHT HAND","ALWAYS WITH RIGHT HAND","ALWAYS WITH LEFT HAND","1: 1  CONDITION APPLIES","1: 1  CONDITION APPLIES","YES","FEMALE","FEMALE"
1981,64735,3,0,2,33790,6,182,1,1,5,3,3,4,1,2,2,2,1,3,2,8,1,1,30,20,"Male","Non-Black / Non-Hispanic","West (AK, AZ, CA, CO, HI, ID, MT, NV, NM, OR, UT, WA, WY)","High school diploma (Regular 12 year program)","In CBSA, not in central city","NO","3: Mother","YES","NO","YES","NO","YES","0: 0  CONDITION DOES NOT APPLY","ALWAYS WITH RIGHT HAND","ALWAYS WITH RIGHT HAND","ALWAYS WITH RIGHT HAND","ALWAYS WITH RIGHT HAND","ALWAYS WITH LEFT HAND","0: 0  CONDITION DOES NOT APPLY","1: 1  CONDITION APPLIES","NO","FEMALE","MALE"
1984,64735,3,0,1,33790,5,182,1,3,3,3,3,1,1,2,1,2,1,4,3,5,1,1,75,27,"Female","Non-Black / Non-Hispanic","West (AK, AZ, CA, CO, HI, ID, MT, NV, NM, OR, UT, WA, WY)","High school diploma (Regular 12 year program)","In CBSA, not in central city","YES","3: Mother","YES","NO","NO","NO","YES","0: 0  CONDITION DOES NOT APPLY","ALWAYS WITH RIGHT HAND","ALWAYS WITH RIGHT HAND","ALWAYS WITH RIGHT HAND","USUALLY WITH BOTH HANDS EQUALLY","ALWAYS WITH RIGHT HAND","0: 0  CONDITION DOES NOT APPLY","1: 1  CONDITION APPLIES","NO","MALE","FEMALE"
1983,64735,3,0,3,33790,5,183,1,2,3,4,4,6,1,2,2,2,2,3,1,7,1,2,31,20,"Female","Non-Black / Non-Hispanic","North Central (IL, IN, IA, KS, MI, MN, MO, NE, OH, ND, SD, WI)","High school diploma (Regular 12 year program)","In CBSA, in central city","NO","3: Mother","YES","NO","NO","NO","YES","1: 1  CONDITION APPLIES","ALWAYS WITH RIGHT HAND","ALWAYS WITH RIGHT HAND","ALWAYS WITH RIGHT HAND","ALWAYS WITH RIGHT HAND","ALWAYS WITH LEFT HAND","1: 1  CONDITION APPLIES","1: 1  CONDITION APPLIES","NO","FEMALE","MALE"
1984,18329,8,3,2,33790,5,180,1,1,3,8,2,2,1,2,2,2,1,6,6,7,1,1,22,11,"Female","Non-Black / Non-Hispanic","North Central (IL, IN, IA, KS, MI, MN, MO, NE, OH, ND, SD, WI)","GED","In CBSA, in central city","NO","3: Mother","YES","YES","YES","NO","YES","0: 0  CONDITION DOES NOT APPLY","ALWAYS WITH RIGHT HAND","ALWAYS WITH RIGHT HAND","ALWAYS WITH RIGHT HAND","ALWAYS WITH RIGHT HAND","ALWAYS WITH LEFT HAND","1: 1  CONDITION APPLIES","1: 1  CONDITION APPLIES","NO","MALE","FEMALE"
1983,53500,3,0,2,33790,5,181,1,2,4,3,3,4,1,2,2,2,2,5,2,7,2,1,32,21,"Female","Non-Black / Non-Hispanic","West (AK, AZ, CA, CO, HI, ID, MT, NV, NM, OR, UT, WA, WY)","High school diploma (Regular 12 year program)","In CBSA, in central city","NO","3: Mother","YES","NO","NO","YES","YES","1: 1  CONDITION APPLIES","ALWAYS WITH RIGHT HAND","ALWAYS WITH RIGHT HAND","ALWAYS WITH RIGHT HAND","ALWAYS WITH RIGHT HAND","ALWAYS WITH LEFT HAND","0: 0  CONDITION DOES NOT APPLY","1: 1  CONDITION APPLIES","NO","MALE","FEMALE"
1983,106500,8,2,2,33790,5,250,1,1,4,4,3,4,1,2,1,2,1,6,2,7,1,1,31,19,"Female","Non-Black / Non-Hispanic","Northeast (CT, ME, MA, NH, NJ, NY, PA, RI, VT)","High school diploma (Regular 12 year program)","In CBSA, not in central city","YES","3: Mother","YES","NO","NO","NO","YES","0: 0  CONDITION DOES NOT APPLY","ALWAYS WITH LEFT HAND","ALWAYS WITH RIGHT HAND","ALWAYS WITH RIGHT HAND","ALWAYS WITH RIGHT HAND","ALWAYS WITH LEFT HAND","1: 1  CONDITION APPLIES","1: 1  CONDITION APPLIES","NO","FEMALE","FEMALE"
1980,64735,4,1,1,33790,5,180,2,1,4,1,1,6,2,2,2,2,1,5,1,7,1,1,36,21,"Female","Hispanic","Northeast (CT, ME, MA, NH, NJ, NY, PA, RI, VT)","Bachelor's degree (BA, BS)","In CBSA, not in central city","NO","3: Mother","NO","NO","NO","NO","NO","0: 0  CONDITION DOES NOT APPLY","ALWAYS WITH RIGHT HAND","ALWAYS WITH RIGHT HAND","ALWAYS WITH RIGHT HAND","ALWAYS WITH RIGHT HAND","ALWAYS WITH LEFT HAND","1: 1  CONDITION APPLIES","1: 1  CONDITION APPLIES","NO","MALE","MALE"
1983,41800,4,0,2,23000,5,180,1,2,2,2,5,4,2,2,2,2,1,4,2,6,1,1,30,22,"Male","Black","South (AL, AR, DE, DC, FL, GA, KY, LA, MD, MS, NC, OK, SC, TN , TX, VA, WV)","High school diploma (Regular 12 year program)","In CBSA, not in central city","NO","3: Mother","NO","NO","NO","NO","YES","0: 0  CONDITION DOES NOT APPLY","ALWAYS WITH RIGHT HAND","ALWAYS WITH LEFT HAND","ALWAYS WITH RIGHT HAND","ALWAYS WITH RIGHT HAND","ALWAYS WITH LEFT HAND","1: 1  CONDITION APPLIES","1: 1  CONDITION APPLIES","NO","FEMALE","FEMALE"
1982,64735,2,0,2,53000,5,183,1,2,3,2,4,4,2,1,1,1,1,5,6,6,1,1,28,20,"Male","Non-Black / Non-Hispanic","South (AL, AR, DE, DC, FL, GA, KY, LA, MD, MS, NC, OK, SC, TN , TX, VA, WV)","Bachelor's degree (BA, BS)","In CBSA, not in central city","NO","3: Mother","NO","NO","NO","NO","YES","0: 0  CONDITION DOES NOT APPLY","ALWAYS WITH RIGHT HAND","ALWAYS WITH RIGHT HAND","ALWAYS WITH RIGHT HAND","ALWAYS WITH RIGHT HAND","ALWAYS WITH LEFT HAND","0: 0  CONDITION DOES NOT APPLY","1: 1  CONDITION APPLIES","NO","FEMALE","MALE"
1982,64735,4,0,2,33790,5,181,1,2,2,4,3,3,2,2,1,1,1,5,2,7,1,1,45,26,"Female","Black","South (AL, AR, DE, DC, FL, GA, KY, LA, MD, MS, NC, OK, SC, TN , TX, VA, WV)","High school diploma (Regular 12 year program)","In CBSA, not in central city","YES","3: Mother","YES","NO","NO","NO","YES","0: 0  CONDITION DOES NOT APPLY","ALWAYS WITH RIGHT HAND","ALWAYS WITH RIGHT HAND","ALWAYS WITH RIGHT HAND","ALWAYS WITH RIGHT HAND","ALWAYS WITH LEFT HAND","1: 1  CONDITION APPLIES","1: 1  CONDITION APPLIES","NO","FEMALE","FEMALE"
1980,64735,3,1,2,33790,6,210,1,2,3,5,3,3,2,1,1,2,2,3,5,6,1,1,26,3,"Male","Non-Black / Non-Hispanic","South (AL, AR, DE, DC, FL, GA, KY, LA, MD, MS, NC, OK, SC, TN , TX, VA, WV)","Bachelor's degree (BA, BS)","In CBSA, not in central city","NO","3: Mother","NO","NO","NO","NO","YES","1: 1  CONDITION APPLIES","ALWAYS WITH RIGHT HAND","ALWAYS WITH RIGHT HAND","ALWAYS WITH LEFT HAND","ALWAYS WITH LEFT HAND","ALWAYS WITH RIGHT HAND","1: 1  CONDITION APPLIES","1: 1  CONDITION APPLIES","NO","FEMALE","FEMALE"
1981,64735,5,0,3,33790,6,182,1,1,2,3,2,4,2,2,2,2,2,4,4,6,1,1,34,21,"Male","Non-Black / Non-Hispanic","South (AL, AR, DE, DC, FL, GA, KY, LA, MD, MS, NC, OK, SC, TN , TX, VA, WV)","High school diploma (Regular 12 year program)","In CBSA, not in central city","YES","3: Mother","NO","YES","YES","NO","YES","0: 0  CONDITION DOES NOT APPLY","ALWAYS WITH RIGHT HAND","ALWAYS WITH RIGHT HAND","ALWAYS WITH RIGHT HAND","ALWAYS WITH RIGHT HAND","USUALLY WITH LEFT HAND","1: 1  CONDITION APPLIES","1: 1  CONDITION APPLIES","NO","FEMALE","FEMALE"
1984,64735,3,1,4,33790,5,183,1,2,3,1,4,8,2,2,2,2,2,2,3,6,1,1,26,0,"Male","Hispanic","North Central (IL, IN, IA, KS, MI, MN, MO, NE, OH, ND, SD, WI)","Bachelor's degree (BA, BS)","In CBSA, in central city","NO","3: Mother","YES","YES","NO","NO","YES","0: 0  CONDITION DOES NOT APPLY","ALWAYS WITH RIGHT HAND","ALWAYS WITH RIGHT HAND","ALWAYS WITH RIGHT HAND","ALWAYS WITH RIGHT HAND","ALWAYS WITH LEFT HAND","0: 0  CONDITION DOES NOT APPLY","1: 1  CONDITION APPLIES","NO","FEMALE","FEMALE"
1980,64735,2,0,1,33790,5,181,1,1,1,3,2,5,2,2,1,2,1,6,2,6,1,1,31,22,"Male","Non-Black / Non-Hispanic","South (AL, AR, DE, DC, FL, GA, KY, LA, MD, MS, NC, OK, SC, TN , TX, VA, WV)","Bachelor's degree (BA, BS)","In CBSA, in central city","NO","3: Mother","YES","NO","NO","NO","YES","0: 0  CONDITION DOES NOT APPLY","ALWAYS WITH RIGHT HAND","ALWAYS WITH RIGHT HAND","ALWAYS WITH RIGHT HAND","ALWAYS WITH RIGHT HAND","ALWAYS WITH LEFT HAND","1: 1  CONDITION APPLIES","1: 1  CONDITION APPLIES","NO","FEMALE","FEMALE"
1982,64735,1,0,1,35700,5,184,1,1,4,5,5,5,2,2,2,2,1,6,2,5,1,1,32,23,"Male","Non-Black / Non-Hispanic","Northeast (CT, ME, MA, NH, NJ, NY, PA, RI, VT)","Bachelor's degree (BA, BS)","In CBSA, not in central city","NO","3: Mother","YES","NO","NO","NO","NO","0: 0  CONDITION DOES NOT APPLY","ALWAYS WITH RIGHT HAND","ALWAYS WITH RIGHT HAND","ALWAYS WITH RIGHT HAND","ALWAYS WITH RIGHT HAND","ALWAYS WITH LEFT HAND","1: 1  CONDITION APPLIES","1: 1  CONDITION APPLIES","NO","FEMALE","MALE"
1981,64735,3,0,3,33790,6,179,2,2,6,4,5,4,1,2,1,2,1,3,2,7,1,1,31,20,"Female","Non-Black / Non-Hispanic","West (AK, AZ, CA, CO, HI, ID, MT, NV, NM, OR, UT, WA, WY)","Bachelor's degree (BA, BS)","In CBSA, not in central city","NO","3: Mother","NO","NO","YES","NO","YES","0: 0  CONDITION DOES NOT APPLY","ALWAYS WITH RIGHT HAND","ALWAYS WITH RIGHT HAND","ALWAYS WITH RIGHT HAND","ALWAYS WITH RIGHT HAND","ALWAYS WITH LEFT HAND","0: 0  CONDITION DOES NOT APPLY","1: 1  CONDITION APPLIES","NO","MALE","MALE"
1981,64735,3,1,2,33790,5,190,2,1,2,3,3,3,1,2,2,1,1,1,3,7,1,1,33,23,"Female","Hispanic","West (AK, AZ, CA, CO, HI, ID, MT, NV, NM, OR, UT, WA, WY)","High school diploma (Regular 12 year program)","In CBSA, not in central city","NO","3: Mother","NO","NO","NO","NO","YES","0: 0  CONDITION DOES NOT APPLY","ALWAYS WITH RIGHT HAND","USUALLY WITH RIGHT HAND","ALWAYS WITH RIGHT HAND","ALWAYS WITH RIGHT HAND","ALWAYS WITH LEFT HAND","1: 1  CONDITION APPLIES","1: 1  CONDITION APPLIES","NO","FEMALE","MALE"
1981,64735,3,0,3,33790,5,181,2,2,4,6,4,4,1,2,1,1,2,6,3,7,4,1,26,17,"Female","Non-Black / Non-Hispanic","Northeast (CT, ME, MA, NH, NJ, NY, PA, RI, VT)","High school diploma (Regular 12 year program)","In CBSA, in central city","NO","3: Mother","YES","NO","YES","NO","NO","0: 0  CONDITION DOES NOT APPLY","ALWAYS WITH RIGHT HAND","ALWAYS WITH RIGHT HAND","ALWAYS WITH RIGHT HAND","ALWAYS WITH RIGHT HAND","ALWAYS WITH LEFT HAND","1: 1  CONDITION APPLIES","1: 1  CONDITION APPLIES","NO","FEMALE","MALE"
1982,64735,3,0,4,26000,5,186,1,2,4,3,2,3,2,2,2,1,1,1,4,8,1,1,27,21,"Male","Non-Black / Non-Hispanic","Northeast (CT, ME, MA, NH, NJ, NY, PA, RI, VT)","GED","In CBSA, not in central city","NO","3: Mother","YES","YES","YES","NO","NO","0: 0  CONDITION DOES NOT APPLY","ALWAYS WITH LEFT HAND","ALWAYS WITH RIGHT HAND","ALWAYS WITH LEFT HAND","ALWAYS WITH RIGHT HAND","ALWAYS WITH LEFT HAND","1: 1  CONDITION APPLIES","1: 1  CONDITION APPLIES","NO","FEMALE","FEMALE"
1981,64735,3,0,3,33790,6,183,1,2,3,4,2,3,2,2,2,1,1,4,2,8,1,1,29,18,"Male","Non-Black / Non-Hispanic","West (AK, AZ, CA, CO, HI, ID, MT, NV, NM, OR, UT, WA, WY)","Associate/Junior college (AA)","In CBSA, not in central city","YES","3: Mother","YES","NO","NO","NO","YES","0: 0  CONDITION DOES NOT APPLY","ALWAYS WITH RIGHT HAND","ALWAYS WITH RIGHT HAND","ALWAYS WITH RIGHT HAND","ALWAYS WITH RIGHT HAND","ALWAYS WITH LEFT HAND","0: 0  CONDITION DOES NOT APPLY","1: 1  CONDITION APPLIES","NO","MALE","MALE"
1980,64735,5,1,4,33790,5,184,1,2,5,2,2,4,2,2,2,2,1,3,3,7,1,1,33,18,"Male","Non-Black / Non-Hispanic","South (AL, AR, DE, DC, FL, GA, KY, LA, MD, MS, NC, OK, SC, TN , TX, VA, WV)","GED","In CBSA, not in central city","NO","3: Mother","YES","NO","YES","NO","YES","0: 0  CONDITION DOES NOT APPLY","ALWAYS WITH RIGHT HAND","ALWAYS WITH RIGHT HAND","ALWAYS WITH RIGHT HAND","ALWAYS WITH RIGHT HAND","ALWAYS WITH LEFT HAND","1: 1  CONDITION APPLIES","1: 1  CONDITION APPLIES","NO","FEMALE","FEMALE"
1983,64735,1,0,1,33790,6,220,1,1,2,4,1,4,2,2,1,2,1,4,5,10,1,2,31,24,"Male","Non-Black / Non-Hispanic","Northeast (CT, ME, MA, NH, NJ, NY, PA, RI, VT)","Bachelor's degree (BA, BS)","In CBSA, not in central city","NO","3: Mother","YES","NO","YES","NO","YES","0: 0  CONDITION DOES NOT APPLY","ALWAYS WITH RIGHT HAND","ALWAYS WITH LEFT HAND","ALWAYS WITH RIGHT HAND","ALWAYS WITH RIGHT HAND","ALWAYS WITH LEFT HAND","1: 1  CONDITION APPLIES","0: 0  CONDITION DOES NOT APPLY","NO","FEMALE","FEMALE"
1982,64735,3,0,3,33790,5,181,1,1,2,3,4,4,2,1,2,1,1,4,2,7,1,1,32,21,"Male","Black","South (AL, AR, DE, DC, FL, GA, KY, LA, MD, MS, NC, OK, SC, TN , TX, VA, WV)","Associate/Junior college (AA)","In CBSA, not in central city","NO","3: Mother","YES","NO","YES","NO","NO","0: 0  CONDITION DOES NOT APPLY","ALWAYS WITH RIGHT HAND","ALWAYS WITH RIGHT HAND","ALWAYS WITH RIGHT HAND","ALWAYS WITH RIGHT HAND","ALWAYS WITH LEFT HAND","1: 1  CONDITION APPLIES","1: 1  CONDITION APPLIES","NO","FEMALE","MALE"
1981,64735,3,0,1,33790,5,179,1,2,2,2,2,3,2,2,2,2,2,3,3,8,1,1,30,23,"Male","Black","Northeast (CT, ME, MA, NH, NJ, NY, PA, RI, VT)","High school diploma (Regular 12 year program)","In CBSA, not in central city","NO","3: Mother","NO","YES","NO","NO","YES","0: 0  CONDITION DOES NOT APPLY","ALWAYS WITH RIGHT HAND","ALWAYS WITH RIGHT HAND","ALWAYS WITH RIGHT HAND","ALWAYS WITH RIGHT HAND","ALWAYS WITH LEFT HAND","1: 1  CONDITION APPLIES","0: 0  CONDITION DOES NOT APPLY","NO","FEMALE","MALE"
1983,64735,3,0,1,33790,5,184,2,1,5,3,4,3,2,2,1,2,1,6,2,7,1,1,29,22,"Female","Non-Black / Non-Hispanic","West (AK, AZ, CA, CO, HI, ID, MT, NV, NM, OR, UT, WA, WY)","GED","In CBSA, not in central city","YES","3: Mother","YES","NO","YES","NO","YES","0: 0  CONDITION DOES NOT APPLY","ALWAYS WITH RIGHT HAND","ALWAYS WITH RIGHT HAND","ALWAYS WITH RIGHT HAND","ALWAYS WITH RIGHT HAND","ALWAYS WITH LEFT HAND","1: 1  CONDITION APPLIES","1: 1  CONDITION APPLIES","NO","FEMALE","MALE"
1981,64735,3,1,2,5000,5,182,1,1,5,4,4,1,2,2,1,2,1,4,2,6,1,2,34,21,"Female","Non-Black / Non-Hispanic","South (AL, AR, DE, DC, FL, GA, KY, LA, MD, MS, NC, OK, SC, TN , TX, VA, WV)","GED","In CBSA, not in central city","YES","3: Mother","YES","NO","NO","NO","YES","0: 0  CONDITION DOES NOT APPLY","ALWAYS WITH RIGHT HAND","ALWAYS WITH RIGHT HAND","ALWAYS WITH RIGHT HAND","ALWAYS WITH LEFT HAND","ALWAYS WITH RIGHT HAND","1: 1  CONDITION APPLIES","1: 1  CONDITION APPLIES","NO","MALE","MALE"
1982,64735,3,1,1,33790,5,184,1,1,1,3,3,3,2,2,1,2,1,5,3,7,1,1,32,23,"Female","Black","South (AL, AR, DE, DC, FL, GA, KY, LA, MD, MS, NC, OK, SC, TN , TX, VA, WV)","Master's degree (MA, MS)","In CBSA, not in central city","NO","3: Mother","NO","NO","NO","NO","YES","0: 0  CONDITION DOES NOT APPLY","ALWAYS WITH RIGHT HAND","ALWAYS WITH LEFT HAND","ALWAYS WITH LEFT HAND","ALWAYS WITH LEFT HAND","ALWAYS WITH LEFT HAND","1: 1  CONDITION APPLIES","1: 1  CONDITION APPLIES","NO","MALE","FEMALE"
1982,64735,3,0,2,33790,5,182,1,1,1,4,1,4,2,2,1,1,1,6,3,7,1,1,32,21,"Female","Non-Black / Non-Hispanic","North Central (IL, IN, IA, KS, MI, MN, MO, NE, OH, ND, SD, WI)","High school diploma (Regular 12 year program)","In CBSA, not in central city","NO","3: Mother","NO","YES","NO","NO","YES","1: 1  CONDITION APPLIES","ALWAYS WITH RIGHT HAND","ALWAYS WITH RIGHT HAND","ALWAYS WITH RIGHT HAND","ALWAYS WITH RIGHT HAND","ALWAYS WITH LEFT HAND","0: 0  CONDITION DOES NOT APPLY","1: 1  CONDITION APPLIES","NO","MALE","MALE"
1981,102097,3,1,2,33790,5,166,2,1,3,5,2,2,2,2,1,1,1,7,3,7,2,1,30,23,"Male","Non-Black / Non-Hispanic","Northeast (CT, ME, MA, NH, NJ, NY, PA, RI, VT)","None","In CBSA, not in central city","NO","3: Mother","YES","NO","NO","NO","YES","0: 0  CONDITION DOES NOT APPLY","ALWAYS WITH RIGHT HAND","ALWAYS WITH RIGHT HAND","ALWAYS WITH LEFT HAND","ALWAYS WITH RIGHT HAND","ALWAYS WITH LEFT HAND","1: 1  CONDITION APPLIES","1: 1  CONDITION APPLIES","NO","FEMALE","FEMALE"
1983,64735,3,0,1,33790,5,183,2,2,3,4,2,5,2,2,1,1,1,5,1,7,1,1,33,21,"Female","Non-Black / Non-Hispanic","South (AL, AR, DE, DC, FL, GA, KY, LA, MD, MS, NC, OK, SC, TN , TX, VA, WV)","High school diploma (Regular 12 year program)","In CBSA, not in central city","NO","3: Mother","YES","NO","NO","NO","YES","0: 0  CONDITION DOES NOT APPLY","ALWAYS WITH RIGHT HAND","ALWAYS WITH RIGHT HAND","ALWAYS WITH RIGHT HAND","ALWAYS WITH RIGHT HAND","ALWAYS WITH LEFT HAND","1: 1  CONDITION APPLIES","1: 1  CONDITION APPLIES","NO","FEMALE","FEMALE"
1983,64735,3,1,4,33790,5,184,1,2,2,4,2,5,2,2,1,2,1,5,1,6,1,1,31,21,"Male","Non-Black / Non-Hispanic","Northeast (CT, ME, MA, NH, NJ, NY, PA, RI, VT)","GED","In CBSA, not in central city","NO","3: Mother","YES","YES","NO","NO","YES","0: 0  CONDITION DOES NOT APPLY","ALWAYS WITH RIGHT HAND","ALWAYS WITH RIGHT HAND","ALWAYS WITH RIGHT HAND","ALWAYS WITH RIGHT HAND","ALWAYS WITH LEFT HAND","1: 1  CONDITION APPLIES","1: 1  CONDITION APPLIES","NO","FEMALE","MALE"
1983,64735,4,1,1,33790,5,179,1,2,3,3,2,3,1,2,1,2,1,3,3,7,1,1,31,19,"Female","Black","Northeast (CT, ME, MA, NH, NJ, NY, PA, RI, VT)","None","In CBSA, in central city","NO","3: Mother","YES","NO","NO","NO","YES","0: 0  CONDITION DOES NOT APPLY","ALWAYS WITH RIGHT HAND","ALWAYS WITH RIGHT HAND","ALWAYS WITH RIGHT HAND","ALWAYS WITH RIGHT HAND","USUALLY WITH BOTH HANDS EQUALLY","1: 1  CONDITION APPLIES","1: 1  CONDITION APPLIES","NO","FEMALE","FEMALE"
1984,64735,4,1,2,33790,5,183,1,1,3,3,1,4,2,1,1,1,1,5,2,7,1,1,31,21,"Male","Black","North Central (IL, IN, IA, KS, MI, MN, MO, NE, OH, ND, SD, WI)","High school diploma (Regular 12 year program)","In CBSA, not in central city","NO","3: Mother","YES","YES","NO","NO","YES","0: 0  CONDITION DOES NOT APPLY","ALWAYS WITH RIGHT HAND","ALWAYS WITH RIGHT HAND","ALWAYS WITH RIGHT HAND","ALWAYS WITH RIGHT HAND","ALWAYS WITH LEFT HAND","1: 1  CONDITION APPLIES","1: 1  CONDITION APPLIES","NO","FEMALE","MALE"
1981,98464,2,0,4,45000,5,258,1,1,4,4,3,2,2,2,1,2,1,5,4,5,2,1,31,21,"Male","Hispanic","South (AL, AR, DE, DC, FL, GA, KY, LA, MD, MS, NC, OK, SC, TN , TX, VA, WV)","High school diploma (Regular 12 year program)","In CBSA, not in central city","NO","3: Mother","NO","NO","NO","NO","YES","0: 0  CONDITION DOES NOT APPLY","ALWAYS WITH RIGHT HAND","ALWAYS WITH RIGHT HAND","ALWAYS WITH RIGHT HAND","ALWAYS WITH RIGHT HAND","ALWAYS WITH LEFT HAND","1: 1  CONDITION APPLIES","1: 1  CONDITION APPLIES","NO","FEMALE","MALE"
1980,64735,3,1,2,33790,5,182,1,1,3,2,3,4,1,2,2,2,1,6,2,6,1,1,29,1,"Female","Non-Black / Non-Hispanic","South (AL, AR, DE, DC, FL, GA, KY, LA, MD, MS, NC, OK, SC, TN , TX, VA, WV)","Master's degree (MA, MS)","In CBSA, in central city","NO","3: Mother","YES","NO","NO","NO","YES","0: 0  CONDITION DOES NOT APPLY","ALWAYS WITH RIGHT HAND","ALWAYS WITH RIGHT HAND","ALWAYS WITH RIGHT HAND","ALWAYS WITH RIGHT HAND","ALWAYS WITH LEFT HAND","1: 1  CONDITION APPLIES","1: 1  CONDITION APPLIES","NO","FEMALE","FEMALE"
1980,64735,4,1,3,33790,5,185,2,2,2,6,2,2,2,2,1,2,1,6,6,8,1,1,29,22,"Female","Hispanic","West (AK, AZ, CA, CO, HI, ID, MT, NV, NM, OR, UT, WA, WY)","None","In CBSA, in central city","NO","3: Mother","NO","YES","NO","NO","YES","0: 0  CONDITION DOES NOT APPLY","ALWAYS WITH RIGHT HAND","ALWAYS WITH RIGHT HAND","ALWAYS WITH RIGHT HAND","ALWAYS WITH RIGHT HAND","ALWAYS WITH LEFT HAND","1: 1  CONDITION APPLIES","1: 1  CONDITION APPLIES","NO","FEMALE","FEMALE"
1985,64735,5,1,4,33790,5,185,1,1,2,5,3,3,2,2,1,2,1,6,3,7,1,1,26,3,"Female","Non-Black / Non-Hispanic","South (AL, AR, DE, DC, FL, GA, KY, LA, MD, MS, NC, OK, SC, TN , TX, VA, WV)","Bachelor's degree (BA, BS)","In CBSA, not in central city","NO","3: Mother","NO","NO","NO","NO","YES","0: 0  CONDITION DOES NOT APPLY","ALWAYS WITH RIGHT HAND","ALWAYS WITH RIGHT HAND","ALWAYS WITH RIGHT HAND","USUALLY WITH BOTH HANDS EQUALLY","ALWAYS WITH LEFT HAND","1: 1  CONDITION APPLIES","1: 1  CONDITION APPLIES","NO","MALE","MALE"
1981,133000,3,0,2,33790,5,181,1,1,3,3,1,5,2,1,1,2,1,4,2,7,1,1,30,20,"Female","Hispanic","Northeast (CT, ME, MA, NH, NJ, NY, PA, RI, VT)","High school diploma (Regular 12 year program)","In CBSA, in central city","NO","3: Mother","NO","NO","NO","NO","YES","0: 0  CONDITION DOES NOT APPLY","ALWAYS WITH RIGHT HAND","ALWAYS WITH RIGHT HAND","ALWAYS WITH RIGHT HAND","ALWAYS WITH RIGHT HAND","USUALLY WITH LEFT HAND","0: 0  CONDITION DOES NOT APPLY","1: 1  CONDITION APPLIES","YES","FEMALE","MALE"
1980,64735,3,1,4,28000,5,181,1,2,4,3,2,6,2,2,1,2,1,6,5,7,1,1,31,20,"Female","Non-Black / Non-Hispanic","Northeast (CT, ME, MA, NH, NJ, NY, PA, RI, VT)","High school diploma (Regular 12 year program)","In CBSA, not in central city","NO","3: Mother","YES","NO","NO","NO","YES","0: 0  CONDITION DOES NOT APPLY","ALWAYS WITH RIGHT HAND","ALWAYS WITH RIGHT HAND","ALWAYS WITH RIGHT HAND","ALWAYS WITH RIGHT HAND","ALWAYS WITH LEFT HAND","0: 0  CONDITION DOES NOT APPLY","1: 1  CONDITION APPLIES","NO","MALE","MALE"
1984,48000,5,1,2,33790,5,178,1,1,4,3,2,7,2,2,1,2,2,5,2,8,1,1,34,27,"Female","Non-Black / Non-Hispanic","Northeast (CT, ME, MA, NH, NJ, NY, PA, RI, VT)","Bachelor's degree (BA, BS)","In CBSA, in central city","YES","3: Mother","YES","NO","NO","NO","YES","0: 0  CONDITION DOES NOT APPLY","ALWAYS WITH RIGHT HAND","ALWAYS WITH RIGHT HAND","ALWAYS WITH RIGHT HAND","ALWAYS WITH RIGHT HAND","ALWAYS WITH LEFT HAND","1: 1  CONDITION APPLIES","1: 1  CONDITION APPLIES","YES","MALE","FEMALE"
1981,64735,3,1,4,33790,5,170,1,1,4,3,4,5,2,2,1,2,1,3,3,6,1,1,26,1,"Male","Non-Black / Non-Hispanic","West (AK, AZ, CA, CO, HI, ID, MT, NV, NM, OR, UT, WA, WY)","Bachelor's degree (BA, BS)","In CBSA, not in central city","NO","3: Mother","YES","NO","YES","NO","NO","0: 0  CONDITION DOES NOT APPLY","ALWAYS WITH RIGHT HAND","ALWAYS WITH RIGHT HAND","ALWAYS WITH RIGHT HAND","ALWAYS WITH RIGHT HAND","ALWAYS WITH LEFT HAND","1: 1  CONDITION APPLIES","1: 1  CONDITION APPLIES","NO","FEMALE","MALE"
1983,64735,2,1,3,33790,5,181,1,1,2,4,4,3,2,2,1,2,2,6,2,8,1,2,10,16,"Male","Hispanic","North Central (IL, IN, IA, KS, MI, MN, MO, NE, OH, ND, SD, WI)","GED","In CBSA, not in central city","NO","3: Mother","NO","NO","NO","NO","YES","0: 0  CONDITION DOES NOT APPLY","ALWAYS WITH RIGHT HAND","ALWAYS WITH RIGHT HAND","ALWAYS WITH RIGHT HAND","ALWAYS WITH RIGHT HAND","ALWAYS WITH LEFT HAND","1: 1  CONDITION APPLIES","1: 1  CONDITION APPLIES","NO","MALE","MALE"
1982,64735,4,0,3,25000,5,182,1,2,5,5,3,4,2,2,1,2,1,9,7,7,1,2,52,28,"Female","Non-Black / Non-Hispanic","South (AL, AR, DE, DC, FL, GA, KY, LA, MD, MS, NC, OK, SC, TN , TX, VA, WV)","High school diploma (Regular 12 year program)","In CBSA, in central city","YES","3: Mother","YES","NO","YES","YES","YES","0: 0  CONDITION DOES NOT APPLY","ALWAYS WITH RIGHT HAND","ALWAYS WITH RIGHT HAND","ALWAYS WITH RIGHT HAND","ALWAYS WITH RIGHT HAND","ALWAYS WITH LEFT HAND","1: 1  CONDITION APPLIES","1: 1  CONDITION APPLIES","YES","FEMALE","MALE"
1983,64735,4,0,2,33790,5,179,1,2,2,4,3,4,2,2,1,2,1,3,1,7,1,1,30,28,"Male","Non-Black / Non-Hispanic","South (AL, AR, DE, DC, FL, GA, KY, LA, MD, MS, NC, OK, SC, TN , TX, VA, WV)","High school diploma (Regular 12 year program)","In CBSA, not in central city","YES","3: Mother","YES","NO","NO","NO","YES","0: 0  CONDITION DOES NOT APPLY","ALWAYS WITH RIGHT HAND","USUALLY WITH RIGHT HAND","ALWAYS WITH RIGHT HAND","ALWAYS WITH RIGHT HAND","ALWAYS WITH LEFT HAND","1: 1  CONDITION APPLIES","1: 1  CONDITION APPLIES","NO","MALE","FEMALE"
1980,64735,2,1,1,33790,5,180,1,1,5,3,2,3,2,2,1,2,1,7,2,5,1,1,31,18,"Male","Non-Black / Non-Hispanic","West (AK, AZ, CA, CO, HI, ID, MT, NV, NM, OR, UT, WA, WY)","Bachelor's degree (BA, BS)","In CBSA, in central city","NO","3: Mother","YES","NO","NO","NO","YES","0: 0  CONDITION DOES NOT APPLY","ALWAYS WITH RIGHT HAND","ALWAYS WITH RIGHT HAND","ALWAYS WITH RIGHT HAND","ALWAYS WITH RIGHT HAND","USUALLY WITH LEFT HAND","1: 1  CONDITION APPLIES","1: 1  CONDITION APPLIES","NO","FEMALE","MALE"
1981,64735,2,1,2,33790,5,181,1,1,3,4,2,4,2,2,1,2,1,5,3,7,1,1,29,20,"Male","Non-Black / Non-Hispanic","South (AL, AR, DE, DC, FL, GA, KY, LA, MD, MS, NC, OK, SC, TN , TX, VA, WV)","Bachelor's degree (BA, BS)","In CBSA, not in central city","NO","3: Mother","YES","NO","NO","NO","YES","0: 0  CONDITION DOES NOT APPLY","ALWAYS WITH RIGHT HAND","ALWAYS WITH RIGHT HAND","ALWAYS WITH RIGHT HAND","ALWAYS WITH RIGHT HAND","ALWAYS WITH LEFT HAND","1: 1  CONDITION APPLIES","1: 1  CONDITION APPLIES","NO","FEMALE","MALE"
1984,85000,3,0,4,50000,5,179,1,1,3,4,5,5,1,2,1,2,1,6,4,7,1,1,32,22,"Female","Non-Black / Non-Hispanic","North Central (IL, IN, IA, KS, MI, MN, MO, NE, OH, ND, SD, WI)","Professional degree (DDS, JD, MD)","In CBSA, not in central city","NO","3: Mother","NO","NO","NO","NO","NO","0: 0  CONDITION DOES NOT APPLY","ALWAYS WITH RIGHT HAND","ALWAYS WITH RIGHT HAND","ALWAYS WITH RIGHT HAND","ALWAYS WITH RIGHT HAND","ALWAYS WITH LEFT HAND","1: 1  CONDITION APPLIES","1: 1  CONDITION APPLIES","NO","MALE","MALE"
1980,64735,3,0,1,18000,5,181,1,2,2,3,3,3,2,2,1,1,1,7,3,7,1,1,35,22,"Female","Non-Black / Non-Hispanic","South (AL, AR, DE, DC, FL, GA, KY, LA, MD, MS, NC, OK, SC, TN , TX, VA, WV)","High school diploma (Regular 12 year program)","In CBSA, not in central city","NO","3: Mother","YES","NO","NO","NO","YES","0: 0  CONDITION DOES NOT APPLY","ALWAYS WITH RIGHT HAND","ALWAYS WITH RIGHT HAND","ALWAYS WITH RIGHT HAND","USUALLY WITH RIGHT HAND","ALWAYS WITH LEFT HAND","1: 1  CONDITION APPLIES","0: 0  CONDITION DOES NOT APPLY","NO","FEMALE","FEMALE"
1980,64735,3,0,1,33790,5,200,1,1,4,5,2,6,2,2,1,1,1,6,3,5,1,1,28,18,"Male","Non-Black / Non-Hispanic","North Central (IL, IN, IA, KS, MI, MN, MO, NE, OH, ND, SD, WI)","Bachelor's degree (BA, BS)","In CBSA, not in central city","NO","3: Mother","YES","NO","NO","NO","YES","0: 0  CONDITION DOES NOT APPLY","ALWAYS WITH RIGHT HAND","ALWAYS WITH RIGHT HAND","ALWAYS WITH RIGHT HAND","ALWAYS WITH RIGHT HAND","ALWAYS WITH LEFT HAND","0: 0  CONDITION DOES NOT APPLY","1: 1  CONDITION APPLIES","NO","MALE","FEMALE"
1984,64735,2,0,2,33790,6,184,1,2,4,4,3,7,2,1,1,1,2,4,2,8,1,1,31,16,"Male","Hispanic","Northeast (CT, ME, MA, NH, NJ, NY, PA, RI, VT)","High school diploma (Regular 12 year program)","In CBSA, not in central city","NO","3: Mother","YES","NO","NO","NO","YES","0: 0  CONDITION DOES NOT APPLY","ALWAYS WITH RIGHT HAND","ALWAYS WITH RIGHT HAND","ALWAYS WITH RIGHT HAND","ALWAYS WITH RIGHT HAND","ALWAYS WITH LEFT HAND","1: 1  CONDITION APPLIES","1: 1  CONDITION APPLIES","NO","MALE","MALE"
1981,64735,4,0,3,33790,5,180,1,2,1,3,7,4,1,1,1,1,1,3,3,7,1,1,28,18,"Male","Non-Black / Non-Hispanic","South (AL, AR, DE, DC, FL, GA, KY, LA, MD, MS, NC, OK, SC, TN , TX, VA, WV)","High school diploma (Regular 12 year program)","In CBSA, not in central city","NO","3: Mother","YES","NO","NO","NO","YES","0: 0  CONDITION DOES NOT APPLY","ALWAYS WITH RIGHT HAND","ALWAYS WITH RIGHT HAND","ALWAYS WITH RIGHT HAND","ALWAYS WITH RIGHT HAND","ALWAYS WITH LEFT HAND","1: 1  CONDITION APPLIES","1: 1  CONDITION APPLIES","NO","MALE","MALE"
1981,64735,1,0,4,33790,4,175,1,2,2,3,4,5,2,2,2,2,1,6,2,9,1,1,30,24,"Female","Non-Black / Non-Hispanic","North Central (IL, IN, IA, KS, MI, MN, MO, NE, OH, ND, SD, WI)","High school diploma (Regular 12 year program)","In CBSA, in central city","NO","3: Mother","NO","NO","NO","NO","YES","0: 0  CONDITION DOES NOT APPLY","ALWAYS WITH RIGHT HAND","ALWAYS WITH RIGHT HAND","ALWAYS WITH RIGHT HAND","ALWAYS WITH RIGHT HAND","USUALLY WITH BOTH HANDS EQUALLY","1: 1  CONDITION APPLIES","1: 1  CONDITION APPLIES","NO","FEMALE","MALE"
1980,110000,2,0,2,33790,5,184,1,2,3,7,3,5,2,2,1,1,1,6,2,6,1,1,32,21,"Male","Non-Black / Non-Hispanic","North Central (IL, IN, IA, KS, MI, MN, MO, NE, OH, ND, SD, WI)","Bachelor's degree (BA, BS)","In CBSA, in central city","NO","3: Mother","YES","NO","NO","NO","YES","0: 0  CONDITION DOES NOT APPLY","ALWAYS WITH LEFT HAND","ALWAYS WITH LEFT HAND","ALWAYS WITH LEFT HAND","ALWAYS WITH LEFT HAND","ALWAYS WITH LEFT HAND","1: 1  CONDITION APPLIES","1: 1  CONDITION APPLIES","NO","FEMALE","FEMALE"
1982,99000,4,1,4,33790,5,155,1,2,4,3,5,7,2,2,1,2,2,6,3,8,3,2,34,23,"Male","Non-Black / Non-Hispanic","Northeast (CT, ME, MA, NH, NJ, NY, PA, RI, VT)","Bachelor's degree (BA, BS)","In CBSA, in central city","NO","3: Mother","YES","NO","NO","NO","YES","0: 0  CONDITION DOES NOT APPLY","ALWAYS WITH RIGHT HAND","ALWAYS WITH RIGHT HAND","ALWAYS WITH RIGHT HAND","ALWAYS WITH RIGHT HAND","ALWAYS WITH LEFT HAND","0: 0  CONDITION DOES NOT APPLY","1: 1  CONDITION APPLIES","NO","FEMALE","MALE"
1985,64735,3,0,2,33790,5,180,2,1,4,3,2,6,2,2,1,2,2,6,1,7,1,1,30,21,"Male","Hispanic","South (AL, AR, DE, DC, FL, GA, KY, LA, MD, MS, NC, OK, SC, TN , TX, VA, WV)","High school diploma (Regular 12 year program)","In CBSA, in central city","NO","3: Mother","YES","YES","NO","NO","YES","0: 0  CONDITION DOES NOT APPLY","ALWAYS WITH RIGHT HAND","ALWAYS WITH RIGHT HAND","ALWAYS WITH RIGHT HAND","ALWAYS WITH RIGHT HAND","ALWAYS WITH LEFT HAND","1: 1  CONDITION APPLIES","1: 1  CONDITION APPLIES","NO","FEMALE","FEMALE"
1981,64735,4,1,1,33790,5,181,1,1,1,3,3,5,2,2,2,1,2,2,1,7,1,1,33,21,"Male","Black","North Central (IL, IN, IA, KS, MI, MN, MO, NE, OH, ND, SD, WI)","None","In CBSA, not in central city","NO","3: Mother","NO","NO","YES","NO","YES","0: 0  CONDITION DOES NOT APPLY","ALWAYS WITH RIGHT HAND","ALWAYS WITH RIGHT HAND","ALWAYS WITH RIGHT HAND","ALWAYS WITH RIGHT HAND","ALWAYS WITH LEFT HAND","1: 1  CONDITION APPLIES","1: 1  CONDITION APPLIES","NO","FEMALE","MALE"
1983,56000,3,0,1,16000,5,183,2,1,2,3,3,4,1,1,1,1,1,3,2,7,1,1,28,1,"Female","Non-Black / Non-Hispanic","South (AL, AR, DE, DC, FL, GA, KY, LA, MD, MS, NC, OK, SC, TN , TX, VA, WV)","Associate/Junior college (AA)","In CBSA, not in central city","NO","3: Mother","YES","NO","NO","NO","YES","0: 0  CONDITION DOES NOT APPLY","ALWAYS WITH LEFT HAND","USUALLY WITH BOTH HANDS EQUALLY","USUALLY WITH BOTH HANDS EQUALLY","ALWAYS WITH LEFT HAND","ALWAYS WITH LEFT HAND","0: 0  CONDITION DOES NOT APPLY","1: 1  CONDITION APPLIES","NO","FEMALE","MALE"
1980,100051,3,1,1,33790,5,181,1,2,2,3,4,3,2,2,1,2,1,6,2,4,1,1,35,23,"Female","Hispanic","North Central (IL, IN, IA, KS, MI, MN, MO, NE, OH, ND, SD, WI)","High school diploma (Regular 12 year program)","In CBSA, not in central city","NO","3: Mother","YES","NO","NO","NO","YES","0: 0  CONDITION DOES NOT APPLY","ALWAYS WITH RIGHT HAND","ALWAYS WITH RIGHT HAND","ALWAYS WITH RIGHT HAND","ALWAYS WITH RIGHT HAND","ALWAYS WITH LEFT HAND","0: 0  CONDITION DOES NOT APPLY","1: 1  CONDITION APPLIES","YES","FEMALE","MALE"
1980,64735,1,0,1,33790,6,183,1,2,4,4,2,6,2,2,2,2,1,8,6,8,3,1,33,21,"Male","Non-Black / Non-Hispanic","South (AL, AR, DE, DC, FL, GA, KY, LA, MD, MS, NC, OK, SC, TN , TX, VA, WV)","Bachelor's degree (BA, BS)","In CBSA, in central city","NO","3: Mother","NO","NO","NO","NO","YES","0: 0  CONDITION DOES NOT APPLY","ALWAYS WITH RIGHT HAND","ALWAYS WITH RIGHT HAND","ALWAYS WITH RIGHT HAND","ALWAYS WITH RIGHT HAND","ALWAYS WITH LEFT HAND","1: 1  CONDITION APPLIES","1: 1  CONDITION APPLIES","NO","MALE","FEMALE"
1983,50260,3,0,1,33790,5,180,1,2,3,4,3,5,2,2,1,2,1,6,1,5,3,1,30,17,"Male","Non-Black / Non-Hispanic","South (AL, AR, DE, DC, FL, GA, KY, LA, MD, MS, NC, OK, SC, TN , TX, VA, WV)","Bachelor's degree (BA, BS)","In CBSA, in central city","NO","3: Mother","NO","NO","NO","NO","YES","0: 0  CONDITION DOES NOT APPLY","ALWAYS WITH RIGHT HAND","USUALLY WITH RIGHT HAND","ALWAYS WITH RIGHT HAND","ALWAYS WITH RIGHT HAND","ALWAYS WITH LEFT HAND","0: 0  CONDITION DOES NOT APPLY","1: 1  CONDITION APPLIES","NO","MALE","MALE"
1982,64735,3,0,5,42000,6,183,1,1,3,3,4,3,2,2,1,2,1,4,3,7,1,1,33,22,"Male","Non-Black / Non-Hispanic","North Central (IL, IN, IA, KS, MI, MN, MO, NE, OH, ND, SD, WI)","Master's degree (MA, MS)","In CBSA, not in central city","YES","3: Mother","YES","NO","NO","NO","YES","0: 0  CONDITION DOES NOT APPLY","ALWAYS WITH RIGHT HAND","ALWAYS WITH RIGHT HAND","ALWAYS WITH RIGHT HAND","ALWAYS WITH RIGHT HAND","ALWAYS WITH LEFT HAND","0: 0  CONDITION DOES NOT APPLY","1: 1  CONDITION APPLIES","NO","FEMALE","MALE"
1982,64735,2,1,3,33790,5,184,1,2,6,3,3,3,2,2,1,2,2,3,1,6,1,1,30,18,"Female","Non-Black / Non-Hispanic","North Central (IL, IN, IA, KS, MI, MN, MO, NE, OH, ND, SD, WI)","High school diploma (Regular 12 year program)","Not in CBSA","YES","3: Mother","NO","NO","YES","NO","YES","0: 0  CONDITION DOES NOT APPLY","ALWAYS WITH RIGHT HAND","ALWAYS WITH RIGHT HAND","ALWAYS WITH RIGHT HAND","ALWAYS WITH RIGHT HAND","ALWAYS WITH LEFT HAND","1: 1  CONDITION APPLIES","0: 0  CONDITION DOES NOT APPLY","NO","FEMALE","MALE"
1981,64735,2,0,2,30000,5,179,1,1,5,3,3,4,2,1,1,2,1,7,2,7,1,1,32,24,"Female","Non-Black / Non-Hispanic","North Central (IL, IN, IA, KS, MI, MN, MO, NE, OH, ND, SD, WI)","Bachelor's degree (BA, BS)","In CBSA, not in central city","NO","3: Mother","NO","NO","NO","NO","YES","0: 0  CONDITION DOES NOT APPLY","ALWAYS WITH RIGHT HAND","ALWAYS WITH RIGHT HAND","ALWAYS WITH RIGHT HAND","ALWAYS WITH RIGHT HAND","ALWAYS WITH RIGHT HAND","0: 0  CONDITION DOES NOT APPLY","1: 1  CONDITION APPLIES","NO","MALE","MALE"
1983,20650,3,0,3,33790,6,187,1,1,4,4,3,4,1,2,2,2,1,6,4,4,4,1,33,23,"Male","Non-Black / Non-Hispanic","North Central (IL, IN, IA, KS, MI, MN, MO, NE, OH, ND, SD, WI)","Bachelor's degree (BA, BS)","In CBSA, in central city","NO","3: Mother","NO","NO","NO","NO","NO","0: 0  CONDITION DOES NOT APPLY","ALWAYS WITH RIGHT HAND","ALWAYS WITH RIGHT HAND","ALWAYS WITH RIGHT HAND","ALWAYS WITH RIGHT HAND","ALWAYS WITH RIGHT HAND","1: 1  CONDITION APPLIES","1: 1  CONDITION APPLIES","NO","FEMALE","MALE"
1980,64735,4,0,3,33790,6,183,1,1,2,4,3,5,2,2,1,1,1,3,2,8,1,1,34,21,"Male","Black","North Central (IL, IN, IA, KS, MI, MN, MO, NE, OH, ND, SD, WI)","Bachelor's degree (BA, BS)","In CBSA, in central city","NO","3: Mother","NO","NO","YES","NO","YES","0: 0  CONDITION DOES NOT APPLY","ALWAYS WITH RIGHT HAND","ALWAYS WITH RIGHT HAND","ALWAYS WITH RIGHT HAND","USUALLY WITH BOTH HANDS EQUALLY","ALWAYS WITH LEFT HAND","1: 1  CONDITION APPLIES","1: 1  CONDITION APPLIES","NO","FEMALE","FEMALE"
1982,64735,3,1,4,33790,5,182,1,1,2,5,5,5,1,2,1,2,1,6,1,6,1,1,27,16,"Female","Non-Black / Non-Hispanic","Northeast (CT, ME, MA, NH, NJ, NY, PA, RI, VT)","Bachelor's degree (BA, BS)","In CBSA, not in central city","NO","3: Mother","YES","NO","NO","NO","YES","0: 0  CONDITION DOES NOT APPLY","ALWAYS WITH RIGHT HAND","ALWAYS WITH RIGHT HAND","ALWAYS WITH RIGHT HAND","ALWAYS WITH RIGHT HAND","ALWAYS WITH LEFT HAND","0: 0  CONDITION DOES NOT APPLY","1: 1  CONDITION APPLIES","NO","MALE","MALE"
1984,64735,3,0,2,33790,5,184,1,1,3,4,2,4,2,2,2,1,1,6,2,7,1,1,31,21,"Male","Non-Black / Non-Hispanic","South (AL, AR, DE, DC, FL, GA, KY, LA, MD, MS, NC, OK, SC, TN , TX, VA, WV)","Bachelor's degree (BA, BS)","In CBSA, not in central city","NO","3: Mother","NO","NO","NO","NO","NO","0: 0  CONDITION DOES NOT APPLY","ALWAYS WITH RIGHT HAND","ALWAYS WITH RIGHT HAND","ALWAYS WITH RIGHT HAND","ALWAYS WITH RIGHT HAND","ALWAYS WITH LEFT HAND","1: 1  CONDITION APPLIES","1: 1  CONDITION APPLIES","NO","FEMALE","FEMALE"
1983,64735,7,3,2,33790,5,98,2,1,3,4,3,5,2,2,1,2,1,2,2,7,1,1,23,11,"Female","Non-Black / Non-Hispanic","North Central (IL, IN, IA, KS, MI, MN, MO, NE, OH, ND, SD, WI)","High school diploma (Regular 12 year program)","In CBSA, in central city","NO","3: Mother","YES","NO","NO","NO","YES","0: 0  CONDITION DOES NOT APPLY","ALWAYS WITH RIGHT HAND","ALWAYS WITH RIGHT HAND","ALWAYS WITH RIGHT HAND","ALWAYS WITH RIGHT HAND","ALWAYS WITH LEFT HAND","0: 0  CONDITION DOES NOT APPLY","0: 0  CONDITION DOES NOT APPLY","NO","MALE","FEMALE"
1981,108500,2,0,1,33790,6,205,2,1,2,5,1,2,2,2,1,1,1,1,2,6,1,1,30,20,"Male","Non-Black / Non-Hispanic","West (AK, AZ, CA, CO, HI, ID, MT, NV, NM, OR, UT, WA, WY)","Associate/Junior college (AA)","In CBSA, not in central city","NO","3: Mother","YES","NO","NO","NO","YES","0: 0  CONDITION DOES NOT APPLY","ALWAYS WITH RIGHT HAND","ALWAYS WITH RIGHT HAND","USUALLY WITH RIGHT HAND","ALWAYS WITH RIGHT HAND","ALWAYS WITH LEFT HAND","1: 1  CONDITION APPLIES","1: 1  CONDITION APPLIES","NO","FEMALE","MALE"
1980,64735,4,1,2,82000,5,180,1,2,2,4,8,5,1,2,1,1,1,8,2,6,1,1,33,23,"Male","Non-Black / Non-Hispanic","North Central (IL, IN, IA, KS, MI, MN, MO, NE, OH, ND, SD, WI)","Master's degree (MA, MS)","In CBSA, not in central city","NO","3: Mother","YES","NO","NO","NO","YES","0: 0  CONDITION DOES NOT APPLY","ALWAYS WITH RIGHT HAND","ALWAYS WITH RIGHT HAND","ALWAYS WITH RIGHT HAND","ALWAYS WITH RIGHT HAND","ALWAYS WITH LEFT HAND","0: 0  CONDITION DOES NOT APPLY","1: 1  CONDITION APPLIES","NO","FEMALE","FEMALE"
1985,64735,3,0,2,33790,6,182,1,1,1,4,3,3,2,2,1,2,1,2,4,7,2,1,30,19,"Male","Non-Black / Non-Hispanic","North Central (IL, IN, IA, KS, MI, MN, MO, NE, OH, ND, SD, WI)","High school diploma (Regular 12 year program)","In CBSA, not in central city","NO","3: Mother","NO","NO","NO","NO","YES","0: 0  CONDITION DOES NOT APPLY","ALWAYS WITH RIGHT HAND","ALWAYS WITH RIGHT HAND","ALWAYS WITH RIGHT HAND","ALWAYS WITH RIGHT HAND","ALWAYS WITH LEFT HAND","1: 1  CONDITION APPLIES","1: 1  CONDITION APPLIES","NO","MALE","MALE"
1985,64735,2,1,2,33790,6,186,1,2,5,3,2,2,1,2,2,2,1,4,2,6,1,1,34,18,"Male","Non-Black / Non-Hispanic","South (AL, AR, DE, DC, FL, GA, KY, LA, MD, MS, NC, OK, SC, TN , TX, VA, WV)","High school diploma (Regular 12 year program)","In CBSA, not in central city","NO","3: Mother","NO","NO","NO","NO","YES","0: 0  CONDITION DOES NOT APPLY","ALWAYS WITH RIGHT HAND","ALWAYS WITH RIGHT HAND","USUALLY WITH RIGHT HAND","ALWAYS WITH RIGHT HAND","ALWAYS WITH LEFT HAND","1: 1  CONDITION APPLIES","1: 1  CONDITION APPLIES","NO","FEMALE","MALE"
1984,64735,6,2,2,33790,5,135,1,1,2,2,1,5,1,2,2,2,1,3,3,5,1,1,36,24,"Male","Hispanic","West (AK, AZ, CA, CO, HI, ID, MT, NV, NM, OR, UT, WA, WY)","None","In CBSA, not in central city","NO","3: Mother","YES","YES","NO","NO","NO","0: 0  CONDITION DOES NOT APPLY","ALWAYS WITH RIGHT HAND","ALWAYS WITH RIGHT HAND","USUALLY WITH BOTH HANDS EQUALLY","ALWAYS WITH RIGHT HAND","ALWAYS WITH LEFT HAND","1: 1  CONDITION APPLIES","1: 1  CONDITION APPLIES","NO","FEMALE","FEMALE"
1981,150000,2,0,4,33790,5,182,2,1,3,3,4,4,2,2,2,2,1,6,3,7,1,1,30,22,"Female","Non-Black / Non-Hispanic","Northeast (CT, ME, MA, NH, NJ, NY, PA, RI, VT)","Bachelor's degree (BA, BS)","In CBSA, not in central city","NO","3: Mother","YES","NO","NO","NO","YES","0: 0  CONDITION DOES NOT APPLY","ALWAYS WITH RIGHT HAND","ALWAYS WITH RIGHT HAND","ALWAYS WITH RIGHT HAND","ALWAYS WITH RIGHT HAND","ALWAYS WITH LEFT HAND","0: 0  CONDITION DOES NOT APPLY","1: 1  CONDITION APPLIES","NO","FEMALE","MALE"
1980,64735,2,1,2,33790,5,175,1,1,3,5,4,5,2,2,1,1,1,6,1,7,1,1,30,23,"Male","Non-Black / Non-Hispanic","West (AK, AZ, CA, CO, HI, ID, MT, NV, NM, OR, UT, WA, WY)","High school diploma (Regular 12 year program)","In CBSA, in central city","NO","3: Mother","YES","NO","NO","NO","YES","0: 0  CONDITION DOES NOT APPLY","ALWAYS WITH RIGHT HAND","ALWAYS WITH RIGHT HAND","ALWAYS WITH RIGHT HAND","ALWAYS WITH RIGHT HAND","ALWAYS WITH LEFT HAND","1: 1  CONDITION APPLIES","1: 1  CONDITION APPLIES","NO","FEMALE","FEMALE"
1981,64735,3,1,3,33790,5,182,1,2,2,2,5,3,2,2,1,2,2,4,4,7,2,2,28,18,"Male","Non-Black / Non-Hispanic","North Central (IL, IN, IA, KS, MI, MN, MO, NE, OH, ND, SD, WI)","GED","In CBSA, not in central city","NO","3: Mother","NO","NO","YES","NO","YES","0: 0  CONDITION DOES NOT APPLY","ALWAYS WITH RIGHT HAND","ALWAYS WITH RIGHT HAND","ALWAYS WITH RIGHT HAND","ALWAYS WITH RIGHT HAND","ALWAYS WITH LEFT HAND","1: 1  CONDITION APPLIES","1: 1  CONDITION APPLIES","NO","FEMALE","FEMALE"
1981,64735,3,1,3,33790,5,225,1,1,3,3,2,3,2,2,1,2,1,4,4,6,1,1,30,1,"Female","Hispanic","South (AL, AR, DE, DC, FL, GA, KY, LA, MD, MS, NC, OK, SC, TN , TX, VA, WV)","High school diploma (Regular 12 year program)","In CBSA, not in central city","NO","3: Mother","NO","NO","NO","NO","YES","0: 0  CONDITION DOES NOT APPLY","ALWAYS WITH RIGHT HAND","ALWAYS WITH RIGHT HAND","ALWAYS WITH RIGHT HAND","ALWAYS WITH RIGHT HAND","ALWAYS WITH LEFT HAND","1: 1  CONDITION APPLIES","1: 1  CONDITION APPLIES","NO","MALE","MALE"
1982,64735,3,1,2,17000,5,181,1,2,6,4,2,2,2,2,1,1,1,6,3,6,1,1,29,20,"Female","Non-Black / Non-Hispanic","North Central (IL, IN, IA, KS, MI, MN, MO, NE, OH, ND, SD, WI)","Associate/Junior college (AA)","Not in CBSA","NO","3: Mother","NO","NO","NO","NO","YES","0: 0  CONDITION DOES NOT APPLY","ALWAYS WITH RIGHT HAND","ALWAYS WITH RIGHT HAND","ALWAYS WITH RIGHT HAND","ALWAYS WITH RIGHT HAND","ALWAYS WITH RIGHT HAND","1: 1  CONDITION APPLIES","1: 1  CONDITION APPLIES","NO","FEMALE","MALE"
1982,64735,4,1,1,33790,5,184,2,2,1,3,3,6,2,2,2,2,1,6,1,6,1,1,31,20,"Male","Mixed Race (Non-Hispanic)","North Central (IL, IN, IA, KS, MI, MN, MO, NE, OH, ND, SD, WI)","High school diploma (Regular 12 year program)","In CBSA, not in central city","NO","3: Mother","YES","NO","NO","NO","YES","0: 0  CONDITION DOES NOT APPLY","ALWAYS WITH RIGHT HAND","ALWAYS WITH RIGHT HAND","ALWAYS WITH RIGHT HAND","ALWAYS WITH RIGHT HAND","ALWAYS WITH LEFT HAND","1: 1  CONDITION APPLIES","1: 1  CONDITION APPLIES","NO","FEMALE","FEMALE"
1981,64735,3,0,2,33790,5,183,1,2,3,3,2,4,2,2,1,2,1,6,3,7,1,1,30,21,"Female","Non-Black / Non-Hispanic","North Central (IL, IN, IA, KS, MI, MN, MO, NE, OH, ND, SD, WI)","Bachelor's degree (BA, BS)","In CBSA, not in central city","NO","3: Mother","YES","NO","NO","NO","YES","0: 0  CONDITION DOES NOT APPLY","ALWAYS WITH RIGHT HAND","ALWAYS WITH RIGHT HAND","ALWAYS WITH RIGHT HAND","ALWAYS WITH RIGHT HAND","ALWAYS WITH LEFT HAND","0: 0  CONDITION DOES NOT APPLY","1: 1  CONDITION APPLIES","NO","FEMALE","MALE"
1982,64735,1,0,2,33790,5,180,1,1,4,3,3,5,2,2,1,2,2,7,4,8,1,1,22,22,"Female","Non-Black / Non-Hispanic","South (AL, AR, DE, DC, FL, GA, KY, LA, MD, MS, NC, OK, SC, TN , TX, VA, WV)","High school diploma (Regular 12 year program)","In CBSA, in central city","NO","3: Mother","YES","NO","NO","NO","NO","0: 0  CONDITION DOES NOT APPLY","ALWAYS WITH RIGHT HAND","ALWAYS WITH RIGHT HAND","ALWAYS WITH RIGHT HAND","ALWAYS WITH RIGHT HAND","ALWAYS WITH LEFT HAND","1: 1  CONDITION APPLIES","1: 1  CONDITION APPLIES","NO","FEMALE","FEMALE"
1982,64735,1,0,2,33790,6,186,1,1,5,6,3,7,2,2,2,2,1,6,3,5,1,1,32,24,"Male","Non-Black / Non-Hispanic","South (AL, AR, DE, DC, FL, GA, KY, LA, MD, MS, NC, OK, SC, TN , TX, VA, WV)","Bachelor's degree (BA, BS)","In CBSA, in central city","NO","3: Mother","YES","NO","YES","NO","YES","0: 0  CONDITION DOES NOT APPLY","ALWAYS WITH RIGHT HAND","ALWAYS WITH RIGHT HAND","USUALLY WITH BOTH HANDS EQUALLY","ALWAYS WITH RIGHT HAND","ALWAYS WITH LEFT HAND","1: 1  CONDITION APPLIES","1: 1  CONDITION APPLIES","NO","FEMALE","MALE"
1983,97250,1,0,1,33790,6,181,1,1,1,4,3,6,2,2,2,2,1,5,2,7,1,1,36,23,"Female","Non-Black / Non-Hispanic","North Central (IL, IN, IA, KS, MI, MN, MO, NE, OH, ND, SD, WI)","Bachelor's degree (BA, BS)","In CBSA, in central city","NO","3: Mother","YES","NO","NO","NO","YES","0: 0  CONDITION DOES NOT APPLY","ALWAYS WITH RIGHT HAND","ALWAYS WITH RIGHT HAND","ALWAYS WITH RIGHT HAND","ALWAYS WITH RIGHT HAND","ALWAYS WITH LEFT HAND","1: 1  CONDITION APPLIES","1: 1  CONDITION APPLIES","NO","MALE","MALE"
1980,64735,1,0,2,50000,5,184,1,1,1,4,2,2,2,1,2,2,1,6,2,7,1,1,36,26,"Male","Non-Black / Non-Hispanic","South (AL, AR, DE, DC, FL, GA, KY, LA, MD, MS, NC, OK, SC, TN , TX, VA, WV)","Bachelor's degree (BA, BS)","In CBSA, not in central city","NO","3: Mother","YES","NO","NO","NO","NO","0: 0  CONDITION DOES NOT APPLY","ALWAYS WITH RIGHT HAND","ALWAYS WITH RIGHT HAND","ALWAYS WITH RIGHT HAND","ALWAYS WITH RIGHT HAND","ALWAYS WITH LEFT HAND","1: 1  CONDITION APPLIES","1: 1  CONDITION APPLIES","NO","FEMALE","MALE"
1982,64735,3,0,4,33790,5,185,2,1,5,3,4,3,2,2,1,1,1,4,3,7,1,1,26,5,"Male","Non-Black / Non-Hispanic","West (AK, AZ, CA, CO, HI, ID, MT, NV, NM, OR, UT, WA, WY)","High school diploma (Regular 12 year program)","In CBSA, not in central city","NO","3: Mother","YES","NO","YES","NO","YES","0: 0  CONDITION DOES NOT APPLY","ALWAYS WITH RIGHT HAND","ALWAYS WITH RIGHT HAND","ALWAYS WITH RIGHT HAND","ALWAYS WITH RIGHT HAND","ALWAYS WITH LEFT HAND","0: 0  CONDITION DOES NOT APPLY","0: 0  CONDITION DOES NOT APPLY","NO","MALE","FEMALE"
1982,64735,4,1,2,33790,6,185,1,1,2,5,2,4,2,2,1,2,2,4,2,6,1,1,32,19,"Male","Non-Black / Non-Hispanic","South (AL, AR, DE, DC, FL, GA, KY, LA, MD, MS, NC, OK, SC, TN , TX, VA, WV)","Bachelor's degree (BA, BS)","In CBSA, in central city","NO","3: Mother","YES","YES","NO","NO","YES","0: 0  CONDITION DOES NOT APPLY","ALWAYS WITH RIGHT HAND","ALWAYS WITH RIGHT HAND","ALWAYS WITH RIGHT HAND","ALWAYS WITH RIGHT HAND","ALWAYS WITH RIGHT HAND","1: 1  CONDITION APPLIES","1: 1  CONDITION APPLIES","NO","FEMALE","FEMALE"
1984,64735,3,0,1,33790,5,182,2,1,4,5,6,4,2,2,1,2,1,6,4,7,1,1,30,21,"Female","Non-Black / Non-Hispanic","South (AL, AR, DE, DC, FL, GA, KY, LA, MD, MS, NC, OK, SC, TN , TX, VA, WV)","High school diploma (Regular 12 year program)","Not in CBSA","NO","3: Mother","YES","NO","YES","NO","YES","0: 0  CONDITION DOES NOT APPLY","ALWAYS WITH RIGHT HAND","ALWAYS WITH RIGHT HAND","ALWAYS WITH RIGHT HAND","ALWAYS WITH RIGHT HAND","ALWAYS WITH LEFT HAND","1: 1  CONDITION APPLIES","1: 1  CONDITION APPLIES","NO","FEMALE","FEMALE"
1983,64735,4,1,3,33790,6,182,2,1,4,2,2,3,1,2,1,1,1,6,1,6,3,1,33,23,"Female","Non-Black / Non-Hispanic","North Central (IL, IN, IA, KS, MI, MN, MO, NE, OH, ND, SD, WI)","High school diploma (Regular 12 year program)","In CBSA, not in central city","YES","3: Mother","YES","YES","NO","NO","NO","0: 0  CONDITION DOES NOT APPLY","ALWAYS WITH RIGHT HAND","ALWAYS WITH RIGHT HAND","ALWAYS WITH RIGHT HAND","USUALLY WITH BOTH HANDS EQUALLY","ALWAYS WITH LEFT HAND","1: 1  CONDITION APPLIES","1: 1  CONDITION APPLIES","NO","MALE","MALE"
1985,64735,3,1,1,33790,5,183,1,1,1,2,4,6,2,1,1,1,2,6,2,6,1,1,30,17,"Male","Black","North Central (IL, IN, IA, KS, MI, MN, MO, NE, OH, ND, SD, WI)","GED","In CBSA, in central city","NO","3: Mother","YES","NO","NO","NO","YES","0: 0  CONDITION DOES NOT APPLY","ALWAYS WITH RIGHT HAND","ALWAYS WITH RIGHT HAND","ALWAYS WITH RIGHT HAND","ALWAYS WITH RIGHT HAND","ALWAYS WITH LEFT HAND","1: 1  CONDITION APPLIES","1: 1  CONDITION APPLIES","NO","FEMALE","MALE"
1980,64735,4,1,2,33790,6,183,1,2,3,4,4,4,2,2,2,2,1,4,3,5,1,1,29,17,"Male","Non-Black / Non-Hispanic","South (AL, AR, DE, DC, FL, GA, KY, LA, MD, MS, NC, OK, SC, TN , TX, VA, WV)","High school diploma (Regular 12 year program)","In CBSA, not in central city","NO","3: Mother","YES","NO","NO","NO","YES","0: 0  CONDITION DOES NOT APPLY","ALWAYS WITH RIGHT HAND","ALWAYS WITH RIGHT HAND","ALWAYS WITH RIGHT HAND","USUALLY WITH LEFT HAND","ALWAYS WITH LEFT HAND","1: 1  CONDITION APPLIES","1: 1  CONDITION APPLIES","NO","FEMALE","FEMALE"
1983,64735,4,1,2,42000,5,179,1,1,2,3,2,5,2,2,2,2,1,3,2,6,1,2,32,20,"Female","Black","North Central (IL, IN, IA, KS, MI, MN, MO, NE, OH, ND, SD, WI)","Bachelor's degree (BA, BS)","In CBSA, in central city","NO","3: Mother","YES","NO","NO","NO","YES","0: 0  CONDITION DOES NOT APPLY","ALWAYS WITH RIGHT HAND","ALWAYS WITH RIGHT HAND","ALWAYS WITH RIGHT HAND","ALWAYS WITH RIGHT HAND","ALWAYS WITH LEFT HAND","0: 0  CONDITION DOES NOT APPLY","0: 0  CONDITION DOES NOT APPLY","NO","FEMALE","FEMALE"
1984,64735,3,0,1,33790,5,180,1,1,2,3,2,4,2,2,1,2,1,7,2,7,1,1,29,20,"Female","Non-Black / Non-Hispanic","North Central (IL, IN, IA, KS, MI, MN, MO, NE, OH, ND, SD, WI)","Bachelor's degree (BA, BS)","In CBSA, not in central city","NO","3: Mother","NO","NO","NO","NO","YES","0: 0  CONDITION DOES NOT APPLY","ALWAYS WITH RIGHT HAND","ALWAYS WITH RIGHT HAND","ALWAYS WITH RIGHT HAND","ALWAYS WITH RIGHT HAND","ALWAYS WITH LEFT HAND","1: 1  CONDITION APPLIES","1: 1  CONDITION APPLIES","NO","MALE","FEMALE"
1982,64735,1,1,1,33790,5,183,1,1,4,3,5,3,2,2,1,2,1,3,2,5,1,1,28,21,"Female","Non-Black / Non-Hispanic","South (AL, AR, DE, DC, FL, GA, KY, LA, MD, MS, NC, OK, SC, TN , TX, VA, WV)","GED","Not in country","NO","3: Mother","NO","NO","NO","NO","YES","0: 0  CONDITION DOES NOT APPLY","ALWAYS WITH RIGHT HAND","ALWAYS WITH RIGHT HAND","ALWAYS WITH RIGHT HAND","ALWAYS WITH RIGHT HAND","ALWAYS WITH LEFT HAND","1: 1  CONDITION APPLIES","0: 0  CONDITION DOES NOT APPLY","NO","MALE","MALE"
1981,64735,2,0,5,33790,5,181,1,2,4,4,5,4,2,2,1,2,1,6,2,6,1,1,30,19,"Male","Non-Black / Non-Hispanic","West (AK, AZ, CA, CO, HI, ID, MT, NV, NM, OR, UT, WA, WY)","Bachelor's degree (BA, BS)","In CBSA, not in central city","NO","3: Mother","NO","NO","NO","NO","YES","0: 0  CONDITION DOES NOT APPLY","ALWAYS WITH RIGHT HAND","ALWAYS WITH RIGHT HAND","ALWAYS WITH RIGHT HAND","ALWAYS WITH RIGHT HAND","ALWAYS WITH LEFT HAND","1: 1  CONDITION APPLIES","1: 1  CONDITION APPLIES","NO","FEMALE","FEMALE"
1985,62221,5,1,4,33790,6,187,1,1,3,3,2,8,2,2,1,2,2,4,5,4,1,1,27,16,"Male","Hispanic","North Central (IL, IN, IA, KS, MI, MN, MO, NE, OH, ND, SD, WI)","High school diploma (Regular 12 year program)","In CBSA, not in central city","NO","3: Mother","YES","YES","NO","NO","YES","0: 0  CONDITION DOES NOT APPLY","ALWAYS WITH RIGHT HAND","ALWAYS WITH RIGHT HAND","ALWAYS WITH RIGHT HAND","ALWAYS WITH RIGHT HAND","ALWAYS WITH LEFT HAND","0: 0  CONDITION DOES NOT APPLY","0: 0  CONDITION DOES NOT APPLY","NO","FEMALE","MALE"
1981,64735,3,0,3,33790,6,180,1,2,6,3,4,4,2,2,1,2,1,5,1,6,5,5,33,25,"Male","Black","Northeast (CT, ME, MA, NH, NJ, NY, PA, RI, VT)","High school diploma (Regular 12 year program)","In CBSA, not in central city","NO","3: Mother","YES","NO","NO","NO","YES","0: 0  CONDITION DOES NOT APPLY","ALWAYS WITH RIGHT HAND","ALWAYS WITH RIGHT HAND","ALWAYS WITH RIGHT HAND","ALWAYS WITH RIGHT HAND","ALWAYS WITH LEFT HAND","1: 1  CONDITION APPLIES","1: 1  CONDITION APPLIES","NO","FEMALE","FEMALE"
1981,103000,3,0,3,33790,5,183,1,1,5,4,4,3,2,2,1,2,1,4,2,6,1,1,30,19,"Female","Non-Black / Non-Hispanic","South (AL, AR, DE, DC, FL, GA, KY, LA, MD, MS, NC, OK, SC, TN , TX, VA, WV)","High school diploma (Regular 12 year program)","In CBSA, not in central city","NO","3: Mother","NO","NO","NO","NO","YES","0: 0  CONDITION DOES NOT APPLY","ALWAYS WITH RIGHT HAND","ALWAYS WITH RIGHT HAND","ALWAYS WITH RIGHT HAND","ALWAYS WITH RIGHT HAND","ALWAYS WITH RIGHT HAND","1: 1  CONDITION APPLIES","1: 1  CONDITION APPLIES","NO","FEMALE","MALE"
1980,64735,5,1,1,33790,5,181,1,1,3,1,4,5,2,2,1,1,1,6,2,5,1,1,37,19,"Female","Non-Black / Non-Hispanic","Northeast (CT, ME, MA, NH, NJ, NY, PA, RI, VT)","Bachelor's degree (BA, BS)","In CBSA, not in central city","NO","3: Mother","NO","NO","YES","NO","YES","0: 0  CONDITION DOES NOT APPLY","ALWAYS WITH RIGHT HAND","ALWAYS WITH RIGHT HAND","ALWAYS WITH RIGHT HAND","ALWAYS WITH RIGHT HAND","ALWAYS WITH LEFT HAND","1: 1  CONDITION APPLIES","1: 1  CONDITION APPLIES","NO","FEMALE","FEMALE"
1982,64735,5,2,1,33790,5,182,1,1,2,4,3,3,2,1,1,2,1,6,2,6,1,1,26,12,"Female","Non-Black / Non-Hispanic","North Central (IL, IN, IA, KS, MI, MN, MO, NE, OH, ND, SD, WI)","Bachelor's degree (BA, BS)","Not in CBSA","NO","3: Mother","NO","NO","NO","NO","YES","0: 0  CONDITION DOES NOT APPLY","ALWAYS WITH RIGHT HAND","ALWAYS WITH RIGHT HAND","ALWAYS WITH RIGHT HAND","ALWAYS WITH RIGHT HAND","ALWAYS WITH LEFT HAND","1: 1  CONDITION APPLIES","1: 1  CONDITION APPLIES","NO","MALE","FEMALE"
1980,64735,2,1,1,33790,5,182,1,1,5,3,4,4,2,2,1,2,1,2,2,5,1,1,32,23,"Female","Non-Black / Non-Hispanic","North Central (IL, IN, IA, KS, MI, MN, MO, NE, OH, ND, SD, WI)","GED","In CBSA, in central city","NO","3: Mother","YES","NO","NO","NO","YES","0: 0  CONDITION DOES NOT APPLY","ALWAYS WITH RIGHT HAND","ALWAYS WITH RIGHT HAND","ALWAYS WITH RIGHT HAND","ALWAYS WITH RIGHT HAND","ALWAYS WITH LEFT HAND","1: 1  CONDITION APPLIES","1: 1  CONDITION APPLIES","NO","FEMALE","MALE"
1982,64735,4,0,2,33790,6,181,1,1,2,5,3,3,2,2,1,2,2,5,2,7,1,1,33,21,"Male","Non-Black / Non-Hispanic","West (AK, AZ, CA, CO, HI, ID, MT, NV, NM, OR, UT, WA, WY)","Bachelor's degree (BA, BS)","In CBSA, in central city","NO","3: Mother","NO","YES","NO","NO","YES","0: 0  CONDITION DOES NOT APPLY","ALWAYS WITH RIGHT HAND","ALWAYS WITH RIGHT HAND","ALWAYS WITH RIGHT HAND","ALWAYS WITH RIGHT HAND","ALWAYS WITH LEFT HAND","1: 1  CONDITION APPLIES","1: 1  CONDITION APPLIES","NO","FEMALE","FEMALE"
1981,64735,4,1,4,30000,5,190,1,1,1,4,5,4,2,1,1,2,1,9,2,6,1,1,29,4,"Male","Non-Black / Non-Hispanic","North Central (IL, IN, IA, KS, MI, MN, MO, NE, OH, ND, SD, WI)","GED","In CBSA, not in central city","NO","3: Mother","NO","NO","NO","NO","YES","0: 0  CONDITION DOES NOT APPLY","ALWAYS WITH RIGHT HAND","ALWAYS WITH RIGHT HAND","ALWAYS WITH RIGHT HAND","ALWAYS WITH RIGHT HAND","ALWAYS WITH LEFT HAND","1: 1  CONDITION APPLIES","1: 1  CONDITION APPLIES","NO","MALE","FEMALE"
1984,64735,3,0,1,33790,5,150,1,1,3,3,1,3,2,2,1,1,1,3,2,7,1,1,31,22,"Male","Non-Black / Non-Hispanic","West (AK, AZ, CA, CO, HI, ID, MT, NV, NM, OR, UT, WA, WY)","GED","In CBSA, not in central city","NO","3: Mother","NO","NO","NO","NO","YES","0: 0  CONDITION DOES NOT APPLY","ALWAYS WITH RIGHT HAND","ALWAYS WITH RIGHT HAND","ALWAYS WITH RIGHT HAND","ALWAYS WITH RIGHT HAND","ALWAYS WITH LEFT HAND","0: 0  CONDITION DOES NOT APPLY","1: 1  CONDITION APPLIES","NO","FEMALE","FEMALE"
1983,64735,3,0,1,33790,5,184,1,2,2,3,3,3,2,2,2,2,2,1,5,6,1,1,28,19,"Female","Black","South (AL, AR, DE, DC, FL, GA, KY, LA, MD, MS, NC, OK, SC, TN , TX, VA, WV)","High school diploma (Regular 12 year program)","In CBSA, not in central city","NO","3: Mother","YES","NO","YES","NO","YES","0: 0  CONDITION DOES NOT APPLY","ALWAYS WITH RIGHT HAND","ALWAYS WITH RIGHT HAND","ALWAYS WITH RIGHT HAND","ALWAYS WITH RIGHT HAND","ALWAYS WITH LEFT HAND","1: 1  CONDITION APPLIES","1: 1  CONDITION APPLIES","NO","FEMALE","FEMALE"
1980,64735,3,0,2,33790,5,180,1,1,4,5,1,3,2,1,2,1,1,2,1,7,1,1,30,18,"Female","Non-Black / Non-Hispanic","North Central (IL, IN, IA, KS, MI, MN, MO, NE, OH, ND, SD, WI)","None","In CBSA, in central city","NO","3: Mother","NO","NO","NO","NO","YES","0: 0  CONDITION DOES NOT APPLY","ALWAYS WITH RIGHT HAND","ALWAYS WITH RIGHT HAND","ALWAYS WITH RIGHT HAND","ALWAYS WITH RIGHT HAND","ALWAYS WITH RIGHT HAND","1: 1  CONDITION APPLIES","1: 1  CONDITION APPLIES","NO","FEMALE","MALE"
1983,64735,1,0,3,33790,6,190,2,3,3,5,5,3,2,2,2,2,1,4,7,4,1,1,34,18,"Male","Non-Black / Non-Hispanic","South (AL, AR, DE, DC, FL, GA, KY, LA, MD, MS, NC, OK, SC, TN , TX, VA, WV)","High school diploma (Regular 12 year program)","In CBSA, not in central city","NO","3: Mother","YES","YES","NO","NO","YES","0: 0  CONDITION DOES NOT APPLY","ALWAYS WITH RIGHT HAND","ALWAYS WITH RIGHT HAND","ALWAYS WITH RIGHT HAND","ALWAYS WITH RIGHT HAND","ALWAYS WITH LEFT HAND","0: 0  CONDITION DOES NOT APPLY","0: 0  CONDITION DOES NOT APPLY","NO","MALE","FEMALE"
1982,64735,5,0,1,50000,5,184,1,1,3,2,2,5,2,1,1,1,1,6,3,7,1,1,32,23,"Female","Non-Black / Non-Hispanic","North Central (IL, IN, IA, KS, MI, MN, MO, NE, OH, ND, SD, WI)","High school diploma (Regular 12 year program)","In CBSA, not in central city","NO","3: Mother","NO","YES","NO","NO","YES","0: 0  CONDITION DOES NOT APPLY","ALWAYS WITH RIGHT HAND","ALWAYS WITH RIGHT HAND","ALWAYS WITH RIGHT HAND","ALWAYS WITH RIGHT HAND","ALWAYS WITH LEFT HAND","1: 1  CONDITION APPLIES","1: 1  CONDITION APPLIES","NO","FEMALE","MALE"
1980,64735,4,1,2,52142,5,182,1,2,3,4,4,3,2,2,2,2,1,6,3,7,1,1,31,21,"Male","Non-Black / Non-Hispanic","South (AL, AR, DE, DC, FL, GA, KY, LA, MD, MS, NC, OK, SC, TN , TX, VA, WV)","Bachelor's degree (BA, BS)","In CBSA, not in central city","NO","3: Mother","YES","NO","NO","NO","YES","0: 0  CONDITION DOES NOT APPLY","ALWAYS WITH RIGHT HAND","ALWAYS WITH RIGHT HAND","DON'T DO THIS ACTIVITY","ALWAYS WITH RIGHT HAND","ALWAYS WITH LEFT HAND","1: 1  CONDITION APPLIES","1: 1  CONDITION APPLIES","NO","FEMALE","FEMALE"
1980,64735,2,0,2,38000,5,182,1,1,4,4,3,1,2,2,1,2,1,6,5,6,1,1,33,25,"Female","Non-Black / Non-Hispanic","North Central (IL, IN, IA, KS, MI, MN, MO, NE, OH, ND, SD, WI)","High school diploma (Regular 12 year program)","In CBSA, not in central city","YES","3: Mother","YES","NO","NO","NO","YES","0: 0  CONDITION DOES NOT APPLY","ALWAYS WITH RIGHT HAND","ALWAYS WITH RIGHT HAND","ALWAYS WITH RIGHT HAND","ALWAYS WITH RIGHT HAND","ALWAYS WITH LEFT HAND","1: 1  CONDITION APPLIES","1: 1  CONDITION APPLIES","NO","FEMALE","MALE"
1981,64735,4,0,1,33790,5,180,1,1,2,3,3,5,2,2,2,1,1,4,2,7,1,1,31,20,"Male","Non-Black / Non-Hispanic","South (AL, AR, DE, DC, FL, GA, KY, LA, MD, MS, NC, OK, SC, TN , TX, VA, WV)","High school diploma (Regular 12 year program)","In CBSA, in central city","NO","3: Mother","NO","YES","NO","NO","YES","0: 0  CONDITION DOES NOT APPLY","ALWAYS WITH RIGHT HAND","ALWAYS WITH RIGHT HAND","ALWAYS WITH RIGHT HAND","ALWAYS WITH RIGHT HAND","ALWAYS WITH LEFT HAND","1: 1  CONDITION APPLIES","1: 1  CONDITION APPLIES","NO","FEMALE","MALE"
1982,64735,2,0,3,33790,5,182,2,1,2,4,3,4,2,2,1,1,2,6,1,6,1,1,28,10,"Female","Black","North Central (IL, IN, IA, KS, MI, MN, MO, NE, OH, ND, SD, WI)","Bachelor's degree (BA, BS)","In CBSA, in central city","NO","3: Mother","YES","NO","YES","NO","YES","0: 0  CONDITION DOES NOT APPLY","ALWAYS WITH RIGHT HAND","ALWAYS WITH RIGHT HAND","ALWAYS WITH RIGHT HAND","ALWAYS WITH RIGHT HAND","ALWAYS WITH LEFT HAND","1: 1  CONDITION APPLIES","1: 1  CONDITION APPLIES","NO","FEMALE","FEMALE"
1980,64735,1,1,3,33790,6,275,2,2,2,5,3,2,1,2,1,2,1,2,4,4,1,1,32,17,"Male","Non-Black / Non-Hispanic","Northeast (CT, ME, MA, NH, NJ, NY, PA, RI, VT)","High school diploma (Regular 12 year program)","In CBSA, in central city","NO","3: Mother","YES","NO","NO","NO","YES","0: 0  CONDITION DOES NOT APPLY","ALWAYS WITH RIGHT HAND","USUALLY WITH BOTH HANDS EQUALLY","ALWAYS WITH RIGHT HAND","ALWAYS WITH RIGHT HAND","ALWAYS WITH LEFT HAND","1: 1  CONDITION APPLIES","1: 1  CONDITION APPLIES","YES","FEMALE","FEMALE"
1980,138000,1,0,3,33790,5,185,2,1,4,3,2,3,2,2,2,2,1,3,2,6,1,1,31,20,"Male","Non-Black / Non-Hispanic","South (AL, AR, DE, DC, FL, GA, KY, LA, MD, MS, NC, OK, SC, TN , TX, VA, WV)","High school diploma (Regular 12 year program)","In CBSA, in central city","NO","3: Mother","YES","NO","YES","NO","NO","0: 0  CONDITION DOES NOT APPLY","ALWAYS WITH RIGHT HAND","ALWAYS WITH RIGHT HAND","ALWAYS WITH RIGHT HAND","ALWAYS WITH RIGHT HAND","ALWAYS WITH LEFT HAND","1: 1  CONDITION APPLIES","1: 1  CONDITION APPLIES","NO","FEMALE","MALE"
1982,64735,4,1,1,33790,5,180,1,2,2,3,2,5,2,2,2,2,1,4,3,6,1,2,33,21,"Female","Non-Black / Non-Hispanic","North Central (IL, IN, IA, KS, MI, MN, MO, NE, OH, ND, SD, WI)","Associate/Junior college (AA)","In CBSA, not in central city","NO","3: Mother","NO","YES","NO","NO","YES","0: 0  CONDITION DOES NOT APPLY","ALWAYS WITH RIGHT HAND","ALWAYS WITH RIGHT HAND","ALWAYS WITH RIGHT HAND","ALWAYS WITH RIGHT HAND","ALWAYS WITH LEFT HAND","0: 0  CONDITION DOES NOT APPLY","1: 1  CONDITION APPLIES","NO","MALE","MALE"
1982,64735,2,0,2,33790,5,183,1,1,5,5,3,6,2,2,1,2,2,6,2,8,1,1,25,20,"Female","Non-Black / Non-Hispanic","North Central (IL, IN, IA, KS, MI, MN, MO, NE, OH, ND, SD, WI)","GED","In CBSA, in central city","NO","3: Mother","YES","NO","NO","NO","YES","0: 0  CONDITION DOES NOT APPLY","ALWAYS WITH LEFT HAND","ALWAYS WITH LEFT HAND","ALWAYS WITH LEFT HAND","ALWAYS WITH LEFT HAND","ALWAYS WITH LEFT HAND","1: 1  CONDITION APPLIES","1: 1  CONDITION APPLIES","NO","MALE","MALE"
1984,64735,4,0,2,33790,5,186,3,2,3,5,2,7,2,2,1,1,1,7,2,6,1,1,27,19,"Male","Black","West (AK, AZ, CA, CO, HI, ID, MT, NV, NM, OR, UT, WA, WY)","Associate/Junior college (AA)","In CBSA, not known","NO","3: Mother","YES","NO","NO","YES","YES","0: 0  CONDITION DOES NOT APPLY","ALWAYS WITH RIGHT HAND","DON'T DO THIS ACTIVITY","ALWAYS WITH RIGHT HAND","ALWAYS WITH RIGHT HAND","ALWAYS WITH LEFT HAND","1: 1  CONDITION APPLIES","1: 1  CONDITION APPLIES","NO","MALE","FEMALE"
1983,64735,4,0,2,33790,6,176,1,1,3,3,4,4,2,2,1,2,1,3,4,8,1,1,37,24,"Male","Non-Black / Non-Hispanic","North Central (IL, IN, IA, KS, MI, MN, MO, NE, OH, ND, SD, WI)","High school diploma (Regular 12 year program)","In CBSA, not in central city","NO","3: Mother","NO","NO","NO","NO","YES","0: 0  CONDITION DOES NOT APPLY","USUALLY WITH BOTH HANDS EQUALLY","USUALLY WITH RIGHT HAND","USUALLY WITH BOTH HANDS EQUALLY","ALWAYS WITH RIGHT HAND","ALWAYS WITH LEFT HAND","0: 0  CONDITION DOES NOT APPLY","1: 1  CONDITION APPLIES","NO","MALE","FEMALE"
1984,64735,3,1,5,28000,5,183,1,1,3,4,2,1,2,2,1,2,1,6,3,7,1,1,30,21,"Male","Black","South (AL, AR, DE, DC, FL, GA, KY, LA, MD, MS, NC, OK, SC, TN , TX, VA, WV)","High school diploma (Regular 12 year program)","In CBSA, not in central city","NO","3: Mother","YES","NO","YES","NO","YES","0: 0  CONDITION DOES NOT APPLY","ALWAYS WITH RIGHT HAND","ALWAYS WITH RIGHT HAND","ALWAYS WITH RIGHT HAND","ALWAYS WITH RIGHT HAND","ALWAYS WITH LEFT HAND","1: 1  CONDITION APPLIES","1: 1  CONDITION APPLIES","NO","FEMALE","MALE"
1980,5250,4,1,1,33790,5,183,1,2,2,4,3,5,2,1,1,1,1,3,1,7,1,1,33,19,"Female","Non-Black / Non-Hispanic","South (AL, AR, DE, DC, FL, GA, KY, LA, MD, MS, NC, OK, SC, TN , TX, VA, WV)","High school diploma (Regular 12 year program)","In CBSA, in central city","NO","3: Mother","NO","YES","NO","YES","YES","0: 0  CONDITION DOES NOT APPLY","ALWAYS WITH RIGHT HAND","ALWAYS WITH RIGHT HAND","ALWAYS WITH RIGHT HAND","ALWAYS WITH RIGHT HAND","ALWAYS WITH LEFT HAND","1: 1  CONDITION APPLIES","1: 1  CONDITION APPLIES","NO","MALE","FEMALE"
1983,64735,2,1,2,31000,6,185,1,1,3,4,2,4,2,2,1,2,1,3,4,7,1,1,21,14,"Male","Non-Black / Non-Hispanic","North Central (IL, IN, IA, KS, MI, MN, MO, NE, OH, ND, SD, WI)","High school diploma (Regular 12 year program)","Not in CBSA","NO","3: Mother","NO","YES","NO","NO","NO","0: 0  CONDITION DOES NOT APPLY","ALWAYS WITH RIGHT HAND","ALWAYS WITH RIGHT HAND","ALWAYS WITH RIGHT HAND","ALWAYS WITH RIGHT HAND","ALWAYS WITH LEFT HAND","1: 1  CONDITION APPLIES","1: 1  CONDITION APPLIES","NO","MALE","MALE"
1980,64735,4,1,2,33790,5,181,2,1,3,6,3,3,2,2,2,2,1,3,3,8,1,1,31,26,"Female","Non-Black / Non-Hispanic","South (AL, AR, DE, DC, FL, GA, KY, LA, MD, MS, NC, OK, SC, TN , TX, VA, WV)","High school diploma (Regular 12 year program)","In CBSA, not in central city","NO","3: Mother","YES","NO","NO","NO","YES","0: 0  CONDITION DOES NOT APPLY","ALWAYS WITH RIGHT HAND","ALWAYS WITH RIGHT HAND","ALWAYS WITH RIGHT HAND","ALWAYS WITH RIGHT HAND","ALWAYS WITH LEFT HAND","1: 1  CONDITION APPLIES","1: 1  CONDITION APPLIES","NO","FEMALE","MALE"
1981,64735,2,0,1,33790,5,140,1,1,7,4,1,1,1,2,1,2,1,8,4,7,1,1,30,21,"Female","Non-Black / Non-Hispanic","Northeast (CT, ME, MA, NH, NJ, NY, PA, RI, VT)","High school diploma (Regular 12 year program)","In CBSA, not in central city","NO","3: Mother","NO","NO","NO","NO","NO","0: 0  CONDITION DOES NOT APPLY","ALWAYS WITH RIGHT HAND","ALWAYS WITH RIGHT HAND","ALWAYS WITH RIGHT HAND","ALWAYS WITH RIGHT HAND","ALWAYS WITH LEFT HAND","1: 1  CONDITION APPLIES","1: 1  CONDITION APPLIES","NO","FEMALE","MALE"
1981,64735,4,1,1,33790,5,183,2,3,3,3,2,3,2,2,1,1,1,3,4,7,1,1,32,22,"Male","Non-Black / Non-Hispanic","Northeast (CT, ME, MA, NH, NJ, NY, PA, RI, VT)","GED","In CBSA, not in central city","YES","3: Mother","YES","YES","YES","YES","YES","0: 0  CONDITION DOES NOT APPLY","ALWAYS WITH RIGHT HAND","ALWAYS WITH RIGHT HAND","USUALLY WITH RIGHT HAND","ALWAYS WITH RIGHT HAND","ALWAYS WITH LEFT HAND","1: 1  CONDITION APPLIES","1: 1  CONDITION APPLIES","NO","FEMALE","MALE"
1980,64735,2,1,3,33790,5,182,1,2,5,3,5,3,2,2,2,1,2,6,4,6,1,1,32,21,"Male","Black","West (AK, AZ, CA, CO, HI, ID, MT, NV, NM, OR, UT, WA, WY)","Bachelor's degree (BA, BS)","In CBSA, not in central city","NO","3: Mother","YES","NO","YES","NO","YES","0: 0  CONDITION DOES NOT APPLY","ALWAYS WITH RIGHT HAND","ALWAYS WITH RIGHT HAND","ALWAYS WITH RIGHT HAND","ALWAYS WITH RIGHT HAND","ALWAYS WITH LEFT HAND","1: 1  CONDITION APPLIES","1: 1  CONDITION APPLIES","NO","FEMALE","MALE"
1981,64735,3,0,2,33790,5,136,1,1,1,3,4,2,1,2,1,2,1,4,2,7,1,1,31,21,"Female","Non-Black / Non-Hispanic","North Central (IL, IN, IA, KS, MI, MN, MO, NE, OH, ND, SD, WI)","Bachelor's degree (BA, BS)","In CBSA, not in central city","NO","3: Mother","NO","NO","NO","NO","YES","0: 0  CONDITION DOES NOT APPLY","ALWAYS WITH RIGHT HAND","ALWAYS WITH RIGHT HAND","ALWAYS WITH RIGHT HAND","ALWAYS WITH RIGHT HAND","ALWAYS WITH LEFT HAND","1: 1  CONDITION APPLIES","1: 1  CONDITION APPLIES","NO","MALE","FEMALE"
1984,64735,2,0,1,33790,5,181,1,1,5,3,4,5,2,2,1,2,2,3,2,5,6,1,34,19,"Male","Non-Black / Non-Hispanic","North Central (IL, IN, IA, KS, MI, MN, MO, NE, OH, ND, SD, WI)","High school diploma (Regular 12 year program)","In CBSA, in central city","NO","3: Mother","YES","NO","NO","NO","NO","0: 0  CONDITION DOES NOT APPLY","ALWAYS WITH RIGHT HAND","ALWAYS WITH RIGHT HAND","ALWAYS WITH RIGHT HAND","ALWAYS WITH RIGHT HAND","ALWAYS WITH LEFT HAND","1: 1  CONDITION APPLIES","1: 1  CONDITION APPLIES","NO","FEMALE","FEMALE"
1982,64735,1,0,1,33790,5,181,1,1,4,3,2,3,2,2,1,2,2,6,3,7,1,3,26,19,"Male","Hispanic","West (AK, AZ, CA, CO, HI, ID, MT, NV, NM, OR, UT, WA, WY)","Bachelor's degree (BA, BS)","Not in CBSA","NO","3: Mother","NO","YES","NO","NO","YES","0: 0  CONDITION DOES NOT APPLY","ALWAYS WITH RIGHT HAND","ALWAYS WITH RIGHT HAND","USUALLY WITH BOTH HANDS EQUALLY","DON'T DO THIS ACTIVITY","ALWAYS WITH LEFT HAND","1: 1  CONDITION APPLIES","1: 1  CONDITION APPLIES","YES","FEMALE","FEMALE"
1982,64735,3,0,2,33790,6,183,1,1,4,8,2,3,2,1,2,2,1,6,3,6,1,1,30,20,"Female","Non-Black / Non-Hispanic","North Central (IL, IN, IA, KS, MI, MN, MO, NE, OH, ND, SD, WI)","High school diploma (Regular 12 year program)","In CBSA, not in central city","NO","3: Mother","YES","NO","NO","NO","YES","0: 0  CONDITION DOES NOT APPLY","ALWAYS WITH RIGHT HAND","ALWAYS WITH RIGHT HAND","ALWAYS WITH RIGHT HAND","ALWAYS WITH RIGHT HAND","ALWAYS WITH LEFT HAND","1: 1  CONDITION APPLIES","1: 1  CONDITION APPLIES","NO","FEMALE","MALE"
1981,64735,3,1,3,33790,5,183,1,1,1,5,2,4,2,2,1,1,1,3,1,7,1,1,28,19,"Female","Non-Black / Non-Hispanic","South (AL, AR, DE, DC, FL, GA, KY, LA, MD, MS, NC, OK, SC, TN , TX, VA, WV)","GED","In CBSA, not in central city","NO","3: Mother","YES","NO","NO","NO","YES","0: 0  CONDITION DOES NOT APPLY","ALWAYS WITH RIGHT HAND","ALWAYS WITH RIGHT HAND","ALWAYS WITH RIGHT HAND","ALWAYS WITH RIGHT HAND","ALWAYS WITH LEFT HAND","1: 1  CONDITION APPLIES","1: 1  CONDITION APPLIES","NO","FEMALE","MALE"
1981,64735,2,0,1,33790,5,184,1,1,2,2,2,4,2,2,2,2,1,7,2,6,1,3,33,24,"Female","Black","South (AL, AR, DE, DC, FL, GA, KY, LA, MD, MS, NC, OK, SC, TN , TX, VA, WV)","Bachelor's degree (BA, BS)","In CBSA, in central city","NO","3: Mother","NO","NO","NO","NO","NO","0: 0  CONDITION DOES NOT APPLY","ALWAYS WITH RIGHT HAND","ALWAYS WITH RIGHT HAND","ALWAYS WITH RIGHT HAND","ALWAYS WITH RIGHT HAND","ALWAYS WITH LEFT HAND","1: 1  CONDITION APPLIES","1: 1  CONDITION APPLIES","NO","FEMALE","MALE"
1983,64735,4,0,3,40000,6,181,1,1,3,2,3,4,2,2,2,1,1,3,3,9,1,1,27,27,"Male","Hispanic","South (AL, AR, DE, DC, FL, GA, KY, LA, MD, MS, NC, OK, SC, TN , TX, VA, WV)","GED","In CBSA, in central city","NO","3: Mother","NO","YES","NO","NO","YES","0: 0  CONDITION DOES NOT APPLY","ALWAYS WITH RIGHT HAND","ALWAYS WITH RIGHT HAND","ALWAYS WITH RIGHT HAND","ALWAYS WITH RIGHT HAND","ALWAYS WITH RIGHT HAND","1: 1  CONDITION APPLIES","1: 1  CONDITION APPLIES","NO","FEMALE","MALE"
1984,64735,3,1,1,33790,5,185,2,1,5,3,1,5,2,2,1,2,2,4,2,7,1,1,29,20,"Male","Non-Black / Non-Hispanic","North Central (IL, IN, IA, KS, MI, MN, MO, NE, OH, ND, SD, WI)","High school diploma (Regular 12 year program)","In CBSA, not in central city","NO","3: Mother","YES","NO","YES","NO","NO","0: 0  CONDITION DOES NOT APPLY","ALWAYS WITH RIGHT HAND","ALWAYS WITH RIGHT HAND","ALWAYS WITH RIGHT HAND","ALWAYS WITH RIGHT HAND","ALWAYS WITH LEFT HAND","1: 1  CONDITION APPLIES","1: 1  CONDITION APPLIES","NO","FEMALE","FEMALE"
1980,50000,4,0,2,33790,6,185,1,1,2,3,3,4,2,2,1,2,1,5,5,3,1,1,64,28,"Male","Non-Black / Non-Hispanic","North Central (IL, IN, IA, KS, MI, MN, MO, NE, OH, ND, SD, WI)","High school diploma (Regular 12 year program)","In CBSA, not in central city","YES","3: Mother","YES","NO","YES","YES","YES","0: 0  CONDITION DOES NOT APPLY","USUALLY WITH RIGHT HAND","ALWAYS WITH RIGHT HAND","USUALLY WITH RIGHT HAND","ALWAYS WITH LEFT HAND","USUALLY WITH BOTH HANDS EQUALLY","1: 1  CONDITION APPLIES","0: 0  CONDITION DOES NOT APPLY","NO","FEMALE","MALE"
1983,64735,4,1,3,33790,5,132,1,1,3,5,2,3,1,1,1,2,1,7,2,6,1,1,27,9,"Male","Non-Black / Non-Hispanic","South (AL, AR, DE, DC, FL, GA, KY, LA, MD, MS, NC, OK, SC, TN , TX, VA, WV)","Bachelor's degree (BA, BS)","In CBSA, not in central city","NO","3: Mother","YES","NO","NO","NO","YES","0: 0  CONDITION DOES NOT APPLY","ALWAYS WITH RIGHT HAND","ALWAYS WITH RIGHT HAND","ALWAYS WITH RIGHT HAND","ALWAYS WITH RIGHT HAND","ALWAYS WITH LEFT HAND","1: 1  CONDITION APPLIES","1: 1  CONDITION APPLIES","NO","FEMALE","MALE"
1983,64735,3,0,1,33790,5,180,2,2,2,5,6,3,2,2,1,2,2,3,3,7,1,1,29,21,"Female","Hispanic","Northeast (CT, ME, MA, NH, NJ, NY, PA, RI, VT)","GED","In CBSA, not in central city","NO","3: Mother","YES","NO","NO","NO","YES","0: 0  CONDITION DOES NOT APPLY","ALWAYS WITH RIGHT HAND","ALWAYS WITH RIGHT HAND","ALWAYS WITH RIGHT HAND","ALWAYS WITH RIGHT HAND","ALWAYS WITH RIGHT HAND","1: 1  CONDITION APPLIES","1: 1  CONDITION APPLIES","NO","FEMALE","MALE"
1982,64735,3,1,3,33790,5,183,1,2,3,3,3,3,2,2,2,2,1,1,3,6,1,1,30,21,"Female","Hispanic","North Central (IL, IN, IA, KS, MI, MN, MO, NE, OH, ND, SD, WI)","Bachelor's degree (BA, BS)","In CBSA, not in central city","NO","3: Mother","YES","YES","NO","NO","YES","0: 0  CONDITION DOES NOT APPLY","ALWAYS WITH RIGHT HAND","ALWAYS WITH RIGHT HAND","ALWAYS WITH RIGHT HAND","ALWAYS WITH RIGHT HAND","ALWAYS WITH LEFT HAND","1: 1  CONDITION APPLIES","1: 1  CONDITION APPLIES","NO","FEMALE","FEMALE"
1983,64735,3,1,2,55000,5,183,1,1,2,4,1,3,2,2,1,2,2,7,1,7,1,1,30,22,"Female","Black","South (AL, AR, DE, DC, FL, GA, KY, LA, MD, MS, NC, OK, SC, TN , TX, VA, WV)","High school diploma (Regular 12 year program)","In CBSA, not in central city","NO","3: Mother","YES","NO","YES","NO","YES","0: 0  CONDITION DOES NOT APPLY","ALWAYS WITH RIGHT HAND","ALWAYS WITH RIGHT HAND","ALWAYS WITH RIGHT HAND","ALWAYS WITH RIGHT HAND","ALWAYS WITH LEFT HAND","1: 1  CONDITION APPLIES","1: 1  CONDITION APPLIES","NO","FEMALE","MALE"
1983,64735,4,1,1,14000,5,158,1,1,4,4,4,5,2,2,2,2,1,1,1,7,1,1,27,6,"Male","Black","South (AL, AR, DE, DC, FL, GA, KY, LA, MD, MS, NC, OK, SC, TN , TX, VA, WV)","High school diploma (Regular 12 year program)","In CBSA, not in central city","NO","3: Mother","YES","NO","NO","NO","YES","0: 0  CONDITION DOES NOT APPLY","ALWAYS WITH RIGHT HAND","ALWAYS WITH RIGHT HAND","USUALLY WITH BOTH HANDS EQUALLY","ALWAYS WITH RIGHT HAND","ALWAYS WITH LEFT HAND","1: 1  CONDITION APPLIES","1: 1  CONDITION APPLIES","NO","MALE","FEMALE"
1982,64735,5,1,3,33790,5,158,3,2,3,4,4,6,2,2,1,2,1,5,2,6,1,1,28,19,"Female","Non-Black / Non-Hispanic","North Central (IL, IN, IA, KS, MI, MN, MO, NE, OH, ND, SD, WI)","None","In CBSA, in central city","NO","3: Mother","YES","NO","YES","NO","YES","0: 0  CONDITION DOES NOT APPLY","ALWAYS WITH RIGHT HAND","USUALLY WITH LEFT HAND","ALWAYS WITH RIGHT HAND","ALWAYS WITH RIGHT HAND","ALWAYS WITH LEFT HAND","1: 1  CONDITION APPLIES","1: 1  CONDITION APPLIES","NO","FEMALE","FEMALE"
1984,64735,3,0,1,33790,5,183,1,1,5,4,3,3,2,2,1,1,1,5,1,6,1,1,33,23,"Male","Hispanic","North Central (IL, IN, IA, KS, MI, MN, MO, NE, OH, ND, SD, WI)","High school diploma (Regular 12 year program)","In CBSA, in central city","NO","3: Mother","YES","NO","YES","NO","YES","0: 0  CONDITION DOES NOT APPLY","ALWAYS WITH RIGHT HAND","ALWAYS WITH RIGHT HAND","ALWAYS WITH RIGHT HAND","ALWAYS WITH RIGHT HAND","ALWAYS WITH LEFT HAND","1: 1  CONDITION APPLIES","1: 1  CONDITION APPLIES","NO","FEMALE","FEMALE"
1984,100000,3,0,1,33790,5,183,1,1,1,4,2,4,1,2,1,1,1,4,2,7,1,1,31,21,"Female","Black","South (AL, AR, DE, DC, FL, GA, KY, LA, MD, MS, NC, OK, SC, TN , TX, VA, WV)","High school diploma (Regular 12 year program)","In CBSA, not in central city","NO","3: Mother","NO","YES","NO","NO","YES","0: 0  CONDITION DOES NOT APPLY","ALWAYS WITH RIGHT HAND","ALWAYS WITH RIGHT HAND","ALWAYS WITH RIGHT HAND","ALWAYS WITH RIGHT HAND","ALWAYS WITH LEFT HAND","1: 1  CONDITION APPLIES","1: 1  CONDITION APPLIES","NO","FEMALE","MALE"
1981,64735,1,0,2,33500,5,183,1,2,5,2,2,2,2,2,1,1,1,8,3,6,1,1,30,20,"Male","Hispanic","North Central (IL, IN, IA, KS, MI, MN, MO, NE, OH, ND, SD, WI)","Bachelor's degree (BA, BS)","In CBSA, in central city","NO","3: Mother","YES","NO","NO","NO","NO","0: 0  CONDITION DOES NOT APPLY","ALWAYS WITH RIGHT HAND","ALWAYS WITH RIGHT HAND","ALWAYS WITH RIGHT HAND","ALWAYS WITH RIGHT HAND","ALWAYS WITH LEFT HAND","1: 1  CONDITION APPLIES","1: 1  CONDITION APPLIES","NO","FEMALE","MALE"
1984,64735,3,0,1,33790,5,183,1,1,1,4,2,3,2,2,1,2,2,4,2,7,1,1,37,51,"Female","Non-Black / Non-Hispanic","South (AL, AR, DE, DC, FL, GA, KY, LA, MD, MS, NC, OK, SC, TN , TX, VA, WV)","Bachelor's degree (BA, BS)","In CBSA, in central city","NO","3: Mother","NO","NO","NO","NO","YES","0: 0  CONDITION DOES NOT APPLY","ALWAYS WITH RIGHT HAND","ALWAYS WITH RIGHT HAND","ALWAYS WITH RIGHT HAND","ALWAYS WITH RIGHT HAND","ALWAYS WITH LEFT HAND","1: 1  CONDITION APPLIES","1: 1  CONDITION APPLIES","NO","FEMALE","FEMALE"
1984,64735,5,1,5,33790,5,183,1,2,5,3,2,7,2,2,1,2,1,3,3,6,1,4,19,22,"Male","Non-Black / Non-Hispanic","North Central (IL, IN, IA, KS, MI, MN, MO, NE, OH, ND, SD, WI)","Bachelor's degree (BA, BS)","Not in CBSA","YES","3: Mother","NO","NO","YES","NO","NO","0: 0  CONDITION DOES NOT APPLY","ALWAYS WITH RIGHT HAND","ALWAYS WITH RIGHT HAND","ALWAYS WITH RIGHT HAND","ALWAYS WITH RIGHT HAND","ALWAYS WITH LEFT HAND","1: 1  CONDITION APPLIES","1: 1  CONDITION APPLIES","NO","FEMALE","FEMALE"
1983,64735,1,0,3,33790,5,170,1,2,2,3,4,5,2,2,1,2,1,3,2,7,1,1,36,20,"Male","Black","South (AL, AR, DE, DC, FL, GA, KY, LA, MD, MS, NC, OK, SC, TN , TX, VA, WV)","Bachelor's degree (BA, BS)","In CBSA, in central city","NO","3: Mother","NO","NO","NO","NO","YES","0: 0  CONDITION DOES NOT APPLY","ALWAYS WITH RIGHT HAND","ALWAYS WITH RIGHT HAND","ALWAYS WITH RIGHT HAND","ALWAYS WITH RIGHT HAND","ALWAYS WITH LEFT HAND","1: 1  CONDITION APPLIES","1: 1  CONDITION APPLIES","NO","FEMALE","MALE"
1983,64735,3,1,3,33790,5,181,1,1,1,3,4,4,2,2,2,2,1,3,2,7,1,1,27,18,"Female","Non-Black / Non-Hispanic","Northeast (CT, ME, MA, NH, NJ, NY, PA, RI, VT)","High school diploma (Regular 12 year program)","Not in CBSA","NO","3: Mother","YES","NO","NO","NO","YES","0: 0  CONDITION DOES NOT APPLY","ALWAYS WITH RIGHT HAND","ALWAYS WITH RIGHT HAND","ALWAYS WITH RIGHT HAND","ALWAYS WITH RIGHT HAND","ALWAYS WITH LEFT HAND","0: 0  CONDITION DOES NOT APPLY","1: 1  CONDITION APPLIES","NO","MALE","MALE"
1980,64735,3,0,2,33790,5,186,1,1,1,3,2,3,2,2,1,1,1,3,2,8,1,1,10,20,"Female","Non-Black / Non-Hispanic","South (AL, AR, DE, DC, FL, GA, KY, LA, MD, MS, NC, OK, SC, TN , TX, VA, WV)","Bachelor's degree (BA, BS)","In CBSA, not in central city","YES","3: Mother","NO","YES","YES","NO","YES","0: 0  CONDITION DOES NOT APPLY","ALWAYS WITH RIGHT HAND","ALWAYS WITH RIGHT HAND","ALWAYS WITH RIGHT HAND","ALWAYS WITH RIGHT HAND","ALWAYS WITH LEFT HAND","1: 1  CONDITION APPLIES","1: 1  CONDITION APPLIES","NO","FEMALE","MALE"
1983,64735,3,1,1,33790,6,184,1,1,2,4,2,4,2,2,1,2,2,4,2,6,1,1,32,14,"Male","Non-Black / Non-Hispanic","South (AL, AR, DE, DC, FL, GA, KY, LA, MD, MS, NC, OK, SC, TN , TX, VA, WV)","High school diploma (Regular 12 year program)","In CBSA, not in central city","NO","3: Mother","YES","NO","NO","NO","YES","0: 0  CONDITION DOES NOT APPLY","ALWAYS WITH RIGHT HAND","ALWAYS WITH RIGHT HAND","ALWAYS WITH RIGHT HAND","ALWAYS WITH RIGHT HAND","ALWAYS WITH LEFT HAND","0: 0  CONDITION DOES NOT APPLY","1: 1  CONDITION APPLIES","NO","FEMALE","MALE"
1980,17273,2,0,6,33790,5,184,1,1,2,4,2,5,2,2,1,3,2,7,2,5,1,1,33,25,"Male","Non-Black / Non-Hispanic","South (AL, AR, DE, DC, FL, GA, KY, LA, MD, MS, NC, OK, SC, TN , TX, VA, WV)","GED","In CBSA, in central city","NO","3: Mother","YES","NO","NO","NO","YES","0: 0  CONDITION DOES NOT APPLY","ALWAYS WITH RIGHT HAND","ALWAYS WITH RIGHT HAND","ALWAYS WITH RIGHT HAND","ALWAYS WITH RIGHT HAND","ALWAYS WITH RIGHT HAND","1: 1  CONDITION APPLIES","1: 1  CONDITION APPLIES","YES","MALE","FEMALE"
1982,64735,2,1,4,33790,5,160,1,1,2,4,6,5,1,2,2,2,1,3,3,8,1,1,31,21,"Male","Mixed Race (Non-Hispanic)","West (AK, AZ, CA, CO, HI, ID, MT, NV, NM, OR, UT, WA, WY)","Associate/Junior college (AA)","In CBSA, in central city","NO","3: Mother","YES","YES","NO","NO","YES","0: 0  CONDITION DOES NOT APPLY","ALWAYS WITH RIGHT HAND","ALWAYS WITH RIGHT HAND","ALWAYS WITH RIGHT HAND","ALWAYS WITH RIGHT HAND","ALWAYS WITH LEFT HAND","0: 0  CONDITION DOES NOT APPLY","1: 1  CONDITION APPLIES","NO","FEMALE","FEMALE"
1983,64735,4,1,1,33790,5,183,1,1,4,2,3,4,2,2,2,2,2,1,4,6,1,1,27,4,"Male","Black","South (AL, AR, DE, DC, FL, GA, KY, LA, MD, MS, NC, OK, SC, TN , TX, VA, WV)","Bachelor's degree (BA, BS)","In CBSA, not in central city","NO","3: Mother","YES","NO","NO","NO","YES","0: 0  CONDITION DOES NOT APPLY","ALWAYS WITH RIGHT HAND","DON'T DO THIS ACTIVITY","ALWAYS WITH RIGHT HAND","ALWAYS WITH RIGHT HAND","ALWAYS WITH LEFT HAND","1: 1  CONDITION APPLIES","1: 1  CONDITION APPLIES","NO","FEMALE","MALE"
1980,64735,5,2,4,22000,5,184,1,1,3,1,2,6,2,1,1,2,1,6,2,6,1,1,31,21,"Female","Hispanic","West (AK, AZ, CA, CO, HI, ID, MT, NV, NM, OR, UT, WA, WY)","High school diploma (Regular 12 year program)","In CBSA, not in central city","NO","3: Mother","YES","NO","NO","NO","YES","0: 0  CONDITION DOES NOT APPLY","ALWAYS WITH RIGHT HAND","ALWAYS WITH RIGHT HAND","ALWAYS WITH RIGHT HAND","ALWAYS WITH RIGHT HAND","ALWAYS WITH LEFT HAND","1: 1  CONDITION APPLIES","1: 1  CONDITION APPLIES","NO","FEMALE","MALE"
1983,64735,3,1,6,33790,5,184,1,1,2,3,3,3,2,2,1,2,1,1,6,6,1,1,27,1,"Male","Non-Black / Non-Hispanic","North Central (IL, IN, IA, KS, MI, MN, MO, NE, OH, ND, SD, WI)","High school diploma (Regular 12 year program)","In CBSA, not in central city","NO","3: Mother","YES","NO","NO","NO","YES","0: 0  CONDITION DOES NOT APPLY","ALWAYS WITH RIGHT HAND","USUALLY WITH RIGHT HAND","ALWAYS WITH RIGHT HAND","ALWAYS WITH RIGHT HAND","ALWAYS WITH LEFT HAND","1: 1  CONDITION APPLIES","1: 1  CONDITION APPLIES","NO","FEMALE","FEMALE"
1981,64735,2,0,3,33790,5,168,2,3,4,3,2,4,2,2,1,2,1,8,1,7,1,1,29,22,"Male","Non-Black / Non-Hispanic","North Central (IL, IN, IA, KS, MI, MN, MO, NE, OH, ND, SD, WI)","None","In CBSA, not in central city","NO","3: Mother","NO","NO","NO","NO","YES","0: 0  CONDITION DOES NOT APPLY","ALWAYS WITH RIGHT HAND","ALWAYS WITH RIGHT HAND","ALWAYS WITH RIGHT HAND","ALWAYS WITH RIGHT HAND","ALWAYS WITH LEFT HAND","1: 1  CONDITION APPLIES","1: 1  CONDITION APPLIES","NO","FEMALE","FEMALE"
1982,64735,3,1,4,33790,5,183,1,2,5,4,5,4,2,2,2,2,1,4,2,6,1,1,33,22,"Male","Non-Black / Non-Hispanic","North Central (IL, IN, IA, KS, MI, MN, MO, NE, OH, ND, SD, WI)","High school diploma (Regular 12 year program)","In CBSA, not in central city","NO","3: Mother","YES","NO","NO","NO","NO","0: 0  CONDITION DOES NOT APPLY","ALWAYS WITH RIGHT HAND","ALWAYS WITH RIGHT HAND","USUALLY WITH BOTH HANDS EQUALLY","ALWAYS WITH RIGHT HAND","ALWAYS WITH LEFT HAND","1: 1  CONDITION APPLIES","1: 1  CONDITION APPLIES","NO","MALE","FEMALE"
1983,64735,1,0,4,33790,5,179,1,1,2,4,1,2,1,1,1,1,2,2,3,8,1,1,29,23,"Female","Non-Black / Non-Hispanic","South (AL, AR, DE, DC, FL, GA, KY, LA, MD, MS, NC, OK, SC, TN , TX, VA, WV)","None","In CBSA, not in central city","NO","3: Mother","YES","NO","NO","NO","YES","1: 1  CONDITION APPLIES","ALWAYS WITH RIGHT HAND","ALWAYS WITH RIGHT HAND","ALWAYS WITH RIGHT HAND","ALWAYS WITH RIGHT HAND","ALWAYS WITH LEFT HAND","1: 1  CONDITION APPLIES","1: 1  CONDITION APPLIES","NO","FEMALE","FEMALE"
1980,64735,3,0,1,32000,6,182,1,1,4,3,4,8,2,1,2,1,1,2,3,7,1,1,31,20,"Male","Non-Black / Non-Hispanic","South (AL, AR, DE, DC, FL, GA, KY, LA, MD, MS, NC, OK, SC, TN , TX, VA, WV)","High school diploma (Regular 12 year program)","In CBSA, not in central city","NO","3: Mother","YES","NO","NO","NO","YES","0: 0  CONDITION DOES NOT APPLY","ALWAYS WITH RIGHT HAND","ALWAYS WITH RIGHT HAND","ALWAYS WITH RIGHT HAND","ALWAYS WITH RIGHT HAND","ALWAYS WITH LEFT HAND","1: 1  CONDITION APPLIES","1: 1  CONDITION APPLIES","NO","FEMALE","MALE"
1982,64735,2,0,1,33790,5,110,1,1,3,3,1,5,2,2,1,2,1,7,1,8,1,1,31,26,"Female","Non-Black / Non-Hispanic","West (AK, AZ, CA, CO, HI, ID, MT, NV, NM, OR, UT, WA, WY)","Master's degree (MA, MS)","In CBSA, not in central city","NO","3: Mother","YES","NO","NO","NO","NO","0: 0  CONDITION DOES NOT APPLY","ALWAYS WITH RIGHT HAND","ALWAYS WITH RIGHT HAND","ALWAYS WITH RIGHT HAND","ALWAYS WITH RIGHT HAND","ALWAYS WITH LEFT HAND","1: 1  CONDITION APPLIES","1: 1  CONDITION APPLIES","NO","MALE","MALE"
1982,64735,3,0,5,128,5,240,1,1,5,4,4,4,1,2,1,1,1,5,3,5,1,1,29,21,"Male","Non-Black / Non-Hispanic","North Central (IL, IN, IA, KS, MI, MN, MO, NE, OH, ND, SD, WI)","Master's degree (MA, MS)","In CBSA, not in central city","YES","3: Mother","YES","NO","NO","NO","NO","0: 0  CONDITION DOES NOT APPLY","ALWAYS WITH RIGHT HAND","ALWAYS WITH RIGHT HAND","ALWAYS WITH RIGHT HAND","ALWAYS WITH RIGHT HAND","ALWAYS WITH LEFT HAND","1: 1  CONDITION APPLIES","1: 1  CONDITION APPLIES","NO","FEMALE","FEMALE"
1984,80500,4,0,3,33790,5,182,2,1,3,3,2,4,1,2,2,2,1,5,2,8,1,1,28,23,"Male","Black","South (AL, AR, DE, DC, FL, GA, KY, LA, MD, MS, NC, OK, SC, TN , TX, VA, WV)","High school diploma (Regular 12 year program)","Not in CBSA","NO","3: Mother","NO","NO","YES","NO","YES","0: 0  CONDITION DOES NOT APPLY","ALWAYS WITH RIGHT HAND","ALWAYS WITH RIGHT HAND","ALWAYS WITH RIGHT HAND","ALWAYS WITH RIGHT HAND","ALWAYS WITH LEFT HAND","1: 1  CONDITION APPLIES","1: 1  CONDITION APPLIES","NO","FEMALE","MALE"
1981,64735,4,0,3,60000,5,182,1,1,5,3,5,1,1,2,2,2,1,5,2,6,1,1,32,23,"Male","Non-Black / Non-Hispanic","South (AL, AR, DE, DC, FL, GA, KY, LA, MD, MS, NC, OK, SC, TN , TX, VA, WV)","High school diploma (Regular 12 year program)","In CBSA, not in central city","NO","3: Mother","YES","NO","YES","NO","YES","0: 0  CONDITION DOES NOT APPLY","ALWAYS WITH RIGHT HAND","USUALLY WITH BOTH HANDS EQUALLY","ALWAYS WITH RIGHT HAND","ALWAYS WITH RIGHT HAND","ALWAYS WITH LEFT HAND","1: 1  CONDITION APPLIES","1: 1  CONDITION APPLIES","NO","FEMALE","FEMALE"
1983,64735,3,1,1,33790,5,181,1,1,3,2,3,3,2,2,2,1,1,5,2,7,1,1,30,24,"Male","Non-Black / Non-Hispanic","North Central (IL, IN, IA, KS, MI, MN, MO, NE, OH, ND, SD, WI)","None","In CBSA, in central city","YES","3: Mother","NO","NO","NO","NO","YES","0: 0  CONDITION DOES NOT APPLY","ALWAYS WITH RIGHT HAND","ALWAYS WITH RIGHT HAND","USUALLY WITH RIGHT HAND","ALWAYS WITH RIGHT HAND","ALWAYS WITH LEFT HAND","1: 1  CONDITION APPLIES","1: 1  CONDITION APPLIES","NO","FEMALE","MALE"
1982,64735,3,0,1,33790,5,184,2,2,1,3,2,4,2,2,1,2,1,3,4,6,1,1,32,17,"Male","Non-Black / Non-Hispanic","South (AL, AR, DE, DC, FL, GA, KY, LA, MD, MS, NC, OK, SC, TN , TX, VA, WV)","High school diploma (Regular 12 year program)","In CBSA, not in central city","NO","3: Mother","NO","NO","NO","NO","NO","0: 0  CONDITION DOES NOT APPLY","ALWAYS WITH RIGHT HAND","ALWAYS WITH RIGHT HAND","ALWAYS WITH RIGHT HAND","USUALLY WITH BOTH HANDS EQUALLY","ALWAYS WITH LEFT HAND","1: 1  CONDITION APPLIES","1: 1  CONDITION APPLIES","NO","MALE","MALE"
1981,64735,4,1,3,33790,5,182,1,1,3,4,4,3,2,2,1,1,1,3,2,7,2,1,31,21,"Female","Black","Northeast (CT, ME, MA, NH, NJ, NY, PA, RI, VT)","High school diploma (Regular 12 year program)","In CBSA, not in central city","NO","3: Mother","NO","NO","NO","NO","YES","0: 0  CONDITION DOES NOT APPLY","ALWAYS WITH RIGHT HAND","ALWAYS WITH RIGHT HAND","ALWAYS WITH RIGHT HAND","ALWAYS WITH RIGHT HAND","ALWAYS WITH LEFT HAND","1: 1  CONDITION APPLIES","1: 1  CONDITION APPLIES","NO","FEMALE","FEMALE"
1980,64735,2,0,1,33790,5,183,1,1,4,4,4,5,1,2,1,2,1,6,4,7,1,1,30,23,"Female","Non-Black / Non-Hispanic","North Central (IL, IN, IA, KS, MI, MN, MO, NE, OH, ND, SD, WI)","High school diploma (Regular 12 year program)","In CBSA, not in central city","NO","3: Mother","YES","YES","NO","NO","YES","0: 0  CONDITION DOES NOT APPLY","ALWAYS WITH RIGHT HAND","ALWAYS WITH RIGHT HAND","ALWAYS WITH RIGHT HAND","ALWAYS WITH RIGHT HAND","ALWAYS WITH LEFT HAND","1: 1  CONDITION APPLIES","0: 0  CONDITION DOES NOT APPLY","NO","FEMALE","MALE"
1984,64735,3,1,4,33790,5,185,3,2,4,3,4,2,1,2,1,2,1,2,5,7,1,1,30,23,"Female","Non-Black / Non-Hispanic","West (AK, AZ, CA, CO, HI, ID, MT, NV, NM, OR, UT, WA, WY)","None","In CBSA, in central city","YES","3: Mother","YES","NO","NO","NO","YES","0: 0  CONDITION DOES NOT APPLY","ALWAYS WITH RIGHT HAND","ALWAYS WITH RIGHT HAND","ALWAYS WITH RIGHT HAND","ALWAYS WITH RIGHT HAND","ALWAYS WITH LEFT HAND","0: 0  CONDITION DOES NOT APPLY","1: 1  CONDITION APPLIES","NO","FEMALE","FEMALE"
1983,64735,5,0,3,33790,5,130,1,2,3,2,5,1,1,2,1,2,1,4,1,7,1,1,26,23,"Female","Non-Black / Non-Hispanic","Northeast (CT, ME, MA, NH, NJ, NY, PA, RI, VT)","Associate/Junior college (AA)","In CBSA, in central city","NO","3: Mother","YES","YES","NO","NO","YES","0: 0  CONDITION DOES NOT APPLY","ALWAYS WITH RIGHT HAND","ALWAYS WITH RIGHT HAND","ALWAYS WITH RIGHT HAND","ALWAYS WITH RIGHT HAND","ALWAYS WITH LEFT HAND","0: 0  CONDITION DOES NOT APPLY","1: 1  CONDITION APPLIES","NO","MALE","MALE"
1984,64735,2,1,5,33790,5,185,1,1,3,1,3,5,2,2,1,2,2,1,2,7,2,2,7,14,"Male","Non-Black / Non-Hispanic","North Central (IL, IN, IA, KS, MI, MN, MO, NE, OH, ND, SD, WI)","High school diploma (Regular 12 year program)","In CBSA, not in central city","NO","3: Mother","NO","NO","NO","NO","NO","0: 0  CONDITION DOES NOT APPLY","ALWAYS WITH RIGHT HAND","ALWAYS WITH RIGHT HAND","ALWAYS WITH RIGHT HAND","ALWAYS WITH RIGHT HAND","ALWAYS WITH LEFT HAND","0: 0  CONDITION DOES NOT APPLY","1: 1  CONDITION APPLIES","NO","FEMALE","MALE"
1983,60000,3,1,2,33790,5,185,2,2,2,2,4,4,2,2,1,2,1,6,2,7,1,1,29,21,"Male","Non-Black / Non-Hispanic","North Central (IL, IN, IA, KS, MI, MN, MO, NE, OH, ND, SD, WI)","High school diploma (Regular 12 year program)","In CBSA, in central city","NO","3: Mother","YES","NO","NO","NO","YES","0: 0  CONDITION DOES NOT APPLY","ALWAYS WITH RIGHT HAND","ALWAYS WITH RIGHT HAND","ALWAYS WITH RIGHT HAND","ALWAYS WITH RIGHT HAND","ALWAYS WITH LEFT HAND","0: 0  CONDITION DOES NOT APPLY","1: 1  CONDITION APPLIES","NO","FEMALE","MALE"
1986,64735,3,1,1,33790,5,180,1,1,2,3,4,4,2,2,2,2,1,6,2,7,1,1,32,18,"Male","Non-Black / Non-Hispanic","West (AK, AZ, CA, CO, HI, ID, MT, NV, NM, OR, UT, WA, WY)","Bachelor's degree (BA, BS)","In CBSA, not in central city","NO","3: Mother","YES","NO","YES","NO","YES","0: 0  CONDITION DOES NOT APPLY","ALWAYS WITH RIGHT HAND","ALWAYS WITH RIGHT HAND","ALWAYS WITH RIGHT HAND","ALWAYS WITH RIGHT HAND","USUALLY WITH LEFT HAND","1: 1  CONDITION APPLIES","1: 1  CONDITION APPLIES","NO","FEMALE","FEMALE"
1982,64735,2,0,1,33790,5,183,1,1,3,4,4,3,2,2,1,2,1,6,3,7,1,1,30,23,"Female","Non-Black / Non-Hispanic","North Central (IL, IN, IA, KS, MI, MN, MO, NE, OH, ND, SD, WI)","GED","In CBSA, in central city","NO","3: Mother","YES","NO","YES","NO","YES","0: 0  CONDITION DOES NOT APPLY","ALWAYS WITH RIGHT HAND","ALWAYS WITH RIGHT HAND","ALWAYS WITH RIGHT HAND","ALWAYS WITH RIGHT HAND","ALWAYS WITH LEFT HAND","1: 1  CONDITION APPLIES","1: 1  CONDITION APPLIES","NO","FEMALE","MALE"
1986,64735,4,0,4,33790,5,185,1,1,4,3,3,3,2,1,1,1,1,1,2,6,1,1,7,22,"Male","Non-Black / Non-Hispanic","North Central (IL, IN, IA, KS, MI, MN, MO, NE, OH, ND, SD, WI)","GED","In CBSA, not in central city","YES","3: Mother","NO","YES","NO","NO","NO","0: 0  CONDITION DOES NOT APPLY","ALWAYS WITH RIGHT HAND","ALWAYS WITH RIGHT HAND","ALWAYS WITH RIGHT HAND","ALWAYS WITH RIGHT HAND","ALWAYS WITH RIGHT HAND","1: 1  CONDITION APPLIES","1: 1  CONDITION APPLIES","NO","FEMALE","FEMALE"
1983,64735,4,1,3,33790,5,180,1,3,6,3,1,5,2,2,2,2,2,1,2,8,1,1,18,18,"Male","Non-Black / Non-Hispanic","North Central (IL, IN, IA, KS, MI, MN, MO, NE, OH, ND, SD, WI)","Bachelor's degree (BA, BS)","In CBSA, not in central city","NO","3: Mother","YES","NO","YES","NO","NO","0: 0  CONDITION DOES NOT APPLY","ALWAYS WITH RIGHT HAND","ALWAYS WITH RIGHT HAND","ALWAYS WITH RIGHT HAND","ALWAYS WITH RIGHT HAND","ALWAYS WITH LEFT HAND","1: 1  CONDITION APPLIES","1: 1  CONDITION APPLIES","NO","FEMALE","MALE"
1984,64735,4,0,3,33790,6,200,2,1,2,4,7,7,2,2,1,2,1,3,3,6,1,1,36,17,"Male","Non-Black / Non-Hispanic","South (AL, AR, DE, DC, FL, GA, KY, LA, MD, MS, NC, OK, SC, TN , TX, VA, WV)","High school diploma (Regular 12 year program)","In CBSA, not in central city","YES","3: Mother","YES","NO","YES","NO","NO","0: 0  CONDITION DOES NOT APPLY","ALWAYS WITH LEFT HAND","ALWAYS WITH LEFT HAND","ALWAYS WITH LEFT HAND","ALWAYS WITH LEFT HAND","ALWAYS WITH RIGHT HAND","1: 1  CONDITION APPLIES","1: 1  CONDITION APPLIES","NO","FEMALE","FEMALE"
1981,64735,3,0,3,33790,6,180,1,2,1,2,3,2,2,2,2,2,2,2,2,5,1,1,51,27,"Male","Non-Black / Non-Hispanic","North Central (IL, IN, IA, KS, MI, MN, MO, NE, OH, ND, SD, WI)","High school diploma (Regular 12 year program)","In CBSA, in central city","YES","3: Mother","YES","NO","NO","NO","YES","0: 0  CONDITION DOES NOT APPLY","ALWAYS WITH RIGHT HAND","ALWAYS WITH RIGHT HAND","ALWAYS WITH RIGHT HAND","ALWAYS WITH RIGHT HAND","ALWAYS WITH LEFT HAND","1: 1  CONDITION APPLIES","1: 1  CONDITION APPLIES","NO","FEMALE","FEMALE"
1982,64735,3,1,2,33790,5,155,1,1,4,2,4,2,2,2,2,2,1,6,3,6,1,2,28,21,"Male","Hispanic","South (AL, AR, DE, DC, FL, GA, KY, LA, MD, MS, NC, OK, SC, TN , TX, VA, WV)","High school diploma (Regular 12 year program)","In CBSA, in central city","NO","3: Mother","YES","NO","YES","NO","YES","0: 0  CONDITION DOES NOT APPLY","USUALLY WITH RIGHT HAND","USUALLY WITH BOTH HANDS EQUALLY","ALWAYS WITH RIGHT HAND","ALWAYS WITH RIGHT HAND","USUALLY WITH LEFT HAND","1: 1  CONDITION APPLIES","1: 1  CONDITION APPLIES","NO","MALE","MALE"
1982,64735,4,0,3,33790,5,183,1,1,3,4,2,2,2,2,2,2,2,6,6,6,1,2,31,22,"Female","Black","South (AL, AR, DE, DC, FL, GA, KY, LA, MD, MS, NC, OK, SC, TN , TX, VA, WV)","High school diploma (Regular 12 year program)","In CBSA, not in central city","NO","3: Mother","NO","YES","NO","NO","NO","0: 0  CONDITION DOES NOT APPLY","ALWAYS WITH RIGHT HAND","ALWAYS WITH RIGHT HAND","ALWAYS WITH RIGHT HAND","ALWAYS WITH RIGHT HAND","ALWAYS WITH LEFT HAND","1: 1  CONDITION APPLIES","1: 1  CONDITION APPLIES","NO","FEMALE","FEMALE"
1985,64735,6,0,2,33790,5,182,1,3,1,3,5,3,2,2,2,2,2,2,2,7,1,1,37,20,"Female","Black","West (AK, AZ, CA, CO, HI, ID, MT, NV, NM, OR, UT, WA, WY)","None","In CBSA, not in central city","NO","3: Mother","YES","YES","NO","NO","YES","0: 0  CONDITION DOES NOT APPLY","ALWAYS WITH RIGHT HAND","ALWAYS WITH RIGHT HAND","ALWAYS WITH RIGHT HAND","USUALLY WITH RIGHT HAND","USUALLY WITH BOTH HANDS EQUALLY","0: 0  CONDITION DOES NOT APPLY","1: 1  CONDITION APPLIES","NO","FEMALE","MALE"
1983,64735,5,1,1,33790,5,181,1,2,4,2,5,1,2,2,1,2,1,4,2,6,1,1,27,19,"Female","Black","South (AL, AR, DE, DC, FL, GA, KY, LA, MD, MS, NC, OK, SC, TN , TX, VA, WV)","GED","In CBSA, in central city","NO","3: Mother","NO","NO","NO","NO","NO","1: 1  CONDITION APPLIES","ALWAYS WITH RIGHT HAND","ALWAYS WITH RIGHT HAND","ALWAYS WITH RIGHT HAND","ALWAYS WITH RIGHT HAND","ALWAYS WITH LEFT HAND","1: 1  CONDITION APPLIES","1: 1  CONDITION APPLIES","NO","MALE","MALE"
1985,64735,4,1,2,33790,5,183,1,3,1,8,2,2,2,2,1,2,1,6,2,7,1,1,30,20,"Female","Black","North Central (IL, IN, IA, KS, MI, MN, MO, NE, OH, ND, SD, WI)","High school diploma (Regular 12 year program)","In CBSA, not in central city","NO","3: Mother","NO","YES","NO","NO","YES","0: 0  CONDITION DOES NOT APPLY","ALWAYS WITH RIGHT HAND","ALWAYS WITH RIGHT HAND","ALWAYS WITH RIGHT HAND","ALWAYS WITH RIGHT HAND","ALWAYS WITH RIGHT HAND","1: 1  CONDITION APPLIES","1: 1  CONDITION APPLIES","NO","FEMALE","MALE"
1981,64735,5,1,1,33790,6,330,1,2,4,4,2,3,2,2,1,2,1,4,2,4,1,1,34,24,"Male","Hispanic","South (AL, AR, DE, DC, FL, GA, KY, LA, MD, MS, NC, OK, SC, TN , TX, VA, WV)","High school diploma (Regular 12 year program)","In CBSA, in central city","YES","3: Mother","YES","YES","YES","NO","NO","0: 0  CONDITION DOES NOT APPLY","ALWAYS WITH RIGHT HAND","ALWAYS WITH RIGHT HAND","ALWAYS WITH RIGHT HAND","ALWAYS WITH RIGHT HAND","ALWAYS WITH LEFT HAND","1: 1  CONDITION APPLIES","1: 1  CONDITION APPLIES","NO","FEMALE","MALE"
1981,45000,3,0,1,33790,5,181,1,1,2,2,5,5,2,2,1,2,1,6,4,6,1,2,24,16,"Female","Black","West (AK, AZ, CA, CO, HI, ID, MT, NV, NM, OR, UT, WA, WY)","Associate/Junior college (AA)","In CBSA, not in central city","NO","3: Mother","NO","NO","NO","NO","NO","0: 0  CONDITION DOES NOT APPLY","ALWAYS WITH LEFT HAND","ALWAYS WITH RIGHT HAND","ALWAYS WITH RIGHT HAND","ALWAYS WITH RIGHT HAND","ALWAYS WITH RIGHT HAND","1: 1  CONDITION APPLIES","1: 1  CONDITION APPLIES","NO","MALE","MALE"
1984,64735,1,0,2,33790,5,184,1,1,4,3,5,3,2,2,2,2,1,2,3,7,1,1,29,23,"Male","Black","South (AL, AR, DE, DC, FL, GA, KY, LA, MD, MS, NC, OK, SC, TN , TX, VA, WV)","Bachelor's degree (BA, BS)","In CBSA, not in central city","NO","3: Mother","NO","NO","NO","NO","NO","0: 0  CONDITION DOES NOT APPLY","ALWAYS WITH RIGHT HAND","ALWAYS WITH RIGHT HAND","ALWAYS WITH RIGHT HAND","ALWAYS WITH RIGHT HAND","ALWAYS WITH LEFT HAND","1: 1  CONDITION APPLIES","1: 1  CONDITION APPLIES","NO","FEMALE","MALE"
1981,25750,1,0,2,33790,5,184,1,1,4,4,4,4,2,2,1,1,2,6,3,7,1,1,8,19,"Female","Black","South (AL, AR, DE, DC, FL, GA, KY, LA, MD, MS, NC, OK, SC, TN , TX, VA, WV)","High school diploma (Regular 12 year program)","In CBSA, not in central city","NO","3: Mother","YES","YES","NO","NO","YES","0: 0  CONDITION DOES NOT APPLY","ALWAYS WITH RIGHT HAND","ALWAYS WITH RIGHT HAND","ALWAYS WITH RIGHT HAND","ALWAYS WITH RIGHT HAND","ALWAYS WITH LEFT HAND","1: 1  CONDITION APPLIES","1: 1  CONDITION APPLIES","NO","MALE","MALE"
1980,64735,2,1,2,33790,5,183,2,1,2,3,6,4,2,2,1,1,1,6,2,6,1,1,32,23,"Female","Non-Black / Non-Hispanic","Northeast (CT, ME, MA, NH, NJ, NY, PA, RI, VT)","Master's degree (MA, MS)","In CBSA, in central city","NO","3: Mother","YES","NO","NO","NO","YES","0: 0  CONDITION DOES NOT APPLY","ALWAYS WITH RIGHT HAND","ALWAYS WITH RIGHT HAND","ALWAYS WITH RIGHT HAND","ALWAYS WITH RIGHT HAND","ALWAYS WITH LEFT HAND","1: 1  CONDITION APPLIES","1: 1  CONDITION APPLIES","YES","FEMALE","FEMALE"
1983,34000,3,0,2,33790,5,181,1,2,2,4,3,1,1,2,2,2,1,4,2,7,1,1,33,22,"Male","Non-Black / Non-Hispanic","West (AK, AZ, CA, CO, HI, ID, MT, NV, NM, OR, UT, WA, WY)","High school diploma (Regular 12 year program)","In CBSA, in central city","NO","3: Mother","YES","NO","YES","NO","YES","0: 0  CONDITION DOES NOT APPLY","ALWAYS WITH RIGHT HAND","ALWAYS WITH RIGHT HAND","ALWAYS WITH RIGHT HAND","ALWAYS WITH RIGHT HAND","ALWAYS WITH LEFT HAND","0: 0  CONDITION DOES NOT APPLY","1: 1  CONDITION APPLIES","NO","FEMALE","FEMALE"
1983,64735,2,0,2,33790,5,183,1,1,1,2,2,4,2,2,1,2,1,6,2,7,1,1,33,25,"Male","Non-Black / Non-Hispanic","South (AL, AR, DE, DC, FL, GA, KY, LA, MD, MS, NC, OK, SC, TN , TX, VA, WV)","Bachelor's degree (BA, BS)","In CBSA, not in central city","YES","3: Mother","YES","NO","NO","NO","NO","0: 0  CONDITION DOES NOT APPLY","ALWAYS WITH RIGHT HAND","ALWAYS WITH RIGHT HAND","ALWAYS WITH RIGHT HAND","USUALLY WITH RIGHT HAND","ALWAYS WITH LEFT HAND","1: 1  CONDITION APPLIES","1: 1  CONDITION APPLIES","NO","MALE","MALE"
1982,11751,3,0,1,33790,5,182,1,1,3,8,2,3,2,1,1,1,1,1,1,9,1,1,33,22,"Male","Non-Black / Non-Hispanic","West (AK, AZ, CA, CO, HI, ID, MT, NV, NM, OR, UT, WA, WY)","High school diploma (Regular 12 year program)","In CBSA, not in central city","NO","3: Mother","YES","NO","NO","NO","YES","0: 0  CONDITION DOES NOT APPLY","ALWAYS WITH RIGHT HAND","ALWAYS WITH RIGHT HAND","ALWAYS WITH RIGHT HAND","ALWAYS WITH RIGHT HAND","ALWAYS WITH LEFT HAND","1: 1  CONDITION APPLIES","1: 1  CONDITION APPLIES","NO","FEMALE","FEMALE"
1982,64735,3,0,1,33790,5,184,1,1,1,4,3,3,2,1,1,2,2,10,4,7,1,1,30,20,"Male","Non-Black / Non-Hispanic","West (AK, AZ, CA, CO, HI, ID, MT, NV, NM, OR, UT, WA, WY)","GED","In CBSA, not in central city","NO","3: Mother","NO","NO","NO","NO","YES","0: 0  CONDITION DOES NOT APPLY","ALWAYS WITH RIGHT HAND","ALWAYS WITH RIGHT HAND","USUALLY WITH RIGHT HAND","ALWAYS WITH RIGHT HAND","ALWAYS WITH LEFT HAND","1: 1  CONDITION APPLIES","1: 1  CONDITION APPLIES","YES","FEMALE","MALE"
1982,64735,5,3,2,33790,6,210,1,1,3,4,4,5,2,1,1,2,1,6,2,4,1,1,30,14,"Male","Non-Black / Non-Hispanic","North Central (IL, IN, IA, KS, MI, MN, MO, NE, OH, ND, SD, WI)","Bachelor's degree (BA, BS)","In CBSA, not in central city","NO","3: Mother","YES","NO","NO","NO","YES","0: 0  CONDITION DOES NOT APPLY","ALWAYS WITH RIGHT HAND","USUALLY WITH RIGHT HAND","ALWAYS WITH RIGHT HAND","ALWAYS WITH RIGHT HAND","ALWAYS WITH LEFT HAND","0: 0  CONDITION DOES NOT APPLY","1: 1  CONDITION APPLIES","NO","FEMALE","FEMALE"
1982,64735,4,1,4,33790,6,183,1,1,2,3,2,6,2,2,1,1,1,6,4,6,1,1,30,20,"Male","Non-Black / Non-Hispanic","South (AL, AR, DE, DC, FL, GA, KY, LA, MD, MS, NC, OK, SC, TN , TX, VA, WV)","High school diploma (Regular 12 year program)","In CBSA, not in central city","NO","3: Mother","YES","NO","NO","NO","YES","0: 0  CONDITION DOES NOT APPLY","ALWAYS WITH RIGHT HAND","ALWAYS WITH RIGHT HAND","ALWAYS WITH RIGHT HAND","ALWAYS WITH RIGHT HAND","ALWAYS WITH LEFT HAND","1: 1  CONDITION APPLIES","1: 1  CONDITION APPLIES","NO","MALE","MALE"
1982,64735,2,1,3,33790,5,184,1,2,3,4,3,2,1,2,1,1,1,3,2,7,1,1,32,21,"Male","Non-Black / Non-Hispanic","North Central (IL, IN, IA, KS, MI, MN, MO, NE, OH, ND, SD, WI)","High school diploma (Regular 12 year program)","In CBSA, in central city","YES","3: Mother","YES","NO","NO","NO","YES","0: 0  CONDITION DOES NOT APPLY","ALWAYS WITH RIGHT HAND","ALWAYS WITH RIGHT HAND","ALWAYS WITH RIGHT HAND","ALWAYS WITH RIGHT HAND","ALWAYS WITH LEFT HAND","1: 1  CONDITION APPLIES","1: 1  CONDITION APPLIES","NO","MALE","MALE"
1983,64735,2,0,3,33790,5,138,1,1,3,2,6,5,2,2,1,2,1,6,1,7,1,1,32,22,"Female","Non-Black / Non-Hispanic","South (AL, AR, DE, DC, FL, GA, KY, LA, MD, MS, NC, OK, SC, TN , TX, VA, WV)","Bachelor's degree (BA, BS)","In CBSA, in central city","NO","3: Mother","YES","NO","NO","NO","YES","0: 0  CONDITION DOES NOT APPLY","ALWAYS WITH RIGHT HAND","ALWAYS WITH RIGHT HAND","ALWAYS WITH RIGHT HAND","USUALLY WITH RIGHT HAND","ALWAYS WITH LEFT HAND","1: 1  CONDITION APPLIES","1: 1  CONDITION APPLIES","NO","MALE","FEMALE"
1981,64735,3,0,1,33790,5,183,1,2,4,2,4,5,2,2,1,2,1,1,2,6,1,1,29,20,"Female","Hispanic","South (AL, AR, DE, DC, FL, GA, KY, LA, MD, MS, NC, OK, SC, TN , TX, VA, WV)","High school diploma (Regular 12 year program)","In CBSA, in central city","NO","3: Mother","YES","NO","NO","NO","YES","0: 0  CONDITION DOES NOT APPLY","ALWAYS WITH RIGHT HAND","ALWAYS WITH RIGHT HAND","ALWAYS WITH RIGHT HAND","ALWAYS WITH RIGHT HAND","ALWAYS WITH LEFT HAND","0: 0  CONDITION DOES NOT APPLY","1: 1  CONDITION APPLIES","YES","FEMALE","MALE"
1984,64735,3,1,1,33790,6,183,2,1,4,5,4,1,2,2,1,1,1,4,2,6,1,1,38,18,"Male","Black","Northeast (CT, ME, MA, NH, NJ, NY, PA, RI, VT)","High school diploma (Regular 12 year program)","In CBSA, in central city","NO","3: Mother","NO","NO","NO","NO","YES","0: 0  CONDITION DOES NOT APPLY","DON'T DO THIS ACTIVITY","DON'T DO THIS ACTIVITY","ALWAYS WITH RIGHT HAND","USUALLY WITH BOTH HANDS EQUALLY","ALWAYS WITH LEFT HAND","1: 1  CONDITION APPLIES","0: 0  CONDITION DOES NOT APPLY","NO","FEMALE","FEMALE"
1984,61000,2,1,1,33790,6,175,1,1,3,4,4,5,2,2,1,1,1,9,3,3,2,1,35,20,"Male","Non-Black / Non-Hispanic","North Central (IL, IN, IA, KS, MI, MN, MO, NE, OH, ND, SD, WI)","High school diploma (Regular 12 year program)","In CBSA, in central city","NO","3: Mother","YES","NO","YES","NO","YES","0: 0  CONDITION DOES NOT APPLY","ALWAYS WITH RIGHT HAND","ALWAYS WITH RIGHT HAND","ALWAYS WITH RIGHT HAND","ALWAYS WITH RIGHT HAND","ALWAYS WITH LEFT HAND","0: 0  CONDITION DOES NOT APPLY","1: 1  CONDITION APPLIES","NO","FEMALE","FEMALE"
1985,64735,4,0,3,33790,6,184,1,1,3,5,2,3,2,2,1,2,1,6,3,6,1,1,30,22,"Male","Non-Black / Non-Hispanic","North Central (IL, IN, IA, KS, MI, MN, MO, NE, OH, ND, SD, WI)","Bachelor's degree (BA, BS)","In CBSA, not in central city","NO","3: Mother","YES","NO","NO","NO","YES","0: 0  CONDITION DOES NOT APPLY","ALWAYS WITH RIGHT HAND","ALWAYS WITH RIGHT HAND","USUALLY WITH RIGHT HAND","ALWAYS WITH RIGHT HAND","ALWAYS WITH LEFT HAND","0: 0  CONDITION DOES NOT APPLY","1: 1  CONDITION APPLIES","NO","MALE","MALE"
1980,64735,3,1,1,33790,5,183,1,2,2,4,3,2,2,2,1,2,1,1,3,7,1,1,27,2,"Male","Non-Black / Non-Hispanic","North Central (IL, IN, IA, KS, MI, MN, MO, NE, OH, ND, SD, WI)","High school diploma (Regular 12 year program)","In CBSA, in central city","NO","3: Mother","NO","NO","NO","NO","YES","0: 0  CONDITION DOES NOT APPLY","ALWAYS WITH RIGHT HAND","ALWAYS WITH RIGHT HAND","ALWAYS WITH RIGHT HAND","ALWAYS WITH RIGHT HAND","ALWAYS WITH LEFT HAND","1: 1  CONDITION APPLIES","0: 0  CONDITION DOES NOT APPLY","NO","MALE","MALE"
1980,64735,4,0,2,33790,5,182,1,2,2,3,1,3,2,2,1,2,1,3,5,7,1,1,32,22,"Female","Hispanic","West (AK, AZ, CA, CO, HI, ID, MT, NV, NM, OR, UT, WA, WY)","High school diploma (Regular 12 year program)","In CBSA, in central city","NO","3: Mother","YES","NO","NO","NO","YES","0: 0  CONDITION DOES NOT APPLY","ALWAYS WITH RIGHT HAND","ALWAYS WITH RIGHT HAND","ALWAYS WITH RIGHT HAND","ALWAYS WITH RIGHT HAND","ALWAYS WITH LEFT HAND","1: 1  CONDITION APPLIES","1: 1  CONDITION APPLIES","YES","FEMALE","MALE"
1983,64735,2,1,3,33790,6,183,1,2,5,5,3,2,2,2,2,2,2,3,2,7,1,2,32,24,"Male","Non-Black / Non-Hispanic","South (AL, AR, DE, DC, FL, GA, KY, LA, MD, MS, NC, OK, SC, TN , TX, VA, WV)","Bachelor's degree (BA, BS)","In CBSA, in central city","NO","3: Mother","YES","NO","YES","NO","NO","0: 0  CONDITION DOES NOT APPLY","ALWAYS WITH RIGHT HAND","ALWAYS WITH RIGHT HAND","ALWAYS WITH LEFT HAND","ALWAYS WITH RIGHT HAND","ALWAYS WITH RIGHT HAND","1: 1  CONDITION APPLIES","1: 1  CONDITION APPLIES","NO","FEMALE","MALE"
1981,115250,3,0,4,33790,5,190,2,1,2,2,2,5,2,2,1,1,2,1,3,6,1,1,31,24,"Male","Non-Black / Non-Hispanic","South (AL, AR, DE, DC, FL, GA, KY, LA, MD, MS, NC, OK, SC, TN , TX, VA, WV)","High school diploma (Regular 12 year program)","In CBSA, not in central city","YES","3: Mother","NO","YES","NO","NO","YES","0: 0  CONDITION DOES NOT APPLY","ALWAYS WITH RIGHT HAND","ALWAYS WITH RIGHT HAND","ALWAYS WITH RIGHT HAND","ALWAYS WITH RIGHT HAND","ALWAYS WITH LEFT HAND","1: 1  CONDITION APPLIES","1: 1  CONDITION APPLIES","NO","FEMALE","FEMALE"
1981,64735,4,0,3,33790,6,183,1,1,2,3,1,3,2,2,1,1,1,4,1,7,1,1,28,22,"Male","Black","South (AL, AR, DE, DC, FL, GA, KY, LA, MD, MS, NC, OK, SC, TN , TX, VA, WV)","High school diploma (Regular 12 year program)","In CBSA, not in central city","NO","3: Mother","NO","NO","NO","NO","YES","0: 0  CONDITION DOES NOT APPLY","ALWAYS WITH RIGHT HAND","ALWAYS WITH RIGHT HAND","ALWAYS WITH RIGHT HAND","USUALLY WITH RIGHT HAND","ALWAYS WITH LEFT HAND","1: 1  CONDITION APPLIES","0: 0  CONDITION DOES NOT APPLY","NO","FEMALE","MALE"
1983,64735,2,1,2,33790,5,183,2,2,3,2,4,2,2,2,1,2,2,6,1,6,1,1,27,18,"Female","Non-Black / Non-Hispanic","North Central (IL, IN, IA, KS, MI, MN, MO, NE, OH, ND, SD, WI)","Master's degree (MA, MS)","In CBSA, not in central city","NO","3: Mother","YES","NO","NO","NO","NO","0: 0  CONDITION DOES NOT APPLY","ALWAYS WITH RIGHT HAND","ALWAYS WITH RIGHT HAND","ALWAYS WITH RIGHT HAND","ALWAYS WITH RIGHT HAND","ALWAYS WITH LEFT HAND","1: 1  CONDITION APPLIES","1: 1  CONDITION APPLIES","NO","FEMALE","FEMALE"
1981,37908,3,1,2,33790,5,155,1,1,5,6,4,6,2,2,2,1,2,7,1,7,1,1,31,21,"Female","Non-Black / Non-Hispanic","North Central (IL, IN, IA, KS, MI, MN, MO, NE, OH, ND, SD, WI)","None","In CBSA, not in central city","NO","3: Mother","YES","NO","NO","NO","NO","0: 0  CONDITION DOES NOT APPLY","ALWAYS WITH RIGHT HAND","ALWAYS WITH RIGHT HAND","ALWAYS WITH RIGHT HAND","ALWAYS WITH RIGHT HAND","ALWAYS WITH RIGHT HAND","1: 1  CONDITION APPLIES","1: 1  CONDITION APPLIES","NO","MALE","MALE"
1983,77000,5,1,3,33790,5,181,1,2,1,2,4,4,2,2,1,2,1,3,3,8,1,1,27,19,"Male","Non-Black / Non-Hispanic","North Central (IL, IN, IA, KS, MI, MN, MO, NE, OH, ND, SD, WI)","High school diploma (Regular 12 year program)","In CBSA, not in central city","YES","3: Mother","NO","YES","NO","NO","NO","0: 0  CONDITION DOES NOT APPLY","ALWAYS WITH RIGHT HAND","ALWAYS WITH RIGHT HAND","ALWAYS WITH RIGHT HAND","ALWAYS WITH RIGHT HAND","ALWAYS WITH LEFT HAND","1: 1  CONDITION APPLIES","1: 1  CONDITION APPLIES","NO","FEMALE","FEMALE"
1983,64735,3,0,2,33790,5,150,1,2,3,4,9,7,1,2,1,1,1,2,2,8,3,1,39,28,"Female","Black","North Central (IL, IN, IA, KS, MI, MN, MO, NE, OH, ND, SD, WI)","None","In CBSA, not in central city","NO","3: Mother","YES","NO","NO","NO","YES","0: 0  CONDITION DOES NOT APPLY","ALWAYS WITH RIGHT HAND","ALWAYS WITH RIGHT HAND","ALWAYS WITH RIGHT HAND","ALWAYS WITH RIGHT HAND","ALWAYS WITH LEFT HAND","1: 1  CONDITION APPLIES","1: 1  CONDITION APPLIES","NO","MALE","MALE"
1981,59250,3,0,1,33790,5,182,1,1,1,5,2,4,2,2,1,2,1,6,3,6,1,1,30,21,"Female","Non-Black / Non-Hispanic","North Central (IL, IN, IA, KS, MI, MN, MO, NE, OH, ND, SD, WI)","High school diploma (Regular 12 year program)","In CBSA, not in central city","NO","3: Mother","YES","NO","NO","NO","YES","0: 0  CONDITION DOES NOT APPLY","ALWAYS WITH RIGHT HAND","ALWAYS WITH RIGHT HAND","ALWAYS WITH RIGHT HAND","ALWAYS WITH RIGHT HAND","ALWAYS WITH LEFT HAND","1: 1  CONDITION APPLIES","1: 1  CONDITION APPLIES","NO","FEMALE","MALE"
1981,64735,3,1,2,12000,6,184,2,1,6,3,2,4,2,2,1,2,1,3,3,6,1,1,31,22,"Male","Non-Black / Non-Hispanic","South (AL, AR, DE, DC, FL, GA, KY, LA, MD, MS, NC, OK, SC, TN , TX, VA, WV)","High school diploma (Regular 12 year program)","In CBSA, not in central city","NO","3: Mother","YES","NO","YES","NO","NO","0: 0  CONDITION DOES NOT APPLY","ALWAYS WITH RIGHT HAND","ALWAYS WITH RIGHT HAND","ALWAYS WITH RIGHT HAND","ALWAYS WITH RIGHT HAND","ALWAYS WITH LEFT HAND","1: 1  CONDITION APPLIES","1: 1  CONDITION APPLIES","NO","FEMALE","MALE"
1980,64735,3,1,2,33790,5,182,1,1,2,2,2,1,2,2,2,2,1,3,3,7,1,1,30,3,"Male","Non-Black / Non-Hispanic","South (AL, AR, DE, DC, FL, GA, KY, LA, MD, MS, NC, OK, SC, TN , TX, VA, WV)","High school diploma (Regular 12 year program)","In CBSA, not in central city","NO","3: Mother","NO","YES","NO","NO","YES","0: 0  CONDITION DOES NOT APPLY","ALWAYS WITH RIGHT HAND","ALWAYS WITH RIGHT HAND","ALWAYS WITH RIGHT HAND","ALWAYS WITH RIGHT HAND","ALWAYS WITH LEFT HAND","1: 1  CONDITION APPLIES","0: 0  CONDITION DOES NOT APPLY","NO","FEMALE","MALE"
1982,64735,2,0,2,75000,5,108,1,1,4,3,5,3,1,2,1,1,1,6,3,7,1,1,27,22,"Female","Non-Black / Non-Hispanic","South (AL, AR, DE, DC, FL, GA, KY, LA, MD, MS, NC, OK, SC, TN , TX, VA, WV)","Associate/Junior college (AA)","In CBSA, not in central city","NO","3: Mother","NO","NO","NO","NO","YES","0: 0  CONDITION DOES NOT APPLY","ALWAYS WITH RIGHT HAND","ALWAYS WITH RIGHT HAND","ALWAYS WITH RIGHT HAND","ALWAYS WITH RIGHT HAND","USUALLY WITH RIGHT HAND","1: 1  CONDITION APPLIES","1: 1  CONDITION APPLIES","NO","MALE","FEMALE"
1984,64735,3,0,1,33790,5,181,1,1,1,4,3,3,1,2,1,1,1,6,2,7,1,1,34,29,"Female","Hispanic","South (AL, AR, DE, DC, FL, GA, KY, LA, MD, MS, NC, OK, SC, TN , TX, VA, WV)","High school diploma (Regular 12 year program)","In CBSA, in central city","YES","3: Mother","NO","YES","NO","NO","YES","0: 0  CONDITION DOES NOT APPLY","ALWAYS WITH RIGHT HAND","ALWAYS WITH RIGHT HAND","ALWAYS WITH RIGHT HAND","ALWAYS WITH RIGHT HAND","ALWAYS WITH LEFT HAND","1: 1  CONDITION APPLIES","1: 1  CONDITION APPLIES","NO","FEMALE","MALE"
1984,64735,4,0,1,33790,5,179,1,1,3,3,1,5,2,2,2,2,1,6,2,7,1,1,30,21,"Male","Non-Black / Non-Hispanic","West (AK, AZ, CA, CO, HI, ID, MT, NV, NM, OR, UT, WA, WY)","High school diploma (Regular 12 year program)","In CBSA, not in central city","NO","3: Mother","YES","NO","NO","NO","YES","0: 0  CONDITION DOES NOT APPLY","ALWAYS WITH RIGHT HAND","DON'T DO THIS ACTIVITY","ALWAYS WITH RIGHT HAND","ALWAYS WITH RIGHT HAND","ALWAYS WITH LEFT HAND","1: 1  CONDITION APPLIES","1: 1  CONDITION APPLIES","NO","FEMALE","FEMALE"
1984,64735,4,0,2,33790,5,181,2,2,2,3,2,6,2,2,2,2,1,5,1,8,1,1,31,21,"Female","Non-Black / Non-Hispanic","West (AK, AZ, CA, CO, HI, ID, MT, NV, NM, OR, UT, WA, WY)","High school diploma (Regular 12 year program)","In CBSA, in central city","NO","3: Mother","NO","NO","NO","YES","YES","0: 0  CONDITION DOES NOT APPLY","ALWAYS WITH RIGHT HAND","ALWAYS WITH RIGHT HAND","ALWAYS WITH RIGHT HAND","ALWAYS WITH RIGHT HAND","ALWAYS WITH LEFT HAND","1: 1  CONDITION APPLIES","1: 1  CONDITION APPLIES","NO","FEMALE","MALE"
1983,64735,3,1,1,33790,5,183,2,1,3,6,5,2,2,2,1,2,1,6,1,6,1,1,31,21,"Female","Non-Black / Non-Hispanic","North Central (IL, IN, IA, KS, MI, MN, MO, NE, OH, ND, SD, WI)","High school diploma (Regular 12 year program)","In CBSA, in central city","NO","3: Mother","YES","NO","NO","NO","YES","0: 0  CONDITION DOES NOT APPLY","ALWAYS WITH RIGHT HAND","ALWAYS WITH RIGHT HAND","ALWAYS WITH RIGHT HAND","ALWAYS WITH RIGHT HAND","ALWAYS WITH LEFT HAND","1: 1  CONDITION APPLIES","1: 1  CONDITION APPLIES","NO","FEMALE","FEMALE"
1981,64735,2,1,2,33790,6,185,2,1,4,3,2,3,2,2,2,2,1,1,1,6,1,2,29,20,"Male","Non-Black / Non-Hispanic","Northeast (CT, ME, MA, NH, NJ, NY, PA, RI, VT)","Bachelor's degree (BA, BS)","In CBSA, in central city","NO","3: Mother","YES","NO","NO","NO","YES","0: 0  CONDITION DOES NOT APPLY","ALWAYS WITH RIGHT HAND","ALWAYS WITH RIGHT HAND","ALWAYS WITH RIGHT HAND","ALWAYS WITH RIGHT HAND","ALWAYS WITH LEFT HAND","1: 1  CONDITION APPLIES","1: 1  CONDITION APPLIES","NO","MALE","MALE"
1981,64735,9,4,2,33790,5,181,2,1,2,5,5,6,1,2,2,2,1,2,5,6,1,1,24,8,"Female","Non-Black / Non-Hispanic","North Central (IL, IN, IA, KS, MI, MN, MO, NE, OH, ND, SD, WI)","High school diploma (Regular 12 year program)","In CBSA, in central city","NO","3: Mother","YES","NO","YES","NO","YES","0: 0  CONDITION DOES NOT APPLY","ALWAYS WITH RIGHT HAND","ALWAYS WITH RIGHT HAND","ALWAYS WITH RIGHT HAND","ALWAYS WITH RIGHT HAND","ALWAYS WITH LEFT HAND","0: 0  CONDITION DOES NOT APPLY","0: 0  CONDITION DOES NOT APPLY","NO","MALE","FEMALE"
1983,60783,4,1,1,33790,5,181,1,1,4,3,2,5,1,1,1,1,1,3,1,7,1,1,30,19,"Male","Non-Black / Non-Hispanic","Northeast (CT, ME, MA, NH, NJ, NY, PA, RI, VT)","GED","In CBSA, in central city","NO","3: Mother","NO","NO","NO","NO","YES","0: 0  CONDITION DOES NOT APPLY","ALWAYS WITH RIGHT HAND","ALWAYS WITH RIGHT HAND","ALWAYS WITH RIGHT HAND","ALWAYS WITH RIGHT HAND","ALWAYS WITH LEFT HAND","1: 1  CONDITION APPLIES","1: 1  CONDITION APPLIES","NO","MALE","FEMALE"
1981,64735,3,1,1,33790,5,183,2,2,2,6,1,4,2,2,1,2,1,3,3,7,1,1,28,12,"Female","Non-Black / Non-Hispanic","Northeast (CT, ME, MA, NH, NJ, NY, PA, RI, VT)","High school diploma (Regular 12 year program)","In CBSA, in central city","NO","3: Mother","YES","NO","NO","NO","YES","0: 0  CONDITION DOES NOT APPLY","ALWAYS WITH RIGHT HAND","ALWAYS WITH RIGHT HAND","ALWAYS WITH RIGHT HAND","ALWAYS WITH RIGHT HAND","ALWAYS WITH LEFT HAND","0: 0  CONDITION DOES NOT APPLY","1: 1  CONDITION APPLIES","YES","FEMALE","MALE"
1982,64735,3,0,1,27000,5,182,1,1,3,3,1,4,2,2,1,2,1,5,2,7,2,1,35,22,"Female","Non-Black / Non-Hispanic","West (AK, AZ, CA, CO, HI, ID, MT, NV, NM, OR, UT, WA, WY)","High school diploma (Regular 12 year program)","In CBSA, in central city","NO","3: Mother","YES","YES","NO","NO","YES","0: 0  CONDITION DOES NOT APPLY","ALWAYS WITH RIGHT HAND","ALWAYS WITH RIGHT HAND","ALWAYS WITH RIGHT HAND","ALWAYS WITH RIGHT HAND","ALWAYS WITH LEFT HAND","0: 0  CONDITION DOES NOT APPLY","1: 1  CONDITION APPLIES","NO","MALE","MALE"
1984,64735,3,0,2,33790,5,182,1,1,1,3,4,2,2,2,1,2,1,6,3,7,2,1,33,31,"Female","Black","South (AL, AR, DE, DC, FL, GA, KY, LA, MD, MS, NC, OK, SC, TN , TX, VA, WV)","High school diploma (Regular 12 year program)","In CBSA, in central city","YES","3: Mother","YES","YES","NO","NO","YES","0: 0  CONDITION DOES NOT APPLY","ALWAYS WITH RIGHT HAND","USUALLY WITH RIGHT HAND","USUALLY WITH RIGHT HAND","USUALLY WITH RIGHT HAND","ALWAYS WITH LEFT HAND","1: 1  CONDITION APPLIES","1: 1  CONDITION APPLIES","NO","FEMALE","MALE"
1983,64735,4,1,3,33790,5,177,1,2,2,2,6,3,1,1,2,2,2,1,3,8,1,1,29,17,"Male","Non-Black / Non-Hispanic","South (AL, AR, DE, DC, FL, GA, KY, LA, MD, MS, NC, OK, SC, TN , TX, VA, WV)","None","In CBSA, not in central city","NO","3: Mother","YES","YES","NO","NO","NO","0: 0  CONDITION DOES NOT APPLY","ALWAYS WITH RIGHT HAND","ALWAYS WITH RIGHT HAND","ALWAYS WITH RIGHT HAND","ALWAYS WITH RIGHT HAND","ALWAYS WITH LEFT HAND","0: 0  CONDITION DOES NOT APPLY","1: 1  CONDITION APPLIES","NO","FEMALE","MALE"
1982,64735,2,0,1,33790,5,183,1,1,5,2,3,5,2,1,1,1,1,6,3,5,1,1,30,20,"Female","Non-Black / Non-Hispanic","South (AL, AR, DE, DC, FL, GA, KY, LA, MD, MS, NC, OK, SC, TN , TX, VA, WV)","Bachelor's degree (BA, BS)","In CBSA, in central city","NO","3: Mother","YES","NO","NO","NO","YES","0: 0  CONDITION DOES NOT APPLY","ALWAYS WITH RIGHT HAND","ALWAYS WITH RIGHT HAND","ALWAYS WITH RIGHT HAND","ALWAYS WITH RIGHT HAND","ALWAYS WITH LEFT HAND","1: 1  CONDITION APPLIES","1: 1  CONDITION APPLIES","NO","FEMALE","MALE"
1982,64735,2,0,1,33790,5,181,1,1,3,4,6,2,1,2,1,2,1,6,3,6,1,1,36,23,"Female","Black","North Central (IL, IN, IA, KS, MI, MN, MO, NE, OH, ND, SD, WI)","Bachelor's degree (BA, BS)","In CBSA, not in central city","NO","3: Mother","NO","NO","NO","NO","YES","0: 0  CONDITION DOES NOT APPLY","ALWAYS WITH RIGHT HAND","ALWAYS WITH RIGHT HAND","ALWAYS WITH RIGHT HAND","ALWAYS WITH RIGHT HAND","USUALLY WITH LEFT HAND","1: 1  CONDITION APPLIES","1: 1  CONDITION APPLIES","NO","FEMALE","MALE"
1980,64735,3,0,1,33790,5,175,1,1,2,3,1,3,2,2,1,1,1,5,2,7,1,1,30,20,"Female","Non-Black / Non-Hispanic","South (AL, AR, DE, DC, FL, GA, KY, LA, MD, MS, NC, OK, SC, TN , TX, VA, WV)","GED","In CBSA, in central city","NO","3: Mother","NO","NO","NO","NO","YES","0: 0  CONDITION DOES NOT APPLY","ALWAYS WITH RIGHT HAND","ALWAYS WITH RIGHT HAND","ALWAYS WITH RIGHT HAND","ALWAYS WITH RIGHT HAND","ALWAYS WITH LEFT HAND","1: 1  CONDITION APPLIES","0: 0  CONDITION DOES NOT APPLY","NO","MALE","MALE"
1982,64735,2,0,1,33790,6,185,1,1,2,5,3,3,2,2,2,1,1,6,2,4,2,1,31,20,"Male","Non-Black / Non-Hispanic","South (AL, AR, DE, DC, FL, GA, KY, LA, MD, MS, NC, OK, SC, TN , TX, VA, WV)","High school diploma (Regular 12 year program)","In CBSA, not in central city","NO","3: Mother","YES","NO","NO","YES","YES","0: 0  CONDITION DOES NOT APPLY","ALWAYS WITH RIGHT HAND","ALWAYS WITH RIGHT HAND","ALWAYS WITH RIGHT HAND","ALWAYS WITH RIGHT HAND","ALWAYS WITH LEFT HAND","1: 1  CONDITION APPLIES","1: 1  CONDITION APPLIES","NO","FEMALE","FEMALE"
1981,64735,3,2,2,33790,5,181,1,1,3,4,1,3,2,2,2,2,1,6,1,7,2,1,29,21,"Female","Non-Black / Non-Hispanic","North Central (IL, IN, IA, KS, MI, MN, MO, NE, OH, ND, SD, WI)","High school diploma (Regular 12 year program)","In CBSA, in central city","NO","3: Mother","YES","NO","NO","NO","NO","0: 0  CONDITION DOES NOT APPLY","ALWAYS WITH RIGHT HAND","ALWAYS WITH RIGHT HAND","ALWAYS WITH RIGHT HAND","ALWAYS WITH RIGHT HAND","ALWAYS WITH LEFT HAND","1: 1  CONDITION APPLIES","1: 1  CONDITION APPLIES","NO","FEMALE","MALE"
1984,170004,4,1,4,20000,5,183,1,1,2,5,5,5,2,2,1,2,1,3,2,6,1,1,34,22,"Female","Black","Northeast (CT, ME, MA, NH, NJ, NY, PA, RI, VT)","High school diploma (Regular 12 year program)","In CBSA, not in central city","NO","3: Mother","YES","NO","NO","NO","YES","1: 1  CONDITION APPLIES","ALWAYS WITH RIGHT HAND","ALWAYS WITH RIGHT HAND","ALWAYS WITH RIGHT HAND","ALWAYS WITH RIGHT HAND","ALWAYS WITH RIGHT HAND","1: 1  CONDITION APPLIES","1: 1  CONDITION APPLIES","NO","FEMALE","FEMALE"
1982,64735,1,0,2,33790,5,184,1,1,4,4,2,6,2,2,1,2,1,6,2,7,1,1,29,20,"Male","Non-Black / Non-Hispanic","West (AK, AZ, CA, CO, HI, ID, MT, NV, NM, OR, UT, WA, WY)","Bachelor's degree (BA, BS)","In CBSA, in central city","NO","3: Mother","YES","NO","NO","NO","YES","0: 0  CONDITION DOES NOT APPLY","ALWAYS WITH RIGHT HAND","ALWAYS WITH RIGHT HAND","ALWAYS WITH RIGHT HAND","ALWAYS WITH RIGHT HAND","ALWAYS WITH LEFT HAND","0: 0  CONDITION DOES NOT APPLY","1: 1  CONDITION APPLIES","NO","MALE","MALE"
1981,64735,1,0,1,33790,6,186,1,1,6,4,2,4,2,2,2,2,1,5,3,5,1,1,33,19,"Male","Black","South (AL, AR, DE, DC, FL, GA, KY, LA, MD, MS, NC, OK, SC, TN , TX, VA, WV)","Bachelor's degree (BA, BS)","In CBSA, not in central city","NO","3: Mother","NO","NO","YES","NO","NO","0: 0  CONDITION DOES NOT APPLY","ALWAYS WITH RIGHT HAND","ALWAYS WITH RIGHT HAND","ALWAYS WITH RIGHT HAND","ALWAYS WITH RIGHT HAND","ALWAYS WITH LEFT HAND","1: 1  CONDITION APPLIES","1: 1  CONDITION APPLIES","NO","FEMALE","FEMALE"
1984,67750,4,1,3,33790,5,182,1,2,4,3,2,2,2,2,2,1,2,2,2,8,1,1,33,22,"Female","Non-Black / Non-Hispanic","South (AL, AR, DE, DC, FL, GA, KY, LA, MD, MS, NC, OK, SC, TN , TX, VA, WV)","None","In CBSA, not in central city","NO","3: Mother","NO","NO","NO","NO","YES","0: 0  CONDITION DOES NOT APPLY","ALWAYS WITH RIGHT HAND","ALWAYS WITH RIGHT HAND","ALWAYS WITH RIGHT HAND","ALWAYS WITH RIGHT HAND","ALWAYS WITH LEFT HAND","1: 1  CONDITION APPLIES","1: 1  CONDITION APPLIES","NO","MALE","MALE"
1980,64735,2,1,1,33790,5,182,1,2,2,5,4,4,2,2,1,2,1,7,2,5,1,1,34,20,"Male","Non-Black / Non-Hispanic","North Central (IL, IN, IA, KS, MI, MN, MO, NE, OH, ND, SD, WI)","GED","In CBSA, not in central city","NO","3: Mother","YES","NO","NO","NO","YES","0: 0  CONDITION DOES NOT APPLY","ALWAYS WITH RIGHT HAND","ALWAYS WITH RIGHT HAND","USUALLY WITH RIGHT HAND","ALWAYS WITH RIGHT HAND","ALWAYS WITH LEFT HAND","0: 0  CONDITION DOES NOT APPLY","1: 1  CONDITION APPLIES","NO","MALE","FEMALE"
1980,64735,3,0,1,33790,5,181,1,1,3,4,4,3,2,2,1,1,1,5,2,6,1,2,30,23,"Female","Non-Black / Non-Hispanic","North Central (IL, IN, IA, KS, MI, MN, MO, NE, OH, ND, SD, WI)","High school diploma (Regular 12 year program)","In CBSA, not in central city","YES","3: Mother","YES","NO","NO","NO","YES","0: 0  CONDITION DOES NOT APPLY","ALWAYS WITH RIGHT HAND","ALWAYS WITH RIGHT HAND","ALWAYS WITH RIGHT HAND","ALWAYS WITH RIGHT HAND","ALWAYS WITH LEFT HAND","0: 0  CONDITION DOES NOT APPLY","1: 1  CONDITION APPLIES","NO","MALE","MALE"
1980,64735,4,1,2,33790,5,182,2,1,1,2,3,1,2,2,1,2,2,6,3,8,1,1,30,20,"Female","Hispanic","South (AL, AR, DE, DC, FL, GA, KY, LA, MD, MS, NC, OK, SC, TN , TX, VA, WV)","GED","In CBSA, in central city","YES","3: Mother","NO","NO","NO","NO","YES","0: 0  CONDITION DOES NOT APPLY","DON'T DO THIS ACTIVITY","DON'T DO THIS ACTIVITY","ALWAYS WITH RIGHT HAND","ALWAYS WITH RIGHT HAND","ALWAYS WITH LEFT HAND","1: 1  CONDITION APPLIES","1: 1  CONDITION APPLIES","NO","FEMALE","FEMALE"
1984,78800,2,1,1,33790,5,185,1,2,6,5,3,4,2,2,1,2,1,4,3,6,1,1,31,15,"Female","Non-Black / Non-Hispanic","North Central (IL, IN, IA, KS, MI, MN, MO, NE, OH, ND, SD, WI)","High school diploma (Regular 12 year program)","In CBSA, not in central city","NO","3: Mother","YES","NO","NO","NO","YES","0: 0  CONDITION DOES NOT APPLY","DON'T DO THIS ACTIVITY","DON'T DO THIS ACTIVITY","DON'T DO THIS ACTIVITY","DON'T DO THIS ACTIVITY","ALWAYS WITH LEFT HAND","0: 0  CONDITION DOES NOT APPLY","1: 1  CONDITION APPLIES","NO","FEMALE","MALE"
1983,64735,4,1,1,33790,5,183,1,3,3,4,2,4,2,2,2,2,1,2,3,7,1,1,24,15,"Female","Non-Black / Non-Hispanic","South (AL, AR, DE, DC, FL, GA, KY, LA, MD, MS, NC, OK, SC, TN , TX, VA, WV)","High school diploma (Regular 12 year program)","In CBSA, not in central city","NO","3: Mother","YES","NO","NO","NO","YES","0: 0  CONDITION DOES NOT APPLY","ALWAYS WITH RIGHT HAND","ALWAYS WITH RIGHT HAND","ALWAYS WITH RIGHT HAND","ALWAYS WITH RIGHT HAND","ALWAYS WITH LEFT HAND","1: 1  CONDITION APPLIES","1: 1  CONDITION APPLIES","NO","MALE","FEMALE"
1980,64735,3,1,1,33790,6,183,2,1,3,4,4,4,2,1,1,1,1,6,3,6,1,1,33,22,"Male","Non-Black / Non-Hispanic","North Central (IL, IN, IA, KS, MI, MN, MO, NE, OH, ND, SD, WI)","High school diploma (Regular 12 year program)","In CBSA, not in central city","NO","3: Mother","YES","NO","NO","NO","NO","0: 0  CONDITION DOES NOT APPLY","ALWAYS WITH RIGHT HAND","ALWAYS WITH RIGHT HAND","USUALLY WITH RIGHT HAND","ALWAYS WITH RIGHT HAND","ALWAYS WITH LEFT HAND","1: 1  CONDITION APPLIES","1: 1  CONDITION APPLIES","NO","FEMALE","MALE"
1980,64735,5,1,2,33790,5,183,1,1,2,4,3,4,2,2,2,2,1,6,2,7,1,1,27,18,"Female","Non-Black / Non-Hispanic","South (AL, AR, DE, DC, FL, GA, KY, LA, MD, MS, NC, OK, SC, TN , TX, VA, WV)","Associate/Junior college (AA)","In CBSA, not in central city","NO","3: Mother","YES","YES","NO","NO","YES","0: 0  CONDITION DOES NOT APPLY","ALWAYS WITH RIGHT HAND","ALWAYS WITH LEFT HAND","USUALLY WITH BOTH HANDS EQUALLY","ALWAYS WITH RIGHT HAND","ALWAYS WITH RIGHT HAND","1: 1  CONDITION APPLIES","1: 1  CONDITION APPLIES","NO","FEMALE","MALE"
1982,64735,2,0,1,33790,5,181,2,1,3,4,4,4,2,2,1,1,2,4,1,7,1,1,30,21,"Male","Non-Black / Non-Hispanic","South (AL, AR, DE, DC, FL, GA, KY, LA, MD, MS, NC, OK, SC, TN , TX, VA, WV)","High school diploma (Regular 12 year program)","In CBSA, not in central city","NO","3: Mother","YES","NO","NO","NO","YES","0: 0  CONDITION DOES NOT APPLY","ALWAYS WITH RIGHT HAND","ALWAYS WITH RIGHT HAND","USUALLY WITH BOTH HANDS EQUALLY","ALWAYS WITH RIGHT HAND","ALWAYS WITH LEFT HAND","0: 0  CONDITION DOES NOT APPLY","1: 1  CONDITION APPLIES","NO","MALE","FEMALE"
1983,64735,4,1,2,33790,5,183,2,2,1,5,5,2,2,2,1,2,1,5,1,6,2,1,29,20,"Male","Non-Black / Non-Hispanic","North Central (IL, IN, IA, KS, MI, MN, MO, NE, OH, ND, SD, WI)","High school diploma (Regular 12 year program)","In CBSA, not in central city","NO","3: Mother","YES","YES","NO","NO","YES","0: 0  CONDITION DOES NOT APPLY","ALWAYS WITH RIGHT HAND","ALWAYS WITH RIGHT HAND","ALWAYS WITH RIGHT HAND","ALWAYS WITH RIGHT HAND","ALWAYS WITH LEFT HAND","1: 1  CONDITION APPLIES","1: 1  CONDITION APPLIES","NO","FEMALE","MALE"
1982,64735,3,1,3,33790,6,183,1,1,4,4,2,3,2,2,1,2,1,6,5,7,1,2,29,20,"Male","Non-Black / Non-Hispanic","West (AK, AZ, CA, CO, HI, ID, MT, NV, NM, OR, UT, WA, WY)","High school diploma (Regular 12 year program)","In CBSA, not in central city","NO","3: Mother","YES","NO","NO","NO","YES","0: 0  CONDITION DOES NOT APPLY","ALWAYS WITH RIGHT HAND","ALWAYS WITH RIGHT HAND","ALWAYS WITH RIGHT HAND","ALWAYS WITH RIGHT HAND","ALWAYS WITH LEFT HAND","1: 1  CONDITION APPLIES","0: 0  CONDITION DOES NOT APPLY","NO","FEMALE","MALE"
1984,64735,2,0,2,30277,5,181,1,2,3,3,1,1,2,2,1,2,1,5,2,6,1,1,32,21,"Female","Hispanic","South (AL, AR, DE, DC, FL, GA, KY, LA, MD, MS, NC, OK, SC, TN , TX, VA, WV)","High school diploma (Regular 12 year program)","In CBSA, in central city","NO","3: Mother","YES","NO","YES","NO","YES","0: 0  CONDITION DOES NOT APPLY","ALWAYS WITH RIGHT HAND","USUALLY WITH LEFT HAND","ALWAYS WITH RIGHT HAND","ALWAYS WITH LEFT HAND","USUALLY WITH BOTH HANDS EQUALLY","1: 1  CONDITION APPLIES","1: 1  CONDITION APPLIES","NO","FEMALE","MALE"
1983,64735,3,1,1,33790,5,182,2,2,4,4,5,5,2,2,1,2,1,7,3,8,1,1,26,5,"Female","Non-Black / Non-Hispanic","North Central (IL, IN, IA, KS, MI, MN, MO, NE, OH, ND, SD, WI)","High school diploma (Regular 12 year program)","In CBSA, not in central city","NO","3: Mother","NO","NO","YES","NO","YES","1: 1  CONDITION APPLIES","ALWAYS WITH RIGHT HAND","ALWAYS WITH RIGHT HAND","USUALLY WITH RIGHT HAND","ALWAYS WITH RIGHT HAND","USUALLY WITH LEFT HAND","0: 0  CONDITION DOES NOT APPLY","0: 0  CONDITION DOES NOT APPLY","NO","FEMALE","MALE"
1981,64735,4,1,3,33790,6,185,1,1,2,4,2,3,2,2,1,2,1,3,3,6,1,1,36,21,"Male","Hispanic","South (AL, AR, DE, DC, FL, GA, KY, LA, MD, MS, NC, OK, SC, TN , TX, VA, WV)","Bachelor's degree (BA, BS)","In CBSA, in central city","NO","3: Mother","NO","NO","NO","NO","YES","0: 0  CONDITION DOES NOT APPLY","ALWAYS WITH RIGHT HAND","ALWAYS WITH RIGHT HAND","ALWAYS WITH RIGHT HAND","USUALLY WITH BOTH HANDS EQUALLY","ALWAYS WITH RIGHT HAND","1: 1  CONDITION APPLIES","1: 1  CONDITION APPLIES","NO","FEMALE","MALE"
1982,64735,3,0,3,33790,5,135,2,1,3,5,3,3,2,1,1,1,1,5,3,6,1,1,28,23,"Male","Non-Black / Non-Hispanic","South (AL, AR, DE, DC, FL, GA, KY, LA, MD, MS, NC, OK, SC, TN , TX, VA, WV)","Bachelor's degree (BA, BS)","In CBSA, not in central city","NO","3: Mother","YES","NO","NO","NO","NO","0: 0  CONDITION DOES NOT APPLY","ALWAYS WITH RIGHT HAND","USUALLY WITH RIGHT HAND","ALWAYS WITH RIGHT HAND","ALWAYS WITH RIGHT HAND","ALWAYS WITH LEFT HAND","1: 1  CONDITION APPLIES","1: 1  CONDITION APPLIES","NO","FEMALE","MALE"
1983,72000,2,0,3,33790,5,184,1,1,2,3,2,4,2,2,1,2,1,4,1,7,1,1,31,22,"Male","Black","North Central (IL, IN, IA, KS, MI, MN, MO, NE, OH, ND, SD, WI)","Bachelor's degree (BA, BS)","In CBSA, in central city","NO","3: Mother","YES","NO","NO","NO","YES","0: 0  CONDITION DOES NOT APPLY","ALWAYS WITH LEFT HAND","ALWAYS WITH LEFT HAND","ALWAYS WITH LEFT HAND","ALWAYS WITH RIGHT HAND","ALWAYS WITH LEFT HAND","1: 1  CONDITION APPLIES","1: 1  CONDITION APPLIES","NO","FEMALE","FEMALE"
1983,35000,4,0,3,33790,5,260,2,2,4,4,3,1,2,2,1,1,1,3,3,8,1,1,29,9,"Male","Non-Black / Non-Hispanic","South (AL, AR, DE, DC, FL, GA, KY, LA, MD, MS, NC, OK, SC, TN , TX, VA, WV)","High school diploma (Regular 12 year program)","In CBSA, not in central city","NO","3: Mother","YES","NO","YES","NO","YES","0: 0  CONDITION DOES NOT APPLY","ALWAYS WITH RIGHT HAND","ALWAYS WITH RIGHT HAND","ALWAYS WITH RIGHT HAND","ALWAYS WITH RIGHT HAND","ALWAYS WITH LEFT HAND","1: 1  CONDITION APPLIES","1: 1  CONDITION APPLIES","NO","MALE","FEMALE"
1982,64735,4,1,3,33790,5,184,3,1,3,3,1,3,2,2,2,1,1,2,3,4,1,1,25,18,"Female","Non-Black / Non-Hispanic","South (AL, AR, DE, DC, FL, GA, KY, LA, MD, MS, NC, OK, SC, TN , TX, VA, WV)","None","In CBSA, not in central city","NO","3: Mother","NO","YES","NO","NO","YES","0: 0  CONDITION DOES NOT APPLY","ALWAYS WITH RIGHT HAND","ALWAYS WITH RIGHT HAND","ALWAYS WITH RIGHT HAND","ALWAYS WITH RIGHT HAND","ALWAYS WITH LEFT HAND","1: 1  CONDITION APPLIES","1: 1  CONDITION APPLIES","NO","FEMALE","FEMALE"
1982,64735,3,1,2,33790,5,183,1,1,5,1,3,5,2,2,1,2,1,6,3,6,1,1,28,21,"Female","Non-Black / Non-Hispanic","South (AL, AR, DE, DC, FL, GA, KY, LA, MD, MS, NC, OK, SC, TN , TX, VA, WV)","High school diploma (Regular 12 year program)","In CBSA, not in central city","NO","3: Mother","YES","NO","YES","NO","YES","0: 0  CONDITION DOES NOT APPLY","ALWAYS WITH RIGHT HAND","ALWAYS WITH RIGHT HAND","ALWAYS WITH RIGHT HAND","ALWAYS WITH RIGHT HAND","ALWAYS WITH LEFT HAND","0: 0  CONDITION DOES NOT APPLY","1: 1  CONDITION APPLIES","NO","MALE","MALE"
1984,64735,2,0,1,33790,5,193,1,1,2,4,6,4,2,2,1,2,2,6,3,7,2,1,33,24,"Male","Black","South (AL, AR, DE, DC, FL, GA, KY, LA, MD, MS, NC, OK, SC, TN , TX, VA, WV)","High school diploma (Regular 12 year program)","In CBSA, not in central city","NO","3: Mother","NO","NO","NO","NO","YES","0: 0  CONDITION DOES NOT APPLY","ALWAYS WITH RIGHT HAND","ALWAYS WITH LEFT HAND","USUALLY WITH BOTH HANDS EQUALLY","ALWAYS WITH RIGHT HAND","ALWAYS WITH LEFT HAND","1: 1  CONDITION APPLIES","1: 1  CONDITION APPLIES","NO","FEMALE","MALE"
1982,64735,3,1,2,33790,5,183,1,1,2,4,6,5,2,2,1,2,1,5,2,8,1,1,30,20,"Male","Non-Black / Non-Hispanic","South (AL, AR, DE, DC, FL, GA, KY, LA, MD, MS, NC, OK, SC, TN , TX, VA, WV)","High school diploma (Regular 12 year program)","In CBSA, not in central city","NO","3: Mother","YES","NO","NO","NO","YES","0: 0  CONDITION DOES NOT APPLY","ALWAYS WITH RIGHT HAND","ALWAYS WITH RIGHT HAND","ALWAYS WITH RIGHT HAND","ALWAYS WITH RIGHT HAND","ALWAYS WITH LEFT HAND","1: 1  CONDITION APPLIES","1: 1  CONDITION APPLIES","NO","FEMALE","FEMALE"
1982,64735,3,1,1,33790,5,140,1,1,1,4,4,2,2,2,1,2,1,7,2,6,1,1,30,0,"Female","Non-Black / Non-Hispanic","West (AK, AZ, CA, CO, HI, ID, MT, NV, NM, OR, UT, WA, WY)","High school diploma (Regular 12 year program)","In CBSA, in central city","NO","3: Mother","YES","NO","NO","NO","YES","0: 0  CONDITION DOES NOT APPLY","ALWAYS WITH RIGHT HAND","ALWAYS WITH RIGHT HAND","ALWAYS WITH RIGHT HAND","ALWAYS WITH RIGHT HAND","ALWAYS WITH RIGHT HAND","0: 0  CONDITION DOES NOT APPLY","1: 1  CONDITION APPLIES","NO","FEMALE","FEMALE"
1982,64735,4,1,1,33790,5,160,1,2,4,8,3,5,2,2,1,2,1,4,1,7,1,1,29,22,"Female","Non-Black / Non-Hispanic","North Central (IL, IN, IA, KS, MI, MN, MO, NE, OH, ND, SD, WI)","High school diploma (Regular 12 year program)","In CBSA, not in central city","NO","3: Mother","YES","YES","NO","NO","YES","0: 0  CONDITION DOES NOT APPLY","ALWAYS WITH RIGHT HAND","ALWAYS WITH RIGHT HAND","ALWAYS WITH RIGHT HAND","ALWAYS WITH RIGHT HAND","ALWAYS WITH LEFT HAND","0: 0  CONDITION DOES NOT APPLY","1: 1  CONDITION APPLIES","NO","FEMALE","MALE"
1982,64735,3,0,1,33790,6,275,1,1,3,3,2,4,2,2,2,1,2,4,2,6,1,1,32,20,"Male","Non-Black / Non-Hispanic","South (AL, AR, DE, DC, FL, GA, KY, LA, MD, MS, NC, OK, SC, TN , TX, VA, WV)","GED","In CBSA, not in central city","NO","3: Mother","YES","NO","NO","NO","YES","0: 0  CONDITION DOES NOT APPLY","ALWAYS WITH RIGHT HAND","ALWAYS WITH RIGHT HAND","ALWAYS WITH RIGHT HAND","ALWAYS WITH RIGHT HAND","ALWAYS WITH LEFT HAND","1: 1  CONDITION APPLIES","1: 1  CONDITION APPLIES","NO","MALE","MALE"
1981,64735,3,1,3,33790,5,183,2,2,3,4,3,2,2,2,2,2,2,5,4,6,1,1,31,18,"Female","Non-Black / Non-Hispanic","South (AL, AR, DE, DC, FL, GA, KY, LA, MD, MS, NC, OK, SC, TN , TX, VA, WV)","High school diploma (Regular 12 year program)","In CBSA, not in central city","NO","3: Mother","NO","NO","NO","NO","YES","0: 0  CONDITION DOES NOT APPLY","ALWAYS WITH RIGHT HAND","ALWAYS WITH RIGHT HAND","ALWAYS WITH RIGHT HAND","ALWAYS WITH RIGHT HAND","ALWAYS WITH LEFT HAND","1: 1  CONDITION APPLIES","1: 1  CONDITION APPLIES","NO","FEMALE","FEMALE"
1984,20000,6,2,3,33790,6,189,2,3,3,5,3,1,2,2,1,1,2,1,4,4,1,1,1,5,"Male","Black","North Central (IL, IN, IA, KS, MI, MN, MO, NE, OH, ND, SD, WI)","High school diploma (Regular 12 year program)","In CBSA, in central city","NO","3: Mother","NO","YES","NO","NO","YES","0: 0  CONDITION DOES NOT APPLY","ALWAYS WITH RIGHT HAND","ALWAYS WITH RIGHT HAND","ALWAYS WITH RIGHT HAND","ALWAYS WITH RIGHT HAND","ALWAYS WITH LEFT HAND","1: 1  CONDITION APPLIES","1: 1  CONDITION APPLIES","NO","FEMALE","MALE"
1983,64735,2,2,3,33790,5,184,1,1,3,3,3,6,1,2,1,1,1,6,2,8,1,1,8,11,"Female","Black","South (AL, AR, DE, DC, FL, GA, KY, LA, MD, MS, NC, OK, SC, TN , TX, VA, WV)","Associate/Junior college (AA)","In CBSA, not in central city","NO","3: Mother","NO","NO","NO","NO","YES","0: 0  CONDITION DOES NOT APPLY","ALWAYS WITH LEFT HAND","ALWAYS WITH LEFT HAND","ALWAYS WITH LEFT HAND","ALWAYS WITH LEFT HAND","ALWAYS WITH RIGHT HAND","1: 1  CONDITION APPLIES","1: 1  CONDITION APPLIES","NO","FEMALE","MALE"
1982,64735,3,1,1,33790,5,184,1,2,3,5,2,2,2,2,1,2,1,4,1,6,1,1,36,23,"Female","Non-Black / Non-Hispanic","West (AK, AZ, CA, CO, HI, ID, MT, NV, NM, OR, UT, WA, WY)","High school diploma (Regular 12 year program)","Not in country","NO","3: Mother","YES","NO","NO","NO","NO","0: 0  CONDITION DOES NOT APPLY","ALWAYS WITH RIGHT HAND","ALWAYS WITH RIGHT HAND","USUALLY WITH RIGHT HAND","ALWAYS WITH RIGHT HAND","ALWAYS WITH LEFT HAND","1: 1  CONDITION APPLIES","1: 1  CONDITION APPLIES","NO","FEMALE","MALE"
1982,64735,6,3,2,33790,5,185,1,1,4,5,3,5,1,2,2,2,2,5,2,4,1,1,18,6,"Male","Black","North Central (IL, IN, IA, KS, MI, MN, MO, NE, OH, ND, SD, WI)","High school diploma (Regular 12 year program)","In CBSA, not in central city","NO","3: Mother","YES","NO","NO","NO","YES","0: 0  CONDITION DOES NOT APPLY","ALWAYS WITH RIGHT HAND","ALWAYS WITH RIGHT HAND","USUALLY WITH BOTH HANDS EQUALLY","ALWAYS WITH RIGHT HAND","ALWAYS WITH LEFT HAND","1: 1  CONDITION APPLIES","1: 1  CONDITION APPLIES","NO","MALE","FEMALE"
1980,64735,3,0,2,33790,5,184,2,1,5,5,4,4,2,2,1,2,1,6,2,6,1,1,30,18,"Male","Non-Black / Non-Hispanic","North Central (IL, IN, IA, KS, MI, MN, MO, NE, OH, ND, SD, WI)","High school diploma (Regular 12 year program)","In CBSA, in central city","NO","3: Mother","YES","NO","YES","NO","YES","0: 0  CONDITION DOES NOT APPLY","ALWAYS WITH RIGHT HAND","ALWAYS WITH RIGHT HAND","ALWAYS WITH RIGHT HAND","ALWAYS WITH RIGHT HAND","ALWAYS WITH RIGHT HAND","1: 1  CONDITION APPLIES","1: 1  CONDITION APPLIES","NO","FEMALE","FEMALE"
1983,12000,3,1,5,33790,5,186,2,1,3,4,2,4,2,1,2,2,1,2,6,7,1,1,4,10,"Female","Black","Northeast (CT, ME, MA, NH, NJ, NY, PA, RI, VT)","GED","In CBSA, in central city","NO","3: Mother","NO","YES","NO","NO","YES","0: 0  CONDITION DOES NOT APPLY","ALWAYS WITH RIGHT HAND","ALWAYS WITH RIGHT HAND","ALWAYS WITH RIGHT HAND","ALWAYS WITH RIGHT HAND","ALWAYS WITH LEFT HAND","1: 1  CONDITION APPLIES","1: 1  CONDITION APPLIES","NO","MALE","FEMALE"
1985,15000,5,0,2,33790,5,181,1,1,2,3,2,2,2,2,1,2,1,5,1,7,1,1,28,20,"Male","Non-Black / Non-Hispanic","Northeast (CT, ME, MA, NH, NJ, NY, PA, RI, VT)","High school diploma (Regular 12 year program)","In CBSA, not in central city","NO","3: Mother","NO","YES","NO","NO","NO","0: 0  CONDITION DOES NOT APPLY","ALWAYS WITH RIGHT HAND","ALWAYS WITH RIGHT HAND","ALWAYS WITH RIGHT HAND","ALWAYS WITH RIGHT HAND","ALWAYS WITH LEFT HAND","1: 1  CONDITION APPLIES","1: 1  CONDITION APPLIES","NO","FEMALE","FEMALE"
1984,41750,3,0,2,33790,5,164,1,1,2,3,2,4,2,2,2,2,1,4,1,5,1,1,31,21,"Female","Non-Black / Non-Hispanic","South (AL, AR, DE, DC, FL, GA, KY, LA, MD, MS, NC, OK, SC, TN , TX, VA, WV)","High school diploma (Regular 12 year program)","In CBSA, not in central city","NO","3: Mother","YES","NO","NO","NO","YES","0: 0  CONDITION DOES NOT APPLY","ALWAYS WITH RIGHT HAND","USUALLY WITH RIGHT HAND","ALWAYS WITH LEFT HAND","ALWAYS WITH RIGHT HAND","ALWAYS WITH LEFT HAND","1: 1  CONDITION APPLIES","1: 1  CONDITION APPLIES","NO","MALE","MALE"
1983,64735,3,0,4,33790,6,184,1,1,3,2,2,4,2,2,1,2,1,7,3,6,1,1,24,21,"Female","Black","South (AL, AR, DE, DC, FL, GA, KY, LA, MD, MS, NC, OK, SC, TN , TX, VA, WV)","GED","In CBSA, in central city","NO","3: Mother","NO","YES","NO","NO","YES","0: 0  CONDITION DOES NOT APPLY","ALWAYS WITH RIGHT HAND","ALWAYS WITH RIGHT HAND","ALWAYS WITH RIGHT HAND","ALWAYS WITH RIGHT HAND","ALWAYS WITH LEFT HAND","1: 1  CONDITION APPLIES","1: 1  CONDITION APPLIES","NO","FEMALE","MALE"
1980,64735,4,0,3,23000,5,183,2,2,2,4,1,4,2,1,2,1,1,4,1,7,1,1,31,19,"Female","Non-Black / Non-Hispanic","North Central (IL, IN, IA, KS, MI, MN, MO, NE, OH, ND, SD, WI)","High school diploma (Regular 12 year program)","In CBSA, not in central city","NO","3: Mother","NO","NO","NO","NO","YES","0: 0  CONDITION DOES NOT APPLY","ALWAYS WITH RIGHT HAND","ALWAYS WITH RIGHT HAND","ALWAYS WITH RIGHT HAND","ALWAYS WITH RIGHT HAND","ALWAYS WITH LEFT HAND","1: 1  CONDITION APPLIES","1: 1  CONDITION APPLIES","NO","MALE","MALE"
1981,64735,3,0,2,33790,5,181,1,1,5,3,3,10,2,1,1,1,1,6,1,9,6,1,31,23,"Male","Non-Black / Non-Hispanic","South (AL, AR, DE, DC, FL, GA, KY, LA, MD, MS, NC, OK, SC, TN , TX, VA, WV)","Bachelor's degree (BA, BS)","In CBSA, in central city","NO","3: Mother","NO","NO","NO","NO","NO","0: 0  CONDITION DOES NOT APPLY","ALWAYS WITH RIGHT HAND","ALWAYS WITH RIGHT HAND","ALWAYS WITH RIGHT HAND","ALWAYS WITH RIGHT HAND","ALWAYS WITH LEFT HAND","1: 1  CONDITION APPLIES","1: 1  CONDITION APPLIES","NO","FEMALE","MALE"
1983,64735,3,0,3,33790,5,184,1,1,2,3,2,5,2,2,2,2,1,1,3,6,1,1,30,21,"Male","Black","South (AL, AR, DE, DC, FL, GA, KY, LA, MD, MS, NC, OK, SC, TN , TX, VA, WV)","High school diploma (Regular 12 year program)","In CBSA, not in central city","NO","3: Mother","NO","YES","NO","NO","YES","0: 0  CONDITION DOES NOT APPLY","ALWAYS WITH RIGHT HAND","ALWAYS WITH RIGHT HAND","ALWAYS WITH RIGHT HAND","ALWAYS WITH RIGHT HAND","ALWAYS WITH LEFT HAND","1: 1  CONDITION APPLIES","1: 1  CONDITION APPLIES","NO","FEMALE","MALE"
1982,64735,3,0,3,33790,5,183,1,1,1,1,2,2,2,2,1,2,1,8,5,7,1,1,31,19,"Female","Black","North Central (IL, IN, IA, KS, MI, MN, MO, NE, OH, ND, SD, WI)","High school diploma (Regular 12 year program)","In CBSA, in central city","NO","3: Mother","NO","YES","NO","NO","YES","0: 0  CONDITION DOES NOT APPLY","ALWAYS WITH RIGHT HAND","ALWAYS WITH RIGHT HAND","ALWAYS WITH RIGHT HAND","ALWAYS WITH RIGHT HAND","ALWAYS WITH LEFT HAND","1: 1  CONDITION APPLIES","1: 1  CONDITION APPLIES","NO","FEMALE","FEMALE"
1982,3250,1,0,6,33790,5,220,2,1,1,4,3,1,2,2,2,2,2,8,5,6,1,1,32,24,"Male","Non-Black / Non-Hispanic","North Central (IL, IN, IA, KS, MI, MN, MO, NE, OH, ND, SD, WI)","High school diploma (Regular 12 year program)","In CBSA, not in central city","NO","3: Mother","NO","NO","YES","NO","YES","0: 0  CONDITION DOES NOT APPLY","ALWAYS WITH RIGHT HAND","ALWAYS WITH RIGHT HAND","ALWAYS WITH RIGHT HAND","ALWAYS WITH RIGHT HAND","ALWAYS WITH LEFT HAND","1: 1  CONDITION APPLIES","1: 1  CONDITION APPLIES","NO","MALE","FEMALE"
1982,64735,3,1,1,33790,5,179,1,1,3,3,4,6,2,1,1,2,1,3,3,7,1,1,30,20,"Female","Non-Black / Non-Hispanic","North Central (IL, IN, IA, KS, MI, MN, MO, NE, OH, ND, SD, WI)","GED","In CBSA, in central city","NO","3: Mother","YES","YES","NO","NO","YES","0: 0  CONDITION DOES NOT APPLY","ALWAYS WITH RIGHT HAND","ALWAYS WITH RIGHT HAND","ALWAYS WITH RIGHT HAND","ALWAYS WITH RIGHT HAND","ALWAYS WITH LEFT HAND","1: 1  CONDITION APPLIES","0: 0  CONDITION DOES NOT APPLY","NO","MALE","FEMALE"
1982,107360,3,1,1,33790,5,181,2,1,5,4,3,4,2,2,1,2,1,4,3,6,1,1,33,18,"Female","Non-Black / Non-Hispanic","South (AL, AR, DE, DC, FL, GA, KY, LA, MD, MS, NC, OK, SC, TN , TX, VA, WV)","High school diploma (Regular 12 year program)","In CBSA, not in central city","NO","3: Mother","YES","NO","NO","NO","YES","0: 0  CONDITION DOES NOT APPLY","ALWAYS WITH RIGHT HAND","ALWAYS WITH RIGHT HAND","ALWAYS WITH RIGHT HAND","ALWAYS WITH RIGHT HAND","USUALLY WITH LEFT HAND","1: 1  CONDITION APPLIES","1: 1  CONDITION APPLIES","NO","MALE","FEMALE"
1983,63000,3,1,3,13000,5,150,1,2,2,4,5,5,2,1,1,1,1,6,2,7,1,1,33,22,"Male","Hispanic","West (AK, AZ, CA, CO, HI, ID, MT, NV, NM, OR, UT, WA, WY)","Associate/Junior college (AA)","In CBSA, in central city","NO","3: Mother","YES","NO","NO","NO","YES","0: 0  CONDITION DOES NOT APPLY","ALWAYS WITH RIGHT HAND","ALWAYS WITH RIGHT HAND","ALWAYS WITH RIGHT HAND","USUALLY WITH BOTH HANDS EQUALLY","ALWAYS WITH LEFT HAND","0: 0  CONDITION DOES NOT APPLY","1: 1  CONDITION APPLIES","NO","FEMALE","MALE"
1982,64735,3,1,2,21000,6,182,1,1,3,3,2,5,1,2,1,1,1,5,3,6,1,1,53,28,"Male","Non-Black / Non-Hispanic","North Central (IL, IN, IA, KS, MI, MN, MO, NE, OH, ND, SD, WI)","High school diploma (Regular 12 year program)","In CBSA, in central city","YES","3: Mother","YES","NO","NO","NO","YES","0: 0  CONDITION DOES NOT APPLY","ALWAYS WITH RIGHT HAND","ALWAYS WITH RIGHT HAND","ALWAYS WITH RIGHT HAND","ALWAYS WITH RIGHT HAND","ALWAYS WITH LEFT HAND","1: 1  CONDITION APPLIES","1: 1  CONDITION APPLIES","NO","FEMALE","MALE"
1981,64735,2,0,3,35000,5,183,1,1,5,4,6,5,2,2,1,2,1,4,1,7,1,1,30,22,"Male","Black","South (AL, AR, DE, DC, FL, GA, KY, LA, MD, MS, NC, OK, SC, TN , TX, VA, WV)","GED","In CBSA, in central city","NO","3: Mother","YES","NO","NO","NO","YES","0: 0  CONDITION DOES NOT APPLY","ALWAYS WITH RIGHT HAND","ALWAYS WITH RIGHT HAND","ALWAYS WITH RIGHT HAND","ALWAYS WITH RIGHT HAND","ALWAYS WITH LEFT HAND","1: 1  CONDITION APPLIES","1: 1  CONDITION APPLIES","NO","FEMALE","FEMALE"
1982,64735,2,0,5,24000,5,190,1,1,3,5,2,4,2,2,1,2,2,5,4,5,1,1,30,17,"Female","Black","South (AL, AR, DE, DC, FL, GA, KY, LA, MD, MS, NC, OK, SC, TN , TX, VA, WV)","High school diploma (Regular 12 year program)","In CBSA, in central city","NO","3: Mother","NO","NO","NO","NO","NO","0: 0  CONDITION DOES NOT APPLY","ALWAYS WITH LEFT HAND","ALWAYS WITH LEFT HAND","ALWAYS WITH LEFT HAND","ALWAYS WITH RIGHT HAND","ALWAYS WITH LEFT HAND","1: 1  CONDITION APPLIES","1: 1  CONDITION APPLIES","NO","FEMALE","MALE"
1984,64735,2,0,2,33790,6,230,1,1,5,4,2,4,2,2,1,2,1,6,3,8,2,1,34,27,"Male","Non-Black / Non-Hispanic","Northeast (CT, ME, MA, NH, NJ, NY, PA, RI, VT)","Bachelor's degree (BA, BS)","In CBSA, not in central city","YES","3: Mother","NO","NO","NO","NO","YES","0: 0  CONDITION DOES NOT APPLY","ALWAYS WITH RIGHT HAND","ALWAYS WITH RIGHT HAND","ALWAYS WITH RIGHT HAND","ALWAYS WITH RIGHT HAND","ALWAYS WITH LEFT HAND","1: 1  CONDITION APPLIES","1: 1  CONDITION APPLIES","NO","FEMALE","MALE"
1984,64735,1,0,2,33790,6,187,1,1,5,5,5,4,1,2,1,2,1,1,2,5,1,1,33,23,"Male","Non-Black / Non-Hispanic","West (AK, AZ, CA, CO, HI, ID, MT, NV, NM, OR, UT, WA, WY)","Bachelor's degree (BA, BS)","In CBSA, not in central city","NO","3: Mother","YES","NO","NO","NO","YES","0: 0  CONDITION DOES NOT APPLY","ALWAYS WITH RIGHT HAND","ALWAYS WITH RIGHT HAND","ALWAYS WITH RIGHT HAND","ALWAYS WITH RIGHT HAND","ALWAYS WITH LEFT HAND","1: 1  CONDITION APPLIES","1: 1  CONDITION APPLIES","NO","FEMALE","FEMALE"
1985,116000,6,2,2,33790,5,183,1,3,1,4,2,5,2,2,1,2,1,4,1,6,1,1,27,14,"Female","Non-Black / Non-Hispanic","South (AL, AR, DE, DC, FL, GA, KY, LA, MD, MS, NC, OK, SC, TN , TX, VA, WV)","High school diploma (Regular 12 year program)","In CBSA, in central city","NO","3: Mother","YES","NO","NO","NO","YES","0: 0  CONDITION DOES NOT APPLY","ALWAYS WITH RIGHT HAND","ALWAYS WITH RIGHT HAND","ALWAYS WITH RIGHT HAND","ALWAYS WITH RIGHT HAND","ALWAYS WITH LEFT HAND","1: 1  CONDITION APPLIES","1: 1  CONDITION APPLIES","YES","MALE","FEMALE"
1982,64735,5,1,2,33790,5,183,2,2,4,3,6,2,2,2,1,2,1,6,3,6,1,2,33,20,"Female","Non-Black / Non-Hispanic","Northeast (CT, ME, MA, NH, NJ, NY, PA, RI, VT)","Bachelor's degree (BA, BS)","In CBSA, not in central city","NO","3: Mother","YES","YES","NO","YES","NO","0: 0  CONDITION DOES NOT APPLY","ALWAYS WITH RIGHT HAND","ALWAYS WITH RIGHT HAND","USUALLY WITH RIGHT HAND","ALWAYS WITH RIGHT HAND","DON'T DO THIS ACTIVITY","1: 1  CONDITION APPLIES","0: 0  CONDITION DOES NOT APPLY","NO","MALE","FEMALE"
1982,64735,5,1,1,33790,6,186,1,1,2,1,2,5,2,2,1,1,1,4,2,6,1,1,31,20,"Female","Non-Black / Non-Hispanic","West (AK, AZ, CA, CO, HI, ID, MT, NV, NM, OR, UT, WA, WY)","High school diploma (Regular 12 year program)","In CBSA, not in central city","NO","3: Mother","NO","NO","NO","NO","YES","0: 0  CONDITION DOES NOT APPLY","ALWAYS WITH RIGHT HAND","ALWAYS WITH RIGHT HAND","ALWAYS WITH RIGHT HAND","ALWAYS WITH RIGHT HAND","ALWAYS WITH LEFT HAND","1: 1  CONDITION APPLIES","1: 1  CONDITION APPLIES","NO","MALE","FEMALE"
1984,48000,1,0,1,33790,6,182,1,1,5,1,6,5,2,2,1,1,1,4,2,8,1,1,32,22,"Female","Non-Black / Non-Hispanic","South (AL, AR, DE, DC, FL, GA, KY, LA, MD, MS, NC, OK, SC, TN , TX, VA, WV)","Bachelor's degree (BA, BS)","In CBSA, not in central city","NO","3: Mother","NO","NO","YES","NO","YES","0: 0  CONDITION DOES NOT APPLY","ALWAYS WITH RIGHT HAND","ALWAYS WITH RIGHT HAND","ALWAYS WITH RIGHT HAND","ALWAYS WITH RIGHT HAND","ALWAYS WITH LEFT HAND","1: 1  CONDITION APPLIES","1: 1  CONDITION APPLIES","NO","MALE","MALE"
1981,64735,6,1,2,33790,5,181,1,1,3,2,2,4,1,2,1,2,1,4,2,6,1,1,27,8,"Female","Non-Black / Non-Hispanic","South (AL, AR, DE, DC, FL, GA, KY, LA, MD, MS, NC, OK, SC, TN , TX, VA, WV)","None","In CBSA, not in central city","NO","3: Mother","NO","NO","NO","NO","YES","0: 0  CONDITION DOES NOT APPLY","ALWAYS WITH RIGHT HAND","ALWAYS WITH RIGHT HAND","ALWAYS WITH RIGHT HAND","ALWAYS WITH RIGHT HAND","ALWAYS WITH RIGHT HAND","1: 1  CONDITION APPLIES","1: 1  CONDITION APPLIES","NO","MALE","FEMALE"
1980,64735,2,0,1,33790,5,183,1,1,3,3,5,4,2,2,2,2,1,6,2,7,1,1,32,20,"Female","Non-Black / Non-Hispanic","South (AL, AR, DE, DC, FL, GA, KY, LA, MD, MS, NC, OK, SC, TN , TX, VA, WV)","High school diploma (Regular 12 year program)","In CBSA, in central city","NO","3: Mother","NO","NO","NO","NO","YES","0: 0  CONDITION DOES NOT APPLY","ALWAYS WITH RIGHT HAND","ALWAYS WITH RIGHT HAND","ALWAYS WITH RIGHT HAND","ALWAYS WITH RIGHT HAND","ALWAYS WITH LEFT HAND","1: 1  CONDITION APPLIES","0: 0  CONDITION DOES NOT APPLY","NO","MALE","FEMALE"
1981,64735,3,0,1,33790,5,115,1,1,1,3,4,3,2,2,1,2,1,6,4,7,1,2,29,22,"Female","Non-Black / Non-Hispanic","North Central (IL, IN, IA, KS, MI, MN, MO, NE, OH, ND, SD, WI)","None","In CBSA, not in central city","YES","3: Mother","YES","NO","NO","NO","YES","0: 0  CONDITION DOES NOT APPLY","ALWAYS WITH RIGHT HAND","ALWAYS WITH RIGHT HAND","ALWAYS WITH RIGHT HAND","ALWAYS WITH RIGHT HAND","ALWAYS WITH LEFT HAND","1: 1  CONDITION APPLIES","1: 1  CONDITION APPLIES","NO","FEMALE","MALE"
1982,64735,3,0,4,15000,5,181,1,1,2,3,4,3,2,2,1,1,1,6,5,6,1,1,31,19,"Female","Non-Black / Non-Hispanic","Northeast (CT, ME, MA, NH, NJ, NY, PA, RI, VT)","Bachelor's degree (BA, BS)","In CBSA, not in central city","NO","3: Mother","YES","NO","NO","NO","YES","0: 0  CONDITION DOES NOT APPLY","ALWAYS WITH RIGHT HAND","ALWAYS WITH RIGHT HAND","ALWAYS WITH LEFT HAND","ALWAYS WITH RIGHT HAND","ALWAYS WITH RIGHT HAND","1: 1  CONDITION APPLIES","1: 1  CONDITION APPLIES","NO","MALE","FEMALE"
1981,64735,4,1,2,24000,5,182,1,1,3,4,4,5,1,2,1,1,1,5,3,8,1,1,31,20,"Female","Non-Black / Non-Hispanic","South (AL, AR, DE, DC, FL, GA, KY, LA, MD, MS, NC, OK, SC, TN , TX, VA, WV)","None","In CBSA, not in central city","NO","3: Mother","YES","NO","NO","NO","YES","0: 0  CONDITION DOES NOT APPLY","ALWAYS WITH RIGHT HAND","ALWAYS WITH RIGHT HAND","ALWAYS WITH RIGHT HAND","ALWAYS WITH RIGHT HAND","ALWAYS WITH LEFT HAND","0: 0  CONDITION DOES NOT APPLY","1: 1  CONDITION APPLIES","NO","FEMALE","FEMALE"
1983,64735,3,0,1,33790,5,134,1,1,2,2,4,4,1,2,1,1,1,8,5,6,1,2,52,25,"Male","Non-Black / Non-Hispanic","North Central (IL, IN, IA, KS, MI, MN, MO, NE, OH, ND, SD, WI)","GED","In CBSA, not in central city","NO","3: Mother","NO","NO","NO","NO","YES","0: 0  CONDITION DOES NOT APPLY","ALWAYS WITH RIGHT HAND","ALWAYS WITH RIGHT HAND","ALWAYS WITH RIGHT HAND","ALWAYS WITH RIGHT HAND","ALWAYS WITH LEFT HAND","1: 1  CONDITION APPLIES","1: 1  CONDITION APPLIES","NO","FEMALE","FEMALE"
1980,64735,3,1,4,33790,5,184,2,2,3,4,3,5,2,2,1,2,1,4,3,7,1,1,1,15,"Female","Black","South (AL, AR, DE, DC, FL, GA, KY, LA, MD, MS, NC, OK, SC, TN , TX, VA, WV)","Bachelor's degree (BA, BS)","In CBSA, not in central city","NO","3: Mother","YES","NO","NO","NO","NO","0: 0  CONDITION DOES NOT APPLY","ALWAYS WITH RIGHT HAND","ALWAYS WITH RIGHT HAND","ALWAYS WITH RIGHT HAND","ALWAYS WITH RIGHT HAND","ALWAYS WITH LEFT HAND","1: 1  CONDITION APPLIES","1: 1  CONDITION APPLIES","NO","MALE","MALE"
1982,64735,3,1,2,33790,5,181,2,1,2,3,1,3,2,2,1,1,1,6,3,8,1,1,28,19,"Female","Non-Black / Non-Hispanic","South (AL, AR, DE, DC, FL, GA, KY, LA, MD, MS, NC, OK, SC, TN , TX, VA, WV)","GED","In CBSA, in central city","NO","3: Mother","YES","NO","NO","NO","YES","0: 0  CONDITION DOES NOT APPLY","ALWAYS WITH LEFT HAND","ALWAYS WITH LEFT HAND","ALWAYS WITH LEFT HAND","ALWAYS WITH LEFT HAND","ALWAYS WITH RIGHT HAND","1: 1  CONDITION APPLIES","1: 1  CONDITION APPLIES","YES","MALE","FEMALE"
1980,64735,3,1,4,33790,5,182,1,2,1,4,5,5,2,2,2,2,1,4,4,8,1,1,29,17,"Female","Non-Black / Non-Hispanic","South (AL, AR, DE, DC, FL, GA, KY, LA, MD, MS, NC, OK, SC, TN , TX, VA, WV)","High school diploma (Regular 12 year program)","In CBSA, not in central city","NO","3: Mother","NO","NO","NO","NO","YES","0: 0  CONDITION DOES NOT APPLY","ALWAYS WITH RIGHT HAND","ALWAYS WITH RIGHT HAND","ALWAYS WITH RIGHT HAND","ALWAYS WITH RIGHT HAND","ALWAYS WITH RIGHT HAND","1: 1  CONDITION APPLIES","0: 0  CONDITION DOES NOT APPLY","NO","MALE","MALE"
1980,64735,3,0,2,33790,5,182,2,3,2,4,5,4,2,2,2,2,1,4,2,7,1,1,35,24,"Male","Non-Black / Non-Hispanic","North Central (IL, IN, IA, KS, MI, MN, MO, NE, OH, ND, SD, WI)","GED","In CBSA, not in central city","YES","3: Mother","NO","NO","NO","NO","NO","0: 0  CONDITION DOES NOT APPLY","ALWAYS WITH RIGHT HAND","ALWAYS WITH RIGHT HAND","ALWAYS WITH RIGHT HAND","ALWAYS WITH RIGHT HAND","ALWAYS WITH LEFT HAND","0: 0  CONDITION DOES NOT APPLY","1: 1  CONDITION APPLIES","NO","MALE","FEMALE"
1983,64735,3,0,3,33790,5,183,2,2,4,5,2,1,2,2,2,2,2,6,1,5,1,1,31,22,"Female","Non-Black / Non-Hispanic","South (AL, AR, DE, DC, FL, GA, KY, LA, MD, MS, NC, OK, SC, TN , TX, VA, WV)","High school diploma (Regular 12 year program)","In CBSA, not in central city","NO","3: Mother","YES","NO","NO","NO","NO","0: 0  CONDITION DOES NOT APPLY","ALWAYS WITH RIGHT HAND","ALWAYS WITH RIGHT HAND","ALWAYS WITH RIGHT HAND","ALWAYS WITH RIGHT HAND","ALWAYS WITH LEFT HAND","1: 1  CONDITION APPLIES","1: 1  CONDITION APPLIES","NO","FEMALE","MALE"
1980,64735,2,0,1,33790,5,184,1,2,4,4,3,4,2,2,1,2,1,8,2,5,1,1,31,7,"Male","Black","North Central (IL, IN, IA, KS, MI, MN, MO, NE, OH, ND, SD, WI)","Bachelor's degree (BA, BS)","In CBSA, in central city","NO","3: Mother","YES","NO","NO","NO","YES","0: 0  CONDITION DOES NOT APPLY","ALWAYS WITH RIGHT HAND","ALWAYS WITH RIGHT HAND","ALWAYS WITH RIGHT HAND","ALWAYS WITH RIGHT HAND","ALWAYS WITH LEFT HAND","0: 0  CONDITION DOES NOT APPLY","1: 1  CONDITION APPLIES","YES","FEMALE","FEMALE"
1984,64735,3,0,2,33790,5,200,1,2,3,5,5,7,2,1,1,2,2,1,5,5,1,1,44,21,"Male","Hispanic","North Central (IL, IN, IA, KS, MI, MN, MO, NE, OH, ND, SD, WI)","Associate/Junior college (AA)","Not in CBSA","NO","3: Mother","YES","NO","NO","YES","NO","0: 0  CONDITION DOES NOT APPLY","ALWAYS WITH RIGHT HAND","ALWAYS WITH RIGHT HAND","ALWAYS WITH RIGHT HAND","ALWAYS WITH RIGHT HAND","ALWAYS WITH LEFT HAND","0: 0  CONDITION DOES NOT APPLY","0: 0  CONDITION DOES NOT APPLY","NO","MALE","FEMALE"
1981,64735,2,1,1,33790,5,183,1,2,2,4,3,4,2,1,1,1,1,5,5,9,1,1,31,18,"Male","Black","South (AL, AR, DE, DC, FL, GA, KY, LA, MD, MS, NC, OK, SC, TN , TX, VA, WV)","Bachelor's degree (BA, BS)","In CBSA, in central city","NO","3: Mother","YES","NO","NO","NO","YES","0: 0  CONDITION DOES NOT APPLY","ALWAYS WITH RIGHT HAND","ALWAYS WITH LEFT HAND","ALWAYS WITH LEFT HAND","ALWAYS WITH LEFT HAND","ALWAYS WITH RIGHT HAND","1: 1  CONDITION APPLIES","1: 1  CONDITION APPLIES","NO","FEMALE","FEMALE"
1985,13500,4,1,3,33790,5,300,1,2,2,5,4,4,2,2,1,2,1,4,2,6,1,1,31,19,"Female","Non-Black / Non-Hispanic","South (AL, AR, DE, DC, FL, GA, KY, LA, MD, MS, NC, OK, SC, TN , TX, VA, WV)","None","In CBSA, not in central city","NO","3: Mother","YES","NO","NO","NO","YES","0: 0  CONDITION DOES NOT APPLY","ALWAYS WITH RIGHT HAND","ALWAYS WITH RIGHT HAND","ALWAYS WITH RIGHT HAND","ALWAYS WITH RIGHT HAND","ALWAYS WITH LEFT HAND","0: 0  CONDITION DOES NOT APPLY","1: 1  CONDITION APPLIES","NO","MALE","FEMALE"
1982,64735,4,0,2,5040,5,182,1,2,2,5,3,3,2,2,2,2,2,5,1,7,1,1,29,23,"Male","Non-Black / Non-Hispanic","Northeast (CT, ME, MA, NH, NJ, NY, PA, RI, VT)","High school diploma (Regular 12 year program)","In CBSA, not in central city","NO","3: Mother","NO","YES","NO","NO","NO","0: 0  CONDITION DOES NOT APPLY","ALWAYS WITH RIGHT HAND","ALWAYS WITH RIGHT HAND","ALWAYS WITH RIGHT HAND","ALWAYS WITH RIGHT HAND","ALWAYS WITH LEFT HAND","0: 0  CONDITION DOES NOT APPLY","1: 1  CONDITION APPLIES","NO","MALE","FEMALE"
1981,64735,4,1,1,33790,5,184,1,1,3,3,3,6,2,2,2,1,1,1,2,7,1,1,30,22,"Female","Non-Black / Non-Hispanic","South (AL, AR, DE, DC, FL, GA, KY, LA, MD, MS, NC, OK, SC, TN , TX, VA, WV)","High school diploma (Regular 12 year program)","In CBSA, not in central city","YES","3: Mother","YES","YES","NO","NO","NO","0: 0  CONDITION DOES NOT APPLY","ALWAYS WITH RIGHT HAND","ALWAYS WITH RIGHT HAND","ALWAYS WITH RIGHT HAND","ALWAYS WITH RIGHT HAND","ALWAYS WITH LEFT HAND","1: 1  CONDITION APPLIES","1: 1  CONDITION APPLIES","NO","FEMALE","MALE"
1982,64735,3,1,1,33790,5,178,1,1,3,3,3,6,2,1,1,1,1,1,6,5,1,5,27,2,"Male","Black","West (AK, AZ, CA, CO, HI, ID, MT, NV, NM, OR, UT, WA, WY)","GED","In CBSA, in central city","NO","3: Mother","NO","NO","NO","NO","YES","0: 0  CONDITION DOES NOT APPLY","ALWAYS WITH RIGHT HAND","USUALLY WITH RIGHT HAND","ALWAYS WITH RIGHT HAND","ALWAYS WITH RIGHT HAND","ALWAYS WITH LEFT HAND","0: 0  CONDITION DOES NOT APPLY","1: 1  CONDITION APPLIES","NO","FEMALE","FEMALE"
1984,64735,3,0,2,33790,5,156,1,1,2,3,3,4,2,2,2,2,2,2,3,12,1,1,28,20,"Female","Non-Black / Non-Hispanic","West (AK, AZ, CA, CO, HI, ID, MT, NV, NM, OR, UT, WA, WY)","High school diploma (Regular 12 year program)","In CBSA, in central city","NO","3: Mother","NO","NO","NO","YES","YES","0: 0  CONDITION DOES NOT APPLY","ALWAYS WITH RIGHT HAND","ALWAYS WITH RIGHT HAND","ALWAYS WITH RIGHT HAND","ALWAYS WITH RIGHT HAND","ALWAYS WITH LEFT HAND","1: 1  CONDITION APPLIES","1: 1  CONDITION APPLIES","NO","MALE","MALE"
1983,64735,2,1,1,33790,5,175,1,1,3,4,2,5,2,2,1,2,1,6,4,6,1,1,32,20,"Female","Non-Black / Non-Hispanic","North Central (IL, IN, IA, KS, MI, MN, MO, NE, OH, ND, SD, WI)","High school diploma (Regular 12 year program)","In CBSA, not in central city","NO","3: Mother","NO","NO","NO","NO","NO","0: 0  CONDITION DOES NOT APPLY","ALWAYS WITH RIGHT HAND","ALWAYS WITH RIGHT HAND","ALWAYS WITH RIGHT HAND","ALWAYS WITH RIGHT HAND","ALWAYS WITH LEFT HAND","0: 0  CONDITION DOES NOT APPLY","1: 1  CONDITION APPLIES","NO","MALE","MALE"
1981,62500,2,0,4,25000,6,187,1,1,4,5,4,4,2,2,1,2,1,6,2,7,1,1,29,21,"Male","Non-Black / Non-Hispanic","North Central (IL, IN, IA, KS, MI, MN, MO, NE, OH, ND, SD, WI)","High school diploma (Regular 12 year program)","In CBSA, in central city","NO","3: Mother","YES","NO","NO","NO","YES","0: 0  CONDITION DOES NOT APPLY","ALWAYS WITH RIGHT HAND","ALWAYS WITH RIGHT HAND","ALWAYS WITH RIGHT HAND","ALWAYS WITH RIGHT HAND","ALWAYS WITH LEFT HAND","1: 1  CONDITION APPLIES","1: 1  CONDITION APPLIES","NO","MALE","FEMALE"
1984,8200,4,0,1,33790,5,183,1,1,2,3,3,2,1,2,1,2,1,1,4,7,1,1,58,28,"Female","Non-Black / Non-Hispanic","Northeast (CT, ME, MA, NH, NJ, NY, PA, RI, VT)","High school diploma (Regular 12 year program)","In CBSA, not in central city","NO","3: Mother","NO","YES","NO","NO","NO","0: 0  CONDITION DOES NOT APPLY","ALWAYS WITH RIGHT HAND","ALWAYS WITH LEFT HAND","ALWAYS WITH RIGHT HAND","ALWAYS WITH LEFT HAND","ALWAYS WITH RIGHT HAND","1: 1  CONDITION APPLIES","1: 1  CONDITION APPLIES","NO","FEMALE","MALE"
1983,18750,3,0,3,15000,5,181,1,2,5,5,3,5,2,2,2,2,1,5,2,5,1,1,7,16,"Female","Non-Black / Non-Hispanic","South (AL, AR, DE, DC, FL, GA, KY, LA, MD, MS, NC, OK, SC, TN , TX, VA, WV)","GED","In CBSA, not in central city","NO","3: Mother","YES","NO","YES","NO","YES","1: 1  CONDITION APPLIES","ALWAYS WITH RIGHT HAND","USUALLY WITH RIGHT HAND","DON'T DO THIS ACTIVITY","ALWAYS WITH RIGHT HAND","ALWAYS WITH LEFT HAND","1: 1  CONDITION APPLIES","0: 0  CONDITION DOES NOT APPLY","NO","FEMALE","MALE"
1980,64735,2,0,2,33790,5,181,1,1,6,3,3,5,2,2,2,2,1,3,1,7,1,1,34,23,"Male","Non-Black / Non-Hispanic","South (AL, AR, DE, DC, FL, GA, KY, LA, MD, MS, NC, OK, SC, TN , TX, VA, WV)","Bachelor's degree (BA, BS)","In CBSA, not in central city","YES","3: Mother","NO","NO","NO","NO","YES","0: 0  CONDITION DOES NOT APPLY","ALWAYS WITH RIGHT HAND","ALWAYS WITH RIGHT HAND","ALWAYS WITH RIGHT HAND","ALWAYS WITH RIGHT HAND","ALWAYS WITH LEFT HAND","1: 1  CONDITION APPLIES","1: 1  CONDITION APPLIES","NO","FEMALE","FEMALE"
1981,64735,5,2,3,33790,5,181,1,2,1,5,6,4,2,2,1,2,2,9,2,6,1,2,29,17,"Male","Non-Black / Non-Hispanic","North Central (IL, IN, IA, KS, MI, MN, MO, NE, OH, ND, SD, WI)","Master's degree (MA, MS)","In CBSA, in central city","NO","3: Mother","YES","YES","NO","NO","YES","0: 0  CONDITION DOES NOT APPLY","ALWAYS WITH RIGHT HAND","ALWAYS WITH RIGHT HAND","ALWAYS WITH RIGHT HAND","ALWAYS WITH RIGHT HAND","ALWAYS WITH LEFT HAND","1: 1  CONDITION APPLIES","1: 1  CONDITION APPLIES","NO","MALE","FEMALE"
1980,64735,3,0,3,33790,5,186,1,1,1,2,2,4,2,2,2,2,1,4,2,6,1,1,32,19,"Male","Non-Black / Non-Hispanic","North Central (IL, IN, IA, KS, MI, MN, MO, NE, OH, ND, SD, WI)","GED","In CBSA, in central city","NO","3: Mother","NO","NO","NO","NO","YES","0: 0  CONDITION DOES NOT APPLY","ALWAYS WITH RIGHT HAND","ALWAYS WITH LEFT HAND","ALWAYS WITH RIGHT HAND","ALWAYS WITH LEFT HAND","ALWAYS WITH LEFT HAND","0: 0  CONDITION DOES NOT APPLY","1: 1  CONDITION APPLIES","NO","FEMALE","FEMALE"
1984,64735,2,0,1,33790,5,190,1,1,5,4,4,5,2,2,2,2,1,6,2,7,1,1,32,28,"Male","Non-Black / Non-Hispanic","North Central (IL, IN, IA, KS, MI, MN, MO, NE, OH, ND, SD, WI)","Professional degree (DDS, JD, MD)","In CBSA, not in central city","NO","3: Mother","YES","NO","YES","NO","YES","0: 0  CONDITION DOES NOT APPLY","ALWAYS WITH RIGHT HAND","ALWAYS WITH RIGHT HAND","ALWAYS WITH RIGHT HAND","ALWAYS WITH RIGHT HAND","ALWAYS WITH LEFT HAND","1: 1  CONDITION APPLIES","1: 1  CONDITION APPLIES","NO","MALE","MALE"
1980,316618,3,0,3,33790,5,183,1,1,3,3,4,3,2,2,1,1,1,6,2,6,1,1,30,23,"Male","Non-Black / Non-Hispanic","South (AL, AR, DE, DC, FL, GA, KY, LA, MD, MS, NC, OK, SC, TN , TX, VA, WV)","High school diploma (Regular 12 year program)","In CBSA, not in central city","NO","3: Mother","YES","NO","NO","NO","YES","0: 0  CONDITION DOES NOT APPLY","ALWAYS WITH RIGHT HAND","ALWAYS WITH RIGHT HAND","ALWAYS WITH RIGHT HAND","ALWAYS WITH RIGHT HAND","ALWAYS WITH LEFT HAND","1: 1  CONDITION APPLIES","1: 1  CONDITION APPLIES","NO","FEMALE","MALE"
1984,64735,2,1,2,33790,5,182,1,2,4,3,3,6,2,2,1,2,1,6,2,7,1,1,29,21,"Female","Non-Black / Non-Hispanic","West (AK, AZ, CA, CO, HI, ID, MT, NV, NM, OR, UT, WA, WY)","Bachelor's degree (BA, BS)","In CBSA, not in central city","NO","3: Mother","NO","NO","NO","NO","YES","0: 0  CONDITION DOES NOT APPLY","ALWAYS WITH RIGHT HAND","ALWAYS WITH RIGHT HAND","ALWAYS WITH RIGHT HAND","ALWAYS WITH RIGHT HAND","ALWAYS WITH LEFT HAND","0: 0  CONDITION DOES NOT APPLY","1: 1  CONDITION APPLIES","NO","FEMALE","FEMALE"
1980,64735,5,1,3,33790,6,183,1,1,5,4,2,3,2,2,1,2,1,6,3,8,1,1,28,23,"Female","Non-Black / Non-Hispanic","South (AL, AR, DE, DC, FL, GA, KY, LA, MD, MS, NC, OK, SC, TN , TX, VA, WV)","High school diploma (Regular 12 year program)","In CBSA, not in central city","YES","3: Mother","NO","NO","NO","NO","YES","0: 0  CONDITION DOES NOT APPLY","ALWAYS WITH RIGHT HAND","ALWAYS WITH RIGHT HAND","ALWAYS WITH RIGHT HAND","ALWAYS WITH RIGHT HAND","USUALLY WITH RIGHT HAND","1: 1  CONDITION APPLIES","1: 1  CONDITION APPLIES","NO","FEMALE","MALE"
1981,30250,2,1,1,33790,5,183,2,1,2,6,1,3,2,1,1,1,1,2,3,7,1,1,22,19,"Male","Black","North Central (IL, IN, IA, KS, MI, MN, MO, NE, OH, ND, SD, WI)","None","In CBSA, not in central city","NO","3: Mother","NO","YES","NO","NO","YES","0: 0  CONDITION DOES NOT APPLY","ALWAYS WITH LEFT HAND","ALWAYS WITH LEFT HAND","ALWAYS WITH RIGHT HAND","ALWAYS WITH LEFT HAND","ALWAYS WITH LEFT HAND","1: 1  CONDITION APPLIES","1: 1  CONDITION APPLIES","NO","FEMALE","FEMALE"
1982,64735,1,0,2,35000,5,185,1,2,3,3,2,3,2,2,1,2,1,7,2,6,1,1,31,24,"Male","Non-Black / Non-Hispanic","North Central (IL, IN, IA, KS, MI, MN, MO, NE, OH, ND, SD, WI)","Bachelor's degree (BA, BS)","In CBSA, not in central city","NO","3: Mother","NO","NO","NO","NO","YES","0: 0  CONDITION DOES NOT APPLY","ALWAYS WITH RIGHT HAND","ALWAYS WITH RIGHT HAND","ALWAYS WITH RIGHT HAND","ALWAYS WITH RIGHT HAND","ALWAYS WITH LEFT HAND","1: 1  CONDITION APPLIES","1: 1  CONDITION APPLIES","NO","MALE","MALE"
1983,64735,3,0,2,33790,5,179,1,1,3,2,4,5,2,1,1,1,1,6,4,8,1,1,30,24,"Male","Non-Black / Non-Hispanic","Northeast (CT, ME, MA, NH, NJ, NY, PA, RI, VT)","High school diploma (Regular 12 year program)","In CBSA, not in central city","NO","3: Mother","YES","NO","NO","NO","YES","0: 0  CONDITION DOES NOT APPLY","ALWAYS WITH RIGHT HAND","ALWAYS WITH RIGHT HAND","ALWAYS WITH RIGHT HAND","ALWAYS WITH RIGHT HAND","ALWAYS WITH LEFT HAND","1: 1  CONDITION APPLIES","1: 1  CONDITION APPLIES","NO","FEMALE","MALE"
1982,64735,5,0,3,4000,5,130,1,2,3,3,4,2,1,2,2,2,1,7,4,8,1,1,32,24,"Female","Non-Black / Non-Hispanic","South (AL, AR, DE, DC, FL, GA, KY, LA, MD, MS, NC, OK, SC, TN , TX, VA, WV)","GED","In CBSA, in central city","NO","3: Mother","NO","NO","NO","NO","YES","0: 0  CONDITION DOES NOT APPLY","ALWAYS WITH RIGHT HAND","ALWAYS WITH RIGHT HAND","ALWAYS WITH RIGHT HAND","ALWAYS WITH RIGHT HAND","ALWAYS WITH LEFT HAND","0: 0  CONDITION DOES NOT APPLY","1: 1  CONDITION APPLIES","NO","FEMALE","MALE"
1983,64735,1,0,1,33790,5,181,2,3,4,3,6,3,2,2,1,1,1,1,1,7,1,1,34,22,"Female","Black","West (AK, AZ, CA, CO, HI, ID, MT, NV, NM, OR, UT, WA, WY)","Bachelor's degree (BA, BS)","In CBSA, in central city","NO","3: Mother","YES","NO","NO","NO","YES","0: 0  CONDITION DOES NOT APPLY","ALWAYS WITH RIGHT HAND","ALWAYS WITH RIGHT HAND","USUALLY WITH RIGHT HAND","ALWAYS WITH RIGHT HAND","ALWAYS WITH LEFT HAND","1: 1  CONDITION APPLIES","1: 1  CONDITION APPLIES","NO","FEMALE","FEMALE"
1982,64735,3,1,3,33790,5,183,1,1,1,4,2,2,2,2,1,2,1,5,2,7,1,1,32,23,"Male","Non-Black / Non-Hispanic","South (AL, AR, DE, DC, FL, GA, KY, LA, MD, MS, NC, OK, SC, TN , TX, VA, WV)","High school diploma (Regular 12 year program)","In CBSA, in central city","NO","3: Mother","NO","NO","NO","NO","YES","0: 0  CONDITION DOES NOT APPLY","ALWAYS WITH RIGHT HAND","ALWAYS WITH RIGHT HAND","ALWAYS WITH RIGHT HAND","ALWAYS WITH RIGHT HAND","ALWAYS WITH LEFT HAND","1: 1  CONDITION APPLIES","1: 1  CONDITION APPLIES","NO","FEMALE","MALE"
1980,64735,4,2,4,33790,5,184,1,2,4,2,2,2,1,2,1,2,2,3,4,7,1,1,30,21,"Female","Non-Black / Non-Hispanic","South (AL, AR, DE, DC, FL, GA, KY, LA, MD, MS, NC, OK, SC, TN , TX, VA, WV)","High school diploma (Regular 12 year program)","In CBSA, not in central city","NO","3: Mother","YES","NO","NO","NO","YES","0: 0  CONDITION DOES NOT APPLY","ALWAYS WITH LEFT HAND","USUALLY WITH BOTH HANDS EQUALLY","ALWAYS WITH LEFT HAND","ALWAYS WITH RIGHT HAND","ALWAYS WITH LEFT HAND","0: 0  CONDITION DOES NOT APPLY","1: 1  CONDITION APPLIES","NO","FEMALE","FEMALE"
1983,64735,3,0,1,33790,5,184,1,1,2,3,2,3,2,2,2,2,1,4,2,6,1,1,34,16,"Female","Non-Black / Non-Hispanic","South (AL, AR, DE, DC, FL, GA, KY, LA, MD, MS, NC, OK, SC, TN , TX, VA, WV)","High school diploma (Regular 12 year program)","In CBSA, in central city","NO","3: Mother","NO","NO","NO","NO","YES","0: 0  CONDITION DOES NOT APPLY","ALWAYS WITH RIGHT HAND","ALWAYS WITH RIGHT HAND","ALWAYS WITH RIGHT HAND","ALWAYS WITH RIGHT HAND","ALWAYS WITH LEFT HAND","1: 1  CONDITION APPLIES","1: 1  CONDITION APPLIES","NO","MALE","FEMALE"
1985,64735,3,1,1,33790,5,181,2,1,2,4,3,4,1,2,2,2,1,5,2,6,1,1,32,22,"Female","Black","Northeast (CT, ME, MA, NH, NJ, NY, PA, RI, VT)","Associate/Junior college (AA)","In CBSA, in central city","NO","3: Mother","YES","NO","NO","NO","YES","0: 0  CONDITION DOES NOT APPLY","ALWAYS WITH RIGHT HAND","ALWAYS WITH RIGHT HAND","ALWAYS WITH RIGHT HAND","ALWAYS WITH RIGHT HAND","ALWAYS WITH LEFT HAND","1: 1  CONDITION APPLIES","1: 1  CONDITION APPLIES","NO","MALE","FEMALE"
1980,64735,2,0,2,33790,6,181,1,1,2,5,4,2,2,2,1,1,1,6,2,6,1,1,61,26,"Male","Mixed Race (Non-Hispanic)","North Central (IL, IN, IA, KS, MI, MN, MO, NE, OH, ND, SD, WI)","Bachelor's degree (BA, BS)","In CBSA, in central city","NO","3: Mother","NO","NO","YES","NO","NO","0: 0  CONDITION DOES NOT APPLY","ALWAYS WITH RIGHT HAND","ALWAYS WITH RIGHT HAND","ALWAYS WITH RIGHT HAND","ALWAYS WITH RIGHT HAND","ALWAYS WITH LEFT HAND","0: 0  CONDITION DOES NOT APPLY","1: 1  CONDITION APPLIES","NO","FEMALE","FEMALE"
1982,17000,4,0,4,33790,6,184,1,2,2,3,2,3,2,2,1,2,1,5,3,6,1,1,31,21,"Male","Non-Black / Non-Hispanic","North Central (IL, IN, IA, KS, MI, MN, MO, NE, OH, ND, SD, WI)","GED","In CBSA, not in central city","NO","3: Mother","YES","NO","NO","NO","NO","0: 0  CONDITION DOES NOT APPLY","ALWAYS WITH RIGHT HAND","ALWAYS WITH RIGHT HAND","ALWAYS WITH RIGHT HAND","ALWAYS WITH RIGHT HAND","ALWAYS WITH LEFT HAND","1: 1  CONDITION APPLIES","1: 1  CONDITION APPLIES","NO","FEMALE","MALE"
1983,64735,4,0,1,33790,6,178,1,1,2,3,2,4,1,2,1,2,1,5,1,6,1,1,44,62,"Male","Black","North Central (IL, IN, IA, KS, MI, MN, MO, NE, OH, ND, SD, WI)","None","In CBSA, not in central city","YES","3: Mother","YES","YES","NO","NO","YES","0: 0  CONDITION DOES NOT APPLY","ALWAYS WITH RIGHT HAND","ALWAYS WITH RIGHT HAND","ALWAYS WITH RIGHT HAND","ALWAYS WITH RIGHT HAND","ALWAYS WITH LEFT HAND","0: 0  CONDITION DOES NOT APPLY","1: 1  CONDITION APPLIES","NO","FEMALE","MALE"
1981,64735,1,0,2,33790,5,180,2,2,7,2,4,5,2,1,1,1,1,5,2,7,3,3,29,20,"Male","Non-Black / Non-Hispanic","South (AL, AR, DE, DC, FL, GA, KY, LA, MD, MS, NC, OK, SC, TN , TX, VA, WV)","Bachelor's degree (BA, BS)","In CBSA, in central city","NO","3: Mother","YES","NO","NO","NO","YES","0: 0  CONDITION DOES NOT APPLY","ALWAYS WITH RIGHT HAND","USUALLY WITH RIGHT HAND","ALWAYS WITH LEFT HAND","USUALLY WITH RIGHT HAND","ALWAYS WITH LEFT HAND","0: 0  CONDITION DOES NOT APPLY","1: 1  CONDITION APPLIES","NO","FEMALE","MALE"
1980,64735,2,1,3,33790,5,150,1,2,3,2,3,5,2,1,2,2,2,4,4,6,1,1,32,19,"Female","Non-Black / Non-Hispanic","South (AL, AR, DE, DC, FL, GA, KY, LA, MD, MS, NC, OK, SC, TN , TX, VA, WV)","High school diploma (Regular 12 year program)","In CBSA, not in central city","NO","3: Mother","YES","NO","NO","NO","YES","0: 0  CONDITION DOES NOT APPLY","ALWAYS WITH RIGHT HAND","ALWAYS WITH RIGHT HAND","ALWAYS WITH RIGHT HAND","ALWAYS WITH RIGHT HAND","ALWAYS WITH LEFT HAND","1: 1  CONDITION APPLIES","0: 0  CONDITION DOES NOT APPLY","NO","MALE","FEMALE"
1981,64735,3,1,1,33790,5,183,2,1,4,4,2,2,1,1,2,1,2,5,2,6,1,1,32,22,"Female","Hispanic","Northeast (CT, ME, MA, NH, NJ, NY, PA, RI, VT)","Bachelor's degree (BA, BS)","Not in country","NO","3: Mother","YES","NO","NO","NO","YES","0: 0  CONDITION DOES NOT APPLY","ALWAYS WITH RIGHT HAND","ALWAYS WITH RIGHT HAND","ALWAYS WITH RIGHT HAND","ALWAYS WITH RIGHT HAND","ALWAYS WITH LEFT HAND","1: 1  CONDITION APPLIES","0: 0  CONDITION DOES NOT APPLY","NO","FEMALE","MALE"
1982,64735,3,1,3,33790,6,188,2,1,3,3,2,4,2,1,2,2,1,3,3,5,1,1,21,0,"Male","Non-Black / Non-Hispanic","North Central (IL, IN, IA, KS, MI, MN, MO, NE, OH, ND, SD, WI)","High school diploma (Regular 12 year program)","In CBSA, not in central city","NO","3: Mother","NO","YES","NO","NO","NO","0: 0  CONDITION DOES NOT APPLY","ALWAYS WITH RIGHT HAND","ALWAYS WITH RIGHT HAND","ALWAYS WITH RIGHT HAND","ALWAYS WITH RIGHT HAND","ALWAYS WITH LEFT HAND","1: 1  CONDITION APPLIES","1: 1  CONDITION APPLIES","NO","FEMALE","MALE"
1983,52000,3,1,1,33790,5,125,1,1,3,1,5,7,2,2,1,2,2,4,1,8,1,1,32,23,"Male","Black","South (AL, AR, DE, DC, FL, GA, KY, LA, MD, MS, NC, OK, SC, TN , TX, VA, WV)","Bachelor's degree (BA, BS)","In CBSA, in central city","NO","3: Mother","NO","NO","YES","NO","YES","0: 0  CONDITION DOES NOT APPLY","ALWAYS WITH RIGHT HAND","ALWAYS WITH RIGHT HAND","ALWAYS WITH RIGHT HAND","ALWAYS WITH RIGHT HAND","ALWAYS WITH LEFT HAND","1: 1  CONDITION APPLIES","1: 1  CONDITION APPLIES","NO","FEMALE","MALE"
1984,64735,2,0,1,33790,5,178,1,1,3,3,3,7,2,2,1,2,1,8,3,8,1,1,32,24,"Male","Non-Black / Non-Hispanic","South (AL, AR, DE, DC, FL, GA, KY, LA, MD, MS, NC, OK, SC, TN , TX, VA, WV)","Bachelor's degree (BA, BS)","Not in country","NO","3: Mother","NO","NO","YES","NO","YES","0: 0  CONDITION DOES NOT APPLY","DON'T DO THIS ACTIVITY","ALWAYS WITH RIGHT HAND","ALWAYS WITH RIGHT HAND","ALWAYS WITH RIGHT HAND","ALWAYS WITH LEFT HAND","1: 1  CONDITION APPLIES","1: 1  CONDITION APPLIES","NO","FEMALE","MALE"
1980,25000,3,0,1,33790,5,206,1,1,3,3,3,2,2,2,2,2,1,5,2,6,1,1,32,20,"Female","Non-Black / Non-Hispanic","South (AL, AR, DE, DC, FL, GA, KY, LA, MD, MS, NC, OK, SC, TN , TX, VA, WV)","High school diploma (Regular 12 year program)","In CBSA, in central city","NO","3: Mother","YES","NO","NO","NO","YES","0: 0  CONDITION DOES NOT APPLY","ALWAYS WITH RIGHT HAND","ALWAYS WITH RIGHT HAND","USUALLY WITH RIGHT HAND","ALWAYS WITH RIGHT HAND","ALWAYS WITH RIGHT HAND","1: 1  CONDITION APPLIES","1: 1  CONDITION APPLIES","NO","FEMALE","FEMALE"
1983,64735,2,1,3,33790,5,184,1,1,3,3,2,2,2,2,1,2,1,6,1,6,1,1,31,22,"Male","Non-Black / Non-Hispanic","North Central (IL, IN, IA, KS, MI, MN, MO, NE, OH, ND, SD, WI)","High school diploma (Regular 12 year program)","In CBSA, not in central city","NO","3: Mother","YES","NO","NO","NO","YES","0: 0  CONDITION DOES NOT APPLY","ALWAYS WITH RIGHT HAND","ALWAYS WITH RIGHT HAND","ALWAYS WITH RIGHT HAND","ALWAYS WITH RIGHT HAND","ALWAYS WITH LEFT HAND","1: 1  CONDITION APPLIES","1: 1  CONDITION APPLIES","NO","FEMALE","MALE"
1982,64735,4,0,5,33790,6,208,1,1,3,3,3,5,2,2,1,2,1,3,2,6,1,1,10,8,"Female","Non-Black / Non-Hispanic","North Central (IL, IN, IA, KS, MI, MN, MO, NE, OH, ND, SD, WI)","Bachelor's degree (BA, BS)","In CBSA, not in central city","NO","3: Mother","YES","YES","YES","NO","YES","0: 0  CONDITION DOES NOT APPLY","ALWAYS WITH RIGHT HAND","ALWAYS WITH RIGHT HAND","ALWAYS WITH RIGHT HAND","ALWAYS WITH RIGHT HAND","ALWAYS WITH RIGHT HAND","0: 0  CONDITION DOES NOT APPLY","1: 1  CONDITION APPLIES","NO","MALE","MALE"
1983,104485,3,1,4,33790,5,187,2,1,6,5,3,6,2,2,2,2,2,4,2,5,1,1,1,15,"Male","Black","South (AL, AR, DE, DC, FL, GA, KY, LA, MD, MS, NC, OK, SC, TN , TX, VA, WV)","High school diploma (Regular 12 year program)","In CBSA, not in central city","NO","3: Mother","YES","NO","NO","NO","YES","0: 0  CONDITION DOES NOT APPLY","ALWAYS WITH RIGHT HAND","ALWAYS WITH RIGHT HAND","ALWAYS WITH RIGHT HAND","ALWAYS WITH RIGHT HAND","ALWAYS WITH LEFT HAND","1: 1  CONDITION APPLIES","1: 1  CONDITION APPLIES","NO","FEMALE","FEMALE"
1980,64735,5,1,2,33790,5,180,1,1,5,3,2,2,2,2,1,1,1,1,1,7,1,1,32,23,"Male","Black","West (AK, AZ, CA, CO, HI, ID, MT, NV, NM, OR, UT, WA, WY)","High school diploma (Regular 12 year program)","In CBSA, in central city","NO","3: Mother","NO","NO","NO","NO","YES","0: 0  CONDITION DOES NOT APPLY","ALWAYS WITH RIGHT HAND","ALWAYS WITH RIGHT HAND","ALWAYS WITH RIGHT HAND","ALWAYS WITH RIGHT HAND","ALWAYS WITH LEFT HAND","1: 1  CONDITION APPLIES","1: 1  CONDITION APPLIES","NO","FEMALE","FEMALE"
1981,64735,3,1,2,21000,5,183,2,1,4,4,4,6,2,2,2,2,2,6,2,6,1,1,31,22,"Male","Non-Black / Non-Hispanic","South (AL, AR, DE, DC, FL, GA, KY, LA, MD, MS, NC, OK, SC, TN , TX, VA, WV)","Bachelor's degree (BA, BS)","In CBSA, not in central city","YES","3: Mother","YES","NO","YES","NO","YES","0: 0  CONDITION DOES NOT APPLY","ALWAYS WITH RIGHT HAND","ALWAYS WITH RIGHT HAND","ALWAYS WITH RIGHT HAND","ALWAYS WITH RIGHT HAND","ALWAYS WITH LEFT HAND","1: 1  CONDITION APPLIES","1: 1  CONDITION APPLIES","NO","FEMALE","FEMALE"
1983,64735,2,0,2,37000,5,179,1,1,3,3,4,4,2,2,2,1,2,3,3,8,1,1,31,20,"Male","Non-Black / Non-Hispanic","South (AL, AR, DE, DC, FL, GA, KY, LA, MD, MS, NC, OK, SC, TN , TX, VA, WV)","High school diploma (Regular 12 year program)","In CBSA, not in central city","NO","3: Mother","NO","NO","NO","NO","YES","0: 0  CONDITION DOES NOT APPLY","ALWAYS WITH RIGHT HAND","ALWAYS WITH RIGHT HAND","ALWAYS WITH RIGHT HAND","ALWAYS WITH RIGHT HAND","ALWAYS WITH LEFT HAND","0: 0  CONDITION DOES NOT APPLY","0: 0  CONDITION DOES NOT APPLY","NO","FEMALE","MALE"
1981,64735,2,0,1,33790,5,183,1,1,5,2,1,1,2,2,2,1,2,4,1,6,5,2,28,15,"Male","Non-Black / Non-Hispanic","North Central (IL, IN, IA, KS, MI, MN, MO, NE, OH, ND, SD, WI)","Bachelor's degree (BA, BS)","In CBSA, in central city","NO","3: Mother","NO","NO","NO","NO","NO","0: 0  CONDITION DOES NOT APPLY","ALWAYS WITH RIGHT HAND","ALWAYS WITH RIGHT HAND","ALWAYS WITH RIGHT HAND","ALWAYS WITH RIGHT HAND","ALWAYS WITH LEFT HAND","1: 1  CONDITION APPLIES","1: 1  CONDITION APPLIES","NO","MALE","MALE"
1982,64735,2,0,2,17000,6,340,1,1,4,4,2,2,2,2,2,3,1,1,3,6,1,1,29,23,"Male","Black","North Central (IL, IN, IA, KS, MI, MN, MO, NE, OH, ND, SD, WI)","High school diploma (Regular 12 year program)","In CBSA, in central city","NO","3: Mother","NO","NO","NO","NO","YES","0: 0  CONDITION DOES NOT APPLY","ALWAYS WITH RIGHT HAND","ALWAYS WITH RIGHT HAND","ALWAYS WITH RIGHT HAND","ALWAYS WITH RIGHT HAND","ALWAYS WITH LEFT HAND","1: 1  CONDITION APPLIES","1: 1  CONDITION APPLIES","NO","FEMALE","FEMALE"
1984,64735,5,0,4,33790,5,182,2,1,5,4,2,5,1,2,1,2,1,6,3,8,1,1,39,79,"Male","Non-Black / Non-Hispanic","North Central (IL, IN, IA, KS, MI, MN, MO, NE, OH, ND, SD, WI)","High school diploma (Regular 12 year program)","In CBSA, not in central city","YES","3: Mother","YES","NO","NO","NO","YES","0: 0  CONDITION DOES NOT APPLY","ALWAYS WITH RIGHT HAND","ALWAYS WITH RIGHT HAND","ALWAYS WITH RIGHT HAND","ALWAYS WITH RIGHT HAND","ALWAYS WITH LEFT HAND","0: 0  CONDITION DOES NOT APPLY","1: 1  CONDITION APPLIES","NO","FEMALE","MALE"
1982,64735,3,1,2,33790,6,225,2,2,2,4,2,2,1,1,1,2,1,3,3,7,1,1,32,20,"Male","Black","North Central (IL, IN, IA, KS, MI, MN, MO, NE, OH, ND, SD, WI)","High school diploma (Regular 12 year program)","In CBSA, not in central city","YES","3: Mother","NO","YES","NO","NO","YES","0: 0  CONDITION DOES NOT APPLY","ALWAYS WITH LEFT HAND","ALWAYS WITH LEFT HAND","ALWAYS WITH LEFT HAND","ALWAYS WITH LEFT HAND","ALWAYS WITH RIGHT HAND","1: 1  CONDITION APPLIES","0: 0  CONDITION DOES NOT APPLY","YES","MALE","MALE"
1983,71000,3,0,1,33790,5,182,1,1,3,4,3,6,2,2,1,2,1,6,2,6,1,1,29,21,"Female","Non-Black / Non-Hispanic","North Central (IL, IN, IA, KS, MI, MN, MO, NE, OH, ND, SD, WI)","Bachelor's degree (BA, BS)","In CBSA, not in central city","NO","3: Mother","NO","NO","NO","NO","YES","0: 0  CONDITION DOES NOT APPLY","ALWAYS WITH RIGHT HAND","ALWAYS WITH RIGHT HAND","ALWAYS WITH RIGHT HAND","ALWAYS WITH RIGHT HAND","ALWAYS WITH RIGHT HAND","0: 0  CONDITION DOES NOT APPLY","1: 1  CONDITION APPLIES","NO","MALE","FEMALE"
1985,64735,5,0,2,13000,5,179,1,1,1,3,5,4,2,1,2,2,1,3,2,7,1,1,31,21,"Female","Hispanic","West (AK, AZ, CA, CO, HI, ID, MT, NV, NM, OR, UT, WA, WY)","High school diploma (Regular 12 year program)","In CBSA, not in central city","NO","3: Mother","NO","YES","NO","NO","NO","0: 0  CONDITION DOES NOT APPLY","ALWAYS WITH RIGHT HAND","ALWAYS WITH RIGHT HAND","ALWAYS WITH RIGHT HAND","ALWAYS WITH RIGHT HAND","ALWAYS WITH LEFT HAND","1: 1  CONDITION APPLIES","1: 1  CONDITION APPLIES","NO","MALE","MALE"
1985,64735,3,0,2,48000,5,182,1,2,2,1,3,2,2,2,2,2,2,7,2,7,1,1,33,22,"Male","Non-Black / Non-Hispanic","North Central (IL, IN, IA, KS, MI, MN, MO, NE, OH, ND, SD, WI)","Associate/Junior college (AA)","In CBSA, not in central city","NO","3: Mother","YES","NO","NO","NO","YES","0: 0  CONDITION DOES NOT APPLY","ALWAYS WITH RIGHT HAND","ALWAYS WITH RIGHT HAND","ALWAYS WITH RIGHT HAND","ALWAYS WITH RIGHT HAND","ALWAYS WITH LEFT HAND","0: 0  CONDITION DOES NOT APPLY","1: 1  CONDITION APPLIES","YES","FEMALE","MALE"
1985,64735,3,0,2,33790,5,183,1,2,2,5,2,3,1,2,2,1,1,7,1,7,1,1,30,22,"Male","Non-Black / Non-Hispanic","Northeast (CT, ME, MA, NH, NJ, NY, PA, RI, VT)","Bachelor's degree (BA, BS)","In CBSA, not in central city","NO","3: Mother","YES","YES","NO","NO","NO","0: 0  CONDITION DOES NOT APPLY","ALWAYS WITH RIGHT HAND","ALWAYS WITH RIGHT HAND","ALWAYS WITH RIGHT HAND","ALWAYS WITH RIGHT HAND","ALWAYS WITH LEFT HAND","1: 1  CONDITION APPLIES","1: 1  CONDITION APPLIES","NO","FEMALE","MALE"
1981,64735,2,0,3,33790,5,182,2,2,4,4,2,3,2,2,2,2,1,6,1,6,1,1,39,60,"Female","Black","North Central (IL, IN, IA, KS, MI, MN, MO, NE, OH, ND, SD, WI)","None","In CBSA, not in central city","YES","3: Mother","YES","NO","NO","NO","YES","0: 0  CONDITION DOES NOT APPLY","ALWAYS WITH RIGHT HAND","USUALLY WITH RIGHT HAND","ALWAYS WITH RIGHT HAND","ALWAYS WITH RIGHT HAND","ALWAYS WITH LEFT HAND","0: 0  CONDITION DOES NOT APPLY","1: 1  CONDITION APPLIES","YES","FEMALE","FEMALE"
1984,178234,4,0,2,33790,5,183,1,1,4,3,1,3,2,2,2,2,2,5,3,7,2,1,35,56,"Male","Non-Black / Non-Hispanic","South (AL, AR, DE, DC, FL, GA, KY, LA, MD, MS, NC, OK, SC, TN , TX, VA, WV)","Associate/Junior college (AA)","In CBSA, not in central city","YES","3: Mother","YES","YES","YES","NO","YES","0: 0  CONDITION DOES NOT APPLY","ALWAYS WITH RIGHT HAND","ALWAYS WITH RIGHT HAND","ALWAYS WITH RIGHT HAND","ALWAYS WITH RIGHT HAND","USUALLY WITH BOTH HANDS EQUALLY","1: 1  CONDITION APPLIES","1: 1  CONDITION APPLIES","NO","FEMALE","MALE"
1983,64735,1,0,2,33790,5,184,1,2,2,4,3,3,2,2,1,2,2,4,4,7,1,1,33,23,"Male","Non-Black / Non-Hispanic","West (AK, AZ, CA, CO, HI, ID, MT, NV, NM, OR, UT, WA, WY)","High school diploma (Regular 12 year program)","In CBSA, not in central city","NO","3: Mother","NO","NO","YES","NO","YES","0: 0  CONDITION DOES NOT APPLY","ALWAYS WITH RIGHT HAND","ALWAYS WITH RIGHT HAND","ALWAYS WITH RIGHT HAND","ALWAYS WITH RIGHT HAND","ALWAYS WITH LEFT HAND","1: 1  CONDITION APPLIES","0: 0  CONDITION DOES NOT APPLY","NO","FEMALE","MALE"
1981,64735,4,0,4,33790,5,115,1,2,2,3,5,3,2,2,2,2,2,4,5,7,1,1,33,21,"Male","Non-Black / Non-Hispanic","West (AK, AZ, CA, CO, HI, ID, MT, NV, NM, OR, UT, WA, WY)","Bachelor's degree (BA, BS)","In CBSA, in central city","NO","3: Mother","YES","NO","NO","NO","NO","0: 0  CONDITION DOES NOT APPLY","ALWAYS WITH RIGHT HAND","ALWAYS WITH RIGHT HAND","USUALLY WITH RIGHT HAND","ALWAYS WITH RIGHT HAND","USUALLY WITH LEFT HAND","1: 1  CONDITION APPLIES","1: 1  CONDITION APPLIES","YES","FEMALE","MALE"
1983,64735,4,0,3,33000,5,182,1,1,1,3,7,3,2,2,2,1,2,4,2,7,1,2,39,51,"Female","Non-Black / Non-Hispanic","North Central (IL, IN, IA, KS, MI, MN, MO, NE, OH, ND, SD, WI)","GED","In CBSA, not in central city","YES","3: Mother","NO","YES","YES","NO","YES","0: 0  CONDITION DOES NOT APPLY","ALWAYS WITH RIGHT HAND","ALWAYS WITH RIGHT HAND","ALWAYS WITH RIGHT HAND","ALWAYS WITH RIGHT HAND","ALWAYS WITH LEFT HAND","1: 1  CONDITION APPLIES","1: 1  CONDITION APPLIES","NO","FEMALE","MALE"
1980,33936,4,0,3,33790,5,156,1,1,2,2,4,6,2,1,2,1,1,5,2,7,1,1,31,22,"Female","Non-Black / Non-Hispanic","West (AK, AZ, CA, CO, HI, ID, MT, NV, NM, OR, UT, WA, WY)","High school diploma (Regular 12 year program)","In CBSA, not in central city","NO","3: Mother","YES","NO","NO","NO","YES","0: 0  CONDITION DOES NOT APPLY","ALWAYS WITH RIGHT HAND","ALWAYS WITH RIGHT HAND","ALWAYS WITH RIGHT HAND","ALWAYS WITH RIGHT HAND","ALWAYS WITH LEFT HAND","0: 0  CONDITION DOES NOT APPLY","1: 1  CONDITION APPLIES","NO","MALE","MALE"
1983,64735,6,1,1,1500,5,183,1,2,2,4,1,3,2,2,1,2,1,4,2,6,1,2,31,21,"Female","Non-Black / Non-Hispanic","West (AK, AZ, CA, CO, HI, ID, MT, NV, NM, OR, UT, WA, WY)","Bachelor's degree (BA, BS)","In CBSA, not in central city","NO","3: Mother","YES","YES","NO","NO","YES","0: 0  CONDITION DOES NOT APPLY","ALWAYS WITH RIGHT HAND","ALWAYS WITH RIGHT HAND","ALWAYS WITH RIGHT HAND","ALWAYS WITH RIGHT HAND","ALWAYS WITH LEFT HAND","0: 0  CONDITION DOES NOT APPLY","1: 1  CONDITION APPLIES","NO","FEMALE","FEMALE"
1983,64735,6,1,4,33790,5,181,1,1,2,3,5,6,2,2,2,1,1,4,2,7,1,1,31,19,"Female","Non-Black / Non-Hispanic","West (AK, AZ, CA, CO, HI, ID, MT, NV, NM, OR, UT, WA, WY)","High school diploma (Regular 12 year program)","In CBSA, not in central city","NO","3: Mother","NO","NO","NO","NO","YES","0: 0  CONDITION DOES NOT APPLY","ALWAYS WITH RIGHT HAND","ALWAYS WITH RIGHT HAND","ALWAYS WITH RIGHT HAND","ALWAYS WITH RIGHT HAND","ALWAYS WITH LEFT HAND","1: 1  CONDITION APPLIES","1: 1  CONDITION APPLIES","NO","FEMALE","FEMALE"
1982,64735,4,0,2,33790,5,183,1,1,1,4,2,5,2,2,2,1,1,3,3,7,1,1,34,27,"Female","Black","South (AL, AR, DE, DC, FL, GA, KY, LA, MD, MS, NC, OK, SC, TN , TX, VA, WV)","Bachelor's degree (BA, BS)","In CBSA, in central city","YES","3: Mother","NO","NO","NO","NO","YES","0: 0  CONDITION DOES NOT APPLY","ALWAYS WITH RIGHT HAND","ALWAYS WITH RIGHT HAND","ALWAYS WITH RIGHT HAND","ALWAYS WITH RIGHT HAND","ALWAYS WITH LEFT HAND","1: 1  CONDITION APPLIES","1: 1  CONDITION APPLIES","NO","FEMALE","FEMALE"
1981,64735,5,0,1,33790,6,180,1,1,2,3,5,5,2,2,1,2,1,4,3,7,1,1,30,19,"Male","Non-Black / Non-Hispanic","West (AK, AZ, CA, CO, HI, ID, MT, NV, NM, OR, UT, WA, WY)","Bachelor's degree (BA, BS)","In CBSA, not in central city","NO","3: Mother","YES","NO","YES","NO","YES","0: 0  CONDITION DOES NOT APPLY","ALWAYS WITH RIGHT HAND","ALWAYS WITH RIGHT HAND","ALWAYS WITH RIGHT HAND","ALWAYS WITH RIGHT HAND","ALWAYS WITH LEFT HAND","0: 0  CONDITION DOES NOT APPLY","1: 1  CONDITION APPLIES","NO","MALE","FEMALE"
1981,64735,4,1,2,33790,5,182,2,1,2,4,2,4,2,2,2,1,1,6,2,8,1,1,30,19,"Male","Non-Black / Non-Hispanic","West (AK, AZ, CA, CO, HI, ID, MT, NV, NM, OR, UT, WA, WY)","High school diploma (Regular 12 year program)","In CBSA, not in central city","NO","3: Mother","NO","NO","NO","NO","YES","0: 0  CONDITION DOES NOT APPLY","ALWAYS WITH RIGHT HAND","ALWAYS WITH RIGHT HAND","ALWAYS WITH RIGHT HAND","ALWAYS WITH RIGHT HAND","ALWAYS WITH LEFT HAND","1: 1  CONDITION APPLIES","1: 1  CONDITION APPLIES","NO","FEMALE","FEMALE"
1984,64735,4,1,2,33790,5,170,2,2,4,4,1,5,2,2,2,2,1,4,1,8,6,1,30,18,"Female","Non-Black / Non-Hispanic","South (AL, AR, DE, DC, FL, GA, KY, LA, MD, MS, NC, OK, SC, TN , TX, VA, WV)","High school diploma (Regular 12 year program)","In CBSA, not in central city","NO","3: Mother","YES","NO","NO","NO","YES","0: 0  CONDITION DOES NOT APPLY","ALWAYS WITH RIGHT HAND","ALWAYS WITH LEFT HAND","ALWAYS WITH RIGHT HAND","ALWAYS WITH LEFT HAND","ALWAYS WITH LEFT HAND","1: 1  CONDITION APPLIES","1: 1  CONDITION APPLIES","NO","FEMALE","MALE"
1982,42000,2,2,2,33790,5,181,1,1,3,3,6,5,2,2,1,2,1,4,3,7,1,1,29,20,"Male","Non-Black / Non-Hispanic","West (AK, AZ, CA, CO, HI, ID, MT, NV, NM, OR, UT, WA, WY)","Associate/Junior college (AA)","In CBSA, not in central city","NO","3: Mother","NO","NO","NO","NO","YES","0: 0  CONDITION DOES NOT APPLY","ALWAYS WITH RIGHT HAND","ALWAYS WITH RIGHT HAND","ALWAYS WITH RIGHT HAND","ALWAYS WITH RIGHT HAND","ALWAYS WITH LEFT HAND","1: 1  CONDITION APPLIES","0: 0  CONDITION DOES NOT APPLY","NO","FEMALE","MALE"
1982,64735,3,1,2,70000,5,183,1,2,2,4,4,3,2,2,2,2,1,7,3,7,1,1,32,21,"Female","Non-Black / Non-Hispanic","South (AL, AR, DE, DC, FL, GA, KY, LA, MD, MS, NC, OK, SC, TN , TX, VA, WV)","High school diploma (Regular 12 year program)","In CBSA, not in central city","NO","3: Mother","NO","NO","NO","NO","YES","0: 0  CONDITION DOES NOT APPLY","ALWAYS WITH RIGHT HAND","ALWAYS WITH LEFT HAND","ALWAYS WITH RIGHT HAND","ALWAYS WITH LEFT HAND","ALWAYS WITH RIGHT HAND","1: 1  CONDITION APPLIES","1: 1  CONDITION APPLIES","NO","MALE","MALE"
1984,64735,3,1,2,15000,5,182,1,1,3,5,5,3,1,1,1,1,1,5,2,6,1,1,29,0,"Female","Non-Black / Non-Hispanic","North Central (IL, IN, IA, KS, MI, MN, MO, NE, OH, ND, SD, WI)","Bachelor's degree (BA, BS)","In CBSA, in central city","NO","3: Mother","NO","NO","NO","NO","YES","0: 0  CONDITION DOES NOT APPLY","DON'T DO THIS ACTIVITY","ALWAYS WITH RIGHT HAND","ALWAYS WITH RIGHT HAND","ALWAYS WITH RIGHT HAND","ALWAYS WITH LEFT HAND","0: 0  CONDITION DOES NOT APPLY","1: 1  CONDITION APPLIES","NO","MALE","FEMALE"
1981,64735,3,1,1,33790,5,175,1,1,2,4,5,6,1,2,1,2,2,6,2,8,1,1,29,21,"Male","Non-Black / Non-Hispanic","North Central (IL, IN, IA, KS, MI, MN, MO, NE, OH, ND, SD, WI)","Master's degree (MA, MS)","In CBSA, in central city","NO","3: Mother","YES","YES","YES","NO","YES","0: 0  CONDITION DOES NOT APPLY","DON'T DO THIS ACTIVITY","DON'T DO THIS ACTIVITY","DON'T DO THIS ACTIVITY","USUALLY WITH BOTH HANDS EQUALLY","ALWAYS WITH LEFT HAND","0: 0  CONDITION DOES NOT APPLY","1: 1  CONDITION APPLIES","NO","FEMALE","MALE"
1983,64735,3,0,1,33790,5,183,1,1,2,2,5,4,2,2,1,2,1,5,3,8,1,1,28,21,"Male","Non-Black / Non-Hispanic","South (AL, AR, DE, DC, FL, GA, KY, LA, MD, MS, NC, OK, SC, TN , TX, VA, WV)","Bachelor's degree (BA, BS)","In CBSA, not in central city","NO","3: Mother","NO","NO","NO","NO","YES","0: 0  CONDITION DOES NOT APPLY","ALWAYS WITH RIGHT HAND","ALWAYS WITH RIGHT HAND","ALWAYS WITH RIGHT HAND","ALWAYS WITH RIGHT HAND","ALWAYS WITH LEFT HAND","0: 0  CONDITION DOES NOT APPLY","1: 1  CONDITION APPLIES","NO","FEMALE","MALE"
1983,18000,3,1,1,33790,5,181,2,1,3,1,2,3,2,2,1,1,2,1,3,7,1,1,27,22,"Male","Non-Black / Non-Hispanic","South (AL, AR, DE, DC, FL, GA, KY, LA, MD, MS, NC, OK, SC, TN , TX, VA, WV)","GED","In CBSA, in central city","NO","3: Mother","YES","NO","YES","NO","YES","0: 0  CONDITION DOES NOT APPLY","ALWAYS WITH RIGHT HAND","ALWAYS WITH RIGHT HAND","DON'T DO THIS ACTIVITY","ALWAYS WITH RIGHT HAND","ALWAYS WITH LEFT HAND","1: 1  CONDITION APPLIES","1: 1  CONDITION APPLIES","NO","FEMALE","MALE"
1982,64735,2,1,4,33790,5,186,2,2,5,2,2,5,2,2,1,2,1,5,4,6,1,1,29,20,"Male","Non-Black / Non-Hispanic","North Central (IL, IN, IA, KS, MI, MN, MO, NE, OH, ND, SD, WI)","High school diploma (Regular 12 year program)","In CBSA, in central city","NO","3: Mother","YES","NO","NO","NO","NO","0: 0  CONDITION DOES NOT APPLY","ALWAYS WITH LEFT HAND","ALWAYS WITH RIGHT HAND","ALWAYS WITH LEFT HAND","ALWAYS WITH RIGHT HAND","ALWAYS WITH RIGHT HAND","1: 1  CONDITION APPLIES","1: 1  CONDITION APPLIES","NO","FEMALE","FEMALE"
1980,28921,4,1,1,33790,5,183,2,1,3,3,2,4,2,2,1,1,1,6,2,6,1,1,31,21,"Female","Non-Black / Non-Hispanic","South (AL, AR, DE, DC, FL, GA, KY, LA, MD, MS, NC, OK, SC, TN , TX, VA, WV)","Bachelor's degree (BA, BS)","In CBSA, not in central city","NO","3: Mother","NO","NO","NO","NO","YES","0: 0  CONDITION DOES NOT APPLY","ALWAYS WITH RIGHT HAND","ALWAYS WITH RIGHT HAND","ALWAYS WITH RIGHT HAND","ALWAYS WITH RIGHT HAND","ALWAYS WITH LEFT HAND","1: 1  CONDITION APPLIES","0: 0  CONDITION DOES NOT APPLY","NO","MALE","MALE"
1983,64735,2,0,2,5000,6,182,2,1,5,3,2,7,2,2,2,2,1,6,1,7,1,1,30,22,"Female","Black","South (AL, AR, DE, DC, FL, GA, KY, LA, MD, MS, NC, OK, SC, TN , TX, VA, WV)","Bachelor's degree (BA, BS)","In CBSA, not in central city","NO","3: Mother","YES","NO","NO","NO","YES","0: 0  CONDITION DOES NOT APPLY","ALWAYS WITH RIGHT HAND","ALWAYS WITH RIGHT HAND","ALWAYS WITH RIGHT HAND","ALWAYS WITH RIGHT HAND","ALWAYS WITH LEFT HAND","0: 0  CONDITION DOES NOT APPLY","1: 1  CONDITION APPLIES","NO","FEMALE","MALE"
1981,64735,2,0,1,33790,5,181,1,1,2,3,2,4,2,2,1,2,1,6,2,7,1,1,32,24,"Male","Non-Black / Non-Hispanic","South (AL, AR, DE, DC, FL, GA, KY, LA, MD, MS, NC, OK, SC, TN , TX, VA, WV)","Bachelor's degree (BA, BS)","In CBSA, in central city","NO","3: Mother","NO","YES","NO","NO","YES","0: 0  CONDITION DOES NOT APPLY","ALWAYS WITH RIGHT HAND","ALWAYS WITH RIGHT HAND","ALWAYS WITH RIGHT HAND","ALWAYS WITH RIGHT HAND","ALWAYS WITH LEFT HAND","1: 1  CONDITION APPLIES","1: 1  CONDITION APPLIES","NO","FEMALE","FEMALE"
1982,64735,3,0,2,33790,5,182,1,1,4,1,6,4,2,2,1,1,2,4,3,8,1,1,26,22,"Female","Non-Black / Non-Hispanic","South (AL, AR, DE, DC, FL, GA, KY, LA, MD, MS, NC, OK, SC, TN , TX, VA, WV)","Associate/Junior college (AA)","In CBSA, not in central city","NO","3: Mother","YES","YES","NO","NO","YES","0: 0  CONDITION DOES NOT APPLY","ALWAYS WITH LEFT HAND","ALWAYS WITH LEFT HAND","ALWAYS WITH LEFT HAND","ALWAYS WITH RIGHT HAND","ALWAYS WITH RIGHT HAND","1: 1  CONDITION APPLIES","1: 1  CONDITION APPLIES","NO","MALE","MALE"
1982,64735,2,1,2,33790,5,183,1,1,5,2,3,3,2,2,2,2,2,6,4,6,4,1,31,22,"Male","Non-Black / Non-Hispanic","West (AK, AZ, CA, CO, HI, ID, MT, NV, NM, OR, UT, WA, WY)","Bachelor's degree (BA, BS)","In CBSA, not in central city","NO","3: Mother","YES","NO","NO","NO","YES","0: 0  CONDITION DOES NOT APPLY","ALWAYS WITH RIGHT HAND","ALWAYS WITH RIGHT HAND","ALWAYS WITH RIGHT HAND","ALWAYS WITH RIGHT HAND","ALWAYS WITH LEFT HAND","1: 1  CONDITION APPLIES","1: 1  CONDITION APPLIES","YES","FEMALE","MALE"
1984,29951,7,4,1,33790,5,175,2,1,1,7,4,5,2,2,1,2,1,1,6,8,1,1,15,6,"Female","Non-Black / Non-Hispanic","North Central (IL, IN, IA, KS, MI, MN, MO, NE, OH, ND, SD, WI)","GED","In CBSA, in central city","NO","3: Mother","NO","NO","NO","NO","YES","0: 0  CONDITION DOES NOT APPLY","ALWAYS WITH RIGHT HAND","ALWAYS WITH RIGHT HAND","ALWAYS WITH RIGHT HAND","ALWAYS WITH RIGHT HAND","ALWAYS WITH LEFT HAND","1: 1  CONDITION APPLIES","1: 1  CONDITION APPLIES","NO","MALE","FEMALE"
1981,64735,3,1,3,33790,6,260,1,1,4,5,2,4,2,2,1,2,2,2,5,5,1,1,30,20,"Male","Non-Black / Non-Hispanic","South (AL, AR, DE, DC, FL, GA, KY, LA, MD, MS, NC, OK, SC, TN , TX, VA, WV)","High school diploma (Regular 12 year program)","In CBSA, in central city","NO","3: Mother","YES","NO","NO","NO","NO","0: 0  CONDITION DOES NOT APPLY","ALWAYS WITH RIGHT HAND","DON'T DO THIS ACTIVITY","ALWAYS WITH RIGHT HAND","ALWAYS WITH RIGHT HAND","ALWAYS WITH LEFT HAND","0: 0  CONDITION DOES NOT APPLY","1: 1  CONDITION APPLIES","NO","FEMALE","FEMALE"
1981,64735,4,0,1,33790,5,184,1,1,3,4,2,4,2,2,2,2,1,6,3,6,1,1,31,20,"Male","Non-Black / Non-Hispanic","South (AL, AR, DE, DC, FL, GA, KY, LA, MD, MS, NC, OK, SC, TN , TX, VA, WV)","High school diploma (Regular 12 year program)","In CBSA, in central city","NO","3: Mother","NO","YES","NO","NO","YES","0: 0  CONDITION DOES NOT APPLY","ALWAYS WITH RIGHT HAND","ALWAYS WITH RIGHT HAND","ALWAYS WITH RIGHT HAND","ALWAYS WITH RIGHT HAND","ALWAYS WITH LEFT HAND","1: 1  CONDITION APPLIES","1: 1  CONDITION APPLIES","NO","FEMALE","FEMALE"
1980,64735,3,1,2,33790,5,135,1,1,4,4,7,1,2,1,2,1,1,2,2,7,1,1,34,22,"Female","Non-Black / Non-Hispanic","South (AL, AR, DE, DC, FL, GA, KY, LA, MD, MS, NC, OK, SC, TN , TX, VA, WV)","High school diploma (Regular 12 year program)","In CBSA, in central city","NO","3: Mother","NO","NO","NO","NO","YES","0: 0  CONDITION DOES NOT APPLY","ALWAYS WITH RIGHT HAND","ALWAYS WITH RIGHT HAND","ALWAYS WITH RIGHT HAND","ALWAYS WITH RIGHT HAND","ALWAYS WITH LEFT HAND","1: 1  CONDITION APPLIES","1: 1  CONDITION APPLIES","NO","FEMALE","MALE"
1982,64735,3,0,4,600,5,180,1,1,1,1,1,4,2,2,2,2,1,6,4,7,1,1,29,23,"Male","Hispanic","Northeast (CT, ME, MA, NH, NJ, NY, PA, RI, VT)","GED","In CBSA, in central city","NO","3: Mother","YES","YES","YES","NO","YES","0: 0  CONDITION DOES NOT APPLY","ALWAYS WITH RIGHT HAND","ALWAYS WITH RIGHT HAND","ALWAYS WITH RIGHT HAND","ALWAYS WITH RIGHT HAND","ALWAYS WITH RIGHT HAND","1: 1  CONDITION APPLIES","1: 1  CONDITION APPLIES","NO","FEMALE","MALE"
1984,64735,3,1,1,33790,5,183,1,1,2,5,4,6,2,2,1,2,1,1,3,6,1,1,31,18,"Male","Non-Black / Non-Hispanic","North Central (IL, IN, IA, KS, MI, MN, MO, NE, OH, ND, SD, WI)","Bachelor's degree (BA, BS)","In CBSA, in central city","NO","3: Mother","YES","NO","NO","NO","YES","0: 0  CONDITION DOES NOT APPLY","ALWAYS WITH LEFT HAND","ALWAYS WITH LEFT HAND","ALWAYS WITH LEFT HAND","ALWAYS WITH LEFT HAND","ALWAYS WITH LEFT HAND","0: 0  CONDITION DOES NOT APPLY","1: 1  CONDITION APPLIES","NO","FEMALE","FEMALE"
1987,47000,1,1,4,33790,5,188,2,2,1,5,4,4,2,2,2,2,2,5,4,9,1,1,21,3,"Female","Black","North Central (IL, IN, IA, KS, MI, MN, MO, NE, OH, ND, SD, WI)","High school diploma (Regular 12 year program)","In CBSA, not in central city","NO","3: Mother","NO","NO","NO","NO","YES","0: 0  CONDITION DOES NOT APPLY","ALWAYS WITH LEFT HAND","ALWAYS WITH LEFT HAND","ALWAYS WITH LEFT HAND","ALWAYS WITH LEFT HAND","ALWAYS WITH LEFT HAND","1: 1  CONDITION APPLIES","1: 1  CONDITION APPLIES","NO","MALE","FEMALE"
1981,64735,4,1,3,33790,5,182,1,2,1,7,3,3,2,1,2,2,1,6,1,7,1,1,32,27,"Female","Non-Black / Non-Hispanic","North Central (IL, IN, IA, KS, MI, MN, MO, NE, OH, ND, SD, WI)","High school diploma (Regular 12 year program)","In CBSA, not in central city","NO","3: Mother","NO","NO","NO","NO","YES","0: 0  CONDITION DOES NOT APPLY","ALWAYS WITH RIGHT HAND","USUALLY WITH BOTH HANDS EQUALLY","ALWAYS WITH RIGHT HAND","ALWAYS WITH RIGHT HAND","ALWAYS WITH LEFT HAND","1: 1  CONDITION APPLIES","1: 1  CONDITION APPLIES","NO","FEMALE","FEMALE"
1984,64735,5,1,3,33790,5,182,1,3,2,3,2,2,1,2,2,2,1,5,1,7,1,1,37,26,"Female","Non-Black / Non-Hispanic","North Central (IL, IN, IA, KS, MI, MN, MO, NE, OH, ND, SD, WI)","High school diploma (Regular 12 year program)","In CBSA, not in central city","YES","3: Mother","NO","YES","NO","NO","YES","0: 0  CONDITION DOES NOT APPLY","ALWAYS WITH RIGHT HAND","ALWAYS WITH RIGHT HAND","ALWAYS WITH RIGHT HAND","ALWAYS WITH RIGHT HAND","ALWAYS WITH LEFT HAND","1: 1  CONDITION APPLIES","1: 1  CONDITION APPLIES","NO","FEMALE","MALE"
1984,64735,3,0,1,33790,5,183,1,1,3,4,1,4,2,2,1,2,1,3,4,8,1,1,31,18,"Male","Non-Black / Non-Hispanic","South (AL, AR, DE, DC, FL, GA, KY, LA, MD, MS, NC, OK, SC, TN , TX, VA, WV)","High school diploma (Regular 12 year program)","In CBSA, not in central city","YES","3: Mother","NO","NO","NO","NO","YES","0: 0  CONDITION DOES NOT APPLY","ALWAYS WITH LEFT HAND","ALWAYS WITH RIGHT HAND","ALWAYS WITH RIGHT HAND","ALWAYS WITH RIGHT HAND","ALWAYS WITH LEFT HAND","1: 1  CONDITION APPLIES","1: 1  CONDITION APPLIES","NO","MALE","MALE"
1984,64735,2,0,2,33790,5,235,2,1,3,5,2,4,2,2,2,2,1,3,3,7,1,1,30,22,"Male","Hispanic","South (AL, AR, DE, DC, FL, GA, KY, LA, MD, MS, NC, OK, SC, TN , TX, VA, WV)","High school diploma (Regular 12 year program)","In CBSA, not in central city","NO","3: Mother","YES","NO","NO","NO","NO","0: 0  CONDITION DOES NOT APPLY","ALWAYS WITH RIGHT HAND","ALWAYS WITH RIGHT HAND","ALWAYS WITH RIGHT HAND","ALWAYS WITH RIGHT HAND","ALWAYS WITH LEFT HAND","1: 1  CONDITION APPLIES","1: 1  CONDITION APPLIES","NO","FEMALE","FEMALE"
1981,64735,3,1,3,33790,5,184,2,2,4,2,3,5,2,2,1,1,1,9,2,6,1,1,29,20,"Male","Non-Black / Non-Hispanic","North Central (IL, IN, IA, KS, MI, MN, MO, NE, OH, ND, SD, WI)","High school diploma (Regular 12 year program)","In CBSA, in central city","NO","3: Mother","YES","YES","NO","NO","YES","0: 0  CONDITION DOES NOT APPLY","ALWAYS WITH RIGHT HAND","ALWAYS WITH RIGHT HAND","ALWAYS WITH RIGHT HAND","ALWAYS WITH RIGHT HAND","ALWAYS WITH LEFT HAND","1: 1  CONDITION APPLIES","0: 0  CONDITION DOES NOT APPLY","NO","FEMALE","FEMALE"
1983,86000,2,0,1,26000,5,183,1,2,2,4,3,6,1,2,1,2,1,5,2,7,1,1,31,23,"Male","Black","North Central (IL, IN, IA, KS, MI, MN, MO, NE, OH, ND, SD, WI)","Professional degree (DDS, JD, MD)","In CBSA, not in central city","YES","3: Mother","YES","NO","NO","NO","YES","0: 0  CONDITION DOES NOT APPLY","ALWAYS WITH RIGHT HAND","ALWAYS WITH RIGHT HAND","ALWAYS WITH RIGHT HAND","ALWAYS WITH RIGHT HAND","USUALLY WITH LEFT HAND","0: 0  CONDITION DOES NOT APPLY","1: 1  CONDITION APPLIES","NO","FEMALE","FEMALE"
1983,64735,2,0,1,42000,5,181,1,1,4,3,1,4,1,1,2,1,1,6,3,6,2,1,37,24,"Female","Black","South (AL, AR, DE, DC, FL, GA, KY, LA, MD, MS, NC, OK, SC, TN , TX, VA, WV)","High school diploma (Regular 12 year program)","In CBSA, not in central city","NO","3: Mother","YES","NO","NO","NO","YES","0: 0  CONDITION DOES NOT APPLY","ALWAYS WITH RIGHT HAND","ALWAYS WITH RIGHT HAND","USUALLY WITH BOTH HANDS EQUALLY","ALWAYS WITH RIGHT HAND","ALWAYS WITH LEFT HAND","1: 1  CONDITION APPLIES","1: 1  CONDITION APPLIES","NO","FEMALE","FEMALE"
1985,64735,3,1,2,33790,5,184,1,1,2,3,3,2,1,2,1,2,1,2,3,7,1,1,32,21,"Male","Non-Black / Non-Hispanic","South (AL, AR, DE, DC, FL, GA, KY, LA, MD, MS, NC, OK, SC, TN , TX, VA, WV)","High school diploma (Regular 12 year program)","In CBSA, in central city","NO","3: Mother","YES","NO","NO","NO","YES","0: 0  CONDITION DOES NOT APPLY","ALWAYS WITH RIGHT HAND","ALWAYS WITH RIGHT HAND","ALWAYS WITH RIGHT HAND","ALWAYS WITH RIGHT HAND","ALWAYS WITH LEFT HAND","1: 1  CONDITION APPLIES","1: 1  CONDITION APPLIES","NO","MALE","FEMALE"
1983,60785,3,0,1,33790,6,186,1,1,3,4,3,2,2,2,1,1,1,6,2,5,4,1,27,20,"Male","Black","West (AK, AZ, CA, CO, HI, ID, MT, NV, NM, OR, UT, WA, WY)","High school diploma (Regular 12 year program)","In CBSA, in central city","NO","3: Mother","YES","NO","NO","NO","YES","0: 0  CONDITION DOES NOT APPLY","ALWAYS WITH RIGHT HAND","ALWAYS WITH RIGHT HAND","ALWAYS WITH RIGHT HAND","ALWAYS WITH RIGHT HAND","ALWAYS WITH RIGHT HAND","1: 1  CONDITION APPLIES","1: 1  CONDITION APPLIES","NO","FEMALE","MALE"
1981,64735,2,0,1,33790,5,183,1,2,1,3,4,4,2,2,1,2,1,3,3,7,1,1,30,22,"Female","Non-Black / Non-Hispanic","South (AL, AR, DE, DC, FL, GA, KY, LA, MD, MS, NC, OK, SC, TN , TX, VA, WV)","High school diploma (Regular 12 year program)","In CBSA, not in central city","NO","3: Mother","NO","NO","NO","NO","YES","0: 0  CONDITION DOES NOT APPLY","ALWAYS WITH RIGHT HAND","ALWAYS WITH RIGHT HAND","ALWAYS WITH RIGHT HAND","ALWAYS WITH RIGHT HAND","ALWAYS WITH LEFT HAND","1: 1  CONDITION APPLIES","1: 1  CONDITION APPLIES","NO","FEMALE","FEMALE"
1980,64735,2,0,4,33790,5,184,2,1,5,3,4,5,2,2,1,2,1,6,1,6,1,1,30,19,"Male","Non-Black / Non-Hispanic","West (AK, AZ, CA, CO, HI, ID, MT, NV, NM, OR, UT, WA, WY)","High school diploma (Regular 12 year program)","In CBSA, in central city","NO","3: Mother","YES","NO","NO","NO","YES","0: 0  CONDITION DOES NOT APPLY","ALWAYS WITH RIGHT HAND","ALWAYS WITH RIGHT HAND","ALWAYS WITH RIGHT HAND","ALWAYS WITH RIGHT HAND","ALWAYS WITH LEFT HAND","1: 1  CONDITION APPLIES","1: 1  CONDITION APPLIES","NO","FEMALE","FEMALE"
1980,64735,5,0,3,33790,5,181,1,1,2,3,2,4,2,2,2,2,1,4,3,5,1,1,33,22,"Male","Non-Black / Non-Hispanic","South (AL, AR, DE, DC, FL, GA, KY, LA, MD, MS, NC, OK, SC, TN , TX, VA, WV)","High school diploma (Regular 12 year program)","In CBSA, not in central city","NO","3: Mother","YES","YES","NO","NO","YES","0: 0  CONDITION DOES NOT APPLY","ALWAYS WITH RIGHT HAND","ALWAYS WITH RIGHT HAND","ALWAYS WITH RIGHT HAND","ALWAYS WITH RIGHT HAND","ALWAYS WITH LEFT HAND","1: 1  CONDITION APPLIES","1: 1  CONDITION APPLIES","NO","FEMALE","MALE"
1982,70000,1,0,2,32000,6,182,1,1,4,4,3,3,2,2,1,1,1,1,2,8,2,1,30,25,"Female","Non-Black / Non-Hispanic","North Central (IL, IN, IA, KS, MI, MN, MO, NE, OH, ND, SD, WI)","Bachelor's degree (BA, BS)","Not in CBSA","NO","3: Mother","NO","NO","NO","NO","YES","0: 0  CONDITION DOES NOT APPLY","ALWAYS WITH RIGHT HAND","ALWAYS WITH RIGHT HAND","ALWAYS WITH RIGHT HAND","USUALLY WITH BOTH HANDS EQUALLY","ALWAYS WITH LEFT HAND","1: 1  CONDITION APPLIES","1: 1  CONDITION APPLIES","NO","MALE","MALE"
1981,64735,2,0,3,33790,5,183,2,2,5,3,3,6,2,2,1,2,1,6,2,7,1,1,28,21,"Female","Non-Black / Non-Hispanic","South (AL, AR, DE, DC, FL, GA, KY, LA, MD, MS, NC, OK, SC, TN , TX, VA, WV)","Bachelor's degree (BA, BS)","In CBSA, in central city","NO","3: Mother","YES","NO","NO","NO","YES","0: 0  CONDITION DOES NOT APPLY","ALWAYS WITH RIGHT HAND","ALWAYS WITH RIGHT HAND","ALWAYS WITH RIGHT HAND","ALWAYS WITH RIGHT HAND","ALWAYS WITH LEFT HAND","1: 1  CONDITION APPLIES","1: 1  CONDITION APPLIES","NO","FEMALE","MALE"
1983,64735,2,1,4,36000,5,183,1,1,3,4,5,5,2,2,2,1,1,4,2,7,1,1,35,22,"Female","Black","North Central (IL, IN, IA, KS, MI, MN, MO, NE, OH, ND, SD, WI)","None","In CBSA, in central city","NO","3: Mother","NO","NO","NO","NO","YES","0: 0  CONDITION DOES NOT APPLY","ALWAYS WITH RIGHT HAND","ALWAYS WITH RIGHT HAND","ALWAYS WITH RIGHT HAND","USUALLY WITH BOTH HANDS EQUALLY","USUALLY WITH BOTH HANDS EQUALLY","1: 1  CONDITION APPLIES","1: 1  CONDITION APPLIES","NO","FEMALE","MALE"
1983,64735,3,0,2,33790,5,155,1,1,4,3,2,3,2,1,1,1,1,3,3,6,1,1,31,23,"Male","Hispanic","South (AL, AR, DE, DC, FL, GA, KY, LA, MD, MS, NC, OK, SC, TN , TX, VA, WV)","None","In CBSA, in central city","NO","3: Mother","YES","YES","YES","NO","NO","0: 0  CONDITION DOES NOT APPLY","ALWAYS WITH RIGHT HAND","ALWAYS WITH RIGHT HAND","ALWAYS WITH RIGHT HAND","ALWAYS WITH RIGHT HAND","ALWAYS WITH LEFT HAND","1: 1  CONDITION APPLIES","1: 1  CONDITION APPLIES","NO","FEMALE","MALE"
1985,64735,4,1,2,35000,5,190,1,1,4,4,1,3,2,2,1,2,1,6,4,7,1,1,28,18,"Female","Non-Black / Non-Hispanic","Northeast (CT, ME, MA, NH, NJ, NY, PA, RI, VT)","Bachelor's degree (BA, BS)","In CBSA, not in central city","NO","3: Mother","YES","NO","NO","NO","YES","0: 0  CONDITION DOES NOT APPLY","ALWAYS WITH RIGHT HAND","ALWAYS WITH RIGHT HAND","ALWAYS WITH RIGHT HAND","ALWAYS WITH RIGHT HAND","ALWAYS WITH LEFT HAND","1: 1  CONDITION APPLIES","1: 1  CONDITION APPLIES","NO","FEMALE","FEMALE"
1981,60500,3,1,1,33790,5,183,1,1,2,4,5,3,2,2,1,2,1,7,2,6,1,1,32,21,"Female","Black","North Central (IL, IN, IA, KS, MI, MN, MO, NE, OH, ND, SD, WI)","Bachelor's degree (BA, BS)","In CBSA, not in central city","NO","3: Mother","YES","NO","NO","NO","YES","0: 0  CONDITION DOES NOT APPLY","ALWAYS WITH RIGHT HAND","ALWAYS WITH RIGHT HAND","ALWAYS WITH RIGHT HAND","ALWAYS WITH RIGHT HAND","ALWAYS WITH LEFT HAND","0: 0  CONDITION DOES NOT APPLY","1: 1  CONDITION APPLIES","NO","FEMALE","FEMALE"
1986,64735,3,0,3,33790,5,180,1,1,6,3,2,7,2,2,1,2,1,3,2,8,1,1,36,22,"Female","Non-Black / Non-Hispanic","Northeast (CT, ME, MA, NH, NJ, NY, PA, RI, VT)","Bachelor's degree (BA, BS)","In CBSA, not in central city","NO","3: Mother","YES","NO","NO","NO","YES","0: 0  CONDITION DOES NOT APPLY","ALWAYS WITH RIGHT HAND","ALWAYS WITH RIGHT HAND","ALWAYS WITH RIGHT HAND","ALWAYS WITH RIGHT HAND","ALWAYS WITH RIGHT HAND","1: 1  CONDITION APPLIES","1: 1  CONDITION APPLIES","NO","MALE","FEMALE"
1980,64735,4,1,6,33790,5,183,1,2,2,4,4,5,2,2,1,2,2,6,1,6,1,1,28,4,"Male","Non-Black / Non-Hispanic","North Central (IL, IN, IA, KS, MI, MN, MO, NE, OH, ND, SD, WI)","Associate/Junior college (AA)","In CBSA, not in central city","NO","3: Mother","YES","NO","NO","NO","YES","0: 0  CONDITION DOES NOT APPLY","ALWAYS WITH RIGHT HAND","ALWAYS WITH RIGHT HAND","ALWAYS WITH RIGHT HAND","ALWAYS WITH RIGHT HAND","ALWAYS WITH LEFT HAND","1: 1  CONDITION APPLIES","1: 1  CONDITION APPLIES","NO","FEMALE","FEMALE"
1983,64735,2,1,1,33790,5,182,1,3,4,3,6,3,2,2,1,2,1,5,2,6,1,1,32,22,"Male","Black","North Central (IL, IN, IA, KS, MI, MN, MO, NE, OH, ND, SD, WI)","High school diploma (Regular 12 year program)","In CBSA, in central city","NO","3: Mother","YES","NO","YES","NO","YES","0: 0  CONDITION DOES NOT APPLY","ALWAYS WITH RIGHT HAND","ALWAYS WITH RIGHT HAND","ALWAYS WITH RIGHT HAND","ALWAYS WITH RIGHT HAND","ALWAYS WITH LEFT HAND","1: 1  CONDITION APPLIES","1: 1  CONDITION APPLIES","NO","FEMALE","FEMALE"
1981,64735,5,1,5,42000,5,181,1,1,6,3,1,4,2,2,2,2,2,4,2,7,1,1,1,7,"Female","Non-Black / Non-Hispanic","Northeast (CT, ME, MA, NH, NJ, NY, PA, RI, VT)","High school diploma (Regular 12 year program)","In CBSA, not in central city","NO","3: Mother","NO","YES","NO","NO","YES","0: 0  CONDITION DOES NOT APPLY","ALWAYS WITH RIGHT HAND","ALWAYS WITH RIGHT HAND","ALWAYS WITH RIGHT HAND","ALWAYS WITH RIGHT HAND","ALWAYS WITH LEFT HAND","1: 1  CONDITION APPLIES","1: 1  CONDITION APPLIES","YES","MALE","FEMALE"
1983,64735,2,0,1,33790,5,182,2,2,2,4,2,3,2,1,2,1,1,8,3,8,1,1,26,22,"Male","Non-Black / Non-Hispanic","South (AL, AR, DE, DC, FL, GA, KY, LA, MD, MS, NC, OK, SC, TN , TX, VA, WV)","High school diploma (Regular 12 year program)","In CBSA, in central city","NO","3: Mother","YES","NO","NO","NO","YES","0: 0  CONDITION DOES NOT APPLY","ALWAYS WITH RIGHT HAND","ALWAYS WITH RIGHT HAND","ALWAYS WITH RIGHT HAND","ALWAYS WITH RIGHT HAND","ALWAYS WITH LEFT HAND","1: 1  CONDITION APPLIES","1: 1  CONDITION APPLIES","NO","FEMALE","MALE"
1981,64735,2,0,3,33790,5,184,2,1,5,5,3,2,2,2,1,1,1,4,2,6,1,1,30,23,"Female","Non-Black / Non-Hispanic","South (AL, AR, DE, DC, FL, GA, KY, LA, MD, MS, NC, OK, SC, TN , TX, VA, WV)","Bachelor's degree (BA, BS)","In CBSA, in central city","NO","3: Mother","YES","NO","NO","NO","YES","0: 0  CONDITION DOES NOT APPLY","ALWAYS WITH RIGHT HAND","ALWAYS WITH RIGHT HAND","ALWAYS WITH RIGHT HAND","ALWAYS WITH RIGHT HAND","ALWAYS WITH LEFT HAND","1: 1  CONDITION APPLIES","1: 1  CONDITION APPLIES","NO","MALE","MALE"
1981,63000,2,1,1,33790,5,150,1,2,1,4,6,2,2,2,2,2,1,6,1,8,1,1,32,22,"Male","Black","South (AL, AR, DE, DC, FL, GA, KY, LA, MD, MS, NC, OK, SC, TN , TX, VA, WV)","High school diploma (Regular 12 year program)","In CBSA, in central city","NO","3: Mother","NO","YES","NO","NO","YES","0: 0  CONDITION DOES NOT APPLY","ALWAYS WITH RIGHT HAND","USUALLY WITH BOTH HANDS EQUALLY","ALWAYS WITH RIGHT HAND","ALWAYS WITH RIGHT HAND","ALWAYS WITH LEFT HAND","1: 1  CONDITION APPLIES","0: 0  CONDITION DOES NOT APPLY","NO","MALE","MALE"
1982,64735,3,1,2,33790,6,185,1,1,2,4,1,4,2,2,2,2,1,3,2,7,1,1,32,19,"Female","Non-Black / Non-Hispanic","North Central (IL, IN, IA, KS, MI, MN, MO, NE, OH, ND, SD, WI)","High school diploma (Regular 12 year program)","In CBSA, in central city","NO","3: Mother","NO","NO","NO","NO","YES","0: 0  CONDITION DOES NOT APPLY","ALWAYS WITH RIGHT HAND","ALWAYS WITH RIGHT HAND","ALWAYS WITH RIGHT HAND","ALWAYS WITH RIGHT HAND","ALWAYS WITH LEFT HAND","0: 0  CONDITION DOES NOT APPLY","1: 1  CONDITION APPLIES","NO","FEMALE","MALE"
1981,64735,3,0,3,33790,5,183,2,1,3,3,2,5,2,2,2,2,2,3,2,6,1,1,29,21,"Female","Non-Black / Non-Hispanic","South (AL, AR, DE, DC, FL, GA, KY, LA, MD, MS, NC, OK, SC, TN , TX, VA, WV)","Bachelor's degree (BA, BS)","In CBSA, not in central city","NO","3: Mother","YES","NO","NO","NO","NO","0: 0  CONDITION DOES NOT APPLY","ALWAYS WITH RIGHT HAND","ALWAYS WITH RIGHT HAND","ALWAYS WITH RIGHT HAND","ALWAYS WITH RIGHT HAND","ALWAYS WITH LEFT HAND","1: 1  CONDITION APPLIES","1: 1  CONDITION APPLIES","NO","MALE","FEMALE"
1983,64735,4,1,4,33790,5,181,2,2,4,2,2,5,1,2,2,2,2,4,1,6,1,1,28,23,"Male","Non-Black / Non-Hispanic","Northeast (CT, ME, MA, NH, NJ, NY, PA, RI, VT)","GED","In CBSA, not in central city","NO","3: Mother","YES","YES","NO","NO","NO","0: 0  CONDITION DOES NOT APPLY","ALWAYS WITH RIGHT HAND","ALWAYS WITH RIGHT HAND","ALWAYS WITH RIGHT HAND","ALWAYS WITH RIGHT HAND","ALWAYS WITH LEFT HAND","1: 1  CONDITION APPLIES","1: 1  CONDITION APPLIES","NO","FEMALE","MALE"
1980,64735,4,0,2,33790,6,182,2,2,3,5,2,5,2,2,2,2,1,6,1,8,1,1,32,25,"Male","Non-Black / Non-Hispanic","South (AL, AR, DE, DC, FL, GA, KY, LA, MD, MS, NC, OK, SC, TN , TX, VA, WV)","High school diploma (Regular 12 year program)","In CBSA, in central city","YES","3: Mother","NO","NO","NO","NO","NO","0: 0  CONDITION DOES NOT APPLY","ALWAYS WITH RIGHT HAND","USUALLY WITH RIGHT HAND","ALWAYS WITH RIGHT HAND","ALWAYS WITH RIGHT HAND","ALWAYS WITH LEFT HAND","1: 1  CONDITION APPLIES","1: 1  CONDITION APPLIES","NO","FEMALE","MALE"
1982,64735,2,0,1,33790,5,182,1,1,3,7,4,4,2,2,1,2,1,6,2,5,1,3,27,18,"Female","Hispanic","North Central (IL, IN, IA, KS, MI, MN, MO, NE, OH, ND, SD, WI)","Professional degree (DDS, JD, MD)","In CBSA, not in central city","NO","3: Mother","YES","NO","YES","NO","YES","0: 0  CONDITION DOES NOT APPLY","ALWAYS WITH RIGHT HAND","ALWAYS WITH RIGHT HAND","ALWAYS WITH RIGHT HAND","ALWAYS WITH RIGHT HAND","ALWAYS WITH LEFT HAND","1: 1  CONDITION APPLIES","1: 1  CONDITION APPLIES","NO","MALE","FEMALE"
1981,64735,2,0,3,33790,5,182,2,2,1,1,2,4,2,1,2,2,2,2,3,7,1,1,23,18,"Male","Black","South (AL, AR, DE, DC, FL, GA, KY, LA, MD, MS, NC, OK, SC, TN , TX, VA, WV)","Associate/Junior college (AA)","In CBSA, not in central city","NO","3: Mother","YES","YES","YES","NO","YES","0: 0  CONDITION DOES NOT APPLY","ALWAYS WITH RIGHT HAND","ALWAYS WITH RIGHT HAND","ALWAYS WITH RIGHT HAND","ALWAYS WITH RIGHT HAND","ALWAYS WITH LEFT HAND","0: 0  CONDITION DOES NOT APPLY","1: 1  CONDITION APPLIES","NO","FEMALE","MALE"
1983,64735,2,0,1,33790,5,185,3,1,3,3,3,3,2,2,1,1,1,3,3,8,1,1,25,21,"Male","Black","South (AL, AR, DE, DC, FL, GA, KY, LA, MD, MS, NC, OK, SC, TN , TX, VA, WV)","High school diploma (Regular 12 year program)","In CBSA, not in central city","NO","3: Mother","NO","NO","NO","NO","NO","0: 0  CONDITION DOES NOT APPLY","DON'T DO THIS ACTIVITY","ALWAYS WITH RIGHT HAND","ALWAYS WITH RIGHT HAND","ALWAYS WITH RIGHT HAND","ALWAYS WITH LEFT HAND","1: 1  CONDITION APPLIES","1: 1  CONDITION APPLIES","NO","FEMALE","MALE"
1981,64735,3,0,2,25000,5,182,1,1,5,2,3,2,1,1,1,2,2,5,3,7,1,1,31,21,"Female","Hispanic","South (AL, AR, DE, DC, FL, GA, KY, LA, MD, MS, NC, OK, SC, TN , TX, VA, WV)","High school diploma (Regular 12 year program)","In CBSA, in central city","YES","3: Mother","YES","NO","NO","NO","NO","0: 0  CONDITION DOES NOT APPLY","ALWAYS WITH LEFT HAND","ALWAYS WITH RIGHT HAND","ALWAYS WITH RIGHT HAND","ALWAYS WITH RIGHT HAND","ALWAYS WITH LEFT HAND","1: 1  CONDITION APPLIES","1: 1  CONDITION APPLIES","YES","FEMALE","FEMALE"
1981,64735,4,0,2,33790,5,182,1,1,3,2,1,3,2,1,1,2,1,2,2,7,1,1,29,19,"Female","Non-Black / Non-Hispanic","Northeast (CT, ME, MA, NH, NJ, NY, PA, RI, VT)","None","In CBSA, not in central city","NO","3: Mother","YES","NO","NO","NO","YES","0: 0  CONDITION DOES NOT APPLY","ALWAYS WITH RIGHT HAND","ALWAYS WITH RIGHT HAND","ALWAYS WITH RIGHT HAND","ALWAYS WITH RIGHT HAND","ALWAYS WITH LEFT HAND","1: 1  CONDITION APPLIES","1: 1  CONDITION APPLIES","NO","MALE","FEMALE"
1983,64735,3,0,2,33790,5,135,1,1,3,3,5,4,2,2,1,1,1,4,3,7,1,1,34,24,"Male","Non-Black / Non-Hispanic","South (AL, AR, DE, DC, FL, GA, KY, LA, MD, MS, NC, OK, SC, TN , TX, VA, WV)","Professional degree (DDS, JD, MD)","In CBSA, not in central city","NO","3: Mother","YES","NO","NO","NO","YES","0: 0  CONDITION DOES NOT APPLY","ALWAYS WITH RIGHT HAND","ALWAYS WITH RIGHT HAND","ALWAYS WITH RIGHT HAND","ALWAYS WITH RIGHT HAND","ALWAYS WITH LEFT HAND","1: 1  CONDITION APPLIES","1: 1  CONDITION APPLIES","NO","FEMALE","MALE"
1981,75753,2,0,1,33790,5,181,1,2,4,4,4,4,2,2,1,2,1,6,1,6,1,1,27,18,"Female","Non-Black / Non-Hispanic","Northeast (CT, ME, MA, NH, NJ, NY, PA, RI, VT)","Associate/Junior college (AA)","In CBSA, in central city","NO","3: Mother","YES","NO","NO","NO","YES","0: 0  CONDITION DOES NOT APPLY","ALWAYS WITH RIGHT HAND","ALWAYS WITH RIGHT HAND","ALWAYS WITH RIGHT HAND","ALWAYS WITH RIGHT HAND","ALWAYS WITH LEFT HAND","0: 0  CONDITION DOES NOT APPLY","1: 1  CONDITION APPLIES","NO","MALE","FEMALE"
1984,145100,3,0,2,33790,5,183,1,2,3,7,3,3,2,2,2,2,1,6,3,7,1,2,27,19,"Female","Hispanic","West (AK, AZ, CA, CO, HI, ID, MT, NV, NM, OR, UT, WA, WY)","High school diploma (Regular 12 year program)","In CBSA, not in central city","NO","3: Mother","YES","NO","YES","NO","NO","0: 0  CONDITION DOES NOT APPLY","ALWAYS WITH RIGHT HAND","ALWAYS WITH RIGHT HAND","ALWAYS WITH RIGHT HAND","ALWAYS WITH RIGHT HAND","ALWAYS WITH LEFT HAND","1: 1  CONDITION APPLIES","1: 1  CONDITION APPLIES","NO","FEMALE","MALE"
1984,64735,4,1,4,40000,5,184,1,1,2,5,4,3,2,2,1,2,1,7,3,7,1,1,30,23,"Female","Non-Black / Non-Hispanic","West (AK, AZ, CA, CO, HI, ID, MT, NV, NM, OR, UT, WA, WY)","High school diploma (Regular 12 year program)","In CBSA, not in central city","NO","3: Mother","YES","NO","NO","NO","NO","0: 0  CONDITION DOES NOT APPLY","ALWAYS WITH RIGHT HAND","ALWAYS WITH RIGHT HAND","ALWAYS WITH RIGHT HAND","ALWAYS WITH RIGHT HAND","ALWAYS WITH LEFT HAND","1: 1  CONDITION APPLIES","1: 1  CONDITION APPLIES","NO","FEMALE","FEMALE"
1985,64735,3,1,2,20000,5,182,2,2,3,5,4,4,2,2,2,2,1,5,1,7,1,1,28,21,"Female","Black","Northeast (CT, ME, MA, NH, NJ, NY, PA, RI, VT)","High school diploma (Regular 12 year program)","In CBSA, not in central city","NO","3: Mother","NO","NO","NO","NO","YES","0: 0  CONDITION DOES NOT APPLY","ALWAYS WITH RIGHT HAND","ALWAYS WITH RIGHT HAND","ALWAYS WITH RIGHT HAND","ALWAYS WITH RIGHT HAND","ALWAYS WITH LEFT HAND","0: 0  CONDITION DOES NOT APPLY","1: 1  CONDITION APPLIES","NO","FEMALE","MALE"
1983,27750,2,0,1,33790,5,181,1,1,2,4,5,5,2,2,1,2,1,4,2,8,1,1,29,17,"Female","Non-Black / Non-Hispanic","North Central (IL, IN, IA, KS, MI, MN, MO, NE, OH, ND, SD, WI)","High school diploma (Regular 12 year program)","In CBSA, not in central city","NO","3: Mother","NO","NO","NO","NO","YES","0: 0  CONDITION DOES NOT APPLY","ALWAYS WITH RIGHT HAND","ALWAYS WITH RIGHT HAND","ALWAYS WITH RIGHT HAND","ALWAYS WITH RIGHT HAND","ALWAYS WITH LEFT HAND","0: 0  CONDITION DOES NOT APPLY","1: 1  CONDITION APPLIES","NO","MALE","MALE"
1983,64735,2,1,1,33790,5,183,2,1,4,4,2,4,2,1,1,1,2,5,4,9,1,1,2,12,"Female","Hispanic","Northeast (CT, ME, MA, NH, NJ, NY, PA, RI, VT)","High school diploma (Regular 12 year program)","In CBSA, in central city","NO","3: Mother","NO","NO","YES","NO","YES","0: 0  CONDITION DOES NOT APPLY","ALWAYS WITH RIGHT HAND","ALWAYS WITH RIGHT HAND","ALWAYS WITH RIGHT HAND","ALWAYS WITH RIGHT HAND","ALWAYS WITH LEFT HAND","1: 1  CONDITION APPLIES","1: 1  CONDITION APPLIES","NO","MALE","MALE"
1985,64735,3,1,2,33790,5,182,1,1,5,4,4,3,2,2,2,2,1,6,1,9,1,1,28,22,"Female","Non-Black / Non-Hispanic","North Central (IL, IN, IA, KS, MI, MN, MO, NE, OH, ND, SD, WI)","High school diploma (Regular 12 year program)","In CBSA, in central city","NO","3: Mother","YES","NO","YES","NO","YES","0: 0  CONDITION DOES NOT APPLY","ALWAYS WITH RIGHT HAND","ALWAYS WITH RIGHT HAND","ALWAYS WITH RIGHT HAND","ALWAYS WITH RIGHT HAND","ALWAYS WITH LEFT HAND","0: 0  CONDITION DOES NOT APPLY","1: 1  CONDITION APPLIES","NO","MALE","MALE"
1983,64735,3,0,2,33790,5,181,1,2,3,4,2,3,2,2,2,2,1,6,2,6,1,1,30,21,"Male","Black","South (AL, AR, DE, DC, FL, GA, KY, LA, MD, MS, NC, OK, SC, TN , TX, VA, WV)","High school diploma (Regular 12 year program)","In CBSA, not in central city","NO","3: Mother","YES","NO","NO","NO","YES","0: 0  CONDITION DOES NOT APPLY","ALWAYS WITH LEFT HAND","ALWAYS WITH RIGHT HAND","USUALLY WITH BOTH HANDS EQUALLY","ALWAYS WITH RIGHT HAND","ALWAYS WITH LEFT HAND","1: 1  CONDITION APPLIES","1: 1  CONDITION APPLIES","NO","MALE","FEMALE"
1983,64735,1,0,3,45000,5,213,1,1,3,4,4,4,2,2,2,2,1,3,3,8,1,1,31,20,"Male","Non-Black / Non-Hispanic","South (AL, AR, DE, DC, FL, GA, KY, LA, MD, MS, NC, OK, SC, TN , TX, VA, WV)","Bachelor's degree (BA, BS)","In CBSA, not in central city","NO","3: Mother","NO","NO","NO","NO","YES","0: 0  CONDITION DOES NOT APPLY","ALWAYS WITH RIGHT HAND","USUALLY WITH BOTH HANDS EQUALLY","ALWAYS WITH RIGHT HAND","ALWAYS WITH RIGHT HAND","ALWAYS WITH LEFT HAND","1: 1  CONDITION APPLIES","1: 1  CONDITION APPLIES","NO","MALE","FEMALE"
1981,64735,2,0,1,33790,5,183,1,1,5,1,3,3,2,2,2,2,1,4,3,7,1,1,33,26,"Female","Non-Black / Non-Hispanic","South (AL, AR, DE, DC, FL, GA, KY, LA, MD, MS, NC, OK, SC, TN , TX, VA, WV)","High school diploma (Regular 12 year program)","In CBSA, not in central city","NO","3: Mother","YES","NO","YES","NO","YES","0: 0  CONDITION DOES NOT APPLY","ALWAYS WITH RIGHT HAND","ALWAYS WITH RIGHT HAND","ALWAYS WITH RIGHT HAND","ALWAYS WITH RIGHT HAND","USUALLY WITH BOTH HANDS EQUALLY","1: 1  CONDITION APPLIES","0: 0  CONDITION DOES NOT APPLY","NO","MALE","MALE"
1980,64735,4,0,2,33790,5,165,1,2,2,4,5,4,2,2,2,2,2,3,1,7,1,1,31,19,"Female","Black","North Central (IL, IN, IA, KS, MI, MN, MO, NE, OH, ND, SD, WI)","High school diploma (Regular 12 year program)","In CBSA, in central city","NO","3: Mother","YES","NO","NO","NO","YES","0: 0  CONDITION DOES NOT APPLY","ALWAYS WITH RIGHT HAND","ALWAYS WITH RIGHT HAND","ALWAYS WITH RIGHT HAND","ALWAYS WITH RIGHT HAND","ALWAYS WITH RIGHT HAND","1: 1  CONDITION APPLIES","1: 1  CONDITION APPLIES","NO","FEMALE","MALE"
1981,64735,3,1,2,33790,5,182,2,1,5,4,2,3,2,2,1,2,2,5,3,7,1,1,29,22,"Female","Non-Black / Non-Hispanic","North Central (IL, IN, IA, KS, MI, MN, MO, NE, OH, ND, SD, WI)","Bachelor's degree (BA, BS)","In CBSA, not in central city","NO","3: Mother","YES","NO","NO","NO","YES","0: 0  CONDITION DOES NOT APPLY","ALWAYS WITH RIGHT HAND","ALWAYS WITH RIGHT HAND","ALWAYS WITH RIGHT HAND","ALWAYS WITH RIGHT HAND","ALWAYS WITH LEFT HAND","1: 1  CONDITION APPLIES","1: 1  CONDITION APPLIES","NO","FEMALE","MALE"
1983,64735,2,1,1,33790,5,187,1,1,3,5,4,1,2,2,1,1,1,7,3,6,1,1,29,15,"Female","Non-Black / Non-Hispanic","South (AL, AR, DE, DC, FL, GA, KY, LA, MD, MS, NC, OK, SC, TN , TX, VA, WV)","High school diploma (Regular 12 year program)","In CBSA, not in central city","NO","3: Mother","YES","NO","NO","NO","YES","0: 0  CONDITION DOES NOT APPLY","ALWAYS WITH RIGHT HAND","ALWAYS WITH LEFT HAND","ALWAYS WITH LEFT HAND","ALWAYS WITH RIGHT HAND","ALWAYS WITH RIGHT HAND","1: 1  CONDITION APPLIES","1: 1  CONDITION APPLIES","NO","MALE","FEMALE"
1980,64735,3,0,1,33790,5,182,1,2,2,2,2,2,1,3,2,2,1,4,2,6,1,1,34,20,"Female","Non-Black / Non-Hispanic","North Central (IL, IN, IA, KS, MI, MN, MO, NE, OH, ND, SD, WI)","High school diploma (Regular 12 year program)","In CBSA, in central city","NO","3: Mother","NO","NO","NO","NO","YES","0: 0  CONDITION DOES NOT APPLY","ALWAYS WITH RIGHT HAND","ALWAYS WITH RIGHT HAND","ALWAYS WITH RIGHT HAND","ALWAYS WITH RIGHT HAND","ALWAYS WITH LEFT HAND","0: 0  CONDITION DOES NOT APPLY","1: 1  CONDITION APPLIES","YES","MALE","MALE"
1984,26050,3,1,1,33790,5,183,1,1,3,4,2,3,2,1,1,1,1,5,4,6,1,1,33,21,"Female","Non-Black / Non-Hispanic","Northeast (CT, ME, MA, NH, NJ, NY, PA, RI, VT)","High school diploma (Regular 12 year program)","In CBSA, not in central city","NO","3: Mother","YES","NO","NO","NO","YES","0: 0  CONDITION DOES NOT APPLY","ALWAYS WITH RIGHT HAND","ALWAYS WITH RIGHT HAND","ALWAYS WITH RIGHT HAND","ALWAYS WITH RIGHT HAND","ALWAYS WITH LEFT HAND","1: 1  CONDITION APPLIES","1: 1  CONDITION APPLIES","NO","FEMALE","MALE"
1985,64735,3,0,1,33790,5,165,1,2,4,5,3,5,2,2,2,2,1,5,3,5,1,1,30,19,"Female","Non-Black / Non-Hispanic","North Central (IL, IN, IA, KS, MI, MN, MO, NE, OH, ND, SD, WI)","Master's degree (MA, MS)","In CBSA, in central city","NO","3: Mother","YES","NO","NO","NO","NO","0: 0  CONDITION DOES NOT APPLY","ALWAYS WITH RIGHT HAND","ALWAYS WITH RIGHT HAND","ALWAYS WITH RIGHT HAND","ALWAYS WITH RIGHT HAND","ALWAYS WITH LEFT HAND","0: 0  CONDITION DOES NOT APPLY","1: 1  CONDITION APPLIES","NO","FEMALE","FEMALE"
1981,64735,6,2,2,33790,5,182,2,2,5,4,2,5,2,2,2,1,1,4,3,7,2,1,29,12,"Male","Non-Black / Non-Hispanic","North Central (IL, IN, IA, KS, MI, MN, MO, NE, OH, ND, SD, WI)","None","In CBSA, not in central city","NO","3: Mother","YES","NO","NO","NO","YES","0: 0  CONDITION DOES NOT APPLY","ALWAYS WITH RIGHT HAND","ALWAYS WITH RIGHT HAND","ALWAYS WITH RIGHT HAND","ALWAYS WITH RIGHT HAND","ALWAYS WITH LEFT HAND","1: 1  CONDITION APPLIES","1: 1  CONDITION APPLIES","NO","FEMALE","FEMALE"
1984,64735,3,1,1,33790,5,184,2,2,5,4,3,6,2,1,2,1,2,1,3,7,1,1,31,20,"Male","Hispanic","North Central (IL, IN, IA, KS, MI, MN, MO, NE, OH, ND, SD, WI)","None","In CBSA, not in central city","NO","3: Mother","NO","NO","NO","NO","YES","0: 0  CONDITION DOES NOT APPLY","ALWAYS WITH RIGHT HAND","ALWAYS WITH RIGHT HAND","ALWAYS WITH RIGHT HAND","ALWAYS WITH RIGHT HAND","ALWAYS WITH LEFT HAND","1: 1  CONDITION APPLIES","1: 1  CONDITION APPLIES","NO","FEMALE","MALE"
1981,64735,3,0,2,33790,6,186,2,1,4,3,1,1,2,1,1,2,1,4,2,5,1,1,29,20,"Male","Non-Black / Non-Hispanic","South (AL, AR, DE, DC, FL, GA, KY, LA, MD, MS, NC, OK, SC, TN , TX, VA, WV)","High school diploma (Regular 12 year program)","In CBSA, not in central city","NO","3: Mother","YES","YES","YES","NO","YES","0: 0  CONDITION DOES NOT APPLY","ALWAYS WITH RIGHT HAND","ALWAYS WITH RIGHT HAND","ALWAYS WITH RIGHT HAND","ALWAYS WITH RIGHT HAND","ALWAYS WITH LEFT HAND","1: 1  CONDITION APPLIES","1: 1  CONDITION APPLIES","NO","FEMALE","MALE"
1981,64735,2,0,3,33790,5,183,1,2,2,3,3,3,2,2,2,2,1,6,1,6,1,1,31,24,"Female","Non-Black / Non-Hispanic","South (AL, AR, DE, DC, FL, GA, KY, LA, MD, MS, NC, OK, SC, TN , TX, VA, WV)","High school diploma (Regular 12 year program)","In CBSA, in central city","NO","3: Mother","YES","YES","NO","NO","YES","0: 0  CONDITION DOES NOT APPLY","ALWAYS WITH RIGHT HAND","ALWAYS WITH RIGHT HAND","ALWAYS WITH RIGHT HAND","USUALLY WITH BOTH HANDS EQUALLY","ALWAYS WITH LEFT HAND","1: 1  CONDITION APPLIES","1: 1  CONDITION APPLIES","NO","FEMALE","MALE"
1984,64735,4,0,4,33790,5,184,1,2,2,4,2,3,2,2,1,2,1,6,1,6,1,1,31,19,"Female","Non-Black / Non-Hispanic","West (AK, AZ, CA, CO, HI, ID, MT, NV, NM, OR, UT, WA, WY)","High school diploma (Regular 12 year program)","In CBSA, not in central city","NO","3: Mother","NO","YES","NO","NO","YES","0: 0  CONDITION DOES NOT APPLY","ALWAYS WITH RIGHT HAND","ALWAYS WITH RIGHT HAND","ALWAYS WITH RIGHT HAND","ALWAYS WITH RIGHT HAND","ALWAYS WITH LEFT HAND","1: 1  CONDITION APPLIES","0: 0  CONDITION DOES NOT APPLY","NO","FEMALE","FEMALE"
1982,64735,4,1,5,33790,5,184,1,1,2,4,2,5,2,2,2,1,1,6,3,6,1,1,30,21,"Male","Non-Black / Non-Hispanic","West (AK, AZ, CA, CO, HI, ID, MT, NV, NM, OR, UT, WA, WY)","Bachelor's degree (BA, BS)","In CBSA, not in central city","NO","3: Mother","YES","NO","NO","NO","YES","0: 0  CONDITION DOES NOT APPLY","ALWAYS WITH RIGHT HAND","ALWAYS WITH RIGHT HAND","ALWAYS WITH RIGHT HAND","ALWAYS WITH RIGHT HAND","ALWAYS WITH LEFT HAND","1: 1  CONDITION APPLIES","1: 1  CONDITION APPLIES","NO","FEMALE","MALE"
1984,64735,4,0,2,33790,5,183,1,2,3,5,2,8,1,2,1,2,2,2,2,7,1,1,48,60,"Female","Non-Black / Non-Hispanic","North Central (IL, IN, IA, KS, MI, MN, MO, NE, OH, ND, SD, WI)","High school diploma (Regular 12 year program)","In CBSA, in central city","YES","3: Mother","NO","YES","NO","NO","YES","0: 0  CONDITION DOES NOT APPLY","ALWAYS WITH RIGHT HAND","ALWAYS WITH RIGHT HAND","ALWAYS WITH RIGHT HAND","ALWAYS WITH RIGHT HAND","ALWAYS WITH LEFT HAND","1: 1  CONDITION APPLIES","1: 1  CONDITION APPLIES","NO","FEMALE","MALE"
1982,64735,3,1,5,6000,5,180,1,1,2,3,4,4,1,2,1,2,1,5,2,7,1,1,30,19,"Female","Non-Black / Non-Hispanic","West (AK, AZ, CA, CO, HI, ID, MT, NV, NM, OR, UT, WA, WY)","Bachelor's degree (BA, BS)","In CBSA, not in central city","NO","3: Mother","YES","NO","NO","NO","NO","0: 0  CONDITION DOES NOT APPLY","ALWAYS WITH RIGHT HAND","ALWAYS WITH RIGHT HAND","ALWAYS WITH RIGHT HAND","ALWAYS WITH RIGHT HAND","ALWAYS WITH LEFT HAND","0: 0  CONDITION DOES NOT APPLY","1: 1  CONDITION APPLIES","NO","MALE","MALE"
1980,48000,1,0,1,48000,5,145,1,2,3,6,2,6,2,2,1,2,2,6,1,7,1,1,30,20,"Female","Mixed Race (Non-Hispanic)","North Central (IL, IN, IA, KS, MI, MN, MO, NE, OH, ND, SD, WI)","Bachelor's degree (BA, BS)","In CBSA, in central city","NO","3: Mother","NO","NO","NO","NO","YES","0: 0  CONDITION DOES NOT APPLY","ALWAYS WITH RIGHT HAND","ALWAYS WITH RIGHT HAND","ALWAYS WITH RIGHT HAND","ALWAYS WITH RIGHT HAND","ALWAYS WITH RIGHT HAND","1: 1  CONDITION APPLIES","1: 1  CONDITION APPLIES","NO","FEMALE","FEMALE"
1980,64735,4,1,3,33790,5,183,1,2,4,4,2,4,1,1,2,1,2,3,1,6,1,1,31,18,"Male","Black","South (AL, AR, DE, DC, FL, GA, KY, LA, MD, MS, NC, OK, SC, TN , TX, VA, WV)","High school diploma (Regular 12 year program)","In CBSA, in central city","NO","3: Mother","YES","NO","NO","NO","NO","0: 0  CONDITION DOES NOT APPLY","ALWAYS WITH RIGHT HAND","ALWAYS WITH RIGHT HAND","ALWAYS WITH RIGHT HAND","ALWAYS WITH RIGHT HAND","ALWAYS WITH LEFT HAND","1: 1  CONDITION APPLIES","0: 0  CONDITION DOES NOT APPLY","NO","FEMALE","MALE"
1983,78701,3,0,4,68000,6,184,1,2,5,3,2,6,2,2,1,2,1,4,2,6,1,1,25,19,"Male","Non-Black / Non-Hispanic","North Central (IL, IN, IA, KS, MI, MN, MO, NE, OH, ND, SD, WI)","High school diploma (Regular 12 year program)","In CBSA, in central city","NO","3: Mother","YES","NO","NO","NO","YES","0: 0  CONDITION DOES NOT APPLY","ALWAYS WITH RIGHT HAND","ALWAYS WITH RIGHT HAND","ALWAYS WITH RIGHT HAND","ALWAYS WITH RIGHT HAND","ALWAYS WITH LEFT HAND","1: 1  CONDITION APPLIES","1: 1  CONDITION APPLIES","NO","FEMALE","MALE"
1984,64735,1,1,7,33790,5,183,1,2,2,4,3,2,2,1,1,2,2,1,6,7,1,1,31,19,"Male","Hispanic","South (AL, AR, DE, DC, FL, GA, KY, LA, MD, MS, NC, OK, SC, TN , TX, VA, WV)","GED","In CBSA, not in central city","NO","3: Mother","YES","NO","YES","NO","YES","0: 0  CONDITION DOES NOT APPLY","ALWAYS WITH RIGHT HAND","ALWAYS WITH RIGHT HAND","ALWAYS WITH RIGHT HAND","ALWAYS WITH RIGHT HAND","ALWAYS WITH LEFT HAND","0: 0  CONDITION DOES NOT APPLY","1: 1  CONDITION APPLIES","YES","FEMALE","FEMALE"
1981,64735,3,0,1,33790,5,184,3,2,5,2,1,2,2,2,1,2,2,6,4,6,1,1,25,19,"Female","Non-Black / Non-Hispanic","Northeast (CT, ME, MA, NH, NJ, NY, PA, RI, VT)","High school diploma (Regular 12 year program)","In CBSA, not in central city","NO","3: Mother","YES","NO","NO","NO","YES","0: 0  CONDITION DOES NOT APPLY","ALWAYS WITH RIGHT HAND","DON'T DO THIS ACTIVITY","USUALLY WITH RIGHT HAND","ALWAYS WITH RIGHT HAND","DON'T DO THIS ACTIVITY","1: 1  CONDITION APPLIES","1: 1  CONDITION APPLIES","NO","MALE","FEMALE"
1980,28750,4,1,2,33790,6,184,1,1,4,5,2,3,2,2,2,1,1,6,2,6,1,1,31,21,"Female","Hispanic","South (AL, AR, DE, DC, FL, GA, KY, LA, MD, MS, NC, OK, SC, TN , TX, VA, WV)","High school diploma (Regular 12 year program)","In CBSA, not in central city","NO","3: Mother","YES","NO","NO","NO","NO","0: 0  CONDITION DOES NOT APPLY","ALWAYS WITH RIGHT HAND","ALWAYS WITH RIGHT HAND","ALWAYS WITH RIGHT HAND","ALWAYS WITH RIGHT HAND","ALWAYS WITH LEFT HAND","1: 1  CONDITION APPLIES","1: 1  CONDITION APPLIES","NO","FEMALE","MALE"
1985,64735,3,0,7,33790,5,181,1,2,3,4,3,4,2,1,2,2,1,3,1,7,1,1,26,20,"Female","Non-Black / Non-Hispanic","West (AK, AZ, CA, CO, HI, ID, MT, NV, NM, OR, UT, WA, WY)","Bachelor's degree (BA, BS)","In CBSA, in central city","NO","3: Mother","YES","NO","NO","NO","YES","0: 0  CONDITION DOES NOT APPLY","ALWAYS WITH RIGHT HAND","ALWAYS WITH RIGHT HAND","USUALLY WITH BOTH HANDS EQUALLY","ALWAYS WITH RIGHT HAND","ALWAYS WITH LEFT HAND","0: 0  CONDITION DOES NOT APPLY","1: 1  CONDITION APPLIES","NO","MALE","FEMALE"
1983,64735,1,0,2,33790,5,181,1,1,1,4,1,4,2,2,1,2,1,4,3,8,1,1,28,18,"Female","Non-Black / Non-Hispanic","South (AL, AR, DE, DC, FL, GA, KY, LA, MD, MS, NC, OK, SC, TN , TX, VA, WV)","Bachelor's degree (BA, BS)","In CBSA, in central city","YES","3: Mother","YES","NO","NO","NO","YES","0: 0  CONDITION DOES NOT APPLY","ALWAYS WITH RIGHT HAND","ALWAYS WITH RIGHT HAND","ALWAYS WITH RIGHT HAND","ALWAYS WITH RIGHT HAND","ALWAYS WITH LEFT HAND","0: 0  CONDITION DOES NOT APPLY","1: 1  CONDITION APPLIES","NO","FEMALE","MALE"
1983,13200,3,0,2,33790,5,184,1,1,5,3,2,4,2,2,2,2,2,4,4,7,1,1,32,21,"Female","Non-Black / Non-Hispanic","North Central (IL, IN, IA, KS, MI, MN, MO, NE, OH, ND, SD, WI)","High school diploma (Regular 12 year program)","In CBSA, not in central city","NO","3: Mother","NO","YES","NO","YES","YES","0: 0  CONDITION DOES NOT APPLY","ALWAYS WITH RIGHT HAND","ALWAYS WITH LEFT HAND","ALWAYS WITH LEFT HAND","ALWAYS WITH LEFT HAND","ALWAYS WITH LEFT HAND","0: 0  CONDITION DOES NOT APPLY","1: 1  CONDITION APPLIES","NO","FEMALE","FEMALE"
1983,64735,1,0,3,33790,5,140,1,2,2,3,4,4,2,2,2,2,1,7,2,7,1,1,33,24,"Male","Non-Black / Non-Hispanic","North Central (IL, IN, IA, KS, MI, MN, MO, NE, OH, ND, SD, WI)","GED","In CBSA, not in central city","NO","3: Mother","NO","NO","NO","NO","NO","0: 0  CONDITION DOES NOT APPLY","ALWAYS WITH RIGHT HAND","ALWAYS WITH RIGHT HAND","ALWAYS WITH RIGHT HAND","ALWAYS WITH RIGHT HAND","ALWAYS WITH LEFT HAND","0: 0  CONDITION DOES NOT APPLY","1: 1  CONDITION APPLIES","NO","FEMALE","MALE"
1982,7750,1,0,1,33790,5,255,1,1,3,5,5,4,2,2,1,2,1,3,2,6,1,1,29,23,"Male","Non-Black / Non-Hispanic","South (AL, AR, DE, DC, FL, GA, KY, LA, MD, MS, NC, OK, SC, TN , TX, VA, WV)","High school diploma (Regular 12 year program)","In CBSA, not in central city","NO","3: Mother","NO","NO","NO","NO","YES","0: 0  CONDITION DOES NOT APPLY","ALWAYS WITH RIGHT HAND","USUALLY WITH BOTH HANDS EQUALLY","ALWAYS WITH RIGHT HAND","ALWAYS WITH RIGHT HAND","ALWAYS WITH LEFT HAND","1: 1  CONDITION APPLIES","1: 1  CONDITION APPLIES","NO","FEMALE","MALE"
1982,64735,2,0,2,33790,5,204,1,1,5,4,4,2,2,2,2,1,1,5,3,7,1,1,33,19,"Male","Non-Black / Non-Hispanic","North Central (IL, IN, IA, KS, MI, MN, MO, NE, OH, ND, SD, WI)","Bachelor's degree (BA, BS)","In CBSA, not in central city","NO","3: Mother","YES","NO","YES","NO","NO","0: 0  CONDITION DOES NOT APPLY","ALWAYS WITH RIGHT HAND","ALWAYS WITH RIGHT HAND","ALWAYS WITH RIGHT HAND","ALWAYS WITH RIGHT HAND","ALWAYS WITH LEFT HAND","0: 0  CONDITION DOES NOT APPLY","1: 1  CONDITION APPLIES","YES","FEMALE","FEMALE"
1981,64735,3,1,1,33790,5,182,1,2,6,3,4,5,2,2,1,2,2,8,2,6,1,1,32,22,"Female","Non-Black / Non-Hispanic","Northeast (CT, ME, MA, NH, NJ, NY, PA, RI, VT)","High school diploma (Regular 12 year program)","In CBSA, not in central city","NO","3: Mother","NO","NO","NO","NO","YES","0: 0  CONDITION DOES NOT APPLY","ALWAYS WITH RIGHT HAND","ALWAYS WITH RIGHT HAND","ALWAYS WITH RIGHT HAND","ALWAYS WITH RIGHT HAND","ALWAYS WITH LEFT HAND","1: 1  CONDITION APPLIES","1: 1  CONDITION APPLIES","NO","FEMALE","MALE"
1981,64735,2,0,3,33790,6,183,1,2,3,2,2,2,1,2,2,2,2,4,2,6,1,1,33,20,"Male","Non-Black / Non-Hispanic","South (AL, AR, DE, DC, FL, GA, KY, LA, MD, MS, NC, OK, SC, TN , TX, VA, WV)","High school diploma (Regular 12 year program)","In CBSA, in central city","NO","3: Mother","NO","NO","NO","NO","YES","0: 0  CONDITION DOES NOT APPLY","ALWAYS WITH RIGHT HAND","ALWAYS WITH RIGHT HAND","ALWAYS WITH RIGHT HAND","ALWAYS WITH RIGHT HAND","ALWAYS WITH LEFT HAND","1: 1  CONDITION APPLIES","1: 1  CONDITION APPLIES","NO","MALE","MALE"
1984,64735,2,0,2,33790,6,184,1,2,4,4,2,3,2,2,2,2,1,5,2,7,1,1,28,22,"Male","Non-Black / Non-Hispanic","North Central (IL, IN, IA, KS, MI, MN, MO, NE, OH, ND, SD, WI)","Master's degree (MA, MS)","In CBSA, not in central city","YES","3: Mother","YES","NO","NO","NO","YES","0: 0  CONDITION DOES NOT APPLY","ALWAYS WITH RIGHT HAND","ALWAYS WITH RIGHT HAND","ALWAYS WITH RIGHT HAND","ALWAYS WITH RIGHT HAND","ALWAYS WITH LEFT HAND","1: 1  CONDITION APPLIES","1: 1  CONDITION APPLIES","NO","FEMALE","MALE"
1981,64735,4,0,3,33790,5,183,1,1,4,4,2,5,2,2,2,2,2,3,1,6,1,1,31,20,"Female","Non-Black / Non-Hispanic","North Central (IL, IN, IA, KS, MI, MN, MO, NE, OH, ND, SD, WI)","High school diploma (Regular 12 year program)","In CBSA, in central city","NO","3: Mother","YES","NO","NO","NO","YES","0: 0  CONDITION DOES NOT APPLY","ALWAYS WITH RIGHT HAND","ALWAYS WITH RIGHT HAND","ALWAYS WITH RIGHT HAND","ALWAYS WITH RIGHT HAND","ALWAYS WITH LEFT HAND","0: 0  CONDITION DOES NOT APPLY","1: 1  CONDITION APPLIES","NO","FEMALE","MALE"
1980,38250,3,1,1,33790,5,183,1,1,3,1,4,2,2,2,1,2,2,6,2,6,1,1,34,7,"Male","Non-Black / Non-Hispanic","South (AL, AR, DE, DC, FL, GA, KY, LA, MD, MS, NC, OK, SC, TN , TX, VA, WV)","High school diploma (Regular 12 year program)","In CBSA, not in central city","NO","3: Mother","YES","NO","NO","NO","NO","0: 0  CONDITION DOES NOT APPLY","ALWAYS WITH RIGHT HAND","ALWAYS WITH RIGHT HAND","ALWAYS WITH RIGHT HAND","ALWAYS WITH RIGHT HAND","ALWAYS WITH RIGHT HAND","1: 1  CONDITION APPLIES","0: 0  CONDITION DOES NOT APPLY","NO","FEMALE","FEMALE"
1983,64735,2,0,2,33790,6,183,1,1,4,4,2,2,2,2,1,2,2,6,1,7,1,1,31,23,"Male","Non-Black / Non-Hispanic","Northeast (CT, ME, MA, NH, NJ, NY, PA, RI, VT)","High school diploma (Regular 12 year program)","In CBSA, not in central city","NO","3: Mother","YES","NO","NO","NO","YES","0: 0  CONDITION DOES NOT APPLY","ALWAYS WITH RIGHT HAND","ALWAYS WITH RIGHT HAND","ALWAYS WITH RIGHT HAND","ALWAYS WITH RIGHT HAND","ALWAYS WITH LEFT HAND","1: 1  CONDITION APPLIES","1: 1  CONDITION APPLIES","NO","MALE","MALE"
1980,64735,4,1,3,20000,5,181,1,2,4,2,3,4,2,1,1,2,2,3,1,5,1,1,26,21,"Female","Non-Black / Non-Hispanic","North Central (IL, IN, IA, KS, MI, MN, MO, NE, OH, ND, SD, WI)","High school diploma (Regular 12 year program)","Not in country","NO","3: Mother","YES","YES","NO","NO","NO","0: 0  CONDITION DOES NOT APPLY","USUALLY WITH BOTH HANDS EQUALLY","USUALLY WITH RIGHT HAND","USUALLY WITH LEFT HAND","ALWAYS WITH RIGHT HAND","ALWAYS WITH RIGHT HAND","0: 0  CONDITION DOES NOT APPLY","0: 0  CONDITION DOES NOT APPLY","NO","FEMALE","MALE"
1982,64735,2,0,2,33790,5,267,1,1,2,7,4,3,2,2,1,1,1,3,3,6,1,1,30,17,"Female","Non-Black / Non-Hispanic","West (AK, AZ, CA, CO, HI, ID, MT, NV, NM, OR, UT, WA, WY)","High school diploma (Regular 12 year program)","In CBSA, in central city","NO","3: Mother","YES","NO","NO","NO","YES","0: 0  CONDITION DOES NOT APPLY","ALWAYS WITH RIGHT HAND","USUALLY WITH BOTH HANDS EQUALLY","ALWAYS WITH RIGHT HAND","ALWAYS WITH RIGHT HAND","USUALLY WITH BOTH HANDS EQUALLY","0: 0  CONDITION DOES NOT APPLY","1: 1  CONDITION APPLIES","NO","FEMALE","MALE"
1980,64735,3,2,2,33790,5,181,1,1,3,4,4,4,2,2,1,2,1,6,3,7,1,1,29,21,"Female","Non-Black / Non-Hispanic","Northeast (CT, ME, MA, NH, NJ, NY, PA, RI, VT)","High school diploma (Regular 12 year program)","In CBSA, in central city","NO","3: Mother","YES","NO","NO","NO","YES","0: 0  CONDITION DOES NOT APPLY","ALWAYS WITH RIGHT HAND","ALWAYS WITH RIGHT HAND","ALWAYS WITH RIGHT HAND","ALWAYS WITH RIGHT HAND","ALWAYS WITH RIGHT HAND","1: 1  CONDITION APPLIES","1: 1  CONDITION APPLIES","NO","MALE","FEMALE"
1983,64735,2,1,1,33790,6,183,1,1,4,3,3,3,2,2,1,2,2,7,1,7,1,2,27,21,"Female","Non-Black / Non-Hispanic","North Central (IL, IN, IA, KS, MI, MN, MO, NE, OH, ND, SD, WI)","Bachelor's degree (BA, BS)","In CBSA, not in central city","NO","3: Mother","YES","NO","NO","NO","NO","0: 0  CONDITION DOES NOT APPLY","ALWAYS WITH RIGHT HAND","ALWAYS WITH RIGHT HAND","ALWAYS WITH RIGHT HAND","ALWAYS WITH RIGHT HAND","ALWAYS WITH LEFT HAND","1: 1  CONDITION APPLIES","1: 1  CONDITION APPLIES","NO","FEMALE","MALE"
1980,64735,6,2,3,33790,6,238,1,2,2,4,3,4,2,2,1,1,1,4,2,5,2,1,31,13,"Female","Non-Black / Non-Hispanic","North Central (IL, IN, IA, KS, MI, MN, MO, NE, OH, ND, SD, WI)","High school diploma (Regular 12 year program)","In CBSA, not in central city","NO","3: Mother","YES","NO","NO","NO","YES","0: 0  CONDITION DOES NOT APPLY","ALWAYS WITH RIGHT HAND","ALWAYS WITH RIGHT HAND","ALWAYS WITH RIGHT HAND","ALWAYS WITH RIGHT HAND","ALWAYS WITH LEFT HAND","1: 1  CONDITION APPLIES","1: 1  CONDITION APPLIES","NO","FEMALE","FEMALE"
1983,64735,2,0,1,33790,5,182,1,1,1,5,3,5,2,1,1,1,1,7,2,6,1,1,31,21,"Male","Non-Black / Non-Hispanic","North Central (IL, IN, IA, KS, MI, MN, MO, NE, OH, ND, SD, WI)","Bachelor's degree (BA, BS)","In CBSA, not in central city","NO","3: Mother","YES","NO","NO","NO","YES","0: 0  CONDITION DOES NOT APPLY","ALWAYS WITH RIGHT HAND","ALWAYS WITH RIGHT HAND","ALWAYS WITH RIGHT HAND","ALWAYS WITH RIGHT HAND","ALWAYS WITH LEFT HAND","1: 1  CONDITION APPLIES","1: 1  CONDITION APPLIES","NO","MALE","MALE"
1984,64735,3,0,1,33790,5,183,2,1,5,5,2,2,2,2,1,1,1,6,3,6,3,1,56,26,"Male","Non-Black / Non-Hispanic","South (AL, AR, DE, DC, FL, GA, KY, LA, MD, MS, NC, OK, SC, TN , TX, VA, WV)","Bachelor's degree (BA, BS)","In CBSA, in central city","YES","3: Mother","YES","NO","NO","NO","YES","0: 0  CONDITION DOES NOT APPLY","ALWAYS WITH RIGHT HAND","USUALLY WITH RIGHT HAND","ALWAYS WITH RIGHT HAND","ALWAYS WITH RIGHT HAND","ALWAYS WITH LEFT HAND","1: 1  CONDITION APPLIES","1: 1  CONDITION APPLIES","NO","FEMALE","FEMALE"
1982,64735,3,0,3,33790,5,181,1,2,3,2,1,2,2,2,1,1,1,6,1,6,1,1,33,23,"Female","Non-Black / Non-Hispanic","South (AL, AR, DE, DC, FL, GA, KY, LA, MD, MS, NC, OK, SC, TN , TX, VA, WV)","Bachelor's degree (BA, BS)","In CBSA, in central city","NO","3: Mother","YES","NO","NO","NO","NO","0: 0  CONDITION DOES NOT APPLY","ALWAYS WITH RIGHT HAND","USUALLY WITH RIGHT HAND","USUALLY WITH BOTH HANDS EQUALLY","ALWAYS WITH RIGHT HAND","ALWAYS WITH LEFT HAND","1: 1  CONDITION APPLIES","1: 1  CONDITION APPLIES","NO","MALE","FEMALE"
1983,64735,3,1,2,33790,6,187,1,1,4,4,2,4,2,2,1,2,1,3,3,5,1,1,29,21,"Male","Non-Black / Non-Hispanic","South (AL, AR, DE, DC, FL, GA, KY, LA, MD, MS, NC, OK, SC, TN , TX, VA, WV)","Master's degree (MA, MS)","In CBSA, not in central city","NO","3: Mother","YES","NO","YES","NO","YES","0: 0  CONDITION DOES NOT APPLY","ALWAYS WITH RIGHT HAND","ALWAYS WITH RIGHT HAND","ALWAYS WITH RIGHT HAND","ALWAYS WITH RIGHT HAND","ALWAYS WITH LEFT HAND","1: 1  CONDITION APPLIES","1: 1  CONDITION APPLIES","NO","FEMALE","MALE"
1982,64735,4,0,1,33790,5,184,1,2,3,3,3,3,2,2,1,2,1,7,3,7,1,1,27,22,"Male","Black","South (AL, AR, DE, DC, FL, GA, KY, LA, MD, MS, NC, OK, SC, TN , TX, VA, WV)","High school diploma (Regular 12 year program)","In CBSA, not in central city","YES","3: Mother","YES","YES","NO","NO","YES","0: 0  CONDITION DOES NOT APPLY","ALWAYS WITH RIGHT HAND","ALWAYS WITH RIGHT HAND","ALWAYS WITH RIGHT HAND","ALWAYS WITH RIGHT HAND","ALWAYS WITH LEFT HAND","1: 1  CONDITION APPLIES","1: 1  CONDITION APPLIES","NO","FEMALE","FEMALE"
1984,50000,2,0,2,33790,5,182,2,1,4,6,2,6,2,2,2,2,1,6,6,6,1,1,28,23,"Female","Non-Black / Non-Hispanic","Northeast (CT, ME, MA, NH, NJ, NY, PA, RI, VT)","Bachelor's degree (BA, BS)","In CBSA, not in central city","NO","3: Mother","YES","NO","NO","NO","YES","0: 0  CONDITION DOES NOT APPLY","ALWAYS WITH RIGHT HAND","ALWAYS WITH RIGHT HAND","ALWAYS WITH RIGHT HAND","ALWAYS WITH RIGHT HAND","ALWAYS WITH LEFT HAND","0: 0  CONDITION DOES NOT APPLY","1: 1  CONDITION APPLIES","NO","FEMALE","MALE"
1981,64735,4,0,2,15600,5,101,1,1,1,3,1,3,1,1,2,2,1,3,2,8,1,2,62,33,"Female","Non-Black / Non-Hispanic","South (AL, AR, DE, DC, FL, GA, KY, LA, MD, MS, NC, OK, SC, TN , TX, VA, WV)","None","In CBSA, in central city","YES","3: Mother","YES","NO","NO","NO","NO","0: 0  CONDITION DOES NOT APPLY","ALWAYS WITH RIGHT HAND","ALWAYS WITH RIGHT HAND","ALWAYS WITH RIGHT HAND","ALWAYS WITH RIGHT HAND","USUALLY WITH BOTH HANDS EQUALLY","1: 1  CONDITION APPLIES","1: 1  CONDITION APPLIES","NO","FEMALE","FEMALE"
1982,64735,3,1,3,33790,5,181,1,1,3,4,1,3,2,2,1,2,2,4,3,7,1,1,31,16,"Female","Non-Black / Non-Hispanic","West (AK, AZ, CA, CO, HI, ID, MT, NV, NM, OR, UT, WA, WY)","High school diploma (Regular 12 year program)","Not in CBSA","YES","3: Mother","NO","YES","NO","NO","YES","0: 0  CONDITION DOES NOT APPLY","ALWAYS WITH RIGHT HAND","ALWAYS WITH RIGHT HAND","ALWAYS WITH RIGHT HAND","ALWAYS WITH RIGHT HAND","ALWAYS WITH RIGHT HAND","0: 0  CONDITION DOES NOT APPLY","1: 1  CONDITION APPLIES","YES","FEMALE","FEMALE"
1982,64735,2,0,1,33790,5,180,1,1,3,2,3,5,2,2,2,2,1,5,1,8,1,1,31,24,"Male","Non-Black / Non-Hispanic","South (AL, AR, DE, DC, FL, GA, KY, LA, MD, MS, NC, OK, SC, TN , TX, VA, WV)","None","In CBSA, in central city","NO","3: Mother","NO","NO","YES","NO","YES","0: 0  CONDITION DOES NOT APPLY","ALWAYS WITH RIGHT HAND","ALWAYS WITH RIGHT HAND","ALWAYS WITH RIGHT HAND","ALWAYS WITH RIGHT HAND","ALWAYS WITH RIGHT HAND","1: 1  CONDITION APPLIES","1: 1  CONDITION APPLIES","NO","FEMALE","MALE"
1985,7250,3,1,1,6000,5,179,2,2,6,3,2,4,2,2,1,2,2,6,1,7,1,1,28,21,"Female","Non-Black / Non-Hispanic","West (AK, AZ, CA, CO, HI, ID, MT, NV, NM, OR, UT, WA, WY)","Bachelor's degree (BA, BS)","Not in country","NO","3: Mother","YES","NO","YES","NO","YES","0: 0  CONDITION DOES NOT APPLY","ALWAYS WITH RIGHT HAND","ALWAYS WITH RIGHT HAND","ALWAYS WITH RIGHT HAND","ALWAYS WITH RIGHT HAND","ALWAYS WITH LEFT HAND","1: 1  CONDITION APPLIES","1: 1  CONDITION APPLIES","NO","FEMALE","MALE"
1981,64735,3,1,4,146002,5,182,1,1,5,3,5,2,1,2,1,2,1,5,2,6,1,2,31,19,"Male","Black","South (AL, AR, DE, DC, FL, GA, KY, LA, MD, MS, NC, OK, SC, TN , TX, VA, WV)","High school diploma (Regular 12 year program)","In CBSA, not in central city","NO","3: Mother","YES","NO","YES","NO","YES","0: 0  CONDITION DOES NOT APPLY","ALWAYS WITH RIGHT HAND","ALWAYS WITH RIGHT HAND","ALWAYS WITH RIGHT HAND","ALWAYS WITH RIGHT HAND","ALWAYS WITH LEFT HAND","1: 1  CONDITION APPLIES","1: 1  CONDITION APPLIES","NO","FEMALE","MALE"
1983,64735,4,0,1,33790,5,181,1,1,5,3,6,2,2,2,2,1,2,1,1,7,1,1,28,22,"Male","Hispanic","North Central (IL, IN, IA, KS, MI, MN, MO, NE, OH, ND, SD, WI)","Bachelor's degree (BA, BS)","In CBSA, in central city","NO","3: Mother","YES","YES","YES","NO","YES","0: 0  CONDITION DOES NOT APPLY","ALWAYS WITH LEFT HAND","ALWAYS WITH RIGHT HAND","ALWAYS WITH RIGHT HAND","ALWAYS WITH LEFT HAND","ALWAYS WITH LEFT HAND","1: 1  CONDITION APPLIES","1: 1  CONDITION APPLIES","NO","FEMALE","FEMALE"
1982,64735,3,1,1,32000,5,180,1,1,3,3,3,3,2,2,2,2,1,2,2,6,1,1,31,1,"Female","Hispanic","North Central (IL, IN, IA, KS, MI, MN, MO, NE, OH, ND, SD, WI)","High school diploma (Regular 12 year program)","In CBSA, in central city","NO","3: Mother","YES","NO","NO","NO","YES","0: 0  CONDITION DOES NOT APPLY","ALWAYS WITH RIGHT HAND","USUALLY WITH RIGHT HAND","ALWAYS WITH RIGHT HAND","ALWAYS WITH RIGHT HAND","ALWAYS WITH LEFT HAND","1: 1  CONDITION APPLIES","1: 1  CONDITION APPLIES","NO","MALE","MALE"
1983,64735,5,1,2,33790,6,178,1,1,2,1,4,4,2,2,2,2,2,4,2,7,1,1,29,19,"Male","Non-Black / Non-Hispanic","North Central (IL, IN, IA, KS, MI, MN, MO, NE, OH, ND, SD, WI)","GED","In CBSA, not in central city","NO","3: Mother","YES","NO","NO","NO","YES","0: 0  CONDITION DOES NOT APPLY","ALWAYS WITH RIGHT HAND","ALWAYS WITH RIGHT HAND","ALWAYS WITH RIGHT HAND","ALWAYS WITH RIGHT HAND","ALWAYS WITH LEFT HAND","0: 0  CONDITION DOES NOT APPLY","1: 1  CONDITION APPLIES","NO","MALE","FEMALE"
1981,64750,5,2,3,33790,6,182,1,1,3,4,2,4,1,2,2,1,1,5,3,6,1,1,33,19,"Male","Non-Black / Non-Hispanic","South (AL, AR, DE, DC, FL, GA, KY, LA, MD, MS, NC, OK, SC, TN , TX, VA, WV)","None","In CBSA, not in central city","NO","3: Mother","YES","YES","NO","NO","YES","0: 0  CONDITION DOES NOT APPLY","ALWAYS WITH RIGHT HAND","ALWAYS WITH RIGHT HAND","ALWAYS WITH RIGHT HAND","ALWAYS WITH RIGHT HAND","USUALLY WITH RIGHT HAND","0: 0  CONDITION DOES NOT APPLY","1: 1  CONDITION APPLIES","NO","FEMALE","MALE"
1980,64735,4,2,1,33790,5,184,2,2,3,3,2,3,2,2,1,2,2,3,2,6,1,1,26,3,"Female","Mixed Race (Non-Hispanic)","North Central (IL, IN, IA, KS, MI, MN, MO, NE, OH, ND, SD, WI)","High school diploma (Regular 12 year program)","In CBSA, not in central city","NO","3: Mother","NO","NO","NO","NO","YES","0: 0  CONDITION DOES NOT APPLY","ALWAYS WITH RIGHT HAND","ALWAYS WITH RIGHT HAND","ALWAYS WITH RIGHT HAND","ALWAYS WITH RIGHT HAND","ALWAYS WITH LEFT HAND","1: 1  CONDITION APPLIES","1: 1  CONDITION APPLIES","NO","MALE","FEMALE"
1984,64735,2,1,1,33790,5,183,1,2,3,4,1,1,2,2,1,2,1,4,2,6,1,4,35,26,"Female","Black","West (AK, AZ, CA, CO, HI, ID, MT, NV, NM, OR, UT, WA, WY)","High school diploma (Regular 12 year program)","In CBSA, not in central city","NO","3: Mother","YES","NO","NO","NO","YES","0: 0  CONDITION DOES NOT APPLY","ALWAYS WITH RIGHT HAND","ALWAYS WITH RIGHT HAND","ALWAYS WITH RIGHT HAND","ALWAYS WITH RIGHT HAND","ALWAYS WITH LEFT HAND","1: 1  CONDITION APPLIES","1: 1  CONDITION APPLIES","NO","FEMALE","FEMALE"
1984,64735,2,0,2,33790,5,182,1,1,3,2,5,5,2,2,2,1,1,6,2,6,1,1,34,25,"Male","Non-Black / Non-Hispanic","South (AL, AR, DE, DC, FL, GA, KY, LA, MD, MS, NC, OK, SC, TN , TX, VA, WV)","Bachelor's degree (BA, BS)","In CBSA, not in central city","NO","3: Mother","NO","NO","NO","NO","YES","0: 0  CONDITION DOES NOT APPLY","ALWAYS WITH RIGHT HAND","ALWAYS WITH RIGHT HAND","ALWAYS WITH RIGHT HAND","ALWAYS WITH RIGHT HAND","ALWAYS WITH LEFT HAND","1: 1  CONDITION APPLIES","1: 1  CONDITION APPLIES","NO","FEMALE","MALE"
1983,64735,2,1,2,33790,5,184,2,2,3,3,3,6,2,2,1,2,1,4,1,7,1,1,29,19,"Female","Non-Black / Non-Hispanic","South (AL, AR, DE, DC, FL, GA, KY, LA, MD, MS, NC, OK, SC, TN , TX, VA, WV)","Bachelor's degree (BA, BS)","In CBSA, in central city","NO","3: Mother","YES","NO","YES","NO","YES","0: 0  CONDITION DOES NOT APPLY","ALWAYS WITH RIGHT HAND","ALWAYS WITH RIGHT HAND","ALWAYS WITH RIGHT HAND","ALWAYS WITH LEFT HAND","ALWAYS WITH RIGHT HAND","1: 1  CONDITION APPLIES","1: 1  CONDITION APPLIES","NO","FEMALE","FEMALE"
1981,44000,4,0,3,43000,5,182,2,1,5,2,2,7,1,1,2,1,1,2,2,7,2,1,38,21,"Male","Non-Black / Non-Hispanic","South (AL, AR, DE, DC, FL, GA, KY, LA, MD, MS, NC, OK, SC, TN , TX, VA, WV)","Bachelor's degree (BA, BS)","In CBSA, not in central city","NO","3: Mother","YES","NO","NO","NO","YES","0: 0  CONDITION DOES NOT APPLY","ALWAYS WITH RIGHT HAND","ALWAYS WITH RIGHT HAND","ALWAYS WITH RIGHT HAND","USUALLY WITH BOTH HANDS EQUALLY","ALWAYS WITH RIGHT HAND","1: 1  CONDITION APPLIES","1: 1  CONDITION APPLIES","NO","FEMALE","MALE"
1983,64735,3,0,2,20000,5,140,1,1,7,3,1,2,2,2,2,2,2,3,2,7,1,1,31,23,"Male","Non-Black / Non-Hispanic","South (AL, AR, DE, DC, FL, GA, KY, LA, MD, MS, NC, OK, SC, TN , TX, VA, WV)","High school diploma (Regular 12 year program)","In CBSA, not in central city","NO","3: Mother","NO","YES","YES","NO","YES","0: 0  CONDITION DOES NOT APPLY","ALWAYS WITH RIGHT HAND","ALWAYS WITH RIGHT HAND","ALWAYS WITH RIGHT HAND","ALWAYS WITH RIGHT HAND","ALWAYS WITH LEFT HAND","1: 1  CONDITION APPLIES","1: 1  CONDITION APPLIES","NO","FEMALE","MALE"
1982,24000,3,1,1,33790,5,120,1,1,2,4,2,5,2,2,2,2,1,6,3,8,1,1,32,22,"Female","Non-Black / Non-Hispanic","North Central (IL, IN, IA, KS, MI, MN, MO, NE, OH, ND, SD, WI)","Bachelor's degree (BA, BS)","In CBSA, not in central city","NO","3: Mother","NO","NO","NO","NO","YES","0: 0  CONDITION DOES NOT APPLY","ALWAYS WITH RIGHT HAND","ALWAYS WITH RIGHT HAND","USUALLY WITH BOTH HANDS EQUALLY","ALWAYS WITH RIGHT HAND","ALWAYS WITH LEFT HAND","1: 1  CONDITION APPLIES","1: 1  CONDITION APPLIES","YES","MALE","FEMALE"
1983,64735,6,2,1,33790,6,150,1,2,1,3,3,3,2,2,1,2,2,7,2,5,1,1,26,14,"Female","Non-Black / Non-Hispanic","South (AL, AR, DE, DC, FL, GA, KY, LA, MD, MS, NC, OK, SC, TN , TX, VA, WV)","None","In CBSA, not in central city","NO","3: Mother","NO","NO","NO","NO","YES","0: 0  CONDITION DOES NOT APPLY","ALWAYS WITH RIGHT HAND","ALWAYS WITH RIGHT HAND","ALWAYS WITH RIGHT HAND","ALWAYS WITH RIGHT HAND","ALWAYS WITH LEFT HAND","1: 1  CONDITION APPLIES","1: 1  CONDITION APPLIES","NO","FEMALE","MALE"
1982,64735,3,1,1,33790,5,183,1,1,2,4,4,5,2,1,1,1,1,6,3,6,1,1,30,18,"Female","Non-Black / Non-Hispanic","South (AL, AR, DE, DC, FL, GA, KY, LA, MD, MS, NC, OK, SC, TN , TX, VA, WV)","Bachelor's degree (BA, BS)","In CBSA, in central city","NO","3: Mother","YES","NO","NO","NO","YES","0: 0  CONDITION DOES NOT APPLY","ALWAYS WITH RIGHT HAND","ALWAYS WITH RIGHT HAND","ALWAYS WITH RIGHT HAND","ALWAYS WITH RIGHT HAND","ALWAYS WITH LEFT HAND","1: 1  CONDITION APPLIES","1: 1  CONDITION APPLIES","NO","FEMALE","FEMALE"
1982,64735,3,1,2,65000,5,180,1,1,2,4,5,6,2,2,1,2,1,4,2,7,1,1,30,20,"Female","Non-Black / Non-Hispanic","South (AL, AR, DE, DC, FL, GA, KY, LA, MD, MS, NC, OK, SC, TN , TX, VA, WV)","High school diploma (Regular 12 year program)","In CBSA, not in central city","NO","3: Mother","NO","YES","YES","NO","YES","0: 0  CONDITION DOES NOT APPLY","ALWAYS WITH RIGHT HAND","ALWAYS WITH RIGHT HAND","ALWAYS WITH RIGHT HAND","ALWAYS WITH RIGHT HAND","ALWAYS WITH LEFT HAND","1: 1  CONDITION APPLIES","1: 1  CONDITION APPLIES","NO","MALE","MALE"
1982,21250,5,0,3,33790,5,183,2,2,3,3,3,6,2,2,1,1,2,3,4,6,1,1,23,23,"Female","Non-Black / Non-Hispanic","South (AL, AR, DE, DC, FL, GA, KY, LA, MD, MS, NC, OK, SC, TN , TX, VA, WV)","GED","In CBSA, in central city","NO","3: Mother","NO","YES","NO","NO","YES","0: 0  CONDITION DOES NOT APPLY","ALWAYS WITH RIGHT HAND","ALWAYS WITH RIGHT HAND","ALWAYS WITH RIGHT HAND","ALWAYS WITH RIGHT HAND","ALWAYS WITH LEFT HAND","1: 1  CONDITION APPLIES","1: 1  CONDITION APPLIES","NO","MALE","FEMALE"
1985,7500,3,0,3,33790,6,185,1,2,1,2,3,4,2,2,1,1,2,3,5,6,5,1,29,20,"Male","Non-Black / Non-Hispanic","South (AL, AR, DE, DC, FL, GA, KY, LA, MD, MS, NC, OK, SC, TN , TX, VA, WV)","High school diploma (Regular 12 year program)","In CBSA, not in central city","NO","3: Mother","NO","NO","NO","NO","NO","0: 0  CONDITION DOES NOT APPLY","ALWAYS WITH RIGHT HAND","ALWAYS WITH RIGHT HAND","ALWAYS WITH RIGHT HAND","ALWAYS WITH RIGHT HAND","ALWAYS WITH LEFT HAND","1: 1  CONDITION APPLIES","1: 1  CONDITION APPLIES","NO","FEMALE","MALE"
1981,64735,4,0,1,33790,5,184,1,1,1,2,1,2,2,2,1,2,1,3,1,6,1,1,32,17,"Male","Black","North Central (IL, IN, IA, KS, MI, MN, MO, NE, OH, ND, SD, WI)","GED","In CBSA, in central city","YES","3: Mother","NO","NO","NO","NO","YES","0: 0  CONDITION DOES NOT APPLY","ALWAYS WITH RIGHT HAND","ALWAYS WITH RIGHT HAND","ALWAYS WITH RIGHT HAND","ALWAYS WITH RIGHT HAND","ALWAYS WITH LEFT HAND","1: 1  CONDITION APPLIES","1: 1  CONDITION APPLIES","NO","FEMALE","FEMALE"
1982,7260,2,1,4,5000,5,184,1,1,3,4,4,1,2,2,2,2,1,3,2,6,1,1,28,22,"Male","Black","North Central (IL, IN, IA, KS, MI, MN, MO, NE, OH, ND, SD, WI)","None","In CBSA, in central city","NO","3: Mother","YES","YES","NO","NO","YES","0: 0  CONDITION DOES NOT APPLY","ALWAYS WITH RIGHT HAND","ALWAYS WITH RIGHT HAND","ALWAYS WITH RIGHT HAND","ALWAYS WITH RIGHT HAND","ALWAYS WITH LEFT HAND","1: 1  CONDITION APPLIES","1: 1  CONDITION APPLIES","NO","FEMALE","MALE"
1982,3606,2,0,3,33790,5,210,1,2,2,6,6,3,2,2,1,2,1,5,3,6,1,1,28,26,"Male","Black","North Central (IL, IN, IA, KS, MI, MN, MO, NE, OH, ND, SD, WI)","Associate/Junior college (AA)","In CBSA, not in central city","NO","3: Mother","NO","NO","NO","NO","YES","0: 0  CONDITION DOES NOT APPLY","ALWAYS WITH RIGHT HAND","ALWAYS WITH RIGHT HAND","ALWAYS WITH RIGHT HAND","ALWAYS WITH RIGHT HAND","ALWAYS WITH LEFT HAND","1: 1  CONDITION APPLIES","1: 1  CONDITION APPLIES","YES","FEMALE","MALE"
1983,42750,2,0,1,29500,5,182,1,1,3,3,4,5,2,2,1,2,1,3,2,6,1,1,32,22,"Male","Black","West (AK, AZ, CA, CO, HI, ID, MT, NV, NM, OR, UT, WA, WY)","Bachelor's degree (BA, BS)","In CBSA, in central city","NO","3: Mother","YES","NO","NO","NO","YES","0: 0  CONDITION DOES NOT APPLY","ALWAYS WITH RIGHT HAND","USUALLY WITH RIGHT HAND","ALWAYS WITH RIGHT HAND","ALWAYS WITH LEFT HAND","ALWAYS WITH LEFT HAND","1: 1  CONDITION APPLIES","1: 1  CONDITION APPLIES","NO","FEMALE","MALE"
1981,64735,3,1,1,33790,5,185,1,1,3,3,2,2,1,2,2,1,1,5,1,7,1,1,32,22,"Male","Non-Black / Non-Hispanic","South (AL, AR, DE, DC, FL, GA, KY, LA, MD, MS, NC, OK, SC, TN , TX, VA, WV)","Professional degree (DDS, JD, MD)","In CBSA, in central city","NO","3: Mother","YES","YES","NO","NO","NO","0: 0  CONDITION DOES NOT APPLY","ALWAYS WITH RIGHT HAND","ALWAYS WITH RIGHT HAND","ALWAYS WITH RIGHT HAND","ALWAYS WITH RIGHT HAND","ALWAYS WITH LEFT HAND","1: 1  CONDITION APPLIES","1: 1  CONDITION APPLIES","YES","FEMALE","FEMALE"
1984,64735,4,0,1,600,5,186,1,1,1,1,1,1,2,2,2,2,2,5,1,8,1,1,39,52,"Male","Hispanic","Northeast (CT, ME, MA, NH, NJ, NY, PA, RI, VT)","High school diploma (Regular 12 year program)","In CBSA, in central city","YES","3: Mother","NO","YES","YES","NO","NO","0: 0  CONDITION DOES NOT APPLY","ALWAYS WITH LEFT HAND","ALWAYS WITH LEFT HAND","ALWAYS WITH LEFT HAND","ALWAYS WITH LEFT HAND","ALWAYS WITH RIGHT HAND","1: 1  CONDITION APPLIES","1: 1  CONDITION APPLIES","NO","FEMALE","MALE"
1981,64735,7,1,3,33790,5,179,1,1,6,3,2,5,2,2,2,2,1,1,1,7,1,1,30,20,"Female","Hispanic","West (AK, AZ, CA, CO, HI, ID, MT, NV, NM, OR, UT, WA, WY)","None","In CBSA, not in central city","NO","3: Mother","NO","YES","NO","NO","NO","0: 0  CONDITION DOES NOT APPLY","DON'T DO THIS ACTIVITY","DON'T DO THIS ACTIVITY","DON'T DO THIS ACTIVITY","DON'T DO THIS ACTIVITY","ALWAYS WITH LEFT HAND","1: 1  CONDITION APPLIES","0: 0  CONDITION DOES NOT APPLY","YES","MALE","FEMALE"
1981,64735,6,3,3,33790,5,182,2,1,2,4,3,4,2,2,2,2,1,6,6,7,1,1,16,7,"Female","Non-Black / Non-Hispanic","North Central (IL, IN, IA, KS, MI, MN, MO, NE, OH, ND, SD, WI)","GED","In CBSA, in central city","NO","3: Mother","YES","NO","YES","NO","NO","0: 0  CONDITION DOES NOT APPLY","ALWAYS WITH RIGHT HAND","ALWAYS WITH RIGHT HAND","ALWAYS WITH RIGHT HAND","ALWAYS WITH RIGHT HAND","ALWAYS WITH LEFT HAND","1: 1  CONDITION APPLIES","1: 1  CONDITION APPLIES","NO","FEMALE","FEMALE"
1982,64735,4,0,1,33790,5,183,2,2,4,5,2,4,2,2,1,2,1,4,1,6,1,1,32,25,"Female","Non-Black / Non-Hispanic","Northeast (CT, ME, MA, NH, NJ, NY, PA, RI, VT)","High school diploma (Regular 12 year program)","In CBSA, not in central city","YES","3: Mother","YES","NO","NO","NO","NO","0: 0  CONDITION DOES NOT APPLY","ALWAYS WITH RIGHT HAND","ALWAYS WITH RIGHT HAND","ALWAYS WITH RIGHT HAND","ALWAYS WITH RIGHT HAND","ALWAYS WITH LEFT HAND","1: 1  CONDITION APPLIES","1: 1  CONDITION APPLIES","NO","FEMALE","FEMALE"
1982,64735,4,0,1,33790,5,183,2,1,1,5,2,3,2,2,1,2,1,3,2,6,1,1,65,35,"Male","Black","South (AL, AR, DE, DC, FL, GA, KY, LA, MD, MS, NC, OK, SC, TN , TX, VA, WV)","High school diploma (Regular 12 year program)","In CBSA, in central city","NO","3: Mother","NO","YES","NO","NO","NO","0: 0  CONDITION DOES NOT APPLY","ALWAYS WITH RIGHT HAND","ALWAYS WITH RIGHT HAND","ALWAYS WITH RIGHT HAND","ALWAYS WITH RIGHT HAND","ALWAYS WITH LEFT HAND","1: 1  CONDITION APPLIES","1: 1  CONDITION APPLIES","NO","MALE","MALE"
1983,64735,5,0,3,33790,5,181,1,1,3,3,2,4,1,2,1,1,1,3,2,8,1,1,36,21,"Male","Non-Black / Non-Hispanic","West (AK, AZ, CA, CO, HI, ID, MT, NV, NM, OR, UT, WA, WY)","High school diploma (Regular 12 year program)","In CBSA, in central city","YES","3: Mother","NO","YES","NO","NO","YES","0: 0  CONDITION DOES NOT APPLY","ALWAYS WITH RIGHT HAND","ALWAYS WITH RIGHT HAND","ALWAYS WITH RIGHT HAND","ALWAYS WITH RIGHT HAND","USUALLY WITH BOTH HANDS EQUALLY","0: 0  CONDITION DOES NOT APPLY","1: 1  CONDITION APPLIES","YES","MALE","MALE"
1982,25000,3,1,3,33790,5,181,1,1,2,3,3,4,2,2,2,1,1,4,3,8,1,1,4,6,"Female","Hispanic","North Central (IL, IN, IA, KS, MI, MN, MO, NE, OH, ND, SD, WI)","GED","In CBSA, not in central city","NO","3: Mother","NO","YES","YES","NO","YES","0: 0  CONDITION DOES NOT APPLY","USUALLY WITH RIGHT HAND","ALWAYS WITH RIGHT HAND","ALWAYS WITH RIGHT HAND","ALWAYS WITH RIGHT HAND","ALWAYS WITH RIGHT HAND","1: 1  CONDITION APPLIES","1: 1  CONDITION APPLIES","NO","MALE","MALE"
1980,64734,3,1,1,33790,4,171,1,2,2,1,4,2,2,2,2,2,2,5,1,9,1,1,26,21,"Female","Black","North Central (IL, IN, IA, KS, MI, MN, MO, NE, OH, ND, SD, WI)","GED","In CBSA, in central city","NO","3: Mother","YES","NO","NO","NO","NO","0: 0  CONDITION DOES NOT APPLY","ALWAYS WITH RIGHT HAND","ALWAYS WITH RIGHT HAND","ALWAYS WITH RIGHT HAND","ALWAYS WITH RIGHT HAND","ALWAYS WITH RIGHT HAND","0: 0  CONDITION DOES NOT APPLY","1: 1  CONDITION APPLIES","NO","FEMALE","FEMALE"
1980,64735,3,1,3,33790,5,182,3,2,2,6,2,4,2,2,2,2,1,7,6,7,1,1,26,7,"Female","Non-Black / Non-Hispanic","West (AK, AZ, CA, CO, HI, ID, MT, NV, NM, OR, UT, WA, WY)","High school diploma (Regular 12 year program)","In CBSA, in central city","NO","3: Mother","YES","NO","NO","NO","YES","0: 0  CONDITION DOES NOT APPLY","ALWAYS WITH RIGHT HAND","ALWAYS WITH RIGHT HAND","ALWAYS WITH RIGHT HAND","ALWAYS WITH RIGHT HAND","ALWAYS WITH LEFT HAND","0: 0  CONDITION DOES NOT APPLY","1: 1  CONDITION APPLIES","NO","FEMALE","MALE"
1983,64735,2,0,3,33790,6,185,1,1,2,3,2,4,2,2,2,2,1,3,3,7,1,1,29,18,"Male","Non-Black / Non-Hispanic","South (AL, AR, DE, DC, FL, GA, KY, LA, MD, MS, NC, OK, SC, TN , TX, VA, WV)","High school diploma (Regular 12 year program)","In CBSA, not in central city","NO","3: Mother","YES","NO","NO","NO","YES","0: 0  CONDITION DOES NOT APPLY","ALWAYS WITH RIGHT HAND","ALWAYS WITH RIGHT HAND","ALWAYS WITH RIGHT HAND","USUALLY WITH RIGHT HAND","ALWAYS WITH LEFT HAND","1: 1  CONDITION APPLIES","1: 1  CONDITION APPLIES","NO","FEMALE","MALE"
1983,64735,4,1,3,33790,5,183,2,1,2,6,4,2,2,2,2,2,1,1,7,8,1,1,27,20,"Female","Non-Black / Non-Hispanic","South (AL, AR, DE, DC, FL, GA, KY, LA, MD, MS, NC, OK, SC, TN , TX, VA, WV)","GED","In CBSA, in central city","NO","3: Mother","NO","YES","YES","NO","YES","0: 0  CONDITION DOES NOT APPLY","ALWAYS WITH RIGHT HAND","ALWAYS WITH LEFT HAND","ALWAYS WITH LEFT HAND","ALWAYS WITH RIGHT HAND","ALWAYS WITH LEFT HAND","1: 1  CONDITION APPLIES","1: 1  CONDITION APPLIES","NO","MALE","MALE"
1980,64735,2,1,2,33790,5,183,1,1,3,4,3,4,2,2,1,2,1,6,2,6,1,1,26,19,"Female","Non-Black / Non-Hispanic","North Central (IL, IN, IA, KS, MI, MN, MO, NE, OH, ND, SD, WI)","High school diploma (Regular 12 year program)","In CBSA, in central city","NO","3: Mother","NO","NO","NO","NO","YES","0: 0  CONDITION DOES NOT APPLY","ALWAYS WITH RIGHT HAND","ALWAYS WITH RIGHT HAND","ALWAYS WITH RIGHT HAND","ALWAYS WITH RIGHT HAND","ALWAYS WITH LEFT HAND","1: 1  CONDITION APPLIES","1: 1  CONDITION APPLIES","NO","FEMALE","MALE"
1983,64735,4,1,3,33790,6,182,1,2,2,4,2,2,2,1,2,1,1,2,1,6,1,1,31,20,"Male","Black","South (AL, AR, DE, DC, FL, GA, KY, LA, MD, MS, NC, OK, SC, TN , TX, VA, WV)","High school diploma (Regular 12 year program)","In CBSA, in central city","NO","3: Mother","NO","YES","NO","NO","YES","0: 0  CONDITION DOES NOT APPLY","ALWAYS WITH RIGHT HAND","ALWAYS WITH RIGHT HAND","ALWAYS WITH RIGHT HAND","ALWAYS WITH RIGHT HAND","ALWAYS WITH LEFT HAND","1: 1  CONDITION APPLIES","1: 1  CONDITION APPLIES","NO","MALE","MALE"
1981,64735,4,0,2,1500,5,181,1,1,1,6,3,4,2,2,2,2,1,7,1,8,1,1,30,26,"Female","Non-Black / Non-Hispanic","West (AK, AZ, CA, CO, HI, ID, MT, NV, NM, OR, UT, WA, WY)","High school diploma (Regular 12 year program)","In CBSA, not in central city","NO","3: Mother","NO","NO","NO","NO","YES","0: 0  CONDITION DOES NOT APPLY","ALWAYS WITH RIGHT HAND","ALWAYS WITH RIGHT HAND","ALWAYS WITH RIGHT HAND","ALWAYS WITH RIGHT HAND","ALWAYS WITH LEFT HAND","1: 1  CONDITION APPLIES","1: 1  CONDITION APPLIES","NO","MALE","MALE"
1981,64735,3,1,4,33790,5,165,2,2,1,5,2,5,2,2,1,2,2,7,4,7,1,1,32,19,"Male","Black","North Central (IL, IN, IA, KS, MI, MN, MO, NE, OH, ND, SD, WI)","Bachelor's degree (BA, BS)","In CBSA, not in central city","NO","3: Mother","NO","YES","NO","NO","YES","0: 0  CONDITION DOES NOT APPLY","ALWAYS WITH RIGHT HAND","ALWAYS WITH RIGHT HAND","ALWAYS WITH RIGHT HAND","ALWAYS WITH RIGHT HAND","ALWAYS WITH LEFT HAND","0: 0  CONDITION DOES NOT APPLY","1: 1  CONDITION APPLIES","NO","FEMALE","MALE"
1987,64735,4,0,1,33790,5,179,1,2,4,3,1,6,2,1,2,1,2,5,1,6,1,5,37,27,"Male","Black","Northeast (CT, ME, MA, NH, NJ, NY, PA, RI, VT)","None","In CBSA, not in central city","NO","3: Mother","NO","YES","NO","NO","NO","0: 0  CONDITION DOES NOT APPLY","ALWAYS WITH RIGHT HAND","ALWAYS WITH RIGHT HAND","USUALLY WITH BOTH HANDS EQUALLY","ALWAYS WITH RIGHT HAND","ALWAYS WITH LEFT HAND","1: 1  CONDITION APPLIES","0: 0  CONDITION DOES NOT APPLY","YES","FEMALE","MALE"
1981,64735,4,0,3,33790,5,179,1,1,5,3,5,4,2,2,2,2,1,6,2,6,1,1,32,19,"Male","Non-Black / Non-Hispanic","North Central (IL, IN, IA, KS, MI, MN, MO, NE, OH, ND, SD, WI)","Bachelor's degree (BA, BS)","In CBSA, not in central city","NO","3: Mother","YES","NO","NO","NO","YES","0: 0  CONDITION DOES NOT APPLY","ALWAYS WITH RIGHT HAND","ALWAYS WITH RIGHT HAND","ALWAYS WITH RIGHT HAND","USUALLY WITH RIGHT HAND","ALWAYS WITH LEFT HAND","1: 1  CONDITION APPLIES","1: 1  CONDITION APPLIES","NO","FEMALE","MALE"
1983,64735,3,0,2,33790,5,183,1,1,4,4,5,4,2,2,1,1,1,6,4,8,1,1,26,20,"Female","Non-Black / Non-Hispanic","South (AL, AR, DE, DC, FL, GA, KY, LA, MD, MS, NC, OK, SC, TN , TX, VA, WV)","High school diploma (Regular 12 year program)","In CBSA, not in central city","YES","3: Mother","NO","NO","NO","NO","YES","0: 0  CONDITION DOES NOT APPLY","ALWAYS WITH RIGHT HAND","ALWAYS WITH RIGHT HAND","ALWAYS WITH RIGHT HAND","ALWAYS WITH RIGHT HAND","ALWAYS WITH LEFT HAND","1: 1  CONDITION APPLIES","1: 1  CONDITION APPLIES","NO","MALE","MALE"
1984,64735,3,3,1,33790,5,185,1,1,2,4,3,4,2,2,1,2,2,7,1,5,1,1,30,21,"Male","Non-Black / Non-Hispanic","South (AL, AR, DE, DC, FL, GA, KY, LA, MD, MS, NC, OK, SC, TN , TX, VA, WV)","Bachelor's degree (BA, BS)","In CBSA, not in central city","NO","3: Mother","YES","NO","NO","NO","YES","0: 0  CONDITION DOES NOT APPLY","ALWAYS WITH RIGHT HAND","ALWAYS WITH RIGHT HAND","ALWAYS WITH RIGHT HAND","ALWAYS WITH RIGHT HAND","ALWAYS WITH LEFT HAND","0: 0  CONDITION DOES NOT APPLY","1: 1  CONDITION APPLIES","NO","FEMALE","MALE"
1982,64735,3,1,2,33790,5,181,1,1,3,4,2,4,2,2,1,2,1,8,3,6,1,1,31,3,"Male","Black","North Central (IL, IN, IA, KS, MI, MN, MO, NE, OH, ND, SD, WI)","High school diploma (Regular 12 year program)","In CBSA, not in central city","NO","3: Mother","NO","NO","NO","NO","YES","0: 0  CONDITION DOES NOT APPLY","ALWAYS WITH RIGHT HAND","ALWAYS WITH RIGHT HAND","ALWAYS WITH RIGHT HAND","ALWAYS WITH RIGHT HAND","ALWAYS WITH LEFT HAND","1: 1  CONDITION APPLIES","1: 1  CONDITION APPLIES","NO","MALE","FEMALE"
1982,51300,2,0,2,33790,5,178,1,2,2,3,5,6,2,2,1,2,1,6,1,6,1,1,31,17,"Male","Non-Black / Non-Hispanic","South (AL, AR, DE, DC, FL, GA, KY, LA, MD, MS, NC, OK, SC, TN , TX, VA, WV)","High school diploma (Regular 12 year program)","In CBSA, not in central city","NO","3: Mother","YES","NO","NO","NO","YES","0: 0  CONDITION DOES NOT APPLY","ALWAYS WITH RIGHT HAND","ALWAYS WITH RIGHT HAND","ALWAYS WITH RIGHT HAND","ALWAYS WITH RIGHT HAND","ALWAYS WITH LEFT HAND","0: 0  CONDITION DOES NOT APPLY","0: 0  CONDITION DOES NOT APPLY","NO","MALE","FEMALE"
1982,60000,2,1,4,60000,6,220,1,2,1,4,1,2,2,2,2,1,1,3,1,6,1,1,33,19,"Male","Non-Black / Non-Hispanic","North Central (IL, IN, IA, KS, MI, MN, MO, NE, OH, ND, SD, WI)","High school diploma (Regular 12 year program)","In CBSA, in central city","YES","3: Mother","NO","YES","NO","NO","NO","1: 1  CONDITION APPLIES","ALWAYS WITH RIGHT HAND","ALWAYS WITH RIGHT HAND","ALWAYS WITH RIGHT HAND","ALWAYS WITH RIGHT HAND","ALWAYS WITH LEFT HAND","0: 0  CONDITION DOES NOT APPLY","1: 1  CONDITION APPLIES","NO","MALE","MALE"
1980,64735,5,0,3,33790,5,181,1,2,4,3,1,5,2,2,2,2,1,6,3,7,1,1,31,24,"Male","Non-Black / Non-Hispanic","West (AK, AZ, CA, CO, HI, ID, MT, NV, NM, OR, UT, WA, WY)","High school diploma (Regular 12 year program)","In CBSA, not in central city","YES","3: Mother","YES","YES","NO","NO","NO","0: 0  CONDITION DOES NOT APPLY","ALWAYS WITH RIGHT HAND","ALWAYS WITH RIGHT HAND","ALWAYS WITH RIGHT HAND","ALWAYS WITH RIGHT HAND","ALWAYS WITH LEFT HAND","1: 1  CONDITION APPLIES","1: 1  CONDITION APPLIES","NO","FEMALE","MALE"
1982,64735,3,1,1,33790,5,184,2,2,3,4,3,2,2,1,1,2,2,6,3,7,1,2,30,22,"Male","Non-Black / Non-Hispanic","South (AL, AR, DE, DC, FL, GA, KY, LA, MD, MS, NC, OK, SC, TN , TX, VA, WV)","High school diploma (Regular 12 year program)","In CBSA, in central city","NO","3: Mother","YES","NO","NO","NO","YES","0: 0  CONDITION DOES NOT APPLY","ALWAYS WITH RIGHT HAND","ALWAYS WITH RIGHT HAND","ALWAYS WITH RIGHT HAND","ALWAYS WITH RIGHT HAND","ALWAYS WITH LEFT HAND","1: 1  CONDITION APPLIES","1: 1  CONDITION APPLIES","NO","FEMALE","MALE"
1982,64735,4,1,1,33790,5,181,1,1,4,3,5,4,2,2,1,1,1,4,3,7,1,1,29,17,"Female","Non-Black / Non-Hispanic","South (AL, AR, DE, DC, FL, GA, KY, LA, MD, MS, NC, OK, SC, TN , TX, VA, WV)","High school diploma (Regular 12 year program)","In CBSA, not in central city","NO","3: Mother","YES","NO","NO","NO","YES","0: 0  CONDITION DOES NOT APPLY","ALWAYS WITH RIGHT HAND","ALWAYS WITH RIGHT HAND","ALWAYS WITH RIGHT HAND","ALWAYS WITH RIGHT HAND","USUALLY WITH RIGHT HAND","1: 1  CONDITION APPLIES","1: 1  CONDITION APPLIES","NO","MALE","MALE"
1980,142000,2,0,3,33790,6,189,1,2,2,8,3,4,2,2,1,2,1,6,1,6,1,1,30,22,"Male","Non-Black / Non-Hispanic","South (AL, AR, DE, DC, FL, GA, KY, LA, MD, MS, NC, OK, SC, TN , TX, VA, WV)","High school diploma (Regular 12 year program)","In CBSA, in central city","YES","3: Mother","NO","YES","NO","NO","YES","0: 0  CONDITION DOES NOT APPLY","ALWAYS WITH RIGHT HAND","ALWAYS WITH RIGHT HAND","ALWAYS WITH RIGHT HAND","ALWAYS WITH RIGHT HAND","ALWAYS WITH LEFT HAND","1: 1  CONDITION APPLIES","1: 1  CONDITION APPLIES","NO","FEMALE","FEMALE"
1983,64735,2,0,1,33790,6,185,2,3,4,2,3,1,2,2,1,2,1,5,2,5,1,2,32,21,"Male","Hispanic","South (AL, AR, DE, DC, FL, GA, KY, LA, MD, MS, NC, OK, SC, TN , TX, VA, WV)","None","In CBSA, in central city","NO","3: Mother","YES","NO","NO","NO","YES","0: 0  CONDITION DOES NOT APPLY","ALWAYS WITH RIGHT HAND","ALWAYS WITH RIGHT HAND","ALWAYS WITH RIGHT HAND","ALWAYS WITH RIGHT HAND","ALWAYS WITH LEFT HAND","1: 1  CONDITION APPLIES","1: 1  CONDITION APPLIES","NO","FEMALE","FEMALE"
1980,64735,3,0,1,33790,5,183,2,1,3,3,7,6,2,2,1,2,1,6,1,6,1,1,28,24,"Male","Non-Black / Non-Hispanic","Northeast (CT, ME, MA, NH, NJ, NY, PA, RI, VT)","Associate/Junior college (AA)","In CBSA, not in central city","NO","3: Mother","YES","NO","YES","NO","YES","0: 0  CONDITION DOES NOT APPLY","ALWAYS WITH RIGHT HAND","ALWAYS WITH RIGHT HAND","ALWAYS WITH RIGHT HAND","USUALLY WITH RIGHT HAND","ALWAYS WITH LEFT HAND","1: 1  CONDITION APPLIES","1: 1  CONDITION APPLIES","NO","MALE","MALE"
1983,64735,3,1,1,33790,5,185,1,1,3,4,3,3,2,2,1,2,1,4,2,7,1,1,31,23,"Male","Black","North Central (IL, IN, IA, KS, MI, MN, MO, NE, OH, ND, SD, WI)","High school diploma (Regular 12 year program)","In CBSA, not in central city","NO","3: Mother","YES","NO","NO","NO","YES","0: 0  CONDITION DOES NOT APPLY","ALWAYS WITH LEFT HAND","ALWAYS WITH LEFT HAND","ALWAYS WITH LEFT HAND","ALWAYS WITH RIGHT HAND","ALWAYS WITH RIGHT HAND","1: 1  CONDITION APPLIES","1: 1  CONDITION APPLIES","NO","MALE","MALE"
1982,64735,3,0,1,33790,6,182,1,2,3,4,3,5,2,2,1,1,1,4,2,6,1,1,59,27,"Male","Non-Black / Non-Hispanic","North Central (IL, IN, IA, KS, MI, MN, MO, NE, OH, ND, SD, WI)","High school diploma (Regular 12 year program)","In CBSA, not in central city","YES","3: Mother","NO","NO","NO","NO","YES","0: 0  CONDITION DOES NOT APPLY","ALWAYS WITH RIGHT HAND","ALWAYS WITH RIGHT HAND","ALWAYS WITH RIGHT HAND","ALWAYS WITH RIGHT HAND","ALWAYS WITH LEFT HAND","1: 1  CONDITION APPLIES","0: 0  CONDITION DOES NOT APPLY","NO","MALE","FEMALE"
1983,64735,3,0,3,33790,5,181,1,2,1,4,5,4,2,2,1,2,1,6,6,6,1,1,30,23,"Female","Black","North Central (IL, IN, IA, KS, MI, MN, MO, NE, OH, ND, SD, WI)","High school diploma (Regular 12 year program)","In CBSA, in central city","NO","3: Mother","YES","NO","YES","NO","NO","0: 0  CONDITION DOES NOT APPLY","USUALLY WITH RIGHT HAND","USUALLY WITH RIGHT HAND","ALWAYS WITH RIGHT HAND","ALWAYS WITH RIGHT HAND","ALWAYS WITH LEFT HAND","1: 1  CONDITION APPLIES","1: 1  CONDITION APPLIES","NO","FEMALE","MALE"
1981,64735,4,1,3,33790,5,183,1,1,1,4,3,2,2,2,2,2,1,6,2,6,1,1,32,21,"Female","Non-Black / Non-Hispanic","South (AL, AR, DE, DC, FL, GA, KY, LA, MD, MS, NC, OK, SC, TN , TX, VA, WV)","High school diploma (Regular 12 year program)","In CBSA, not in central city","NO","3: Mother","NO","NO","NO","NO","YES","0: 0  CONDITION DOES NOT APPLY","ALWAYS WITH RIGHT HAND","ALWAYS WITH RIGHT HAND","ALWAYS WITH RIGHT HAND","ALWAYS WITH RIGHT HAND","ALWAYS WITH LEFT HAND","1: 1  CONDITION APPLIES","1: 1  CONDITION APPLIES","NO","FEMALE","FEMALE"
1983,64735,5,1,3,33790,6,187,2,2,3,4,3,2,2,2,1,2,1,4,3,5,1,1,33,23,"Male","Non-Black / Non-Hispanic","South (AL, AR, DE, DC, FL, GA, KY, LA, MD, MS, NC, OK, SC, TN , TX, VA, WV)","High school diploma (Regular 12 year program)","In CBSA, not in central city","NO","3: Mother","YES","YES","NO","YES","YES","0: 0  CONDITION DOES NOT APPLY","ALWAYS WITH RIGHT HAND","ALWAYS WITH RIGHT HAND","ALWAYS WITH RIGHT HAND","ALWAYS WITH RIGHT HAND","ALWAYS WITH LEFT HAND","1: 1  CONDITION APPLIES","1: 1  CONDITION APPLIES","NO","FEMALE","FEMALE"
1982,64735,2,1,1,33790,6,187,2,2,1,2,1,4,2,2,2,2,1,4,2,6,1,1,27,19,"Male","Non-Black / Non-Hispanic","West (AK, AZ, CA, CO, HI, ID, MT, NV, NM, OR, UT, WA, WY)","High school diploma (Regular 12 year program)","In CBSA, not in central city","NO","3: Mother","YES","NO","YES","NO","YES","0: 0  CONDITION DOES NOT APPLY","ALWAYS WITH RIGHT HAND","ALWAYS WITH RIGHT HAND","ALWAYS WITH RIGHT HAND","ALWAYS WITH RIGHT HAND","ALWAYS WITH LEFT HAND","0: 0  CONDITION DOES NOT APPLY","1: 1  CONDITION APPLIES","NO","FEMALE","FEMALE"
1984,64735,5,1,2,7000,5,140,1,2,3,4,2,2,2,2,2,2,2,3,4,8,1,1,57,23,"Male","Non-Black / Non-Hispanic","North Central (IL, IN, IA, KS, MI, MN, MO, NE, OH, ND, SD, WI)","High school diploma (Regular 12 year program)","In CBSA, not in central city","NO","3: Mother","NO","YES","YES","NO","YES","0: 0  CONDITION DOES NOT APPLY","ALWAYS WITH RIGHT HAND","ALWAYS WITH RIGHT HAND","ALWAYS WITH RIGHT HAND","ALWAYS WITH RIGHT HAND","ALWAYS WITH LEFT HAND","1: 1  CONDITION APPLIES","1: 1  CONDITION APPLIES","NO","FEMALE","FEMALE"
1981,64735,3,1,3,33790,5,185,1,1,4,4,4,3,1,2,1,2,1,6,4,7,1,1,31,19,"Male","Non-Black / Non-Hispanic","North Central (IL, IN, IA, KS, MI, MN, MO, NE, OH, ND, SD, WI)","High school diploma (Regular 12 year program)","In CBSA, in central city","NO","3: Mother","YES","NO","NO","NO","YES","0: 0  CONDITION DOES NOT APPLY","ALWAYS WITH LEFT HAND","ALWAYS WITH LEFT HAND","ALWAYS WITH LEFT HAND","ALWAYS WITH LEFT HAND","ALWAYS WITH RIGHT HAND","0: 0  CONDITION DOES NOT APPLY","0: 0  CONDITION DOES NOT APPLY","NO","FEMALE","FEMALE"
1982,64735,3,1,2,33790,5,184,2,3,1,4,3,5,2,2,1,2,1,4,1,5,1,1,33,0,"Male","Non-Black / Non-Hispanic","North Central (IL, IN, IA, KS, MI, MN, MO, NE, OH, ND, SD, WI)","Associate/Junior college (AA)","In CBSA, not in central city","NO","3: Mother","NO","NO","NO","NO","YES","0: 0  CONDITION DOES NOT APPLY","ALWAYS WITH RIGHT HAND","ALWAYS WITH RIGHT HAND","ALWAYS WITH RIGHT HAND","ALWAYS WITH RIGHT HAND","ALWAYS WITH LEFT HAND","1: 1  CONDITION APPLIES","1: 1  CONDITION APPLIES","YES","MALE","MALE"
1980,64735,3,0,4,33790,5,183,1,1,4,4,2,4,2,2,2,2,2,6,3,6,1,1,32,23,"Male","Non-Black / Non-Hispanic","North Central (IL, IN, IA, KS, MI, MN, MO, NE, OH, ND, SD, WI)","Bachelor's degree (BA, BS)","In CBSA, in central city","NO","3: Mother","YES","NO","NO","NO","YES","0: 0  CONDITION DOES NOT APPLY","ALWAYS WITH RIGHT HAND","ALWAYS WITH RIGHT HAND","ALWAYS WITH RIGHT HAND","ALWAYS WITH RIGHT HAND","USUALLY WITH LEFT HAND","1: 1  CONDITION APPLIES","1: 1  CONDITION APPLIES","NO","FEMALE","MALE"
1982,44000,4,0,3,42000,6,181,1,1,2,3,4,2,2,2,1,2,1,6,2,6,1,1,33,24,"Male","Non-Black / Non-Hispanic","North Central (IL, IN, IA, KS, MI, MN, MO, NE, OH, ND, SD, WI)","Master's degree (MA, MS)","In CBSA, not in central city","NO","3: Mother","YES","NO","NO","NO","YES","0: 0  CONDITION DOES NOT APPLY","ALWAYS WITH RIGHT HAND","ALWAYS WITH RIGHT HAND","USUALLY WITH BOTH HANDS EQUALLY","USUALLY WITH RIGHT HAND","USUALLY WITH RIGHT HAND","1: 1  CONDITION APPLIES","1: 1  CONDITION APPLIES","NO","FEMALE","MALE"
1983,64735,2,0,1,33790,6,182,2,1,4,2,3,6,2,2,1,2,1,7,3,6,2,1,29,21,"Female","Non-Black / Non-Hispanic","South (AL, AR, DE, DC, FL, GA, KY, LA, MD, MS, NC, OK, SC, TN , TX, VA, WV)","Bachelor's degree (BA, BS)","In CBSA, not in central city","NO","3: Mother","YES","NO","YES","NO","YES","0: 0  CONDITION DOES NOT APPLY","ALWAYS WITH RIGHT HAND","ALWAYS WITH RIGHT HAND","ALWAYS WITH RIGHT HAND","ALWAYS WITH RIGHT HAND","ALWAYS WITH RIGHT HAND","1: 1  CONDITION APPLIES","1: 1  CONDITION APPLIES","NO","MALE","MALE"
1983,64735,4,1,1,33790,5,179,1,2,5,3,1,5,1,1,2,1,2,2,2,7,1,1,32,17,"Male","Black","Northeast (CT, ME, MA, NH, NJ, NY, PA, RI, VT)","GED","In CBSA, not in central city","NO","3: Mother","YES","NO","YES","NO","YES","0: 0  CONDITION DOES NOT APPLY","ALWAYS WITH RIGHT HAND","ALWAYS WITH RIGHT HAND","ALWAYS WITH RIGHT HAND","ALWAYS WITH RIGHT HAND","ALWAYS WITH LEFT HAND","1: 1  CONDITION APPLIES","1: 1  CONDITION APPLIES","NO","FEMALE","FEMALE"
1980,64735,3,0,3,33790,5,183,1,1,1,3,1,3,2,2,2,2,1,6,3,6,1,1,31,21,"Female","Non-Black / Non-Hispanic","North Central (IL, IN, IA, KS, MI, MN, MO, NE, OH, ND, SD, WI)","High school diploma (Regular 12 year program)","In CBSA, in central city","NO","3: Mother","YES","NO","NO","NO","YES","0: 0  CONDITION DOES NOT APPLY","ALWAYS WITH RIGHT HAND","ALWAYS WITH RIGHT HAND","ALWAYS WITH RIGHT HAND","ALWAYS WITH RIGHT HAND","ALWAYS WITH LEFT HAND","1: 1  CONDITION APPLIES","1: 1  CONDITION APPLIES","NO","FEMALE","FEMALE"
1980,64735,1,0,3,33790,5,150,1,1,2,3,5,4,1,2,2,2,1,7,2,5,1,1,33,21,"Male","Non-Black / Non-Hispanic","South (AL, AR, DE, DC, FL, GA, KY, LA, MD, MS, NC, OK, SC, TN , TX, VA, WV)","Associate/Junior college (AA)","In CBSA, in central city","NO","3: Mother","YES","YES","NO","NO","YES","0: 0  CONDITION DOES NOT APPLY","ALWAYS WITH LEFT HAND","USUALLY WITH BOTH HANDS EQUALLY","ALWAYS WITH RIGHT HAND","ALWAYS WITH RIGHT HAND","USUALLY WITH RIGHT HAND","1: 1  CONDITION APPLIES","1: 1  CONDITION APPLIES","NO","MALE","FEMALE"
1984,64735,3,0,2,33790,5,181,1,2,3,4,4,3,2,2,1,2,1,6,2,7,1,1,34,28,"Female","Hispanic","South (AL, AR, DE, DC, FL, GA, KY, LA, MD, MS, NC, OK, SC, TN , TX, VA, WV)","High school diploma (Regular 12 year program)","In CBSA, in central city","YES","3: Mother","YES","NO","NO","NO","NO","0: 0  CONDITION DOES NOT APPLY","ALWAYS WITH RIGHT HAND","ALWAYS WITH RIGHT HAND","ALWAYS WITH RIGHT HAND","ALWAYS WITH RIGHT HAND","ALWAYS WITH LEFT HAND","1: 1  CONDITION APPLIES","1: 1  CONDITION APPLIES","NO","MALE","MALE"
1982,70000,3,0,1,70000,6,186,1,1,3,3,2,6,1,2,2,2,2,3,2,6,1,1,37,20,"Male","Non-Black / Non-Hispanic","South (AL, AR, DE, DC, FL, GA, KY, LA, MD, MS, NC, OK, SC, TN , TX, VA, WV)","High school diploma (Regular 12 year program)","In CBSA, not in central city","NO","3: Mother","NO","YES","NO","NO","YES","0: 0  CONDITION DOES NOT APPLY","ALWAYS WITH RIGHT HAND","ALWAYS WITH RIGHT HAND","ALWAYS WITH RIGHT HAND","ALWAYS WITH RIGHT HAND","ALWAYS WITH RIGHT HAND","0: 0  CONDITION DOES NOT APPLY","1: 1  CONDITION APPLIES","NO","FEMALE","MALE"
1985,16500,5,0,2,33790,5,181,1,1,2,3,3,3,2,1,2,2,1,3,2,6,1,1,34,17,"Female","Black","South (AL, AR, DE, DC, FL, GA, KY, LA, MD, MS, NC, OK, SC, TN , TX, VA, WV)","High school diploma (Regular 12 year program)","In CBSA, not in central city","NO","3: Mother","YES","NO","NO","NO","YES","0: 0  CONDITION DOES NOT APPLY","ALWAYS WITH RIGHT HAND","ALWAYS WITH RIGHT HAND","ALWAYS WITH RIGHT HAND","ALWAYS WITH RIGHT HAND","ALWAYS WITH LEFT HAND","0: 0  CONDITION DOES NOT APPLY","1: 1  CONDITION APPLIES","NO","FEMALE","FEMALE"
1983,64735,5,1,1,33790,5,181,1,1,3,4,1,4,1,2,1,2,1,5,3,7,1,1,27,17,"Male","Black","West (AK, AZ, CA, CO, HI, ID, MT, NV, NM, OR, UT, WA, WY)","Bachelor's degree (BA, BS)","In CBSA, not in central city","NO","3: Mother","NO","NO","NO","NO","YES","0: 0  CONDITION DOES NOT APPLY","ALWAYS WITH RIGHT HAND","ALWAYS WITH RIGHT HAND","USUALLY WITH BOTH HANDS EQUALLY","ALWAYS WITH RIGHT HAND","ALWAYS WITH LEFT HAND","1: 1  CONDITION APPLIES","1: 1  CONDITION APPLIES","NO","MALE","MALE"
1980,64735,2,0,2,33790,5,181,1,1,3,5,5,7,2,2,1,2,1,7,2,7,1,1,31,23,"Female","Non-Black / Non-Hispanic","South (AL, AR, DE, DC, FL, GA, KY, LA, MD, MS, NC, OK, SC, TN , TX, VA, WV)","Master's degree (MA, MS)","In CBSA, in central city","NO","3: Mother","YES","NO","NO","NO","YES","0: 0  CONDITION DOES NOT APPLY","ALWAYS WITH RIGHT HAND","ALWAYS WITH RIGHT HAND","ALWAYS WITH RIGHT HAND","ALWAYS WITH RIGHT HAND","ALWAYS WITH LEFT HAND","1: 1  CONDITION APPLIES","1: 1  CONDITION APPLIES","NO","MALE","FEMALE"
1983,64735,3,1,3,33790,6,188,1,1,3,4,1,4,2,2,2,1,1,2,1,5,1,1,28,22,"Male","Non-Black / Non-Hispanic","North Central (IL, IN, IA, KS, MI, MN, MO, NE, OH, ND, SD, WI)","High school diploma (Regular 12 year program)","In CBSA, not in central city","NO","3: Mother","NO","NO","NO","NO","NO","0: 0  CONDITION DOES NOT APPLY","ALWAYS WITH RIGHT HAND","USUALLY WITH RIGHT HAND","ALWAYS WITH RIGHT HAND","ALWAYS WITH RIGHT HAND","ALWAYS WITH LEFT HAND","1: 1  CONDITION APPLIES","1: 1  CONDITION APPLIES","NO","FEMALE","MALE"
1981,64735,3,1,2,33790,6,183,1,1,3,3,1,3,2,2,1,2,1,1,1,8,2,1,28,20,"Female","Non-Black / Non-Hispanic","South (AL, AR, DE, DC, FL, GA, KY, LA, MD, MS, NC, OK, SC, TN , TX, VA, WV)","GED","In CBSA, in central city","NO","3: Mother","NO","NO","YES","NO","NO","0: 0  CONDITION DOES NOT APPLY","ALWAYS WITH RIGHT HAND","ALWAYS WITH RIGHT HAND","ALWAYS WITH RIGHT HAND","ALWAYS WITH RIGHT HAND","ALWAYS WITH LEFT HAND","1: 1  CONDITION APPLIES","1: 1  CONDITION APPLIES","NO","FEMALE","MALE"
1980,64735,4,0,1,33790,5,184,2,2,1,3,1,2,1,2,1,2,1,6,3,7,1,1,33,21,"Male","Non-Black / Non-Hispanic","North Central (IL, IN, IA, KS, MI, MN, MO, NE, OH, ND, SD, WI)","Master's degree (MA, MS)","In CBSA, not in central city","NO","3: Mother","NO","NO","NO","YES","NO","0: 0  CONDITION DOES NOT APPLY","ALWAYS WITH LEFT HAND","ALWAYS WITH LEFT HAND","ALWAYS WITH LEFT HAND","ALWAYS WITH RIGHT HAND","ALWAYS WITH LEFT HAND","1: 1  CONDITION APPLIES","1: 1  CONDITION APPLIES","YES","FEMALE","FEMALE"
1982,64735,2,0,2,33790,5,183,2,1,4,5,1,3,2,2,2,2,1,5,3,7,1,1,30,22,"Female","Black","South (AL, AR, DE, DC, FL, GA, KY, LA, MD, MS, NC, OK, SC, TN , TX, VA, WV)","High school diploma (Regular 12 year program)","In CBSA, in central city","NO","3: Mother","YES","NO","NO","NO","YES","0: 0  CONDITION DOES NOT APPLY","ALWAYS WITH RIGHT HAND","ALWAYS WITH RIGHT HAND","ALWAYS WITH RIGHT HAND","ALWAYS WITH RIGHT HAND","ALWAYS WITH LEFT HAND","1: 1  CONDITION APPLIES","1: 1  CONDITION APPLIES","NO","FEMALE","MALE"
1984,64735,5,1,2,26000,5,180,1,2,4,3,2,4,2,2,2,2,2,6,3,6,3,1,30,21,"Male","Non-Black / Non-Hispanic","North Central (IL, IN, IA, KS, MI, MN, MO, NE, OH, ND, SD, WI)","High school diploma (Regular 12 year program)","In CBSA, not in central city","NO","3: Mother","NO","NO","NO","NO","YES","0: 0  CONDITION DOES NOT APPLY","ALWAYS WITH RIGHT HAND","ALWAYS WITH RIGHT HAND","ALWAYS WITH RIGHT HAND","ALWAYS WITH RIGHT HAND","ALWAYS WITH LEFT HAND","1: 1  CONDITION APPLIES","1: 1  CONDITION APPLIES","NO","FEMALE","FEMALE"
1981,64735,2,1,2,32000,5,258,2,2,3,2,4,3,2,2,2,1,1,7,3,8,1,1,1,9,"Male","Hispanic","South (AL, AR, DE, DC, FL, GA, KY, LA, MD, MS, NC, OK, SC, TN , TX, VA, WV)","High school diploma (Regular 12 year program)","In CBSA, not in central city","NO","3: Mother","YES","NO","YES","NO","YES","0: 0  CONDITION DOES NOT APPLY","ALWAYS WITH RIGHT HAND","ALWAYS WITH RIGHT HAND","ALWAYS WITH RIGHT HAND","ALWAYS WITH LEFT HAND","ALWAYS WITH LEFT HAND","1: 1  CONDITION APPLIES","1: 1  CONDITION APPLIES","NO","FEMALE","FEMALE"
1980,64735,2,1,1,33790,6,185,2,1,4,3,2,4,2,2,1,1,2,3,2,5,3,2,31,5,"Male","Non-Black / Non-Hispanic","North Central (IL, IN, IA, KS, MI, MN, MO, NE, OH, ND, SD, WI)","High school diploma (Regular 12 year program)","In CBSA, not in central city","NO","3: Mother","YES","NO","NO","NO","NO","0: 0  CONDITION DOES NOT APPLY","ALWAYS WITH RIGHT HAND","ALWAYS WITH RIGHT HAND","ALWAYS WITH RIGHT HAND","ALWAYS WITH RIGHT HAND","ALWAYS WITH LEFT HAND","1: 1  CONDITION APPLIES","1: 1  CONDITION APPLIES","NO","FEMALE","FEMALE"
1982,64735,3,0,1,44000,6,181,1,3,3,3,6,6,2,2,2,1,1,3,6,8,4,1,30,22,"Male","Black","South (AL, AR, DE, DC, FL, GA, KY, LA, MD, MS, NC, OK, SC, TN , TX, VA, WV)","High school diploma (Regular 12 year program)","In CBSA, not in central city","NO","3: Mother","NO","NO","NO","YES","YES","0: 0  CONDITION DOES NOT APPLY","USUALLY WITH BOTH HANDS EQUALLY","ALWAYS WITH RIGHT HAND","USUALLY WITH BOTH HANDS EQUALLY","ALWAYS WITH RIGHT HAND","ALWAYS WITH LEFT HAND","0: 0  CONDITION DOES NOT APPLY","1: 1  CONDITION APPLIES","NO","MALE","FEMALE"
1984,64735,3,0,1,46000,5,181,1,1,3,6,4,5,1,2,1,2,1,5,3,7,1,1,35,22,"Female","Non-Black / Non-Hispanic","South (AL, AR, DE, DC, FL, GA, KY, LA, MD, MS, NC, OK, SC, TN , TX, VA, WV)","Bachelor's degree (BA, BS)","In CBSA, not in central city","NO","3: Mother","YES","NO","NO","NO","YES","0: 0  CONDITION DOES NOT APPLY","ALWAYS WITH RIGHT HAND","ALWAYS WITH RIGHT HAND","ALWAYS WITH RIGHT HAND","ALWAYS WITH RIGHT HAND","ALWAYS WITH LEFT HAND","1: 1  CONDITION APPLIES","1: 1  CONDITION APPLIES","NO","FEMALE","FEMALE"
1981,64735,4,0,1,33790,5,210,2,2,5,5,1,8,2,2,2,1,2,3,1,5,1,1,29,20,"Male","Hispanic","South (AL, AR, DE, DC, FL, GA, KY, LA, MD, MS, NC, OK, SC, TN , TX, VA, WV)","None","In CBSA, not in central city","YES","3: Mother","YES","NO","NO","NO","YES","0: 0  CONDITION DOES NOT APPLY","ALWAYS WITH RIGHT HAND","ALWAYS WITH RIGHT HAND","ALWAYS WITH RIGHT HAND","ALWAYS WITH RIGHT HAND","ALWAYS WITH LEFT HAND","1: 1  CONDITION APPLIES","1: 1  CONDITION APPLIES","NO","FEMALE","MALE"
1981,64735,4,1,2,33790,5,183,1,1,1,7,4,3,2,2,1,2,1,5,2,6,1,1,30,21,"Female","Non-Black / Non-Hispanic","South (AL, AR, DE, DC, FL, GA, KY, LA, MD, MS, NC, OK, SC, TN , TX, VA, WV)","GED","In CBSA, not in central city","NO","3: Mother","NO","NO","YES","NO","YES","0: 0  CONDITION DOES NOT APPLY","ALWAYS WITH RIGHT HAND","ALWAYS WITH RIGHT HAND","ALWAYS WITH RIGHT HAND","ALWAYS WITH RIGHT HAND","ALWAYS WITH LEFT HAND","1: 1  CONDITION APPLIES","1: 1  CONDITION APPLIES","NO","MALE","FEMALE"
1980,64735,4,1,3,33790,5,183,2,1,1,6,1,7,1,2,1,2,1,4,2,8,1,1,32,22,"Female","Black","South (AL, AR, DE, DC, FL, GA, KY, LA, MD, MS, NC, OK, SC, TN , TX, VA, WV)","Master's degree (MA, MS)","In CBSA, in central city","NO","3: Mother","YES","YES","NO","YES","YES","0: 0  CONDITION DOES NOT APPLY","ALWAYS WITH RIGHT HAND","ALWAYS WITH RIGHT HAND","ALWAYS WITH RIGHT HAND","ALWAYS WITH RIGHT HAND","ALWAYS WITH LEFT HAND","1: 1  CONDITION APPLIES","1: 1  CONDITION APPLIES","NO","MALE","FEMALE"
1984,64735,2,0,2,33790,6,187,1,1,4,3,2,5,2,2,1,2,1,6,2,8,1,1,36,24,"Male","Non-Black / Non-Hispanic","North Central (IL, IN, IA, KS, MI, MN, MO, NE, OH, ND, SD, WI)","Bachelor's degree (BA, BS)","In CBSA, in central city","NO","3: Mother","YES","NO","YES","NO","YES","0: 0  CONDITION DOES NOT APPLY","ALWAYS WITH RIGHT HAND","ALWAYS WITH RIGHT HAND","ALWAYS WITH RIGHT HAND","USUALLY WITH LEFT HAND","ALWAYS WITH LEFT HAND","1: 1  CONDITION APPLIES","1: 1  CONDITION APPLIES","NO","FEMALE","MALE"
1983,64735,4,1,3,33790,5,180,1,1,4,3,2,5,2,2,1,2,1,4,1,7,1,1,29,22,"Male","Non-Black / Non-Hispanic","South (AL, AR, DE, DC, FL, GA, KY, LA, MD, MS, NC, OK, SC, TN , TX, VA, WV)","High school diploma (Regular 12 year program)","In CBSA, in central city","NO","3: Mother","YES","NO","NO","NO","YES","0: 0  CONDITION DOES NOT APPLY","ALWAYS WITH RIGHT HAND","ALWAYS WITH RIGHT HAND","ALWAYS WITH RIGHT HAND","ALWAYS WITH RIGHT HAND","ALWAYS WITH LEFT HAND","1: 1  CONDITION APPLIES","1: 1  CONDITION APPLIES","NO","MALE","MALE"
1984,64735,3,1,1,55000,5,181,1,1,3,3,1,5,2,2,1,2,1,6,3,6,1,1,24,1,"Female","Black","North Central (IL, IN, IA, KS, MI, MN, MO, NE, OH, ND, SD, WI)","Bachelor's degree (BA, BS)","In CBSA, not in central city","NO","3: Mother","NO","NO","NO","NO","YES","0: 0  CONDITION DOES NOT APPLY","ALWAYS WITH RIGHT HAND","ALWAYS WITH RIGHT HAND","ALWAYS WITH RIGHT HAND","ALWAYS WITH RIGHT HAND","ALWAYS WITH LEFT HAND","1: 1  CONDITION APPLIES","1: 1  CONDITION APPLIES","NO","FEMALE","MALE"
1980,64735,4,2,1,33790,5,184,1,1,3,6,1,2,2,2,2,1,1,5,1,6,1,1,30,14,"Male","Non-Black / Non-Hispanic","North Central (IL, IN, IA, KS, MI, MN, MO, NE, OH, ND, SD, WI)","High school diploma (Regular 12 year program)","In CBSA, in central city","NO","3: Mother","YES","NO","NO","NO","YES","0: 0  CONDITION DOES NOT APPLY","ALWAYS WITH LEFT HAND","ALWAYS WITH RIGHT HAND","ALWAYS WITH RIGHT HAND","ALWAYS WITH RIGHT HAND","ALWAYS WITH LEFT HAND","1: 1  CONDITION APPLIES","1: 1  CONDITION APPLIES","NO","FEMALE","FEMALE"
1983,64735,3,1,4,28000,5,182,1,2,2,3,3,2,2,2,1,2,1,6,3,8,1,1,32,21,"Male","Non-Black / Non-Hispanic","West (AK, AZ, CA, CO, HI, ID, MT, NV, NM, OR, UT, WA, WY)","Bachelor's degree (BA, BS)","In CBSA, in central city","NO","3: Mother","YES","NO","NO","NO","YES","0: 0  CONDITION DOES NOT APPLY","ALWAYS WITH RIGHT HAND","ALWAYS WITH RIGHT HAND","ALWAYS WITH RIGHT HAND","ALWAYS WITH RIGHT HAND","ALWAYS WITH LEFT HAND","1: 1  CONDITION APPLIES","1: 1  CONDITION APPLIES","NO","FEMALE","MALE"
1981,64735,4,0,2,33790,5,180,1,1,5,3,4,7,2,2,2,2,2,4,2,7,1,2,31,23,"Female","Hispanic","West (AK, AZ, CA, CO, HI, ID, MT, NV, NM, OR, UT, WA, WY)","Bachelor's degree (BA, BS)","In CBSA, not in central city","NO","3: Mother","YES","NO","YES","NO","NO","0: 0  CONDITION DOES NOT APPLY","ALWAYS WITH RIGHT HAND","ALWAYS WITH RIGHT HAND","ALWAYS WITH RIGHT HAND","ALWAYS WITH RIGHT HAND","ALWAYS WITH LEFT HAND","1: 1  CONDITION APPLIES","1: 1  CONDITION APPLIES","NO","MALE","MALE"
1981,64735,4,0,6,33790,5,183,1,2,1,4,4,3,2,2,1,2,1,5,2,7,1,1,31,19,"Female","Non-Black / Non-Hispanic","North Central (IL, IN, IA, KS, MI, MN, MO, NE, OH, ND, SD, WI)","High school diploma (Regular 12 year program)","In CBSA, not in central city","NO","3: Mother","NO","NO","NO","NO","YES","0: 0  CONDITION DOES NOT APPLY","ALWAYS WITH RIGHT HAND","ALWAYS WITH RIGHT HAND","ALWAYS WITH RIGHT HAND","ALWAYS WITH RIGHT HAND","ALWAYS WITH LEFT HAND","1: 1  CONDITION APPLIES","1: 1  CONDITION APPLIES","NO","FEMALE","FEMALE"
1981,64735,2,1,1,33790,5,181,1,1,1,3,4,3,2,2,1,1,1,6,1,6,1,1,33,21,"Female","Non-Black / Non-Hispanic","North Central (IL, IN, IA, KS, MI, MN, MO, NE, OH, ND, SD, WI)","High school diploma (Regular 12 year program)","In CBSA, not in central city","NO","3: Mother","NO","NO","NO","NO","YES","0: 0  CONDITION DOES NOT APPLY","ALWAYS WITH RIGHT HAND","ALWAYS WITH RIGHT HAND","ALWAYS WITH RIGHT HAND","ALWAYS WITH RIGHT HAND","ALWAYS WITH LEFT HAND","1: 1  CONDITION APPLIES","1: 1  CONDITION APPLIES","NO","FEMALE","MALE"
1982,64735,2,0,1,76000,5,183,2,1,3,4,2,3,2,2,2,2,2,7,6,6,3,3,31,24,"Male","Non-Black / Non-Hispanic","West (AK, AZ, CA, CO, HI, ID, MT, NV, NM, OR, UT, WA, WY)","None","In CBSA, in central city","NO","3: Mother","NO","NO","NO","NO","NO","0: 0  CONDITION DOES NOT APPLY","ALWAYS WITH LEFT HAND","ALWAYS WITH RIGHT HAND","USUALLY WITH BOTH HANDS EQUALLY","ALWAYS WITH RIGHT HAND","ALWAYS WITH LEFT HAND","1: 1  CONDITION APPLIES","1: 1  CONDITION APPLIES","NO","FEMALE","MALE"
1983,64735,3,1,1,33790,6,182,1,2,3,4,3,4,2,2,1,2,1,3,2,7,1,1,32,22,"Female","Non-Black / Non-Hispanic","North Central (IL, IN, IA, KS, MI, MN, MO, NE, OH, ND, SD, WI)","Bachelor's degree (BA, BS)","In CBSA, not in central city","NO","3: Mother","YES","NO","NO","NO","YES","0: 0  CONDITION DOES NOT APPLY","ALWAYS WITH RIGHT HAND","ALWAYS WITH RIGHT HAND","ALWAYS WITH LEFT HAND","ALWAYS WITH RIGHT HAND","ALWAYS WITH LEFT HAND","0: 0  CONDITION DOES NOT APPLY","1: 1  CONDITION APPLIES","NO","FEMALE","MALE"
1983,24500,2,0,1,33790,5,186,2,1,3,4,1,5,2,2,1,1,1,6,2,6,1,1,29,20,"Female","Non-Black / Non-Hispanic","West (AK, AZ, CA, CO, HI, ID, MT, NV, NM, OR, UT, WA, WY)","High school diploma (Regular 12 year program)","In CBSA, not in central city","NO","3: Mother","YES","NO","NO","NO","NO","0: 0  CONDITION DOES NOT APPLY","ALWAYS WITH RIGHT HAND","ALWAYS WITH RIGHT HAND","ALWAYS WITH RIGHT HAND","ALWAYS WITH RIGHT HAND","ALWAYS WITH LEFT HAND","0: 0  CONDITION DOES NOT APPLY","1: 1  CONDITION APPLIES","NO","MALE","FEMALE"
1980,64735,5,1,2,33790,5,183,1,1,2,4,2,4,2,1,1,2,1,6,3,8,1,1,30,17,"Female","Non-Black / Non-Hispanic","West (AK, AZ, CA, CO, HI, ID, MT, NV, NM, OR, UT, WA, WY)","Bachelor's degree (BA, BS)","Not in CBSA","NO","3: Mother","NO","NO","NO","NO","YES","0: 0  CONDITION DOES NOT APPLY","ALWAYS WITH RIGHT HAND","ALWAYS WITH RIGHT HAND","ALWAYS WITH RIGHT HAND","ALWAYS WITH RIGHT HAND","ALWAYS WITH LEFT HAND","0: 0  CONDITION DOES NOT APPLY","1: 1  CONDITION APPLIES","NO","FEMALE","FEMALE"
1983,130686,2,2,1,33790,5,181,1,1,1,4,2,4,2,2,1,2,1,7,2,7,1,1,34,24,"Male","Hispanic","South (AL, AR, DE, DC, FL, GA, KY, LA, MD, MS, NC, OK, SC, TN , TX, VA, WV)","High school diploma (Regular 12 year program)","In CBSA, not in central city","NO","3: Mother","YES","NO","NO","NO","YES","0: 0  CONDITION DOES NOT APPLY","ALWAYS WITH RIGHT HAND","ALWAYS WITH RIGHT HAND","ALWAYS WITH RIGHT HAND","ALWAYS WITH RIGHT HAND","ALWAYS WITH LEFT HAND","1: 1  CONDITION APPLIES","1: 1  CONDITION APPLIES","NO","FEMALE","MALE"
1984,64735,2,0,2,33790,5,200,1,2,3,4,5,3,2,2,2,2,1,6,2,7,2,1,33,23,"Male","Black","West (AK, AZ, CA, CO, HI, ID, MT, NV, NM, OR, UT, WA, WY)","High school diploma (Regular 12 year program)","In CBSA, not in central city","NO","3: Mother","YES","NO","NO","NO","YES","0: 0  CONDITION DOES NOT APPLY","ALWAYS WITH RIGHT HAND","ALWAYS WITH RIGHT HAND","ALWAYS WITH RIGHT HAND","ALWAYS WITH RIGHT HAND","ALWAYS WITH LEFT HAND","1: 1  CONDITION APPLIES","1: 1  CONDITION APPLIES","NO","FEMALE","MALE"
1982,64735,5,1,1,33790,5,186,1,2,2,4,2,5,2,1,1,1,1,1,2,6,1,2,28,7,"Male","Non-Black / Non-Hispanic","Northeast (CT, ME, MA, NH, NJ, NY, PA, RI, VT)","High school diploma (Regular 12 year program)","In CBSA, in central city","NO","3: Mother","YES","YES","NO","NO","NO","0: 0  CONDITION DOES NOT APPLY","ALWAYS WITH RIGHT HAND","ALWAYS WITH RIGHT HAND","ALWAYS WITH RIGHT HAND","ALWAYS WITH RIGHT HAND","ALWAYS WITH LEFT HAND","1: 1  CONDITION APPLIES","1: 1  CONDITION APPLIES","NO","FEMALE","FEMALE"
1981,64735,3,0,4,33790,5,179,1,1,2,5,2,4,2,2,1,2,2,6,3,8,1,1,30,18,"Female","Non-Black / Non-Hispanic","West (AK, AZ, CA, CO, HI, ID, MT, NV, NM, OR, UT, WA, WY)","Bachelor's degree (BA, BS)","In CBSA, not in central city","NO","3: Mother","YES","NO","NO","NO","YES","0: 0  CONDITION DOES NOT APPLY","ALWAYS WITH RIGHT HAND","ALWAYS WITH RIGHT HAND","ALWAYS WITH RIGHT HAND","ALWAYS WITH RIGHT HAND","ALWAYS WITH RIGHT HAND","0: 0  CONDITION DOES NOT APPLY","1: 1  CONDITION APPLIES","NO","FEMALE","MALE"
1981,64735,2,1,1,33790,6,280,1,2,3,4,2,2,2,2,1,2,1,4,2,5,1,1,30,22,"Male","Non-Black / Non-Hispanic","North Central (IL, IN, IA, KS, MI, MN, MO, NE, OH, ND, SD, WI)","Associate/Junior college (AA)","In CBSA, not in central city","NO","3: Mother","YES","NO","NO","NO","YES","0: 0  CONDITION DOES NOT APPLY","ALWAYS WITH LEFT HAND","ALWAYS WITH LEFT HAND","ALWAYS WITH RIGHT HAND","ALWAYS WITH RIGHT HAND","ALWAYS WITH LEFT HAND","1: 1  CONDITION APPLIES","1: 1  CONDITION APPLIES","NO","FEMALE","MALE"
1982,64735,3,0,3,33790,5,182,1,2,4,4,2,2,2,2,2,1,1,6,1,6,1,2,30,23,"Female","Non-Black / Non-Hispanic","North Central (IL, IN, IA, KS, MI, MN, MO, NE, OH, ND, SD, WI)","Master's degree (MA, MS)","In CBSA, in central city","NO","3: Mother","YES","NO","NO","NO","NO","0: 0  CONDITION DOES NOT APPLY","ALWAYS WITH RIGHT HAND","ALWAYS WITH RIGHT HAND","ALWAYS WITH RIGHT HAND","ALWAYS WITH RIGHT HAND","ALWAYS WITH LEFT HAND","1: 1  CONDITION APPLIES","1: 1  CONDITION APPLIES","NO","MALE","FEMALE"
1986,64735,3,2,1,33790,5,183,1,2,4,5,4,4,2,2,1,2,1,6,2,5,1,1,31,18,"Male","Non-Black / Non-Hispanic","South (AL, AR, DE, DC, FL, GA, KY, LA, MD, MS, NC, OK, SC, TN , TX, VA, WV)","High school diploma (Regular 12 year program)","In CBSA, in central city","NO","3: Mother","YES","NO","NO","NO","NO","0: 0  CONDITION DOES NOT APPLY","ALWAYS WITH RIGHT HAND","ALWAYS WITH RIGHT HAND","ALWAYS WITH RIGHT HAND","ALWAYS WITH RIGHT HAND","ALWAYS WITH LEFT HAND","1: 1  CONDITION APPLIES","1: 1  CONDITION APPLIES","NO","MALE","FEMALE"
1982,64735,3,1,2,33790,5,184,2,1,5,4,1,4,2,1,2,1,2,1,5,8,1,1,9,3,"Female","Non-Black / Non-Hispanic","North Central (IL, IN, IA, KS, MI, MN, MO, NE, OH, ND, SD, WI)","None","In CBSA, not in central city","NO","3: Mother","NO","YES","NO","NO","NO","0: 0  CONDITION DOES NOT APPLY","ALWAYS WITH RIGHT HAND","ALWAYS WITH RIGHT HAND","ALWAYS WITH RIGHT HAND","ALWAYS WITH RIGHT HAND","ALWAYS WITH LEFT HAND","1: 1  CONDITION APPLIES","0: 0  CONDITION DOES NOT APPLY","NO","FEMALE","MALE"
1983,11252,4,1,1,33790,5,180,1,2,2,7,3,4,1,2,2,2,2,3,1,7,1,1,30,18,"Male","Hispanic","North Central (IL, IN, IA, KS, MI, MN, MO, NE, OH, ND, SD, WI)","GED","In CBSA, not in central city","NO","3: Mother","NO","YES","NO","YES","YES","0: 0  CONDITION DOES NOT APPLY","DON'T DO THIS ACTIVITY","DON'T DO THIS ACTIVITY","ALWAYS WITH LEFT HAND","DON'T DO THIS ACTIVITY","DON'T DO THIS ACTIVITY","1: 1  CONDITION APPLIES","1: 1  CONDITION APPLIES","YES","FEMALE","FEMALE"
1982,64735,3,0,3,33790,5,181,1,1,3,2,2,6,2,2,1,2,1,4,3,7,1,1,30,21,"Male","Non-Black / Non-Hispanic","Northeast (CT, ME, MA, NH, NJ, NY, PA, RI, VT)","High school diploma (Regular 12 year program)","In CBSA, not in central city","NO","3: Mother","NO","NO","NO","NO","YES","0: 0  CONDITION DOES NOT APPLY","ALWAYS WITH RIGHT HAND","ALWAYS WITH RIGHT HAND","ALWAYS WITH RIGHT HAND","ALWAYS WITH RIGHT HAND","ALWAYS WITH RIGHT HAND","1: 1  CONDITION APPLIES","1: 1  CONDITION APPLIES","NO","MALE","FEMALE"
1983,64735,1,0,1,33790,5,135,1,1,2,3,2,6,2,1,1,2,2,3,2,7,1,4,32,25,"Male","Non-Black / Non-Hispanic","West (AK, AZ, CA, CO, HI, ID, MT, NV, NM, OR, UT, WA, WY)","Bachelor's degree (BA, BS)","In CBSA, not in central city","NO","3: Mother","YES","YES","YES","NO","YES","0: 0  CONDITION DOES NOT APPLY","ALWAYS WITH RIGHT HAND","ALWAYS WITH RIGHT HAND","USUALLY WITH RIGHT HAND","ALWAYS WITH RIGHT HAND","ALWAYS WITH LEFT HAND","1: 1  CONDITION APPLIES","1: 1  CONDITION APPLIES","NO","MALE","MALE"
1984,88250,4,0,3,18000,6,180,1,1,3,4,3,5,2,2,1,2,2,3,2,6,1,1,32,20,"Female","Non-Black / Non-Hispanic","South (AL, AR, DE, DC, FL, GA, KY, LA, MD, MS, NC, OK, SC, TN , TX, VA, WV)","High school diploma (Regular 12 year program)","In CBSA, not in central city","YES","3: Mother","YES","NO","NO","NO","YES","0: 0  CONDITION DOES NOT APPLY","ALWAYS WITH RIGHT HAND","ALWAYS WITH RIGHT HAND","ALWAYS WITH RIGHT HAND","ALWAYS WITH RIGHT HAND","ALWAYS WITH LEFT HAND","1: 1  CONDITION APPLIES","1: 1  CONDITION APPLIES","NO","FEMALE","MALE"
1984,64735,2,1,1,33790,5,184,1,3,3,2,5,3,2,2,2,2,1,6,2,6,1,1,33,19,"Male","Non-Black / Non-Hispanic","West (AK, AZ, CA, CO, HI, ID, MT, NV, NM, OR, UT, WA, WY)","Bachelor's degree (BA, BS)","In CBSA, not in central city","NO","3: Mother","NO","NO","NO","NO","YES","0: 0  CONDITION DOES NOT APPLY","ALWAYS WITH RIGHT HAND","ALWAYS WITH RIGHT HAND","ALWAYS WITH RIGHT HAND","ALWAYS WITH RIGHT HAND","ALWAYS WITH LEFT HAND","1: 1  CONDITION APPLIES","1: 1  CONDITION APPLIES","NO","MALE","MALE"
1980,55250,4,1,1,33790,5,180,1,3,2,4,3,4,2,2,1,2,2,1,1,7,1,1,29,15,"Male","Black","North Central (IL, IN, IA, KS, MI, MN, MO, NE, OH, ND, SD, WI)","None","In CBSA, in central city","NO","3: Mother","YES","YES","NO","NO","YES","0: 0  CONDITION DOES NOT APPLY","ALWAYS WITH RIGHT HAND","ALWAYS WITH RIGHT HAND","ALWAYS WITH RIGHT HAND","ALWAYS WITH RIGHT HAND","ALWAYS WITH LEFT HAND","1: 1  CONDITION APPLIES","1: 1  CONDITION APPLIES","NO","MALE","MALE"
1981,64735,3,0,1,33790,5,184,1,1,3,5,1,2,2,2,1,2,1,5,5,7,1,1,31,22,"Male","Non-Black / Non-Hispanic","Northeast (CT, ME, MA, NH, NJ, NY, PA, RI, VT)","Bachelor's degree (BA, BS)","In CBSA, not in central city","NO","3: Mother","YES","NO","NO","NO","NO","0: 0  CONDITION DOES NOT APPLY","ALWAYS WITH RIGHT HAND","ALWAYS WITH RIGHT HAND","ALWAYS WITH LEFT HAND","ALWAYS WITH RIGHT HAND","ALWAYS WITH LEFT HAND","1: 1  CONDITION APPLIES","1: 1  CONDITION APPLIES","NO","MALE","MALE"
1981,64735,3,1,2,33790,5,182,1,1,3,3,4,4,2,1,1,2,1,5,1,7,1,1,28,22,"Female","Non-Black / Non-Hispanic","South (AL, AR, DE, DC, FL, GA, KY, LA, MD, MS, NC, OK, SC, TN , TX, VA, WV)","High school diploma (Regular 12 year program)","In CBSA, not in central city","NO","3: Mother","NO","YES","NO","NO","YES","0: 0  CONDITION DOES NOT APPLY","ALWAYS WITH RIGHT HAND","ALWAYS WITH RIGHT HAND","USUALLY WITH BOTH HANDS EQUALLY","ALWAYS WITH RIGHT HAND","ALWAYS WITH LEFT HAND","1: 1  CONDITION APPLIES","1: 1  CONDITION APPLIES","NO","FEMALE","MALE"
1981,64735,4,0,1,33790,5,180,1,1,3,3,3,5,2,2,1,2,1,5,2,6,1,1,29,21,"Male","Non-Black / Non-Hispanic","South (AL, AR, DE, DC, FL, GA, KY, LA, MD, MS, NC, OK, SC, TN , TX, VA, WV)","Master's degree (MA, MS)","In CBSA, not in central city","NO","3: Mother","YES","NO","NO","NO","NO","1: 1  CONDITION APPLIES","ALWAYS WITH RIGHT HAND","ALWAYS WITH RIGHT HAND","ALWAYS WITH RIGHT HAND","ALWAYS WITH RIGHT HAND","ALWAYS WITH LEFT HAND","1: 1  CONDITION APPLIES","0: 0  CONDITION DOES NOT APPLY","NO","FEMALE","FEMALE"
1984,64735,2,0,2,33790,5,182,1,1,3,3,4,3,2,2,1,1,1,6,6,6,1,1,33,25,"Female","Non-Black / Non-Hispanic","South (AL, AR, DE, DC, FL, GA, KY, LA, MD, MS, NC, OK, SC, TN , TX, VA, WV)","High school diploma (Regular 12 year program)","In CBSA, not in central city","NO","3: Mother","YES","NO","NO","NO","YES","1: 1  CONDITION APPLIES","ALWAYS WITH RIGHT HAND","ALWAYS WITH RIGHT HAND","ALWAYS WITH RIGHT HAND","ALWAYS WITH RIGHT HAND","ALWAYS WITH LEFT HAND","1: 1  CONDITION APPLIES","1: 1  CONDITION APPLIES","NO","MALE","FEMALE"
1982,64735,2,0,2,33790,5,180,1,1,3,4,5,4,2,2,2,2,1,1,2,7,1,1,32,25,"Male","Hispanic","West (AK, AZ, CA, CO, HI, ID, MT, NV, NM, OR, UT, WA, WY)","Associate/Junior college (AA)","In CBSA, not in central city","YES","3: Mother","YES","NO","YES","NO","YES","0: 0  CONDITION DOES NOT APPLY","ALWAYS WITH RIGHT HAND","ALWAYS WITH RIGHT HAND","ALWAYS WITH RIGHT HAND","ALWAYS WITH RIGHT HAND","ALWAYS WITH LEFT HAND","1: 1  CONDITION APPLIES","1: 1  CONDITION APPLIES","NO","FEMALE","MALE"
1983,64735,4,0,2,18000,6,189,1,1,5,2,3,5,2,2,1,2,1,3,2,4,1,1,37,19,"Male","Non-Black / Non-Hispanic","West (AK, AZ, CA, CO, HI, ID, MT, NV, NM, OR, UT, WA, WY)","High school diploma (Regular 12 year program)","In CBSA, in central city","NO","3: Mother","YES","YES","YES","NO","YES","0: 0  CONDITION DOES NOT APPLY","ALWAYS WITH RIGHT HAND","ALWAYS WITH RIGHT HAND","ALWAYS WITH RIGHT HAND","ALWAYS WITH RIGHT HAND","ALWAYS WITH LEFT HAND","1: 1  CONDITION APPLIES","1: 1  CONDITION APPLIES","NO","FEMALE","MALE"
1982,64735,5,1,1,33790,5,180,1,2,3,3,4,4,2,2,1,2,1,6,2,7,1,1,30,6,"Female","Black","South (AL, AR, DE, DC, FL, GA, KY, LA, MD, MS, NC, OK, SC, TN , TX, VA, WV)","High school diploma (Regular 12 year program)","In CBSA, not in central city","NO","3: Mother","NO","NO","NO","NO","YES","0: 0  CONDITION DOES NOT APPLY","ALWAYS WITH RIGHT HAND","ALWAYS WITH RIGHT HAND","ALWAYS WITH RIGHT HAND","ALWAYS WITH RIGHT HAND","ALWAYS WITH LEFT HAND","1: 1  CONDITION APPLIES","1: 1  CONDITION APPLIES","NO","MALE","FEMALE"
1981,64735,3,1,1,33790,5,183,1,1,2,2,6,2,2,2,1,1,1,7,1,7,1,1,32,19,"Male","Non-Black / Non-Hispanic","South (AL, AR, DE, DC, FL, GA, KY, LA, MD, MS, NC, OK, SC, TN , TX, VA, WV)","High school diploma (Regular 12 year program)","In CBSA, not in central city","NO","3: Mother","YES","NO","YES","NO","NO","0: 0  CONDITION DOES NOT APPLY","ALWAYS WITH RIGHT HAND","ALWAYS WITH RIGHT HAND","USUALLY WITH BOTH HANDS EQUALLY","ALWAYS WITH RIGHT HAND","USUALLY WITH BOTH HANDS EQUALLY","1: 1  CONDITION APPLIES","1: 1  CONDITION APPLIES","NO","FEMALE","FEMALE"
1983,64735,1,0,3,33790,5,184,2,1,4,2,5,1,2,2,2,2,1,6,2,6,1,2,32,24,"Male","Non-Black / Non-Hispanic","South (AL, AR, DE, DC, FL, GA, KY, LA, MD, MS, NC, OK, SC, TN , TX, VA, WV)","Bachelor's degree (BA, BS)","In CBSA, in central city","NO","3: Mother","YES","NO","NO","NO","YES","0: 0  CONDITION DOES NOT APPLY","ALWAYS WITH RIGHT HAND","ALWAYS WITH RIGHT HAND","ALWAYS WITH RIGHT HAND","ALWAYS WITH RIGHT HAND","ALWAYS WITH LEFT HAND","1: 1  CONDITION APPLIES","1: 1  CONDITION APPLIES","NO","FEMALE","MALE"
1981,64735,3,1,1,33790,5,184,1,1,5,3,2,3,2,1,2,2,1,3,3,6,1,1,32,22,"Male","Non-Black / Non-Hispanic","North Central (IL, IN, IA, KS, MI, MN, MO, NE, OH, ND, SD, WI)","None","In CBSA, not in central city","NO","3: Mother","YES","NO","NO","NO","NO","0: 0  CONDITION DOES NOT APPLY","ALWAYS WITH RIGHT HAND","ALWAYS WITH RIGHT HAND","ALWAYS WITH RIGHT HAND","ALWAYS WITH RIGHT HAND","ALWAYS WITH LEFT HAND","0: 0  CONDITION DOES NOT APPLY","1: 1  CONDITION APPLIES","NO","FEMALE","MALE"
1980,64735,2,1,1,33790,5,220,1,2,3,3,2,3,2,1,1,2,1,4,3,6,1,1,30,20,"Male","Non-Black / Non-Hispanic","North Central (IL, IN, IA, KS, MI, MN, MO, NE, OH, ND, SD, WI)","High school diploma (Regular 12 year program)","In CBSA, not in central city","NO","3: Mother","NO","NO","NO","NO","YES","0: 0  CONDITION DOES NOT APPLY","ALWAYS WITH RIGHT HAND","ALWAYS WITH RIGHT HAND","ALWAYS WITH RIGHT HAND","ALWAYS WITH RIGHT HAND","ALWAYS WITH LEFT HAND","1: 1  CONDITION APPLIES","1: 1  CONDITION APPLIES","NO","FEMALE","FEMALE"
1982,64735,2,0,1,33790,5,182,1,2,2,5,2,4,2,2,1,1,1,4,2,8,1,1,27,17,"Female","Hispanic","North Central (IL, IN, IA, KS, MI, MN, MO, NE, OH, ND, SD, WI)","High school diploma (Regular 12 year program)","In CBSA, in central city","NO","3: Mother","YES","NO","NO","NO","YES","0: 0  CONDITION DOES NOT APPLY","ALWAYS WITH RIGHT HAND","ALWAYS WITH RIGHT HAND","ALWAYS WITH RIGHT HAND","ALWAYS WITH RIGHT HAND","ALWAYS WITH LEFT HAND","1: 1  CONDITION APPLIES","1: 1  CONDITION APPLIES","NO","MALE","MALE"
1985,64735,3,0,2,33790,5,300,2,1,1,6,2,3,2,2,1,1,1,7,1,7,1,1,29,23,"Female","Black","South (AL, AR, DE, DC, FL, GA, KY, LA, MD, MS, NC, OK, SC, TN , TX, VA, WV)","High school diploma (Regular 12 year program)","In CBSA, in central city","NO","3: Mother","NO","YES","NO","NO","YES","0: 0  CONDITION DOES NOT APPLY","ALWAYS WITH RIGHT HAND","ALWAYS WITH RIGHT HAND","ALWAYS WITH RIGHT HAND","ALWAYS WITH RIGHT HAND","USUALLY WITH LEFT HAND","1: 1  CONDITION APPLIES","1: 1  CONDITION APPLIES","NO","FEMALE","FEMALE"
1981,64735,3,0,2,33790,5,182,1,2,3,2,3,4,2,2,1,2,1,4,2,7,1,1,29,19,"Female","Non-Black / Non-Hispanic","South (AL, AR, DE, DC, FL, GA, KY, LA, MD, MS, NC, OK, SC, TN , TX, VA, WV)","Bachelor's degree (BA, BS)","In CBSA, not in central city","NO","3: Mother","NO","NO","NO","NO","YES","0: 0  CONDITION DOES NOT APPLY","ALWAYS WITH RIGHT HAND","ALWAYS WITH RIGHT HAND","ALWAYS WITH RIGHT HAND","ALWAYS WITH RIGHT HAND","ALWAYS WITH LEFT HAND","1: 1  CONDITION APPLIES","1: 1  CONDITION APPLIES","NO","MALE","MALE"
1983,64735,3,1,2,33790,5,115,1,1,1,3,3,3,2,2,1,2,1,4,1,8,1,1,29,13,"Female","Non-Black / Non-Hispanic","North Central (IL, IN, IA, KS, MI, MN, MO, NE, OH, ND, SD, WI)","GED","In CBSA, not in central city","NO","3: Mother","YES","NO","NO","NO","YES","0: 0  CONDITION DOES NOT APPLY","DON'T DO THIS ACTIVITY","ALWAYS WITH LEFT HAND","ALWAYS WITH LEFT HAND","ALWAYS WITH LEFT HAND","ALWAYS WITH RIGHT HAND","1: 1  CONDITION APPLIES","1: 1  CONDITION APPLIES","NO","MALE","FEMALE"
1984,31850,3,0,3,33790,5,183,1,2,6,5,3,3,2,2,1,2,1,4,1,7,1,1,30,20,"Female","Black","West (AK, AZ, CA, CO, HI, ID, MT, NV, NM, OR, UT, WA, WY)","High school diploma (Regular 12 year program)","In CBSA, in central city","NO","3: Mother","YES","NO","NO","NO","YES","0: 0  CONDITION DOES NOT APPLY","ALWAYS WITH RIGHT HAND","USUALLY WITH RIGHT HAND","ALWAYS WITH RIGHT HAND","ALWAYS WITH RIGHT HAND","ALWAYS WITH LEFT HAND","0: 0  CONDITION DOES NOT APPLY","1: 1  CONDITION APPLIES","NO","FEMALE","MALE"
1984,64735,2,0,1,33790,5,185,2,3,5,4,7,5,2,1,1,2,2,3,3,5,1,1,35,25,"Female","Non-Black / Non-Hispanic","North Central (IL, IN, IA, KS, MI, MN, MO, NE, OH, ND, SD, WI)","None","In CBSA, not in central city","NO","3: Mother","NO","NO","NO","NO","NO","0: 0  CONDITION DOES NOT APPLY","ALWAYS WITH RIGHT HAND","ALWAYS WITH RIGHT HAND","ALWAYS WITH RIGHT HAND","ALWAYS WITH RIGHT HAND","ALWAYS WITH LEFT HAND","1: 1  CONDITION APPLIES","1: 1  CONDITION APPLIES","NO","MALE","FEMALE"
1982,64735,3,0,3,33790,5,179,1,1,4,2,2,6,2,2,1,2,1,6,2,6,1,1,31,22,"Male","Non-Black / Non-Hispanic","Northeast (CT, ME, MA, NH, NJ, NY, PA, RI, VT)","Bachelor's degree (BA, BS)","In CBSA, not in central city","NO","3: Mother","NO","NO","YES","NO","YES","0: 0  CONDITION DOES NOT APPLY","ALWAYS WITH RIGHT HAND","ALWAYS WITH RIGHT HAND","ALWAYS WITH RIGHT HAND","ALWAYS WITH RIGHT HAND","ALWAYS WITH LEFT HAND","1: 1  CONDITION APPLIES","1: 1  CONDITION APPLIES","NO","FEMALE","FEMALE"
1981,64735,2,1,3,33790,5,182,1,1,1,5,3,3,2,2,1,2,2,4,1,7,1,1,32,22,"Male","Non-Black / Non-Hispanic","South (AL, AR, DE, DC, FL, GA, KY, LA, MD, MS, NC, OK, SC, TN , TX, VA, WV)","Master's degree (MA, MS)","In CBSA, not in central city","NO","3: Mother","NO","NO","NO","NO","YES","0: 0  CONDITION DOES NOT APPLY","ALWAYS WITH RIGHT HAND","ALWAYS WITH RIGHT HAND","ALWAYS WITH RIGHT HAND","ALWAYS WITH RIGHT HAND","ALWAYS WITH LEFT HAND","0: 0  CONDITION DOES NOT APPLY","1: 1  CONDITION APPLIES","NO","MALE","FEMALE"
1982,64735,4,1,2,33790,5,181,1,1,2,3,7,3,2,2,1,2,1,3,2,7,1,1,28,17,"Female","Non-Black / Non-Hispanic","South (AL, AR, DE, DC, FL, GA, KY, LA, MD, MS, NC, OK, SC, TN , TX, VA, WV)","High school diploma (Regular 12 year program)","In CBSA, not in central city","NO","3: Mother","NO","YES","NO","NO","YES","0: 0  CONDITION DOES NOT APPLY","ALWAYS WITH RIGHT HAND","ALWAYS WITH RIGHT HAND","ALWAYS WITH RIGHT HAND","ALWAYS WITH RIGHT HAND","ALWAYS WITH LEFT HAND","1: 1  CONDITION APPLIES","1: 1  CONDITION APPLIES","NO","MALE","MALE"
1981,64735,2,0,1,33790,5,183,1,1,3,4,4,5,2,2,1,2,1,3,2,8,1,1,32,23,"Female","Non-Black / Non-Hispanic","South (AL, AR, DE, DC, FL, GA, KY, LA, MD, MS, NC, OK, SC, TN , TX, VA, WV)","High school diploma (Regular 12 year program)","In CBSA, in central city","NO","3: Mother","YES","NO","NO","NO","YES","0: 0  CONDITION DOES NOT APPLY","ALWAYS WITH RIGHT HAND","ALWAYS WITH LEFT HAND","ALWAYS WITH RIGHT HAND","ALWAYS WITH RIGHT HAND","ALWAYS WITH LEFT HAND","1: 1  CONDITION APPLIES","1: 1  CONDITION APPLIES","NO","MALE","FEMALE"
1983,23500,3,0,1,33790,5,181,1,1,3,4,5,4,2,2,1,2,1,2,3,9,1,1,33,36,"Female","Non-Black / Non-Hispanic","South (AL, AR, DE, DC, FL, GA, KY, LA, MD, MS, NC, OK, SC, TN , TX, VA, WV)","Master's degree (MA, MS)","In CBSA, not in central city","NO","3: Mother","YES","NO","NO","NO","YES","0: 0  CONDITION DOES NOT APPLY","ALWAYS WITH LEFT HAND","ALWAYS WITH LEFT HAND","ALWAYS WITH LEFT HAND","ALWAYS WITH LEFT HAND","ALWAYS WITH RIGHT HAND","0: 0  CONDITION DOES NOT APPLY","1: 1  CONDITION APPLIES","NO","MALE","MALE"
1983,64735,3,0,2,33790,5,182,1,1,3,4,2,5,2,2,1,2,1,5,1,7,1,1,9,18,"Female","Hispanic","South (AL, AR, DE, DC, FL, GA, KY, LA, MD, MS, NC, OK, SC, TN , TX, VA, WV)","High school diploma (Regular 12 year program)","In CBSA, in central city","NO","3: Mother","YES","YES","YES","NO","YES","0: 0  CONDITION DOES NOT APPLY","ALWAYS WITH RIGHT HAND","ALWAYS WITH RIGHT HAND","USUALLY WITH BOTH HANDS EQUALLY","ALWAYS WITH RIGHT HAND","ALWAYS WITH LEFT HAND","1: 1  CONDITION APPLIES","1: 1  CONDITION APPLIES","YES","FEMALE","FEMALE"
1982,64735,3,0,2,33790,5,182,1,2,2,4,3,1,2,2,1,2,1,6,2,7,1,1,33,34,"Female","Non-Black / Non-Hispanic","South (AL, AR, DE, DC, FL, GA, KY, LA, MD, MS, NC, OK, SC, TN , TX, VA, WV)","High school diploma (Regular 12 year program)","In CBSA, not in central city","NO","3: Mother","YES","NO","YES","NO","YES","0: 0  CONDITION DOES NOT APPLY","ALWAYS WITH RIGHT HAND","ALWAYS WITH RIGHT HAND","USUALLY WITH BOTH HANDS EQUALLY","ALWAYS WITH RIGHT HAND","ALWAYS WITH LEFT HAND","1: 1  CONDITION APPLIES","1: 1  CONDITION APPLIES","NO","MALE","MALE"
1984,64735,2,1,5,33790,6,183,1,1,3,4,2,3,2,2,1,2,2,5,3,8,1,1,11,18,"Female","Hispanic","South (AL, AR, DE, DC, FL, GA, KY, LA, MD, MS, NC, OK, SC, TN , TX, VA, WV)","Bachelor's degree (BA, BS)","In CBSA, not in central city","NO","3: Mother","YES","YES","YES","NO","NO","0: 0  CONDITION DOES NOT APPLY","ALWAYS WITH RIGHT HAND","ALWAYS WITH RIGHT HAND","ALWAYS WITH RIGHT HAND","ALWAYS WITH RIGHT HAND","ALWAYS WITH LEFT HAND","1: 1  CONDITION APPLIES","1: 1  CONDITION APPLIES","NO","MALE","MALE"
1983,64735,3,1,1,33790,5,184,1,2,1,2,2,3,2,2,2,2,1,4,1,6,1,1,29,21,"Male","Black","South (AL, AR, DE, DC, FL, GA, KY, LA, MD, MS, NC, OK, SC, TN , TX, VA, WV)","High school diploma (Regular 12 year program)","In CBSA, not in central city","NO","3: Mother","NO","YES","NO","NO","YES","0: 0  CONDITION DOES NOT APPLY","ALWAYS WITH RIGHT HAND","ALWAYS WITH RIGHT HAND","ALWAYS WITH RIGHT HAND","ALWAYS WITH RIGHT HAND","ALWAYS WITH LEFT HAND","1: 1  CONDITION APPLIES","1: 1  CONDITION APPLIES","NO","FEMALE","MALE"
1982,64735,4,1,2,33790,5,182,1,1,1,4,4,5,2,2,1,2,1,6,3,8,1,1,28,19,"Female","Non-Black / Non-Hispanic","South (AL, AR, DE, DC, FL, GA, KY, LA, MD, MS, NC, OK, SC, TN , TX, VA, WV)","High school diploma (Regular 12 year program)","In CBSA, in central city","YES","3: Mother","NO","YES","NO","NO","NO","0: 0  CONDITION DOES NOT APPLY","ALWAYS WITH RIGHT HAND","ALWAYS WITH RIGHT HAND","USUALLY WITH RIGHT HAND","ALWAYS WITH RIGHT HAND","ALWAYS WITH LEFT HAND","1: 1  CONDITION APPLIES","1: 1  CONDITION APPLIES","NO","FEMALE","MALE"
1981,64735,4,0,2,33790,5,182,1,3,2,4,6,6,2,2,1,2,1,3,3,5,1,2,28,17,"Female","Non-Black / Non-Hispanic","North Central (IL, IN, IA, KS, MI, MN, MO, NE, OH, ND, SD, WI)","Associate/Junior college (AA)","In CBSA, in central city","NO","3: Mother","YES","YES","NO","NO","YES","0: 0  CONDITION DOES NOT APPLY","ALWAYS WITH RIGHT HAND","ALWAYS WITH RIGHT HAND","USUALLY WITH RIGHT HAND","ALWAYS WITH RIGHT HAND","USUALLY WITH RIGHT HAND","0: 0  CONDITION DOES NOT APPLY","1: 1  CONDITION APPLIES","NO","FEMALE","MALE"
1981,28000,3,0,2,33790,5,184,1,2,3,4,3,4,2,1,1,1,1,6,2,6,1,1,30,18,"Female","Non-Black / Non-Hispanic","South (AL, AR, DE, DC, FL, GA, KY, LA, MD, MS, NC, OK, SC, TN , TX, VA, WV)","High school diploma (Regular 12 year program)","In CBSA, not in central city","NO","3: Mother","YES","NO","NO","NO","NO","0: 0  CONDITION DOES NOT APPLY","ALWAYS WITH RIGHT HAND","ALWAYS WITH RIGHT HAND","ALWAYS WITH RIGHT HAND","ALWAYS WITH RIGHT HAND","ALWAYS WITH LEFT HAND","1: 1  CONDITION APPLIES","1: 1  CONDITION APPLIES","NO","FEMALE","MALE"
1984,64735,3,0,3,33790,5,181,1,1,1,3,5,5,2,2,1,1,1,5,2,5,1,1,27,5,"Female","Hispanic","West (AK, AZ, CA, CO, HI, ID, MT, NV, NM, OR, UT, WA, WY)","High school diploma (Regular 12 year program)","In CBSA, not in central city","NO","3: Mother","YES","NO","NO","NO","YES","0: 0  CONDITION DOES NOT APPLY","ALWAYS WITH RIGHT HAND","ALWAYS WITH RIGHT HAND","USUALLY WITH LEFT HAND","USUALLY WITH LEFT HAND","ALWAYS WITH LEFT HAND","0: 0  CONDITION DOES NOT APPLY","1: 1  CONDITION APPLIES","YES","FEMALE","FEMALE"
1984,64735,3,1,1,33790,5,183,1,2,2,4,4,4,2,2,1,1,1,6,1,7,1,1,25,20,"Female","Non-Black / Non-Hispanic","South (AL, AR, DE, DC, FL, GA, KY, LA, MD, MS, NC, OK, SC, TN , TX, VA, WV)","High school diploma (Regular 12 year program)","In CBSA, in central city","YES","3: Mother","NO","NO","NO","NO","YES","0: 0  CONDITION DOES NOT APPLY","ALWAYS WITH RIGHT HAND","ALWAYS WITH RIGHT HAND","ALWAYS WITH RIGHT HAND","ALWAYS WITH RIGHT HAND","ALWAYS WITH LEFT HAND","1: 1  CONDITION APPLIES","1: 1  CONDITION APPLIES","NO","FEMALE","MALE"
1984,64735,3,0,2,33790,5,150,1,1,1,2,3,3,2,2,1,2,2,6,2,7,1,2,43,56,"Male","Hispanic","South (AL, AR, DE, DC, FL, GA, KY, LA, MD, MS, NC, OK, SC, TN , TX, VA, WV)","Bachelor's degree (BA, BS)","In CBSA, in central city","YES","3: Mother","YES","NO","YES","NO","YES","0: 0  CONDITION DOES NOT APPLY","ALWAYS WITH RIGHT HAND","ALWAYS WITH RIGHT HAND","ALWAYS WITH RIGHT HAND","ALWAYS WITH RIGHT HAND","ALWAYS WITH LEFT HAND","1: 1  CONDITION APPLIES","1: 1  CONDITION APPLIES","YES","FEMALE","MALE"
1984,113500,5,0,3,33790,5,180,1,1,2,3,4,5,2,2,1,2,2,6,4,5,1,1,30,17,"Male","Non-Black / Non-Hispanic","North Central (IL, IN, IA, KS, MI, MN, MO, NE, OH, ND, SD, WI)","High school diploma (Regular 12 year program)","In CBSA, in central city","NO","3: Mother","YES","NO","YES","NO","YES","0: 0  CONDITION DOES NOT APPLY","ALWAYS WITH RIGHT HAND","ALWAYS WITH RIGHT HAND","USUALLY WITH RIGHT HAND","USUALLY WITH RIGHT HAND","USUALLY WITH LEFT HAND","1: 1  CONDITION APPLIES","1: 1  CONDITION APPLIES","NO","FEMALE","MALE"
1981,64735,4,0,2,33790,5,182,1,2,4,7,4,5,1,1,1,1,1,4,3,6,1,1,29,22,"Male","Non-Black / Non-Hispanic","Northeast (CT, ME, MA, NH, NJ, NY, PA, RI, VT)","GED","In CBSA, not in central city","NO","3: Mother","NO","NO","NO","NO","YES","0: 0  CONDITION DOES NOT APPLY","ALWAYS WITH RIGHT HAND","ALWAYS WITH RIGHT HAND","ALWAYS WITH RIGHT HAND","ALWAYS WITH RIGHT HAND","ALWAYS WITH LEFT HAND","0: 0  CONDITION DOES NOT APPLY","1: 1  CONDITION APPLIES","NO","MALE","MALE"
1981,64735,3,0,2,33790,6,200,1,2,2,2,2,2,2,1,2,1,1,5,2,8,1,1,42,48,"Female","Non-Black / Non-Hispanic","North Central (IL, IN, IA, KS, MI, MN, MO, NE, OH, ND, SD, WI)","High school diploma (Regular 12 year program)","In CBSA, in central city","YES","3: Mother","NO","YES","NO","NO","YES","0: 0  CONDITION DOES NOT APPLY","ALWAYS WITH RIGHT HAND","ALWAYS WITH RIGHT HAND","ALWAYS WITH RIGHT HAND","ALWAYS WITH RIGHT HAND","ALWAYS WITH RIGHT HAND","1: 1  CONDITION APPLIES","1: 1  CONDITION APPLIES","NO","MALE","MALE"
1980,64735,4,1,1,33790,6,181,1,2,6,3,4,4,1,2,1,2,2,4,1,7,1,1,36,21,"Male","Non-Black / Non-Hispanic","North Central (IL, IN, IA, KS, MI, MN, MO, NE, OH, ND, SD, WI)","None","In CBSA, not in central city","NO","3: Mother","NO","NO","NO","NO","YES","0: 0  CONDITION DOES NOT APPLY","USUALLY WITH RIGHT HAND","ALWAYS WITH RIGHT HAND","ALWAYS WITH RIGHT HAND","USUALLY WITH BOTH HANDS EQUALLY","ALWAYS WITH LEFT HAND","1: 1  CONDITION APPLIES","1: 1  CONDITION APPLIES","NO","MALE","FEMALE"
1982,60000,4,1,3,33790,5,185,1,2,1,4,2,4,2,2,1,2,2,6,5,7,1,1,30,19,"Female","Black","North Central (IL, IN, IA, KS, MI, MN, MO, NE, OH, ND, SD, WI)","High school diploma (Regular 12 year program)","In CBSA, in central city","NO","3: Mother","NO","YES","NO","NO","YES","0: 0  CONDITION DOES NOT APPLY","ALWAYS WITH RIGHT HAND","ALWAYS WITH RIGHT HAND","ALWAYS WITH RIGHT HAND","USUALLY WITH LEFT HAND","ALWAYS WITH LEFT HAND","1: 1  CONDITION APPLIES","1: 1  CONDITION APPLIES","NO","FEMALE","FEMALE"
1983,64735,5,1,3,33790,5,181,1,2,3,2,2,4,2,2,2,2,1,9,3,5,1,1,57,26,"Male","Non-Black / Non-Hispanic","South (AL, AR, DE, DC, FL, GA, KY, LA, MD, MS, NC, OK, SC, TN , TX, VA, WV)","High school diploma (Regular 12 year program)","In CBSA, in central city","NO","3: Mother","YES","NO","NO","NO","NO","0: 0  CONDITION DOES NOT APPLY","ALWAYS WITH RIGHT HAND","ALWAYS WITH RIGHT HAND","ALWAYS WITH RIGHT HAND","USUALLY WITH RIGHT HAND","USUALLY WITH RIGHT HAND","0: 0  CONDITION DOES NOT APPLY","1: 1  CONDITION APPLIES","NO","FEMALE","FEMALE"
1983,64735,3,0,5,33790,5,183,1,1,4,4,2,6,2,2,1,1,1,6,1,8,1,1,3,24,"Female","Black","South (AL, AR, DE, DC, FL, GA, KY, LA, MD, MS, NC, OK, SC, TN , TX, VA, WV)","GED","In CBSA, not in central city","NO","3: Mother","NO","YES","NO","NO","YES","0: 0  CONDITION DOES NOT APPLY","ALWAYS WITH RIGHT HAND","ALWAYS WITH RIGHT HAND","ALWAYS WITH RIGHT HAND","ALWAYS WITH RIGHT HAND","ALWAYS WITH LEFT HAND","1: 1  CONDITION APPLIES","1: 1  CONDITION APPLIES","NO","MALE","MALE"
1983,64735,2,0,2,33790,5,179,1,2,2,3,4,3,2,2,2,2,1,5,2,8,1,1,34,24,"Female","Non-Black / Non-Hispanic","South (AL, AR, DE, DC, FL, GA, KY, LA, MD, MS, NC, OK, SC, TN , TX, VA, WV)","None","In CBSA, not in central city","NO","3: Mother","NO","YES","NO","NO","YES","0: 0  CONDITION DOES NOT APPLY","ALWAYS WITH RIGHT HAND","USUALLY WITH RIGHT HAND","ALWAYS WITH RIGHT HAND","ALWAYS WITH RIGHT HAND","ALWAYS WITH LEFT HAND","1: 1  CONDITION APPLIES","1: 1  CONDITION APPLIES","NO","FEMALE","MALE"
1980,64735,3,1,3,30000,5,245,1,1,1,5,2,2,2,1,2,2,1,3,2,6,1,1,24,4,"Male","Non-Black / Non-Hispanic","North Central (IL, IN, IA, KS, MI, MN, MO, NE, OH, ND, SD, WI)","High school diploma (Regular 12 year program)","In CBSA, not in central city","NO","3: Mother","NO","YES","NO","NO","YES","0: 0  CONDITION DOES NOT APPLY","ALWAYS WITH RIGHT HAND","ALWAYS WITH RIGHT HAND","ALWAYS WITH RIGHT HAND","ALWAYS WITH RIGHT HAND","ALWAYS WITH LEFT HAND","1: 1  CONDITION APPLIES","1: 1  CONDITION APPLIES","NO","FEMALE","FEMALE"
1982,64735,4,0,5,33790,5,183,1,1,10,2,4,8,2,2,1,2,1,7,2,6,1,1,34,29,"Male","Non-Black / Non-Hispanic","Northeast (CT, ME, MA, NH, NJ, NY, PA, RI, VT)","High school diploma (Regular 12 year program)","In CBSA, not in central city","YES","3: Mother","YES","NO","NO","NO","NO","0: 0  CONDITION DOES NOT APPLY","ALWAYS WITH LEFT HAND","ALWAYS WITH RIGHT HAND","USUALLY WITH BOTH HANDS EQUALLY","ALWAYS WITH RIGHT HAND","ALWAYS WITH LEFT HAND","1: 1  CONDITION APPLIES","1: 1  CONDITION APPLIES","NO","FEMALE","FEMALE"
1981,64735,4,1,4,33790,6,187,1,1,2,5,2,4,2,2,2,2,2,5,3,5,1,1,28,17,"Male","Non-Black / Non-Hispanic","South (AL, AR, DE, DC, FL, GA, KY, LA, MD, MS, NC, OK, SC, TN , TX, VA, WV)","Bachelor's degree (BA, BS)","In CBSA, not in central city","NO","3: Mother","NO","YES","NO","NO","YES","0: 0  CONDITION DOES NOT APPLY","ALWAYS WITH RIGHT HAND","ALWAYS WITH RIGHT HAND","ALWAYS WITH RIGHT HAND","USUALLY WITH BOTH HANDS EQUALLY","ALWAYS WITH LEFT HAND","1: 1  CONDITION APPLIES","1: 1  CONDITION APPLIES","NO","FEMALE","MALE"
1985,64735,5,0,2,33790,5,184,2,1,4,4,2,2,2,1,1,1,2,6,2,8,1,1,34,37,"Male","Non-Black / Non-Hispanic","North Central (IL, IN, IA, KS, MI, MN, MO, NE, OH, ND, SD, WI)","High school diploma (Regular 12 year program)","In CBSA, not in central city","YES","3: Mother","NO","YES","YES","NO","YES","0: 0  CONDITION DOES NOT APPLY","ALWAYS WITH RIGHT HAND","ALWAYS WITH RIGHT HAND","ALWAYS WITH RIGHT HAND","ALWAYS WITH RIGHT HAND","ALWAYS WITH LEFT HAND","1: 1  CONDITION APPLIES","1: 1  CONDITION APPLIES","NO","FEMALE","MALE"
1984,64735,3,0,1,33790,5,183,1,1,1,1,4,5,2,2,1,2,2,6,2,6,1,1,30,15,"Male","Non-Black / Non-Hispanic","North Central (IL, IN, IA, KS, MI, MN, MO, NE, OH, ND, SD, WI)","High school diploma (Regular 12 year program)","In CBSA, in central city","NO","3: Mother","YES","NO","NO","NO","YES","0: 0  CONDITION DOES NOT APPLY","ALWAYS WITH RIGHT HAND","ALWAYS WITH RIGHT HAND","ALWAYS WITH RIGHT HAND","ALWAYS WITH RIGHT HAND","ALWAYS WITH LEFT HAND","1: 1  CONDITION APPLIES","1: 1  CONDITION APPLIES","NO","FEMALE","FEMALE"
1980,47500,4,1,3,33790,6,183,1,1,1,5,5,5,2,1,1,1,2,1,4,7,1,1,34,22,"Male","Hispanic","South (AL, AR, DE, DC, FL, GA, KY, LA, MD, MS, NC, OK, SC, TN , TX, VA, WV)","GED","In CBSA, in central city","NO","3: Mother","NO","YES","NO","NO","NO","0: 0  CONDITION DOES NOT APPLY","ALWAYS WITH RIGHT HAND","USUALLY WITH RIGHT HAND","USUALLY WITH RIGHT HAND","ALWAYS WITH RIGHT HAND","ALWAYS WITH LEFT HAND","1: 1  CONDITION APPLIES","1: 1  CONDITION APPLIES","NO","FEMALE","MALE"
1983,19150,3,0,4,33790,6,183,1,1,2,2,1,2,2,2,1,2,1,1,5,7,1,1,29,20,"Male","Non-Black / Non-Hispanic","North Central (IL, IN, IA, KS, MI, MN, MO, NE, OH, ND, SD, WI)","GED","In CBSA, not in central city","NO","3: Mother","NO","NO","NO","NO","YES","0: 0  CONDITION DOES NOT APPLY","ALWAYS WITH RIGHT HAND","ALWAYS WITH RIGHT HAND","ALWAYS WITH RIGHT HAND","ALWAYS WITH RIGHT HAND","ALWAYS WITH LEFT HAND","0: 0  CONDITION DOES NOT APPLY","1: 1  CONDITION APPLIES","NO","FEMALE","MALE"
1980,64735,2,1,1,33790,5,183,2,1,5,5,5,3,2,2,2,2,1,6,3,6,1,1,31,24,"Male","Non-Black / Non-Hispanic","Northeast (CT, ME, MA, NH, NJ, NY, PA, RI, VT)","Associate/Junior college (AA)","In CBSA, not in central city","YES","3: Mother","YES","NO","NO","NO","YES","0: 0  CONDITION DOES NOT APPLY","ALWAYS WITH RIGHT HAND","ALWAYS WITH RIGHT HAND","ALWAYS WITH RIGHT HAND","ALWAYS WITH RIGHT HAND","ALWAYS WITH LEFT HAND","0: 0  CONDITION DOES NOT APPLY","1: 1  CONDITION APPLIES","NO","MALE","MALE"
1982,64735,1,0,1,33790,5,181,1,1,3,3,6,4,2,2,1,1,1,2,2,7,3,1,26,21,"Female","Non-Black / Non-Hispanic","South (AL, AR, DE, DC, FL, GA, KY, LA, MD, MS, NC, OK, SC, TN , TX, VA, WV)","High school diploma (Regular 12 year program)","In CBSA, in central city","NO","3: Mother","NO","NO","NO","NO","YES","0: 0  CONDITION DOES NOT APPLY","ALWAYS WITH RIGHT HAND","ALWAYS WITH RIGHT HAND","ALWAYS WITH RIGHT HAND","ALWAYS WITH RIGHT HAND","ALWAYS WITH LEFT HAND","1: 1  CONDITION APPLIES","1: 1  CONDITION APPLIES","NO","MALE","MALE"
1983,50001,4,1,2,33790,5,184,1,1,4,2,2,2,2,2,1,2,1,6,3,6,1,1,32,21,"Male","Non-Black / Non-Hispanic","North Central (IL, IN, IA, KS, MI, MN, MO, NE, OH, ND, SD, WI)","None","In CBSA, not in central city","YES","3: Mother","YES","NO","NO","NO","YES","0: 0  CONDITION DOES NOT APPLY","ALWAYS WITH RIGHT HAND","ALWAYS WITH RIGHT HAND","ALWAYS WITH RIGHT HAND","ALWAYS WITH RIGHT HAND","ALWAYS WITH LEFT HAND","1: 1  CONDITION APPLIES","1: 1  CONDITION APPLIES","NO","FEMALE","MALE"
1982,70000,3,0,2,33790,5,182,1,1,3,2,3,5,2,2,2,2,1,6,3,7,1,1,31,22,"Male","Non-Black / Non-Hispanic","South (AL, AR, DE, DC, FL, GA, KY, LA, MD, MS, NC, OK, SC, TN , TX, VA, WV)","High school diploma (Regular 12 year program)","In CBSA, in central city","NO","3: Mother","YES","NO","NO","NO","YES","0: 0  CONDITION DOES NOT APPLY","ALWAYS WITH RIGHT HAND","ALWAYS WITH RIGHT HAND","ALWAYS WITH RIGHT HAND","ALWAYS WITH RIGHT HAND","ALWAYS WITH LEFT HAND","1: 1  CONDITION APPLIES","1: 1  CONDITION APPLIES","NO","FEMALE","MALE"
1980,64735,3,0,2,33790,5,181,1,1,2,4,4,7,1,2,1,2,1,6,2,7,1,1,30,18,"Male","Non-Black / Non-Hispanic","South (AL, AR, DE, DC, FL, GA, KY, LA, MD, MS, NC, OK, SC, TN , TX, VA, WV)","Bachelor's degree (BA, BS)","In CBSA, not in central city","NO","3: Mother","YES","NO","YES","NO","YES","0: 0  CONDITION DOES NOT APPLY","ALWAYS WITH RIGHT HAND","ALWAYS WITH RIGHT HAND","ALWAYS WITH RIGHT HAND","ALWAYS WITH RIGHT HAND","ALWAYS WITH LEFT HAND","1: 1  CONDITION APPLIES","1: 1  CONDITION APPLIES","NO","MALE","MALE"
1984,25000,3,0,2,33790,6,192,1,1,2,2,2,4,2,1,2,1,1,2,3,8,1,1,34,22,"Male","Non-Black / Non-Hispanic","West (AK, AZ, CA, CO, HI, ID, MT, NV, NM, OR, UT, WA, WY)","High school diploma (Regular 12 year program)","In CBSA, not in central city","NO","3: Mother","YES","YES","YES","NO","YES","0: 0  CONDITION DOES NOT APPLY","ALWAYS WITH RIGHT HAND","ALWAYS WITH RIGHT HAND","ALWAYS WITH RIGHT HAND","ALWAYS WITH RIGHT HAND","ALWAYS WITH LEFT HAND","0: 0  CONDITION DOES NOT APPLY","1: 1  CONDITION APPLIES","NO","FEMALE","MALE"
1982,64735,2,0,1,33790,5,182,1,1,1,3,3,3,2,2,2,2,1,6,3,7,1,1,30,21,"Female","Non-Black / Non-Hispanic","Northeast (CT, ME, MA, NH, NJ, NY, PA, RI, VT)","High school diploma (Regular 12 year program)","In CBSA, in central city","NO","3: Mother","NO","NO","NO","NO","YES","0: 0  CONDITION DOES NOT APPLY","ALWAYS WITH RIGHT HAND","ALWAYS WITH RIGHT HAND","ALWAYS WITH RIGHT HAND","ALWAYS WITH RIGHT HAND","ALWAYS WITH RIGHT HAND","1: 1  CONDITION APPLIES","0: 0  CONDITION DOES NOT APPLY","NO","MALE","MALE"
1982,53750,3,1,2,33790,5,183,1,1,4,4,3,4,2,2,2,2,2,6,5,7,2,1,31,23,"Male","Non-Black / Non-Hispanic","Northeast (CT, ME, MA, NH, NJ, NY, PA, RI, VT)","Bachelor's degree (BA, BS)","In CBSA, in central city","NO","3: Mother","YES","NO","YES","NO","YES","0: 0  CONDITION DOES NOT APPLY","ALWAYS WITH RIGHT HAND","ALWAYS WITH RIGHT HAND","ALWAYS WITH RIGHT HAND","ALWAYS WITH RIGHT HAND","ALWAYS WITH LEFT HAND","1: 1  CONDITION APPLIES","1: 1  CONDITION APPLIES","NO","FEMALE","MALE"
1984,102000,3,0,3,33790,5,182,1,1,2,4,5,4,2,2,1,1,1,4,2,7,1,1,29,22,"Female","Non-Black / Non-Hispanic","Northeast (CT, ME, MA, NH, NJ, NY, PA, RI, VT)","High school diploma (Regular 12 year program)","In CBSA, in central city","NO","3: Mother","YES","NO","NO","NO","YES","0: 0  CONDITION DOES NOT APPLY","ALWAYS WITH RIGHT HAND","ALWAYS WITH RIGHT HAND","ALWAYS WITH RIGHT HAND","ALWAYS WITH RIGHT HAND","ALWAYS WITH LEFT HAND","1: 1  CONDITION APPLIES","1: 1  CONDITION APPLIES","NO","FEMALE","FEMALE"
1984,64735,2,1,4,33790,5,185,1,2,6,2,1,1,2,2,2,2,2,3,5,6,1,1,28,20,"Male","Non-Black / Non-Hispanic","North Central (IL, IN, IA, KS, MI, MN, MO, NE, OH, ND, SD, WI)","GED","In CBSA, in central city","NO","3: Mother","YES","NO","NO","NO","YES","0: 0  CONDITION DOES NOT APPLY","ALWAYS WITH RIGHT HAND","ALWAYS WITH RIGHT HAND","ALWAYS WITH RIGHT HAND","ALWAYS WITH RIGHT HAND","ALWAYS WITH LEFT HAND","1: 1  CONDITION APPLIES","1: 1  CONDITION APPLIES","NO","FEMALE","FEMALE"
1981,64735,2,0,2,33790,5,260,1,2,5,4,2,3,2,2,1,2,1,1,3,7,1,1,32,25,"Male","Black","South (AL, AR, DE, DC, FL, GA, KY, LA, MD, MS, NC, OK, SC, TN , TX, VA, WV)","High school diploma (Regular 12 year program)","In CBSA, not in central city","NO","3: Mother","NO","NO","NO","NO","NO","0: 0  CONDITION DOES NOT APPLY","ALWAYS WITH RIGHT HAND","ALWAYS WITH RIGHT HAND","ALWAYS WITH RIGHT HAND","ALWAYS WITH RIGHT HAND","ALWAYS WITH LEFT HAND","1: 1  CONDITION APPLIES","1: 1  CONDITION APPLIES","NO","FEMALE","MALE"
1984,64735,1,0,1,33790,5,184,2,1,5,5,6,5,2,2,1,2,1,6,1,6,1,1,28,23,"Male","Mixed Race (Non-Hispanic)","South (AL, AR, DE, DC, FL, GA, KY, LA, MD, MS, NC, OK, SC, TN , TX, VA, WV)","Bachelor's degree (BA, BS)","In CBSA, in central city","NO","3: Mother","NO","YES","NO","NO","YES","0: 0  CONDITION DOES NOT APPLY","ALWAYS WITH RIGHT HAND","ALWAYS WITH RIGHT HAND","ALWAYS WITH RIGHT HAND","ALWAYS WITH RIGHT HAND","ALWAYS WITH LEFT HAND","1: 1  CONDITION APPLIES","1: 1  CONDITION APPLIES","NO","FEMALE","FEMALE"
1981,99752,4,0,1,38000,5,184,1,1,3,7,2,5,2,2,1,1,1,6,2,7,1,1,25,20,"Female","Black","West (AK, AZ, CA, CO, HI, ID, MT, NV, NM, OR, UT, WA, WY)","Associate/Junior college (AA)","In CBSA, in central city","NO","3: Mother","YES","YES","NO","NO","YES","0: 0  CONDITION DOES NOT APPLY","ALWAYS WITH RIGHT HAND","ALWAYS WITH RIGHT HAND","ALWAYS WITH RIGHT HAND","ALWAYS WITH RIGHT HAND","ALWAYS WITH LEFT HAND","1: 1  CONDITION APPLIES","1: 1  CONDITION APPLIES","NO","MALE","MALE"
1982,64735,3,1,3,33790,5,183,1,1,3,4,1,3,2,2,2,2,2,4,2,7,1,1,30,22,"Female","Non-Black / Non-Hispanic","North Central (IL, IN, IA, KS, MI, MN, MO, NE, OH, ND, SD, WI)","High school diploma (Regular 12 year program)","In CBSA, not in central city","NO","3: Mother","YES","NO","NO","NO","YES","0: 0  CONDITION DOES NOT APPLY","ALWAYS WITH RIGHT HAND","ALWAYS WITH RIGHT HAND","USUALLY WITH RIGHT HAND","ALWAYS WITH RIGHT HAND","ALWAYS WITH LEFT HAND","0: 0  CONDITION DOES NOT APPLY","1: 1  CONDITION APPLIES","NO","MALE","FEMALE"
1980,64735,3,0,2,33790,5,183,1,1,3,5,3,3,2,2,1,2,2,1,2,8,1,1,35,53,"Female","Non-Black / Non-Hispanic","South (AL, AR, DE, DC, FL, GA, KY, LA, MD, MS, NC, OK, SC, TN , TX, VA, WV)","High school diploma (Regular 12 year program)","In CBSA, in central city","YES","3: Mother","YES","YES","NO","NO","YES","0: 0  CONDITION DOES NOT APPLY","ALWAYS WITH RIGHT HAND","USUALLY WITH BOTH HANDS EQUALLY","ALWAYS WITH RIGHT HAND","ALWAYS WITH RIGHT HAND","ALWAYS WITH LEFT HAND","1: 1  CONDITION APPLIES","1: 1  CONDITION APPLIES","NO","FEMALE","MALE"
1982,64735,4,1,6,33790,5,183,2,2,1,6,1,3,2,2,1,2,1,4,1,6,1,1,29,21,"Male","Non-Black / Non-Hispanic","South (AL, AR, DE, DC, FL, GA, KY, LA, MD, MS, NC, OK, SC, TN , TX, VA, WV)","GED","In CBSA, not in central city","YES","3: Mother","NO","YES","NO","NO","YES","0: 0  CONDITION DOES NOT APPLY","ALWAYS WITH RIGHT HAND","ALWAYS WITH RIGHT HAND","ALWAYS WITH RIGHT HAND","ALWAYS WITH RIGHT HAND","ALWAYS WITH LEFT HAND","1: 1  CONDITION APPLIES","1: 1  CONDITION APPLIES","NO","FEMALE","MALE"
1981,64735,5,1,2,33790,5,181,2,1,3,4,2,3,2,2,1,1,1,4,3,8,1,1,24,22,"Female","Non-Black / Non-Hispanic","South (AL, AR, DE, DC, FL, GA, KY, LA, MD, MS, NC, OK, SC, TN , TX, VA, WV)","High school diploma (Regular 12 year program)","In CBSA, not in central city","NO","3: Mother","NO","NO","YES","YES","YES","0: 0  CONDITION DOES NOT APPLY","ALWAYS WITH RIGHT HAND","ALWAYS WITH RIGHT HAND","USUALLY WITH RIGHT HAND","ALWAYS WITH RIGHT HAND","USUALLY WITH LEFT HAND","1: 1  CONDITION APPLIES","1: 1  CONDITION APPLIES","NO","FEMALE","MALE"
1980,64735,5,1,2,33790,5,184,1,1,3,2,2,5,1,1,1,2,1,3,2,4,1,1,31,19,"Female","Black","South (AL, AR, DE, DC, FL, GA, KY, LA, MD, MS, NC, OK, SC, TN , TX, VA, WV)","High school diploma (Regular 12 year program)","In CBSA, not in central city","NO","3: Mother","YES","NO","NO","YES","YES","0: 0  CONDITION DOES NOT APPLY","ALWAYS WITH RIGHT HAND","ALWAYS WITH RIGHT HAND","ALWAYS WITH RIGHT HAND","ALWAYS WITH RIGHT HAND","ALWAYS WITH LEFT HAND","1: 1  CONDITION APPLIES","1: 1  CONDITION APPLIES","NO","FEMALE","MALE"
1983,64735,2,0,1,33790,5,185,2,1,4,5,4,4,2,1,1,1,2,2,1,7,1,2,25,4,"Female","Black","South (AL, AR, DE, DC, FL, GA, KY, LA, MD, MS, NC, OK, SC, TN , TX, VA, WV)","High school diploma (Regular 12 year program)","In CBSA, not in central city","NO","3: Mother","YES","NO","YES","NO","YES","0: 0  CONDITION DOES NOT APPLY","ALWAYS WITH RIGHT HAND","ALWAYS WITH RIGHT HAND","ALWAYS WITH RIGHT HAND","ALWAYS WITH RIGHT HAND","ALWAYS WITH LEFT HAND","1: 1  CONDITION APPLIES","1: 1  CONDITION APPLIES","NO","MALE","FEMALE"
1984,64735,5,0,3,33790,5,179,1,1,3,4,2,2,2,2,1,1,2,4,3,6,1,1,32,21,"Female","Non-Black / Non-Hispanic","South (AL, AR, DE, DC, FL, GA, KY, LA, MD, MS, NC, OK, SC, TN , TX, VA, WV)","High school diploma (Regular 12 year program)","In CBSA, not in central city","NO","3: Mother","YES","YES","NO","NO","YES","0: 0  CONDITION DOES NOT APPLY","ALWAYS WITH RIGHT HAND","ALWAYS WITH RIGHT HAND","ALWAYS WITH RIGHT HAND","ALWAYS WITH RIGHT HAND","ALWAYS WITH LEFT HAND","1: 1  CONDITION APPLIES","1: 1  CONDITION APPLIES","NO","MALE","FEMALE"
1980,64735,6,0,3,33790,5,183,2,1,1,4,3,3,1,1,1,1,1,1,1,7,1,1,32,22,"Male","Non-Black / Non-Hispanic","South (AL, AR, DE, DC, FL, GA, KY, LA, MD, MS, NC, OK, SC, TN , TX, VA, WV)","High school diploma (Regular 12 year program)","In CBSA, not in central city","NO","3: Mother","NO","YES","NO","NO","NO","0: 0  CONDITION DOES NOT APPLY","ALWAYS WITH RIGHT HAND","ALWAYS WITH RIGHT HAND","ALWAYS WITH RIGHT HAND","ALWAYS WITH RIGHT HAND","ALWAYS WITH LEFT HAND","1: 1  CONDITION APPLIES","1: 1  CONDITION APPLIES","NO","MALE","FEMALE"
1981,64735,4,0,1,33790,6,184,1,2,3,5,4,4,1,2,2,1,1,3,2,6,1,1,36,22,"Female","Hispanic","South (AL, AR, DE, DC, FL, GA, KY, LA, MD, MS, NC, OK, SC, TN , TX, VA, WV)","High school diploma (Regular 12 year program)","In CBSA, not in central city","NO","3: Mother","NO","YES","NO","NO","YES","0: 0  CONDITION DOES NOT APPLY","DON'T DO THIS ACTIVITY","ALWAYS WITH RIGHT HAND","ALWAYS WITH RIGHT HAND","USUALLY WITH BOTH HANDS EQUALLY","ALWAYS WITH LEFT HAND","1: 1  CONDITION APPLIES","1: 1  CONDITION APPLIES","NO","FEMALE","FEMALE"
1981,35000,3,0,3,35000,5,230,2,3,3,4,3,4,2,2,2,2,1,3,1,8,1,1,24,22,"Male","Non-Black / Non-Hispanic","South (AL, AR, DE, DC, FL, GA, KY, LA, MD, MS, NC, OK, SC, TN , TX, VA, WV)","High school diploma (Regular 12 year program)","In CBSA, not in central city","NO","3: Mother","YES","NO","NO","NO","YES","0: 0  CONDITION DOES NOT APPLY","ALWAYS WITH RIGHT HAND","ALWAYS WITH RIGHT HAND","ALWAYS WITH RIGHT HAND","ALWAYS WITH LEFT HAND","ALWAYS WITH LEFT HAND","1: 1  CONDITION APPLIES","0: 0  CONDITION DOES NOT APPLY","NO","FEMALE","MALE"
1981,64735,3,1,5,33790,5,183,1,1,1,4,2,3,2,2,1,2,1,5,2,6,2,1,29,22,"Female","Hispanic","South (AL, AR, DE, DC, FL, GA, KY, LA, MD, MS, NC, OK, SC, TN , TX, VA, WV)","Bachelor's degree (BA, BS)","In CBSA, in central city","NO","3: Mother","YES","YES","NO","NO","NO","0: 0  CONDITION DOES NOT APPLY","USUALLY WITH LEFT HAND","USUALLY WITH LEFT HAND","ALWAYS WITH RIGHT HAND","ALWAYS WITH RIGHT HAND","ALWAYS WITH RIGHT HAND","1: 1  CONDITION APPLIES","1: 1  CONDITION APPLIES","NO","FEMALE","FEMALE"
1980,64735,2,0,1,33790,5,183,1,2,5,3,4,3,2,2,1,2,2,6,2,8,1,1,29,24,"Male","Black","North Central (IL, IN, IA, KS, MI, MN, MO, NE, OH, ND, SD, WI)","Professional degree (DDS, JD, MD)","In CBSA, not in central city","NO","3: Mother","YES","NO","NO","NO","NO","0: 0  CONDITION DOES NOT APPLY","ALWAYS WITH RIGHT HAND","ALWAYS WITH RIGHT HAND","ALWAYS WITH RIGHT HAND","ALWAYS WITH RIGHT HAND","ALWAYS WITH LEFT HAND","1: 1  CONDITION APPLIES","1: 1  CONDITION APPLIES","NO","FEMALE","MALE"
1982,64735,2,0,1,33790,5,181,1,1,2,7,4,4,2,2,1,2,1,6,4,7,1,1,25,18,"Female","Non-Black / Non-Hispanic","South (AL, AR, DE, DC, FL, GA, KY, LA, MD, MS, NC, OK, SC, TN , TX, VA, WV)","Bachelor's degree (BA, BS)","In CBSA, in central city","NO","3: Mother","YES","NO","NO","NO","YES","0: 0  CONDITION DOES NOT APPLY","ALWAYS WITH RIGHT HAND","ALWAYS WITH RIGHT HAND","USUALLY WITH BOTH HANDS EQUALLY","ALWAYS WITH RIGHT HAND","ALWAYS WITH LEFT HAND","1: 1  CONDITION APPLIES","1: 1  CONDITION APPLIES","NO","MALE","FEMALE"
1981,89000,1,0,3,33790,5,250,1,1,7,3,4,4,2,2,2,1,2,2,1,7,1,1,12,8,"Female","Non-Black / Non-Hispanic","South (AL, AR, DE, DC, FL, GA, KY, LA, MD, MS, NC, OK, SC, TN , TX, VA, WV)","High school diploma (Regular 12 year program)","Not in country","NO","3: Mother","YES","NO","YES","NO","YES","0: 0  CONDITION DOES NOT APPLY","ALWAYS WITH RIGHT HAND","ALWAYS WITH RIGHT HAND","ALWAYS WITH RIGHT HAND","ALWAYS WITH RIGHT HAND","ALWAYS WITH LEFT HAND","1: 1  CONDITION APPLIES","1: 1  CONDITION APPLIES","YES","FEMALE","MALE"
1983,64735,1,1,2,33790,6,186,1,1,3,5,4,6,2,2,2,2,1,6,2,5,1,1,32,19,"Male","Non-Black / Non-Hispanic","North Central (IL, IN, IA, KS, MI, MN, MO, NE, OH, ND, SD, WI)","Bachelor's degree (BA, BS)","In CBSA, in central city","NO","3: Mother","YES","NO","NO","NO","YES","0: 0  CONDITION DOES NOT APPLY","ALWAYS WITH RIGHT HAND","ALWAYS WITH RIGHT HAND","ALWAYS WITH RIGHT HAND","ALWAYS WITH RIGHT HAND","ALWAYS WITH LEFT HAND","1: 1  CONDITION APPLIES","0: 0  CONDITION DOES NOT APPLY","NO","FEMALE","FEMALE"
1980,64735,3,0,1,33790,5,183,2,2,2,1,1,1,2,2,1,2,1,5,2,6,1,1,33,20,"Female","Non-Black / Non-Hispanic","North Central (IL, IN, IA, KS, MI, MN, MO, NE, OH, ND, SD, WI)","High school diploma (Regular 12 year program)","In CBSA, not in central city","NO","3: Mother","NO","NO","NO","NO","YES","0: 0  CONDITION DOES NOT APPLY","ALWAYS WITH RIGHT HAND","ALWAYS WITH RIGHT HAND","ALWAYS WITH RIGHT HAND","ALWAYS WITH RIGHT HAND","ALWAYS WITH LEFT HAND","1: 1  CONDITION APPLIES","1: 1  CONDITION APPLIES","NO","FEMALE","FEMALE"
1980,64735,4,0,1,33790,5,140,1,2,5,3,3,2,2,1,2,1,1,6,3,7,1,1,32,22,"Female","Non-Black / Non-Hispanic","South (AL, AR, DE, DC, FL, GA, KY, LA, MD, MS, NC, OK, SC, TN , TX, VA, WV)","Master's degree (MA, MS)","In CBSA, in central city","NO","3: Mother","NO","NO","NO","NO","YES","0: 0  CONDITION DOES NOT APPLY","ALWAYS WITH RIGHT HAND","ALWAYS WITH RIGHT HAND","ALWAYS WITH RIGHT HAND","ALWAYS WITH RIGHT HAND","ALWAYS WITH LEFT HAND","1: 1  CONDITION APPLIES","1: 1  CONDITION APPLIES","NO","FEMALE","MALE"
1983,64735,4,0,2,33790,6,225,1,1,2,4,4,7,2,2,2,1,1,4,3,5,1,1,31,17,"Male","Non-Black / Non-Hispanic","South (AL, AR, DE, DC, FL, GA, KY, LA, MD, MS, NC, OK, SC, TN , TX, VA, WV)","High school diploma (Regular 12 year program)","In CBSA, not in central city","NO","3: Mother","YES","YES","YES","NO","YES","0: 0  CONDITION DOES NOT APPLY","ALWAYS WITH RIGHT HAND","ALWAYS WITH RIGHT HAND","ALWAYS WITH LEFT HAND","ALWAYS WITH RIGHT HAND","ALWAYS WITH LEFT HAND","1: 1  CONDITION APPLIES","1: 1  CONDITION APPLIES","NO","FEMALE","FEMALE"
1981,64735,3,0,2,8000,5,133,1,2,2,6,2,5,2,2,2,2,1,4,3,7,1,1,32,22,"Male","Black","South (AL, AR, DE, DC, FL, GA, KY, LA, MD, MS, NC, OK, SC, TN , TX, VA, WV)","High school diploma (Regular 12 year program)","In CBSA, in central city","NO","3: Mother","NO","YES","NO","YES","YES","0: 0  CONDITION DOES NOT APPLY","ALWAYS WITH RIGHT HAND","ALWAYS WITH RIGHT HAND","ALWAYS WITH RIGHT HAND","ALWAYS WITH RIGHT HAND","ALWAYS WITH LEFT HAND","1: 1  CONDITION APPLIES","1: 1  CONDITION APPLIES","NO","FEMALE","MALE"
1984,64735,3,1,2,33790,6,184,2,3,2,5,2,5,2,1,2,1,2,3,6,6,1,1,26,16,"Male","Non-Black / Non-Hispanic","South (AL, AR, DE, DC, FL, GA, KY, LA, MD, MS, NC, OK, SC, TN , TX, VA, WV)","High school diploma (Regular 12 year program)","In CBSA, in central city","NO","3: Mother","YES","NO","NO","NO","NO","0: 0  CONDITION DOES NOT APPLY","ALWAYS WITH RIGHT HAND","ALWAYS WITH RIGHT HAND","ALWAYS WITH RIGHT HAND","ALWAYS WITH RIGHT HAND","ALWAYS WITH LEFT HAND","1: 1  CONDITION APPLIES","0: 0  CONDITION DOES NOT APPLY","NO","MALE","FEMALE"
1984,64735,2,1,3,33790,5,183,1,2,3,4,3,2,2,2,2,1,1,1,3,8,1,1,3,29,"Male","Black","North Central (IL, IN, IA, KS, MI, MN, MO, NE, OH, ND, SD, WI)","GED","In CBSA, not in central city","YES","3: Mother","NO","YES","YES","NO","NO","0: 0  CONDITION DOES NOT APPLY","ALWAYS WITH RIGHT HAND","ALWAYS WITH RIGHT HAND","ALWAYS WITH RIGHT HAND","ALWAYS WITH RIGHT HAND","ALWAYS WITH LEFT HAND","1: 1  CONDITION APPLIES","1: 1  CONDITION APPLIES","NO","FEMALE","MALE"
1982,64735,2,2,2,33790,5,182,1,1,1,3,2,5,2,2,2,2,2,2,2,7,1,1,7,5,"Female","Non-Black / Non-Hispanic","South (AL, AR, DE, DC, FL, GA, KY, LA, MD, MS, NC, OK, SC, TN , TX, VA, WV)","GED","In CBSA, in central city","NO","3: Mother","NO","YES","NO","NO","NO","0: 0  CONDITION DOES NOT APPLY","ALWAYS WITH RIGHT HAND","USUALLY WITH BOTH HANDS EQUALLY","ALWAYS WITH RIGHT HAND","ALWAYS WITH RIGHT HAND","ALWAYS WITH LEFT HAND","1: 1  CONDITION APPLIES","0: 0  CONDITION DOES NOT APPLY","YES","MALE","MALE"
1982,64735,2,0,2,30000,5,200,1,1,3,4,3,5,2,2,1,2,1,6,3,5,1,1,26,16,"Female","Non-Black / Non-Hispanic","North Central (IL, IN, IA, KS, MI, MN, MO, NE, OH, ND, SD, WI)","Bachelor's degree (BA, BS)","In CBSA, not in central city","NO","3: Mother","YES","NO","YES","NO","YES","0: 0  CONDITION DOES NOT APPLY","ALWAYS WITH RIGHT HAND","USUALLY WITH RIGHT HAND","ALWAYS WITH RIGHT HAND","ALWAYS WITH RIGHT HAND","ALWAYS WITH RIGHT HAND","1: 1  CONDITION APPLIES","1: 1  CONDITION APPLIES","NO","MALE","MALE"
1983,64735,3,0,3,33790,5,200,1,1,3,5,2,4,2,1,2,1,2,6,3,6,1,1,32,22,"Male","Non-Black / Non-Hispanic","West (AK, AZ, CA, CO, HI, ID, MT, NV, NM, OR, UT, WA, WY)","Bachelor's degree (BA, BS)","In CBSA, not in central city","NO","3: Mother","YES","NO","NO","NO","YES","0: 0  CONDITION DOES NOT APPLY","ALWAYS WITH RIGHT HAND","USUALLY WITH RIGHT HAND","ALWAYS WITH LEFT HAND","ALWAYS WITH RIGHT HAND","ALWAYS WITH LEFT HAND","1: 1  CONDITION APPLIES","1: 1  CONDITION APPLIES","NO","FEMALE","MALE"
1981,64735,3,1,3,33790,5,183,1,2,3,3,2,5,2,2,1,2,1,6,3,7,1,1,31,22,"Female","Non-Black / Non-Hispanic","North Central (IL, IN, IA, KS, MI, MN, MO, NE, OH, ND, SD, WI)","Bachelor's degree (BA, BS)","In CBSA, in central city","NO","3: Mother","NO","NO","NO","NO","YES","0: 0  CONDITION DOES NOT APPLY","ALWAYS WITH RIGHT HAND","ALWAYS WITH RIGHT HAND","ALWAYS WITH RIGHT HAND","ALWAYS WITH RIGHT HAND","ALWAYS WITH LEFT HAND","1: 1  CONDITION APPLIES","1: 1  CONDITION APPLIES","NO","FEMALE","FEMALE"
1983,41250,4,1,4,33790,5,182,1,1,2,5,5,3,2,2,1,2,1,4,7,5,1,1,26,13,"Female","Hispanic","North Central (IL, IN, IA, KS, MI, MN, MO, NE, OH, ND, SD, WI)","GED","In CBSA, not in central city","NO","3: Mother","NO","NO","NO","NO","YES","0: 0  CONDITION DOES NOT APPLY","ALWAYS WITH RIGHT HAND","ALWAYS WITH LEFT HAND","ALWAYS WITH RIGHT HAND","DON'T DO THIS ACTIVITY","ALWAYS WITH LEFT HAND","1: 1  CONDITION APPLIES","1: 1  CONDITION APPLIES","NO","MALE","MALE"
1983,64735,3,0,3,33790,5,183,2,1,4,4,4,2,2,2,2,2,1,6,3,8,2,1,30,26,"Female","Non-Black / Non-Hispanic","West (AK, AZ, CA, CO, HI, ID, MT, NV, NM, OR, UT, WA, WY)","None","In CBSA, in central city","NO","3: Mother","YES","NO","NO","NO","YES","0: 0  CONDITION DOES NOT APPLY","ALWAYS WITH RIGHT HAND","ALWAYS WITH RIGHT HAND","ALWAYS WITH RIGHT HAND","ALWAYS WITH RIGHT HAND","ALWAYS WITH LEFT HAND","1: 1  CONDITION APPLIES","1: 1  CONDITION APPLIES","NO","FEMALE","MALE"
1980,120950,5,2,1,33790,6,183,1,2,1,5,3,3,2,2,1,2,2,6,2,6,1,1,26,15,"Male","Non-Black / Non-Hispanic","North Central (IL, IN, IA, KS, MI, MN, MO, NE, OH, ND, SD, WI)","Master's degree (MA, MS)","In CBSA, in central city","NO","3: Mother","YES","NO","YES","NO","YES","0: 0  CONDITION DOES NOT APPLY","ALWAYS WITH RIGHT HAND","ALWAYS WITH RIGHT HAND","ALWAYS WITH RIGHT HAND","ALWAYS WITH LEFT HAND","ALWAYS WITH LEFT HAND","1: 1  CONDITION APPLIES","0: 0  CONDITION DOES NOT APPLY","NO","MALE","FEMALE"
1980,64735,3,1,1,33790,5,183,1,1,1,4,4,4,2,2,2,2,2,6,3,6,1,1,29,21,"Female","Non-Black / Non-Hispanic","South (AL, AR, DE, DC, FL, GA, KY, LA, MD, MS, NC, OK, SC, TN , TX, VA, WV)","Master's degree (MA, MS)","In CBSA, not in central city","NO","3: Mother","YES","YES","YES","NO","YES","0: 0  CONDITION DOES NOT APPLY","ALWAYS WITH RIGHT HAND","ALWAYS WITH RIGHT HAND","ALWAYS WITH LEFT HAND","ALWAYS WITH RIGHT HAND","ALWAYS WITH RIGHT HAND","1: 1  CONDITION APPLIES","1: 1  CONDITION APPLIES","NO","FEMALE","MALE"
1981,64735,4,0,2,33790,5,182,1,1,2,3,3,5,2,2,1,2,1,3,2,7,1,1,29,21,"Male","Non-Black / Non-Hispanic","South (AL, AR, DE, DC, FL, GA, KY, LA, MD, MS, NC, OK, SC, TN , TX, VA, WV)","GED","In CBSA, in central city","NO","3: Mother","YES","YES","NO","NO","NO","0: 0  CONDITION DOES NOT APPLY","ALWAYS WITH RIGHT HAND","ALWAYS WITH RIGHT HAND","ALWAYS WITH RIGHT HAND","ALWAYS WITH RIGHT HAND","ALWAYS WITH LEFT HAND","1: 1  CONDITION APPLIES","1: 1  CONDITION APPLIES","NO","MALE","MALE"
1980,80000,2,1,2,33790,5,186,2,2,3,4,2,3,2,2,1,2,1,5,2,6,1,2,30,18,"Male","Non-Black / Non-Hispanic","Northeast (CT, ME, MA, NH, NJ, NY, PA, RI, VT)","High school diploma (Regular 12 year program)","In CBSA, in central city","NO","3: Mother","YES","NO","NO","NO","NO","0: 0  CONDITION DOES NOT APPLY","ALWAYS WITH RIGHT HAND","ALWAYS WITH RIGHT HAND","ALWAYS WITH RIGHT HAND","ALWAYS WITH RIGHT HAND","ALWAYS WITH LEFT HAND","1: 1  CONDITION APPLIES","1: 1  CONDITION APPLIES","NO","MALE","MALE"
1988,64735,7,2,2,33790,5,181,1,1,3,3,1,5,2,2,1,2,1,5,1,6,1,1,26,14,"Male","Non-Black / Non-Hispanic","North Central (IL, IN, IA, KS, MI, MN, MO, NE, OH, ND, SD, WI)","High school diploma (Regular 12 year program)","In CBSA, in central city","NO","3: Mother","NO","NO","NO","NO","NO","0: 0  CONDITION DOES NOT APPLY","ALWAYS WITH RIGHT HAND","ALWAYS WITH RIGHT HAND","ALWAYS WITH RIGHT HAND","ALWAYS WITH RIGHT HAND","ALWAYS WITH LEFT HAND","1: 1  CONDITION APPLIES","1: 1  CONDITION APPLIES","NO","MALE","FEMALE"
1983,64735,2,1,3,33790,5,181,1,2,2,3,5,7,2,2,2,2,1,6,2,7,2,1,30,20,"Female","Non-Black / Non-Hispanic","North Central (IL, IN, IA, KS, MI, MN, MO, NE, OH, ND, SD, WI)","Bachelor's degree (BA, BS)","In CBSA, not in central city","NO","3: Mother","YES","NO","NO","NO","YES","0: 0  CONDITION DOES NOT APPLY","ALWAYS WITH RIGHT HAND","ALWAYS WITH RIGHT HAND","ALWAYS WITH RIGHT HAND","ALWAYS WITH RIGHT HAND","ALWAYS WITH LEFT HAND","1: 1  CONDITION APPLIES","1: 1  CONDITION APPLIES","NO","MALE","FEMALE"
1984,64735,3,1,1,33790,5,183,1,1,4,4,3,3,2,1,1,2,1,6,3,6,1,1,40,25,"Female","Non-Black / Non-Hispanic","West (AK, AZ, CA, CO, HI, ID, MT, NV, NM, OR, UT, WA, WY)","High school diploma (Regular 12 year program)","In CBSA, not in central city","NO","3: Mother","NO","NO","NO","NO","YES","0: 0  CONDITION DOES NOT APPLY","ALWAYS WITH RIGHT HAND","ALWAYS WITH RIGHT HAND","ALWAYS WITH RIGHT HAND","ALWAYS WITH RIGHT HAND","ALWAYS WITH LEFT HAND","1: 1  CONDITION APPLIES","1: 1  CONDITION APPLIES","NO","FEMALE","MALE"
1982,26750,4,1,1,33790,6,182,2,1,3,3,3,3,1,1,1,2,1,3,2,6,1,1,27,4,"Male","Non-Black / Non-Hispanic","South (AL, AR, DE, DC, FL, GA, KY, LA, MD, MS, NC, OK, SC, TN , TX, VA, WV)","GED","In CBSA, in central city","NO","3: Mother","YES","NO","NO","NO","NO","0: 0  CONDITION DOES NOT APPLY","ALWAYS WITH RIGHT HAND","ALWAYS WITH RIGHT HAND","ALWAYS WITH RIGHT HAND","ALWAYS WITH RIGHT HAND","ALWAYS WITH LEFT HAND","1: 1  CONDITION APPLIES","1: 1  CONDITION APPLIES","NO","MALE","FEMALE"
1985,64735,3,1,2,33790,5,181,1,2,3,5,3,3,2,2,2,2,1,1,1,8,1,1,30,22,"Female","Non-Black / Non-Hispanic","Northeast (CT, ME, MA, NH, NJ, NY, PA, RI, VT)","GED","In CBSA, not in central city","NO","3: Mother","NO","NO","NO","NO","YES","0: 0  CONDITION DOES NOT APPLY","ALWAYS WITH RIGHT HAND","ALWAYS WITH RIGHT HAND","ALWAYS WITH RIGHT HAND","ALWAYS WITH RIGHT HAND","ALWAYS WITH LEFT HAND","1: 1  CONDITION APPLIES","1: 1  CONDITION APPLIES","NO","MALE","MALE"
1984,64735,2,0,1,33790,6,183,1,1,6,3,2,2,1,2,1,2,1,3,3,7,1,1,34,22,"Male","Hispanic","South (AL, AR, DE, DC, FL, GA, KY, LA, MD, MS, NC, OK, SC, TN , TX, VA, WV)","High school diploma (Regular 12 year program)","In CBSA, in central city","NO","3: Mother","NO","NO","YES","NO","NO","0: 0  CONDITION DOES NOT APPLY","ALWAYS WITH RIGHT HAND","ALWAYS WITH RIGHT HAND","ALWAYS WITH RIGHT HAND","ALWAYS WITH RIGHT HAND","ALWAYS WITH LEFT HAND","1: 1  CONDITION APPLIES","1: 1  CONDITION APPLIES","NO","MALE","MALE"
1982,63000,3,0,2,33790,5,184,2,2,1,3,2,2,2,2,2,1,1,5,1,6,1,1,31,28,"Female","Non-Black / Non-Hispanic","South (AL, AR, DE, DC, FL, GA, KY, LA, MD, MS, NC, OK, SC, TN , TX, VA, WV)","High school diploma (Regular 12 year program)","In CBSA, not in central city","YES","3: Mother","NO","YES","NO","NO","YES","0: 0  CONDITION DOES NOT APPLY","ALWAYS WITH RIGHT HAND","ALWAYS WITH RIGHT HAND","ALWAYS WITH RIGHT HAND","ALWAYS WITH RIGHT HAND","ALWAYS WITH LEFT HAND","1: 1  CONDITION APPLIES","1: 1  CONDITION APPLIES","YES","FEMALE","MALE"
1980,64735,4,1,1,33790,5,210,1,2,5,4,5,5,2,2,1,2,1,6,2,6,1,1,31,22,"Female","Hispanic","West (AK, AZ, CA, CO, HI, ID, MT, NV, NM, OR, UT, WA, WY)","High school diploma (Regular 12 year program)","In CBSA, in central city","NO","3: Mother","YES","NO","YES","NO","YES","0: 0  CONDITION DOES NOT APPLY","ALWAYS WITH RIGHT HAND","ALWAYS WITH RIGHT HAND","ALWAYS WITH RIGHT HAND","ALWAYS WITH RIGHT HAND","ALWAYS WITH LEFT HAND","1: 1  CONDITION APPLIES","1: 1  CONDITION APPLIES","YES","FEMALE","FEMALE"
1980,64735,3,0,1,13000,5,183,1,2,3,4,3,2,2,1,1,2,1,6,2,7,2,1,34,24,"Male","Hispanic","South (AL, AR, DE, DC, FL, GA, KY, LA, MD, MS, NC, OK, SC, TN , TX, VA, WV)","High school diploma (Regular 12 year program)","In CBSA, in central city","NO","3: Mother","NO","YES","NO","NO","NO","0: 0  CONDITION DOES NOT APPLY","ALWAYS WITH RIGHT HAND","ALWAYS WITH RIGHT HAND","USUALLY WITH RIGHT HAND","ALWAYS WITH RIGHT HAND","ALWAYS WITH LEFT HAND","1: 1  CONDITION APPLIES","1: 1  CONDITION APPLIES","NO","MALE","MALE"
1982,64735,4,1,2,33790,5,162,1,1,3,3,7,3,2,2,1,2,1,6,4,8,1,1,28,23,"Female","Hispanic","South (AL, AR, DE, DC, FL, GA, KY, LA, MD, MS, NC, OK, SC, TN , TX, VA, WV)","High school diploma (Regular 12 year program)","In CBSA, not in central city","NO","3: Mother","NO","YES","NO","NO","YES","0: 0  CONDITION DOES NOT APPLY","ALWAYS WITH RIGHT HAND","ALWAYS WITH RIGHT HAND","ALWAYS WITH RIGHT HAND","ALWAYS WITH RIGHT HAND","ALWAYS WITH LEFT HAND","1: 1  CONDITION APPLIES","1: 1  CONDITION APPLIES","NO","FEMALE","MALE"
1984,64735,2,0,3,33790,5,182,1,2,1,8,2,3,1,2,1,2,2,1,4,7,1,1,35,25,"Male","Non-Black / Non-Hispanic","South (AL, AR, DE, DC, FL, GA, KY, LA, MD, MS, NC, OK, SC, TN , TX, VA, WV)","None","In CBSA, not in central city","NO","3: Mother","NO","YES","NO","NO","NO","0: 0  CONDITION DOES NOT APPLY","ALWAYS WITH RIGHT HAND","ALWAYS WITH RIGHT HAND","ALWAYS WITH RIGHT HAND","ALWAYS WITH RIGHT HAND","ALWAYS WITH LEFT HAND","1: 1  CONDITION APPLIES","1: 1  CONDITION APPLIES","NO","FEMALE","MALE"
1981,64735,4,0,3,40000,5,184,1,1,3,3,2,2,1,2,2,2,1,9,2,7,1,1,6,18,"Female","Hispanic","Northeast (CT, ME, MA, NH, NJ, NY, PA, RI, VT)","Associate/Junior college (AA)","In CBSA, not in central city","NO","3: Mother","YES","NO","NO","NO","NO","0: 0  CONDITION DOES NOT APPLY","ALWAYS WITH LEFT HAND","ALWAYS WITH RIGHT HAND","ALWAYS WITH LEFT HAND","ALWAYS WITH RIGHT HAND","ALWAYS WITH LEFT HAND","1: 1  CONDITION APPLIES","1: 1  CONDITION APPLIES","YES","FEMALE","MALE"
1983,64734,3,1,2,26000,5,216,1,1,3,4,3,4,2,2,1,2,2,1,1,8,1,1,6,13,"Male","Non-Black / Non-Hispanic","North Central (IL, IN, IA, KS, MI, MN, MO, NE, OH, ND, SD, WI)","GED","In CBSA, not known","YES","3: Mother","NO","NO","NO","NO","YES","0: 0  CONDITION DOES NOT APPLY","ALWAYS WITH RIGHT HAND","ALWAYS WITH RIGHT HAND","USUALLY WITH BOTH HANDS EQUALLY","ALWAYS WITH RIGHT HAND","ALWAYS WITH LEFT HAND","0: 0  CONDITION DOES NOT APPLY","0: 0  CONDITION DOES NOT APPLY","NO","FEMALE","FEMALE"
1980,88250,5,1,1,33790,5,183,1,2,2,4,7,3,2,1,2,2,1,5,3,8,1,1,29,17,"Female","Hispanic","South (AL, AR, DE, DC, FL, GA, KY, LA, MD, MS, NC, OK, SC, TN , TX, VA, WV)","Associate/Junior college (AA)","In CBSA, not in central city","YES","3: Mother","YES","NO","NO","NO","YES","0: 0  CONDITION DOES NOT APPLY","ALWAYS WITH RIGHT HAND","ALWAYS WITH RIGHT HAND","ALWAYS WITH RIGHT HAND","ALWAYS WITH RIGHT HAND","USUALLY WITH BOTH HANDS EQUALLY","1: 1  CONDITION APPLIES","1: 1  CONDITION APPLIES","NO","FEMALE","FEMALE"
1981,64735,1,0,2,33790,5,182,1,1,2,4,6,2,2,2,1,2,1,5,3,6,1,1,30,23,"Female","Non-Black / Non-Hispanic","South (AL, AR, DE, DC, FL, GA, KY, LA, MD, MS, NC, OK, SC, TN , TX, VA, WV)","GED","In CBSA, in central city","NO","3: Mother","NO","NO","NO","NO","YES","0: 0  CONDITION DOES NOT APPLY","ALWAYS WITH RIGHT HAND","ALWAYS WITH RIGHT HAND","ALWAYS WITH RIGHT HAND","ALWAYS WITH RIGHT HAND","ALWAYS WITH LEFT HAND","1: 1  CONDITION APPLIES","1: 1  CONDITION APPLIES","NO","FEMALE","MALE"
1980,64735,4,0,1,33790,6,184,2,1,5,3,3,2,2,2,1,2,1,5,1,3,1,1,29,23,"Male","Non-Black / Non-Hispanic","South (AL, AR, DE, DC, FL, GA, KY, LA, MD, MS, NC, OK, SC, TN , TX, VA, WV)","Bachelor's degree (BA, BS)","In CBSA, not in central city","NO","3: Mother","YES","NO","YES","NO","NO","0: 0  CONDITION DOES NOT APPLY","ALWAYS WITH RIGHT HAND","ALWAYS WITH RIGHT HAND","ALWAYS WITH RIGHT HAND","ALWAYS WITH RIGHT HAND","ALWAYS WITH LEFT HAND","1: 1  CONDITION APPLIES","1: 1  CONDITION APPLIES","NO","MALE","MALE"
1983,64735,4,1,3,33790,5,130,2,1,1,4,2,5,1,2,2,1,1,6,2,7,1,1,33,22,"Female","Non-Black / Non-Hispanic","South (AL, AR, DE, DC, FL, GA, KY, LA, MD, MS, NC, OK, SC, TN , TX, VA, WV)","High school diploma (Regular 12 year program)","In CBSA, not in central city","NO","3: Mother","YES","NO","YES","NO","YES","0: 0  CONDITION DOES NOT APPLY","ALWAYS WITH RIGHT HAND","ALWAYS WITH RIGHT HAND","ALWAYS WITH RIGHT HAND","ALWAYS WITH RIGHT HAND","ALWAYS WITH RIGHT HAND","1: 1  CONDITION APPLIES","1: 1  CONDITION APPLIES","NO","FEMALE","MALE"
1983,64735,4,1,3,33790,5,183,1,2,2,3,1,3,2,1,2,2,2,1,1,6,1,1,31,21,"Female","Non-Black / Non-Hispanic","South (AL, AR, DE, DC, FL, GA, KY, LA, MD, MS, NC, OK, SC, TN , TX, VA, WV)","Professional degree (DDS, JD, MD)","In CBSA, not in central city","NO","3: Mother","YES","NO","NO","NO","YES","0: 0  CONDITION DOES NOT APPLY","ALWAYS WITH RIGHT HAND","ALWAYS WITH RIGHT HAND","ALWAYS WITH RIGHT HAND","ALWAYS WITH RIGHT HAND","ALWAYS WITH LEFT HAND","1: 1  CONDITION APPLIES","1: 1  CONDITION APPLIES","NO","MALE","FEMALE"
1984,64735,4,1,2,65000,5,186,1,1,5,3,2,1,2,2,2,2,2,6,1,8,1,1,29,20,"Male","Non-Black / Non-Hispanic","South (AL, AR, DE, DC, FL, GA, KY, LA, MD, MS, NC, OK, SC, TN , TX, VA, WV)","High school diploma (Regular 12 year program)","In CBSA, not in central city","NO","3: Mother","YES","NO","YES","NO","YES","0: 0  CONDITION DOES NOT APPLY","ALWAYS WITH LEFT HAND","ALWAYS WITH LEFT HAND","ALWAYS WITH LEFT HAND","ALWAYS WITH LEFT HAND","ALWAYS WITH LEFT HAND","1: 1  CONDITION APPLIES","1: 1  CONDITION APPLIES","NO","FEMALE","FEMALE"
1981,64735,4,0,1,33790,5,187,2,2,5,3,1,5,2,1,1,1,1,1,2,5,1,1,30,19,"Female","Non-Black / Non-Hispanic","South (AL, AR, DE, DC, FL, GA, KY, LA, MD, MS, NC, OK, SC, TN , TX, VA, WV)","GED","In CBSA, not in central city","NO","3: Mother","YES","NO","NO","NO","NO","0: 0  CONDITION DOES NOT APPLY","ALWAYS WITH RIGHT HAND","ALWAYS WITH RIGHT HAND","ALWAYS WITH RIGHT HAND","ALWAYS WITH RIGHT HAND","ALWAYS WITH LEFT HAND","1: 1  CONDITION APPLIES","1: 1  CONDITION APPLIES","NO","FEMALE","FEMALE"
1982,64735,3,1,2,33790,5,120,1,1,1,3,1,6,2,1,1,1,1,5,2,8,1,1,33,19,"Female","Non-Black / Non-Hispanic","South (AL, AR, DE, DC, FL, GA, KY, LA, MD, MS, NC, OK, SC, TN , TX, VA, WV)","Bachelor's degree (BA, BS)","In CBSA, not in central city","NO","3: Mother","YES","YES","NO","NO","YES","0: 0  CONDITION DOES NOT APPLY","ALWAYS WITH RIGHT HAND","ALWAYS WITH RIGHT HAND","ALWAYS WITH RIGHT HAND","ALWAYS WITH RIGHT HAND","ALWAYS WITH LEFT HAND","1: 1  CONDITION APPLIES","1: 1  CONDITION APPLIES","NO","MALE","FEMALE"
1981,64735,3,1,1,69000,5,183,2,1,5,4,3,4,2,2,1,2,1,3,1,7,1,1,27,20,"Female","Non-Black / Non-Hispanic","South (AL, AR, DE, DC, FL, GA, KY, LA, MD, MS, NC, OK, SC, TN , TX, VA, WV)","GED","In CBSA, not in central city","NO","3: Mother","YES","NO","NO","NO","YES","0: 0  CONDITION DOES NOT APPLY","ALWAYS WITH RIGHT HAND","ALWAYS WITH RIGHT HAND","ALWAYS WITH RIGHT HAND","ALWAYS WITH RIGHT HAND","ALWAYS WITH LEFT HAND","1: 1  CONDITION APPLIES","0: 0  CONDITION DOES NOT APPLY","NO","MALE","MALE"
1982,64735,4,0,3,33790,5,181,1,1,5,3,5,6,2,2,2,2,1,6,2,7,1,1,32,20,"Male","Non-Black / Non-Hispanic","North Central (IL, IN, IA, KS, MI, MN, MO, NE, OH, ND, SD, WI)","High school diploma (Regular 12 year program)","In CBSA, not in central city","NO","3: Mother","YES","NO","NO","NO","YES","0: 0  CONDITION DOES NOT APPLY","ALWAYS WITH RIGHT HAND","ALWAYS WITH RIGHT HAND","USUALLY WITH RIGHT HAND","ALWAYS WITH RIGHT HAND","ALWAYS WITH LEFT HAND","1: 1  CONDITION APPLIES","1: 1  CONDITION APPLIES","NO","MALE","FEMALE"
1981,64735,4,0,5,33790,5,181,1,2,5,2,4,4,2,2,2,2,1,2,4,4,1,2,23,17,"Male","Non-Black / Non-Hispanic","West (AK, AZ, CA, CO, HI, ID, MT, NV, NM, OR, UT, WA, WY)","GED","Not in CBSA","NO","3: Mother","YES","NO","YES","NO","NO","0: 0  CONDITION DOES NOT APPLY","ALWAYS WITH RIGHT HAND","ALWAYS WITH RIGHT HAND","USUALLY WITH RIGHT HAND","ALWAYS WITH RIGHT HAND","ALWAYS WITH LEFT HAND","0: 0  CONDITION DOES NOT APPLY","1: 1  CONDITION APPLIES","NO","FEMALE","MALE"
1981,64735,3,1,5,33790,5,185,1,2,3,6,4,4,2,2,1,2,1,2,2,9,1,1,8,15,"Male","Non-Black / Non-Hispanic","South (AL, AR, DE, DC, FL, GA, KY, LA, MD, MS, NC, OK, SC, TN , TX, VA, WV)","High school diploma (Regular 12 year program)","In CBSA, in central city","NO","3: Mother","NO","NO","NO","NO","YES","0: 0  CONDITION DOES NOT APPLY","DON'T DO THIS ACTIVITY","ALWAYS WITH RIGHT HAND","ALWAYS WITH RIGHT HAND","ALWAYS WITH RIGHT HAND","ALWAYS WITH LEFT HAND","1: 1  CONDITION APPLIES","1: 1  CONDITION APPLIES","NO","FEMALE","MALE"
1985,106408,3,0,3,33790,6,190,1,2,2,5,1,6,2,2,1,2,2,3,3,8,1,1,33,23,"Male","Non-Black / Non-Hispanic","South (AL, AR, DE, DC, FL, GA, KY, LA, MD, MS, NC, OK, SC, TN , TX, VA, WV)","High school diploma (Regular 12 year program)","In CBSA, not in central city","NO","3: Mother","NO","YES","NO","NO","YES","0: 0  CONDITION DOES NOT APPLY","ALWAYS WITH RIGHT HAND","ALWAYS WITH RIGHT HAND","ALWAYS WITH RIGHT HAND","ALWAYS WITH RIGHT HAND","ALWAYS WITH LEFT HAND","1: 1  CONDITION APPLIES","1: 1  CONDITION APPLIES","NO","FEMALE","MALE"
1981,64735,3,1,2,33790,5,183,1,1,2,3,3,2,2,2,2,2,1,3,2,7,1,1,5,18,"Female","Hispanic","South (AL, AR, DE, DC, FL, GA, KY, LA, MD, MS, NC, OK, SC, TN , TX, VA, WV)","High school diploma (Regular 12 year program)","In CBSA, not in central city","NO","3: Mother","YES","YES","NO","NO","YES","0: 0  CONDITION DOES NOT APPLY","ALWAYS WITH RIGHT HAND","ALWAYS WITH LEFT HAND","ALWAYS WITH RIGHT HAND","ALWAYS WITH RIGHT HAND","ALWAYS WITH LEFT HAND","1: 1  CONDITION APPLIES","1: 1  CONDITION APPLIES","YES","FEMALE","FEMALE"
1982,64735,4,1,1,33790,5,183,1,1,1,2,4,3,2,1,2,1,2,3,6,7,1,1,31,21,"Male","Non-Black / Non-Hispanic","West (AK, AZ, CA, CO, HI, ID, MT, NV, NM, OR, UT, WA, WY)","High school diploma (Regular 12 year program)","In CBSA, not in central city","NO","3: Mother","NO","YES","NO","NO","YES","0: 0  CONDITION DOES NOT APPLY","ALWAYS WITH RIGHT HAND","ALWAYS WITH RIGHT HAND","ALWAYS WITH RIGHT HAND","ALWAYS WITH RIGHT HAND","ALWAYS WITH LEFT HAND","1: 1  CONDITION APPLIES","1: 1  CONDITION APPLIES","NO","MALE","MALE"
1984,85500,3,1,2,33790,5,182,1,1,3,2,4,4,1,1,2,2,1,6,2,6,2,1,30,20,"Male","Non-Black / Non-Hispanic","South (AL, AR, DE, DC, FL, GA, KY, LA, MD, MS, NC, OK, SC, TN , TX, VA, WV)","GED","In CBSA, not in central city","NO","3: Mother","YES","NO","YES","NO","NO","0: 0  CONDITION DOES NOT APPLY","ALWAYS WITH RIGHT HAND","ALWAYS WITH RIGHT HAND","ALWAYS WITH RIGHT HAND","ALWAYS WITH RIGHT HAND","ALWAYS WITH LEFT HAND","1: 1  CONDITION APPLIES","1: 1  CONDITION APPLIES","YES","FEMALE","FEMALE"
1982,64735,3,0,2,33790,5,183,1,2,5,5,2,4,2,2,1,2,1,7,2,7,1,1,31,23,"Male","Non-Black / Non-Hispanic","West (AK, AZ, CA, CO, HI, ID, MT, NV, NM, OR, UT, WA, WY)","None","In CBSA, not in central city","NO","3: Mother","YES","NO","YES","NO","NO","1: 1  CONDITION APPLIES","ALWAYS WITH RIGHT HAND","ALWAYS WITH RIGHT HAND","ALWAYS WITH RIGHT HAND","ALWAYS WITH RIGHT HAND","ALWAYS WITH LEFT HAND","1: 1  CONDITION APPLIES","1: 1  CONDITION APPLIES","NO","MALE","MALE"
1981,64735,3,1,3,33790,6,184,1,1,3,1,2,2,2,2,1,2,1,3,3,7,1,1,31,22,"Male","Non-Black / Non-Hispanic","South (AL, AR, DE, DC, FL, GA, KY, LA, MD, MS, NC, OK, SC, TN , TX, VA, WV)","High school diploma (Regular 12 year program)","In CBSA, in central city","NO","3: Mother","NO","NO","NO","NO","YES","0: 0  CONDITION DOES NOT APPLY","ALWAYS WITH RIGHT HAND","ALWAYS WITH RIGHT HAND","ALWAYS WITH RIGHT HAND","ALWAYS WITH RIGHT HAND","ALWAYS WITH LEFT HAND","1: 1  CONDITION APPLIES","1: 1  CONDITION APPLIES","NO","FEMALE","FEMALE"
1984,156100,3,0,2,33790,5,182,1,1,2,3,5,4,2,2,1,2,1,6,3,7,1,1,31,24,"Male","Black","Northeast (CT, ME, MA, NH, NJ, NY, PA, RI, VT)","Bachelor's degree (BA, BS)","In CBSA, in central city","NO","3: Mother","YES","NO","NO","NO","YES","0: 0  CONDITION DOES NOT APPLY","ALWAYS WITH RIGHT HAND","DON'T DO THIS ACTIVITY","ALWAYS WITH RIGHT HAND","ALWAYS WITH RIGHT HAND","ALWAYS WITH LEFT HAND","1: 1  CONDITION APPLIES","1: 1  CONDITION APPLIES","NO","MALE","MALE"
1982,64735,3,0,4,31000,5,183,1,2,6,4,4,4,2,2,2,2,1,6,1,6,1,1,31,20,"Male","Non-Black / Non-Hispanic","West (AK, AZ, CA, CO, HI, ID, MT, NV, NM, OR, UT, WA, WY)","Bachelor's degree (BA, BS)","In CBSA, not in central city","NO","3: Mother","YES","NO","NO","NO","YES","0: 0  CONDITION DOES NOT APPLY","ALWAYS WITH RIGHT HAND","ALWAYS WITH RIGHT HAND","ALWAYS WITH LEFT HAND","ALWAYS WITH RIGHT HAND","ALWAYS WITH LEFT HAND","1: 1  CONDITION APPLIES","1: 1  CONDITION APPLIES","YES","MALE","FEMALE"
1983,64735,3,0,5,33790,5,185,1,2,3,3,4,5,2,2,1,1,1,5,1,7,1,1,27,20,"Female","Non-Black / Non-Hispanic","North Central (IL, IN, IA, KS, MI, MN, MO, NE, OH, ND, SD, WI)","Bachelor's degree (BA, BS)","In CBSA, not in central city","NO","3: Mother","YES","NO","NO","NO","YES","0: 0  CONDITION DOES NOT APPLY","ALWAYS WITH RIGHT HAND","ALWAYS WITH RIGHT HAND","ALWAYS WITH RIGHT HAND","ALWAYS WITH RIGHT HAND","ALWAYS WITH LEFT HAND","1: 1  CONDITION APPLIES","0: 0  CONDITION DOES NOT APPLY","NO","FEMALE","MALE"
1984,87314,3,0,2,33790,6,187,1,2,2,4,4,4,2,2,1,2,1,5,4,5,1,1,30,23,"Male","Non-Black / Non-Hispanic","Northeast (CT, ME, MA, NH, NJ, NY, PA, RI, VT)","High school diploma (Regular 12 year program)","In CBSA, not in central city","NO","3: Mother","NO","YES","NO","NO","NO","0: 0  CONDITION DOES NOT APPLY","ALWAYS WITH RIGHT HAND","ALWAYS WITH RIGHT HAND","ALWAYS WITH RIGHT HAND","ALWAYS WITH RIGHT HAND","ALWAYS WITH LEFT HAND","1: 1  CONDITION APPLIES","1: 1  CONDITION APPLIES","NO","FEMALE","FEMALE"
1984,64735,4,1,2,33790,5,184,2,1,2,4,2,2,2,2,1,2,1,4,4,7,1,1,31,23,"Female","Non-Black / Non-Hispanic","West (AK, AZ, CA, CO, HI, ID, MT, NV, NM, OR, UT, WA, WY)","Bachelor's degree (BA, BS)","In CBSA, not in central city","NO","3: Mother","YES","NO","NO","NO","YES","1: 1  CONDITION APPLIES","ALWAYS WITH RIGHT HAND","ALWAYS WITH RIGHT HAND","ALWAYS WITH RIGHT HAND","ALWAYS WITH RIGHT HAND","ALWAYS WITH LEFT HAND","1: 1  CONDITION APPLIES","1: 1  CONDITION APPLIES","NO","FEMALE","FEMALE"
1984,64735,3,0,2,33790,5,183,2,1,2,4,4,3,2,2,2,2,1,5,3,7,1,1,30,20,"Male","Hispanic","North Central (IL, IN, IA, KS, MI, MN, MO, NE, OH, ND, SD, WI)","High school diploma (Regular 12 year program)","In CBSA, in central city","NO","3: Mother","YES","NO","YES","NO","YES","0: 0  CONDITION DOES NOT APPLY","ALWAYS WITH RIGHT HAND","ALWAYS WITH RIGHT HAND","ALWAYS WITH RIGHT HAND","ALWAYS WITH RIGHT HAND","ALWAYS WITH LEFT HAND","1: 1  CONDITION APPLIES","1: 1  CONDITION APPLIES","NO","FEMALE","FEMALE"
1982,64735,7,3,1,33790,5,182,1,2,4,3,3,5,2,2,1,2,2,6,2,7,1,1,22,2,"Female","Non-Black / Non-Hispanic","North Central (IL, IN, IA, KS, MI, MN, MO, NE, OH, ND, SD, WI)","Bachelor's degree (BA, BS)","In CBSA, not in central city","NO","3: Mother","YES","NO","NO","NO","YES","0: 0  CONDITION DOES NOT APPLY","ALWAYS WITH RIGHT HAND","DON'T DO THIS ACTIVITY","ALWAYS WITH RIGHT HAND","ALWAYS WITH LEFT HAND","ALWAYS WITH RIGHT HAND","1: 1  CONDITION APPLIES","1: 1  CONDITION APPLIES","NO","MALE","MALE"
1983,64735,2,0,2,33790,5,183,1,1,1,9,6,3,2,2,1,2,1,4,1,7,1,1,32,21,"Female","Black","South (AL, AR, DE, DC, FL, GA, KY, LA, MD, MS, NC, OK, SC, TN , TX, VA, WV)","High school diploma (Regular 12 year program)","In CBSA, not in central city","NO","3: Mother","NO","YES","NO","NO","YES","0: 0  CONDITION DOES NOT APPLY","ALWAYS WITH RIGHT HAND","ALWAYS WITH RIGHT HAND","ALWAYS WITH RIGHT HAND","ALWAYS WITH RIGHT HAND","ALWAYS WITH LEFT HAND","1: 1  CONDITION APPLIES","0: 0  CONDITION DOES NOT APPLY","NO","MALE","FEMALE"
1984,64735,4,0,3,33790,5,300,1,1,3,8,1,2,2,2,1,2,1,4,1,6,1,1,35,23,"Male","Hispanic","West (AK, AZ, CA, CO, HI, ID, MT, NV, NM, OR, UT, WA, WY)","High school diploma (Regular 12 year program)","In CBSA, not in central city","NO","3: Mother","YES","NO","NO","NO","YES","1: 1  CONDITION APPLIES","ALWAYS WITH RIGHT HAND","ALWAYS WITH RIGHT HAND","ALWAYS WITH RIGHT HAND","ALWAYS WITH RIGHT HAND","ALWAYS WITH LEFT HAND","1: 1  CONDITION APPLIES","1: 1  CONDITION APPLIES","YES","FEMALE","FEMALE"
1981,64735,3,1,2,33790,6,184,1,1,5,6,3,5,2,2,1,2,1,9,5,5,1,1,24,19,"Female","Black","North Central (IL, IN, IA, KS, MI, MN, MO, NE, OH, ND, SD, WI)","GED","In CBSA, in central city","NO","3: Mother","YES","YES","YES","NO","NO","0: 0  CONDITION DOES NOT APPLY","ALWAYS WITH RIGHT HAND","ALWAYS WITH RIGHT HAND","ALWAYS WITH RIGHT HAND","ALWAYS WITH RIGHT HAND","ALWAYS WITH RIGHT HAND","1: 1  CONDITION APPLIES","0: 0  CONDITION DOES NOT APPLY","NO","FEMALE","MALE"
1983,64735,4,1,2,33790,6,185,1,3,3,3,1,6,2,2,1,1,2,3,4,6,1,1,6,14,"Male","Black","Northeast (CT, ME, MA, NH, NJ, NY, PA, RI, VT)","GED","In CBSA, not in central city","NO","3: Mother","YES","YES","NO","NO","NO","0: 0  CONDITION DOES NOT APPLY","ALWAYS WITH RIGHT HAND","ALWAYS WITH RIGHT HAND","ALWAYS WITH RIGHT HAND","ALWAYS WITH RIGHT HAND","ALWAYS WITH LEFT HAND","1: 1  CONDITION APPLIES","0: 0  CONDITION DOES NOT APPLY","NO","FEMALE","FEMALE"
1982,64735,3,0,2,66000,5,181,1,1,2,3,6,4,2,2,1,2,1,5,2,8,1,1,34,24,"Male","Black","South (AL, AR, DE, DC, FL, GA, KY, LA, MD, MS, NC, OK, SC, TN , TX, VA, WV)","Bachelor's degree (BA, BS)","In CBSA, not in central city","NO","3: Mother","YES","YES","NO","NO","YES","0: 0  CONDITION DOES NOT APPLY","ALWAYS WITH RIGHT HAND","ALWAYS WITH RIGHT HAND","USUALLY WITH BOTH HANDS EQUALLY","ALWAYS WITH RIGHT HAND","ALWAYS WITH LEFT HAND","1: 1  CONDITION APPLIES","1: 1  CONDITION APPLIES","NO","FEMALE","MALE"
1982,64735,3,0,1,33790,6,180,1,1,2,3,1,5,2,2,2,2,1,4,1,7,1,1,36,22,"Male","Hispanic","South (AL, AR, DE, DC, FL, GA, KY, LA, MD, MS, NC, OK, SC, TN , TX, VA, WV)","High school diploma (Regular 12 year program)","In CBSA, not in central city","NO","3: Mother","NO","NO","NO","NO","YES","1: 1  CONDITION APPLIES","ALWAYS WITH RIGHT HAND","ALWAYS WITH RIGHT HAND","ALWAYS WITH RIGHT HAND","ALWAYS WITH RIGHT HAND","USUALLY WITH LEFT HAND","1: 1  CONDITION APPLIES","1: 1  CONDITION APPLIES","YES","MALE","FEMALE"
1983,66000,3,0,1,33790,5,182,1,2,4,3,2,2,1,2,1,2,1,4,3,6,1,1,28,21,"Male","Hispanic","West (AK, AZ, CA, CO, HI, ID, MT, NV, NM, OR, UT, WA, WY)","High school diploma (Regular 12 year program)","In CBSA, not in central city","NO","3: Mother","YES","YES","NO","NO","NO","0: 0  CONDITION DOES NOT APPLY","ALWAYS WITH RIGHT HAND","ALWAYS WITH RIGHT HAND","ALWAYS WITH RIGHT HAND","ALWAYS WITH RIGHT HAND","ALWAYS WITH LEFT HAND","1: 1  CONDITION APPLIES","1: 1  CONDITION APPLIES","NO","FEMALE","FEMALE"
1983,64735,3,0,2,33790,5,175,2,2,3,2,2,5,1,2,1,1,1,3,1,6,1,1,25,21,"Female","Black","Northeast (CT, ME, MA, NH, NJ, NY, PA, RI, VT)","High school diploma (Regular 12 year program)","In CBSA, in central city","NO","3: Mother","YES","NO","NO","NO","YES","0: 0  CONDITION DOES NOT APPLY","ALWAYS WITH RIGHT HAND","ALWAYS WITH RIGHT HAND","ALWAYS WITH RIGHT HAND","ALWAYS WITH RIGHT HAND","ALWAYS WITH LEFT HAND","1: 1  CONDITION APPLIES","1: 1  CONDITION APPLIES","NO","MALE","MALE"
1983,64735,4,0,3,33790,6,183,2,2,4,3,3,2,2,2,2,2,1,4,2,7,1,1,30,23,"Female","Hispanic","West (AK, AZ, CA, CO, HI, ID, MT, NV, NM, OR, UT, WA, WY)","Master's degree (MA, MS)","In CBSA, not in central city","NO","3: Mother","YES","NO","NO","NO","YES","0: 0  CONDITION DOES NOT APPLY","ALWAYS WITH RIGHT HAND","ALWAYS WITH RIGHT HAND","ALWAYS WITH RIGHT HAND","ALWAYS WITH RIGHT HAND","ALWAYS WITH LEFT HAND","1: 1  CONDITION APPLIES","1: 1  CONDITION APPLIES","NO","FEMALE","MALE"
1984,64735,5,1,3,33790,5,180,1,2,1,2,2,2,2,1,1,1,1,6,3,6,1,1,32,21,"Male","Non-Black / Non-Hispanic","South (AL, AR, DE, DC, FL, GA, KY, LA, MD, MS, NC, OK, SC, TN , TX, VA, WV)","None","In CBSA, not in central city","NO","3: Mother","YES","NO","NO","NO","YES","0: 0  CONDITION DOES NOT APPLY","ALWAYS WITH RIGHT HAND","ALWAYS WITH RIGHT HAND","ALWAYS WITH RIGHT HAND","ALWAYS WITH RIGHT HAND","ALWAYS WITH LEFT HAND","1: 1  CONDITION APPLIES","1: 1  CONDITION APPLIES","NO","FEMALE","FEMALE"
1982,64735,3,0,2,33790,5,182,1,1,2,4,4,4,2,2,1,1,1,4,2,7,1,1,28,20,"Male","Non-Black / Non-Hispanic","South (AL, AR, DE, DC, FL, GA, KY, LA, MD, MS, NC, OK, SC, TN , TX, VA, WV)","Professional degree (DDS, JD, MD)","In CBSA, not in central city","NO","3: Mother","YES","NO","NO","NO","YES","0: 0  CONDITION DOES NOT APPLY","ALWAYS WITH RIGHT HAND","ALWAYS WITH RIGHT HAND","ALWAYS WITH RIGHT HAND","ALWAYS WITH RIGHT HAND","ALWAYS WITH LEFT HAND","1: 1  CONDITION APPLIES","1: 1  CONDITION APPLIES","NO","MALE","MALE"
1982,64735,1,0,4,33790,5,180,1,2,1,3,4,4,1,2,1,1,1,2,2,6,1,1,36,18,"Male","Non-Black / Non-Hispanic","South (AL, AR, DE, DC, FL, GA, KY, LA, MD, MS, NC, OK, SC, TN , TX, VA, WV)","Bachelor's degree (BA, BS)","In CBSA, not in central city","NO","3: Mother","YES","NO","NO","NO","YES","0: 0  CONDITION DOES NOT APPLY","ALWAYS WITH RIGHT HAND","ALWAYS WITH RIGHT HAND","ALWAYS WITH RIGHT HAND","ALWAYS WITH RIGHT HAND","ALWAYS WITH LEFT HAND","1: 1  CONDITION APPLIES","0: 0  CONDITION DOES NOT APPLY","NO","FEMALE","MALE"
1983,21500,3,0,3,33790,5,183,1,1,1,5,4,3,2,2,1,2,2,6,2,7,1,2,31,21,"Female","Non-Black / Non-Hispanic","South (AL, AR, DE, DC, FL, GA, KY, LA, MD, MS, NC, OK, SC, TN , TX, VA, WV)","Bachelor's degree (BA, BS)","In CBSA, not in central city","NO","3: Mother","NO","YES","NO","NO","NO","0: 0  CONDITION DOES NOT APPLY","ALWAYS WITH RIGHT HAND","USUALLY WITH RIGHT HAND","ALWAYS WITH RIGHT HAND","ALWAYS WITH RIGHT HAND","ALWAYS WITH LEFT HAND","1: 1  CONDITION APPLIES","1: 1  CONDITION APPLIES","NO","MALE","FEMALE"
1984,64735,3,1,2,32000,5,183,1,1,5,3,3,5,2,2,1,1,2,2,2,6,1,1,33,22,"Female","Non-Black / Non-Hispanic","West (AK, AZ, CA, CO, HI, ID, MT, NV, NM, OR, UT, WA, WY)","GED","In CBSA, not in central city","NO","3: Mother","YES","NO","NO","NO","YES","0: 0  CONDITION DOES NOT APPLY","ALWAYS WITH RIGHT HAND","USUALLY WITH RIGHT HAND","ALWAYS WITH RIGHT HAND","ALWAYS WITH RIGHT HAND","ALWAYS WITH LEFT HAND","1: 1  CONDITION APPLIES","1: 1  CONDITION APPLIES","NO","FEMALE","MALE"
1980,64735,1,0,3,33790,5,183,1,1,2,4,5,5,2,2,1,2,1,6,4,8,1,1,28,23,"Male","Non-Black / Non-Hispanic","Northeast (CT, ME, MA, NH, NJ, NY, PA, RI, VT)","High school diploma (Regular 12 year program)","In CBSA, not in central city","NO","3: Mother","YES","NO","NO","NO","YES","0: 0  CONDITION DOES NOT APPLY","ALWAYS WITH RIGHT HAND","ALWAYS WITH LEFT HAND","ALWAYS WITH LEFT HAND","ALWAYS WITH LEFT HAND","ALWAYS WITH RIGHT HAND","1: 1  CONDITION APPLIES","1: 1  CONDITION APPLIES","NO","MALE","MALE"
1984,64735,5,1,3,33790,5,181,1,1,2,6,2,3,2,2,2,2,1,3,1,8,1,1,28,20,"Male","Non-Black / Non-Hispanic","South (AL, AR, DE, DC, FL, GA, KY, LA, MD, MS, NC, OK, SC, TN , TX, VA, WV)","Bachelor's degree (BA, BS)","In CBSA, not in central city","NO","3: Mother","NO","YES","YES","NO","YES","0: 0  CONDITION DOES NOT APPLY","ALWAYS WITH RIGHT HAND","ALWAYS WITH RIGHT HAND","ALWAYS WITH RIGHT HAND","USUALLY WITH BOTH HANDS EQUALLY","ALWAYS WITH LEFT HAND","1: 1  CONDITION APPLIES","0: 0  CONDITION DOES NOT APPLY","NO","FEMALE","MALE"
1981,64735,2,0,3,33790,5,125,3,2,1,1,1,2,1,2,1,2,1,4,1,8,1,1,31,20,"Male","Non-Black / Non-Hispanic","South (AL, AR, DE, DC, FL, GA, KY, LA, MD, MS, NC, OK, SC, TN , TX, VA, WV)","High school diploma (Regular 12 year program)","In CBSA, in central city","NO","3: Mother","YES","YES","NO","NO","YES","0: 0  CONDITION DOES NOT APPLY","ALWAYS WITH RIGHT HAND","ALWAYS WITH RIGHT HAND","ALWAYS WITH RIGHT HAND","ALWAYS WITH RIGHT HAND","ALWAYS WITH LEFT HAND","1: 1  CONDITION APPLIES","1: 1  CONDITION APPLIES","NO","FEMALE","FEMALE"
1981,64735,4,0,2,33790,5,183,1,1,2,4,2,6,1,1,2,2,1,5,3,7,1,1,33,22,"Male","Hispanic","South (AL, AR, DE, DC, FL, GA, KY, LA, MD, MS, NC, OK, SC, TN , TX, VA, WV)","High school diploma (Regular 12 year program)","In CBSA, not in central city","NO","3: Mother","YES","NO","NO","YES","YES","0: 0  CONDITION DOES NOT APPLY","ALWAYS WITH RIGHT HAND","ALWAYS WITH RIGHT HAND","ALWAYS WITH RIGHT HAND","USUALLY WITH RIGHT HAND","ALWAYS WITH LEFT HAND","1: 1  CONDITION APPLIES","1: 1  CONDITION APPLIES","NO","FEMALE","MALE"
1981,64735,4,0,1,33790,5,160,1,1,3,3,2,4,2,2,1,2,1,6,2,7,1,1,31,20,"Female","Non-Black / Non-Hispanic","Northeast (CT, ME, MA, NH, NJ, NY, PA, RI, VT)","Bachelor's degree (BA, BS)","In CBSA, not in central city","NO","3: Mother","YES","YES","NO","NO","YES","0: 0  CONDITION DOES NOT APPLY","ALWAYS WITH RIGHT HAND","ALWAYS WITH RIGHT HAND","ALWAYS WITH RIGHT HAND","ALWAYS WITH RIGHT HAND","ALWAYS WITH RIGHT HAND","0: 0  CONDITION DOES NOT APPLY","1: 1  CONDITION APPLIES","NO","MALE","MALE"
1981,64735,2,0,3,33790,5,181,1,2,3,3,2,2,2,2,2,1,1,3,3,8,1,1,28,20,"Male","Hispanic","South (AL, AR, DE, DC, FL, GA, KY, LA, MD, MS, NC, OK, SC, TN , TX, VA, WV)","None","In CBSA, in central city","YES","3: Mother","NO","NO","NO","NO","NO","0: 0  CONDITION DOES NOT APPLY","ALWAYS WITH RIGHT HAND","ALWAYS WITH RIGHT HAND","DON'T DO THIS ACTIVITY","ALWAYS WITH RIGHT HAND","ALWAYS WITH LEFT HAND","1: 1  CONDITION APPLIES","1: 1  CONDITION APPLIES","YES","MALE","MALE"
1981,64735,2,1,4,33790,5,184,2,1,3,4,4,3,2,1,1,2,1,5,1,7,1,1,1,14,"Male","Non-Black / Non-Hispanic","South (AL, AR, DE, DC, FL, GA, KY, LA, MD, MS, NC, OK, SC, TN , TX, VA, WV)","High school diploma (Regular 12 year program)","In CBSA, not in central city","NO","3: Mother","YES","NO","NO","NO","YES","0: 0  CONDITION DOES NOT APPLY","ALWAYS WITH RIGHT HAND","ALWAYS WITH RIGHT HAND","ALWAYS WITH RIGHT HAND","ALWAYS WITH RIGHT HAND","ALWAYS WITH LEFT HAND","1: 1  CONDITION APPLIES","1: 1  CONDITION APPLIES","NO","FEMALE","FEMALE"
1983,64735,2,1,5,33790,5,178,1,1,1,4,5,3,1,2,1,2,2,6,8,7,1,1,31,20,"Female","Black","North Central (IL, IN, IA, KS, MI, MN, MO, NE, OH, ND, SD, WI)","High school diploma (Regular 12 year program)","In CBSA, in central city","YES","3: Mother","YES","NO","YES","NO","YES","0: 0  CONDITION DOES NOT APPLY","ALWAYS WITH RIGHT HAND","ALWAYS WITH RIGHT HAND","ALWAYS WITH LEFT HAND","ALWAYS WITH RIGHT HAND","ALWAYS WITH LEFT HAND","1: 1  CONDITION APPLIES","1: 1  CONDITION APPLIES","NO","MALE","FEMALE"
1982,64735,5,0,2,33790,5,182,1,1,2,2,4,7,2,1,2,2,1,5,1,9,1,1,35,29,"Male","Black","South (AL, AR, DE, DC, FL, GA, KY, LA, MD, MS, NC, OK, SC, TN , TX, VA, WV)","High school diploma (Regular 12 year program)","In CBSA, not in central city","YES","3: Mother","NO","NO","NO","NO","YES","0: 0  CONDITION DOES NOT APPLY","ALWAYS WITH RIGHT HAND","ALWAYS WITH RIGHT HAND","ALWAYS WITH RIGHT HAND","ALWAYS WITH RIGHT HAND","ALWAYS WITH LEFT HAND","1: 1  CONDITION APPLIES","1: 1  CONDITION APPLIES","NO","FEMALE","MALE"
1983,64735,3,0,1,33790,5,135,1,1,6,4,4,3,2,2,2,1,1,5,2,7,1,1,33,23,"Male","Non-Black / Non-Hispanic","Northeast (CT, ME, MA, NH, NJ, NY, PA, RI, VT)","GED","In CBSA, in central city","NO","3: Mother","YES","NO","YES","NO","YES","0: 0  CONDITION DOES NOT APPLY","ALWAYS WITH RIGHT HAND","ALWAYS WITH RIGHT HAND","ALWAYS WITH RIGHT HAND","ALWAYS WITH RIGHT HAND","ALWAYS WITH LEFT HAND","1: 1  CONDITION APPLIES","1: 1  CONDITION APPLIES","NO","MALE","MALE"
1980,64735,3,0,2,33790,5,182,1,1,3,3,4,3,2,2,2,2,1,6,3,6,1,1,34,23,"Female","Non-Black / Non-Hispanic","South (AL, AR, DE, DC, FL, GA, KY, LA, MD, MS, NC, OK, SC, TN , TX, VA, WV)","High school diploma (Regular 12 year program)","In CBSA, not in central city","YES","3: Mother","YES","NO","NO","NO","YES","0: 0  CONDITION DOES NOT APPLY","ALWAYS WITH RIGHT HAND","ALWAYS WITH RIGHT HAND","ALWAYS WITH RIGHT HAND","ALWAYS WITH RIGHT HAND","ALWAYS WITH LEFT HAND","1: 1  CONDITION APPLIES","1: 1  CONDITION APPLIES","NO","MALE","MALE"
1983,64735,3,1,2,33790,5,125,1,1,2,3,4,5,2,2,1,2,1,1,3,6,1,1,25,17,"Female","Non-Black / Non-Hispanic","Northeast (CT, ME, MA, NH, NJ, NY, PA, RI, VT)","Professional degree (DDS, JD, MD)","In CBSA, not in central city","NO","3: Mother","NO","NO","NO","NO","YES","0: 0  CONDITION DOES NOT APPLY","ALWAYS WITH RIGHT HAND","ALWAYS WITH RIGHT HAND","ALWAYS WITH RIGHT HAND","USUALLY WITH BOTH HANDS EQUALLY","ALWAYS WITH LEFT HAND","1: 1  CONDITION APPLIES","1: 1  CONDITION APPLIES","NO","FEMALE","FEMALE"
1983,64735,3,0,2,33790,5,182,1,2,5,4,5,4,2,2,2,2,1,6,2,6,1,1,30,22,"Female","Non-Black / Non-Hispanic","South (AL, AR, DE, DC, FL, GA, KY, LA, MD, MS, NC, OK, SC, TN , TX, VA, WV)","Associate/Junior college (AA)","In CBSA, not in central city","NO","3: Mother","YES","NO","NO","NO","YES","0: 0  CONDITION DOES NOT APPLY","ALWAYS WITH RIGHT HAND","ALWAYS WITH RIGHT HAND","ALWAYS WITH RIGHT HAND","ALWAYS WITH RIGHT HAND","ALWAYS WITH RIGHT HAND","1: 1  CONDITION APPLIES","1: 1  CONDITION APPLIES","NO","MALE","MALE"
1983,64735,2,0,2,33790,6,186,1,1,2,4,3,3,2,2,1,2,1,2,2,6,1,1,40,60,"Male","Non-Black / Non-Hispanic","South (AL, AR, DE, DC, FL, GA, KY, LA, MD, MS, NC, OK, SC, TN , TX, VA, WV)","High school diploma (Regular 12 year program)","In CBSA, not in central city","YES","3: Mother","YES","YES","NO","NO","YES","0: 0  CONDITION DOES NOT APPLY","ALWAYS WITH RIGHT HAND","ALWAYS WITH RIGHT HAND","ALWAYS WITH RIGHT HAND","ALWAYS WITH RIGHT HAND","ALWAYS WITH LEFT HAND","1: 1  CONDITION APPLIES","1: 1  CONDITION APPLIES","NO","FEMALE","MALE"
1981,64735,4,0,2,33790,5,181,1,1,3,5,2,4,1,1,2,2,2,6,3,6,1,1,27,17,"Female","Non-Black / Non-Hispanic","South (AL, AR, DE, DC, FL, GA, KY, LA, MD, MS, NC, OK, SC, TN , TX, VA, WV)","GED","In CBSA, not in central city","NO","3: Mother","NO","NO","NO","NO","YES","0: 0  CONDITION DOES NOT APPLY","ALWAYS WITH RIGHT HAND","ALWAYS WITH RIGHT HAND","ALWAYS WITH RIGHT HAND","ALWAYS WITH RIGHT HAND","ALWAYS WITH LEFT HAND","1: 1  CONDITION APPLIES","1: 1  CONDITION APPLIES","YES","FEMALE","MALE"
1984,65197,3,0,5,33790,5,165,1,2,5,4,4,6,2,2,1,1,1,1,1,6,1,1,31,18,"Female","Non-Black / Non-Hispanic","Northeast (CT, ME, MA, NH, NJ, NY, PA, RI, VT)","Bachelor's degree (BA, BS)","In CBSA, not in central city","NO","3: Mother","YES","NO","NO","NO","YES","0: 0  CONDITION DOES NOT APPLY","ALWAYS WITH RIGHT HAND","ALWAYS WITH RIGHT HAND","ALWAYS WITH RIGHT HAND","USUALLY WITH BOTH HANDS EQUALLY","ALWAYS WITH LEFT HAND","0: 0  CONDITION DOES NOT APPLY","1: 1  CONDITION APPLIES","NO","FEMALE","MALE"
1984,63000,4,1,2,33790,5,184,1,3,2,1,5,3,1,2,2,2,1,6,1,4,1,1,29,20,"Male","Hispanic","South (AL, AR, DE, DC, FL, GA, KY, LA, MD, MS, NC, OK, SC, TN , TX, VA, WV)","High school diploma (Regular 12 year program)","In CBSA, not in central city","NO","3: Mother","YES","YES","NO","NO","NO","0: 0  CONDITION DOES NOT APPLY","ALWAYS WITH RIGHT HAND","ALWAYS WITH RIGHT HAND","ALWAYS WITH RIGHT HAND","ALWAYS WITH RIGHT HAND","ALWAYS WITH LEFT HAND","1: 1  CONDITION APPLIES","1: 1  CONDITION APPLIES","NO","MALE","FEMALE"
1985,64735,3,1,1,33790,5,181,1,1,3,3,2,3,2,2,1,2,1,6,2,7,1,1,29,20,"Male","Black","South (AL, AR, DE, DC, FL, GA, KY, LA, MD, MS, NC, OK, SC, TN , TX, VA, WV)","Bachelor's degree (BA, BS)","In CBSA, not in central city","NO","3: Mother","YES","NO","NO","NO","YES","0: 0  CONDITION DOES NOT APPLY","ALWAYS WITH RIGHT HAND","ALWAYS WITH RIGHT HAND","ALWAYS WITH RIGHT HAND","ALWAYS WITH RIGHT HAND","ALWAYS WITH RIGHT HAND","1: 1  CONDITION APPLIES","1: 1  CONDITION APPLIES","NO","MALE","MALE"
1983,64735,2,0,1,33790,5,178,1,2,3,3,5,5,2,2,1,2,2,6,2,5,1,1,34,20,"Female","Non-Black / Non-Hispanic","South (AL, AR, DE, DC, FL, GA, KY, LA, MD, MS, NC, OK, SC, TN , TX, VA, WV)","Master's degree (MA, MS)","In CBSA, not in central city","NO","3: Mother","YES","NO","YES","NO","YES","0: 0  CONDITION DOES NOT APPLY","ALWAYS WITH RIGHT HAND","ALWAYS WITH RIGHT HAND","ALWAYS WITH RIGHT HAND","ALWAYS WITH RIGHT HAND","USUALLY WITH LEFT HAND","1: 1  CONDITION APPLIES","1: 1  CONDITION APPLIES","NO","MALE","FEMALE"
1983,64735,2,0,3,33790,5,182,1,1,2,1,4,2,2,2,1,2,1,5,3,7,1,1,32,21,"Female","Non-Black / Non-Hispanic","Northeast (CT, ME, MA, NH, NJ, NY, PA, RI, VT)","Bachelor's degree (BA, BS)","Not in CBSA","NO","3: Mother","NO","YES","NO","NO","YES","0: 0  CONDITION DOES NOT APPLY","ALWAYS WITH RIGHT HAND","ALWAYS WITH RIGHT HAND","ALWAYS WITH RIGHT HAND","ALWAYS WITH RIGHT HAND","ALWAYS WITH LEFT HAND","1: 1  CONDITION APPLIES","0: 0  CONDITION DOES NOT APPLY","NO","FEMALE","MALE"
1984,64735,3,0,1,33790,5,183,1,2,1,3,5,5,2,2,2,2,1,4,2,6,1,1,31,22,"Male","Non-Black / Non-Hispanic","South (AL, AR, DE, DC, FL, GA, KY, LA, MD, MS, NC, OK, SC, TN , TX, VA, WV)","High school diploma (Regular 12 year program)","In CBSA, not in central city","NO","3: Mother","YES","YES","NO","NO","YES","0: 0  CONDITION DOES NOT APPLY","ALWAYS WITH RIGHT HAND","ALWAYS WITH RIGHT HAND","ALWAYS WITH RIGHT HAND","ALWAYS WITH RIGHT HAND","ALWAYS WITH LEFT HAND","1: 1  CONDITION APPLIES","1: 1  CONDITION APPLIES","NO","FEMALE","FEMALE"
1985,64735,2,0,2,33790,5,183,1,2,1,4,2,4,2,2,1,2,1,3,3,7,1,1,36,23,"Female","Non-Black / Non-Hispanic","South (AL, AR, DE, DC, FL, GA, KY, LA, MD, MS, NC, OK, SC, TN , TX, VA, WV)","GED","In CBSA, not in central city","YES","3: Mother","NO","NO","NO","NO","YES","1: 1  CONDITION APPLIES","ALWAYS WITH RIGHT HAND","ALWAYS WITH RIGHT HAND","ALWAYS WITH RIGHT HAND","ALWAYS WITH RIGHT HAND","ALWAYS WITH RIGHT HAND","1: 1  CONDITION APPLIES","1: 1  CONDITION APPLIES","NO","MALE","MALE"
1983,64735,4,0,1,33790,5,182,1,1,4,3,5,5,2,2,2,2,1,1,2,8,1,1,26,19,"Male","Non-Black / Non-Hispanic","South (AL, AR, DE, DC, FL, GA, KY, LA, MD, MS, NC, OK, SC, TN , TX, VA, WV)","High school diploma (Regular 12 year program)","In CBSA, in central city","NO","3: Mother","NO","YES","NO","YES","NO","0: 0  CONDITION DOES NOT APPLY","ALWAYS WITH RIGHT HAND","ALWAYS WITH RIGHT HAND","ALWAYS WITH RIGHT HAND","ALWAYS WITH RIGHT HAND","ALWAYS WITH LEFT HAND","0: 0  CONDITION DOES NOT APPLY","1: 1  CONDITION APPLIES","NO","FEMALE","MALE"
1981,64735,4,1,2,33790,5,183,1,2,3,5,3,5,2,2,1,2,1,6,2,7,1,1,29,20,"Male","Non-Black / Non-Hispanic","North Central (IL, IN, IA, KS, MI, MN, MO, NE, OH, ND, SD, WI)","High school diploma (Regular 12 year program)","In CBSA, not in central city","NO","3: Mother","YES","YES","NO","NO","YES","0: 0  CONDITION DOES NOT APPLY","ALWAYS WITH RIGHT HAND","ALWAYS WITH RIGHT HAND","ALWAYS WITH RIGHT HAND","ALWAYS WITH RIGHT HAND","ALWAYS WITH LEFT HAND","1: 1  CONDITION APPLIES","1: 1  CONDITION APPLIES","NO","FEMALE","MALE"
1984,64735,4,1,3,33790,5,184,1,3,2,5,4,5,1,2,1,2,1,3,2,5,1,1,32,18,"Male","Non-Black / Non-Hispanic","West (AK, AZ, CA, CO, HI, ID, MT, NV, NM, OR, UT, WA, WY)","High school diploma (Regular 12 year program)","In CBSA, not in central city","NO","3: Mother","NO","NO","NO","NO","NO","0: 0  CONDITION DOES NOT APPLY","ALWAYS WITH RIGHT HAND","ALWAYS WITH RIGHT HAND","ALWAYS WITH RIGHT HAND","ALWAYS WITH RIGHT HAND","ALWAYS WITH LEFT HAND","1: 1  CONDITION APPLIES","1: 1  CONDITION APPLIES","NO","FEMALE","FEMALE"
1980,8750,3,0,3,33790,5,125,1,2,2,4,6,6,2,2,1,2,1,7,3,7,1,1,31,22,"Female","Non-Black / Non-Hispanic","North Central (IL, IN, IA, KS, MI, MN, MO, NE, OH, ND, SD, WI)","High school diploma (Regular 12 year program)","In CBSA, not in central city","NO","3: Mother","YES","NO","NO","NO","YES","0: 0  CONDITION DOES NOT APPLY","ALWAYS WITH RIGHT HAND","ALWAYS WITH RIGHT HAND","ALWAYS WITH RIGHT HAND","ALWAYS WITH RIGHT HAND","ALWAYS WITH LEFT HAND","1: 1  CONDITION APPLIES","1: 1  CONDITION APPLIES","NO","FEMALE","MALE"
1984,64735,2,1,2,33790,5,185,3,2,4,4,1,2,1,2,2,2,2,5,4,6,2,1,20,3,"Female","Non-Black / Non-Hispanic","South (AL, AR, DE, DC, FL, GA, KY, LA, MD, MS, NC, OK, SC, TN , TX, VA, WV)","GED","In CBSA, not in central city","NO","3: Mother","NO","NO","NO","NO","YES","0: 0  CONDITION DOES NOT APPLY","ALWAYS WITH RIGHT HAND","ALWAYS WITH RIGHT HAND","ALWAYS WITH RIGHT HAND","ALWAYS WITH RIGHT HAND","ALWAYS WITH LEFT HAND","1: 1  CONDITION APPLIES","1: 1  CONDITION APPLIES","NO","MALE","FEMALE"
1984,64735,5,1,3,33790,5,138,2,1,1,3,1,4,2,2,1,1,1,9,3,7,1,1,30,21,"Male","Non-Black / Non-Hispanic","South (AL, AR, DE, DC, FL, GA, KY, LA, MD, MS, NC, OK, SC, TN , TX, VA, WV)","High school diploma (Regular 12 year program)","In CBSA, not in central city","NO","3: Mother","YES","YES","NO","NO","YES","0: 0  CONDITION DOES NOT APPLY","ALWAYS WITH RIGHT HAND","ALWAYS WITH RIGHT HAND","ALWAYS WITH RIGHT HAND","ALWAYS WITH RIGHT HAND","ALWAYS WITH LEFT HAND","1: 1  CONDITION APPLIES","1: 1  CONDITION APPLIES","NO","MALE","MALE"
1980,0,2,1,3,33790,5,186,1,2,1,5,2,3,1,1,1,2,1,4,3,5,1,1,30,20,"Female","Black","South (AL, AR, DE, DC, FL, GA, KY, LA, MD, MS, NC, OK, SC, TN , TX, VA, WV)","Bachelor's degree (BA, BS)","In CBSA, not in central city","NO","3: Mother","NO","NO","NO","NO","YES","0: 0  CONDITION DOES NOT APPLY","ALWAYS WITH RIGHT HAND","ALWAYS WITH RIGHT HAND","ALWAYS WITH RIGHT HAND","ALWAYS WITH RIGHT HAND","ALWAYS WITH LEFT HAND","1: 1  CONDITION APPLIES","1: 1  CONDITION APPLIES","NO","MALE","MALE"
1981,64735,4,1,4,33790,5,181,1,2,2,3,1,3,2,1,1,2,1,6,2,7,1,1,31,20,"Female","Non-Black / Non-Hispanic","West (AK, AZ, CA, CO, HI, ID, MT, NV, NM, OR, UT, WA, WY)","High school diploma (Regular 12 year program)","In CBSA, in central city","NO","3: Mother","YES","NO","NO","NO","NO","0: 0  CONDITION DOES NOT APPLY","ALWAYS WITH RIGHT HAND","ALWAYS WITH RIGHT HAND","ALWAYS WITH RIGHT HAND","ALWAYS WITH RIGHT HAND","ALWAYS WITH LEFT HAND","1: 1  CONDITION APPLIES","1: 1  CONDITION APPLIES","YES","FEMALE","FEMALE"
1987,800,4,0,2,50,5,188,1,2,1,4,3,1,2,2,2,1,2,1,2,8,1,1,47,26,"Male","Non-Black / Non-Hispanic","South (AL, AR, DE, DC, FL, GA, KY, LA, MD, MS, NC, OK, SC, TN , TX, VA, WV)","None","In CBSA, not in central city","NO","3: Mother","NO","YES","NO","NO","NO","1: 1  CONDITION APPLIES","ALWAYS WITH RIGHT HAND","ALWAYS WITH RIGHT HAND","ALWAYS WITH RIGHT HAND","USUALLY WITH BOTH HANDS EQUALLY","ALWAYS WITH LEFT HAND","1: 1  CONDITION APPLIES","0: 0  CONDITION DOES NOT APPLY","NO","FEMALE","FEMALE"
1981,64735,3,1,1,33790,5,182,1,2,3,4,4,3,2,2,1,2,1,6,2,7,1,2,33,22,"Female","Non-Black / Non-Hispanic","South (AL, AR, DE, DC, FL, GA, KY, LA, MD, MS, NC, OK, SC, TN , TX, VA, WV)","High school diploma (Regular 12 year program)","In CBSA, in central city","NO","3: Mother","YES","NO","YES","NO","YES","0: 0  CONDITION DOES NOT APPLY","ALWAYS WITH RIGHT HAND","ALWAYS WITH RIGHT HAND","USUALLY WITH RIGHT HAND","ALWAYS WITH RIGHT HAND","ALWAYS WITH LEFT HAND","1: 1  CONDITION APPLIES","1: 1  CONDITION APPLIES","NO","FEMALE","FEMALE"
1983,64735,5,1,3,33790,5,181,3,1,3,3,2,3,2,1,1,1,2,2,1,7,1,1,32,20,"Male","Black","South (AL, AR, DE, DC, FL, GA, KY, LA, MD, MS, NC, OK, SC, TN , TX, VA, WV)","None","In CBSA, in central city","NO","3: Mother","YES","YES","NO","NO","YES","0: 0  CONDITION DOES NOT APPLY","ALWAYS WITH RIGHT HAND","ALWAYS WITH RIGHT HAND","USUALLY WITH BOTH HANDS EQUALLY","ALWAYS WITH RIGHT HAND","ALWAYS WITH LEFT HAND","1: 1  CONDITION APPLIES","1: 1  CONDITION APPLIES","NO","FEMALE","FEMALE"
1983,64735,2,0,2,33790,5,182,1,1,1,4,2,2,2,2,1,2,2,6,5,8,1,1,29,21,"Female","Hispanic","South (AL, AR, DE, DC, FL, GA, KY, LA, MD, MS, NC, OK, SC, TN , TX, VA, WV)","Bachelor's degree (BA, BS)","In CBSA, in central city","NO","3: Mother","NO","YES","NO","NO","YES","0: 0  CONDITION DOES NOT APPLY","ALWAYS WITH RIGHT HAND","ALWAYS WITH RIGHT HAND","ALWAYS WITH RIGHT HAND","ALWAYS WITH RIGHT HAND","ALWAYS WITH LEFT HAND","1: 1  CONDITION APPLIES","1: 1  CONDITION APPLIES","NO","MALE","MALE"
1984,64735,2,1,3,33790,5,181,1,2,1,3,5,5,2,2,1,2,2,3,1,7,1,1,28,0,"Male","Non-Black / Non-Hispanic","West (AK, AZ, CA, CO, HI, ID, MT, NV, NM, OR, UT, WA, WY)","High school diploma (Regular 12 year program)","In CBSA, not in central city","NO","3: Mother","NO","NO","NO","NO","YES","0: 0  CONDITION DOES NOT APPLY","ALWAYS WITH RIGHT HAND","ALWAYS WITH RIGHT HAND","ALWAYS WITH RIGHT HAND","ALWAYS WITH RIGHT HAND","ALWAYS WITH LEFT HAND","1: 1  CONDITION APPLIES","1: 1  CONDITION APPLIES","NO","FEMALE","FEMALE"
1982,83550,3,1,1,33790,5,183,1,1,5,3,1,3,2,1,2,2,2,2,4,7,1,1,31,19,"Male","Non-Black / Non-Hispanic","West (AK, AZ, CA, CO, HI, ID, MT, NV, NM, OR, UT, WA, WY)","High school diploma (Regular 12 year program)","In CBSA, not in central city","NO","3: Mother","NO","NO","NO","NO","NO","0: 0  CONDITION DOES NOT APPLY","ALWAYS WITH RIGHT HAND","ALWAYS WITH RIGHT HAND","ALWAYS WITH RIGHT HAND","ALWAYS WITH RIGHT HAND","ALWAYS WITH LEFT HAND","1: 1  CONDITION APPLIES","1: 1  CONDITION APPLIES","NO","MALE","FEMALE"
1982,64735,3,0,2,33790,5,180,1,1,3,7,5,3,2,2,1,2,1,4,1,6,1,1,29,20,"Female","Hispanic","South (AL, AR, DE, DC, FL, GA, KY, LA, MD, MS, NC, OK, SC, TN , TX, VA, WV)","Bachelor's degree (BA, BS)","In CBSA, not in central city","NO","3: Mother","YES","NO","NO","NO","YES","0: 0  CONDITION DOES NOT APPLY","ALWAYS WITH RIGHT HAND","ALWAYS WITH RIGHT HAND","ALWAYS WITH RIGHT HAND","ALWAYS WITH RIGHT HAND","ALWAYS WITH LEFT HAND","1: 1  CONDITION APPLIES","1: 1  CONDITION APPLIES","NO","MALE","MALE"
1981,64735,3,1,1,33790,6,181,1,2,3,4,3,4,1,2,1,1,1,5,2,7,1,1,32,21,"Female","Black","South (AL, AR, DE, DC, FL, GA, KY, LA, MD, MS, NC, OK, SC, TN , TX, VA, WV)","None","In CBSA, in central city","YES","3: Mother","YES","NO","NO","NO","YES","0: 0  CONDITION DOES NOT APPLY","ALWAYS WITH RIGHT HAND","ALWAYS WITH RIGHT HAND","ALWAYS WITH RIGHT HAND","ALWAYS WITH RIGHT HAND","ALWAYS WITH LEFT HAND","1: 1  CONDITION APPLIES","1: 1  CONDITION APPLIES","NO","MALE","FEMALE"
1983,64735,3,0,2,33790,5,181,1,1,3,4,4,5,2,2,1,2,1,10,2,7,1,1,31,24,"Female","Black","South (AL, AR, DE, DC, FL, GA, KY, LA, MD, MS, NC, OK, SC, TN , TX, VA, WV)","Bachelor's degree (BA, BS)","In CBSA, not in central city","NO","3: Mother","YES","NO","NO","NO","YES","0: 0  CONDITION DOES NOT APPLY","ALWAYS WITH RIGHT HAND","ALWAYS WITH RIGHT HAND","ALWAYS WITH RIGHT HAND","USUALLY WITH BOTH HANDS EQUALLY","ALWAYS WITH LEFT HAND","1: 1  CONDITION APPLIES","1: 1  CONDITION APPLIES","NO","MALE","MALE"
1981,64735,5,1,1,33790,5,140,1,2,3,3,2,3,2,1,2,2,1,2,3,6,1,1,38,20,"Female","Non-Black / Non-Hispanic","South (AL, AR, DE, DC, FL, GA, KY, LA, MD, MS, NC, OK, SC, TN , TX, VA, WV)","None","In CBSA, not in central city","NO","3: Mother","YES","YES","YES","NO","YES","0: 0  CONDITION DOES NOT APPLY","ALWAYS WITH RIGHT HAND","ALWAYS WITH RIGHT HAND","ALWAYS WITH RIGHT HAND","ALWAYS WITH RIGHT HAND","ALWAYS WITH LEFT HAND","1: 1  CONDITION APPLIES","1: 1  CONDITION APPLIES","NO","MALE","FEMALE"
1980,48800,4,0,2,38800,5,184,2,1,3,6,4,4,2,2,2,2,1,7,2,7,1,1,33,28,"Female","Black","Northeast (CT, ME, MA, NH, NJ, NY, PA, RI, VT)","High school diploma (Regular 12 year program)","In CBSA, not in central city","YES","3: Mother","YES","NO","NO","NO","YES","0: 0  CONDITION DOES NOT APPLY","ALWAYS WITH RIGHT HAND","ALWAYS WITH RIGHT HAND","ALWAYS WITH RIGHT HAND","ALWAYS WITH RIGHT HAND","ALWAYS WITH LEFT HAND","1: 1  CONDITION APPLIES","1: 1  CONDITION APPLIES","NO","FEMALE","MALE"
1981,64735,3,1,3,33790,5,150,2,1,2,5,4,3,2,1,1,1,1,4,1,8,1,1,30,21,"Male","Non-Black / Non-Hispanic","North Central (IL, IN, IA, KS, MI, MN, MO, NE, OH, ND, SD, WI)","High school diploma (Regular 12 year program)","In CBSA, in central city","NO","3: Mother","YES","NO","NO","NO","YES","0: 0  CONDITION DOES NOT APPLY","ALWAYS WITH RIGHT HAND","ALWAYS WITH RIGHT HAND","ALWAYS WITH RIGHT HAND","ALWAYS WITH RIGHT HAND","ALWAYS WITH LEFT HAND","1: 1  CONDITION APPLIES","1: 1  CONDITION APPLIES","NO","FEMALE","MALE"
1984,64735,3,0,2,33790,5,183,1,1,2,3,7,2,2,2,1,2,1,6,1,7,1,1,51,84,"Male","Non-Black / Non-Hispanic","Northeast (CT, ME, MA, NH, NJ, NY, PA, RI, VT)","GED","In CBSA, in central city","YES","3: Mother","YES","YES","YES","NO","NO","0: 0  CONDITION DOES NOT APPLY","ALWAYS WITH RIGHT HAND","ALWAYS WITH RIGHT HAND","USUALLY WITH RIGHT HAND","ALWAYS WITH RIGHT HAND","ALWAYS WITH LEFT HAND","1: 1  CONDITION APPLIES","1: 1  CONDITION APPLIES","YES","FEMALE","MALE"
1984,64735,4,0,1,33790,6,179,1,1,1,3,3,5,2,2,1,2,1,6,1,6,1,1,31,20,"Male","Non-Black / Non-Hispanic","South (AL, AR, DE, DC, FL, GA, KY, LA, MD, MS, NC, OK, SC, TN , TX, VA, WV)","Bachelor's degree (BA, BS)","In CBSA, in central city","YES","3: Mother","NO","NO","NO","NO","YES","0: 0  CONDITION DOES NOT APPLY","ALWAYS WITH RIGHT HAND","ALWAYS WITH RIGHT HAND","ALWAYS WITH RIGHT HAND","ALWAYS WITH RIGHT HAND","ALWAYS WITH LEFT HAND","1: 1  CONDITION APPLIES","1: 1  CONDITION APPLIES","NO","MALE","FEMALE"
1983,64735,3,0,3,25000,5,183,2,1,2,4,1,5,2,2,2,2,1,6,3,6,1,1,31,21,"Female","Non-Black / Non-Hispanic","South (AL, AR, DE, DC, FL, GA, KY, LA, MD, MS, NC, OK, SC, TN , TX, VA, WV)","High school diploma (Regular 12 year program)","In CBSA, not in central city","YES","3: Mother","YES","NO","NO","NO","NO","0: 0  CONDITION DOES NOT APPLY","ALWAYS WITH RIGHT HAND","ALWAYS WITH RIGHT HAND","ALWAYS WITH RIGHT HAND","ALWAYS WITH RIGHT HAND","ALWAYS WITH LEFT HAND","1: 1  CONDITION APPLIES","1: 1  CONDITION APPLIES","NO","FEMALE","FEMALE"
1983,64735,2,0,1,12000,5,147,1,2,2,4,5,5,2,2,1,1,1,3,2,7,1,1,30,21,"Female","Non-Black / Non-Hispanic","Northeast (CT, ME, MA, NH, NJ, NY, PA, RI, VT)","High school diploma (Regular 12 year program)","In CBSA, not in central city","NO","3: Mother","YES","NO","YES","NO","NO","0: 0  CONDITION DOES NOT APPLY","ALWAYS WITH RIGHT HAND","USUALLY WITH BOTH HANDS EQUALLY","ALWAYS WITH RIGHT HAND","ALWAYS WITH RIGHT HAND","ALWAYS WITH LEFT HAND","1: 1  CONDITION APPLIES","1: 1  CONDITION APPLIES","NO","MALE","MALE"
1983,23750,2,0,1,33790,5,180,1,1,5,4,3,4,2,2,1,2,1,4,5,8,1,2,30,23,"Female","Non-Black / Non-Hispanic","North Central (IL, IN, IA, KS, MI, MN, MO, NE, OH, ND, SD, WI)","High school diploma (Regular 12 year program)","In CBSA, not in central city","NO","3: Mother","YES","NO","NO","NO","YES","0: 0  CONDITION DOES NOT APPLY","ALWAYS WITH RIGHT HAND","ALWAYS WITH RIGHT HAND","ALWAYS WITH RIGHT HAND","ALWAYS WITH RIGHT HAND","USUALLY WITH BOTH HANDS EQUALLY","1: 1  CONDITION APPLIES","1: 1  CONDITION APPLIES","NO","MALE","FEMALE"
1984,156100,3,0,3,33790,6,184,1,1,3,4,4,5,1,2,1,2,1,6,2,4,5,1,36,18,"Male","Non-Black / Non-Hispanic","South (AL, AR, DE, DC, FL, GA, KY, LA, MD, MS, NC, OK, SC, TN , TX, VA, WV)","Professional degree (DDS, JD, MD)","In CBSA, not in central city","NO","3: Mother","YES","NO","YES","NO","YES","0: 0  CONDITION DOES NOT APPLY","ALWAYS WITH RIGHT HAND","ALWAYS WITH RIGHT HAND","ALWAYS WITH RIGHT HAND","ALWAYS WITH RIGHT HAND","ALWAYS WITH LEFT HAND","1: 1  CONDITION APPLIES","1: 1  CONDITION APPLIES","NO","MALE","FEMALE"
1984,64735,3,0,3,33790,5,92,1,1,1,3,4,3,2,2,2,2,1,6,2,8,1,1,32,24,"Female","Non-Black / Non-Hispanic","West (AK, AZ, CA, CO, HI, ID, MT, NV, NM, OR, UT, WA, WY)","Bachelor's degree (BA, BS)","In CBSA, in central city","NO","3: Mother","NO","YES","NO","NO","YES","0: 0  CONDITION DOES NOT APPLY","ALWAYS WITH RIGHT HAND","ALWAYS WITH RIGHT HAND","ALWAYS WITH RIGHT HAND","ALWAYS WITH RIGHT HAND","ALWAYS WITH LEFT HAND","0: 0  CONDITION DOES NOT APPLY","1: 1  CONDITION APPLIES","NO","FEMALE","MALE"
1984,64735,4,1,1,33790,5,180,1,1,2,3,1,5,2,2,2,2,1,4,3,7,1,1,31,20,"Male","Non-Black / Non-Hispanic","South (AL, AR, DE, DC, FL, GA, KY, LA, MD, MS, NC, OK, SC, TN , TX, VA, WV)","High school diploma (Regular 12 year program)","In CBSA, not in central city","NO","3: Mother","YES","NO","NO","NO","YES","0: 0  CONDITION DOES NOT APPLY","ALWAYS WITH RIGHT HAND","ALWAYS WITH RIGHT HAND","USUALLY WITH BOTH HANDS EQUALLY","ALWAYS WITH RIGHT HAND","DON'T DO THIS ACTIVITY","1: 1  CONDITION APPLIES","1: 1  CONDITION APPLIES","NO","FEMALE","FEMALE"
1983,64735,3,0,1,33790,5,181,1,1,2,3,3,5,2,2,1,2,1,3,2,7,1,1,30,21,"Male","Non-Black / Non-Hispanic","South (AL, AR, DE, DC, FL, GA, KY, LA, MD, MS, NC, OK, SC, TN , TX, VA, WV)","Bachelor's degree (BA, BS)","In CBSA, not in central city","NO","3: Mother","NO","NO","NO","NO","YES","0: 0  CONDITION DOES NOT APPLY","ALWAYS WITH RIGHT HAND","ALWAYS WITH RIGHT HAND","USUALLY WITH RIGHT HAND","ALWAYS WITH RIGHT HAND","USUALLY WITH LEFT HAND","1: 1  CONDITION APPLIES","1: 1  CONDITION APPLIES","NO","FEMALE","MALE"
1983,64735,2,0,3,33790,6,183,1,1,1,1,6,2,2,2,1,2,1,7,6,7,1,1,28,22,"Male","Non-Black / Non-Hispanic","South (AL, AR, DE, DC, FL, GA, KY, LA, MD, MS, NC, OK, SC, TN , TX, VA, WV)","Bachelor's degree (BA, BS)","In CBSA, not in central city","NO","3: Mother","NO","NO","YES","NO","YES","0: 0  CONDITION DOES NOT APPLY","ALWAYS WITH RIGHT HAND","ALWAYS WITH RIGHT HAND","ALWAYS WITH RIGHT HAND","ALWAYS WITH RIGHT HAND","ALWAYS WITH LEFT HAND","1: 1  CONDITION APPLIES","1: 1  CONDITION APPLIES","NO","FEMALE","MALE"
1984,64735,3,0,1,33790,5,183,2,1,5,3,4,5,2,1,1,1,1,6,2,5,2,2,29,26,"Female","Black","North Central (IL, IN, IA, KS, MI, MN, MO, NE, OH, ND, SD, WI)","Associate/Junior college (AA)","In CBSA, not in central city","NO","3: Mother","YES","NO","NO","NO","NO","0: 0  CONDITION DOES NOT APPLY","USUALLY WITH RIGHT HAND","USUALLY WITH RIGHT HAND","ALWAYS WITH LEFT HAND","ALWAYS WITH RIGHT HAND","ALWAYS WITH LEFT HAND","1: 1  CONDITION APPLIES","1: 1  CONDITION APPLIES","NO","MALE","MALE"
1983,64735,3,1,2,33790,5,182,1,1,3,5,3,8,2,2,1,1,1,7,3,9,1,1,28,22,"Female","Hispanic","West (AK, AZ, CA, CO, HI, ID, MT, NV, NM, OR, UT, WA, WY)","Bachelor's degree (BA, BS)","In CBSA, not in central city","YES","3: Mother","YES","YES","NO","NO","YES","0: 0  CONDITION DOES NOT APPLY","ALWAYS WITH RIGHT HAND","ALWAYS WITH RIGHT HAND","ALWAYS WITH RIGHT HAND","ALWAYS WITH RIGHT HAND","ALWAYS WITH LEFT HAND","1: 1  CONDITION APPLIES","1: 1  CONDITION APPLIES","NO","MALE","MALE"
1983,64735,2,0,2,28000,5,150,1,1,1,4,1,4,2,2,1,2,2,5,3,8,1,4,31,20,"Female","Non-Black / Non-Hispanic","South (AL, AR, DE, DC, FL, GA, KY, LA, MD, MS, NC, OK, SC, TN , TX, VA, WV)","High school diploma (Regular 12 year program)","In CBSA, not in central city","NO","3: Mother","YES","NO","NO","NO","YES","0: 0  CONDITION DOES NOT APPLY","ALWAYS WITH RIGHT HAND","ALWAYS WITH RIGHT HAND","ALWAYS WITH RIGHT HAND","ALWAYS WITH RIGHT HAND","ALWAYS WITH LEFT HAND","1: 1  CONDITION APPLIES","0: 0  CONDITION DOES NOT APPLY","NO","MALE","FEMALE"
1983,64735,3,1,1,33790,5,184,1,2,1,4,3,4,2,2,2,2,1,4,2,6,1,1,31,20,"Female","Black","South (AL, AR, DE, DC, FL, GA, KY, LA, MD, MS, NC, OK, SC, TN , TX, VA, WV)","High school diploma (Regular 12 year program)","In CBSA, not in central city","NO","3: Mother","NO","YES","NO","NO","YES","0: 0  CONDITION DOES NOT APPLY","ALWAYS WITH RIGHT HAND","ALWAYS WITH RIGHT HAND","ALWAYS WITH RIGHT HAND","ALWAYS WITH RIGHT HAND","ALWAYS WITH LEFT HAND","1: 1  CONDITION APPLIES","1: 1  CONDITION APPLIES","NO","FEMALE","MALE"
1982,64735,3,1,2,45000,5,181,1,1,1,3,3,4,2,2,2,2,2,4,4,7,1,1,29,20,"Male","Non-Black / Non-Hispanic","North Central (IL, IN, IA, KS, MI, MN, MO, NE, OH, ND, SD, WI)","Bachelor's degree (BA, BS)","In CBSA, not in central city","NO","3: Mother","NO","NO","NO","NO","YES","0: 0  CONDITION DOES NOT APPLY","ALWAYS WITH RIGHT HAND","ALWAYS WITH RIGHT HAND","ALWAYS WITH RIGHT HAND","ALWAYS WITH RIGHT HAND","ALWAYS WITH LEFT HAND","1: 1  CONDITION APPLIES","1: 1  CONDITION APPLIES","NO","MALE","FEMALE"
1984,48000,3,0,2,16000,5,183,1,1,1,5,3,4,2,2,2,2,1,4,3,7,1,1,30,22,"Male","Non-Black / Non-Hispanic","South (AL, AR, DE, DC, FL, GA, KY, LA, MD, MS, NC, OK, SC, TN , TX, VA, WV)","None","In CBSA, not in central city","NO","3: Mother","NO","NO","NO","NO","YES","0: 0  CONDITION DOES NOT APPLY","ALWAYS WITH RIGHT HAND","ALWAYS WITH RIGHT HAND","USUALLY WITH RIGHT HAND","USUALLY WITH RIGHT HAND","ALWAYS WITH LEFT HAND","1: 1  CONDITION APPLIES","1: 1  CONDITION APPLIES","NO","MALE","MALE"
1984,51250,5,1,1,33790,5,200,1,2,3,4,1,4,2,1,1,1,2,2,3,8,1,1,34,19,"Male","Non-Black / Non-Hispanic","South (AL, AR, DE, DC, FL, GA, KY, LA, MD, MS, NC, OK, SC, TN , TX, VA, WV)","High school diploma (Regular 12 year program)","In CBSA, not in central city","NO","3: Mother","NO","NO","YES","NO","YES","0: 0  CONDITION DOES NOT APPLY","ALWAYS WITH RIGHT HAND","ALWAYS WITH RIGHT HAND","ALWAYS WITH RIGHT HAND","ALWAYS WITH RIGHT HAND","USUALLY WITH LEFT HAND","1: 1  CONDITION APPLIES","1: 1  CONDITION APPLIES","NO","MALE","MALE"
1981,64735,3,0,3,33790,6,184,1,1,3,4,3,4,2,2,1,1,1,7,5,6,1,1,27,20,"Female","Non-Black / Non-Hispanic","South (AL, AR, DE, DC, FL, GA, KY, LA, MD, MS, NC, OK, SC, TN , TX, VA, WV)","Bachelor's degree (BA, BS)","In CBSA, in central city","NO","3: Mother","YES","NO","YES","NO","YES","0: 0  CONDITION DOES NOT APPLY","ALWAYS WITH RIGHT HAND","ALWAYS WITH RIGHT HAND","ALWAYS WITH RIGHT HAND","ALWAYS WITH RIGHT HAND","ALWAYS WITH LEFT HAND","1: 1  CONDITION APPLIES","1: 1  CONDITION APPLIES","NO","FEMALE","MALE"
1984,70000,3,1,1,33790,6,210,1,2,3,4,2,3,1,2,2,2,1,4,3,6,1,1,31,21,"Male","Non-Black / Non-Hispanic","South (AL, AR, DE, DC, FL, GA, KY, LA, MD, MS, NC, OK, SC, TN , TX, VA, WV)","GED","In CBSA, not in central city","NO","3: Mother","YES","NO","NO","NO","YES","0: 0  CONDITION DOES NOT APPLY","ALWAYS WITH RIGHT HAND","ALWAYS WITH RIGHT HAND","ALWAYS WITH RIGHT HAND","ALWAYS WITH RIGHT HAND","ALWAYS WITH LEFT HAND","1: 1  CONDITION APPLIES","1: 1  CONDITION APPLIES","NO","FEMALE","FEMALE"
1981,64735,4,0,2,33790,5,180,1,1,3,4,2,3,2,2,1,1,1,6,2,7,1,1,32,25,"Female","Non-Black / Non-Hispanic","North Central (IL, IN, IA, KS, MI, MN, MO, NE, OH, ND, SD, WI)","Bachelor's degree (BA, BS)","In CBSA, not in central city","NO","3: Mother","YES","NO","NO","NO","YES","0: 0  CONDITION DOES NOT APPLY","ALWAYS WITH RIGHT HAND","ALWAYS WITH RIGHT HAND","ALWAYS WITH RIGHT HAND","ALWAYS WITH RIGHT HAND","ALWAYS WITH LEFT HAND","1: 1  CONDITION APPLIES","1: 1  CONDITION APPLIES","NO","FEMALE","MALE"
1983,64735,2,0,1,33790,5,170,1,1,2,2,3,3,2,2,1,2,1,3,2,7,1,1,30,23,"Female","Non-Black / Non-Hispanic","South (AL, AR, DE, DC, FL, GA, KY, LA, MD, MS, NC, OK, SC, TN , TX, VA, WV)","Bachelor's degree (BA, BS)","In CBSA, not in central city","NO","3: Mother","YES","YES","NO","NO","YES","0: 0  CONDITION DOES NOT APPLY","ALWAYS WITH RIGHT HAND","ALWAYS WITH RIGHT HAND","ALWAYS WITH RIGHT HAND","ALWAYS WITH RIGHT HAND","ALWAYS WITH LEFT HAND","1: 1  CONDITION APPLIES","1: 1  CONDITION APPLIES","NO","MALE","MALE"
1983,64735,1,0,2,30000,5,150,1,2,1,3,9,2,2,2,2,2,1,3,2,8,1,1,35,26,"Female","Non-Black / Non-Hispanic","South (AL, AR, DE, DC, FL, GA, KY, LA, MD, MS, NC, OK, SC, TN , TX, VA, WV)","High school diploma (Regular 12 year program)","In CBSA, in central city","YES","3: Mother","NO","NO","NO","NO","NO","0: 0  CONDITION DOES NOT APPLY","ALWAYS WITH RIGHT HAND","ALWAYS WITH RIGHT HAND","ALWAYS WITH RIGHT HAND","ALWAYS WITH RIGHT HAND","ALWAYS WITH RIGHT HAND","1: 1  CONDITION APPLIES","0: 0  CONDITION DOES NOT APPLY","NO","FEMALE","MALE"
1985,64735,2,0,1,33790,6,184,1,1,1,3,1,4,2,2,2,2,2,3,4,8,1,1,36,18,"Male","Hispanic","South (AL, AR, DE, DC, FL, GA, KY, LA, MD, MS, NC, OK, SC, TN , TX, VA, WV)","High school diploma (Regular 12 year program)","In CBSA, in central city","NO","3: Mother","YES","NO","YES","NO","YES","0: 0  CONDITION DOES NOT APPLY","ALWAYS WITH RIGHT HAND","ALWAYS WITH RIGHT HAND","ALWAYS WITH RIGHT HAND","ALWAYS WITH RIGHT HAND","ALWAYS WITH LEFT HAND","1: 1  CONDITION APPLIES","1: 1  CONDITION APPLIES","NO","FEMALE","FEMALE"
1983,64735,3,1,2,33790,5,182,1,1,3,5,4,4,2,2,2,2,1,8,2,8,1,1,31,19,"Male","Non-Black / Non-Hispanic","South (AL, AR, DE, DC, FL, GA, KY, LA, MD, MS, NC, OK, SC, TN , TX, VA, WV)","Bachelor's degree (BA, BS)","In CBSA, in central city","NO","3: Mother","NO","NO","NO","NO","YES","1: 1  CONDITION APPLIES","ALWAYS WITH RIGHT HAND","ALWAYS WITH RIGHT HAND","ALWAYS WITH RIGHT HAND","ALWAYS WITH RIGHT HAND","ALWAYS WITH LEFT HAND","1: 1  CONDITION APPLIES","0: 0  CONDITION DOES NOT APPLY","NO","MALE","FEMALE"
1980,43000,2,1,2,33790,5,175,1,1,5,2,4,3,2,2,2,2,1,5,3,6,1,1,31,20,"Male","Hispanic","South (AL, AR, DE, DC, FL, GA, KY, LA, MD, MS, NC, OK, SC, TN , TX, VA, WV)","High school diploma (Regular 12 year program)","In CBSA, in central city","NO","3: Mother","YES","NO","NO","NO","NO","0: 0  CONDITION DOES NOT APPLY","ALWAYS WITH RIGHT HAND","ALWAYS WITH RIGHT HAND","USUALLY WITH BOTH HANDS EQUALLY","ALWAYS WITH RIGHT HAND","ALWAYS WITH LEFT HAND","0: 0  CONDITION DOES NOT APPLY","1: 1  CONDITION APPLIES","NO","FEMALE","FEMALE"
1981,36000,4,1,3,33790,5,183,2,1,2,2,1,3,2,2,1,2,1,1,3,6,1,1,28,17,"Male","Black","West (AK, AZ, CA, CO, HI, ID, MT, NV, NM, OR, UT, WA, WY)","High school diploma (Regular 12 year program)","Not in CBSA","NO","3: Mother","NO","NO","NO","NO","NO","0: 0  CONDITION DOES NOT APPLY","ALWAYS WITH RIGHT HAND","ALWAYS WITH RIGHT HAND","USUALLY WITH RIGHT HAND","ALWAYS WITH RIGHT HAND","ALWAYS WITH LEFT HAND","1: 1  CONDITION APPLIES","1: 1  CONDITION APPLIES","NO","FEMALE","FEMALE"
1980,64735,4,1,5,33790,5,183,1,1,1,3,2,4,2,2,2,2,1,7,2,7,1,1,35,22,"Female","Black","South (AL, AR, DE, DC, FL, GA, KY, LA, MD, MS, NC, OK, SC, TN , TX, VA, WV)","High school diploma (Regular 12 year program)","In CBSA, in central city","YES","3: Mother","NO","NO","NO","NO","YES","0: 0  CONDITION DOES NOT APPLY","ALWAYS WITH RIGHT HAND","ALWAYS WITH RIGHT HAND","USUALLY WITH BOTH HANDS EQUALLY","ALWAYS WITH RIGHT HAND","ALWAYS WITH LEFT HAND","1: 1  CONDITION APPLIES","1: 1  CONDITION APPLIES","NO","MALE","MALE"
1984,64735,2,0,3,30000,5,183,2,1,5,4,2,4,2,2,1,2,1,6,2,7,1,1,32,25,"Male","Non-Black / Non-Hispanic","South (AL, AR, DE, DC, FL, GA, KY, LA, MD, MS, NC, OK, SC, TN , TX, VA, WV)","High school diploma (Regular 12 year program)","In CBSA, in central city","YES","3: Mother","YES","NO","NO","NO","YES","0: 0  CONDITION DOES NOT APPLY","ALWAYS WITH RIGHT HAND","ALWAYS WITH RIGHT HAND","ALWAYS WITH RIGHT HAND","USUALLY WITH LEFT HAND","USUALLY WITH RIGHT HAND","1: 1  CONDITION APPLIES","1: 1  CONDITION APPLIES","NO","MALE","FEMALE"
1980,64735,3,0,5,33790,5,183,1,1,3,3,4,6,2,2,1,2,2,4,1,6,1,1,31,19,"Male","Non-Black / Non-Hispanic","North Central (IL, IN, IA, KS, MI, MN, MO, NE, OH, ND, SD, WI)","None","In CBSA, in central city","NO","3: Mother","NO","NO","NO","NO","YES","0: 0  CONDITION DOES NOT APPLY","ALWAYS WITH RIGHT HAND","ALWAYS WITH RIGHT HAND","ALWAYS WITH RIGHT HAND","ALWAYS WITH RIGHT HAND","ALWAYS WITH LEFT HAND","1: 1  CONDITION APPLIES","1: 1  CONDITION APPLIES","NO","FEMALE","FEMALE"
1983,55000,4,1,2,33790,5,184,1,2,1,5,2,2,2,2,1,1,1,5,3,7,1,1,32,22,"Female","Non-Black / Non-Hispanic","South (AL, AR, DE, DC, FL, GA, KY, LA, MD, MS, NC, OK, SC, TN , TX, VA, WV)","High school diploma (Regular 12 year program)","In CBSA, not in central city","NO","3: Mother","NO","YES","NO","NO","YES","0: 0  CONDITION DOES NOT APPLY","ALWAYS WITH RIGHT HAND","ALWAYS WITH RIGHT HAND","ALWAYS WITH RIGHT HAND","ALWAYS WITH RIGHT HAND","ALWAYS WITH LEFT HAND","1: 1  CONDITION APPLIES","1: 1  CONDITION APPLIES","NO","FEMALE","FEMALE"
1983,176742,3,1,1,33790,5,184,1,1,2,3,5,4,2,2,2,2,1,8,2,7,1,2,31,22,"Female","Non-Black / Non-Hispanic","South (AL, AR, DE, DC, FL, GA, KY, LA, MD, MS, NC, OK, SC, TN , TX, VA, WV)","High school diploma (Regular 12 year program)","In CBSA, not in central city","NO","3: Mother","YES","NO","NO","NO","YES","0: 0  CONDITION DOES NOT APPLY","ALWAYS WITH RIGHT HAND","ALWAYS WITH RIGHT HAND","ALWAYS WITH RIGHT HAND","ALWAYS WITH RIGHT HAND","ALWAYS WITH LEFT HAND","1: 1  CONDITION APPLIES","1: 1  CONDITION APPLIES","NO","MALE","FEMALE"
1981,64735,4,0,2,33790,5,250,2,3,2,4,3,1,2,2,2,2,1,3,5,6,1,1,28,4,"Female","Black","North Central (IL, IN, IA, KS, MI, MN, MO, NE, OH, ND, SD, WI)","High school diploma (Regular 12 year program)","In CBSA, not in central city","NO","3: Mother","NO","YES","NO","NO","YES","0: 0  CONDITION DOES NOT APPLY","ALWAYS WITH RIGHT HAND","ALWAYS WITH RIGHT HAND","ALWAYS WITH RIGHT HAND","ALWAYS WITH RIGHT HAND","ALWAYS WITH RIGHT HAND","1: 1  CONDITION APPLIES","1: 1  CONDITION APPLIES","NO","MALE","FEMALE"
1984,64735,4,1,4,33790,5,181,1,1,2,4,2,4,2,1,1,2,2,3,1,6,1,1,28,20,"Female","Black","South (AL, AR, DE, DC, FL, GA, KY, LA, MD, MS, NC, OK, SC, TN , TX, VA, WV)","High school diploma (Regular 12 year program)","In CBSA, in central city","NO","3: Mother","NO","YES","NO","NO","YES","0: 0  CONDITION DOES NOT APPLY","ALWAYS WITH RIGHT HAND","ALWAYS WITH RIGHT HAND","ALWAYS WITH RIGHT HAND","ALWAYS WITH RIGHT HAND","ALWAYS WITH RIGHT HAND","1: 1  CONDITION APPLIES","1: 1  CONDITION APPLIES","NO","MALE","FEMALE"
1980,64735,4,0,1,33790,5,184,1,1,1,4,1,4,2,2,1,1,1,6,3,7,1,1,30,20,"Female","Black","North Central (IL, IN, IA, KS, MI, MN, MO, NE, OH, ND, SD, WI)","None","In CBSA, not in central city","NO","3: Mother","YES","NO","NO","NO","YES","0: 0  CONDITION DOES NOT APPLY","ALWAYS WITH RIGHT HAND","ALWAYS WITH RIGHT HAND","ALWAYS WITH RIGHT HAND","ALWAYS WITH RIGHT HAND","ALWAYS WITH LEFT HAND","1: 1  CONDITION APPLIES","1: 1  CONDITION APPLIES","NO","FEMALE","FEMALE"
1982,64735,3,0,2,33790,5,182,1,1,1,3,4,2,1,2,1,2,2,4,1,7,1,1,34,32,"Male","Black","South (AL, AR, DE, DC, FL, GA, KY, LA, MD, MS, NC, OK, SC, TN , TX, VA, WV)","GED","In CBSA, in central city","NO","3: Mother","NO","YES","NO","NO","YES","0: 0  CONDITION DOES NOT APPLY","ALWAYS WITH RIGHT HAND","ALWAYS WITH RIGHT HAND","ALWAYS WITH RIGHT HAND","ALWAYS WITH RIGHT HAND","ALWAYS WITH RIGHT HAND","1: 1  CONDITION APPLIES","1: 1  CONDITION APPLIES","NO","FEMALE","MALE"
1980,64735,2,0,2,33790,5,180,2,2,2,5,3,3,2,1,2,2,1,4,1,6,1,1,31,22,"Male","Black","South (AL, AR, DE, DC, FL, GA, KY, LA, MD, MS, NC, OK, SC, TN , TX, VA, WV)","High school diploma (Regular 12 year program)","In CBSA, not in central city","NO","3: Mother","YES","NO","NO","NO","YES","0: 0  CONDITION DOES NOT APPLY","ALWAYS WITH RIGHT HAND","USUALLY WITH RIGHT HAND","USUALLY WITH RIGHT HAND","ALWAYS WITH RIGHT HAND","ALWAYS WITH LEFT HAND","1: 1  CONDITION APPLIES","1: 1  CONDITION APPLIES","NO","FEMALE","FEMALE"
1983,64735,3,1,1,33790,5,183,1,1,4,4,5,4,2,2,1,2,1,8,2,6,1,1,32,21,"Female","Non-Black / Non-Hispanic","South (AL, AR, DE, DC, FL, GA, KY, LA, MD, MS, NC, OK, SC, TN , TX, VA, WV)","Bachelor's degree (BA, BS)","In CBSA, not in central city","NO","3: Mother","YES","NO","NO","NO","YES","0: 0  CONDITION DOES NOT APPLY","ALWAYS WITH RIGHT HAND","ALWAYS WITH RIGHT HAND","ALWAYS WITH RIGHT HAND","ALWAYS WITH RIGHT HAND","ALWAYS WITH LEFT HAND","1: 1  CONDITION APPLIES","1: 1  CONDITION APPLIES","NO","MALE","FEMALE"
1981,64735,2,0,3,33790,6,187,1,1,1,4,2,3,2,2,2,1,2,1,1,8,1,1,33,24,"Male","Non-Black / Non-Hispanic","South (AL, AR, DE, DC, FL, GA, KY, LA, MD, MS, NC, OK, SC, TN , TX, VA, WV)","High school diploma (Regular 12 year program)","In CBSA, in central city","NO","3: Mother","YES","YES","NO","NO","NO","1: 1  CONDITION APPLIES","ALWAYS WITH RIGHT HAND","ALWAYS WITH RIGHT HAND","USUALLY WITH RIGHT HAND","ALWAYS WITH RIGHT HAND","ALWAYS WITH LEFT HAND","1: 1  CONDITION APPLIES","1: 1  CONDITION APPLIES","NO","FEMALE","FEMALE"
1982,64735,2,0,5,33790,6,187,1,1,1,6,3,3,2,2,1,2,1,6,5,3,1,1,31,17,"Male","Non-Black / Non-Hispanic","West (AK, AZ, CA, CO, HI, ID, MT, NV, NM, OR, UT, WA, WY)","High school diploma (Regular 12 year program)","In CBSA, not in central city","NO","3: Mother","YES","YES","NO","NO","YES","0: 0  CONDITION DOES NOT APPLY","ALWAYS WITH RIGHT HAND","USUALLY WITH RIGHT HAND","USUALLY WITH RIGHT HAND","USUALLY WITH RIGHT HAND","ALWAYS WITH LEFT HAND","1: 1  CONDITION APPLIES","1: 1  CONDITION APPLIES","NO","FEMALE","FEMALE"
1980,64735,4,1,1,33790,5,183,1,2,1,5,2,4,2,2,1,1,1,3,3,6,1,1,29,23,"Female","Black","South (AL, AR, DE, DC, FL, GA, KY, LA, MD, MS, NC, OK, SC, TN , TX, VA, WV)","GED","In CBSA, in central city","NO","3: Mother","NO","YES","NO","YES","NO","0: 0  CONDITION DOES NOT APPLY","ALWAYS WITH RIGHT HAND","ALWAYS WITH RIGHT HAND","ALWAYS WITH RIGHT HAND","ALWAYS WITH RIGHT HAND","ALWAYS WITH LEFT HAND","1: 1  CONDITION APPLIES","1: 1  CONDITION APPLIES","NO","FEMALE","MALE"
1982,64735,5,1,2,33790,5,165,1,2,2,5,5,3,2,2,1,2,2,6,3,5,2,1,31,18,"Male","Black","South (AL, AR, DE, DC, FL, GA, KY, LA, MD, MS, NC, OK, SC, TN , TX, VA, WV)","Master's degree (MA, MS)","In CBSA, in central city","NO","3: Mother","NO","NO","NO","NO","YES","0: 0  CONDITION DOES NOT APPLY","ALWAYS WITH RIGHT HAND","ALWAYS WITH RIGHT HAND","ALWAYS WITH RIGHT HAND","ALWAYS WITH RIGHT HAND","USUALLY WITH RIGHT HAND","1: 1  CONDITION APPLIES","1: 1  CONDITION APPLIES","NO","FEMALE","FEMALE"
1981,64735,8,2,1,18000,5,184,1,3,1,4,2,2,2,2,1,1,2,1,3,6,1,1,31,13,"Female","Non-Black / Non-Hispanic","South (AL, AR, DE, DC, FL, GA, KY, LA, MD, MS, NC, OK, SC, TN , TX, VA, WV)","High school diploma (Regular 12 year program)","In CBSA, not in central city","NO","3: Mother","YES","YES","NO","NO","NO","0: 0  CONDITION DOES NOT APPLY","ALWAYS WITH RIGHT HAND","ALWAYS WITH RIGHT HAND","ALWAYS WITH LEFT HAND","ALWAYS WITH RIGHT HAND","USUALLY WITH LEFT HAND","1: 1  CONDITION APPLIES","0: 0  CONDITION DOES NOT APPLY","NO","MALE","FEMALE"
1981,64735,4,0,2,33790,5,175,1,1,3,3,2,4,2,2,1,2,2,5,2,8,1,1,31,24,"Female","Non-Black / Non-Hispanic","South (AL, AR, DE, DC, FL, GA, KY, LA, MD, MS, NC, OK, SC, TN , TX, VA, WV)","High school diploma (Regular 12 year program)","In CBSA, not in central city","YES","3: Mother","NO","NO","NO","NO","YES","0: 0  CONDITION DOES NOT APPLY","ALWAYS WITH RIGHT HAND","ALWAYS WITH RIGHT HAND","ALWAYS WITH RIGHT HAND","ALWAYS WITH RIGHT HAND","ALWAYS WITH LEFT HAND","1: 1  CONDITION APPLIES","0: 0  CONDITION DOES NOT APPLY","NO","FEMALE","MALE"
1980,64735,4,0,4,33790,5,181,1,2,4,3,2,3,2,2,2,2,1,1,3,7,1,1,31,22,"Male","Black","South (AL, AR, DE, DC, FL, GA, KY, LA, MD, MS, NC, OK, SC, TN , TX, VA, WV)","None","In CBSA, in central city","NO","3: Mother","YES","YES","NO","NO","NO","0: 0  CONDITION DOES NOT APPLY","ALWAYS WITH RIGHT HAND","ALWAYS WITH RIGHT HAND","ALWAYS WITH RIGHT HAND","ALWAYS WITH RIGHT HAND","ALWAYS WITH LEFT HAND","1: 1  CONDITION APPLIES","1: 1  CONDITION APPLIES","YES","FEMALE","FEMALE"
1982,64735,4,2,2,33790,5,184,2,1,2,6,2,4,2,2,1,1,1,6,2,7,1,1,11,14,"Female","Black","South (AL, AR, DE, DC, FL, GA, KY, LA, MD, MS, NC, OK, SC, TN , TX, VA, WV)","High school diploma (Regular 12 year program)","In CBSA, not in central city","NO","3: Mother","NO","YES","NO","NO","YES","0: 0  CONDITION DOES NOT APPLY","ALWAYS WITH RIGHT HAND","ALWAYS WITH RIGHT HAND","ALWAYS WITH RIGHT HAND","ALWAYS WITH RIGHT HAND","ALWAYS WITH LEFT HAND","1: 1  CONDITION APPLIES","1: 1  CONDITION APPLIES","NO","FEMALE","FEMALE"
1981,64735,4,0,1,33790,5,181,1,2,1,3,2,4,2,2,1,1,1,2,3,8,1,1,28,18,"Female","Black","South (AL, AR, DE, DC, FL, GA, KY, LA, MD, MS, NC, OK, SC, TN , TX, VA, WV)","High school diploma (Regular 12 year program)","In CBSA, not in central city","NO","3: Mother","NO","YES","NO","NO","NO","0: 0  CONDITION DOES NOT APPLY","ALWAYS WITH RIGHT HAND","ALWAYS WITH RIGHT HAND","ALWAYS WITH RIGHT HAND","ALWAYS WITH RIGHT HAND","ALWAYS WITH LEFT HAND","1: 1  CONDITION APPLIES","1: 1  CONDITION APPLIES","YES","FEMALE","MALE"
1983,64734,2,1,3,33790,5,184,1,1,3,2,3,4,2,2,2,2,2,1,2,7,1,1,5,13,"Male","Black","South (AL, AR, DE, DC, FL, GA, KY, LA, MD, MS, NC, OK, SC, TN , TX, VA, WV)","GED","In CBSA, in central city","NO","3: Mother","YES","YES","YES","NO","NO","0: 0  CONDITION DOES NOT APPLY","ALWAYS WITH LEFT HAND","ALWAYS WITH LEFT HAND","ALWAYS WITH LEFT HAND","ALWAYS WITH RIGHT HAND","ALWAYS WITH RIGHT HAND","0: 0  CONDITION DOES NOT APPLY","0: 0  CONDITION DOES NOT APPLY","NO","FEMALE","FEMALE"
1981,64735,3,0,1,33790,6,184,1,1,2,2,2,2,2,2,1,1,1,4,2,6,1,1,45,27,"Male","Non-Black / Non-Hispanic","Northeast (CT, ME, MA, NH, NJ, NY, PA, RI, VT)","Bachelor's degree (BA, BS)","In CBSA, not in central city","NO","3: Mother","NO","NO","NO","NO","YES","0: 0  CONDITION DOES NOT APPLY","ALWAYS WITH RIGHT HAND","ALWAYS WITH RIGHT HAND","ALWAYS WITH RIGHT HAND","ALWAYS WITH RIGHT HAND","ALWAYS WITH LEFT HAND","1: 1  CONDITION APPLIES","1: 1  CONDITION APPLIES","NO","FEMALE","MALE"
1982,64735,3,1,2,33790,5,175,1,2,1,3,3,4,2,2,1,2,2,5,2,7,1,1,9,17,"Female","Black","West (AK, AZ, CA, CO, HI, ID, MT, NV, NM, OR, UT, WA, WY)","GED","In CBSA, not in central city","NO","3: Mother","NO","NO","NO","NO","YES","0: 0  CONDITION DOES NOT APPLY","ALWAYS WITH RIGHT HAND","ALWAYS WITH RIGHT HAND","ALWAYS WITH RIGHT HAND","ALWAYS WITH RIGHT HAND","ALWAYS WITH RIGHT HAND","1: 1  CONDITION APPLIES","1: 1  CONDITION APPLIES","NO","MALE","FEMALE"
1984,64735,3,1,6,33790,5,183,2,1,2,3,4,7,2,2,2,2,2,5,3,6,1,1,30,21,"Female","Non-Black / Non-Hispanic","Northeast (CT, ME, MA, NH, NJ, NY, PA, RI, VT)","GED","In CBSA, in central city","NO","3: Mother","YES","NO","NO","NO","YES","0: 0  CONDITION DOES NOT APPLY","ALWAYS WITH RIGHT HAND","ALWAYS WITH RIGHT HAND","ALWAYS WITH RIGHT HAND","ALWAYS WITH RIGHT HAND","ALWAYS WITH LEFT HAND","1: 1  CONDITION APPLIES","1: 1  CONDITION APPLIES","NO","MALE","FEMALE"
1983,64735,2,0,3,33790,5,260,1,1,2,6,2,2,2,2,2,2,2,3,3,6,1,1,34,19,"Female","Non-Black / Non-Hispanic","South (AL, AR, DE, DC, FL, GA, KY, LA, MD, MS, NC, OK, SC, TN , TX, VA, WV)","High school diploma (Regular 12 year program)","In CBSA, not in central city","NO","3: Mother","YES","NO","NO","NO","NO","0: 0  CONDITION DOES NOT APPLY","ALWAYS WITH RIGHT HAND","ALWAYS WITH RIGHT HAND","ALWAYS WITH RIGHT HAND","ALWAYS WITH RIGHT HAND","ALWAYS WITH RIGHT HAND","1: 1  CONDITION APPLIES","1: 1  CONDITION APPLIES","NO","MALE","FEMALE"
1982,64735,1,0,2,33790,5,182,1,2,1,3,3,6,2,2,1,1,1,4,3,6,1,1,31,25,"Male","Non-Black / Non-Hispanic","South (AL, AR, DE, DC, FL, GA, KY, LA, MD, MS, NC, OK, SC, TN , TX, VA, WV)","Associate/Junior college (AA)","In CBSA, in central city","NO","3: Mother","YES","NO","NO","NO","NO","0: 0  CONDITION DOES NOT APPLY","ALWAYS WITH RIGHT HAND","ALWAYS WITH RIGHT HAND","ALWAYS WITH RIGHT HAND","ALWAYS WITH RIGHT HAND","ALWAYS WITH LEFT HAND","1: 1  CONDITION APPLIES","1: 1  CONDITION APPLIES","NO","FEMALE","MALE"
1983,64735,2,0,3,16000,5,183,2,1,4,3,8,3,2,2,1,2,2,4,3,6,1,1,33,22,"Male","Black","South (AL, AR, DE, DC, FL, GA, KY, LA, MD, MS, NC, OK, SC, TN , TX, VA, WV)","High school diploma (Regular 12 year program)","In CBSA, in central city","YES","3: Mother","YES","NO","NO","NO","YES","0: 0  CONDITION DOES NOT APPLY","ALWAYS WITH RIGHT HAND","ALWAYS WITH RIGHT HAND","ALWAYS WITH RIGHT HAND","ALWAYS WITH RIGHT HAND","USUALLY WITH LEFT HAND","1: 1  CONDITION APPLIES","1: 1  CONDITION APPLIES","NO","FEMALE","MALE"
1982,64735,2,1,1,33790,5,354,2,1,5,5,3,3,2,2,1,2,1,4,2,6,1,1,25,7,"Female","Black","North Central (IL, IN, IA, KS, MI, MN, MO, NE, OH, ND, SD, WI)","High school diploma (Regular 12 year program)","In CBSA, not in central city","NO","3: Mother","NO","NO","NO","NO","YES","0: 0  CONDITION DOES NOT APPLY","ALWAYS WITH RIGHT HAND","ALWAYS WITH RIGHT HAND","ALWAYS WITH RIGHT HAND","ALWAYS WITH RIGHT HAND","ALWAYS WITH LEFT HAND","1: 1  CONDITION APPLIES","1: 1  CONDITION APPLIES","NO","MALE","FEMALE"
1981,64735,3,0,1,33790,5,183,2,2,2,2,5,2,2,2,2,1,1,4,1,6,1,1,29,16,"Female","Non-Black / Non-Hispanic","South (AL, AR, DE, DC, FL, GA, KY, LA, MD, MS, NC, OK, SC, TN , TX, VA, WV)","High school diploma (Regular 12 year program)","In CBSA, not in central city","NO","3: Mother","NO","NO","NO","NO","YES","0: 0  CONDITION DOES NOT APPLY","ALWAYS WITH RIGHT HAND","ALWAYS WITH RIGHT HAND","ALWAYS WITH RIGHT HAND","ALWAYS WITH RIGHT HAND","ALWAYS WITH RIGHT HAND","1: 1  CONDITION APPLIES","1: 1  CONDITION APPLIES","NO","FEMALE","MALE"
1983,64735,3,0,2,20000,5,182,1,1,4,4,4,4,2,2,1,2,1,5,2,5,1,1,31,20,"Female","Hispanic","South (AL, AR, DE, DC, FL, GA, KY, LA, MD, MS, NC, OK, SC, TN , TX, VA, WV)","High school diploma (Regular 12 year program)","In CBSA, in central city","NO","3: Mother","NO","NO","NO","NO","YES","0: 0  CONDITION DOES NOT APPLY","ALWAYS WITH RIGHT HAND","USUALLY WITH RIGHT HAND","ALWAYS WITH RIGHT HAND","ALWAYS WITH RIGHT HAND","ALWAYS WITH LEFT HAND","1: 1  CONDITION APPLIES","1: 1  CONDITION APPLIES","NO","MALE","FEMALE"
1982,64735,4,1,2,33790,5,182,1,1,2,4,2,5,1,1,1,1,1,3,3,7,1,1,32,19,"Female","Non-Black / Non-Hispanic","Northeast (CT, ME, MA, NH, NJ, NY, PA, RI, VT)","High school diploma (Regular 12 year program)","In CBSA, not in central city","NO","3: Mother","NO","NO","NO","NO","YES","0: 0  CONDITION DOES NOT APPLY","ALWAYS WITH RIGHT HAND","ALWAYS WITH RIGHT HAND","ALWAYS WITH RIGHT HAND","ALWAYS WITH RIGHT HAND","ALWAYS WITH LEFT HAND","1: 1  CONDITION APPLIES","1: 1  CONDITION APPLIES","NO","MALE","FEMALE"
1981,64735,3,1,2,33790,5,184,1,2,4,4,4,4,2,2,1,2,1,5,2,6,1,1,35,21,"Female","Non-Black / Non-Hispanic","North Central (IL, IN, IA, KS, MI, MN, MO, NE, OH, ND, SD, WI)","High school diploma (Regular 12 year program)","In CBSA, not in central city","NO","3: Mother","YES","NO","NO","NO","YES","0: 0  CONDITION DOES NOT APPLY","ALWAYS WITH RIGHT HAND","ALWAYS WITH RIGHT HAND","ALWAYS WITH RIGHT HAND","ALWAYS WITH RIGHT HAND","ALWAYS WITH LEFT HAND","1: 1  CONDITION APPLIES","1: 1  CONDITION APPLIES","NO","FEMALE","FEMALE"
1983,64735,3,1,1,33790,5,181,1,1,3,5,6,4,2,2,1,2,1,6,1,7,1,1,30,21,"Female","Non-Black / Non-Hispanic","South (AL, AR, DE, DC, FL, GA, KY, LA, MD, MS, NC, OK, SC, TN , TX, VA, WV)","None","In CBSA, not in central city","NO","3: Mother","YES","NO","NO","NO","YES","0: 0  CONDITION DOES NOT APPLY","ALWAYS WITH RIGHT HAND","ALWAYS WITH RIGHT HAND","ALWAYS WITH RIGHT HAND","ALWAYS WITH RIGHT HAND","ALWAYS WITH LEFT HAND","0: 0  CONDITION DOES NOT APPLY","0: 0  CONDITION DOES NOT APPLY","NO","MALE","MALE"
1984,75253,4,0,2,33790,5,183,1,2,3,1,1,4,2,1,1,1,1,2,2,6,1,1,31,20,"Male","Black","North Central (IL, IN, IA, KS, MI, MN, MO, NE, OH, ND, SD, WI)","GED","In CBSA, in central city","NO","3: Mother","NO","NO","NO","NO","YES","0: 0  CONDITION DOES NOT APPLY","ALWAYS WITH RIGHT HAND","ALWAYS WITH RIGHT HAND","ALWAYS WITH RIGHT HAND","ALWAYS WITH RIGHT HAND","ALWAYS WITH LEFT HAND","1: 1  CONDITION APPLIES","1: 1  CONDITION APPLIES","NO","MALE","FEMALE"
1980,64735,4,0,1,33790,5,184,2,2,1,3,2,5,2,2,2,2,1,6,2,6,1,3,35,27,"Female","Non-Black / Non-Hispanic","South (AL, AR, DE, DC, FL, GA, KY, LA, MD, MS, NC, OK, SC, TN , TX, VA, WV)","High school diploma (Regular 12 year program)","In CBSA, not in central city","YES","3: Mother","YES","NO","NO","NO","NO","0: 0  CONDITION DOES NOT APPLY","ALWAYS WITH RIGHT HAND","ALWAYS WITH RIGHT HAND","ALWAYS WITH RIGHT HAND","ALWAYS WITH RIGHT HAND","ALWAYS WITH LEFT HAND","1: 1  CONDITION APPLIES","1: 1  CONDITION APPLIES","NO","FEMALE","FEMALE"
1982,64735,3,0,2,65000,5,182,1,2,2,3,4,2,2,2,1,2,1,2,2,7,1,1,30,21,"Female","Hispanic","South (AL, AR, DE, DC, FL, GA, KY, LA, MD, MS, NC, OK, SC, TN , TX, VA, WV)","None","Not in CBSA","NO","3: Mother","YES","YES","NO","NO","YES","0: 0  CONDITION DOES NOT APPLY","ALWAYS WITH RIGHT HAND","ALWAYS WITH RIGHT HAND","ALWAYS WITH RIGHT HAND","USUALLY WITH BOTH HANDS EQUALLY","ALWAYS WITH LEFT HAND","1: 1  CONDITION APPLIES","1: 1  CONDITION APPLIES","NO","FEMALE","FEMALE"
1984,165000,3,0,2,33790,5,182,1,2,1,3,4,5,2,2,2,2,1,2,2,7,1,1,34,21,"Female","Non-Black / Non-Hispanic","South (AL, AR, DE, DC, FL, GA, KY, LA, MD, MS, NC, OK, SC, TN , TX, VA, WV)","GED","In CBSA, not in central city","NO","3: Mother","NO","NO","NO","NO","YES","0: 0  CONDITION DOES NOT APPLY","USUALLY WITH RIGHT HAND","ALWAYS WITH RIGHT HAND","ALWAYS WITH RIGHT HAND","ALWAYS WITH RIGHT HAND","ALWAYS WITH LEFT HAND","1: 1  CONDITION APPLIES","1: 1  CONDITION APPLIES","NO","MALE","FEMALE"
1983,64735,1,0,2,50000,5,183,2,1,2,4,2,2,2,2,1,2,1,6,2,7,1,1,28,25,"Male","Non-Black / Non-Hispanic","South (AL, AR, DE, DC, FL, GA, KY, LA, MD, MS, NC, OK, SC, TN , TX, VA, WV)","GED","In CBSA, in central city","NO","3: Mother","NO","NO","NO","NO","YES","0: 0  CONDITION DOES NOT APPLY","ALWAYS WITH RIGHT HAND","ALWAYS WITH RIGHT HAND","ALWAYS WITH RIGHT HAND","ALWAYS WITH RIGHT HAND","ALWAYS WITH LEFT HAND","1: 1  CONDITION APPLIES","1: 1  CONDITION APPLIES","NO","MALE","FEMALE"
1981,64735,2,0,1,33790,5,195,1,1,3,2,2,2,2,2,1,1,1,1,2,7,1,1,33,23,"Male","Black","South (AL, AR, DE, DC, FL, GA, KY, LA, MD, MS, NC, OK, SC, TN , TX, VA, WV)","High school diploma (Regular 12 year program)","Not in CBSA","NO","3: Mother","YES","NO","NO","NO","YES","0: 0  CONDITION DOES NOT APPLY","ALWAYS WITH RIGHT HAND","ALWAYS WITH RIGHT HAND","ALWAYS WITH RIGHT HAND","ALWAYS WITH RIGHT HAND","ALWAYS WITH LEFT HAND","1: 1  CONDITION APPLIES","1: 1  CONDITION APPLIES","NO","FEMALE","MALE"
1983,64735,5,1,2,33790,5,125,1,1,1,4,2,4,2,1,1,2,1,6,2,8,1,1,30,21,"Female","Black","South (AL, AR, DE, DC, FL, GA, KY, LA, MD, MS, NC, OK, SC, TN , TX, VA, WV)","High school diploma (Regular 12 year program)","In CBSA, not in central city","NO","3: Mother","NO","YES","NO","NO","YES","0: 0  CONDITION DOES NOT APPLY","ALWAYS WITH RIGHT HAND","ALWAYS WITH RIGHT HAND","ALWAYS WITH RIGHT HAND","ALWAYS WITH RIGHT HAND","ALWAYS WITH LEFT HAND","1: 1  CONDITION APPLIES","1: 1  CONDITION APPLIES","NO","MALE","FEMALE"
1980,65000,3,1,3,33790,5,183,1,1,2,5,7,7,2,2,1,2,1,6,4,7,1,1,27,22,"Female","Mixed Race (Non-Hispanic)","South (AL, AR, DE, DC, FL, GA, KY, LA, MD, MS, NC, OK, SC, TN , TX, VA, WV)","High school diploma (Regular 12 year program)","In CBSA, in central city","NO","3: Mother","YES","NO","NO","NO","YES","0: 0  CONDITION DOES NOT APPLY","ALWAYS WITH RIGHT HAND","ALWAYS WITH RIGHT HAND","ALWAYS WITH RIGHT HAND","ALWAYS WITH RIGHT HAND","ALWAYS WITH LEFT HAND","1: 1  CONDITION APPLIES","1: 1  CONDITION APPLIES","NO","MALE","MALE"
1984,64735,5,0,3,33790,5,126,1,1,2,4,2,3,2,2,1,2,1,6,4,6,1,1,28,21,"Male","Black","South (AL, AR, DE, DC, FL, GA, KY, LA, MD, MS, NC, OK, SC, TN , TX, VA, WV)","Bachelor's degree (BA, BS)","In CBSA, in central city","NO","3: Mother","YES","YES","NO","NO","YES","0: 0  CONDITION DOES NOT APPLY","ALWAYS WITH RIGHT HAND","USUALLY WITH RIGHT HAND","USUALLY WITH BOTH HANDS EQUALLY","ALWAYS WITH RIGHT HAND","DON'T DO THIS ACTIVITY","1: 1  CONDITION APPLIES","1: 1  CONDITION APPLIES","NO","MALE","MALE"
1982,64735,4,0,2,33790,5,130,1,3,2,2,1,2,2,2,1,2,1,2,3,6,1,1,34,21,"Female","Non-Black / Non-Hispanic","South (AL, AR, DE, DC, FL, GA, KY, LA, MD, MS, NC, OK, SC, TN , TX, VA, WV)","GED","In CBSA, not in central city","NO","3: Mother","YES","NO","NO","NO","NO","0: 0  CONDITION DOES NOT APPLY","ALWAYS WITH RIGHT HAND","DON'T DO THIS ACTIVITY","USUALLY WITH RIGHT HAND","ALWAYS WITH RIGHT HAND","ALWAYS WITH LEFT HAND","1: 1  CONDITION APPLIES","1: 1  CONDITION APPLIES","NO","MALE","MALE"
1983,64735,3,0,2,33790,5,184,2,1,5,4,2,4,2,2,1,2,1,5,3,8,1,1,29,20,"Male","Non-Black / Non-Hispanic","North Central (IL, IN, IA, KS, MI, MN, MO, NE, OH, ND, SD, WI)","High school diploma (Regular 12 year program)","In CBSA, in central city","NO","3: Mother","YES","NO","YES","NO","YES","0: 0  CONDITION DOES NOT APPLY","ALWAYS WITH RIGHT HAND","ALWAYS WITH RIGHT HAND","ALWAYS WITH RIGHT HAND","ALWAYS WITH RIGHT HAND","ALWAYS WITH LEFT HAND","1: 1  CONDITION APPLIES","1: 1  CONDITION APPLIES","NO","MALE","MALE"
1982,64735,4,1,3,33790,5,182,1,1,3,4,4,2,2,2,2,2,1,9,3,8,1,1,29,20,"Male","Non-Black / Non-Hispanic","North Central (IL, IN, IA, KS, MI, MN, MO, NE, OH, ND, SD, WI)","High school diploma (Regular 12 year program)","In CBSA, not in central city","NO","3: Mother","YES","NO","NO","NO","YES","0: 0  CONDITION DOES NOT APPLY","ALWAYS WITH RIGHT HAND","ALWAYS WITH RIGHT HAND","ALWAYS WITH RIGHT HAND","ALWAYS WITH RIGHT HAND","ALWAYS WITH LEFT HAND","1: 1  CONDITION APPLIES","1: 1  CONDITION APPLIES","NO","FEMALE","FEMALE"
1982,64735,3,0,2,38000,6,180,1,1,1,3,1,5,2,2,2,2,1,6,2,7,1,1,31,20,"Female","Black","South (AL, AR, DE, DC, FL, GA, KY, LA, MD, MS, NC, OK, SC, TN , TX, VA, WV)","High school diploma (Regular 12 year program)","In CBSA, not in central city","NO","3: Mother","NO","NO","NO","NO","YES","0: 0  CONDITION DOES NOT APPLY","ALWAYS WITH RIGHT HAND","ALWAYS WITH RIGHT HAND","ALWAYS WITH RIGHT HAND","ALWAYS WITH RIGHT HAND","ALWAYS WITH LEFT HAND","1: 1  CONDITION APPLIES","1: 1  CONDITION APPLIES","NO","MALE","FEMALE"
1984,64735,2,0,1,33790,5,181,1,1,1,6,3,4,2,1,1,1,1,3,2,7,1,1,33,25,"Female","Hispanic","South (AL, AR, DE, DC, FL, GA, KY, LA, MD, MS, NC, OK, SC, TN , TX, VA, WV)","Bachelor's degree (BA, BS)","In CBSA, not in central city","YES","3: Mother","NO","YES","NO","NO","YES","0: 0  CONDITION DOES NOT APPLY","ALWAYS WITH RIGHT HAND","ALWAYS WITH RIGHT HAND","ALWAYS WITH RIGHT HAND","ALWAYS WITH RIGHT HAND","ALWAYS WITH LEFT HAND","1: 1  CONDITION APPLIES","1: 1  CONDITION APPLIES","NO","FEMALE","MALE"
1982,64735,3,0,2,33790,5,181,1,1,1,5,5,4,2,2,1,1,1,7,3,7,1,1,28,22,"Female","Black","South (AL, AR, DE, DC, FL, GA, KY, LA, MD, MS, NC, OK, SC, TN , TX, VA, WV)","GED","In CBSA, in central city","NO","3: Mother","NO","NO","NO","NO","YES","0: 0  CONDITION DOES NOT APPLY","ALWAYS WITH RIGHT HAND","ALWAYS WITH RIGHT HAND","ALWAYS WITH RIGHT HAND","ALWAYS WITH RIGHT HAND","ALWAYS WITH LEFT HAND","0: 0  CONDITION DOES NOT APPLY","1: 1  CONDITION APPLIES","NO","FEMALE","MALE"
1983,64735,2,0,4,33790,5,185,1,1,1,2,2,3,1,2,2,1,1,3,3,5,1,1,30,22,"Female","Black","South (AL, AR, DE, DC, FL, GA, KY, LA, MD, MS, NC, OK, SC, TN , TX, VA, WV)","High school diploma (Regular 12 year program)","In CBSA, in central city","YES","3: Mother","NO","YES","NO","NO","YES","0: 0  CONDITION DOES NOT APPLY","ALWAYS WITH RIGHT HAND","ALWAYS WITH RIGHT HAND","ALWAYS WITH RIGHT HAND","ALWAYS WITH RIGHT HAND","ALWAYS WITH LEFT HAND","1: 1  CONDITION APPLIES","1: 1  CONDITION APPLIES","NO","FEMALE","FEMALE"
1981,64735,3,1,1,30000,5,184,1,1,2,4,3,4,2,1,1,1,1,5,2,6,1,1,34,20,"Male","Non-Black / Non-Hispanic","South (AL, AR, DE, DC, FL, GA, KY, LA, MD, MS, NC, OK, SC, TN , TX, VA, WV)","High school diploma (Regular 12 year program)","In CBSA, in central city","NO","3: Mother","NO","NO","NO","NO","YES","0: 0  CONDITION DOES NOT APPLY","ALWAYS WITH RIGHT HAND","ALWAYS WITH RIGHT HAND","ALWAYS WITH RIGHT HAND","ALWAYS WITH RIGHT HAND","ALWAYS WITH LEFT HAND","1: 1  CONDITION APPLIES","1: 1  CONDITION APPLIES","NO","FEMALE","MALE"
1982,64735,4,0,2,29000,5,181,1,1,3,2,2,3,2,2,1,2,1,6,1,8,1,1,31,27,"Male","Non-Black / Non-Hispanic","South (AL, AR, DE, DC, FL, GA, KY, LA, MD, MS, NC, OK, SC, TN , TX, VA, WV)","High school diploma (Regular 12 year program)","In CBSA, not in central city","NO","3: Mother","YES","NO","NO","NO","YES","0: 0  CONDITION DOES NOT APPLY","ALWAYS WITH RIGHT HAND","ALWAYS WITH RIGHT HAND","ALWAYS WITH RIGHT HAND","ALWAYS WITH RIGHT HAND","ALWAYS WITH LEFT HAND","1: 1  CONDITION APPLIES","1: 1  CONDITION APPLIES","NO","FEMALE","MALE"
1982,64735,6,1,3,33790,5,184,2,2,1,4,3,4,2,1,1,2,2,4,1,7,1,1,30,24,"Male","Non-Black / Non-Hispanic","South (AL, AR, DE, DC, FL, GA, KY, LA, MD, MS, NC, OK, SC, TN , TX, VA, WV)","High school diploma (Regular 12 year program)","In CBSA, not in central city","YES","3: Mother","YES","NO","NO","NO","NO","0: 0  CONDITION DOES NOT APPLY","ALWAYS WITH RIGHT HAND","ALWAYS WITH RIGHT HAND","ALWAYS WITH RIGHT HAND","ALWAYS WITH RIGHT HAND","ALWAYS WITH LEFT HAND","1: 1  CONDITION APPLIES","1: 1  CONDITION APPLIES","NO","FEMALE","FEMALE"
1983,25250,4,0,1,33790,5,182,1,1,2,4,2,2,2,1,2,1,1,2,2,6,1,1,34,37,"Male","Black","North Central (IL, IN, IA, KS, MI, MN, MO, NE, OH, ND, SD, WI)","None","Not in CBSA","NO","3: Mother","NO","YES","NO","NO","YES","0: 0  CONDITION DOES NOT APPLY","ALWAYS WITH RIGHT HAND","USUALLY WITH RIGHT HAND","ALWAYS WITH RIGHT HAND","ALWAYS WITH RIGHT HAND","ALWAYS WITH LEFT HAND","1: 1  CONDITION APPLIES","1: 1  CONDITION APPLIES","NO","FEMALE","FEMALE"
1983,64735,2,0,3,33790,5,140,1,1,2,3,1,1,1,2,2,2,2,5,3,7,1,1,35,24,"Female","Black","South (AL, AR, DE, DC, FL, GA, KY, LA, MD, MS, NC, OK, SC, TN , TX, VA, WV)","High school diploma (Regular 12 year program)","In CBSA, in central city","NO","3: Mother","YES","YES","NO","NO","YES","0: 0  CONDITION DOES NOT APPLY","ALWAYS WITH RIGHT HAND","ALWAYS WITH RIGHT HAND","ALWAYS WITH RIGHT HAND","ALWAYS WITH RIGHT HAND","ALWAYS WITH LEFT HAND","1: 1  CONDITION APPLIES","1: 1  CONDITION APPLIES","NO","FEMALE","MALE"
1982,64735,3,0,4,33790,5,170,1,1,3,5,2,3,2,2,1,2,2,1,3,7,1,1,28,22,"Male","Black","Northeast (CT, ME, MA, NH, NJ, NY, PA, RI, VT)","High school diploma (Regular 12 year program)","In CBSA, in central city","NO","3: Mother","NO","NO","NO","NO","YES","0: 0  CONDITION DOES NOT APPLY","ALWAYS WITH RIGHT HAND","ALWAYS WITH RIGHT HAND","ALWAYS WITH RIGHT HAND","ALWAYS WITH RIGHT HAND","ALWAYS WITH LEFT HAND","1: 1  CONDITION APPLIES","1: 1  CONDITION APPLIES","NO","MALE","MALE"
1984,64735,3,0,1,14000,5,182,1,2,2,4,4,4,2,1,1,1,2,6,2,6,1,1,33,21,"Male","Black","South (AL, AR, DE, DC, FL, GA, KY, LA, MD, MS, NC, OK, SC, TN , TX, VA, WV)","High school diploma (Regular 12 year program)","In CBSA, not in central city","NO","3: Mother","YES","NO","YES","NO","NO","0: 0  CONDITION DOES NOT APPLY","ALWAYS WITH RIGHT HAND","ALWAYS WITH RIGHT HAND","ALWAYS WITH RIGHT HAND","ALWAYS WITH RIGHT HAND","ALWAYS WITH LEFT HAND","1: 1  CONDITION APPLIES","1: 1  CONDITION APPLIES","NO","MALE","MALE"
1981,64735,2,0,4,33790,5,184,1,1,3,1,2,2,2,2,1,2,1,5,2,6,1,1,30,21,"Male","Non-Black / Non-Hispanic","South (AL, AR, DE, DC, FL, GA, KY, LA, MD, MS, NC, OK, SC, TN , TX, VA, WV)","Bachelor's degree (BA, BS)","In CBSA, not in central city","NO","3: Mother","NO","NO","NO","NO","YES","0: 0  CONDITION DOES NOT APPLY","ALWAYS WITH RIGHT HAND","ALWAYS WITH RIGHT HAND","ALWAYS WITH RIGHT HAND","ALWAYS WITH LEFT HAND","ALWAYS WITH RIGHT HAND","1: 1  CONDITION APPLIES","1: 1  CONDITION APPLIES","NO","FEMALE","MALE"
1984,64735,2,0,2,33790,5,183,1,2,5,3,2,7,2,2,1,1,1,6,2,8,1,1,33,23,"Male","Black","North Central (IL, IN, IA, KS, MI, MN, MO, NE, OH, ND, SD, WI)","High school diploma (Regular 12 year program)","In CBSA, not in central city","NO","3: Mother","NO","NO","NO","NO","YES","0: 0  CONDITION DOES NOT APPLY","ALWAYS WITH RIGHT HAND","ALWAYS WITH LEFT HAND","ALWAYS WITH LEFT HAND","ALWAYS WITH LEFT HAND","ALWAYS WITH LEFT HAND","1: 1  CONDITION APPLIES","1: 1  CONDITION APPLIES","NO","FEMALE","MALE"
1984,64735,5,1,1,33790,5,182,1,1,1,3,1,2,2,1,1,2,1,6,1,7,1,1,28,23,"Female","Non-Black / Non-Hispanic","South (AL, AR, DE, DC, FL, GA, KY, LA, MD, MS, NC, OK, SC, TN , TX, VA, WV)","Bachelor's degree (BA, BS)","In CBSA, not in central city","NO","3: Mother","NO","YES","NO","NO","YES","0: 0  CONDITION DOES NOT APPLY","ALWAYS WITH RIGHT HAND","ALWAYS WITH RIGHT HAND","ALWAYS WITH RIGHT HAND","ALWAYS WITH RIGHT HAND","ALWAYS WITH LEFT HAND","1: 1  CONDITION APPLIES","1: 1  CONDITION APPLIES","NO","MALE","FEMALE"
1983,64735,4,1,1,33790,6,181,1,1,4,3,3,4,2,2,2,2,1,3,2,7,1,1,31,19,"Female","Non-Black / Non-Hispanic","South (AL, AR, DE, DC, FL, GA, KY, LA, MD, MS, NC, OK, SC, TN , TX, VA, WV)","High school diploma (Regular 12 year program)","In CBSA, not in central city","NO","3: Mother","YES","NO","NO","NO","YES","0: 0  CONDITION DOES NOT APPLY","ALWAYS WITH RIGHT HAND","ALWAYS WITH RIGHT HAND","ALWAYS WITH RIGHT HAND","ALWAYS WITH RIGHT HAND","ALWAYS WITH LEFT HAND","1: 1  CONDITION APPLIES","1: 1  CONDITION APPLIES","NO","FEMALE","FEMALE"
1982,64735,4,1,1,33790,5,183,1,1,4,6,5,7,2,2,2,2,2,4,2,4,1,2,31,22,"Male","Non-Black / Non-Hispanic","Northeast (CT, ME, MA, NH, NJ, NY, PA, RI, VT)","High school diploma (Regular 12 year program)","In CBSA, in central city","NO","3: Mother","YES","NO","NO","NO","YES","0: 0  CONDITION DOES NOT APPLY","ALWAYS WITH RIGHT HAND","ALWAYS WITH RIGHT HAND","ALWAYS WITH RIGHT HAND","ALWAYS WITH RIGHT HAND","ALWAYS WITH LEFT HAND","1: 1  CONDITION APPLIES","1: 1  CONDITION APPLIES","NO","MALE","MALE"
1982,64735,3,0,4,33790,5,213,1,1,3,4,2,4,2,2,1,2,1,6,3,5,2,1,32,23,"Female","Hispanic","South (AL, AR, DE, DC, FL, GA, KY, LA, MD, MS, NC, OK, SC, TN , TX, VA, WV)","Bachelor's degree (BA, BS)","In CBSA, in central city","YES","3: Mother","NO","YES","NO","NO","YES","0: 0  CONDITION DOES NOT APPLY","ALWAYS WITH RIGHT HAND","USUALLY WITH RIGHT HAND","ALWAYS WITH RIGHT HAND","ALWAYS WITH RIGHT HAND","ALWAYS WITH LEFT HAND","1: 1  CONDITION APPLIES","1: 1  CONDITION APPLIES","NO","MALE","MALE"
1984,64735,3,0,3,22000,6,187,1,1,2,4,2,2,2,2,2,2,2,6,2,8,2,1,35,28,"Male","Non-Black / Non-Hispanic","West (AK, AZ, CA, CO, HI, ID, MT, NV, NM, OR, UT, WA, WY)","High school diploma (Regular 12 year program)","In CBSA, not in central city","YES","3: Mother","YES","NO","NO","NO","YES","1: 1  CONDITION APPLIES","ALWAYS WITH RIGHT HAND","ALWAYS WITH RIGHT HAND","USUALLY WITH RIGHT HAND","ALWAYS WITH RIGHT HAND","USUALLY WITH LEFT HAND","1: 1  CONDITION APPLIES","1: 1  CONDITION APPLIES","NO","FEMALE","FEMALE"
1981,64735,3,0,3,33790,5,180,1,1,1,4,5,5,2,2,2,2,1,4,3,6,1,1,29,15,"Female","Hispanic","North Central (IL, IN, IA, KS, MI, MN, MO, NE, OH, ND, SD, WI)","High school diploma (Regular 12 year program)","In CBSA, in central city","NO","3: Mother","YES","YES","NO","NO","YES","0: 0  CONDITION DOES NOT APPLY","ALWAYS WITH RIGHT HAND","USUALLY WITH BOTH HANDS EQUALLY","ALWAYS WITH RIGHT HAND","ALWAYS WITH RIGHT HAND","USUALLY WITH BOTH HANDS EQUALLY","0: 0  CONDITION DOES NOT APPLY","1: 1  CONDITION APPLIES","NO","MALE","FEMALE"
1982,64735,3,0,1,8000,5,183,1,2,5,2,5,2,2,2,1,2,1,3,2,6,1,1,42,56,"Male","Non-Black / Non-Hispanic","West (AK, AZ, CA, CO, HI, ID, MT, NV, NM, OR, UT, WA, WY)","Associate/Junior college (AA)","In CBSA, in central city","YES","3: Mother","YES","NO","NO","NO","YES","0: 0  CONDITION DOES NOT APPLY","ALWAYS WITH RIGHT HAND","ALWAYS WITH RIGHT HAND","ALWAYS WITH RIGHT HAND","ALWAYS WITH RIGHT HAND","ALWAYS WITH LEFT HAND","0: 0  CONDITION DOES NOT APPLY","1: 1  CONDITION APPLIES","NO","FEMALE","MALE"
1984,64735,3,1,3,33790,5,185,1,1,5,8,4,1,1,2,2,2,1,4,3,5,1,2,30,21,"Male","Non-Black / Non-Hispanic","West (AK, AZ, CA, CO, HI, ID, MT, NV, NM, OR, UT, WA, WY)","High school diploma (Regular 12 year program)","In CBSA, in central city","NO","3: Mother","YES","NO","YES","NO","YES","0: 0  CONDITION DOES NOT APPLY","ALWAYS WITH RIGHT HAND","ALWAYS WITH RIGHT HAND","USUALLY WITH BOTH HANDS EQUALLY","ALWAYS WITH RIGHT HAND","ALWAYS WITH LEFT HAND","1: 1  CONDITION APPLIES","1: 1  CONDITION APPLIES","NO","FEMALE","FEMALE"
1983,64735,3,1,2,33790,5,184,2,1,4,4,3,5,2,2,1,2,1,7,2,7,1,1,26,19,"Male","Non-Black / Non-Hispanic","North Central (IL, IN, IA, KS, MI, MN, MO, NE, OH, ND, SD, WI)","Bachelor's degree (BA, BS)","In CBSA, not in central city","NO","3: Mother","YES","NO","NO","NO","YES","0: 0  CONDITION DOES NOT APPLY","ALWAYS WITH RIGHT HAND","ALWAYS WITH RIGHT HAND","ALWAYS WITH RIGHT HAND","ALWAYS WITH RIGHT HAND","ALWAYS WITH LEFT HAND","1: 1  CONDITION APPLIES","1: 1  CONDITION APPLIES","NO","MALE","FEMALE"
1984,64735,3,0,4,33790,5,183,1,1,2,4,2,4,2,2,1,1,1,8,3,6,1,1,31,22,"Male","Non-Black / Non-Hispanic","South (AL, AR, DE, DC, FL, GA, KY, LA, MD, MS, NC, OK, SC, TN , TX, VA, WV)","High school diploma (Regular 12 year program)","In CBSA, in central city","NO","3: Mother","NO","YES","NO","NO","YES","0: 0  CONDITION DOES NOT APPLY","ALWAYS WITH RIGHT HAND","ALWAYS WITH RIGHT HAND","ALWAYS WITH RIGHT HAND","ALWAYS WITH RIGHT HAND","ALWAYS WITH LEFT HAND","1: 1  CONDITION APPLIES","1: 1  CONDITION APPLIES","NO","FEMALE","FEMALE"
1981,52000,2,1,2,33790,5,181,1,1,1,3,4,4,2,2,1,2,1,5,2,7,1,1,25,15,"Female","Non-Black / Non-Hispanic","South (AL, AR, DE, DC, FL, GA, KY, LA, MD, MS, NC, OK, SC, TN , TX, VA, WV)","Bachelor's degree (BA, BS)","In CBSA, in central city","NO","3: Mother","NO","YES","NO","NO","YES","0: 0  CONDITION DOES NOT APPLY","ALWAYS WITH RIGHT HAND","ALWAYS WITH RIGHT HAND","ALWAYS WITH RIGHT HAND","ALWAYS WITH RIGHT HAND","ALWAYS WITH LEFT HAND","1: 1  CONDITION APPLIES","1: 1  CONDITION APPLIES","NO","FEMALE","MALE"
1983,64735,3,1,4,33790,5,145,1,2,1,2,2,3,1,2,1,2,1,5,1,8,1,1,29,21,"Male","Non-Black / Non-Hispanic","South (AL, AR, DE, DC, FL, GA, KY, LA, MD, MS, NC, OK, SC, TN , TX, VA, WV)","Bachelor's degree (BA, BS)","In CBSA, in central city","NO","3: Mother","YES","NO","NO","NO","YES","0: 0  CONDITION DOES NOT APPLY","ALWAYS WITH RIGHT HAND","ALWAYS WITH RIGHT HAND","ALWAYS WITH RIGHT HAND","ALWAYS WITH RIGHT HAND","ALWAYS WITH LEFT HAND","1: 1  CONDITION APPLIES","1: 1  CONDITION APPLIES","NO","FEMALE","FEMALE"
1980,64735,4,1,2,34000,5,182,1,1,4,3,1,4,2,2,2,1,2,1,3,6,1,1,31,22,"Male","Black","South (AL, AR, DE, DC, FL, GA, KY, LA, MD, MS, NC, OK, SC, TN , TX, VA, WV)","High school diploma (Regular 12 year program)","In CBSA, not in central city","NO","3: Mother","NO","YES","NO","NO","NO","0: 0  CONDITION DOES NOT APPLY","ALWAYS WITH RIGHT HAND","USUALLY WITH RIGHT HAND","USUALLY WITH BOTH HANDS EQUALLY","ALWAYS WITH RIGHT HAND","ALWAYS WITH LEFT HAND","1: 1  CONDITION APPLIES","1: 1  CONDITION APPLIES","NO","FEMALE","MALE"
1985,64735,5,1,4,33790,5,180,2,2,6,3,3,2,1,2,1,2,1,5,2,7,1,1,31,18,"Female","Black","South (AL, AR, DE, DC, FL, GA, KY, LA, MD, MS, NC, OK, SC, TN , TX, VA, WV)","None","In CBSA, in central city","NO","3: Mother","YES","NO","NO","NO","YES","0: 0  CONDITION DOES NOT APPLY","ALWAYS WITH RIGHT HAND","ALWAYS WITH RIGHT HAND","ALWAYS WITH RIGHT HAND","ALWAYS WITH RIGHT HAND","ALWAYS WITH LEFT HAND","1: 1  CONDITION APPLIES","1: 1  CONDITION APPLIES","NO","FEMALE","FEMALE"
1981,64735,3,1,1,33790,5,181,1,1,1,3,2,3,2,2,2,1,1,6,6,6,1,1,35,22,"Female","Non-Black / Non-Hispanic","South (AL, AR, DE, DC, FL, GA, KY, LA, MD, MS, NC, OK, SC, TN , TX, VA, WV)","Bachelor's degree (BA, BS)","In CBSA, not in central city","NO","3: Mother","NO","NO","NO","NO","YES","0: 0  CONDITION DOES NOT APPLY","ALWAYS WITH RIGHT HAND","ALWAYS WITH RIGHT HAND","ALWAYS WITH RIGHT HAND","ALWAYS WITH RIGHT HAND","USUALLY WITH LEFT HAND","1: 1  CONDITION APPLIES","1: 1  CONDITION APPLIES","NO","FEMALE","FEMALE"
1983,64735,3,1,1,33790,6,183,2,2,4,4,2,4,1,1,1,1,1,5,3,8,1,1,29,18,"Female","Non-Black / Non-Hispanic","North Central (IL, IN, IA, KS, MI, MN, MO, NE, OH, ND, SD, WI)","None","In CBSA, not in central city","NO","3: Mother","YES","NO","NO","NO","YES","0: 0  CONDITION DOES NOT APPLY","ALWAYS WITH LEFT HAND","ALWAYS WITH LEFT HAND","ALWAYS WITH LEFT HAND","ALWAYS WITH RIGHT HAND","ALWAYS WITH RIGHT HAND","1: 1  CONDITION APPLIES","1: 1  CONDITION APPLIES","NO","FEMALE","FEMALE"
1983,64735,3,0,2,33790,5,184,1,1,3,4,2,4,2,1,2,2,2,6,1,6,1,1,33,22,"Female","Non-Black / Non-Hispanic","Northeast (CT, ME, MA, NH, NJ, NY, PA, RI, VT)","Associate/Junior college (AA)","In CBSA, in central city","NO","3: Mother","YES","NO","NO","NO","YES","0: 0  CONDITION DOES NOT APPLY","ALWAYS WITH RIGHT HAND","ALWAYS WITH RIGHT HAND","ALWAYS WITH RIGHT HAND","ALWAYS WITH RIGHT HAND","ALWAYS WITH LEFT HAND","0: 0  CONDITION DOES NOT APPLY","1: 1  CONDITION APPLIES","NO","FEMALE","MALE"
1984,64735,3,0,2,33790,6,186,1,1,2,5,7,3,1,2,1,2,2,4,2,6,1,1,33,20,"Male","Non-Black / Non-Hispanic","South (AL, AR, DE, DC, FL, GA, KY, LA, MD, MS, NC, OK, SC, TN , TX, VA, WV)","High school diploma (Regular 12 year program)","In CBSA, not in central city","NO","3: Mother","NO","YES","NO","NO","NO","0: 0  CONDITION DOES NOT APPLY","ALWAYS WITH RIGHT HAND","ALWAYS WITH RIGHT HAND","ALWAYS WITH RIGHT HAND","ALWAYS WITH RIGHT HAND","ALWAYS WITH LEFT HAND","1: 1  CONDITION APPLIES","1: 1  CONDITION APPLIES","NO","FEMALE","FEMALE"
1980,48250,5,0,2,33790,5,182,2,1,1,3,2,3,1,1,2,2,1,1,1,7,1,1,30,19,"Male","Non-Black / Non-Hispanic","South (AL, AR, DE, DC, FL, GA, KY, LA, MD, MS, NC, OK, SC, TN , TX, VA, WV)","None","In CBSA, in central city","NO","3: Mother","NO","YES","NO","NO","YES","0: 0  CONDITION DOES NOT APPLY","ALWAYS WITH RIGHT HAND","ALWAYS WITH RIGHT HAND","ALWAYS WITH RIGHT HAND","ALWAYS WITH RIGHT HAND","ALWAYS WITH LEFT HAND","0: 0  CONDITION DOES NOT APPLY","1: 1  CONDITION APPLIES","YES","MALE","FEMALE"
1984,64735,2,1,1,33790,5,183,1,1,2,4,1,5,2,2,1,2,1,6,3,7,1,1,30,22,"Male","Non-Black / Non-Hispanic","South (AL, AR, DE, DC, FL, GA, KY, LA, MD, MS, NC, OK, SC, TN , TX, VA, WV)","Bachelor's degree (BA, BS)","In CBSA, not in central city","NO","3: Mother","YES","NO","NO","NO","YES","0: 0  CONDITION DOES NOT APPLY","ALWAYS WITH RIGHT HAND","ALWAYS WITH RIGHT HAND","ALWAYS WITH RIGHT HAND","ALWAYS WITH RIGHT HAND","ALWAYS WITH LEFT HAND","1: 1  CONDITION APPLIES","1: 1  CONDITION APPLIES","NO","FEMALE","MALE"
1984,64735,2,0,3,33790,5,183,2,1,3,5,3,3,1,1,2,2,1,6,5,8,1,1,30,22,"Female","Non-Black / Non-Hispanic","West (AK, AZ, CA, CO, HI, ID, MT, NV, NM, OR, UT, WA, WY)","High school diploma (Regular 12 year program)","In CBSA, not in central city","NO","3: Mother","YES","NO","NO","NO","YES","0: 0  CONDITION DOES NOT APPLY","ALWAYS WITH RIGHT HAND","ALWAYS WITH RIGHT HAND","ALWAYS WITH RIGHT HAND","ALWAYS WITH RIGHT HAND","ALWAYS WITH LEFT HAND","1: 1  CONDITION APPLIES","1: 1  CONDITION APPLIES","NO","FEMALE","FEMALE"
1980,64735,2,0,2,33790,6,183,1,1,5,3,2,4,2,2,1,2,1,5,2,7,1,1,28,21,"Male","Non-Black / Non-Hispanic","South (AL, AR, DE, DC, FL, GA, KY, LA, MD, MS, NC, OK, SC, TN , TX, VA, WV)","High school diploma (Regular 12 year program)","In CBSA, not in central city","NO","3: Mother","YES","NO","NO","NO","YES","0: 0  CONDITION DOES NOT APPLY","ALWAYS WITH LEFT HAND","ALWAYS WITH RIGHT HAND","ALWAYS WITH LEFT HAND","ALWAYS WITH LEFT HAND","ALWAYS WITH LEFT HAND","1: 1  CONDITION APPLIES","1: 1  CONDITION APPLIES","NO","FEMALE","FEMALE"
1982,64735,3,1,3,33790,5,182,1,2,6,2,1,2,1,2,2,2,1,6,3,7,1,1,34,25,"Female","Black","Northeast (CT, ME, MA, NH, NJ, NY, PA, RI, VT)","High school diploma (Regular 12 year program)","In CBSA, not in central city","YES","3: Mother","NO","NO","NO","NO","YES","0: 0  CONDITION DOES NOT APPLY","ALWAYS WITH RIGHT HAND","ALWAYS WITH RIGHT HAND","ALWAYS WITH RIGHT HAND","ALWAYS WITH RIGHT HAND","ALWAYS WITH LEFT HAND","1: 1  CONDITION APPLIES","1: 1  CONDITION APPLIES","NO","MALE","MALE"
1983,64735,3,1,1,33790,5,183,1,2,2,3,6,4,2,2,2,1,1,6,1,6,1,1,30,21,"Female","Non-Black / Non-Hispanic","South (AL, AR, DE, DC, FL, GA, KY, LA, MD, MS, NC, OK, SC, TN , TX, VA, WV)","High school diploma (Regular 12 year program)","In CBSA, not in central city","NO","3: Mother","NO","NO","NO","NO","YES","0: 0  CONDITION DOES NOT APPLY","ALWAYS WITH RIGHT HAND","ALWAYS WITH RIGHT HAND","ALWAYS WITH RIGHT HAND","ALWAYS WITH RIGHT HAND","ALWAYS WITH LEFT HAND","1: 1  CONDITION APPLIES","1: 1  CONDITION APPLIES","NO","MALE","FEMALE"
1981,64735,4,1,1,33790,5,182,1,1,7,2,2,5,2,2,1,1,2,6,3,8,1,1,19,18,"Female","Hispanic","West (AK, AZ, CA, CO, HI, ID, MT, NV, NM, OR, UT, WA, WY)","High school diploma (Regular 12 year program)","In CBSA, not in central city","NO","3: Mother","NO","YES","NO","NO","YES","0: 0  CONDITION DOES NOT APPLY","ALWAYS WITH RIGHT HAND","USUALLY WITH LEFT HAND","ALWAYS WITH RIGHT HAND","USUALLY WITH RIGHT HAND","ALWAYS WITH LEFT HAND","1: 1  CONDITION APPLIES","1: 1  CONDITION APPLIES","NO","FEMALE","MALE"
1983,64735,3,0,6,41000,5,182,1,2,2,3,3,3,2,2,1,2,1,5,4,7,1,1,29,22,"Female","Non-Black / Non-Hispanic","South (AL, AR, DE, DC, FL, GA, KY, LA, MD, MS, NC, OK, SC, TN , TX, VA, WV)","Bachelor's degree (BA, BS)","In CBSA, not in central city","NO","3: Mother","YES","YES","YES","NO","YES","0: 0  CONDITION DOES NOT APPLY","ALWAYS WITH RIGHT HAND","ALWAYS WITH RIGHT HAND","ALWAYS WITH RIGHT HAND","ALWAYS WITH RIGHT HAND","ALWAYS WITH LEFT HAND","1: 1  CONDITION APPLIES","1: 1  CONDITION APPLIES","NO","MALE","MALE"
1982,199330,4,1,2,33790,5,182,1,1,4,4,3,3,2,2,1,2,1,6,1,7,1,1,28,18,"Male","Hispanic","North Central (IL, IN, IA, KS, MI, MN, MO, NE, OH, ND, SD, WI)","Bachelor's degree (BA, BS)","In CBSA, not in central city","YES","3: Mother","NO","NO","YES","NO","YES","0: 0  CONDITION DOES NOT APPLY","ALWAYS WITH RIGHT HAND","ALWAYS WITH RIGHT HAND","ALWAYS WITH RIGHT HAND","DON'T DO THIS ACTIVITY","ALWAYS WITH LEFT HAND","1: 1  CONDITION APPLIES","1: 1  CONDITION APPLIES","YES","FEMALE","FEMALE"
1980,64735,4,1,3,33790,5,186,2,3,4,5,2,2,2,2,2,2,1,6,1,7,1,1,33,21,"Male","Non-Black / Non-Hispanic","South (AL, AR, DE, DC, FL, GA, KY, LA, MD, MS, NC, OK, SC, TN , TX, VA, WV)","None","In CBSA, in central city","NO","3: Mother","NO","NO","NO","NO","YES","0: 0  CONDITION DOES NOT APPLY","ALWAYS WITH LEFT HAND","USUALLY WITH BOTH HANDS EQUALLY","ALWAYS WITH LEFT HAND","ALWAYS WITH RIGHT HAND","ALWAYS WITH LEFT HAND","1: 1  CONDITION APPLIES","1: 1  CONDITION APPLIES","NO","FEMALE","MALE"
1983,154000,3,1,3,33790,6,182,1,2,5,4,4,4,2,2,1,2,2,8,4,7,1,1,32,21,"Female","Black","South (AL, AR, DE, DC, FL, GA, KY, LA, MD, MS, NC, OK, SC, TN , TX, VA, WV)","High school diploma (Regular 12 year program)","In CBSA, in central city","NO","3: Mother","NO","NO","NO","NO","YES","0: 0  CONDITION DOES NOT APPLY","ALWAYS WITH RIGHT HAND","ALWAYS WITH RIGHT HAND","ALWAYS WITH RIGHT HAND","ALWAYS WITH RIGHT HAND","ALWAYS WITH LEFT HAND","1: 1  CONDITION APPLIES","1: 1  CONDITION APPLIES","NO","FEMALE","MALE"
1983,64735,3,1,6,41500,5,165,1,1,3,2,3,7,2,2,1,2,2,3,3,8,1,1,27,19,"Male","Non-Black / Non-Hispanic","South (AL, AR, DE, DC, FL, GA, KY, LA, MD, MS, NC, OK, SC, TN , TX, VA, WV)","Bachelor's degree (BA, BS)","In CBSA, not in central city","NO","3: Mother","YES","NO","NO","NO","YES","0: 0  CONDITION DOES NOT APPLY","ALWAYS WITH RIGHT HAND","ALWAYS WITH RIGHT HAND","ALWAYS WITH RIGHT HAND","ALWAYS WITH RIGHT HAND","ALWAYS WITH RIGHT HAND","0: 0  CONDITION DOES NOT APPLY","1: 1  CONDITION APPLIES","NO","MALE","MALE"
1980,64735,2,0,5,33790,5,184,1,2,2,5,2,2,2,2,1,2,2,7,4,7,1,1,33,26,"Female","Non-Black / Non-Hispanic","South (AL, AR, DE, DC, FL, GA, KY, LA, MD, MS, NC, OK, SC, TN , TX, VA, WV)","High school diploma (Regular 12 year program)","In CBSA, in central city","NO","3: Mother","NO","YES","NO","NO","NO","0: 0  CONDITION DOES NOT APPLY","ALWAYS WITH RIGHT HAND","ALWAYS WITH RIGHT HAND","ALWAYS WITH RIGHT HAND","ALWAYS WITH RIGHT HAND","ALWAYS WITH LEFT HAND","1: 1  CONDITION APPLIES","1: 1  CONDITION APPLIES","NO","MALE","MALE"
1980,64735,5,1,2,33790,5,140,1,1,3,4,2,3,2,2,1,2,1,6,4,5,1,1,31,24,"Female","Black","South (AL, AR, DE, DC, FL, GA, KY, LA, MD, MS, NC, OK, SC, TN , TX, VA, WV)","GED","In CBSA, not in central city","YES","3: Mother","NO","NO","NO","NO","YES","0: 0  CONDITION DOES NOT APPLY","ALWAYS WITH RIGHT HAND","ALWAYS WITH RIGHT HAND","ALWAYS WITH RIGHT HAND","ALWAYS WITH RIGHT HAND","ALWAYS WITH RIGHT HAND","1: 1  CONDITION APPLIES","1: 1  CONDITION APPLIES","NO","FEMALE","MALE"
1984,64735,2,1,2,33790,5,198,1,1,1,4,4,6,2,2,2,2,1,3,3,8,1,1,29,19,"Male","Non-Black / Non-Hispanic","South (AL, AR, DE, DC, FL, GA, KY, LA, MD, MS, NC, OK, SC, TN , TX, VA, WV)","Bachelor's degree (BA, BS)","In CBSA, not in central city","NO","3: Mother","YES","NO","NO","NO","YES","0: 0  CONDITION DOES NOT APPLY","ALWAYS WITH RIGHT HAND","ALWAYS WITH RIGHT HAND","ALWAYS WITH RIGHT HAND","ALWAYS WITH RIGHT HAND","ALWAYS WITH LEFT HAND","1: 1  CONDITION APPLIES","1: 1  CONDITION APPLIES","NO","FEMALE","FEMALE"
1981,70000,3,1,1,20000,5,182,1,1,2,1,1,2,2,1,1,1,1,4,3,6,1,1,33,20,"Male","Non-Black / Non-Hispanic","South (AL, AR, DE, DC, FL, GA, KY, LA, MD, MS, NC, OK, SC, TN , TX, VA, WV)","GED","In CBSA, in central city","NO","3: Mother","NO","NO","NO","NO","YES","0: 0  CONDITION DOES NOT APPLY","ALWAYS WITH RIGHT HAND","ALWAYS WITH RIGHT HAND","ALWAYS WITH RIGHT HAND","ALWAYS WITH RIGHT HAND","ALWAYS WITH LEFT HAND","1: 1  CONDITION APPLIES","1: 1  CONDITION APPLIES","NO","FEMALE","FEMALE"
1982,64735,2,0,1,33790,5,184,1,2,3,3,5,4,2,2,2,1,2,4,2,6,1,1,33,18,"Female","Non-Black / Non-Hispanic","South (AL, AR, DE, DC, FL, GA, KY, LA, MD, MS, NC, OK, SC, TN , TX, VA, WV)","High school diploma (Regular 12 year program)","In CBSA, not in central city","NO","3: Mother","NO","NO","NO","NO","YES","0: 0  CONDITION DOES NOT APPLY","ALWAYS WITH RIGHT HAND","ALWAYS WITH RIGHT HAND","ALWAYS WITH RIGHT HAND","ALWAYS WITH RIGHT HAND","ALWAYS WITH LEFT HAND","1: 1  CONDITION APPLIES","0: 0  CONDITION DOES NOT APPLY","NO","MALE","FEMALE"
1981,64735,4,0,2,33790,5,125,2,2,1,4,5,3,1,2,2,1,1,5,3,6,1,1,32,18,"Female","Black","South (AL, AR, DE, DC, FL, GA, KY, LA, MD, MS, NC, OK, SC, TN , TX, VA, WV)","High school diploma (Regular 12 year program)","In CBSA, in central city","NO","3: Mother","YES","YES","NO","NO","YES","0: 0  CONDITION DOES NOT APPLY","ALWAYS WITH LEFT HAND","USUALLY WITH BOTH HANDS EQUALLY","ALWAYS WITH RIGHT HAND","ALWAYS WITH RIGHT HAND","ALWAYS WITH LEFT HAND","1: 1  CONDITION APPLIES","1: 1  CONDITION APPLIES","NO","FEMALE","FEMALE"
1982,64735,3,0,3,33790,5,186,3,1,3,4,2,3,2,2,1,2,1,2,6,7,1,1,29,19,"Female","Black","South (AL, AR, DE, DC, FL, GA, KY, LA, MD, MS, NC, OK, SC, TN , TX, VA, WV)","High school diploma (Regular 12 year program)","In CBSA, not in central city","YES","3: Mother","NO","YES","NO","NO","YES","0: 0  CONDITION DOES NOT APPLY","ALWAYS WITH LEFT HAND","ALWAYS WITH LEFT HAND","ALWAYS WITH LEFT HAND","ALWAYS WITH LEFT HAND","USUALLY WITH LEFT HAND","1: 1  CONDITION APPLIES","1: 1  CONDITION APPLIES","NO","FEMALE","MALE"
1982,64735,3,1,4,41000,5,200,1,1,3,4,2,2,1,1,2,1,1,5,3,7,1,1,32,21,"Male","Hispanic","South (AL, AR, DE, DC, FL, GA, KY, LA, MD, MS, NC, OK, SC, TN , TX, VA, WV)","None","Not in country","NO","3: Mother","YES","NO","NO","NO","YES","0: 0  CONDITION DOES NOT APPLY","ALWAYS WITH RIGHT HAND","ALWAYS WITH RIGHT HAND","USUALLY WITH BOTH HANDS EQUALLY","ALWAYS WITH RIGHT HAND","ALWAYS WITH LEFT HAND","1: 1  CONDITION APPLIES","1: 1  CONDITION APPLIES","NO","MALE","FEMALE"
1983,64735,3,0,4,33790,5,183,1,2,1,3,1,4,2,2,1,2,1,3,2,7,2,1,28,20,"Male","Black","South (AL, AR, DE, DC, FL, GA, KY, LA, MD, MS, NC, OK, SC, TN , TX, VA, WV)","High school diploma (Regular 12 year program)","In CBSA, not in central city","NO","3: Mother","NO","YES","NO","NO","NO","0: 0  CONDITION DOES NOT APPLY","ALWAYS WITH RIGHT HAND","ALWAYS WITH RIGHT HAND","ALWAYS WITH RIGHT HAND","ALWAYS WITH RIGHT HAND","ALWAYS WITH LEFT HAND","1: 1  CONDITION APPLIES","1: 1  CONDITION APPLIES","NO","MALE","MALE"
1983,64735,2,0,2,33790,5,183,1,1,2,3,2,3,2,2,2,2,2,6,2,7,2,1,32,24,"Male","Mixed Race (Non-Hispanic)","South (AL, AR, DE, DC, FL, GA, KY, LA, MD, MS, NC, OK, SC, TN , TX, VA, WV)","Associate/Junior college (AA)","In CBSA, in central city","NO","3: Mother","NO","NO","NO","NO","YES","0: 0  CONDITION DOES NOT APPLY","ALWAYS WITH RIGHT HAND","ALWAYS WITH RIGHT HAND","ALWAYS WITH RIGHT HAND","ALWAYS WITH RIGHT HAND","ALWAYS WITH LEFT HAND","0: 0  CONDITION DOES NOT APPLY","1: 1  CONDITION APPLIES","NO","FEMALE","MALE"
1983,64735,4,1,4,33790,5,177,1,1,2,3,2,4,1,2,2,1,1,5,4,7,1,1,34,18,"Female","Non-Black / Non-Hispanic","Northeast (CT, ME, MA, NH, NJ, NY, PA, RI, VT)","Bachelor's degree (BA, BS)","In CBSA, not in central city","NO","3: Mother","NO","NO","NO","NO","YES","0: 0  CONDITION DOES NOT APPLY","ALWAYS WITH RIGHT HAND","ALWAYS WITH RIGHT HAND","ALWAYS WITH RIGHT HAND","ALWAYS WITH RIGHT HAND","ALWAYS WITH LEFT HAND","0: 0  CONDITION DOES NOT APPLY","0: 0  CONDITION DOES NOT APPLY","NO","FEMALE","FEMALE"
1980,64735,7,1,5,33790,5,182,1,2,2,3,2,5,1,1,1,2,2,5,5,6,1,1,32,16,"Female","Black","West (AK, AZ, CA, CO, HI, ID, MT, NV, NM, OR, UT, WA, WY)","Bachelor's degree (BA, BS)","In CBSA, in central city","NO","3: Mother","YES","YES","NO","NO","NO","0: 0  CONDITION DOES NOT APPLY","ALWAYS WITH RIGHT HAND","ALWAYS WITH RIGHT HAND","ALWAYS WITH RIGHT HAND","ALWAYS WITH RIGHT HAND","ALWAYS WITH LEFT HAND","1: 1  CONDITION APPLIES","1: 1  CONDITION APPLIES","NO","FEMALE","FEMALE"
1981,44000,3,0,2,33790,5,181,1,1,1,5,5,4,2,2,1,2,1,6,4,6,1,1,31,23,"Female","Non-Black / Non-Hispanic","South (AL, AR, DE, DC, FL, GA, KY, LA, MD, MS, NC, OK, SC, TN , TX, VA, WV)","Master's degree (MA, MS)","In CBSA, not in central city","NO","3: Mother","YES","NO","NO","NO","YES","0: 0  CONDITION DOES NOT APPLY","ALWAYS WITH RIGHT HAND","ALWAYS WITH RIGHT HAND","ALWAYS WITH RIGHT HAND","ALWAYS WITH RIGHT HAND","ALWAYS WITH LEFT HAND","1: 1  CONDITION APPLIES","1: 1  CONDITION APPLIES","NO","FEMALE","FEMALE"
1980,64735,4,0,1,33790,5,181,1,1,3,4,5,4,2,2,2,1,1,6,1,7,1,1,31,20,"Female","Black","South (AL, AR, DE, DC, FL, GA, KY, LA, MD, MS, NC, OK, SC, TN , TX, VA, WV)","High school diploma (Regular 12 year program)","In CBSA, not in central city","NO","3: Mother","YES","NO","NO","NO","YES","0: 0  CONDITION DOES NOT APPLY","ALWAYS WITH RIGHT HAND","ALWAYS WITH RIGHT HAND","ALWAYS WITH RIGHT HAND","ALWAYS WITH RIGHT HAND","USUALLY WITH BOTH HANDS EQUALLY","1: 1  CONDITION APPLIES","1: 1  CONDITION APPLIES","NO","FEMALE","MALE"
1982,64735,1,0,2,33790,5,181,1,2,1,3,5,5,2,2,1,2,1,8,4,6,2,2,32,23,"Male","Non-Black / Non-Hispanic","South (AL, AR, DE, DC, FL, GA, KY, LA, MD, MS, NC, OK, SC, TN , TX, VA, WV)","Master's degree (MA, MS)","In CBSA, not in central city","NO","3: Mother","YES","NO","NO","NO","YES","0: 0  CONDITION DOES NOT APPLY","ALWAYS WITH RIGHT HAND","ALWAYS WITH RIGHT HAND","ALWAYS WITH RIGHT HAND","ALWAYS WITH RIGHT HAND","ALWAYS WITH LEFT HAND","1: 1  CONDITION APPLIES","1: 1  CONDITION APPLIES","NO","FEMALE","MALE"
1980,64735,5,1,2,33790,5,180,1,1,2,2,2,3,2,2,2,1,1,6,3,9,1,1,32,25,"Male","Non-Black / Non-Hispanic","South (AL, AR, DE, DC, FL, GA, KY, LA, MD, MS, NC, OK, SC, TN , TX, VA, WV)","High school diploma (Regular 12 year program)","In CBSA, in central city","NO","3: Mother","NO","YES","NO","NO","YES","0: 0  CONDITION DOES NOT APPLY","ALWAYS WITH RIGHT HAND","ALWAYS WITH RIGHT HAND","ALWAYS WITH RIGHT HAND","ALWAYS WITH RIGHT HAND","ALWAYS WITH LEFT HAND","1: 1  CONDITION APPLIES","1: 1  CONDITION APPLIES","NO","FEMALE","MALE"
1983,80000,3,1,1,33790,5,182,2,1,3,5,4,4,2,2,1,2,1,6,1,7,1,1,3,16,"Female","Hispanic","Northeast (CT, ME, MA, NH, NJ, NY, PA, RI, VT)","Associate/Junior college (AA)","In CBSA, in central city","NO","3: Mother","YES","YES","NO","NO","YES","0: 0  CONDITION DOES NOT APPLY","ALWAYS WITH RIGHT HAND","ALWAYS WITH RIGHT HAND","ALWAYS WITH RIGHT HAND","ALWAYS WITH RIGHT HAND","ALWAYS WITH LEFT HAND","1: 1  CONDITION APPLIES","1: 1  CONDITION APPLIES","YES","MALE","MALE"
1982,64735,2,0,3,33790,5,182,1,1,6,4,3,3,2,2,1,2,2,6,1,8,1,1,32,24,"Female","Non-Black / Non-Hispanic","South (AL, AR, DE, DC, FL, GA, KY, LA, MD, MS, NC, OK, SC, TN , TX, VA, WV)","Associate/Junior college (AA)","In CBSA, not in central city","NO","3: Mother","YES","NO","YES","NO","YES","0: 0  CONDITION DOES NOT APPLY","ALWAYS WITH RIGHT HAND","ALWAYS WITH RIGHT HAND","ALWAYS WITH RIGHT HAND","ALWAYS WITH RIGHT HAND","USUALLY WITH RIGHT HAND","1: 1  CONDITION APPLIES","1: 1  CONDITION APPLIES","NO","FEMALE","MALE"
1981,64735,3,0,3,33790,6,181,1,1,5,5,4,3,2,2,1,1,1,6,2,8,1,1,31,26,"Male","Non-Black / Non-Hispanic","South (AL, AR, DE, DC, FL, GA, KY, LA, MD, MS, NC, OK, SC, TN , TX, VA, WV)","Professional degree (DDS, JD, MD)","In CBSA, not in central city","NO","3: Mother","YES","NO","YES","NO","YES","0: 0  CONDITION DOES NOT APPLY","ALWAYS WITH RIGHT HAND","ALWAYS WITH RIGHT HAND","ALWAYS WITH LEFT HAND","USUALLY WITH RIGHT HAND","ALWAYS WITH LEFT HAND","1: 1  CONDITION APPLIES","1: 1  CONDITION APPLIES","NO","MALE","MALE"
1981,64735,2,0,6,33790,5,182,2,1,5,2,4,1,2,2,2,2,1,4,2,7,3,1,32,24,"Male","Non-Black / Non-Hispanic","South (AL, AR, DE, DC, FL, GA, KY, LA, MD, MS, NC, OK, SC, TN , TX, VA, WV)","Bachelor's degree (BA, BS)","In CBSA, not in central city","NO","3: Mother","YES","NO","YES","NO","YES","0: 0  CONDITION DOES NOT APPLY","ALWAYS WITH RIGHT HAND","ALWAYS WITH RIGHT HAND","ALWAYS WITH RIGHT HAND","ALWAYS WITH RIGHT HAND","ALWAYS WITH LEFT HAND","1: 1  CONDITION APPLIES","1: 1  CONDITION APPLIES","NO","FEMALE","FEMALE"
1984,64735,2,0,1,33790,6,184,1,1,4,4,5,4,2,2,2,2,1,6,2,5,1,3,37,27,"Male","Hispanic","South (AL, AR, DE, DC, FL, GA, KY, LA, MD, MS, NC, OK, SC, TN , TX, VA, WV)","Master's degree (MA, MS)","In CBSA, not in central city","NO","3: Mother","YES","NO","NO","NO","YES","0: 0  CONDITION DOES NOT APPLY","ALWAYS WITH RIGHT HAND","ALWAYS WITH RIGHT HAND","ALWAYS WITH RIGHT HAND","ALWAYS WITH RIGHT HAND","ALWAYS WITH LEFT HAND","1: 1  CONDITION APPLIES","1: 1  CONDITION APPLIES","NO","FEMALE","MALE"
1982,64735,3,0,1,33790,5,182,2,1,3,4,3,5,2,1,1,2,2,4,2,7,1,1,35,22,"Female","Non-Black / Non-Hispanic","South (AL, AR, DE, DC, FL, GA, KY, LA, MD, MS, NC, OK, SC, TN , TX, VA, WV)","High school diploma (Regular 12 year program)","In CBSA, not in central city","YES","3: Mother","YES","NO","NO","NO","YES","0: 0  CONDITION DOES NOT APPLY","ALWAYS WITH LEFT HAND","ALWAYS WITH LEFT HAND","ALWAYS WITH LEFT HAND","ALWAYS WITH LEFT HAND","ALWAYS WITH RIGHT HAND","1: 1  CONDITION APPLIES","1: 1  CONDITION APPLIES","NO","MALE","MALE"
1980,64735,2,0,2,33790,5,183,1,2,4,4,6,2,2,2,2,1,2,8,1,8,3,1,31,23,"Male","Non-Black / Non-Hispanic","Northeast (CT, ME, MA, NH, NJ, NY, PA, RI, VT)","High school diploma (Regular 12 year program)","Not in country","NO","3: Mother","NO","NO","NO","NO","YES","1: 1  CONDITION APPLIES","ALWAYS WITH RIGHT HAND","ALWAYS WITH RIGHT HAND","ALWAYS WITH RIGHT HAND","ALWAYS WITH RIGHT HAND","ALWAYS WITH LEFT HAND","1: 1  CONDITION APPLIES","0: 0  CONDITION DOES NOT APPLY","NO","MALE","MALE"
1983,64735,3,0,4,33790,5,184,1,1,1,4,3,4,2,2,1,2,1,6,3,6,1,1,27,18,"Female","Non-Black / Non-Hispanic","South (AL, AR, DE, DC, FL, GA, KY, LA, MD, MS, NC, OK, SC, TN , TX, VA, WV)","High school diploma (Regular 12 year program)","In CBSA, in central city","NO","3: Mother","YES","NO","NO","NO","YES","0: 0  CONDITION DOES NOT APPLY","ALWAYS WITH RIGHT HAND","ALWAYS WITH RIGHT HAND","ALWAYS WITH RIGHT HAND","ALWAYS WITH RIGHT HAND","ALWAYS WITH LEFT HAND","1: 1  CONDITION APPLIES","1: 1  CONDITION APPLIES","NO","FEMALE","FEMALE"
1982,64735,4,0,1,33790,5,179,1,2,2,2,3,4,1,2,1,1,1,4,3,5,1,1,30,20,"Female","Black","South (AL, AR, DE, DC, FL, GA, KY, LA, MD, MS, NC, OK, SC, TN , TX, VA, WV)","High school diploma (Regular 12 year program)","In CBSA, not in central city","NO","3: Mother","YES","YES","NO","NO","YES","0: 0  CONDITION DOES NOT APPLY","ALWAYS WITH RIGHT HAND","ALWAYS WITH RIGHT HAND","ALWAYS WITH RIGHT HAND","ALWAYS WITH RIGHT HAND","ALWAYS WITH LEFT HAND","1: 1  CONDITION APPLIES","1: 1  CONDITION APPLIES","NO","MALE","MALE"
1983,64735,1,0,2,33790,5,185,2,1,4,4,2,6,2,1,1,2,2,4,3,6,1,1,35,22,"Female","Black","West (AK, AZ, CA, CO, HI, ID, MT, NV, NM, OR, UT, WA, WY)","High school diploma (Regular 12 year program)","In CBSA, in central city","NO","3: Mother","YES","NO","NO","NO","YES","0: 0  CONDITION DOES NOT APPLY","ALWAYS WITH RIGHT HAND","ALWAYS WITH RIGHT HAND","ALWAYS WITH RIGHT HAND","ALWAYS WITH RIGHT HAND","ALWAYS WITH LEFT HAND","1: 1  CONDITION APPLIES","1: 1  CONDITION APPLIES","NO","FEMALE","MALE"
1984,64735,3,1,1,38600,6,182,1,1,2,4,2,4,2,2,1,2,1,7,2,6,1,1,29,20,"Female","Black","South (AL, AR, DE, DC, FL, GA, KY, LA, MD, MS, NC, OK, SC, TN , TX, VA, WV)","High school diploma (Regular 12 year program)","Not in CBSA","NO","3: Mother","NO","NO","NO","NO","YES","0: 0  CONDITION DOES NOT APPLY","ALWAYS WITH RIGHT HAND","ALWAYS WITH RIGHT HAND","ALWAYS WITH RIGHT HAND","ALWAYS WITH RIGHT HAND","ALWAYS WITH LEFT HAND","1: 1  CONDITION APPLIES","1: 1  CONDITION APPLIES","NO","FEMALE","FEMALE"
1982,64735,2,1,3,33790,5,180,1,2,3,4,3,3,1,2,2,2,1,6,1,6,1,1,32,19,"Female","Black","North Central (IL, IN, IA, KS, MI, MN, MO, NE, OH, ND, SD, WI)","High school diploma (Regular 12 year program)","In CBSA, not in central city","NO","3: Mother","YES","NO","NO","NO","YES","0: 0  CONDITION DOES NOT APPLY","ALWAYS WITH RIGHT HAND","ALWAYS WITH RIGHT HAND","ALWAYS WITH LEFT HAND","ALWAYS WITH RIGHT HAND","ALWAYS WITH LEFT HAND","1: 1  CONDITION APPLIES","0: 0  CONDITION DOES NOT APPLY","NO","FEMALE","FEMALE"
1982,64735,2,1,1,33790,5,181,1,2,3,3,3,2,2,1,2,2,1,4,1,6,1,1,32,18,"Female","Hispanic","West (AK, AZ, CA, CO, HI, ID, MT, NV, NM, OR, UT, WA, WY)","High school diploma (Regular 12 year program)","In CBSA, not in central city","NO","3: Mother","YES","NO","NO","NO","NO","0: 0  CONDITION DOES NOT APPLY","ALWAYS WITH RIGHT HAND","ALWAYS WITH RIGHT HAND","ALWAYS WITH RIGHT HAND","ALWAYS WITH RIGHT HAND","ALWAYS WITH LEFT HAND","1: 1  CONDITION APPLIES","1: 1  CONDITION APPLIES","NO","MALE","FEMALE"
1982,64735,4,0,3,33790,5,179,1,2,3,3,6,3,2,2,2,2,1,3,1,6,1,1,30,20,"Male","Non-Black / Non-Hispanic","South (AL, AR, DE, DC, FL, GA, KY, LA, MD, MS, NC, OK, SC, TN , TX, VA, WV)","GED","Not in CBSA","NO","3: Mother","NO","NO","NO","NO","YES","0: 0  CONDITION DOES NOT APPLY","USUALLY WITH LEFT HAND","ALWAYS WITH RIGHT HAND","ALWAYS WITH RIGHT HAND","ALWAYS WITH RIGHT HAND","ALWAYS WITH LEFT HAND","1: 1  CONDITION APPLIES","1: 1  CONDITION APPLIES","NO","MALE","FEMALE"
1985,64735,3,1,1,33790,5,140,1,1,3,2,2,5,1,2,1,2,1,6,2,7,2,1,31,23,"Female","Black","Northeast (CT, ME, MA, NH, NJ, NY, PA, RI, VT)","High school diploma (Regular 12 year program)","In CBSA, not in central city","NO","3: Mother","YES","NO","NO","NO","YES","0: 0  CONDITION DOES NOT APPLY","ALWAYS WITH RIGHT HAND","ALWAYS WITH RIGHT HAND","USUALLY WITH BOTH HANDS EQUALLY","ALWAYS WITH RIGHT HAND","ALWAYS WITH LEFT HAND","1: 1  CONDITION APPLIES","1: 1  CONDITION APPLIES","NO","MALE","FEMALE"
1981,316618,3,0,3,146002,5,184,2,2,4,1,3,3,2,2,2,2,1,6,5,8,1,1,27,25,"Female","Hispanic","West (AK, AZ, CA, CO, HI, ID, MT, NV, NM, OR, UT, WA, WY)","High school diploma (Regular 12 year program)","In CBSA, not in central city","NO","3: Mother","YES","NO","YES","NO","YES","0: 0  CONDITION DOES NOT APPLY","ALWAYS WITH RIGHT HAND","ALWAYS WITH RIGHT HAND","ALWAYS WITH RIGHT HAND","ALWAYS WITH RIGHT HAND","ALWAYS WITH LEFT HAND","1: 1  CONDITION APPLIES","1: 1  CONDITION APPLIES","YES","FEMALE","MALE"
1984,64735,3,1,5,33790,5,182,1,1,2,3,1,2,2,2,1,2,1,4,4,7,1,1,30,21,"Female","Non-Black / Non-Hispanic","South (AL, AR, DE, DC, FL, GA, KY, LA, MD, MS, NC, OK, SC, TN , TX, VA, WV)","Bachelor's degree (BA, BS)","In CBSA, in central city","NO","3: Mother","NO","YES","YES","NO","YES","0: 0  CONDITION DOES NOT APPLY","ALWAYS WITH RIGHT HAND","ALWAYS WITH RIGHT HAND","ALWAYS WITH RIGHT HAND","ALWAYS WITH RIGHT HAND","ALWAYS WITH LEFT HAND","1: 1  CONDITION APPLIES","1: 1  CONDITION APPLIES","NO","FEMALE","MALE"
1982,64735,3,0,1,33790,5,183,2,2,5,4,2,2,2,2,2,2,1,6,3,6,1,1,29,24,"Male","Hispanic","Northeast (CT, ME, MA, NH, NJ, NY, PA, RI, VT)","Bachelor's degree (BA, BS)","In CBSA, in central city","NO","3: Mother","YES","NO","YES","NO","YES","0: 0  CONDITION DOES NOT APPLY","ALWAYS WITH RIGHT HAND","ALWAYS WITH RIGHT HAND","ALWAYS WITH RIGHT HAND","ALWAYS WITH RIGHT HAND","ALWAYS WITH LEFT HAND","1: 1  CONDITION APPLIES","1: 1  CONDITION APPLIES","YES","FEMALE","FEMALE"
1982,64735,3,0,1,33790,5,184,1,1,3,2,3,3,2,2,1,1,1,4,2,6,1,1,33,23,"Female","Non-Black / Non-Hispanic","South (AL, AR, DE, DC, FL, GA, KY, LA, MD, MS, NC, OK, SC, TN , TX, VA, WV)","GED","In CBSA, not in central city","NO","3: Mother","YES","NO","NO","NO","YES","0: 0  CONDITION DOES NOT APPLY","ALWAYS WITH LEFT HAND","ALWAYS WITH RIGHT HAND","ALWAYS WITH RIGHT HAND","ALWAYS WITH RIGHT HAND","ALWAYS WITH LEFT HAND","1: 1  CONDITION APPLIES","1: 1  CONDITION APPLIES","NO","FEMALE","MALE"
1981,64735,3,0,2,60000,5,184,2,1,5,2,7,1,2,2,1,2,2,4,3,7,1,1,28,20,"Male","Hispanic","South (AL, AR, DE, DC, FL, GA, KY, LA, MD, MS, NC, OK, SC, TN , TX, VA, WV)","High school diploma (Regular 12 year program)","In CBSA, in central city","YES","3: Mother","YES","NO","YES","NO","YES","0: 0  CONDITION DOES NOT APPLY","ALWAYS WITH RIGHT HAND","ALWAYS WITH RIGHT HAND","ALWAYS WITH RIGHT HAND","ALWAYS WITH RIGHT HAND","ALWAYS WITH LEFT HAND","1: 1  CONDITION APPLIES","1: 1  CONDITION APPLIES","YES","FEMALE","FEMALE"
1983,37900,3,1,3,33790,5,183,2,1,4,2,4,3,2,2,2,2,1,4,3,7,1,1,30,21,"Male","Hispanic","South (AL, AR, DE, DC, FL, GA, KY, LA, MD, MS, NC, OK, SC, TN , TX, VA, WV)","High school diploma (Regular 12 year program)","In CBSA, in central city","NO","3: Mother","YES","NO","NO","NO","YES","0: 0  CONDITION DOES NOT APPLY","ALWAYS WITH RIGHT HAND","ALWAYS WITH RIGHT HAND","ALWAYS WITH RIGHT HAND","ALWAYS WITH RIGHT HAND","ALWAYS WITH LEFT HAND","1: 1  CONDITION APPLIES","1: 1  CONDITION APPLIES","NO","MALE","MALE"
1983,64735,3,0,2,33790,5,140,2,1,2,3,5,4,2,2,2,2,1,3,2,6,1,1,33,19,"Female","Non-Black / Non-Hispanic","South (AL, AR, DE, DC, FL, GA, KY, LA, MD, MS, NC, OK, SC, TN , TX, VA, WV)","Master's degree (MA, MS)","In CBSA, in central city","NO","3: Mother","YES","NO","NO","NO","YES","0: 0  CONDITION DOES NOT APPLY","ALWAYS WITH RIGHT HAND","ALWAYS WITH RIGHT HAND","ALWAYS WITH RIGHT HAND","ALWAYS WITH RIGHT HAND","ALWAYS WITH LEFT HAND","1: 1  CONDITION APPLIES","1: 1  CONDITION APPLIES","NO","MALE","MALE"
1981,64735,4,0,2,33790,5,183,1,1,3,4,1,4,2,1,2,2,1,4,2,7,1,1,28,21,"Male","Non-Black / Non-Hispanic","South (AL, AR, DE, DC, FL, GA, KY, LA, MD, MS, NC, OK, SC, TN , TX, VA, WV)","High school diploma (Regular 12 year program)","In CBSA, in central city","NO","3: Mother","YES","YES","NO","NO","YES","0: 0  CONDITION DOES NOT APPLY","ALWAYS WITH RIGHT HAND","ALWAYS WITH RIGHT HAND","ALWAYS WITH RIGHT HAND","ALWAYS WITH RIGHT HAND","USUALLY WITH RIGHT HAND","1: 1  CONDITION APPLIES","1: 1  CONDITION APPLIES","NO","FEMALE","MALE"
1982,64735,3,0,3,33790,5,181,1,2,3,9,3,5,2,2,1,2,2,6,2,7,1,1,31,31,"Female","Non-Black / Non-Hispanic","Northeast (CT, ME, MA, NH, NJ, NY, PA, RI, VT)","High school diploma (Regular 12 year program)","In CBSA, not in central city","NO","3: Mother","NO","NO","NO","NO","YES","0: 0  CONDITION DOES NOT APPLY","ALWAYS WITH RIGHT HAND","ALWAYS WITH RIGHT HAND","ALWAYS WITH RIGHT HAND","ALWAYS WITH RIGHT HAND","ALWAYS WITH LEFT HAND","0: 0  CONDITION DOES NOT APPLY","1: 1  CONDITION APPLIES","NO","MALE","MALE"
1984,64735,4,1,3,33790,5,181,1,1,3,2,3,5,2,2,1,2,2,6,2,5,1,1,29,20,"Female","Black","Northeast (CT, ME, MA, NH, NJ, NY, PA, RI, VT)","High school diploma (Regular 12 year program)","In CBSA, in central city","NO","3: Mother","NO","YES","NO","NO","NO","0: 0  CONDITION DOES NOT APPLY","ALWAYS WITH LEFT HAND","USUALLY WITH RIGHT HAND","ALWAYS WITH LEFT HAND","ALWAYS WITH RIGHT HAND","ALWAYS WITH LEFT HAND","1: 1  CONDITION APPLIES","0: 0  CONDITION DOES NOT APPLY","NO","FEMALE","MALE"
1984,63250,2,0,2,63000,5,183,1,2,1,3,7,2,2,2,2,2,1,6,1,6,1,1,32,24,"Female","Black","South (AL, AR, DE, DC, FL, GA, KY, LA, MD, MS, NC, OK, SC, TN , TX, VA, WV)","Master's degree (MA, MS)","In CBSA, in central city","NO","3: Mother","NO","YES","NO","NO","YES","0: 0  CONDITION DOES NOT APPLY","ALWAYS WITH RIGHT HAND","ALWAYS WITH RIGHT HAND","ALWAYS WITH RIGHT HAND","ALWAYS WITH RIGHT HAND","ALWAYS WITH LEFT HAND","1: 1  CONDITION APPLIES","1: 1  CONDITION APPLIES","NO","FEMALE","MALE"
1980,64735,3,2,1,33790,5,184,2,1,2,4,3,4,1,2,1,1,1,6,2,5,1,1,30,19,"Female","Black","North Central (IL, IN, IA, KS, MI, MN, MO, NE, OH, ND, SD, WI)","High school diploma (Regular 12 year program)","In CBSA, in central city","NO","3: Mother","NO","NO","NO","NO","YES","0: 0  CONDITION DOES NOT APPLY","ALWAYS WITH RIGHT HAND","ALWAYS WITH RIGHT HAND","ALWAYS WITH RIGHT HAND","ALWAYS WITH RIGHT HAND","ALWAYS WITH LEFT HAND","1: 1  CONDITION APPLIES","1: 1  CONDITION APPLIES","NO","MALE","FEMALE"
1983,34000,4,0,3,34000,5,184,1,2,2,4,6,2,2,2,1,2,1,6,1,9,1,1,9,56,"Female","Black","Northeast (CT, ME, MA, NH, NJ, NY, PA, RI, VT)","High school diploma (Regular 12 year program)","In CBSA, not in central city","YES","3: Mother","YES","NO","NO","NO","YES","0: 0  CONDITION DOES NOT APPLY","ALWAYS WITH RIGHT HAND","ALWAYS WITH RIGHT HAND","USUALLY WITH BOTH HANDS EQUALLY","ALWAYS WITH RIGHT HAND","ALWAYS WITH LEFT HAND","1: 1  CONDITION APPLIES","1: 1  CONDITION APPLIES","NO","FEMALE","MALE"
1984,64735,3,1,2,33790,5,180,1,1,2,4,3,5,2,2,1,2,1,6,1,7,1,1,30,22,"Male","Non-Black / Non-Hispanic","South (AL, AR, DE, DC, FL, GA, KY, LA, MD, MS, NC, OK, SC, TN , TX, VA, WV)","High school diploma (Regular 12 year program)","In CBSA, not in central city","NO","3: Mother","NO","NO","NO","NO","YES","0: 0  CONDITION DOES NOT APPLY","ALWAYS WITH RIGHT HAND","ALWAYS WITH RIGHT HAND","ALWAYS WITH RIGHT HAND","ALWAYS WITH RIGHT HAND","ALWAYS WITH LEFT HAND","1: 1  CONDITION APPLIES","1: 1  CONDITION APPLIES","NO","MALE","MALE"
1982,64735,3,0,1,33790,5,182,1,2,1,3,1,2,2,2,2,2,1,6,2,7,1,1,33,25,"Male","Non-Black / Non-Hispanic","South (AL, AR, DE, DC, FL, GA, KY, LA, MD, MS, NC, OK, SC, TN , TX, VA, WV)","Bachelor's degree (BA, BS)","In CBSA, not in central city","NO","3: Mother","NO","YES","NO","NO","NO","0: 0  CONDITION DOES NOT APPLY","ALWAYS WITH RIGHT HAND","ALWAYS WITH RIGHT HAND","ALWAYS WITH RIGHT HAND","ALWAYS WITH RIGHT HAND","USUALLY WITH BOTH HANDS EQUALLY","1: 1  CONDITION APPLIES","1: 1  CONDITION APPLIES","NO","FEMALE","MALE"
1981,64735,1,0,1,33790,5,182,1,1,3,3,4,4,2,2,1,1,1,6,2,8,1,1,23,18,"Male","Non-Black / Non-Hispanic","West (AK, AZ, CA, CO, HI, ID, MT, NV, NM, OR, UT, WA, WY)","GED","In CBSA, not in central city","NO","3: Mother","YES","NO","YES","NO","YES","0: 0  CONDITION DOES NOT APPLY","ALWAYS WITH RIGHT HAND","ALWAYS WITH RIGHT HAND","ALWAYS WITH RIGHT HAND","ALWAYS WITH RIGHT HAND","ALWAYS WITH LEFT HAND","1: 1  CONDITION APPLIES","0: 0  CONDITION DOES NOT APPLY","NO","FEMALE","MALE"
1980,111479,4,0,1,34000,5,150,1,1,5,3,3,4,2,1,1,2,1,5,2,6,1,1,27,19,"Male","Non-Black / Non-Hispanic","Northeast (CT, ME, MA, NH, NJ, NY, PA, RI, VT)","High school diploma (Regular 12 year program)","In CBSA, not in central city","YES","3: Mother","YES","NO","YES","NO","YES","0: 0  CONDITION DOES NOT APPLY","ALWAYS WITH RIGHT HAND","ALWAYS WITH RIGHT HAND","ALWAYS WITH RIGHT HAND","ALWAYS WITH RIGHT HAND","ALWAYS WITH LEFT HAND","1: 1  CONDITION APPLIES","1: 1  CONDITION APPLIES","NO","FEMALE","FEMALE"
1982,64735,3,1,1,33790,5,180,2,3,8,4,3,4,2,1,1,2,1,2,2,8,1,1,27,17,"Female","Hispanic","West (AK, AZ, CA, CO, HI, ID, MT, NV, NM, OR, UT, WA, WY)","High school diploma (Regular 12 year program)","In CBSA, not in central city","NO","3: Mother","YES","NO","NO","NO","YES","0: 0  CONDITION DOES NOT APPLY","ALWAYS WITH RIGHT HAND","USUALLY WITH LEFT HAND","USUALLY WITH BOTH HANDS EQUALLY","ALWAYS WITH RIGHT HAND","ALWAYS WITH RIGHT HAND","1: 1  CONDITION APPLIES","0: 0  CONDITION DOES NOT APPLY","YES","MALE","FEMALE"
1984,64735,3,0,3,33790,6,200,1,2,2,4,3,3,1,2,1,2,1,3,3,6,1,1,38,24,"Male","Non-Black / Non-Hispanic","West (AK, AZ, CA, CO, HI, ID, MT, NV, NM, OR, UT, WA, WY)","Bachelor's degree (BA, BS)","In CBSA, not in central city","YES","3: Mother","NO","NO","NO","NO","YES","0: 0  CONDITION DOES NOT APPLY","ALWAYS WITH RIGHT HAND","ALWAYS WITH RIGHT HAND","ALWAYS WITH RIGHT HAND","ALWAYS WITH RIGHT HAND","ALWAYS WITH LEFT HAND","1: 1  CONDITION APPLIES","1: 1  CONDITION APPLIES","NO","MALE","FEMALE"
1981,64735,5,1,2,2100,5,180,1,1,2,3,2,6,1,1,1,2,1,4,2,7,1,1,30,19,"Male","Non-Black / Non-Hispanic","Northeast (CT, ME, MA, NH, NJ, NY, PA, RI, VT)","Bachelor's degree (BA, BS)","In CBSA, not in central city","NO","3: Mother","YES","NO","NO","NO","YES","0: 0  CONDITION DOES NOT APPLY","ALWAYS WITH RIGHT HAND","ALWAYS WITH RIGHT HAND","USUALLY WITH BOTH HANDS EQUALLY","ALWAYS WITH RIGHT HAND","ALWAYS WITH RIGHT HAND","1: 1  CONDITION APPLIES","1: 1  CONDITION APPLIES","NO","FEMALE","MALE"
1984,64735,4,0,1,44000,5,155,1,1,3,2,3,5,2,2,1,2,1,6,1,6,1,1,31,24,"Male","Black","South (AL, AR, DE, DC, FL, GA, KY, LA, MD, MS, NC, OK, SC, TN , TX, VA, WV)","High school diploma (Regular 12 year program)","In CBSA, not in central city","YES","3: Mother","YES","YES","NO","NO","YES","0: 0  CONDITION DOES NOT APPLY","ALWAYS WITH RIGHT HAND","ALWAYS WITH RIGHT HAND","ALWAYS WITH RIGHT HAND","ALWAYS WITH RIGHT HAND","ALWAYS WITH LEFT HAND","1: 1  CONDITION APPLIES","1: 1  CONDITION APPLIES","NO","MALE","MALE"
1981,64735,4,0,3,33790,5,182,2,2,1,5,9,4,1,2,2,1,1,4,3,6,1,1,33,18,"Male","Hispanic","West (AK, AZ, CA, CO, HI, ID, MT, NV, NM, OR, UT, WA, WY)","Bachelor's degree (BA, BS)","In CBSA, not in central city","NO","3: Mother","YES","YES","NO","NO","NO","0: 0  CONDITION DOES NOT APPLY","ALWAYS WITH RIGHT HAND","ALWAYS WITH RIGHT HAND","ALWAYS WITH RIGHT HAND","ALWAYS WITH RIGHT HAND","ALWAYS WITH LEFT HAND","1: 1  CONDITION APPLIES","1: 1  CONDITION APPLIES","NO","FEMALE","FEMALE"
1984,64735,4,0,3,33790,5,181,1,1,2,3,3,2,2,2,1,2,2,8,3,8,1,1,34,23,"Female","Black","West (AK, AZ, CA, CO, HI, ID, MT, NV, NM, OR, UT, WA, WY)","None","In CBSA, in central city","NO","3: Mother","NO","NO","NO","NO","YES","0: 0  CONDITION DOES NOT APPLY","ALWAYS WITH RIGHT HAND","ALWAYS WITH RIGHT HAND","ALWAYS WITH RIGHT HAND","ALWAYS WITH RIGHT HAND","ALWAYS WITH LEFT HAND","1: 1  CONDITION APPLIES","1: 1  CONDITION APPLIES","YES","FEMALE","MALE"
1982,64735,3,0,3,33790,5,184,1,1,3,4,2,4,2,2,1,1,1,4,2,7,1,1,30,20,"Male","Non-Black / Non-Hispanic","North Central (IL, IN, IA, KS, MI, MN, MO, NE, OH, ND, SD, WI)","High school diploma (Regular 12 year program)","In CBSA, not in central city","NO","3: Mother","YES","NO","NO","NO","NO","0: 0  CONDITION DOES NOT APPLY","ALWAYS WITH RIGHT HAND","ALWAYS WITH RIGHT HAND","ALWAYS WITH RIGHT HAND","ALWAYS WITH RIGHT HAND","ALWAYS WITH LEFT HAND","1: 1  CONDITION APPLIES","1: 1  CONDITION APPLIES","NO","MALE","FEMALE"
1982,64735,4,0,2,33790,5,183,1,2,4,3,2,2,2,2,2,1,1,2,6,7,1,1,32,23,"Male","Black","South (AL, AR, DE, DC, FL, GA, KY, LA, MD, MS, NC, OK, SC, TN , TX, VA, WV)","GED","In CBSA, not in central city","NO","3: Mother","NO","YES","NO","YES","YES","0: 0  CONDITION DOES NOT APPLY","ALWAYS WITH RIGHT HAND","ALWAYS WITH RIGHT HAND","ALWAYS WITH RIGHT HAND","ALWAYS WITH LEFT HAND","ALWAYS WITH LEFT HAND","1: 1  CONDITION APPLIES","1: 1  CONDITION APPLIES","NO","FEMALE","FEMALE"
1983,64735,3,0,2,33790,5,182,1,1,1,3,2,3,2,2,2,2,1,4,3,7,1,1,35,61,"Male","Mixed Race (Non-Hispanic)","South (AL, AR, DE, DC, FL, GA, KY, LA, MD, MS, NC, OK, SC, TN , TX, VA, WV)","High school diploma (Regular 12 year program)","In CBSA, in central city","YES","3: Mother","NO","NO","NO","NO","YES","0: 0  CONDITION DOES NOT APPLY","ALWAYS WITH RIGHT HAND","ALWAYS WITH RIGHT HAND","ALWAYS WITH RIGHT HAND","ALWAYS WITH RIGHT HAND","ALWAYS WITH LEFT HAND","1: 1  CONDITION APPLIES","1: 1  CONDITION APPLIES","NO","MALE","MALE"
1981,64735,3,1,1,33790,5,183,1,2,2,6,2,2,2,1,1,2,1,5,3,7,1,1,32,22,"Male","Non-Black / Non-Hispanic","South (AL, AR, DE, DC, FL, GA, KY, LA, MD, MS, NC, OK, SC, TN , TX, VA, WV)","None","In CBSA, in central city","NO","3: Mother","YES","NO","NO","NO","NO","0: 0  CONDITION DOES NOT APPLY","ALWAYS WITH RIGHT HAND","ALWAYS WITH RIGHT HAND","ALWAYS WITH RIGHT HAND","ALWAYS WITH RIGHT HAND","ALWAYS WITH LEFT HAND","1: 1  CONDITION APPLIES","1: 1  CONDITION APPLIES","NO","FEMALE","FEMALE"
1982,64735,3,1,3,33790,5,180,1,1,1,2,2,5,2,2,2,2,1,3,3,6,1,1,31,22,"Male","Non-Black / Non-Hispanic","South (AL, AR, DE, DC, FL, GA, KY, LA, MD, MS, NC, OK, SC, TN , TX, VA, WV)","Associate/Junior college (AA)","In CBSA, in central city","NO","3: Mother","NO","YES","YES","NO","YES","0: 0  CONDITION DOES NOT APPLY","ALWAYS WITH RIGHT HAND","USUALLY WITH RIGHT HAND","ALWAYS WITH RIGHT HAND","ALWAYS WITH RIGHT HAND","ALWAYS WITH LEFT HAND","1: 1  CONDITION APPLIES","1: 1  CONDITION APPLIES","NO","FEMALE","MALE"
1983,64735,4,0,1,33790,5,180,1,1,3,2,1,5,2,1,1,2,1,3,5,5,1,1,50,29,"Male","Non-Black / Non-Hispanic","South (AL, AR, DE, DC, FL, GA, KY, LA, MD, MS, NC, OK, SC, TN , TX, VA, WV)","High school diploma (Regular 12 year program)","Not in CBSA","YES","3: Mother","YES","NO","NO","NO","YES","0: 0  CONDITION DOES NOT APPLY","ALWAYS WITH RIGHT HAND","ALWAYS WITH RIGHT HAND","ALWAYS WITH RIGHT HAND","ALWAYS WITH RIGHT HAND","ALWAYS WITH LEFT HAND","1: 1  CONDITION APPLIES","1: 1  CONDITION APPLIES","NO","MALE","FEMALE"
1984,64735,3,0,1,33790,6,255,1,2,3,6,2,4,2,2,1,1,1,8,3,4,1,2,34,22,"Male","Non-Black / Non-Hispanic","North Central (IL, IN, IA, KS, MI, MN, MO, NE, OH, ND, SD, WI)","GED","In CBSA, not in central city","NO","3: Mother","NO","NO","NO","NO","NO","0: 0  CONDITION DOES NOT APPLY","ALWAYS WITH RIGHT HAND","ALWAYS WITH RIGHT HAND","ALWAYS WITH RIGHT HAND","ALWAYS WITH RIGHT HAND","ALWAYS WITH LEFT HAND","1: 1  CONDITION APPLIES","1: 1  CONDITION APPLIES","NO","FEMALE","MALE"
1984,12250,3,0,4,33790,6,180,1,1,1,5,3,4,2,2,1,2,1,5,3,6,1,1,33,21,"Female","Black","South (AL, AR, DE, DC, FL, GA, KY, LA, MD, MS, NC, OK, SC, TN , TX, VA, WV)","GED","In CBSA, in central city","YES","3: Mother","NO","YES","NO","NO","YES","0: 0  CONDITION DOES NOT APPLY","ALWAYS WITH RIGHT HAND","ALWAYS WITH RIGHT HAND","ALWAYS WITH RIGHT HAND","ALWAYS WITH RIGHT HAND","ALWAYS WITH LEFT HAND","1: 1  CONDITION APPLIES","1: 1  CONDITION APPLIES","NO","FEMALE","MALE"
1982,64735,1,0,1,33790,6,186,1,1,2,3,4,5,2,2,2,1,2,4,3,3,1,1,38,21,"Male","Hispanic","South (AL, AR, DE, DC, FL, GA, KY, LA, MD, MS, NC, OK, SC, TN , TX, VA, WV)","High school diploma (Regular 12 year program)","In CBSA, in central city","NO","3: Mother","YES","YES","YES","NO","YES","0: 0  CONDITION DOES NOT APPLY","ALWAYS WITH RIGHT HAND","ALWAYS WITH RIGHT HAND","ALWAYS WITH RIGHT HAND","USUALLY WITH RIGHT HAND","ALWAYS WITH LEFT HAND","1: 1  CONDITION APPLIES","1: 1  CONDITION APPLIES","NO","FEMALE","MALE"
1982,64735,5,0,3,33790,5,180,1,1,4,4,1,5,2,2,1,2,1,9,4,7,1,1,33,21,"Female","Non-Black / Non-Hispanic","Northeast (CT, ME, MA, NH, NJ, NY, PA, RI, VT)","None","In CBSA, not in central city","YES","3: Mother","NO","NO","NO","NO","YES","0: 0  CONDITION DOES NOT APPLY","DON'T DO THIS ACTIVITY","DON'T DO THIS ACTIVITY","DON'T DO THIS ACTIVITY","ALWAYS WITH RIGHT HAND","ALWAYS WITH LEFT HAND","1: 1  CONDITION APPLIES","1: 1  CONDITION APPLIES","NO","FEMALE","FEMALE"
1980,64735,4,1,2,33790,5,184,2,1,1,1,4,4,2,1,2,2,1,5,5,7,1,1,31,20,"Female","Non-Black / Non-Hispanic","South (AL, AR, DE, DC, FL, GA, KY, LA, MD, MS, NC, OK, SC, TN , TX, VA, WV)","High school diploma (Regular 12 year program)","In CBSA, in central city","NO","3: Mother","NO","YES","NO","NO","YES","0: 0  CONDITION DOES NOT APPLY","ALWAYS WITH RIGHT HAND","ALWAYS WITH RIGHT HAND","ALWAYS WITH RIGHT HAND","ALWAYS WITH RIGHT HAND","ALWAYS WITH LEFT HAND","1: 1  CONDITION APPLIES","1: 1  CONDITION APPLIES","NO","MALE","FEMALE"
1984,64735,2,1,1,35000,5,182,1,1,3,4,4,4,2,1,1,2,1,6,3,7,1,1,31,24,"Female","Non-Black / Non-Hispanic","South (AL, AR, DE, DC, FL, GA, KY, LA, MD, MS, NC, OK, SC, TN , TX, VA, WV)","Bachelor's degree (BA, BS)","In CBSA, in central city","NO","3: Mother","NO","NO","NO","NO","YES","0: 0  CONDITION DOES NOT APPLY","ALWAYS WITH RIGHT HAND","ALWAYS WITH RIGHT HAND","ALWAYS WITH RIGHT HAND","ALWAYS WITH RIGHT HAND","ALWAYS WITH LEFT HAND","1: 1  CONDITION APPLIES","1: 1  CONDITION APPLIES","NO","FEMALE","MALE"
1980,64735,1,0,3,33790,5,205,1,1,5,3,5,3,2,2,1,2,1,10,2,4,1,1,27,25,"Male","Non-Black / Non-Hispanic","South (AL, AR, DE, DC, FL, GA, KY, LA, MD, MS, NC, OK, SC, TN , TX, VA, WV)","Bachelor's degree (BA, BS)","In CBSA, not in central city","NO","3: Mother","YES","YES","NO","NO","NO","0: 0  CONDITION DOES NOT APPLY","ALWAYS WITH RIGHT HAND","USUALLY WITH LEFT HAND","USUALLY WITH BOTH HANDS EQUALLY","USUALLY WITH LEFT HAND","USUALLY WITH RIGHT HAND","1: 1  CONDITION APPLIES","1: 1  CONDITION APPLIES","NO","MALE","MALE"
1981,64735,4,1,4,33790,5,183,1,2,3,5,2,1,2,2,1,2,1,1,3,6,1,1,32,22,"Female","Black","South (AL, AR, DE, DC, FL, GA, KY, LA, MD, MS, NC, OK, SC, TN , TX, VA, WV)","None","In CBSA, not in central city","NO","3: Mother","YES","NO","NO","NO","YES","0: 0  CONDITION DOES NOT APPLY","ALWAYS WITH RIGHT HAND","ALWAYS WITH RIGHT HAND","ALWAYS WITH RIGHT HAND","ALWAYS WITH LEFT HAND","USUALLY WITH BOTH HANDS EQUALLY","1: 1  CONDITION APPLIES","1: 1  CONDITION APPLIES","NO","FEMALE","FEMALE"
1984,64735,4,0,3,33790,5,183,1,1,2,4,3,2,2,2,2,2,1,3,3,7,1,1,34,26,"Male","Hispanic","West (AK, AZ, CA, CO, HI, ID, MT, NV, NM, OR, UT, WA, WY)","High school diploma (Regular 12 year program)","In CBSA, in central city","YES","3: Mother","NO","YES","NO","NO","YES","0: 0  CONDITION DOES NOT APPLY","ALWAYS WITH RIGHT HAND","ALWAYS WITH RIGHT HAND","ALWAYS WITH RIGHT HAND","ALWAYS WITH RIGHT HAND","ALWAYS WITH RIGHT HAND","1: 1  CONDITION APPLIES","1: 1  CONDITION APPLIES","YES","FEMALE","MALE"
1983,64735,3,1,2,33790,5,183,1,2,2,5,2,5,2,2,2,2,2,7,2,7,1,1,27,7,"Female","Black","West (AK, AZ, CA, CO, HI, ID, MT, NV, NM, OR, UT, WA, WY)","None","In CBSA, not in central city","NO","3: Mother","NO","NO","NO","NO","NO","0: 0  CONDITION DOES NOT APPLY","ALWAYS WITH RIGHT HAND","ALWAYS WITH RIGHT HAND","ALWAYS WITH RIGHT HAND","ALWAYS WITH RIGHT HAND","ALWAYS WITH LEFT HAND","1: 1  CONDITION APPLIES","1: 1  CONDITION APPLIES","NO","FEMALE","FEMALE"
1980,64735,3,0,1,33790,5,183,1,2,3,5,3,4,1,2,1,2,1,7,5,7,1,1,31,21,"Male","Hispanic","South (AL, AR, DE, DC, FL, GA, KY, LA, MD, MS, NC, OK, SC, TN , TX, VA, WV)","High school diploma (Regular 12 year program)","In CBSA, not in central city","NO","3: Mother","YES","NO","NO","NO","NO","1: 1  CONDITION APPLIES","ALWAYS WITH RIGHT HAND","ALWAYS WITH RIGHT HAND","ALWAYS WITH RIGHT HAND","ALWAYS WITH RIGHT HAND","ALWAYS WITH LEFT HAND","1: 1  CONDITION APPLIES","1: 1  CONDITION APPLIES","YES","MALE","MALE"
1983,64735,1,0,1,33790,5,183,1,1,3,4,3,3,2,2,1,2,1,8,2,6,1,1,34,25,"Male","Black","South (AL, AR, DE, DC, FL, GA, KY, LA, MD, MS, NC, OK, SC, TN , TX, VA, WV)","Bachelor's degree (BA, BS)","In CBSA, not in central city","YES","3: Mother","YES","NO","NO","NO","YES","0: 0  CONDITION DOES NOT APPLY","ALWAYS WITH RIGHT HAND","ALWAYS WITH RIGHT HAND","ALWAYS WITH RIGHT HAND","ALWAYS WITH RIGHT HAND","ALWAYS WITH LEFT HAND","1: 1  CONDITION APPLIES","1: 1  CONDITION APPLIES","NO","FEMALE","FEMALE"
1980,37500,1,0,2,33790,5,182,1,1,4,3,5,5,2,2,2,2,1,5,3,8,1,1,30,19,"Male","Black","Northeast (CT, ME, MA, NH, NJ, NY, PA, RI, VT)","High school diploma (Regular 12 year program)","In CBSA, not in central city","NO","3: Mother","YES","NO","NO","NO","YES","0: 0  CONDITION DOES NOT APPLY","ALWAYS WITH LEFT HAND","ALWAYS WITH LEFT HAND","ALWAYS WITH LEFT HAND","ALWAYS WITH LEFT HAND","ALWAYS WITH LEFT HAND","1: 1  CONDITION APPLIES","1: 1  CONDITION APPLIES","NO","FEMALE","FEMALE"
1983,64735,5,0,4,33790,5,182,2,1,1,3,3,6,1,2,2,2,2,3,1,7,1,1,29,20,"Female","Non-Black / Non-Hispanic","South (AL, AR, DE, DC, FL, GA, KY, LA, MD, MS, NC, OK, SC, TN , TX, VA, WV)","None","In CBSA, not in central city","NO","3: Mother","NO","YES","NO","NO","YES","0: 0  CONDITION DOES NOT APPLY","ALWAYS WITH RIGHT HAND","ALWAYS WITH LEFT HAND","ALWAYS WITH RIGHT HAND","ALWAYS WITH RIGHT HAND","ALWAYS WITH RIGHT HAND","1: 1  CONDITION APPLIES","1: 1  CONDITION APPLIES","NO","MALE","FEMALE"
1981,64735,3,0,1,33790,5,170,1,1,3,6,3,3,2,1,2,1,1,7,2,5,1,1,60,30,"Male","Non-Black / Non-Hispanic","Northeast (CT, ME, MA, NH, NJ, NY, PA, RI, VT)","Associate/Junior college (AA)","In CBSA, not in central city","YES","3: Mother","YES","NO","YES","NO","YES","0: 0  CONDITION DOES NOT APPLY","ALWAYS WITH RIGHT HAND","ALWAYS WITH RIGHT HAND","ALWAYS WITH RIGHT HAND","ALWAYS WITH RIGHT HAND","ALWAYS WITH LEFT HAND","0: 0  CONDITION DOES NOT APPLY","1: 1  CONDITION APPLIES","NO","FEMALE","MALE"
1983,64735,4,0,3,33790,5,165,2,1,2,3,2,3,2,2,1,2,2,5,5,6,1,1,30,20,"Male","Black","South (AL, AR, DE, DC, FL, GA, KY, LA, MD, MS, NC, OK, SC, TN , TX, VA, WV)","High school diploma (Regular 12 year program)","In CBSA, not in central city","NO","3: Mother","NO","NO","NO","NO","YES","0: 0  CONDITION DOES NOT APPLY","ALWAYS WITH RIGHT HAND","ALWAYS WITH RIGHT HAND","ALWAYS WITH RIGHT HAND","ALWAYS WITH RIGHT HAND","ALWAYS WITH LEFT HAND","1: 1  CONDITION APPLIES","1: 1  CONDITION APPLIES","YES","FEMALE","FEMALE"
1982,64735,4,0,3,33790,6,184,2,1,2,4,2,3,2,1,2,2,1,6,2,7,1,1,30,22,"Male","Non-Black / Non-Hispanic","North Central (IL, IN, IA, KS, MI, MN, MO, NE, OH, ND, SD, WI)","High school diploma (Regular 12 year program)","In CBSA, not in central city","NO","3: Mother","NO","NO","NO","NO","YES","0: 0  CONDITION DOES NOT APPLY","ALWAYS WITH RIGHT HAND","ALWAYS WITH RIGHT HAND","ALWAYS WITH RIGHT HAND","ALWAYS WITH RIGHT HAND","ALWAYS WITH RIGHT HAND","1: 1  CONDITION APPLIES","1: 1  CONDITION APPLIES","NO","FEMALE","FEMALE"
1983,64735,4,1,3,33790,5,182,1,1,3,4,1,4,2,2,2,2,1,6,3,8,1,1,29,22,"Male","Non-Black / Non-Hispanic","South (AL, AR, DE, DC, FL, GA, KY, LA, MD, MS, NC, OK, SC, TN , TX, VA, WV)","None","In CBSA, not in central city","NO","3: Mother","NO","NO","NO","NO","YES","0: 0  CONDITION DOES NOT APPLY","ALWAYS WITH RIGHT HAND","ALWAYS WITH RIGHT HAND","ALWAYS WITH RIGHT HAND","ALWAYS WITH RIGHT HAND","ALWAYS WITH LEFT HAND","1: 1  CONDITION APPLIES","1: 1  CONDITION APPLIES","NO","FEMALE","MALE"
1987,64735,5,1,2,33790,5,184,1,2,2,5,5,4,2,2,1,2,1,6,4,7,1,1,25,21,"Female","Black","South (AL, AR, DE, DC, FL, GA, KY, LA, MD, MS, NC, OK, SC, TN , TX, VA, WV)","High school diploma (Regular 12 year program)","In CBSA, in central city","NO","3: Mother","YES","NO","NO","NO","NO","0: 0  CONDITION DOES NOT APPLY","ALWAYS WITH RIGHT HAND","ALWAYS WITH LEFT HAND","ALWAYS WITH RIGHT HAND","ALWAYS WITH RIGHT HAND","ALWAYS WITH LEFT HAND","1: 1  CONDITION APPLIES","1: 1  CONDITION APPLIES","NO","MALE","MALE"
1984,64735,4,0,1,33790,6,183,2,1,4,2,1,6,2,1,2,1,1,3,2,5,1,1,53,54,"Male","Black","South (AL, AR, DE, DC, FL, GA, KY, LA, MD, MS, NC, OK, SC, TN , TX, VA, WV)","High school diploma (Regular 12 year program)","In CBSA, not in central city","YES","3: Mother","NO","NO","NO","YES","NO","0: 0  CONDITION DOES NOT APPLY","USUALLY WITH RIGHT HAND","ALWAYS WITH RIGHT HAND","USUALLY WITH BOTH HANDS EQUALLY","ALWAYS WITH RIGHT HAND","ALWAYS WITH LEFT HAND","1: 1  CONDITION APPLIES","1: 1  CONDITION APPLIES","NO","FEMALE","MALE"
1983,64735,7,1,2,30000,5,183,1,2,1,4,2,4,2,1,1,2,1,5,3,6,1,1,32,21,"Female","Hispanic","South (AL, AR, DE, DC, FL, GA, KY, LA, MD, MS, NC, OK, SC, TN , TX, VA, WV)","Master's degree (MA, MS)","In CBSA, not in central city","NO","3: Mother","YES","YES","NO","NO","YES","0: 0  CONDITION DOES NOT APPLY","ALWAYS WITH RIGHT HAND","ALWAYS WITH RIGHT HAND","ALWAYS WITH RIGHT HAND","ALWAYS WITH RIGHT HAND","ALWAYS WITH LEFT HAND","1: 1  CONDITION APPLIES","1: 1  CONDITION APPLIES","NO","FEMALE","MALE"
1980,64735,4,1,1,33790,5,183,1,1,2,5,4,1,2,2,1,2,1,5,2,5,2,1,22,5,"Female","Non-Black / Non-Hispanic","South (AL, AR, DE, DC, FL, GA, KY, LA, MD, MS, NC, OK, SC, TN , TX, VA, WV)","GED","In CBSA, not in central city","NO","3: Mother","YES","NO","YES","NO","YES","0: 0  CONDITION DOES NOT APPLY","ALWAYS WITH RIGHT HAND","ALWAYS WITH RIGHT HAND","ALWAYS WITH RIGHT HAND","ALWAYS WITH RIGHT HAND","ALWAYS WITH RIGHT HAND","1: 1  CONDITION APPLIES","1: 1  CONDITION APPLIES","NO","MALE","MALE"
1983,64735,4,0,2,33790,5,183,1,1,3,3,3,2,1,2,1,2,2,4,1,7,1,1,39,72,"Male","Hispanic","South (AL, AR, DE, DC, FL, GA, KY, LA, MD, MS, NC, OK, SC, TN , TX, VA, WV)","Associate/Junior college (AA)","In CBSA, in central city","YES","3: Mother","YES","YES","NO","NO","YES","1: 1  CONDITION APPLIES","ALWAYS WITH RIGHT HAND","ALWAYS WITH RIGHT HAND","ALWAYS WITH RIGHT HAND","ALWAYS WITH RIGHT HAND","ALWAYS WITH LEFT HAND","1: 1  CONDITION APPLIES","1: 1  CONDITION APPLIES","YES","FEMALE","MALE"
1980,64735,3,0,1,33790,5,181,1,1,1,3,2,1,2,2,1,1,1,5,2,7,1,1,32,18,"Female","Non-Black / Non-Hispanic","South (AL, AR, DE, DC, FL, GA, KY, LA, MD, MS, NC, OK, SC, TN , TX, VA, WV)","Associate/Junior college (AA)","In CBSA, in central city","NO","3: Mother","YES","NO","NO","NO","YES","0: 0  CONDITION DOES NOT APPLY","ALWAYS WITH RIGHT HAND","ALWAYS WITH RIGHT HAND","ALWAYS WITH RIGHT HAND","ALWAYS WITH RIGHT HAND","ALWAYS WITH LEFT HAND","1: 1  CONDITION APPLIES","1: 1  CONDITION APPLIES","NO","MALE","FEMALE"
1980,92000,2,0,2,33790,6,183,1,1,3,2,4,1,2,2,2,2,1,6,2,7,1,1,33,26,"Male","Non-Black / Non-Hispanic","South (AL, AR, DE, DC, FL, GA, KY, LA, MD, MS, NC, OK, SC, TN , TX, VA, WV)","Bachelor's degree (BA, BS)","In CBSA, not in central city","NO","3: Mother","YES","NO","NO","NO","YES","0: 0  CONDITION DOES NOT APPLY","ALWAYS WITH RIGHT HAND","ALWAYS WITH RIGHT HAND","ALWAYS WITH RIGHT HAND","ALWAYS WITH RIGHT HAND","ALWAYS WITH RIGHT HAND","1: 1  CONDITION APPLIES","1: 1  CONDITION APPLIES","NO","FEMALE","MALE"
1980,64735,4,1,2,33790,5,122,1,2,6,2,2,1,2,2,2,2,1,6,5,7,1,3,35,23,"Female","Hispanic","North Central (IL, IN, IA, KS, MI, MN, MO, NE, OH, ND, SD, WI)","None","In CBSA, not in central city","NO","3: Mother","NO","NO","YES","NO","NO","0: 0  CONDITION DOES NOT APPLY","ALWAYS WITH RIGHT HAND","USUALLY WITH BOTH HANDS EQUALLY","ALWAYS WITH LEFT HAND","ALWAYS WITH LEFT HAND","ALWAYS WITH LEFT HAND","1: 1  CONDITION APPLIES","1: 1  CONDITION APPLIES","NO","MALE","FEMALE"
1984,64735,4,1,2,16000,5,182,1,1,3,4,2,4,1,2,2,2,1,2,1,8,1,1,29,19,"Female","Non-Black / Non-Hispanic","South (AL, AR, DE, DC, FL, GA, KY, LA, MD, MS, NC, OK, SC, TN , TX, VA, WV)","None","In CBSA, not in central city","NO","3: Mother","YES","NO","NO","NO","YES","0: 0  CONDITION DOES NOT APPLY","ALWAYS WITH RIGHT HAND","ALWAYS WITH RIGHT HAND","ALWAYS WITH RIGHT HAND","ALWAYS WITH RIGHT HAND","ALWAYS WITH LEFT HAND","1: 1  CONDITION APPLIES","1: 1  CONDITION APPLIES","NO","FEMALE","MALE"
1980,64735,4,0,7,33790,5,180,1,1,3,3,2,3,1,3,2,3,2,2,2,7,1,1,32,21,"Male","Non-Black / Non-Hispanic","South (AL, AR, DE, DC, FL, GA, KY, LA, MD, MS, NC, OK, SC, TN , TX, VA, WV)","High school diploma (Regular 12 year program)","In CBSA, not in central city","NO","3: Mother","YES","NO","NO","NO","YES","0: 0  CONDITION DOES NOT APPLY","ALWAYS WITH RIGHT HAND","ALWAYS WITH RIGHT HAND","ALWAYS WITH RIGHT HAND","ALWAYS WITH RIGHT HAND","ALWAYS WITH RIGHT HAND","1: 1  CONDITION APPLIES","1: 1  CONDITION APPLIES","NO","FEMALE","FEMALE"
1983,64735,3,0,1,33790,5,182,1,1,3,7,4,3,2,2,2,2,1,6,2,7,1,1,30,21,"Female","Hispanic","Northeast (CT, ME, MA, NH, NJ, NY, PA, RI, VT)","High school diploma (Regular 12 year program)","In CBSA, not in central city","NO","3: Mother","YES","YES","NO","NO","NO","0: 0  CONDITION DOES NOT APPLY","ALWAYS WITH RIGHT HAND","ALWAYS WITH RIGHT HAND","ALWAYS WITH RIGHT HAND","ALWAYS WITH RIGHT HAND","ALWAYS WITH LEFT HAND","0: 0  CONDITION DOES NOT APPLY","1: 1  CONDITION APPLIES","YES","FEMALE","FEMALE"
1984,57770,4,2,2,33790,5,180,1,2,5,3,4,4,2,2,2,2,1,4,2,7,1,1,34,24,"Male","Non-Black / Non-Hispanic","South (AL, AR, DE, DC, FL, GA, KY, LA, MD, MS, NC, OK, SC, TN , TX, VA, WV)","Bachelor's degree (BA, BS)","In CBSA, not in central city","NO","3: Mother","NO","NO","NO","NO","YES","0: 0  CONDITION DOES NOT APPLY","ALWAYS WITH RIGHT HAND","ALWAYS WITH RIGHT HAND","ALWAYS WITH RIGHT HAND","ALWAYS WITH RIGHT HAND","ALWAYS WITH LEFT HAND","1: 1  CONDITION APPLIES","1: 1  CONDITION APPLIES","NO","MALE","MALE"
1982,64735,3,0,2,32000,5,185,1,1,3,4,5,2,2,2,1,2,1,6,2,0,1,1,30,0,"Male","Black","South (AL, AR, DE, DC, FL, GA, KY, LA, MD, MS, NC, OK, SC, TN , TX, VA, WV)","High school diploma (Regular 12 year program)","In CBSA, in central city","NO","3: Mother","YES","NO","NO","NO","YES","0: 0  CONDITION DOES NOT APPLY","ALWAYS WITH RIGHT HAND","ALWAYS WITH RIGHT HAND","ALWAYS WITH RIGHT HAND","ALWAYS WITH RIGHT HAND","ALWAYS WITH LEFT HAND","1: 1  CONDITION APPLIES","1: 1  CONDITION APPLIES","NO","MALE","FEMALE"
1982,64735,4,0,2,33790,6,182,1,1,2,3,4,3,1,2,1,2,1,4,1,5,6,1,31,23,"Female","Non-Black / Non-Hispanic","South (AL, AR, DE, DC, FL, GA, KY, LA, MD, MS, NC, OK, SC, TN , TX, VA, WV)","High school diploma (Regular 12 year program)","In CBSA, in central city","YES","3: Mother","YES","YES","YES","NO","YES","0: 0  CONDITION DOES NOT APPLY","ALWAYS WITH RIGHT HAND","ALWAYS WITH RIGHT HAND","ALWAYS WITH RIGHT HAND","ALWAYS WITH RIGHT HAND","ALWAYS WITH LEFT HAND","0: 0  CONDITION DOES NOT APPLY","0: 0  CONDITION DOES NOT APPLY","YES","FEMALE","MALE"
1984,64735,2,0,2,33790,5,183,1,2,3,5,4,3,2,2,2,2,1,5,4,7,1,1,30,18,"Female","Hispanic","South (AL, AR, DE, DC, FL, GA, KY, LA, MD, MS, NC, OK, SC, TN , TX, VA, WV)","Bachelor's degree (BA, BS)","In CBSA, not in central city","NO","3: Mother","NO","YES","NO","NO","NO","0: 0  CONDITION DOES NOT APPLY","ALWAYS WITH RIGHT HAND","ALWAYS WITH RIGHT HAND","ALWAYS WITH RIGHT HAND","ALWAYS WITH RIGHT HAND","ALWAYS WITH LEFT HAND","1: 1  CONDITION APPLIES","0: 0  CONDITION DOES NOT APPLY","NO","MALE","FEMALE"
1981,64735,4,0,3,33790,5,135,1,2,2,4,2,3,2,2,1,2,1,6,1,8,1,1,35,61,"Female","Non-Black / Non-Hispanic","South (AL, AR, DE, DC, FL, GA, KY, LA, MD, MS, NC, OK, SC, TN , TX, VA, WV)","None","In CBSA, not in central city","YES","3: Mother","YES","NO","NO","NO","YES","0: 0  CONDITION DOES NOT APPLY","ALWAYS WITH RIGHT HAND","ALWAYS WITH RIGHT HAND","ALWAYS WITH RIGHT HAND","ALWAYS WITH RIGHT HAND","ALWAYS WITH LEFT HAND","1: 1  CONDITION APPLIES","1: 1  CONDITION APPLIES","YES","FEMALE","MALE"
1982,64735,3,1,3,35000,5,184,1,1,2,4,2,3,1,2,1,1,1,3,2,6,1,1,35,21,"Male","Black","South (AL, AR, DE, DC, FL, GA, KY, LA, MD, MS, NC, OK, SC, TN , TX, VA, WV)","High school diploma (Regular 12 year program)","In CBSA, in central city","NO","3: Mother","NO","YES","NO","NO","YES","0: 0  CONDITION DOES NOT APPLY","ALWAYS WITH RIGHT HAND","ALWAYS WITH RIGHT HAND","ALWAYS WITH RIGHT HAND","ALWAYS WITH RIGHT HAND","ALWAYS WITH LEFT HAND","1: 1  CONDITION APPLIES","1: 1  CONDITION APPLIES","YES","FEMALE","FEMALE"
1982,64735,4,1,1,15000,5,184,1,1,3,3,5,1,2,1,1,2,1,4,2,6,1,1,31,19,"Female","Non-Black / Non-Hispanic","South (AL, AR, DE, DC, FL, GA, KY, LA, MD, MS, NC, OK, SC, TN , TX, VA, WV)","None","In CBSA, not in central city","NO","3: Mother","NO","NO","NO","NO","YES","0: 0  CONDITION DOES NOT APPLY","ALWAYS WITH RIGHT HAND","ALWAYS WITH RIGHT HAND","ALWAYS WITH RIGHT HAND","ALWAYS WITH RIGHT HAND","ALWAYS WITH LEFT HAND","1: 1  CONDITION APPLIES","1: 1  CONDITION APPLIES","NO","FEMALE","FEMALE"
1981,60000,3,0,2,33790,5,181,1,2,2,6,2,4,2,2,1,2,1,6,1,7,1,1,30,24,"Female","Non-Black / Non-Hispanic","West (AK, AZ, CA, CO, HI, ID, MT, NV, NM, OR, UT, WA, WY)","High school diploma (Regular 12 year program)","In CBSA, not in central city","YES","3: Mother","NO","NO","NO","NO","NO","0: 0  CONDITION DOES NOT APPLY","ALWAYS WITH RIGHT HAND","ALWAYS WITH RIGHT HAND","ALWAYS WITH RIGHT HAND","ALWAYS WITH RIGHT HAND","ALWAYS WITH LEFT HAND","1: 1  CONDITION APPLIES","1: 1  CONDITION APPLIES","NO","MALE","FEMALE"
1980,64735,2,1,2,33790,5,184,2,2,6,5,1,1,1,2,2,2,2,4,3,6,1,1,31,17,"Female","Non-Black / Non-Hispanic","North Central (IL, IN, IA, KS, MI, MN, MO, NE, OH, ND, SD, WI)","High school diploma (Regular 12 year program)","Not in CBSA","NO","3: Mother","YES","YES","NO","NO","YES","0: 0  CONDITION DOES NOT APPLY","ALWAYS WITH RIGHT HAND","ALWAYS WITH RIGHT HAND","ALWAYS WITH RIGHT HAND","ALWAYS WITH RIGHT HAND","ALWAYS WITH LEFT HAND","0: 0  CONDITION DOES NOT APPLY","1: 1  CONDITION APPLIES","NO","FEMALE","FEMALE"
1980,64735,3,1,3,33790,5,184,2,1,2,4,2,3,1,2,1,2,2,4,4,7,1,1,23,14,"Female","Non-Black / Non-Hispanic","South (AL, AR, DE, DC, FL, GA, KY, LA, MD, MS, NC, OK, SC, TN , TX, VA, WV)","High school diploma (Regular 12 year program)","In CBSA, not in central city","NO","3: Mother","YES","NO","NO","NO","YES","0: 0  CONDITION DOES NOT APPLY","ALWAYS WITH RIGHT HAND","ALWAYS WITH RIGHT HAND","ALWAYS WITH RIGHT HAND","ALWAYS WITH RIGHT HAND","ALWAYS WITH LEFT HAND","1: 1  CONDITION APPLIES","1: 1  CONDITION APPLIES","NO","MALE","MALE"
1981,64735,2,0,1,20000,6,183,1,1,1,2,1,6,2,2,2,2,1,6,2,6,1,1,49,29,"Male","Non-Black / Non-Hispanic","West (AK, AZ, CA, CO, HI, ID, MT, NV, NM, OR, UT, WA, WY)","High school diploma (Regular 12 year program)","In CBSA, in central city","NO","3: Mother","YES","NO","NO","NO","YES","0: 0  CONDITION DOES NOT APPLY","ALWAYS WITH RIGHT HAND","ALWAYS WITH RIGHT HAND","ALWAYS WITH RIGHT HAND","ALWAYS WITH RIGHT HAND","ALWAYS WITH LEFT HAND","1: 1  CONDITION APPLIES","1: 1  CONDITION APPLIES","NO","FEMALE","MALE"
1980,64735,4,0,3,4000,5,180,2,2,2,3,5,2,2,2,2,1,1,4,4,5,1,1,28,20,"Male","Black","South (AL, AR, DE, DC, FL, GA, KY, LA, MD, MS, NC, OK, SC, TN , TX, VA, WV)","GED","In CBSA, in central city","NO","3: Mother","NO","YES","NO","NO","YES","0: 0  CONDITION DOES NOT APPLY","ALWAYS WITH LEFT HAND","ALWAYS WITH LEFT HAND","ALWAYS WITH LEFT HAND","ALWAYS WITH LEFT HAND","USUALLY WITH BOTH HANDS EQUALLY","1: 1  CONDITION APPLIES","1: 1  CONDITION APPLIES","NO","FEMALE","FEMALE"
1981,64735,3,0,1,33790,5,181,1,1,3,3,6,3,2,2,1,1,1,4,4,7,1,1,31,20,"Female","Non-Black / Non-Hispanic","South (AL, AR, DE, DC, FL, GA, KY, LA, MD, MS, NC, OK, SC, TN , TX, VA, WV)","None","In CBSA, in central city","NO","3: Mother","NO","NO","YES","NO","YES","0: 0  CONDITION DOES NOT APPLY","ALWAYS WITH LEFT HAND","ALWAYS WITH RIGHT HAND","ALWAYS WITH RIGHT HAND","ALWAYS WITH LEFT HAND","ALWAYS WITH LEFT HAND","1: 1  CONDITION APPLIES","1: 1  CONDITION APPLIES","NO","MALE","FEMALE"
1982,64735,5,0,2,33790,5,181,1,1,3,6,1,6,2,1,2,1,1,1,1,7,1,1,29,24,"Female","Black","West (AK, AZ, CA, CO, HI, ID, MT, NV, NM, OR, UT, WA, WY)","High school diploma (Regular 12 year program)","In CBSA, not in central city","NO","3: Mother","NO","YES","NO","NO","YES","0: 0  CONDITION DOES NOT APPLY","ALWAYS WITH RIGHT HAND","ALWAYS WITH RIGHT HAND","ALWAYS WITH RIGHT HAND","ALWAYS WITH RIGHT HAND","ALWAYS WITH LEFT HAND","1: 1  CONDITION APPLIES","1: 1  CONDITION APPLIES","NO","FEMALE","MALE"
1985,64735,4,1,4,33790,5,185,2,2,5,4,1,2,2,2,2,1,2,4,2,8,1,1,29,16,"Female","Hispanic","South (AL, AR, DE, DC, FL, GA, KY, LA, MD, MS, NC, OK, SC, TN , TX, VA, WV)","High school diploma (Regular 12 year program)","In CBSA, in central city","NO","3: Mother","YES","YES","NO","NO","YES","0: 0  CONDITION DOES NOT APPLY","ALWAYS WITH LEFT HAND","ALWAYS WITH LEFT HAND","ALWAYS WITH LEFT HAND","ALWAYS WITH LEFT HAND","ALWAYS WITH LEFT HAND","1: 1  CONDITION APPLIES","1: 1  CONDITION APPLIES","YES","FEMALE","MALE"
1982,34000,3,1,3,33790,5,183,1,1,7,1,2,3,2,2,1,2,1,4,3,7,1,1,31,21,"Male","Non-Black / Non-Hispanic","North Central (IL, IN, IA, KS, MI, MN, MO, NE, OH, ND, SD, WI)","High school diploma (Regular 12 year program)","In CBSA, in central city","NO","3: Mother","YES","NO","YES","NO","NO","0: 0  CONDITION DOES NOT APPLY","ALWAYS WITH RIGHT HAND","ALWAYS WITH RIGHT HAND","ALWAYS WITH RIGHT HAND","ALWAYS WITH RIGHT HAND","ALWAYS WITH RIGHT HAND","0: 0  CONDITION DOES NOT APPLY","1: 1  CONDITION APPLIES","NO","FEMALE","FEMALE"
1982,64735,4,1,1,33790,5,182,3,1,3,4,3,6,2,2,1,2,1,6,3,8,1,1,32,24,"Female","Non-Black / Non-Hispanic","South (AL, AR, DE, DC, FL, GA, KY, LA, MD, MS, NC, OK, SC, TN , TX, VA, WV)","High school diploma (Regular 12 year program)","In CBSA, not in central city","NO","3: Mother","NO","NO","NO","NO","YES","1: 1  CONDITION APPLIES","ALWAYS WITH LEFT HAND","ALWAYS WITH RIGHT HAND","ALWAYS WITH RIGHT HAND","ALWAYS WITH RIGHT HAND","ALWAYS WITH LEFT HAND","1: 1  CONDITION APPLIES","1: 1  CONDITION APPLIES","NO","FEMALE","MALE"
1982,64735,4,0,3,33790,5,182,1,1,2,4,2,4,1,2,2,2,2,3,4,8,1,1,29,21,"Female","Non-Black / Non-Hispanic","South (AL, AR, DE, DC, FL, GA, KY, LA, MD, MS, NC, OK, SC, TN , TX, VA, WV)","GED","In CBSA, not in central city","NO","3: Mother","YES","NO","NO","NO","YES","0: 0  CONDITION DOES NOT APPLY","ALWAYS WITH RIGHT HAND","ALWAYS WITH RIGHT HAND","ALWAYS WITH RIGHT HAND","ALWAYS WITH RIGHT HAND","ALWAYS WITH LEFT HAND","1: 1  CONDITION APPLIES","1: 1  CONDITION APPLIES","NO","FEMALE","MALE"
1987,64735,3,1,1,33790,5,167,1,2,1,3,2,5,2,2,2,2,1,4,2,7,1,1,31,14,"Female","Non-Black / Non-Hispanic","Northeast (CT, ME, MA, NH, NJ, NY, PA, RI, VT)","Bachelor's degree (BA, BS)","In CBSA, in central city","NO","3: Mother","NO","YES","NO","NO","YES","0: 0  CONDITION DOES NOT APPLY","ALWAYS WITH RIGHT HAND","ALWAYS WITH RIGHT HAND","ALWAYS WITH RIGHT HAND","ALWAYS WITH RIGHT HAND","DON'T DO THIS ACTIVITY","0: 0  CONDITION DOES NOT APPLY","1: 1  CONDITION APPLIES","NO","MALE","MALE"
1983,64735,2,0,3,33790,5,250,1,2,3,5,2,3,2,2,1,2,1,5,2,6,1,1,34,25,"Male","Non-Black / Non-Hispanic","South (AL, AR, DE, DC, FL, GA, KY, LA, MD, MS, NC, OK, SC, TN , TX, VA, WV)","High school diploma (Regular 12 year program)","In CBSA, not in central city","YES","3: Mother","YES","NO","NO","NO","YES","0: 0  CONDITION DOES NOT APPLY","ALWAYS WITH RIGHT HAND","ALWAYS WITH RIGHT HAND","ALWAYS WITH RIGHT HAND","ALWAYS WITH RIGHT HAND","ALWAYS WITH LEFT HAND","1: 1  CONDITION APPLIES","1: 1  CONDITION APPLIES","NO","FEMALE","MALE"
1981,64735,3,1,2,33790,5,185,1,1,2,5,3,3,2,2,1,1,2,3,1,7,2,3,32,20,"Male","Black","South (AL, AR, DE, DC, FL, GA, KY, LA, MD, MS, NC, OK, SC, TN , TX, VA, WV)","High school diploma (Regular 12 year program)","In CBSA, not in central city","NO","3: Mother","NO","NO","NO","NO","YES","0: 0  CONDITION DOES NOT APPLY","ALWAYS WITH RIGHT HAND","ALWAYS WITH RIGHT HAND","ALWAYS WITH RIGHT HAND","ALWAYS WITH RIGHT HAND","ALWAYS WITH LEFT HAND","1: 1  CONDITION APPLIES","1: 1  CONDITION APPLIES","NO","FEMALE","MALE"
1984,64735,4,1,1,33790,5,184,2,1,4,4,1,2,2,2,1,2,1,6,2,8,1,1,25,23,"Female","Black","North Central (IL, IN, IA, KS, MI, MN, MO, NE, OH, ND, SD, WI)","High school diploma (Regular 12 year program)","In CBSA, not in central city","YES","3: Mother","NO","NO","NO","NO","YES","0: 0  CONDITION DOES NOT APPLY","ALWAYS WITH RIGHT HAND","ALWAYS WITH RIGHT HAND","ALWAYS WITH RIGHT HAND","ALWAYS WITH LEFT HAND","ALWAYS WITH RIGHT HAND","1: 1  CONDITION APPLIES","1: 1  CONDITION APPLIES","YES","FEMALE","MALE"
1984,40000,3,1,1,33790,5,238,2,1,2,5,2,4,2,1,1,1,1,4,2,7,1,1,29,22,"Female","Black","West (AK, AZ, CA, CO, HI, ID, MT, NV, NM, OR, UT, WA, WY)","High school diploma (Regular 12 year program)","In CBSA, not in central city","NO","3: Mother","NO","NO","YES","NO","YES","0: 0  CONDITION DOES NOT APPLY","ALWAYS WITH RIGHT HAND","ALWAYS WITH RIGHT HAND","ALWAYS WITH RIGHT HAND","ALWAYS WITH RIGHT HAND","USUALLY WITH BOTH HANDS EQUALLY","1: 1  CONDITION APPLIES","1: 1  CONDITION APPLIES","NO","MALE","MALE"
1980,64735,4,1,6,33790,6,185,2,1,3,4,2,4,2,2,1,2,1,3,1,7,1,1,15,12,"Male","Hispanic","South (AL, AR, DE, DC, FL, GA, KY, LA, MD, MS, NC, OK, SC, TN , TX, VA, WV)","None","In CBSA, not in central city","NO","3: Mother","YES","NO","NO","NO","YES","0: 0  CONDITION DOES NOT APPLY","ALWAYS WITH RIGHT HAND","ALWAYS WITH RIGHT HAND","USUALLY WITH RIGHT HAND","ALWAYS WITH RIGHT HAND","ALWAYS WITH RIGHT HAND","1: 1  CONDITION APPLIES","1: 1  CONDITION APPLIES","NO","FEMALE","FEMALE"
1983,64735,2,0,2,33790,5,184,2,1,4,3,3,3,2,2,1,1,1,1,2,6,1,1,33,25,"Female","Non-Black / Non-Hispanic","North Central (IL, IN, IA, KS, MI, MN, MO, NE, OH, ND, SD, WI)","High school diploma (Regular 12 year program)","In CBSA, not in central city","NO","3: Mother","YES","YES","YES","NO","YES","0: 0  CONDITION DOES NOT APPLY","ALWAYS WITH RIGHT HAND","USUALLY WITH RIGHT HAND","ALWAYS WITH RIGHT HAND","ALWAYS WITH RIGHT HAND","ALWAYS WITH LEFT HAND","1: 1  CONDITION APPLIES","1: 1  CONDITION APPLIES","NO","MALE","FEMALE"
1981,64735,3,0,3,33790,5,184,1,1,3,8,2,6,2,2,1,2,1,5,3,7,1,1,28,18,"Male","Non-Black / Non-Hispanic","South (AL, AR, DE, DC, FL, GA, KY, LA, MD, MS, NC, OK, SC, TN , TX, VA, WV)","High school diploma (Regular 12 year program)","In CBSA, not in central city","NO","3: Mother","NO","NO","YES","NO","YES","0: 0  CONDITION DOES NOT APPLY","ALWAYS WITH LEFT HAND","ALWAYS WITH RIGHT HAND","ALWAYS WITH RIGHT HAND","ALWAYS WITH RIGHT HAND","ALWAYS WITH LEFT HAND","1: 1  CONDITION APPLIES","1: 1  CONDITION APPLIES","NO","FEMALE","MALE"
1984,64735,4,1,3,5000,5,185,2,1,4,4,2,5,2,2,2,2,1,6,4,6,1,1,33,25,"Female","Black","South (AL, AR, DE, DC, FL, GA, KY, LA, MD, MS, NC, OK, SC, TN , TX, VA, WV)","None","In CBSA, not in central city","YES","3: Mother","NO","YES","NO","NO","NO","0: 0  CONDITION DOES NOT APPLY","ALWAYS WITH RIGHT HAND","ALWAYS WITH RIGHT HAND","ALWAYS WITH RIGHT HAND","ALWAYS WITH RIGHT HAND","ALWAYS WITH LEFT HAND","1: 1  CONDITION APPLIES","1: 1  CONDITION APPLIES","NO","FEMALE","MALE"
1982,64735,4,0,4,33790,5,184,1,3,1,2,5,4,1,1,1,1,1,2,2,6,1,2,32,21,"Male","Black","West (AK, AZ, CA, CO, HI, ID, MT, NV, NM, OR, UT, WA, WY)","GED","In CBSA, in central city","NO","3: Mother","NO","YES","NO","NO","NO","0: 0  CONDITION DOES NOT APPLY","ALWAYS WITH RIGHT HAND","ALWAYS WITH RIGHT HAND","ALWAYS WITH RIGHT HAND","ALWAYS WITH RIGHT HAND","ALWAYS WITH LEFT HAND","1: 1  CONDITION APPLIES","1: 1  CONDITION APPLIES","NO","MALE","MALE"
1982,64735,1,0,1,33790,6,187,1,1,2,2,2,3,2,2,2,1,1,2,3,7,1,1,33,26,"Male","Black","South (AL, AR, DE, DC, FL, GA, KY, LA, MD, MS, NC, OK, SC, TN , TX, VA, WV)","GED","In CBSA, in central city","NO","3: Mother","NO","NO","NO","NO","YES","0: 0  CONDITION DOES NOT APPLY","ALWAYS WITH LEFT HAND","ALWAYS WITH RIGHT HAND","ALWAYS WITH LEFT HAND","ALWAYS WITH LEFT HAND","ALWAYS WITH RIGHT HAND","1: 1  CONDITION APPLIES","1: 1  CONDITION APPLIES","NO","FEMALE","MALE"
1981,64735,2,0,1,33790,5,180,2,1,2,3,3,5,2,2,1,2,1,6,2,6,1,1,31,20,"Male","Non-Black / Non-Hispanic","South (AL, AR, DE, DC, FL, GA, KY, LA, MD, MS, NC, OK, SC, TN , TX, VA, WV)","High school diploma (Regular 12 year program)","In CBSA, not in central city","NO","3: Mother","NO","NO","NO","YES","YES","0: 0  CONDITION DOES NOT APPLY","ALWAYS WITH RIGHT HAND","ALWAYS WITH RIGHT HAND","ALWAYS WITH RIGHT HAND","ALWAYS WITH RIGHT HAND","ALWAYS WITH LEFT HAND","1: 1  CONDITION APPLIES","0: 0  CONDITION DOES NOT APPLY","NO","MALE","MALE"
1985,64735,3,0,2,33790,5,187,1,1,2,4,2,5,2,1,1,1,1,5,1,6,1,1,29,24,"Male","Hispanic","South (AL, AR, DE, DC, FL, GA, KY, LA, MD, MS, NC, OK, SC, TN , TX, VA, WV)","Associate/Junior college (AA)","In CBSA, not in central city","NO","3: Mother","NO","YES","NO","NO","YES","0: 0  CONDITION DOES NOT APPLY","ALWAYS WITH RIGHT HAND","ALWAYS WITH RIGHT HAND","ALWAYS WITH RIGHT HAND","ALWAYS WITH RIGHT HAND","ALWAYS WITH LEFT HAND","1: 1  CONDITION APPLIES","1: 1  CONDITION APPLIES","NO","FEMALE","FEMALE"
1981,64735,4,1,2,33790,5,183,1,2,1,3,2,2,2,2,1,1,1,5,4,7,1,1,27,8,"Female","Black","South (AL, AR, DE, DC, FL, GA, KY, LA, MD, MS, NC, OK, SC, TN , TX, VA, WV)","High school diploma (Regular 12 year program)","In CBSA, not in central city","NO","3: Mother","YES","YES","NO","NO","YES","0: 0  CONDITION DOES NOT APPLY","ALWAYS WITH RIGHT HAND","ALWAYS WITH RIGHT HAND","ALWAYS WITH RIGHT HAND","ALWAYS WITH RIGHT HAND","ALWAYS WITH LEFT HAND","1: 1  CONDITION APPLIES","1: 1  CONDITION APPLIES","NO","FEMALE","FEMALE"
1984,64735,4,0,1,33790,5,183,2,2,1,3,3,3,2,2,2,2,2,2,2,7,1,1,30,22,"Female","Black","South (AL, AR, DE, DC, FL, GA, KY, LA, MD, MS, NC, OK, SC, TN , TX, VA, WV)","High school diploma (Regular 12 year program)","In CBSA, not in central city","NO","3: Mother","NO","YES","NO","NO","YES","0: 0  CONDITION DOES NOT APPLY","ALWAYS WITH RIGHT HAND","ALWAYS WITH RIGHT HAND","ALWAYS WITH RIGHT HAND","ALWAYS WITH RIGHT HAND","ALWAYS WITH LEFT HAND","1: 1  CONDITION APPLIES","1: 1  CONDITION APPLIES","NO","MALE","MALE"
1981,64735,8,3,2,33790,6,182,1,2,2,4,2,4,2,2,1,1,1,4,1,7,1,1,20,5,"Female","Black","North Central (IL, IN, IA, KS, MI, MN, MO, NE, OH, ND, SD, WI)","Bachelor's degree (BA, BS)","In CBSA, not in central city","NO","3: Mother","NO","NO","NO","NO","YES","0: 0  CONDITION DOES NOT APPLY","ALWAYS WITH RIGHT HAND","ALWAYS WITH RIGHT HAND","ALWAYS WITH RIGHT HAND","ALWAYS WITH RIGHT HAND","ALWAYS WITH LEFT HAND","1: 1  CONDITION APPLIES","1: 1  CONDITION APPLIES","NO","MALE","FEMALE"
1981,64735,4,0,1,33790,5,182,1,1,4,3,3,4,2,2,1,2,1,4,3,7,1,1,29,18,"Female","Non-Black / Non-Hispanic","South (AL, AR, DE, DC, FL, GA, KY, LA, MD, MS, NC, OK, SC, TN , TX, VA, WV)","High school diploma (Regular 12 year program)","In CBSA, not in central city","NO","3: Mother","YES","NO","NO","NO","YES","0: 0  CONDITION DOES NOT APPLY","ALWAYS WITH RIGHT HAND","ALWAYS WITH RIGHT HAND","ALWAYS WITH RIGHT HAND","ALWAYS WITH RIGHT HAND","ALWAYS WITH LEFT HAND","1: 1  CONDITION APPLIES","1: 1  CONDITION APPLIES","NO","FEMALE","MALE"
1982,0,1,0,1,33790,6,189,3,2,4,1,2,3,2,2,2,1,1,2,7,5,1,1,29,23,"Male","Black","South (AL, AR, DE, DC, FL, GA, KY, LA, MD, MS, NC, OK, SC, TN , TX, VA, WV)","None","In CBSA, not in central city","NO","3: Mother","YES","YES","NO","YES","YES","0: 0  CONDITION DOES NOT APPLY","ALWAYS WITH RIGHT HAND","ALWAYS WITH RIGHT HAND","ALWAYS WITH RIGHT HAND","ALWAYS WITH RIGHT HAND","ALWAYS WITH LEFT HAND","1: 1  CONDITION APPLIES","0: 0  CONDITION DOES NOT APPLY","NO","FEMALE","FEMALE"
1983,64735,3,0,1,33790,5,182,1,2,2,4,1,6,1,1,2,1,2,7,1,7,6,1,37,32,"Male","Black","South (AL, AR, DE, DC, FL, GA, KY, LA, MD, MS, NC, OK, SC, TN , TX, VA, WV)","None","In CBSA, in central city","NO","3: Mother","YES","YES","NO","NO","NO","0: 0  CONDITION DOES NOT APPLY","ALWAYS WITH LEFT HAND","USUALLY WITH RIGHT HAND","ALWAYS WITH LEFT HAND","ALWAYS WITH RIGHT HAND","ALWAYS WITH LEFT HAND","1: 1  CONDITION APPLIES","1: 1  CONDITION APPLIES","NO","FEMALE","MALE"
1982,64735,1,0,3,78000,5,183,1,1,3,3,4,3,1,1,2,1,1,6,2,7,1,1,31,23,"Male","Non-Black / Non-Hispanic","South (AL, AR, DE, DC, FL, GA, KY, LA, MD, MS, NC, OK, SC, TN , TX, VA, WV)","Bachelor's degree (BA, BS)","In CBSA, not in central city","NO","3: Mother","NO","NO","NO","NO","YES","0: 0  CONDITION DOES NOT APPLY","ALWAYS WITH RIGHT HAND","ALWAYS WITH RIGHT HAND","ALWAYS WITH RIGHT HAND","ALWAYS WITH RIGHT HAND","ALWAYS WITH LEFT HAND","1: 1  CONDITION APPLIES","1: 1  CONDITION APPLIES","NO","FEMALE","MALE"
1984,64735,1,0,2,33790,6,185,1,1,2,4,1,4,2,1,2,2,1,2,2,6,1,1,34,22,"Male","Mixed Race (Non-Hispanic)","South (AL, AR, DE, DC, FL, GA, KY, LA, MD, MS, NC, OK, SC, TN , TX, VA, WV)","High school diploma (Regular 12 year program)","In CBSA, not in central city","NO","3: Mother","NO","NO","NO","NO","YES","0: 0  CONDITION DOES NOT APPLY","ALWAYS WITH RIGHT HAND","ALWAYS WITH RIGHT HAND","ALWAYS WITH RIGHT HAND","ALWAYS WITH RIGHT HAND","ALWAYS WITH LEFT HAND","1: 1  CONDITION APPLIES","1: 1  CONDITION APPLIES","NO","FEMALE","FEMALE"
1983,64735,4,1,3,900,5,145,1,2,2,5,3,4,2,1,1,1,1,7,1,7,1,1,30,21,"Female","Hispanic","South (AL, AR, DE, DC, FL, GA, KY, LA, MD, MS, NC, OK, SC, TN , TX, VA, WV)","Bachelor's degree (BA, BS)","In CBSA, not in central city","NO","3: Mother","YES","NO","NO","NO","YES","0: 0  CONDITION DOES NOT APPLY","ALWAYS WITH RIGHT HAND","ALWAYS WITH RIGHT HAND","ALWAYS WITH RIGHT HAND","ALWAYS WITH RIGHT HAND","ALWAYS WITH LEFT HAND","1: 1  CONDITION APPLIES","1: 1  CONDITION APPLIES","NO","FEMALE","FEMALE"
1980,64735,3,0,2,33790,5,184,1,1,2,4,1,6,2,2,1,2,1,5,1,7,1,1,29,20,"Female","Black","South (AL, AR, DE, DC, FL, GA, KY, LA, MD, MS, NC, OK, SC, TN , TX, VA, WV)","None","In CBSA, in central city","YES","3: Mother","NO","NO","NO","NO","YES","0: 0  CONDITION DOES NOT APPLY","ALWAYS WITH RIGHT HAND","ALWAYS WITH RIGHT HAND","USUALLY WITH BOTH HANDS EQUALLY","ALWAYS WITH RIGHT HAND","ALWAYS WITH LEFT HAND","1: 1  CONDITION APPLIES","1: 1  CONDITION APPLIES","YES","FEMALE","FEMALE"
1982,64735,3,0,6,33790,5,270,2,1,4,6,3,4,2,2,1,1,1,6,1,5,1,1,29,21,"Male","Non-Black / Non-Hispanic","South (AL, AR, DE, DC, FL, GA, KY, LA, MD, MS, NC, OK, SC, TN , TX, VA, WV)","High school diploma (Regular 12 year program)","In CBSA, in central city","YES","3: Mother","YES","NO","NO","YES","NO","0: 0  CONDITION DOES NOT APPLY","ALWAYS WITH RIGHT HAND","ALWAYS WITH RIGHT HAND","ALWAYS WITH RIGHT HAND","ALWAYS WITH RIGHT HAND","ALWAYS WITH LEFT HAND","1: 1  CONDITION APPLIES","1: 1  CONDITION APPLIES","NO","FEMALE","MALE"
1985,64735,3,0,4,33790,5,184,1,2,1,4,3,3,2,2,1,2,1,3,2,8,1,1,3,39,"Male","Non-Black / Non-Hispanic","North Central (IL, IN, IA, KS, MI, MN, MO, NE, OH, ND, SD, WI)","High school diploma (Regular 12 year program)","In CBSA, not in central city","NO","3: Mother","YES","YES","NO","NO","NO","0: 0  CONDITION DOES NOT APPLY","ALWAYS WITH RIGHT HAND","ALWAYS WITH RIGHT HAND","ALWAYS WITH RIGHT HAND","ALWAYS WITH RIGHT HAND","ALWAYS WITH RIGHT HAND","1: 1  CONDITION APPLIES","1: 1  CONDITION APPLIES","YES","MALE","MALE"
1982,64735,4,0,3,33790,5,183,1,2,2,3,2,2,1,2,1,2,2,3,5,6,1,1,31,23,"Female","Non-Black / Non-Hispanic","South (AL, AR, DE, DC, FL, GA, KY, LA, MD, MS, NC, OK, SC, TN , TX, VA, WV)","High school diploma (Regular 12 year program)","In CBSA, not in central city","NO","3: Mother","YES","NO","NO","NO","NO","0: 0  CONDITION DOES NOT APPLY","ALWAYS WITH RIGHT HAND","ALWAYS WITH RIGHT HAND","ALWAYS WITH RIGHT HAND","ALWAYS WITH RIGHT HAND","ALWAYS WITH RIGHT HAND","1: 1  CONDITION APPLIES","1: 1  CONDITION APPLIES","NO","FEMALE","MALE"
1982,64735,4,1,1,33790,5,183,2,2,4,4,2,4,2,2,2,1,1,6,3,6,1,1,28,11,"Female","Non-Black / Non-Hispanic","Northeast (CT, ME, MA, NH, NJ, NY, PA, RI, VT)","High school diploma (Regular 12 year program)","In CBSA, not in central city","NO","3: Mother","YES","YES","NO","NO","NO","0: 0  CONDITION DOES NOT APPLY","ALWAYS WITH RIGHT HAND","ALWAYS WITH RIGHT HAND","ALWAYS WITH RIGHT HAND","ALWAYS WITH RIGHT HAND","ALWAYS WITH LEFT HAND","1: 1  CONDITION APPLIES","1: 1  CONDITION APPLIES","NO","MALE","MALE"
1982,64735,4,0,3,33790,5,183,2,1,4,4,5,5,2,1,1,2,2,8,2,7,1,1,25,19,"Female","Hispanic","South (AL, AR, DE, DC, FL, GA, KY, LA, MD, MS, NC, OK, SC, TN , TX, VA, WV)","High school diploma (Regular 12 year program)","In CBSA, in central city","NO","3: Mother","NO","NO","NO","NO","YES","0: 0  CONDITION DOES NOT APPLY","ALWAYS WITH RIGHT HAND","ALWAYS WITH RIGHT HAND","ALWAYS WITH RIGHT HAND","USUALLY WITH BOTH HANDS EQUALLY","ALWAYS WITH LEFT HAND","1: 1  CONDITION APPLIES","1: 1  CONDITION APPLIES","NO","FEMALE","FEMALE"
1983,42250,3,1,1,33790,5,183,2,1,1,4,2,4,2,2,1,2,1,4,4,7,1,1,31,20,"Female","Black","South (AL, AR, DE, DC, FL, GA, KY, LA, MD, MS, NC, OK, SC, TN , TX, VA, WV)","High school diploma (Regular 12 year program)","In CBSA, not in central city","NO","3: Mother","NO","YES","NO","NO","YES","0: 0  CONDITION DOES NOT APPLY","ALWAYS WITH RIGHT HAND","ALWAYS WITH RIGHT HAND","ALWAYS WITH RIGHT HAND","ALWAYS WITH RIGHT HAND","ALWAYS WITH LEFT HAND","1: 1  CONDITION APPLIES","1: 1  CONDITION APPLIES","NO","FEMALE","MALE"
1981,64735,2,0,1,10000,5,184,1,1,3,4,5,3,2,2,2,1,1,4,2,7,1,1,30,21,"Male","Non-Black / Non-Hispanic","South (AL, AR, DE, DC, FL, GA, KY, LA, MD, MS, NC, OK, SC, TN , TX, VA, WV)","High school diploma (Regular 12 year program)","In CBSA, not in central city","NO","3: Mother","YES","NO","NO","NO","YES","0: 0  CONDITION DOES NOT APPLY","ALWAYS WITH RIGHT HAND","ALWAYS WITH RIGHT HAND","ALWAYS WITH RIGHT HAND","ALWAYS WITH RIGHT HAND","ALWAYS WITH LEFT HAND","1: 1  CONDITION APPLIES","1: 1  CONDITION APPLIES","NO","FEMALE","FEMALE"
1984,64735,4,0,1,33790,5,170,1,2,2,5,4,5,2,2,1,2,1,1,3,6,1,1,31,18,"Male","Non-Black / Non-Hispanic","North Central (IL, IN, IA, KS, MI, MN, MO, NE, OH, ND, SD, WI)","High school diploma (Regular 12 year program)","In CBSA, in central city","NO","3: Mother","YES","NO","NO","NO","YES","0: 0  CONDITION DOES NOT APPLY","ALWAYS WITH RIGHT HAND","ALWAYS WITH RIGHT HAND","ALWAYS WITH RIGHT HAND","ALWAYS WITH RIGHT HAND","ALWAYS WITH LEFT HAND","1: 1  CONDITION APPLIES","1: 1  CONDITION APPLIES","NO","FEMALE","FEMALE"
1984,8530,6,0,2,33790,5,125,2,1,3,6,3,3,2,2,1,2,1,6,3,6,2,1,32,25,"Female","Hispanic","West (AK, AZ, CA, CO, HI, ID, MT, NV, NM, OR, UT, WA, WY)","High school diploma (Regular 12 year program)","In CBSA, in central city","NO","3: Mother","YES","YES","NO","NO","NO","0: 0  CONDITION DOES NOT APPLY","ALWAYS WITH RIGHT HAND","ALWAYS WITH RIGHT HAND","ALWAYS WITH RIGHT HAND","ALWAYS WITH RIGHT HAND","ALWAYS WITH RIGHT HAND","1: 1  CONDITION APPLIES","1: 1  CONDITION APPLIES","YES","MALE","MALE"
1983,64735,3,1,2,33790,5,170,1,2,3,4,3,6,2,2,1,2,1,4,4,7,1,1,31,26,"Male","Non-Black / Non-Hispanic","West (AK, AZ, CA, CO, HI, ID, MT, NV, NM, OR, UT, WA, WY)","GED","In CBSA, in central city","NO","3: Mother","YES","NO","NO","NO","YES","0: 0  CONDITION DOES NOT APPLY","ALWAYS WITH RIGHT HAND","ALWAYS WITH RIGHT HAND","ALWAYS WITH RIGHT HAND","ALWAYS WITH RIGHT HAND","ALWAYS WITH LEFT HAND","1: 1  CONDITION APPLIES","1: 1  CONDITION APPLIES","NO","FEMALE","FEMALE"
1983,64735,2,0,3,33790,5,184,1,2,1,3,1,2,2,2,2,2,1,6,3,7,1,1,21,20,"Male","Non-Black / Non-Hispanic","Northeast (CT, ME, MA, NH, NJ, NY, PA, RI, VT)","High school diploma (Regular 12 year program)","In CBSA, in central city","NO","3: Mother","NO","NO","NO","NO","YES","0: 0  CONDITION DOES NOT APPLY","ALWAYS WITH RIGHT HAND","ALWAYS WITH RIGHT HAND","ALWAYS WITH RIGHT HAND","ALWAYS WITH RIGHT HAND","ALWAYS WITH LEFT HAND","1: 1  CONDITION APPLIES","1: 1  CONDITION APPLIES","NO","FEMALE","MALE"
1981,64735,4,1,2,33790,6,185,1,1,1,3,1,2,2,1,2,1,2,2,2,6,1,1,31,10,"Male","Hispanic","South (AL, AR, DE, DC, FL, GA, KY, LA, MD, MS, NC, OK, SC, TN , TX, VA, WV)","High school diploma (Regular 12 year program)","In CBSA, not in central city","NO","3: Mother","NO","NO","NO","NO","YES","0: 0  CONDITION DOES NOT APPLY","ALWAYS WITH RIGHT HAND","ALWAYS WITH RIGHT HAND","ALWAYS WITH RIGHT HAND","ALWAYS WITH RIGHT HAND","ALWAYS WITH LEFT HAND","1: 1  CONDITION APPLIES","1: 1  CONDITION APPLIES","NO","FEMALE","FEMALE"
1982,64735,3,1,1,33790,4,176,1,2,1,3,5,4,2,2,2,2,1,6,1,9,1,1,28,21,"Female","Black","South (AL, AR, DE, DC, FL, GA, KY, LA, MD, MS, NC, OK, SC, TN , TX, VA, WV)","GED","In CBSA, not in central city","NO","3: Mother","NO","YES","NO","NO","NO","0: 0  CONDITION DOES NOT APPLY","ALWAYS WITH RIGHT HAND","ALWAYS WITH RIGHT HAND","ALWAYS WITH RIGHT HAND","ALWAYS WITH RIGHT HAND","USUALLY WITH BOTH HANDS EQUALLY","1: 1  CONDITION APPLIES","1: 1  CONDITION APPLIES","YES","MALE","MALE"
1983,64735,2,0,2,33790,5,182,1,2,4,3,3,3,2,2,2,2,1,5,2,8,1,1,25,20,"Male","Non-Black / Non-Hispanic","South (AL, AR, DE, DC, FL, GA, KY, LA, MD, MS, NC, OK, SC, TN , TX, VA, WV)","High school diploma (Regular 12 year program)","In CBSA, not in central city","NO","3: Mother","NO","NO","NO","NO","NO","0: 0  CONDITION DOES NOT APPLY","ALWAYS WITH RIGHT HAND","ALWAYS WITH RIGHT HAND","ALWAYS WITH RIGHT HAND","ALWAYS WITH RIGHT HAND","ALWAYS WITH LEFT HAND","1: 1  CONDITION APPLIES","0: 0  CONDITION DOES NOT APPLY","NO","MALE","MALE"
1980,64735,3,0,1,33790,5,183,2,1,2,3,3,4,2,2,2,2,1,6,2,5,1,1,31,19,"Female","Non-Black / Non-Hispanic","South (AL, AR, DE, DC, FL, GA, KY, LA, MD, MS, NC, OK, SC, TN , TX, VA, WV)","High school diploma (Regular 12 year program)","In CBSA, not in central city","YES","3: Mother","YES","NO","NO","NO","YES","0: 0  CONDITION DOES NOT APPLY","ALWAYS WITH RIGHT HAND","ALWAYS WITH RIGHT HAND","ALWAYS WITH RIGHT HAND","ALWAYS WITH RIGHT HAND","ALWAYS WITH LEFT HAND","1: 1  CONDITION APPLIES","1: 1  CONDITION APPLIES","NO","FEMALE","FEMALE"
1980,64735,4,1,2,33790,5,185,1,1,1,4,2,3,2,2,1,2,2,9,3,5,1,1,64,24,"Female","Non-Black / Non-Hispanic","South (AL, AR, DE, DC, FL, GA, KY, LA, MD, MS, NC, OK, SC, TN , TX, VA, WV)","High school diploma (Regular 12 year program)","In CBSA, in central city","NO","3: Mother","YES","NO","NO","NO","NO","0: 0  CONDITION DOES NOT APPLY","ALWAYS WITH RIGHT HAND","ALWAYS WITH RIGHT HAND","USUALLY WITH RIGHT HAND","ALWAYS WITH RIGHT HAND","ALWAYS WITH LEFT HAND","1: 1  CONDITION APPLIES","1: 1  CONDITION APPLIES","NO","FEMALE","MALE"
1982,64735,3,0,4,33790,5,181,2,1,3,2,1,3,2,2,1,2,1,6,4,6,1,1,27,20,"Female","Non-Black / Non-Hispanic","South (AL, AR, DE, DC, FL, GA, KY, LA, MD, MS, NC, OK, SC, TN , TX, VA, WV)","GED","In CBSA, in central city","NO","3: Mother","NO","NO","YES","NO","YES","0: 0  CONDITION DOES NOT APPLY","ALWAYS WITH RIGHT HAND","ALWAYS WITH RIGHT HAND","ALWAYS WITH RIGHT HAND","ALWAYS WITH RIGHT HAND","ALWAYS WITH LEFT HAND","1: 1  CONDITION APPLIES","1: 1  CONDITION APPLIES","NO","MALE","FEMALE"
1982,22500,3,0,2,8000,5,181,1,1,3,4,3,4,2,1,1,1,1,3,4,6,1,1,30,1,"Female","Black","West (AK, AZ, CA, CO, HI, ID, MT, NV, NM, OR, UT, WA, WY)","High school diploma (Regular 12 year program)","In CBSA, not in central city","NO","3: Mother","YES","NO","NO","NO","YES","0: 0  CONDITION DOES NOT APPLY","ALWAYS WITH RIGHT HAND","ALWAYS WITH RIGHT HAND","ALWAYS WITH RIGHT HAND","ALWAYS WITH RIGHT HAND","ALWAYS WITH LEFT HAND","1: 1  CONDITION APPLIES","1: 1  CONDITION APPLIES","NO","FEMALE","MALE"
1983,64735,2,0,1,33790,5,182,1,1,5,3,1,5,2,2,2,2,1,4,2,6,1,1,32,21,"Male","Non-Black / Non-Hispanic","South (AL, AR, DE, DC, FL, GA, KY, LA, MD, MS, NC, OK, SC, TN , TX, VA, WV)","Bachelor's degree (BA, BS)","In CBSA, in central city","NO","3: Mother","NO","NO","NO","NO","YES","0: 0  CONDITION DOES NOT APPLY","ALWAYS WITH RIGHT HAND","ALWAYS WITH RIGHT HAND","ALWAYS WITH RIGHT HAND","ALWAYS WITH RIGHT HAND","ALWAYS WITH LEFT HAND","1: 1  CONDITION APPLIES","1: 1  CONDITION APPLIES","NO","MALE","FEMALE"
1980,64735,4,1,7,33790,6,186,1,1,6,3,2,3,2,2,2,2,1,2,2,6,1,1,32,20,"Male","Black","South (AL, AR, DE, DC, FL, GA, KY, LA, MD, MS, NC, OK, SC, TN , TX, VA, WV)","None","In CBSA, in central city","NO","3: Mother","NO","YES","NO","NO","YES","0: 0  CONDITION DOES NOT APPLY","ALWAYS WITH RIGHT HAND","ALWAYS WITH RIGHT HAND","ALWAYS WITH RIGHT HAND","ALWAYS WITH RIGHT HAND","ALWAYS WITH LEFT HAND","1: 1  CONDITION APPLIES","1: 1  CONDITION APPLIES","NO","FEMALE","FEMALE"
1984,64735,3,0,1,33790,5,183,1,2,2,4,3,3,2,2,2,2,1,6,2,6,1,1,30,21,"Female","Non-Black / Non-Hispanic","South (AL, AR, DE, DC, FL, GA, KY, LA, MD, MS, NC, OK, SC, TN , TX, VA, WV)","High school diploma (Regular 12 year program)","In CBSA, in central city","NO","3: Mother","YES","NO","NO","NO","YES","0: 0  CONDITION DOES NOT APPLY","ALWAYS WITH RIGHT HAND","ALWAYS WITH RIGHT HAND","USUALLY WITH BOTH HANDS EQUALLY","ALWAYS WITH RIGHT HAND","ALWAYS WITH LEFT HAND","1: 1  CONDITION APPLIES","1: 1  CONDITION APPLIES","NO","FEMALE","FEMALE"
1983,64735,6,1,1,33790,5,125,1,3,2,3,8,4,1,2,1,2,1,2,1,5,1,1,36,18,"Female","Non-Black / Non-Hispanic","West (AK, AZ, CA, CO, HI, ID, MT, NV, NM, OR, UT, WA, WY)","High school diploma (Regular 12 year program)","In CBSA, not in central city","NO","3: Mother","YES","NO","NO","NO","NO","0: 0  CONDITION DOES NOT APPLY","ALWAYS WITH RIGHT HAND","ALWAYS WITH RIGHT HAND","ALWAYS WITH RIGHT HAND","ALWAYS WITH RIGHT HAND","ALWAYS WITH LEFT HAND","0: 0  CONDITION DOES NOT APPLY","1: 1  CONDITION APPLIES","YES","MALE","FEMALE"
1983,64735,4,1,2,33790,5,183,1,1,4,4,2,6,2,2,1,2,1,2,1,7,1,1,31,21,"Male","Non-Black / Non-Hispanic","South (AL, AR, DE, DC, FL, GA, KY, LA, MD, MS, NC, OK, SC, TN , TX, VA, WV)","High school diploma (Regular 12 year program)","In CBSA, not in central city","NO","3: Mother","NO","NO","NO","NO","YES","0: 0  CONDITION DOES NOT APPLY","ALWAYS WITH RIGHT HAND","ALWAYS WITH RIGHT HAND","ALWAYS WITH RIGHT HAND","ALWAYS WITH RIGHT HAND","ALWAYS WITH RIGHT HAND","1: 1  CONDITION APPLIES","1: 1  CONDITION APPLIES","NO","MALE","FEMALE"
1984,64735,5,1,1,33790,5,182,1,1,1,1,4,2,2,1,2,1,1,6,1,8,6,1,31,21,"Female","Non-Black / Non-Hispanic","North Central (IL, IN, IA, KS, MI, MN, MO, NE, OH, ND, SD, WI)","High school diploma (Regular 12 year program)","In CBSA, not in central city","NO","3: Mother","NO","YES","YES","NO","NO","0: 0  CONDITION DOES NOT APPLY","ALWAYS WITH RIGHT HAND","ALWAYS WITH LEFT HAND","ALWAYS WITH LEFT HAND","ALWAYS WITH LEFT HAND","ALWAYS WITH LEFT HAND","1: 1  CONDITION APPLIES","1: 1  CONDITION APPLIES","NO","FEMALE","MALE"
1980,64735,3,0,1,33790,5,233,1,1,4,4,1,2,2,2,1,2,1,6,2,6,1,1,33,22,"Male","Non-Black / Non-Hispanic","South (AL, AR, DE, DC, FL, GA, KY, LA, MD, MS, NC, OK, SC, TN , TX, VA, WV)","Bachelor's degree (BA, BS)","In CBSA, in central city","NO","3: Mother","YES","NO","NO","NO","YES","0: 0  CONDITION DOES NOT APPLY","ALWAYS WITH LEFT HAND","DON'T DO THIS ACTIVITY","ALWAYS WITH LEFT HAND","ALWAYS WITH RIGHT HAND","ALWAYS WITH LEFT HAND","1: 1  CONDITION APPLIES","0: 0  CONDITION DOES NOT APPLY","NO","FEMALE","FEMALE"
1980,64735,4,0,1,33790,4,177,1,1,2,3,4,4,2,2,1,2,2,7,1,9,1,1,27,21,"Female","Hispanic","West (AK, AZ, CA, CO, HI, ID, MT, NV, NM, OR, UT, WA, WY)","Associate/Junior college (AA)","In CBSA, not in central city","NO","3: Mother","YES","NO","NO","NO","YES","0: 0  CONDITION DOES NOT APPLY","ALWAYS WITH RIGHT HAND","ALWAYS WITH RIGHT HAND","ALWAYS WITH RIGHT HAND","ALWAYS WITH RIGHT HAND","ALWAYS WITH LEFT HAND","1: 1  CONDITION APPLIES","1: 1  CONDITION APPLIES","NO","FEMALE","MALE"
1983,64735,5,0,6,33790,5,183,1,2,3,4,2,2,2,2,1,1,2,4,3,4,1,1,30,4,"Male","Non-Black / Non-Hispanic","North Central (IL, IN, IA, KS, MI, MN, MO, NE, OH, ND, SD, WI)","GED","In CBSA, not in central city","NO","3: Mother","YES","NO","NO","NO","YES","0: 0  CONDITION DOES NOT APPLY","ALWAYS WITH RIGHT HAND","ALWAYS WITH RIGHT HAND","ALWAYS WITH RIGHT HAND","ALWAYS WITH RIGHT HAND","ALWAYS WITH RIGHT HAND","0: 0  CONDITION DOES NOT APPLY","1: 1  CONDITION APPLIES","NO","MALE","FEMALE"
1981,64735,3,0,2,14000,5,226,2,1,3,4,6,3,2,2,1,2,1,6,1,6,1,1,29,19,"Female","Non-Black / Non-Hispanic","Northeast (CT, ME, MA, NH, NJ, NY, PA, RI, VT)","High school diploma (Regular 12 year program)","In CBSA, not in central city","NO","3: Mother","YES","NO","YES","NO","YES","0: 0  CONDITION DOES NOT APPLY","ALWAYS WITH RIGHT HAND","ALWAYS WITH RIGHT HAND","ALWAYS WITH RIGHT HAND","ALWAYS WITH RIGHT HAND","ALWAYS WITH LEFT HAND","1: 1  CONDITION APPLIES","1: 1  CONDITION APPLIES","NO","MALE","FEMALE"
1981,64735,5,1,1,33790,5,180,1,1,2,3,2,5,1,1,2,1,1,4,2,7,1,1,32,20,"Male","Black","Northeast (CT, ME, MA, NH, NJ, NY, PA, RI, VT)","Professional degree (DDS, JD, MD)","In CBSA, not in central city","NO","3: Mother","NO","NO","NO","NO","YES","0: 0  CONDITION DOES NOT APPLY","ALWAYS WITH RIGHT HAND","ALWAYS WITH RIGHT HAND","ALWAYS WITH RIGHT HAND","ALWAYS WITH RIGHT HAND","ALWAYS WITH LEFT HAND","1: 1  CONDITION APPLIES","0: 0  CONDITION DOES NOT APPLY","NO","FEMALE","MALE"
1983,64735,3,0,1,33790,5,182,1,1,2,3,4,6,1,2,1,1,1,6,5,8,1,1,34,24,"Male","Black","Northeast (CT, ME, MA, NH, NJ, NY, PA, RI, VT)","GED","In CBSA, not in central city","YES","3: Mother","YES","NO","NO","NO","NO","0: 0  CONDITION DOES NOT APPLY","ALWAYS WITH LEFT HAND","ALWAYS WITH RIGHT HAND","ALWAYS WITH LEFT HAND","ALWAYS WITH RIGHT HAND","ALWAYS WITH LEFT HAND","1: 1  CONDITION APPLIES","1: 1  CONDITION APPLIES","NO","MALE","FEMALE"
1983,64735,2,0,4,33790,5,179,1,1,2,4,5,4,1,2,1,2,1,5,3,7,1,1,24,13,"Female","Non-Black / Non-Hispanic","South (AL, AR, DE, DC, FL, GA, KY, LA, MD, MS, NC, OK, SC, TN , TX, VA, WV)","Bachelor's degree (BA, BS)","In CBSA, not in central city","NO","3: Mother","YES","NO","NO","NO","YES","0: 0  CONDITION DOES NOT APPLY","ALWAYS WITH RIGHT HAND","ALWAYS WITH RIGHT HAND","ALWAYS WITH RIGHT HAND","ALWAYS WITH RIGHT HAND","USUALLY WITH LEFT HAND","1: 1  CONDITION APPLIES","1: 1  CONDITION APPLIES","NO","FEMALE","MALE"
1985,64735,4,0,1,33790,6,179,1,1,2,4,4,3,1,1,1,1,1,5,1,7,1,3,34,21,"Female","Mixed Race (Non-Hispanic)","Northeast (CT, ME, MA, NH, NJ, NY, PA, RI, VT)","High school diploma (Regular 12 year program)","In CBSA, not in central city","NO","3: Mother","YES","YES","NO","NO","YES","0: 0  CONDITION DOES NOT APPLY","ALWAYS WITH RIGHT HAND","ALWAYS WITH RIGHT HAND","ALWAYS WITH RIGHT HAND","ALWAYS WITH RIGHT HAND","ALWAYS WITH LEFT HAND","1: 1  CONDITION APPLIES","1: 1  CONDITION APPLIES","YES","MALE","MALE"
1982,64735,4,0,1,20000,6,185,1,1,3,3,2,3,1,2,1,2,1,2,2,5,1,1,31,22,"Male","Black","South (AL, AR, DE, DC, FL, GA, KY, LA, MD, MS, NC, OK, SC, TN , TX, VA, WV)","High school diploma (Regular 12 year program)","In CBSA, not in central city","NO","3: Mother","YES","YES","NO","NO","YES","0: 0  CONDITION DOES NOT APPLY","ALWAYS WITH RIGHT HAND","ALWAYS WITH RIGHT HAND","ALWAYS WITH RIGHT HAND","ALWAYS WITH RIGHT HAND","ALWAYS WITH LEFT HAND","1: 1  CONDITION APPLIES","1: 1  CONDITION APPLIES","NO","FEMALE","FEMALE"
1981,64735,5,2,2,33790,5,182,2,1,3,4,1,3,2,2,1,2,1,7,2,7,1,1,5,9,"Female","Black","South (AL, AR, DE, DC, FL, GA, KY, LA, MD, MS, NC, OK, SC, TN , TX, VA, WV)","Bachelor's degree (BA, BS)","In CBSA, in central city","NO","3: Mother","NO","YES","YES","NO","YES","0: 0  CONDITION DOES NOT APPLY","ALWAYS WITH RIGHT HAND","ALWAYS WITH RIGHT HAND","ALWAYS WITH RIGHT HAND","ALWAYS WITH RIGHT HAND","ALWAYS WITH LEFT HAND","1: 1  CONDITION APPLIES","1: 1  CONDITION APPLIES","NO","MALE","FEMALE"
1982,64735,4,0,1,33790,6,187,1,2,1,3,3,3,2,2,1,2,1,2,4,5,2,1,48,28,"Male","Black","South (AL, AR, DE, DC, FL, GA, KY, LA, MD, MS, NC, OK, SC, TN , TX, VA, WV)","High school diploma (Regular 12 year program)","In CBSA, in central city","NO","3: Mother","NO","YES","NO","NO","NO","0: 0  CONDITION DOES NOT APPLY","ALWAYS WITH RIGHT HAND","ALWAYS WITH RIGHT HAND","ALWAYS WITH RIGHT HAND","ALWAYS WITH RIGHT HAND","ALWAYS WITH LEFT HAND","1: 1  CONDITION APPLIES","1: 1  CONDITION APPLIES","NO","FEMALE","MALE"
1984,250,4,0,4,33790,5,184,1,1,2,5,2,8,2,1,1,2,1,4,2,8,1,1,45,24,"Male","Non-Black / Non-Hispanic","South (AL, AR, DE, DC, FL, GA, KY, LA, MD, MS, NC, OK, SC, TN , TX, VA, WV)","High school diploma (Regular 12 year program)","In CBSA, in central city","NO","3: Mother","YES","NO","NO","NO","YES","0: 0  CONDITION DOES NOT APPLY","ALWAYS WITH RIGHT HAND","ALWAYS WITH RIGHT HAND","ALWAYS WITH RIGHT HAND","ALWAYS WITH RIGHT HAND","ALWAYS WITH LEFT HAND","1: 1  CONDITION APPLIES","1: 1  CONDITION APPLIES","NO","FEMALE","MALE"
1982,64000,3,0,1,33790,5,240,1,2,1,3,2,2,2,2,1,1,2,5,2,6,1,1,32,21,"Male","Hispanic","South (AL, AR, DE, DC, FL, GA, KY, LA, MD, MS, NC, OK, SC, TN , TX, VA, WV)","High school diploma (Regular 12 year program)","In CBSA, in central city","NO","3: Mother","NO","YES","NO","NO","YES","0: 0  CONDITION DOES NOT APPLY","ALWAYS WITH RIGHT HAND","ALWAYS WITH RIGHT HAND","ALWAYS WITH RIGHT HAND","ALWAYS WITH RIGHT HAND","ALWAYS WITH LEFT HAND","1: 1  CONDITION APPLIES","0: 0  CONDITION DOES NOT APPLY","NO","MALE","MALE"
1982,64735,1,0,4,33790,6,450,1,2,6,5,2,2,2,2,1,2,2,3,3,5,1,1,29,21,"Male","Non-Black / Non-Hispanic","South (AL, AR, DE, DC, FL, GA, KY, LA, MD, MS, NC, OK, SC, TN , TX, VA, WV)","High school diploma (Regular 12 year program)","In CBSA, in central city","NO","3: Mother","YES","NO","NO","NO","YES","0: 0  CONDITION DOES NOT APPLY","ALWAYS WITH RIGHT HAND","ALWAYS WITH RIGHT HAND","ALWAYS WITH RIGHT HAND","ALWAYS WITH RIGHT HAND","ALWAYS WITH LEFT HAND","1: 1  CONDITION APPLIES","1: 1  CONDITION APPLIES","NO","FEMALE","FEMALE"
1981,64735,1,0,1,33790,5,183,1,2,5,2,2,5,2,2,1,1,2,7,3,7,1,1,28,18,"Female","Non-Black / Non-Hispanic","West (AK, AZ, CA, CO, HI, ID, MT, NV, NM, OR, UT, WA, WY)","Bachelor's degree (BA, BS)","Not in CBSA","NO","3: Mother","YES","NO","YES","NO","YES","0: 0  CONDITION DOES NOT APPLY","ALWAYS WITH RIGHT HAND","ALWAYS WITH RIGHT HAND","USUALLY WITH RIGHT HAND","ALWAYS WITH RIGHT HAND","ALWAYS WITH LEFT HAND","1: 1  CONDITION APPLIES","1: 1  CONDITION APPLIES","NO","MALE","MALE"
1983,64735,3,0,1,33790,5,182,1,2,5,3,2,1,2,2,2,2,2,6,3,8,1,1,27,20,"Male","Hispanic","West (AK, AZ, CA, CO, HI, ID, MT, NV, NM, OR, UT, WA, WY)","High school diploma (Regular 12 year program)","In CBSA, not in central city","NO","3: Mother","YES","NO","YES","NO","NO","0: 0  CONDITION DOES NOT APPLY","ALWAYS WITH RIGHT HAND","ALWAYS WITH RIGHT HAND","ALWAYS WITH RIGHT HAND","ALWAYS WITH RIGHT HAND","ALWAYS WITH LEFT HAND","1: 1  CONDITION APPLIES","1: 1  CONDITION APPLIES","NO","FEMALE","MALE"
1983,64735,5,0,2,33790,5,183,1,2,4,1,2,3,2,2,2,2,1,6,3,7,1,1,26,8,"Female","Non-Black / Non-Hispanic","South (AL, AR, DE, DC, FL, GA, KY, LA, MD, MS, NC, OK, SC, TN , TX, VA, WV)","High school diploma (Regular 12 year program)","In CBSA, not in central city","NO","3: Mother","YES","YES","NO","NO","NO","0: 0  CONDITION DOES NOT APPLY","ALWAYS WITH RIGHT HAND","ALWAYS WITH RIGHT HAND","USUALLY WITH RIGHT HAND","ALWAYS WITH RIGHT HAND","DON'T DO THIS ACTIVITY","1: 1  CONDITION APPLIES","1: 1  CONDITION APPLIES","NO","FEMALE","FEMALE"
1984,64735,4,0,2,33790,5,183,1,1,1,3,5,5,2,1,1,1,1,6,2,6,1,1,36,26,"Male","Hispanic","South (AL, AR, DE, DC, FL, GA, KY, LA, MD, MS, NC, OK, SC, TN , TX, VA, WV)","GED","In CBSA, in central city","YES","3: Mother","NO","YES","NO","NO","NO","0: 0  CONDITION DOES NOT APPLY","ALWAYS WITH RIGHT HAND","ALWAYS WITH RIGHT HAND","ALWAYS WITH RIGHT HAND","ALWAYS WITH RIGHT HAND","ALWAYS WITH LEFT HAND","1: 1  CONDITION APPLIES","1: 1  CONDITION APPLIES","NO","FEMALE","FEMALE"
1984,73050,4,1,2,33790,5,182,1,1,4,5,4,4,2,1,1,2,1,7,3,7,1,1,34,26,"Female","Hispanic","South (AL, AR, DE, DC, FL, GA, KY, LA, MD, MS, NC, OK, SC, TN , TX, VA, WV)","High school diploma (Regular 12 year program)","In CBSA, not in central city","YES","3: Mother","YES","NO","NO","NO","NO","0: 0  CONDITION DOES NOT APPLY","ALWAYS WITH RIGHT HAND","ALWAYS WITH RIGHT HAND","ALWAYS WITH RIGHT HAND","USUALLY WITH BOTH HANDS EQUALLY","ALWAYS WITH LEFT HAND","1: 1  CONDITION APPLIES","1: 1  CONDITION APPLIES","NO","FEMALE","MALE"
1980,64735,4,1,2,33790,5,200,1,2,3,4,1,3,2,2,1,2,1,1,2,6,1,1,31,21,"Female","Non-Black / Non-Hispanic","South (AL, AR, DE, DC, FL, GA, KY, LA, MD, MS, NC, OK, SC, TN , TX, VA, WV)","High school diploma (Regular 12 year program)","In CBSA, not in central city","NO","3: Mother","YES","NO","NO","YES","YES","0: 0  CONDITION DOES NOT APPLY","ALWAYS WITH RIGHT HAND","ALWAYS WITH RIGHT HAND","ALWAYS WITH RIGHT HAND","ALWAYS WITH RIGHT HAND","ALWAYS WITH LEFT HAND","1: 1  CONDITION APPLIES","1: 1  CONDITION APPLIES","NO","MALE","MALE"
1980,64735,4,0,3,33790,5,183,1,1,2,3,4,3,2,2,2,2,1,1,1,6,1,1,27,2,"Female","Non-Black / Non-Hispanic","South (AL, AR, DE, DC, FL, GA, KY, LA, MD, MS, NC, OK, SC, TN , TX, VA, WV)","Associate/Junior college (AA)","In CBSA, in central city","NO","3: Mother","YES","NO","NO","NO","YES","0: 0  CONDITION DOES NOT APPLY","ALWAYS WITH RIGHT HAND","ALWAYS WITH RIGHT HAND","ALWAYS WITH RIGHT HAND","ALWAYS WITH RIGHT HAND","ALWAYS WITH LEFT HAND","1: 1  CONDITION APPLIES","1: 1  CONDITION APPLIES","NO","MALE","FEMALE"
1984,64735,2,0,4,15000,6,181,1,1,1,4,6,2,2,2,2,2,2,4,2,7,1,1,33,26,"Male","Black","South (AL, AR, DE, DC, FL, GA, KY, LA, MD, MS, NC, OK, SC, TN , TX, VA, WV)","Bachelor's degree (BA, BS)","In CBSA, in central city","NO","3: Mother","NO","YES","NO","NO","YES","0: 0  CONDITION DOES NOT APPLY","ALWAYS WITH RIGHT HAND","ALWAYS WITH RIGHT HAND","ALWAYS WITH RIGHT HAND","ALWAYS WITH RIGHT HAND","ALWAYS WITH LEFT HAND","1: 1  CONDITION APPLIES","1: 1  CONDITION APPLIES","NO","FEMALE","MALE"
1980,64735,3,1,1,33790,6,185,1,1,4,2,3,3,2,1,1,2,1,1,2,7,1,1,30,23,"Male","Black","West (AK, AZ, CA, CO, HI, ID, MT, NV, NM, OR, UT, WA, WY)","Associate/Junior college (AA)","In CBSA, in central city","NO","3: Mother","YES","YES","NO","NO","NO","1: 1  CONDITION APPLIES","ALWAYS WITH RIGHT HAND","ALWAYS WITH RIGHT HAND","ALWAYS WITH RIGHT HAND","ALWAYS WITH RIGHT HAND","ALWAYS WITH LEFT HAND","1: 1  CONDITION APPLIES","1: 1  CONDITION APPLIES","NO","FEMALE","MALE"
1982,64735,2,0,1,33790,5,194,2,1,2,4,3,3,2,1,1,1,1,6,3,5,1,1,34,22,"Male","Non-Black / Non-Hispanic","South (AL, AR, DE, DC, FL, GA, KY, LA, MD, MS, NC, OK, SC, TN , TX, VA, WV)","High school diploma (Regular 12 year program)","In CBSA, not in central city","NO","3: Mother","YES","NO","YES","NO","YES","0: 0  CONDITION DOES NOT APPLY","ALWAYS WITH RIGHT HAND","ALWAYS WITH RIGHT HAND","ALWAYS WITH RIGHT HAND","ALWAYS WITH RIGHT HAND","ALWAYS WITH LEFT HAND","1: 1  CONDITION APPLIES","1: 1  CONDITION APPLIES","NO","FEMALE","MALE"
1983,64735,4,1,2,33790,5,182,1,1,1,4,1,4,1,2,1,1,1,5,2,8,1,1,32,20,"Female","Black","South (AL, AR, DE, DC, FL, GA, KY, LA, MD, MS, NC, OK, SC, TN , TX, VA, WV)","Bachelor's degree (BA, BS)","In CBSA, in central city","NO","3: Mother","NO","YES","NO","NO","YES","0: 0  CONDITION DOES NOT APPLY","ALWAYS WITH RIGHT HAND","ALWAYS WITH RIGHT HAND","ALWAYS WITH RIGHT HAND","ALWAYS WITH RIGHT HAND","ALWAYS WITH LEFT HAND","1: 1  CONDITION APPLIES","1: 1  CONDITION APPLIES","NO","FEMALE","FEMALE"
1982,64735,4,0,2,33790,5,184,1,1,4,4,3,4,1,1,1,2,1,5,3,7,1,1,31,18,"Male","Black","South (AL, AR, DE, DC, FL, GA, KY, LA, MD, MS, NC, OK, SC, TN , TX, VA, WV)","High school diploma (Regular 12 year program)","In CBSA, not in central city","NO","3: Mother","YES","YES","NO","NO","YES","0: 0  CONDITION DOES NOT APPLY","ALWAYS WITH LEFT HAND","ALWAYS WITH LEFT HAND","ALWAYS WITH LEFT HAND","ALWAYS WITH LEFT HAND","ALWAYS WITH LEFT HAND","1: 1  CONDITION APPLIES","1: 1  CONDITION APPLIES","NO","MALE","FEMALE"
1982,64735,6,1,2,33790,5,120,1,2,1,3,4,6,2,2,1,1,2,6,3,7,1,1,30,20,"Female","Non-Black / Non-Hispanic","South (AL, AR, DE, DC, FL, GA, KY, LA, MD, MS, NC, OK, SC, TN , TX, VA, WV)","GED","In CBSA, not in central city","NO","3: Mother","YES","YES","NO","NO","YES","0: 0  CONDITION DOES NOT APPLY","ALWAYS WITH RIGHT HAND","ALWAYS WITH RIGHT HAND","ALWAYS WITH RIGHT HAND","ALWAYS WITH RIGHT HAND","USUALLY WITH LEFT HAND","1: 1  CONDITION APPLIES","1: 1  CONDITION APPLIES","NO","FEMALE","MALE"
1981,64735,2,1,1,33790,6,185,2,2,2,4,3,4,2,1,1,2,1,3,3,7,1,1,26,19,"Female","Hispanic","South (AL, AR, DE, DC, FL, GA, KY, LA, MD, MS, NC, OK, SC, TN , TX, VA, WV)","Master's degree (MA, MS)","In CBSA, not in central city","NO","3: Mother","NO","YES","NO","NO","YES","0: 0  CONDITION DOES NOT APPLY","ALWAYS WITH RIGHT HAND","ALWAYS WITH RIGHT HAND","ALWAYS WITH RIGHT HAND","ALWAYS WITH RIGHT HAND","ALWAYS WITH LEFT HAND","1: 1  CONDITION APPLIES","1: 1  CONDITION APPLIES","YES","FEMALE","MALE"
1981,68000,2,0,1,33790,5,183,1,1,4,1,2,6,2,2,1,2,1,5,3,6,3,1,28,19,"Male","Hispanic","South (AL, AR, DE, DC, FL, GA, KY, LA, MD, MS, NC, OK, SC, TN , TX, VA, WV)","High school diploma (Regular 12 year program)","In CBSA, in central city","NO","3: Mother","NO","NO","NO","NO","NO","0: 0  CONDITION DOES NOT APPLY","ALWAYS WITH RIGHT HAND","ALWAYS WITH RIGHT HAND","ALWAYS WITH RIGHT HAND","ALWAYS WITH RIGHT HAND","ALWAYS WITH LEFT HAND","1: 1  CONDITION APPLIES","1: 1  CONDITION APPLIES","NO","MALE","MALE"
1984,64735,3,0,2,33790,5,182,1,2,3,3,2,5,2,2,2,2,2,2,2,6,1,1,28,18,"Female","Non-Black / Non-Hispanic","South (AL, AR, DE, DC, FL, GA, KY, LA, MD, MS, NC, OK, SC, TN , TX, VA, WV)","High school diploma (Regular 12 year program)","In CBSA, in central city","NO","3: Mother","YES","NO","NO","NO","YES","0: 0  CONDITION DOES NOT APPLY","ALWAYS WITH RIGHT HAND","ALWAYS WITH RIGHT HAND","ALWAYS WITH RIGHT HAND","ALWAYS WITH RIGHT HAND","ALWAYS WITH LEFT HAND","1: 1  CONDITION APPLIES","0: 0  CONDITION DOES NOT APPLY","NO","MALE","FEMALE"
1983,64735,3,1,1,33790,5,182,2,1,3,4,3,4,2,2,1,3,1,6,1,8,1,1,30,21,"Male","Non-Black / Non-Hispanic","South (AL, AR, DE, DC, FL, GA, KY, LA, MD, MS, NC, OK, SC, TN , TX, VA, WV)","Bachelor's degree (BA, BS)","In CBSA, not in central city","YES","3: Mother","YES","NO","NO","NO","YES","0: 0  CONDITION DOES NOT APPLY","ALWAYS WITH RIGHT HAND","ALWAYS WITH RIGHT HAND","USUALLY WITH RIGHT HAND","ALWAYS WITH RIGHT HAND","ALWAYS WITH LEFT HAND","1: 1  CONDITION APPLIES","1: 1  CONDITION APPLIES","NO","FEMALE","FEMALE"
1983,64735,2,1,2,33790,5,183,2,2,2,4,4,5,2,2,2,2,1,3,5,8,1,1,32,19,"Female","Non-Black / Non-Hispanic","South (AL, AR, DE, DC, FL, GA, KY, LA, MD, MS, NC, OK, SC, TN , TX, VA, WV)","GED","In CBSA, in central city","NO","3: Mother","YES","NO","NO","NO","YES","0: 0  CONDITION DOES NOT APPLY","ALWAYS WITH RIGHT HAND","ALWAYS WITH LEFT HAND","ALWAYS WITH LEFT HAND","ALWAYS WITH RIGHT HAND","ALWAYS WITH LEFT HAND","1: 1  CONDITION APPLIES","1: 1  CONDITION APPLIES","NO","FEMALE","FEMALE"
1980,42550,4,0,1,33790,5,184,1,2,1,3,2,5,2,2,1,2,1,3,5,7,1,1,30,21,"Female","Non-Black / Non-Hispanic","West (AK, AZ, CA, CO, HI, ID, MT, NV, NM, OR, UT, WA, WY)","High school diploma (Regular 12 year program)","In CBSA, not in central city","NO","3: Mother","NO","NO","NO","NO","YES","0: 0  CONDITION DOES NOT APPLY","ALWAYS WITH RIGHT HAND","ALWAYS WITH RIGHT HAND","ALWAYS WITH RIGHT HAND","ALWAYS WITH RIGHT HAND","ALWAYS WITH LEFT HAND","1: 1  CONDITION APPLIES","1: 1  CONDITION APPLIES","NO","FEMALE","FEMALE"
1981,64735,9,2,1,33790,5,183,1,1,4,5,2,3,1,1,1,1,1,6,3,5,1,1,55,26,"Female","Non-Black / Non-Hispanic","South (AL, AR, DE, DC, FL, GA, KY, LA, MD, MS, NC, OK, SC, TN , TX, VA, WV)","High school diploma (Regular 12 year program)","In CBSA, not in central city","YES","3: Mother","YES","NO","NO","NO","YES","0: 0  CONDITION DOES NOT APPLY","ALWAYS WITH RIGHT HAND","ALWAYS WITH RIGHT HAND","ALWAYS WITH RIGHT HAND","ALWAYS WITH RIGHT HAND","ALWAYS WITH LEFT HAND","1: 1  CONDITION APPLIES","1: 1  CONDITION APPLIES","NO","MALE","FEMALE"
1981,64735,3,0,3,21000,5,273,1,2,1,5,3,2,2,2,1,2,1,9,3,6,1,1,27,23,"Male","Black","Northeast (CT, ME, MA, NH, NJ, NY, PA, RI, VT)","Associate/Junior college (AA)","In CBSA, in central city","YES","3: Mother","YES","YES","NO","NO","YES","0: 0  CONDITION DOES NOT APPLY","ALWAYS WITH RIGHT HAND","ALWAYS WITH RIGHT HAND","ALWAYS WITH RIGHT HAND","ALWAYS WITH RIGHT HAND","ALWAYS WITH LEFT HAND","1: 1  CONDITION APPLIES","1: 1  CONDITION APPLIES","NO","FEMALE","MALE"
1982,64735,2,0,3,33790,5,179,1,1,4,3,5,5,1,2,1,1,2,5,2,6,1,1,27,16,"Female","Hispanic","West (AK, AZ, CA, CO, HI, ID, MT, NV, NM, OR, UT, WA, WY)","Bachelor's degree (BA, BS)","In CBSA, not in central city","NO","3: Mother","YES","NO","NO","NO","YES","0: 0  CONDITION DOES NOT APPLY","ALWAYS WITH RIGHT HAND","ALWAYS WITH RIGHT HAND","ALWAYS WITH RIGHT HAND","ALWAYS WITH RIGHT HAND","ALWAYS WITH LEFT HAND","1: 1  CONDITION APPLIES","0: 0  CONDITION DOES NOT APPLY","NO","MALE","MALE"
1980,64735,2,0,2,33790,5,183,3,1,2,7,4,4,2,2,1,2,2,6,6,7,1,1,26,19,"Female","Mixed Race (Non-Hispanic)","South (AL, AR, DE, DC, FL, GA, KY, LA, MD, MS, NC, OK, SC, TN , TX, VA, WV)","GED","In CBSA, in central city","NO","3: Mother","NO","NO","NO","NO","YES","0: 0  CONDITION DOES NOT APPLY","ALWAYS WITH RIGHT HAND","ALWAYS WITH RIGHT HAND","ALWAYS WITH RIGHT HAND","ALWAYS WITH RIGHT HAND","ALWAYS WITH LEFT HAND","1: 1  CONDITION APPLIES","1: 1  CONDITION APPLIES","NO","FEMALE","FEMALE"
1983,7000,3,0,2,7000,5,182,1,1,1,4,2,5,1,2,2,1,1,3,6,8,5,2,29,23,"Female","Non-Black / Non-Hispanic","North Central (IL, IN, IA, KS, MI, MN, MO, NE, OH, ND, SD, WI)","None","In CBSA, not in central city","NO","3: Mother","NO","YES","NO","NO","NO","0: 0  CONDITION DOES NOT APPLY","ALWAYS WITH RIGHT HAND","ALWAYS WITH RIGHT HAND","ALWAYS WITH RIGHT HAND","ALWAYS WITH RIGHT HAND","ALWAYS WITH LEFT HAND","1: 1  CONDITION APPLIES","1: 1  CONDITION APPLIES","NO","FEMALE","MALE"
1984,64735,3,1,2,33790,5,161,1,2,3,4,2,3,2,2,1,2,1,6,1,7,1,1,29,21,"Female","Non-Black / Non-Hispanic","South (AL, AR, DE, DC, FL, GA, KY, LA, MD, MS, NC, OK, SC, TN , TX, VA, WV)","GED","In CBSA, in central city","NO","3: Mother","YES","NO","NO","NO","NO","0: 0  CONDITION DOES NOT APPLY","ALWAYS WITH LEFT HAND","ALWAYS WITH LEFT HAND","ALWAYS WITH LEFT HAND","ALWAYS WITH RIGHT HAND","ALWAYS WITH LEFT HAND","1: 1  CONDITION APPLIES","1: 1  CONDITION APPLIES","NO","MALE","MALE"
1982,64735,4,1,1,33790,5,182,1,1,2,3,2,3,2,2,1,1,2,5,2,5,1,1,29,20,"Female","Black","South (AL, AR, DE, DC, FL, GA, KY, LA, MD, MS, NC, OK, SC, TN , TX, VA, WV)","None","In CBSA, not in central city","NO","3: Mother","NO","YES","NO","NO","YES","0: 0  CONDITION DOES NOT APPLY","ALWAYS WITH RIGHT HAND","ALWAYS WITH RIGHT HAND","ALWAYS WITH RIGHT HAND","ALWAYS WITH RIGHT HAND","USUALLY WITH BOTH HANDS EQUALLY","1: 1  CONDITION APPLIES","1: 1  CONDITION APPLIES","NO","FEMALE","MALE"
1984,15844,3,0,1,33790,5,182,1,1,3,3,2,4,2,2,2,2,1,2,3,7,1,1,30,22,"Female","Non-Black / Non-Hispanic","Northeast (CT, ME, MA, NH, NJ, NY, PA, RI, VT)","None","In CBSA, in central city","YES","3: Mother","YES","NO","NO","NO","NO","0: 0  CONDITION DOES NOT APPLY","ALWAYS WITH RIGHT HAND","ALWAYS WITH RIGHT HAND","ALWAYS WITH RIGHT HAND","ALWAYS WITH RIGHT HAND","ALWAYS WITH RIGHT HAND","1: 1  CONDITION APPLIES","1: 1  CONDITION APPLIES","NO","MALE","MALE"
1983,204550,5,1,2,33790,5,182,1,2,1,4,2,2,1,1,1,1,2,5,3,7,1,1,33,22,"Female","Hispanic","North Central (IL, IN, IA, KS, MI, MN, MO, NE, OH, ND, SD, WI)","None","In CBSA, not in central city","NO","3: Mother","YES","YES","NO","NO","YES","0: 0  CONDITION DOES NOT APPLY","ALWAYS WITH RIGHT HAND","ALWAYS WITH RIGHT HAND","ALWAYS WITH RIGHT HAND","ALWAYS WITH RIGHT HAND","ALWAYS WITH LEFT HAND","1: 1  CONDITION APPLIES","1: 1  CONDITION APPLIES","YES","FEMALE","FEMALE"
1983,75250,3,0,3,33790,5,183,1,1,7,6,1,2,2,2,1,2,1,7,1,7,1,1,30,22,"Female","Non-Black / Non-Hispanic","South (AL, AR, DE, DC, FL, GA, KY, LA, MD, MS, NC, OK, SC, TN , TX, VA, WV)","High school diploma (Regular 12 year program)","In CBSA, not in central city","YES","3: Mother","NO","NO","NO","NO","NO","0: 0  CONDITION DOES NOT APPLY","ALWAYS WITH RIGHT HAND","ALWAYS WITH RIGHT HAND","ALWAYS WITH RIGHT HAND","ALWAYS WITH RIGHT HAND","USUALLY WITH BOTH HANDS EQUALLY","1: 1  CONDITION APPLIES","1: 1  CONDITION APPLIES","NO","FEMALE","MALE"
1982,64735,4,1,2,33790,5,183,1,1,2,4,2,4,2,2,1,1,1,6,3,7,1,1,29,8,"Female","Non-Black / Non-Hispanic","North Central (IL, IN, IA, KS, MI, MN, MO, NE, OH, ND, SD, WI)","Bachelor's degree (BA, BS)","In CBSA, not in central city","NO","3: Mother","YES","NO","NO","NO","YES","0: 0  CONDITION DOES NOT APPLY","ALWAYS WITH RIGHT HAND","ALWAYS WITH RIGHT HAND","ALWAYS WITH RIGHT HAND","ALWAYS WITH RIGHT HAND","ALWAYS WITH LEFT HAND","0: 0  CONDITION DOES NOT APPLY","1: 1  CONDITION APPLIES","NO","FEMALE","MALE"
1980,64735,5,1,3,33790,5,185,1,1,3,4,2,7,2,2,2,2,1,5,3,6,1,1,39,21,"Male","Black","South (AL, AR, DE, DC, FL, GA, KY, LA, MD, MS, NC, OK, SC, TN , TX, VA, WV)","Bachelor's degree (BA, BS)","In CBSA, in central city","NO","3: Mother","NO","NO","NO","NO","NO","0: 0  CONDITION DOES NOT APPLY","ALWAYS WITH RIGHT HAND","ALWAYS WITH RIGHT HAND","ALWAYS WITH LEFT HAND","ALWAYS WITH LEFT HAND","ALWAYS WITH RIGHT HAND","1: 1  CONDITION APPLIES","1: 1  CONDITION APPLIES","YES","FEMALE","FEMALE"
1981,64735,2,0,1,33790,5,180,1,1,1,4,5,5,2,2,1,1,1,6,4,6,1,1,29,19,"Female","Black","South (AL, AR, DE, DC, FL, GA, KY, LA, MD, MS, NC, OK, SC, TN , TX, VA, WV)","Associate/Junior college (AA)","In CBSA, not in central city","NO","3: Mother","NO","NO","NO","NO","YES","0: 0  CONDITION DOES NOT APPLY","ALWAYS WITH RIGHT HAND","ALWAYS WITH RIGHT HAND","ALWAYS WITH RIGHT HAND","ALWAYS WITH RIGHT HAND","ALWAYS WITH LEFT HAND","1: 1  CONDITION APPLIES","0: 0  CONDITION DOES NOT APPLY","NO","MALE","MALE"
1983,64735,4,0,2,33790,5,183,1,1,3,4,2,2,2,2,1,2,1,5,2,8,1,1,43,62,"Female","Black","South (AL, AR, DE, DC, FL, GA, KY, LA, MD, MS, NC, OK, SC, TN , TX, VA, WV)","None","In CBSA, in central city","YES","3: Mother","YES","NO","YES","NO","YES","0: 0  CONDITION DOES NOT APPLY","ALWAYS WITH LEFT HAND","ALWAYS WITH LEFT HAND","ALWAYS WITH LEFT HAND","ALWAYS WITH LEFT HAND","ALWAYS WITH LEFT HAND","1: 1  CONDITION APPLIES","1: 1  CONDITION APPLIES","NO","FEMALE","MALE"
1982,64735,4,0,2,33790,5,269,1,1,2,5,2,3,2,2,2,2,1,2,2,6,1,1,27,20,"Male","Non-Black / Non-Hispanic","South (AL, AR, DE, DC, FL, GA, KY, LA, MD, MS, NC, OK, SC, TN , TX, VA, WV)","High school diploma (Regular 12 year program)","In CBSA, not in central city","NO","3: Mother","NO","NO","NO","NO","YES","0: 0  CONDITION DOES NOT APPLY","ALWAYS WITH RIGHT HAND","ALWAYS WITH RIGHT HAND","ALWAYS WITH RIGHT HAND","ALWAYS WITH RIGHT HAND","ALWAYS WITH LEFT HAND","1: 1  CONDITION APPLIES","1: 1  CONDITION APPLIES","NO","MALE","FEMALE"
1982,64735,3,0,2,31000,6,185,1,1,2,5,2,5,1,2,1,1,1,7,2,6,1,1,29,20,"Male","Black","West (AK, AZ, CA, CO, HI, ID, MT, NV, NM, OR, UT, WA, WY)","Associate/Junior college (AA)","In CBSA, in central city","NO","3: Mother","YES","YES","NO","NO","YES","0: 0  CONDITION DOES NOT APPLY","ALWAYS WITH RIGHT HAND","ALWAYS WITH RIGHT HAND","ALWAYS WITH RIGHT HAND","ALWAYS WITH RIGHT HAND","ALWAYS WITH LEFT HAND","1: 1  CONDITION APPLIES","1: 1  CONDITION APPLIES","NO","FEMALE","MALE"
1980,64735,3,0,2,33790,5,200,1,1,3,4,2,3,2,2,1,2,1,7,3,7,1,1,29,20,"Female","Non-Black / Non-Hispanic","South (AL, AR, DE, DC, FL, GA, KY, LA, MD, MS, NC, OK, SC, TN , TX, VA, WV)","High school diploma (Regular 12 year program)","In CBSA, not in central city","YES","3: Mother","YES","NO","NO","NO","YES","0: 0  CONDITION DOES NOT APPLY","ALWAYS WITH RIGHT HAND","ALWAYS WITH RIGHT HAND","ALWAYS WITH RIGHT HAND","ALWAYS WITH RIGHT HAND","ALWAYS WITH RIGHT HAND","1: 1  CONDITION APPLIES","1: 1  CONDITION APPLIES","NO","MALE","FEMALE"
1983,64735,3,1,2,33790,5,181,1,2,4,3,5,5,1,2,2,2,1,6,3,7,1,1,28,20,"Female","Non-Black / Non-Hispanic","North Central (IL, IN, IA, KS, MI, MN, MO, NE, OH, ND, SD, WI)","High school diploma (Regular 12 year program)","In CBSA, not in central city","NO","3: Mother","YES","NO","YES","NO","NO","0: 0  CONDITION DOES NOT APPLY","ALWAYS WITH RIGHT HAND","ALWAYS WITH RIGHT HAND","ALWAYS WITH RIGHT HAND","ALWAYS WITH RIGHT HAND","ALWAYS WITH LEFT HAND","1: 1  CONDITION APPLIES","1: 1  CONDITION APPLIES","NO","FEMALE","MALE"
1982,64735,4,0,2,33790,4,184,1,1,3,4,2,5,2,1,1,1,1,3,1,8,1,1,39,48,"Male","Non-Black / Non-Hispanic","South (AL, AR, DE, DC, FL, GA, KY, LA, MD, MS, NC, OK, SC, TN , TX, VA, WV)","High school diploma (Regular 12 year program)","In CBSA, in central city","YES","3: Mother","NO","NO","NO","NO","YES","0: 0  CONDITION DOES NOT APPLY","ALWAYS WITH RIGHT HAND","ALWAYS WITH RIGHT HAND","ALWAYS WITH RIGHT HAND","ALWAYS WITH RIGHT HAND","ALWAYS WITH RIGHT HAND","1: 1  CONDITION APPLIES","1: 1  CONDITION APPLIES","YES","FEMALE","MALE"
1982,64735,3,1,3,33790,5,160,1,1,1,3,2,5,1,2,1,2,1,6,2,5,1,1,29,21,"Female","Black","South (AL, AR, DE, DC, FL, GA, KY, LA, MD, MS, NC, OK, SC, TN , TX, VA, WV)","Bachelor's degree (BA, BS)","In CBSA, not in central city","NO","3: Mother","NO","NO","NO","NO","YES","0: 0  CONDITION DOES NOT APPLY","ALWAYS WITH RIGHT HAND","ALWAYS WITH RIGHT HAND","ALWAYS WITH RIGHT HAND","ALWAYS WITH RIGHT HAND","ALWAYS WITH RIGHT HAND","1: 1  CONDITION APPLIES","1: 1  CONDITION APPLIES","NO","FEMALE","MALE"
1983,64735,3,0,3,33790,5,205,1,1,3,4,1,3,2,2,1,1,1,1,4,9,1,1,26,23,"Male","Non-Black / Non-Hispanic","South (AL, AR, DE, DC, FL, GA, KY, LA, MD, MS, NC, OK, SC, TN , TX, VA, WV)","None","In CBSA, not in central city","YES","3: Mother","YES","YES","NO","NO","NO","0: 0  CONDITION DOES NOT APPLY","ALWAYS WITH RIGHT HAND","ALWAYS WITH RIGHT HAND","ALWAYS WITH RIGHT HAND","ALWAYS WITH RIGHT HAND","ALWAYS WITH LEFT HAND","0: 0  CONDITION DOES NOT APPLY","1: 1  CONDITION APPLIES","NO","FEMALE","FEMALE"
1981,64735,3,0,2,33790,5,184,1,2,4,4,3,2,1,2,1,1,1,4,3,7,2,1,29,21,"Male","Non-Black / Non-Hispanic","South (AL, AR, DE, DC, FL, GA, KY, LA, MD, MS, NC, OK, SC, TN , TX, VA, WV)","GED","In CBSA, in central city","NO","3: Mother","NO","NO","YES","NO","YES","0: 0  CONDITION DOES NOT APPLY","ALWAYS WITH LEFT HAND","ALWAYS WITH LEFT HAND","ALWAYS WITH LEFT HAND","ALWAYS WITH LEFT HAND","ALWAYS WITH LEFT HAND","1: 1  CONDITION APPLIES","1: 1  CONDITION APPLIES","NO","MALE","MALE"
1981,64735,3,0,2,50000,5,184,1,1,3,2,1,2,2,2,1,1,1,6,2,7,1,1,36,26,"Male","Hispanic","South (AL, AR, DE, DC, FL, GA, KY, LA, MD, MS, NC, OK, SC, TN , TX, VA, WV)","High school diploma (Regular 12 year program)","In CBSA, in central city","YES","3: Mother","YES","NO","NO","NO","YES","0: 0  CONDITION DOES NOT APPLY","ALWAYS WITH RIGHT HAND","ALWAYS WITH RIGHT HAND","ALWAYS WITH RIGHT HAND","ALWAYS WITH RIGHT HAND","USUALLY WITH LEFT HAND","1: 1  CONDITION APPLIES","1: 1  CONDITION APPLIES","NO","FEMALE","MALE"
1980,64735,4,1,1,33790,5,181,1,3,3,3,6,2,2,2,2,2,1,2,1,6,2,1,31,20,"Female","Black","West (AK, AZ, CA, CO, HI, ID, MT, NV, NM, OR, UT, WA, WY)","High school diploma (Regular 12 year program)","In CBSA, in central city","NO","3: Mother","YES","YES","NO","NO","NO","0: 0  CONDITION DOES NOT APPLY","ALWAYS WITH RIGHT HAND","ALWAYS WITH RIGHT HAND","ALWAYS WITH RIGHT HAND","ALWAYS WITH RIGHT HAND","ALWAYS WITH LEFT HAND","1: 1  CONDITION APPLIES","1: 1  CONDITION APPLIES","NO","FEMALE","FEMALE"
1983,18000,4,1,1,33790,5,182,1,2,2,4,2,5,2,2,1,1,1,4,2,7,1,1,37,49,"Female","Hispanic","North Central (IL, IN, IA, KS, MI, MN, MO, NE, OH, ND, SD, WI)","High school diploma (Regular 12 year program)","In CBSA, not in central city","YES","3: Mother","YES","YES","NO","NO","NO","0: 0  CONDITION DOES NOT APPLY","ALWAYS WITH RIGHT HAND","ALWAYS WITH RIGHT HAND","USUALLY WITH BOTH HANDS EQUALLY","ALWAYS WITH RIGHT HAND","ALWAYS WITH LEFT HAND","1: 1  CONDITION APPLIES","1: 1  CONDITION APPLIES","NO","FEMALE","MALE"
1984,47000,4,1,3,33790,5,183,1,1,4,3,2,4,1,2,1,1,2,7,1,7,1,1,29,21,"Male","Hispanic","South (AL, AR, DE, DC, FL, GA, KY, LA, MD, MS, NC, OK, SC, TN , TX, VA, WV)","GED","Not in CBSA","NO","3: Mother","YES","NO","NO","NO","YES","0: 0  CONDITION DOES NOT APPLY","ALWAYS WITH RIGHT HAND","ALWAYS WITH RIGHT HAND","ALWAYS WITH RIGHT HAND","ALWAYS WITH RIGHT HAND","ALWAYS WITH LEFT HAND","1: 1  CONDITION APPLIES","1: 1  CONDITION APPLIES","NO","FEMALE","MALE"
1981,64735,3,1,1,33790,6,183,1,1,3,3,4,2,2,2,2,2,1,7,6,7,1,1,32,22,"Male","Non-Black / Non-Hispanic","Northeast (CT, ME, MA, NH, NJ, NY, PA, RI, VT)","High school diploma (Regular 12 year program)","In CBSA, in central city","NO","3: Mother","YES","NO","NO","NO","YES","0: 0  CONDITION DOES NOT APPLY","ALWAYS WITH RIGHT HAND","ALWAYS WITH RIGHT HAND","ALWAYS WITH RIGHT HAND","ALWAYS WITH RIGHT HAND","ALWAYS WITH LEFT HAND","1: 1  CONDITION APPLIES","1: 1  CONDITION APPLIES","NO","MALE","MALE"
1981,23600,2,0,1,23600,5,184,1,1,6,2,4,2,2,2,1,1,1,4,2,6,1,1,27,20,"Male","Non-Black / Non-Hispanic","South (AL, AR, DE, DC, FL, GA, KY, LA, MD, MS, NC, OK, SC, TN , TX, VA, WV)","GED","In CBSA, in central city","NO","3: Mother","YES","NO","NO","NO","YES","0: 0  CONDITION DOES NOT APPLY","ALWAYS WITH RIGHT HAND","ALWAYS WITH RIGHT HAND","USUALLY WITH RIGHT HAND","ALWAYS WITH RIGHT HAND","ALWAYS WITH LEFT HAND","1: 1  CONDITION APPLIES","1: 1  CONDITION APPLIES","NO","FEMALE","FEMALE"
1983,64735,2,0,1,33790,5,185,2,1,3,4,5,4,1,2,1,2,1,6,3,7,1,1,27,21,"Male","Non-Black / Non-Hispanic","South (AL, AR, DE, DC, FL, GA, KY, LA, MD, MS, NC, OK, SC, TN , TX, VA, WV)","Bachelor's degree (BA, BS)","In CBSA, not in central city","NO","3: Mother","YES","NO","NO","NO","YES","0: 0  CONDITION DOES NOT APPLY","ALWAYS WITH RIGHT HAND","ALWAYS WITH RIGHT HAND","ALWAYS WITH RIGHT HAND","ALWAYS WITH RIGHT HAND","ALWAYS WITH LEFT HAND","1: 1  CONDITION APPLIES","1: 1  CONDITION APPLIES","YES","MALE","FEMALE"
1982,57750,3,0,2,57000,5,183,1,1,4,4,3,5,2,1,1,1,2,6,5,6,1,1,29,21,"Male","Non-Black / Non-Hispanic","South (AL, AR, DE, DC, FL, GA, KY, LA, MD, MS, NC, OK, SC, TN , TX, VA, WV)","High school diploma (Regular 12 year program)","In CBSA, not in central city","NO","3: Mother","YES","NO","NO","NO","YES","0: 0  CONDITION DOES NOT APPLY","ALWAYS WITH RIGHT HAND","ALWAYS WITH RIGHT HAND","ALWAYS WITH RIGHT HAND","ALWAYS WITH RIGHT HAND","ALWAYS WITH LEFT HAND","1: 1  CONDITION APPLIES","1: 1  CONDITION APPLIES","NO","FEMALE","MALE"
1982,64735,4,0,1,33790,5,150,1,2,3,3,1,4,2,2,2,2,1,3,3,8,1,1,30,18,"Female","Non-Black / Non-Hispanic","South (AL, AR, DE, DC, FL, GA, KY, LA, MD, MS, NC, OK, SC, TN , TX, VA, WV)","Bachelor's degree (BA, BS)","In CBSA, not in central city","NO","3: Mother","YES","NO","NO","NO","NO","0: 0  CONDITION DOES NOT APPLY","ALWAYS WITH RIGHT HAND","ALWAYS WITH RIGHT HAND","ALWAYS WITH RIGHT HAND","ALWAYS WITH RIGHT HAND","ALWAYS WITH LEFT HAND","1: 1  CONDITION APPLIES","1: 1  CONDITION APPLIES","NO","MALE","MALE"
1980,64735,4,0,3,33790,5,183,2,2,3,5,4,2,1,2,2,1,1,5,1,7,1,1,28,24,"Female","Black","South (AL, AR, DE, DC, FL, GA, KY, LA, MD, MS, NC, OK, SC, TN , TX, VA, WV)","Bachelor's degree (BA, BS)","In CBSA, not in central city","YES","3: Mother","YES","NO","NO","NO","NO","0: 0  CONDITION DOES NOT APPLY","ALWAYS WITH RIGHT HAND","ALWAYS WITH RIGHT HAND","ALWAYS WITH RIGHT HAND","ALWAYS WITH RIGHT HAND","ALWAYS WITH LEFT HAND","1: 1  CONDITION APPLIES","1: 1  CONDITION APPLIES","NO","MALE","MALE"
1983,64735,3,0,1,33790,5,170,1,2,2,4,1,2,2,2,1,2,1,4,3,6,1,1,52,23,"Female","Black","West (AK, AZ, CA, CO, HI, ID, MT, NV, NM, OR, UT, WA, WY)","High school diploma (Regular 12 year program)","In CBSA, in central city","YES","3: Mother","NO","YES","NO","NO","YES","0: 0  CONDITION DOES NOT APPLY","ALWAYS WITH RIGHT HAND","ALWAYS WITH RIGHT HAND","ALWAYS WITH RIGHT HAND","ALWAYS WITH RIGHT HAND","USUALLY WITH BOTH HANDS EQUALLY","1: 1  CONDITION APPLIES","1: 1  CONDITION APPLIES","NO","MALE","MALE"
1982,1144,2,0,2,33790,5,183,1,1,1,4,2,5,2,2,1,2,1,3,2,7,1,1,33,27,"Male","Black","South (AL, AR, DE, DC, FL, GA, KY, LA, MD, MS, NC, OK, SC, TN , TX, VA, WV)","High school diploma (Regular 12 year program)","In CBSA, not in central city","NO","3: Mother","NO","NO","NO","NO","YES","0: 0  CONDITION DOES NOT APPLY","ALWAYS WITH RIGHT HAND","ALWAYS WITH RIGHT HAND","ALWAYS WITH RIGHT HAND","ALWAYS WITH RIGHT HAND","ALWAYS WITH LEFT HAND","1: 1  CONDITION APPLIES","1: 1  CONDITION APPLIES","NO","FEMALE","MALE"
1982,64735,4,0,2,140,5,182,1,2,2,3,2,2,2,2,1,2,1,5,4,6,1,1,34,23,"Male","Non-Black / Non-Hispanic","South (AL, AR, DE, DC, FL, GA, KY, LA, MD, MS, NC, OK, SC, TN , TX, VA, WV)","High school diploma (Regular 12 year program)","In CBSA, in central city","NO","3: Mother","YES","YES","NO","NO","YES","0: 0  CONDITION DOES NOT APPLY","ALWAYS WITH RIGHT HAND","ALWAYS WITH RIGHT HAND","ALWAYS WITH RIGHT HAND","ALWAYS WITH RIGHT HAND","ALWAYS WITH LEFT HAND","1: 1  CONDITION APPLIES","1: 1  CONDITION APPLIES","NO","FEMALE","FEMALE"
1980,6000,2,0,2,33790,5,183,2,2,7,6,1,3,2,2,1,2,1,1,2,7,1,1,32,26,"Male","Black","South (AL, AR, DE, DC, FL, GA, KY, LA, MD, MS, NC, OK, SC, TN , TX, VA, WV)","High school diploma (Regular 12 year program)","In CBSA, not in central city","NO","3: Mother","YES","NO","YES","NO","YES","0: 0  CONDITION DOES NOT APPLY","ALWAYS WITH RIGHT HAND","ALWAYS WITH RIGHT HAND","ALWAYS WITH RIGHT HAND","ALWAYS WITH RIGHT HAND","USUALLY WITH BOTH HANDS EQUALLY","1: 1  CONDITION APPLIES","1: 1  CONDITION APPLIES","NO","FEMALE","FEMALE"
1983,64735,2,0,4,33790,5,178,1,2,4,3,2,5,1,2,2,1,1,4,2,10,1,1,28,19,"Male","Non-Black / Non-Hispanic","North Central (IL, IN, IA, KS, MI, MN, MO, NE, OH, ND, SD, WI)","Bachelor's degree (BA, BS)","In CBSA, not in central city","NO","3: Mother","YES","NO","NO","NO","YES","0: 0  CONDITION DOES NOT APPLY","ALWAYS WITH LEFT HAND","ALWAYS WITH RIGHT HAND","ALWAYS WITH LEFT HAND","ALWAYS WITH RIGHT HAND","ALWAYS WITH LEFT HAND","1: 1  CONDITION APPLIES","0: 0  CONDITION DOES NOT APPLY","NO","FEMALE","MALE"
1981,45000,4,0,2,33790,5,160,1,2,3,2,2,2,1,2,2,2,2,5,2,6,1,1,32,20,"Female","Black","Northeast (CT, ME, MA, NH, NJ, NY, PA, RI, VT)","GED","In CBSA, in central city","NO","3: Mother","NO","NO","NO","NO","YES","0: 0  CONDITION DOES NOT APPLY","DON'T DO THIS ACTIVITY","ALWAYS WITH RIGHT HAND","USUALLY WITH LEFT HAND","ALWAYS WITH RIGHT HAND","DON'T DO THIS ACTIVITY","1: 1  CONDITION APPLIES","1: 1  CONDITION APPLIES","NO","FEMALE","FEMALE"
1982,64735,2,0,3,33790,5,185,1,1,3,2,2,3,2,2,1,2,1,5,2,6,1,1,31,26,"Male","Black","South (AL, AR, DE, DC, FL, GA, KY, LA, MD, MS, NC, OK, SC, TN , TX, VA, WV)","High school diploma (Regular 12 year program)","In CBSA, in central city","YES","3: Mother","NO","NO","NO","NO","YES","0: 0  CONDITION DOES NOT APPLY","ALWAYS WITH RIGHT HAND","ALWAYS WITH RIGHT HAND","USUALLY WITH BOTH HANDS EQUALLY","ALWAYS WITH RIGHT HAND","ALWAYS WITH LEFT HAND","1: 1  CONDITION APPLIES","1: 1  CONDITION APPLIES","NO","MALE","FEMALE"
1986,64735,4,0,4,33790,5,195,1,1,1,5,2,2,2,4,1,2,1,4,2,9,1,1,34,29,"Female","Black","South (AL, AR, DE, DC, FL, GA, KY, LA, MD, MS, NC, OK, SC, TN , TX, VA, WV)","Bachelor's degree (BA, BS)","In CBSA, in central city","YES","3: Mother","NO","YES","NO","NO","YES","0: 0  CONDITION DOES NOT APPLY","ALWAYS WITH RIGHT HAND","ALWAYS WITH RIGHT HAND","ALWAYS WITH RIGHT HAND","ALWAYS WITH RIGHT HAND","ALWAYS WITH LEFT HAND","1: 1  CONDITION APPLIES","1: 1  CONDITION APPLIES","NO","FEMALE","MALE"
1982,64735,1,1,4,33790,5,186,3,1,4,5,3,3,2,2,2,2,1,6,2,5,1,2,9,13,"Female","Non-Black / Non-Hispanic","West (AK, AZ, CA, CO, HI, ID, MT, NV, NM, OR, UT, WA, WY)","Master's degree (MA, MS)","In CBSA, in central city","NO","3: Mother","YES","NO","NO","NO","YES","0: 0  CONDITION DOES NOT APPLY","ALWAYS WITH RIGHT HAND","ALWAYS WITH RIGHT HAND","ALWAYS WITH RIGHT HAND","ALWAYS WITH RIGHT HAND","ALWAYS WITH LEFT HAND","1: 1  CONDITION APPLIES","1: 1  CONDITION APPLIES","NO","FEMALE","MALE"
1984,64735,3,0,3,33790,5,125,1,2,2,3,4,4,2,2,1,2,1,6,2,7,1,1,31,20,"Male","Non-Black / Non-Hispanic","Northeast (CT, ME, MA, NH, NJ, NY, PA, RI, VT)","High school diploma (Regular 12 year program)","In CBSA, not in central city","NO","3: Mother","YES","NO","NO","NO","NO","0: 0  CONDITION DOES NOT APPLY","ALWAYS WITH RIGHT HAND","ALWAYS WITH RIGHT HAND","ALWAYS WITH RIGHT HAND","ALWAYS WITH RIGHT HAND","ALWAYS WITH RIGHT HAND","1: 1  CONDITION APPLIES","0: 0  CONDITION DOES NOT APPLY","NO","MALE","FEMALE"
1982,64735,4,2,2,21000,5,170,1,3,1,4,4,6,2,2,2,2,1,6,2,6,1,1,30,21,"Female","Black","South (AL, AR, DE, DC, FL, GA, KY, LA, MD, MS, NC, OK, SC, TN , TX, VA, WV)","High school diploma (Regular 12 year program)","In CBSA, not in central city","NO","3: Mother","NO","YES","NO","NO","YES","0: 0  CONDITION DOES NOT APPLY","ALWAYS WITH RIGHT HAND","ALWAYS WITH RIGHT HAND","ALWAYS WITH RIGHT HAND","ALWAYS WITH RIGHT HAND","ALWAYS WITH RIGHT HAND","1: 1  CONDITION APPLIES","0: 0  CONDITION DOES NOT APPLY","NO","MALE","MALE"
1983,64735,4,1,1,33790,5,182,1,1,2,1,2,4,2,2,2,2,2,5,2,6,1,1,31,21,"Male","Black","West (AK, AZ, CA, CO, HI, ID, MT, NV, NM, OR, UT, WA, WY)","GED","In CBSA, in central city","NO","3: Mother","NO","YES","NO","NO","YES","0: 0  CONDITION DOES NOT APPLY","ALWAYS WITH RIGHT HAND","ALWAYS WITH RIGHT HAND","ALWAYS WITH RIGHT HAND","ALWAYS WITH RIGHT HAND","ALWAYS WITH LEFT HAND","1: 1  CONDITION APPLIES","1: 1  CONDITION APPLIES","NO","FEMALE","MALE"
1980,64735,4,1,2,33790,5,203,1,1,1,3,4,4,1,2,1,2,1,3,3,5,1,1,29,18,"Female","Non-Black / Non-Hispanic","North Central (IL, IN, IA, KS, MI, MN, MO, NE, OH, ND, SD, WI)","Master's degree (MA, MS)","In CBSA, in central city","NO","3: Mother","NO","YES","NO","NO","YES","0: 0  CONDITION DOES NOT APPLY","ALWAYS WITH RIGHT HAND","ALWAYS WITH RIGHT HAND","ALWAYS WITH RIGHT HAND","ALWAYS WITH RIGHT HAND","ALWAYS WITH LEFT HAND","0: 0  CONDITION DOES NOT APPLY","1: 1  CONDITION APPLIES","NO","FEMALE","FEMALE"
1980,60400,4,0,2,33790,5,186,3,2,4,5,2,5,2,2,2,2,2,4,6,5,1,1,30,19,"Female","Non-Black / Non-Hispanic","West (AK, AZ, CA, CO, HI, ID, MT, NV, NM, OR, UT, WA, WY)","GED","In CBSA, not in central city","NO","3: Mother","YES","YES","NO","NO","YES","0: 0  CONDITION DOES NOT APPLY","ALWAYS WITH RIGHT HAND","ALWAYS WITH RIGHT HAND","ALWAYS WITH RIGHT HAND","ALWAYS WITH RIGHT HAND","ALWAYS WITH LEFT HAND","1: 1  CONDITION APPLIES","1: 1  CONDITION APPLIES","NO","MALE","FEMALE"
1983,64735,3,0,1,33790,5,185,2,1,2,3,1,2,2,1,1,1,1,1,3,7,1,1,30,7,"Male","Hispanic","South (AL, AR, DE, DC, FL, GA, KY, LA, MD, MS, NC, OK, SC, TN , TX, VA, WV)","GED","In CBSA, in central city","NO","3: Mother","NO","NO","NO","NO","YES","0: 0  CONDITION DOES NOT APPLY","ALWAYS WITH RIGHT HAND","ALWAYS WITH RIGHT HAND","ALWAYS WITH RIGHT HAND","ALWAYS WITH RIGHT HAND","ALWAYS WITH LEFT HAND","1: 1  CONDITION APPLIES","1: 1  CONDITION APPLIES","NO","FEMALE","FEMALE"
1982,64735,2,0,1,33790,5,186,1,1,1,5,2,5,2,2,1,2,1,3,2,8,1,1,33,21,"Male","Non-Black / Non-Hispanic","South (AL, AR, DE, DC, FL, GA, KY, LA, MD, MS, NC, OK, SC, TN , TX, VA, WV)","High school diploma (Regular 12 year program)","In CBSA, in central city","NO","3: Mother","YES","NO","YES","NO","YES","0: 0  CONDITION DOES NOT APPLY","ALWAYS WITH LEFT HAND","ALWAYS WITH RIGHT HAND","ALWAYS WITH LEFT HAND","ALWAYS WITH LEFT HAND","ALWAYS WITH RIGHT HAND","1: 1  CONDITION APPLIES","1: 1  CONDITION APPLIES","NO","FEMALE","MALE"
1984,87000,3,1,2,33790,5,184,1,1,3,3,3,4,2,2,1,2,2,6,2,5,1,1,29,18,"Female","Non-Black / Non-Hispanic","South (AL, AR, DE, DC, FL, GA, KY, LA, MD, MS, NC, OK, SC, TN , TX, VA, WV)","High school diploma (Regular 12 year program)","In CBSA, not in central city","NO","3: Mother","NO","NO","NO","NO","YES","0: 0  CONDITION DOES NOT APPLY","ALWAYS WITH RIGHT HAND","ALWAYS WITH RIGHT HAND","ALWAYS WITH RIGHT HAND","ALWAYS WITH RIGHT HAND","ALWAYS WITH LEFT HAND","1: 1  CONDITION APPLIES","1: 1  CONDITION APPLIES","NO","FEMALE","MALE"
1984,64735,3,0,2,8000,5,182,1,1,5,3,3,5,2,1,2,1,2,4,6,8,1,1,47,29,"Male","Non-Black / Non-Hispanic","West (AK, AZ, CA, CO, HI, ID, MT, NV, NM, OR, UT, WA, WY)","Bachelor's degree (BA, BS)","In CBSA, not in central city","YES","3: Mother","YES","NO","YES","YES","NO","0: 0  CONDITION DOES NOT APPLY","ALWAYS WITH LEFT HAND","ALWAYS WITH RIGHT HAND","ALWAYS WITH LEFT HAND","ALWAYS WITH LEFT HAND","USUALLY WITH LEFT HAND","1: 1  CONDITION APPLIES","0: 0  CONDITION DOES NOT APPLY","NO","FEMALE","MALE"
1983,64735,3,1,1,33790,5,184,1,1,2,4,3,2,1,2,1,2,1,4,2,6,1,1,34,27,"Male","Black","North Central (IL, IN, IA, KS, MI, MN, MO, NE, OH, ND, SD, WI)","Bachelor's degree (BA, BS)","In CBSA, not in central city","YES","3: Mother","YES","NO","NO","NO","YES","0: 0  CONDITION DOES NOT APPLY","ALWAYS WITH RIGHT HAND","ALWAYS WITH RIGHT HAND","ALWAYS WITH RIGHT HAND","ALWAYS WITH RIGHT HAND","ALWAYS WITH LEFT HAND","1: 1  CONDITION APPLIES","1: 1  CONDITION APPLIES","NO","FEMALE","MALE"
1982,64735,3,0,2,15000,5,181,1,1,4,1,5,4,2,2,1,2,2,4,8,6,1,1,29,21,"Male","Non-Black / Non-Hispanic","South (AL, AR, DE, DC, FL, GA, KY, LA, MD, MS, NC, OK, SC, TN , TX, VA, WV)","High school diploma (Regular 12 year program)","In CBSA, in central city","NO","3: Mother","YES","NO","NO","NO","NO","0: 0  CONDITION DOES NOT APPLY","ALWAYS WITH RIGHT HAND","ALWAYS WITH RIGHT HAND","ALWAYS WITH RIGHT HAND","ALWAYS WITH RIGHT HAND","ALWAYS WITH LEFT HAND","1: 1  CONDITION APPLIES","0: 0  CONDITION DOES NOT APPLY","NO","FEMALE","MALE"
1983,64735,5,0,3,33790,5,182,1,1,3,6,6,1,2,2,1,2,1,6,4,6,1,1,38,23,"Female","Non-Black / Non-Hispanic","South (AL, AR, DE, DC, FL, GA, KY, LA, MD, MS, NC, OK, SC, TN , TX, VA, WV)","Bachelor's degree (BA, BS)","In CBSA, not in central city","NO","3: Mother","NO","YES","NO","NO","YES","0: 0  CONDITION DOES NOT APPLY","ALWAYS WITH RIGHT HAND","ALWAYS WITH RIGHT HAND","ALWAYS WITH RIGHT HAND","ALWAYS WITH RIGHT HAND","ALWAYS WITH LEFT HAND","1: 1  CONDITION APPLIES","1: 1  CONDITION APPLIES","NO","MALE","FEMALE"
1981,64735,3,0,2,33790,5,184,2,1,5,3,5,5,2,2,1,2,1,7,2,6,1,1,0,34,"Male","Non-Black / Non-Hispanic","North Central (IL, IN, IA, KS, MI, MN, MO, NE, OH, ND, SD, WI)","High school diploma (Regular 12 year program)","In CBSA, not in central city","NO","3: Mother","NO","YES","NO","NO","YES","0: 0  CONDITION DOES NOT APPLY","ALWAYS WITH RIGHT HAND","ALWAYS WITH RIGHT HAND","ALWAYS WITH RIGHT HAND","ALWAYS WITH RIGHT HAND","ALWAYS WITH LEFT HAND","1: 1  CONDITION APPLIES","1: 1  CONDITION APPLIES","NO","FEMALE","MALE"
1983,64735,3,0,3,33790,6,275,2,2,2,3,1,3,2,2,1,2,1,2,3,7,1,1,26,21,"Male","Black","South (AL, AR, DE, DC, FL, GA, KY, LA, MD, MS, NC, OK, SC, TN , TX, VA, WV)","Bachelor's degree (BA, BS)","In CBSA, not in central city","NO","3: Mother","YES","YES","NO","NO","YES","0: 0  CONDITION DOES NOT APPLY","ALWAYS WITH RIGHT HAND","ALWAYS WITH RIGHT HAND","ALWAYS WITH RIGHT HAND","USUALLY WITH RIGHT HAND","ALWAYS WITH LEFT HAND","1: 1  CONDITION APPLIES","1: 1  CONDITION APPLIES","NO","FEMALE","MALE"
1981,64735,4,1,3,20000,6,265,1,1,2,4,3,4,2,2,1,2,1,6,2,6,1,1,28,17,"Male","Non-Black / Non-Hispanic","South (AL, AR, DE, DC, FL, GA, KY, LA, MD, MS, NC, OK, SC, TN , TX, VA, WV)","Master's degree (MA, MS)","In CBSA, not in central city","NO","3: Mother","NO","NO","NO","NO","YES","0: 0  CONDITION DOES NOT APPLY","ALWAYS WITH RIGHT HAND","ALWAYS WITH RIGHT HAND","ALWAYS WITH RIGHT HAND","ALWAYS WITH RIGHT HAND","ALWAYS WITH LEFT HAND","1: 1  CONDITION APPLIES","1: 1  CONDITION APPLIES","NO","FEMALE","FEMALE"
1986,64735,2,0,1,26000,6,183,1,1,1,2,4,3,2,2,2,2,1,6,2,6,1,2,34,23,"Male","Hispanic","South (AL, AR, DE, DC, FL, GA, KY, LA, MD, MS, NC, OK, SC, TN , TX, VA, WV)","Bachelor's degree (BA, BS)","In CBSA, in central city","NO","3: Mother","YES","YES","NO","NO","YES","0: 0  CONDITION DOES NOT APPLY","ALWAYS WITH RIGHT HAND","ALWAYS WITH RIGHT HAND","ALWAYS WITH RIGHT HAND","ALWAYS WITH RIGHT HAND","ALWAYS WITH RIGHT HAND","1: 1  CONDITION APPLIES","1: 1  CONDITION APPLIES","NO","FEMALE","MALE"
1983,64735,3,0,3,33790,5,182,2,2,1,6,4,1,1,2,2,2,1,6,2,8,1,1,37,59,"Male","Black","South (AL, AR, DE, DC, FL, GA, KY, LA, MD, MS, NC, OK, SC, TN , TX, VA, WV)","Bachelor's degree (BA, BS)","In CBSA, not in central city","YES","3: Mother","NO","NO","NO","NO","YES","0: 0  CONDITION DOES NOT APPLY","ALWAYS WITH RIGHT HAND","ALWAYS WITH RIGHT HAND","ALWAYS WITH RIGHT HAND","ALWAYS WITH RIGHT HAND","ALWAYS WITH LEFT HAND","1: 1  CONDITION APPLIES","0: 0  CONDITION DOES NOT APPLY","NO","FEMALE","MALE"
1983,64735,3,0,1,33790,6,182,1,1,4,4,3,4,2,2,1,2,1,6,7,6,1,1,33,23,"Female","Black","West (AK, AZ, CA, CO, HI, ID, MT, NV, NM, OR, UT, WA, WY)","High school diploma (Regular 12 year program)","In CBSA, not in central city","NO","3: Mother","YES","YES","NO","NO","YES","0: 0  CONDITION DOES NOT APPLY","ALWAYS WITH RIGHT HAND","ALWAYS WITH RIGHT HAND","ALWAYS WITH RIGHT HAND","ALWAYS WITH RIGHT HAND","ALWAYS WITH LEFT HAND","1: 1  CONDITION APPLIES","1: 1  CONDITION APPLIES","NO","FEMALE","FEMALE"
1981,64735,5,0,2,600,5,184,1,1,1,3,2,2,2,2,1,2,2,5,3,7,1,1,30,19,"Female","Non-Black / Non-Hispanic","South (AL, AR, DE, DC, FL, GA, KY, LA, MD, MS, NC, OK, SC, TN , TX, VA, WV)","Bachelor's degree (BA, BS)","In CBSA, not in central city","NO","3: Mother","YES","YES","YES","NO","NO","0: 0  CONDITION DOES NOT APPLY","ALWAYS WITH RIGHT HAND","ALWAYS WITH RIGHT HAND","USUALLY WITH LEFT HAND","ALWAYS WITH RIGHT HAND","ALWAYS WITH LEFT HAND","1: 1  CONDITION APPLIES","1: 1  CONDITION APPLIES","NO","FEMALE","MALE"
1980,164500,4,1,5,72000,5,160,1,1,2,3,2,3,2,2,2,2,2,4,3,7,1,1,31,20,"Female","Black","South (AL, AR, DE, DC, FL, GA, KY, LA, MD, MS, NC, OK, SC, TN , TX, VA, WV)","High school diploma (Regular 12 year program)","In CBSA, not in central city","NO","3: Mother","YES","YES","NO","NO","YES","0: 0  CONDITION DOES NOT APPLY","ALWAYS WITH RIGHT HAND","ALWAYS WITH RIGHT HAND","ALWAYS WITH RIGHT HAND","ALWAYS WITH RIGHT HAND","ALWAYS WITH LEFT HAND","1: 1  CONDITION APPLIES","1: 1  CONDITION APPLIES","NO","FEMALE","MALE"
1982,30000,5,1,2,30000,5,181,1,1,1,3,2,2,2,2,1,1,1,3,2,7,1,1,32,21,"Male","Non-Black / Non-Hispanic","South (AL, AR, DE, DC, FL, GA, KY, LA, MD, MS, NC, OK, SC, TN , TX, VA, WV)","High school diploma (Regular 12 year program)","In CBSA, not in central city","NO","3: Mother","NO","YES","NO","NO","YES","0: 0  CONDITION DOES NOT APPLY","ALWAYS WITH RIGHT HAND","ALWAYS WITH RIGHT HAND","ALWAYS WITH RIGHT HAND","ALWAYS WITH RIGHT HAND","ALWAYS WITH LEFT HAND","1: 1  CONDITION APPLIES","1: 1  CONDITION APPLIES","NO","FEMALE","MALE"
1980,64735,3,1,2,33790,5,179,2,1,4,5,2,1,2,2,2,2,1,5,3,6,1,1,32,21,"Male","Non-Black / Non-Hispanic","South (AL, AR, DE, DC, FL, GA, KY, LA, MD, MS, NC, OK, SC, TN , TX, VA, WV)","GED","In CBSA, in central city","NO","3: Mother","YES","YES","NO","NO","NO","0: 0  CONDITION DOES NOT APPLY","ALWAYS WITH RIGHT HAND","ALWAYS WITH RIGHT HAND","ALWAYS WITH RIGHT HAND","ALWAYS WITH RIGHT HAND","ALWAYS WITH LEFT HAND","1: 1  CONDITION APPLIES","0: 0  CONDITION DOES NOT APPLY","NO","MALE","FEMALE"
1982,64735,4,1,1,33790,5,184,1,2,3,5,2,2,1,2,2,2,2,5,5,7,1,1,30,8,"Female","Hispanic","South (AL, AR, DE, DC, FL, GA, KY, LA, MD, MS, NC, OK, SC, TN , TX, VA, WV)","High school diploma (Regular 12 year program)","In CBSA, not in central city","NO","3: Mother","NO","YES","NO","NO","YES","0: 0  CONDITION DOES NOT APPLY","ALWAYS WITH RIGHT HAND","ALWAYS WITH RIGHT HAND","ALWAYS WITH RIGHT HAND","ALWAYS WITH RIGHT HAND","ALWAYS WITH RIGHT HAND","1: 1  CONDITION APPLIES","0: 0  CONDITION DOES NOT APPLY","NO","MALE","MALE"
1981,64735,4,1,2,33790,5,182,2,2,2,1,1,2,1,2,1,2,1,4,3,6,1,1,28,18,"Female","Hispanic","West (AK, AZ, CA, CO, HI, ID, MT, NV, NM, OR, UT, WA, WY)","High school diploma (Regular 12 year program)","In CBSA, not in central city","NO","3: Mother","NO","YES","NO","NO","NO","1: 1  CONDITION APPLIES","ALWAYS WITH RIGHT HAND","ALWAYS WITH RIGHT HAND","ALWAYS WITH RIGHT HAND","ALWAYS WITH RIGHT HAND","ALWAYS WITH LEFT HAND","1: 1  CONDITION APPLIES","1: 1  CONDITION APPLIES","NO","FEMALE","MALE"
1980,64735,4,0,1,33790,6,184,1,1,4,2,2,5,1,1,2,1,1,2,3,6,1,1,32,21,"Male","Non-Black / Non-Hispanic","North Central (IL, IN, IA, KS, MI, MN, MO, NE, OH, ND, SD, WI)","High school diploma (Regular 12 year program)","In CBSA, not in central city","NO","3: Mother","NO","NO","NO","NO","NO","0: 0  CONDITION DOES NOT APPLY","ALWAYS WITH RIGHT HAND","ALWAYS WITH RIGHT HAND","ALWAYS WITH RIGHT HAND","ALWAYS WITH RIGHT HAND","ALWAYS WITH LEFT HAND","1: 1  CONDITION APPLIES","1: 1  CONDITION APPLIES","NO","FEMALE","MALE"
1983,64735,3,0,3,33790,5,182,1,2,2,3,4,3,1,1,1,2,1,8,4,7,1,1,35,24,"Male","Non-Black / Non-Hispanic","West (AK, AZ, CA, CO, HI, ID, MT, NV, NM, OR, UT, WA, WY)","Bachelor's degree (BA, BS)","In CBSA, not in central city","YES","3: Mother","NO","NO","YES","NO","YES","0: 0  CONDITION DOES NOT APPLY","ALWAYS WITH RIGHT HAND","ALWAYS WITH RIGHT HAND","ALWAYS WITH RIGHT HAND","ALWAYS WITH RIGHT HAND","ALWAYS WITH LEFT HAND","1: 1  CONDITION APPLIES","1: 1  CONDITION APPLIES","NO","FEMALE","FEMALE"
1984,64735,3,0,1,33790,5,130,1,1,2,4,2,4,1,2,1,2,1,6,2,7,1,1,33,22,"Female","Non-Black / Non-Hispanic","West (AK, AZ, CA, CO, HI, ID, MT, NV, NM, OR, UT, WA, WY)","Bachelor's degree (BA, BS)","In CBSA, in central city","NO","3: Mother","NO","NO","NO","NO","YES","0: 0  CONDITION DOES NOT APPLY","ALWAYS WITH RIGHT HAND","ALWAYS WITH LEFT HAND","ALWAYS WITH LEFT HAND","ALWAYS WITH LEFT HAND","ALWAYS WITH LEFT HAND","1: 1  CONDITION APPLIES","1: 1  CONDITION APPLIES","NO","MALE","FEMALE"
1981,64735,2,0,2,42000,5,182,1,1,4,3,4,6,2,1,1,1,1,4,3,7,1,1,31,22,"Male","Hispanic","South (AL, AR, DE, DC, FL, GA, KY, LA, MD, MS, NC, OK, SC, TN , TX, VA, WV)","None","In CBSA, not in central city","NO","3: Mother","YES","NO","YES","NO","YES","0: 0  CONDITION DOES NOT APPLY","ALWAYS WITH RIGHT HAND","ALWAYS WITH RIGHT HAND","ALWAYS WITH RIGHT HAND","ALWAYS WITH RIGHT HAND","ALWAYS WITH LEFT HAND","1: 1  CONDITION APPLIES","1: 1  CONDITION APPLIES","NO","MALE","MALE"
1981,64735,4,0,2,33790,5,182,1,2,3,4,2,4,2,2,1,1,1,6,3,7,1,1,30,21,"Female","Non-Black / Non-Hispanic","North Central (IL, IN, IA, KS, MI, MN, MO, NE, OH, ND, SD, WI)","Master's degree (MA, MS)","In CBSA, not in central city","NO","3: Mother","YES","NO","NO","NO","YES","0: 0  CONDITION DOES NOT APPLY","ALWAYS WITH RIGHT HAND","ALWAYS WITH RIGHT HAND","ALWAYS WITH RIGHT HAND","ALWAYS WITH RIGHT HAND","ALWAYS WITH LEFT HAND","1: 1  CONDITION APPLIES","1: 1  CONDITION APPLIES","NO","MALE","FEMALE"
1982,64735,4,1,2,33790,5,184,1,1,5,5,2,5,2,2,1,2,1,7,4,8,1,1,33,22,"Female","Non-Black / Non-Hispanic","Northeast (CT, ME, MA, NH, NJ, NY, PA, RI, VT)","None","In CBSA, not in central city","NO","3: Mother","YES","NO","NO","NO","YES","0: 0  CONDITION DOES NOT APPLY","ALWAYS WITH RIGHT HAND","ALWAYS WITH RIGHT HAND","ALWAYS WITH RIGHT HAND","ALWAYS WITH RIGHT HAND","ALWAYS WITH LEFT HAND","1: 1  CONDITION APPLIES","1: 1  CONDITION APPLIES","NO","MALE","FEMALE"
1984,64735,3,1,1,35000,5,184,1,1,3,4,4,3,2,2,1,2,1,3,4,6,1,1,22,3,"Male","Non-Black / Non-Hispanic","West (AK, AZ, CA, CO, HI, ID, MT, NV, NM, OR, UT, WA, WY)","High school diploma (Regular 12 year program)","In CBSA, not known","NO","3: Mother","YES","NO","NO","NO","YES","0: 0  CONDITION DOES NOT APPLY","ALWAYS WITH RIGHT HAND","ALWAYS WITH RIGHT HAND","ALWAYS WITH RIGHT HAND","ALWAYS WITH RIGHT HAND","ALWAYS WITH LEFT HAND","1: 1  CONDITION APPLIES","1: 1  CONDITION APPLIES","NO","MALE","FEMALE"
1982,64735,2,0,1,33790,5,182,1,2,1,3,1,4,2,2,2,1,2,3,4,7,1,1,33,19,"Male","Non-Black / Non-Hispanic","South (AL, AR, DE, DC, FL, GA, KY, LA, MD, MS, NC, OK, SC, TN , TX, VA, WV)","GED","In CBSA, not in central city","NO","3: Mother","NO","NO","NO","NO","YES","0: 0  CONDITION DOES NOT APPLY","ALWAYS WITH RIGHT HAND","ALWAYS WITH RIGHT HAND","ALWAYS WITH RIGHT HAND","ALWAYS WITH RIGHT HAND","ALWAYS WITH LEFT HAND","1: 1  CONDITION APPLIES","1: 1  CONDITION APPLIES","NO","MALE","MALE"
1982,64735,4,1,1,33790,5,182,1,2,4,4,7,7,2,2,1,2,1,5,2,8,1,1,34,25,"Female","Non-Black / Non-Hispanic","North Central (IL, IN, IA, KS, MI, MN, MO, NE, OH, ND, SD, WI)","High school diploma (Regular 12 year program)","In CBSA, in central city","NO","3: Mother","NO","NO","NO","NO","YES","0: 0  CONDITION DOES NOT APPLY","USUALLY WITH LEFT HAND","ALWAYS WITH RIGHT HAND","ALWAYS WITH RIGHT HAND","ALWAYS WITH RIGHT HAND","ALWAYS WITH LEFT HAND","1: 1  CONDITION APPLIES","1: 1  CONDITION APPLIES","NO","FEMALE","MALE"
1981,64735,1,0,6,20000,5,250,1,1,2,4,3,2,2,2,1,2,1,6,2,7,1,1,34,25,"Male","Non-Black / Non-Hispanic","South (AL, AR, DE, DC, FL, GA, KY, LA, MD, MS, NC, OK, SC, TN , TX, VA, WV)","Bachelor's degree (BA, BS)","In CBSA, not in central city","NO","3: Mother","NO","NO","YES","NO","YES","0: 0  CONDITION DOES NOT APPLY","ALWAYS WITH RIGHT HAND","ALWAYS WITH RIGHT HAND","ALWAYS WITH RIGHT HAND","ALWAYS WITH RIGHT HAND","ALWAYS WITH LEFT HAND","1: 1  CONDITION APPLIES","1: 1  CONDITION APPLIES","NO","FEMALE","MALE"
1981,64735,4,1,5,33790,6,180,1,1,5,3,2,3,2,2,1,2,1,5,3,5,1,1,32,20,"Male","Non-Black / Non-Hispanic","South (AL, AR, DE, DC, FL, GA, KY, LA, MD, MS, NC, OK, SC, TN , TX, VA, WV)","High school diploma (Regular 12 year program)","In CBSA, not in central city","NO","3: Mother","YES","NO","YES","NO","YES","0: 0  CONDITION DOES NOT APPLY","ALWAYS WITH RIGHT HAND","ALWAYS WITH RIGHT HAND","ALWAYS WITH RIGHT HAND","USUALLY WITH RIGHT HAND","ALWAYS WITH LEFT HAND","1: 1  CONDITION APPLIES","1: 1  CONDITION APPLIES","NO","FEMALE","FEMALE"
1983,37250,2,0,1,33790,5,183,2,1,4,3,4,5,2,2,2,2,1,4,2,8,2,1,34,24,"Male","Black","South (AL, AR, DE, DC, FL, GA, KY, LA, MD, MS, NC, OK, SC, TN , TX, VA, WV)","High school diploma (Regular 12 year program)","In CBSA, not in central city","NO","3: Mother","NO","NO","NO","NO","YES","0: 0  CONDITION DOES NOT APPLY","ALWAYS WITH RIGHT HAND","ALWAYS WITH RIGHT HAND","ALWAYS WITH RIGHT HAND","ALWAYS WITH RIGHT HAND","ALWAYS WITH LEFT HAND","1: 1  CONDITION APPLIES","1: 1  CONDITION APPLIES","NO","FEMALE","MALE"
1982,64735,3,1,2,2000,5,183,1,1,1,2,3,3,2,2,2,2,1,4,3,7,1,1,33,17,"Female","Non-Black / Non-Hispanic","South (AL, AR, DE, DC, FL, GA, KY, LA, MD, MS, NC, OK, SC, TN , TX, VA, WV)","GED","In CBSA, not in central city","NO","3: Mother","YES","NO","NO","NO","YES","0: 0  CONDITION DOES NOT APPLY","ALWAYS WITH RIGHT HAND","ALWAYS WITH RIGHT HAND","ALWAYS WITH RIGHT HAND","ALWAYS WITH RIGHT HAND","ALWAYS WITH RIGHT HAND","1: 1  CONDITION APPLIES","1: 1  CONDITION APPLIES","NO","MALE","MALE"
1981,77500,4,1,2,33790,5,183,1,1,3,4,2,3,2,1,1,2,1,2,2,7,1,1,26,0,"Male","Non-Black / Non-Hispanic","North Central (IL, IN, IA, KS, MI, MN, MO, NE, OH, ND, SD, WI)","High school diploma (Regular 12 year program)","In CBSA, not in central city","NO","3: Mother","NO","NO","NO","NO","YES","0: 0  CONDITION DOES NOT APPLY","DON'T DO THIS ACTIVITY","DON'T DO THIS ACTIVITY","ALWAYS WITH RIGHT HAND","DON'T DO THIS ACTIVITY","ALWAYS WITH LEFT HAND","1: 1  CONDITION APPLIES","1: 1  CONDITION APPLIES","NO","FEMALE","MALE"
1984,64735,2,0,1,33790,5,185,1,2,1,5,2,2,2,2,1,2,2,3,2,7,1,1,35,22,"Female","Non-Black / Non-Hispanic","North Central (IL, IN, IA, KS, MI, MN, MO, NE, OH, ND, SD, WI)","High school diploma (Regular 12 year program)","In CBSA, not in central city","YES","3: Mother","YES","YES","NO","NO","YES","0: 0  CONDITION DOES NOT APPLY","ALWAYS WITH RIGHT HAND","ALWAYS WITH RIGHT HAND","ALWAYS WITH RIGHT HAND","ALWAYS WITH RIGHT HAND","ALWAYS WITH LEFT HAND","1: 1  CONDITION APPLIES","1: 1  CONDITION APPLIES","NO","MALE","MALE"
1983,64735,4,1,1,33790,5,150,1,1,2,3,3,2,2,2,2,2,1,3,2,7,1,1,33,21,"Female","Non-Black / Non-Hispanic","South (AL, AR, DE, DC, FL, GA, KY, LA, MD, MS, NC, OK, SC, TN , TX, VA, WV)","GED","In CBSA, not in central city","YES","3: Mother","NO","YES","NO","NO","YES","0: 0  CONDITION DOES NOT APPLY","ALWAYS WITH RIGHT HAND","ALWAYS WITH RIGHT HAND","ALWAYS WITH RIGHT HAND","ALWAYS WITH RIGHT HAND","ALWAYS WITH LEFT HAND","1: 1  CONDITION APPLIES","1: 1  CONDITION APPLIES","NO","FEMALE","MALE"
1982,72693,3,1,1,33790,5,182,2,1,3,4,4,2,2,1,2,1,1,6,2,7,1,1,31,21,"Male","Non-Black / Non-Hispanic","North Central (IL, IN, IA, KS, MI, MN, MO, NE, OH, ND, SD, WI)","GED","In CBSA, not in central city","NO","3: Mother","NO","NO","NO","NO","YES","0: 0  CONDITION DOES NOT APPLY","ALWAYS WITH RIGHT HAND","ALWAYS WITH RIGHT HAND","ALWAYS WITH RIGHT HAND","ALWAYS WITH RIGHT HAND","ALWAYS WITH LEFT HAND","1: 1  CONDITION APPLIES","1: 1  CONDITION APPLIES","NO","FEMALE","FEMALE"
1984,64735,2,0,3,33790,6,187,1,1,4,5,5,5,2,2,2,2,1,6,1,6,1,1,30,19,"Male","Non-Black / Non-Hispanic","South (AL, AR, DE, DC, FL, GA, KY, LA, MD, MS, NC, OK, SC, TN , TX, VA, WV)","High school diploma (Regular 12 year program)","In CBSA, not known","YES","3: Mother","NO","NO","NO","NO","NO","0: 0  CONDITION DOES NOT APPLY","ALWAYS WITH RIGHT HAND","ALWAYS WITH RIGHT HAND","DON'T DO THIS ACTIVITY","USUALLY WITH RIGHT HAND","ALWAYS WITH LEFT HAND","1: 1  CONDITION APPLIES","1: 1  CONDITION APPLIES","NO","FEMALE","MALE"
1984,64735,6,0,5,33790,5,175,2,2,2,3,5,7,2,2,1,1,2,6,4,6,1,1,31,20,"Female","Hispanic","South (AL, AR, DE, DC, FL, GA, KY, LA, MD, MS, NC, OK, SC, TN , TX, VA, WV)","None","In CBSA, not in central city","YES","3: Mother","NO","YES","NO","NO","YES","0: 0  CONDITION DOES NOT APPLY","ALWAYS WITH RIGHT HAND","ALWAYS WITH RIGHT HAND","ALWAYS WITH RIGHT HAND","ALWAYS WITH RIGHT HAND","ALWAYS WITH LEFT HAND","1: 1  CONDITION APPLIES","1: 1  CONDITION APPLIES","YES","MALE","FEMALE"
1983,64735,3,0,3,33790,5,183,1,3,3,5,4,7,2,2,2,2,2,3,2,6,2,1,30,17,"Male","Hispanic","North Central (IL, IN, IA, KS, MI, MN, MO, NE, OH, ND, SD, WI)","High school diploma (Regular 12 year program)","Not in CBSA","NO","3: Mother","YES","YES","NO","NO","NO","0: 0  CONDITION DOES NOT APPLY","ALWAYS WITH RIGHT HAND","ALWAYS WITH RIGHT HAND","ALWAYS WITH RIGHT HAND","ALWAYS WITH RIGHT HAND","ALWAYS WITH RIGHT HAND","0: 0  CONDITION DOES NOT APPLY","1: 1  CONDITION APPLIES","NO","FEMALE","MALE"
1982,64735,3,0,3,33790,6,270,1,1,5,4,2,5,1,2,1,2,1,3,3,6,1,1,32,25,"Male","Black","South (AL, AR, DE, DC, FL, GA, KY, LA, MD, MS, NC, OK, SC, TN , TX, VA, WV)","High school diploma (Regular 12 year program)","In CBSA, in central city","YES","3: Mother","YES","YES","YES","NO","YES","0: 0  CONDITION DOES NOT APPLY","ALWAYS WITH RIGHT HAND","ALWAYS WITH RIGHT HAND","ALWAYS WITH RIGHT HAND","ALWAYS WITH RIGHT HAND","ALWAYS WITH LEFT HAND","1: 1  CONDITION APPLIES","1: 1  CONDITION APPLIES","NO","FEMALE","FEMALE"
1983,64735,3,0,3,33790,6,180,1,1,3,3,2,4,2,1,1,2,1,6,3,5,1,1,30,21,"Male","Non-Black / Non-Hispanic","South (AL, AR, DE, DC, FL, GA, KY, LA, MD, MS, NC, OK, SC, TN , TX, VA, WV)","Master's degree (MA, MS)","In CBSA, not in central city","NO","3: Mother","YES","NO","NO","NO","YES","0: 0  CONDITION DOES NOT APPLY","ALWAYS WITH RIGHT HAND","ALWAYS WITH RIGHT HAND","ALWAYS WITH RIGHT HAND","ALWAYS WITH RIGHT HAND","USUALLY WITH RIGHT HAND","1: 1  CONDITION APPLIES","1: 1  CONDITION APPLIES","NO","FEMALE","FEMALE"
1984,64735,3,1,4,33790,6,290,1,1,1,5,3,2,2,2,1,1,2,2,4,7,1,1,30,22,"Male","Black","South (AL, AR, DE, DC, FL, GA, KY, LA, MD, MS, NC, OK, SC, TN , TX, VA, WV)","High school diploma (Regular 12 year program)","In CBSA, in central city","NO","3: Mother","NO","YES","NO","NO","YES","0: 0  CONDITION DOES NOT APPLY","ALWAYS WITH LEFT HAND","ALWAYS WITH LEFT HAND","ALWAYS WITH LEFT HAND","ALWAYS WITH LEFT HAND","ALWAYS WITH LEFT HAND","1: 1  CONDITION APPLIES","1: 1  CONDITION APPLIES","NO","FEMALE","FEMALE"
1983,64735,2,0,1,33790,5,183,1,1,1,3,6,3,2,2,1,2,1,4,2,7,1,1,33,23,"Male","Non-Black / Non-Hispanic","South (AL, AR, DE, DC, FL, GA, KY, LA, MD, MS, NC, OK, SC, TN , TX, VA, WV)","High school diploma (Regular 12 year program)","In CBSA, in central city","NO","3: Mother","NO","NO","YES","NO","YES","0: 0  CONDITION DOES NOT APPLY","ALWAYS WITH RIGHT HAND","ALWAYS WITH RIGHT HAND","ALWAYS WITH RIGHT HAND","ALWAYS WITH RIGHT HAND","ALWAYS WITH LEFT HAND","1: 1  CONDITION APPLIES","1: 1  CONDITION APPLIES","NO","FEMALE","FEMALE"
1982,64735,4,0,1,33790,5,182,1,1,2,5,2,5,1,2,1,2,1,1,2,6,1,6,32,22,"Male","Black","South (AL, AR, DE, DC, FL, GA, KY, LA, MD, MS, NC, OK, SC, TN , TX, VA, WV)","High school diploma (Regular 12 year program)","In CBSA, not in central city","NO","3: Mother","NO","YES","NO","NO","NO","0: 0  CONDITION DOES NOT APPLY","ALWAYS WITH RIGHT HAND","ALWAYS WITH RIGHT HAND","ALWAYS WITH RIGHT HAND","ALWAYS WITH LEFT HAND","ALWAYS WITH LEFT HAND","1: 1  CONDITION APPLIES","1: 1  CONDITION APPLIES","NO","MALE","FEMALE"
1983,64735,7,1,3,33790,5,147,1,2,1,3,2,5,2,1,2,2,1,3,1,7,1,1,9,18,"Female","Black","West (AK, AZ, CA, CO, HI, ID, MT, NV, NM, OR, UT, WA, WY)","High school diploma (Regular 12 year program)","In CBSA, in central city","NO","3: Mother","NO","YES","NO","NO","YES","0: 0  CONDITION DOES NOT APPLY","ALWAYS WITH RIGHT HAND","ALWAYS WITH RIGHT HAND","ALWAYS WITH RIGHT HAND","ALWAYS WITH RIGHT HAND","ALWAYS WITH LEFT HAND","1: 1  CONDITION APPLIES","1: 1  CONDITION APPLIES","NO","MALE","MALE"
1987,0,4,0,4,33790,5,182,1,1,1,4,1,4,1,2,1,2,1,1,7,12,1,1,29,22,"Female","Non-Black / Non-Hispanic","South (AL, AR, DE, DC, FL, GA, KY, LA, MD, MS, NC, OK, SC, TN , TX, VA, WV)","None","In CBSA, in central city","NO","3: Mother","NO","YES","NO","NO","YES","0: 0  CONDITION DOES NOT APPLY","ALWAYS WITH RIGHT HAND","ALWAYS WITH RIGHT HAND","ALWAYS WITH RIGHT HAND","ALWAYS WITH RIGHT HAND","ALWAYS WITH LEFT HAND","1: 1  CONDITION APPLIES","1: 1  CONDITION APPLIES","NO","MALE","FEMALE"
1984,64735,3,1,3,33790,5,220,2,2,4,4,1,2,2,2,2,2,1,4,3,6,1,1,30,22,"Female","Black","South (AL, AR, DE, DC, FL, GA, KY, LA, MD, MS, NC, OK, SC, TN , TX, VA, WV)","High school diploma (Regular 12 year program)","In CBSA, not in central city","NO","3: Mother","YES","YES","NO","NO","NO","0: 0  CONDITION DOES NOT APPLY","ALWAYS WITH RIGHT HAND","ALWAYS WITH RIGHT HAND","ALWAYS WITH RIGHT HAND","ALWAYS WITH RIGHT HAND","ALWAYS WITH LEFT HAND","1: 1  CONDITION APPLIES","1: 1  CONDITION APPLIES","NO","FEMALE","MALE"
1980,64735,3,0,2,33790,6,186,1,1,1,5,2,4,1,2,1,2,2,6,2,6,1,1,32,21,"Female","Non-Black / Non-Hispanic","South (AL, AR, DE, DC, FL, GA, KY, LA, MD, MS, NC, OK, SC, TN , TX, VA, WV)","GED","In CBSA, in central city","NO","3: Mother","YES","NO","NO","NO","NO","0: 0  CONDITION DOES NOT APPLY","ALWAYS WITH LEFT HAND","ALWAYS WITH RIGHT HAND","ALWAYS WITH LEFT HAND","ALWAYS WITH RIGHT HAND","ALWAYS WITH LEFT HAND","1: 1  CONDITION APPLIES","1: 1  CONDITION APPLIES","NO","FEMALE","MALE"
1982,64735,3,0,2,33790,6,182,1,1,3,5,4,1,1,2,2,3,2,9,6,7,1,1,33,19,"Female","Hispanic","South (AL, AR, DE, DC, FL, GA, KY, LA, MD, MS, NC, OK, SC, TN , TX, VA, WV)","None","In CBSA, not in central city","NO","3: Mother","NO","NO","NO","NO","YES","0: 0  CONDITION DOES NOT APPLY","ALWAYS WITH RIGHT HAND","ALWAYS WITH RIGHT HAND","ALWAYS WITH RIGHT HAND","ALWAYS WITH RIGHT HAND","ALWAYS WITH RIGHT HAND","1: 1  CONDITION APPLIES","1: 1  CONDITION APPLIES","NO","FEMALE","FEMALE"
1983,64735,3,1,4,33790,5,181,1,2,2,4,5,4,1,2,1,2,2,9,3,6,1,1,23,4,"Female","Black","South (AL, AR, DE, DC, FL, GA, KY, LA, MD, MS, NC, OK, SC, TN , TX, VA, WV)","GED","In CBSA, not in central city","NO","3: Mother","NO","YES","NO","NO","NO","0: 0  CONDITION DOES NOT APPLY","ALWAYS WITH RIGHT HAND","ALWAYS WITH RIGHT HAND","ALWAYS WITH RIGHT HAND","ALWAYS WITH RIGHT HAND","ALWAYS WITH LEFT HAND","1: 1  CONDITION APPLIES","1: 1  CONDITION APPLIES","NO","FEMALE","FEMALE"
1983,64735,4,0,2,33790,5,178,2,1,3,2,2,7,1,2,2,2,2,1,3,6,1,1,31,21,"Female","Black","South (AL, AR, DE, DC, FL, GA, KY, LA, MD, MS, NC, OK, SC, TN , TX, VA, WV)","None","In CBSA, not in central city","NO","3: Mother","NO","NO","NO","NO","NO","0: 0  CONDITION DOES NOT APPLY","ALWAYS WITH RIGHT HAND","ALWAYS WITH RIGHT HAND","ALWAYS WITH RIGHT HAND","ALWAYS WITH RIGHT HAND","ALWAYS WITH LEFT HAND","1: 1  CONDITION APPLIES","1: 1  CONDITION APPLIES","NO","MALE","FEMALE"
1981,64735,6,1,2,33790,5,180,2,1,3,3,6,2,2,1,1,1,2,1,3,8,1,1,32,19,"Female","Black","South (AL, AR, DE, DC, FL, GA, KY, LA, MD, MS, NC, OK, SC, TN , TX, VA, WV)","Bachelor's degree (BA, BS)","In CBSA, in central city","NO","3: Mother","NO","YES","NO","NO","NO","0: 0  CONDITION DOES NOT APPLY","ALWAYS WITH LEFT HAND","ALWAYS WITH RIGHT HAND","ALWAYS WITH RIGHT HAND","USUALLY WITH BOTH HANDS EQUALLY","ALWAYS WITH LEFT HAND","1: 1  CONDITION APPLIES","1: 1  CONDITION APPLIES","NO","FEMALE","FEMALE"
1981,64735,4,0,2,33790,5,181,1,1,5,3,3,3,2,2,1,2,2,2,3,7,1,1,30,20,"Male","Non-Black / Non-Hispanic","South (AL, AR, DE, DC, FL, GA, KY, LA, MD, MS, NC, OK, SC, TN , TX, VA, WV)","High school diploma (Regular 12 year program)","In CBSA, not in central city","NO","3: Mother","YES","NO","NO","NO","YES","0: 0  CONDITION DOES NOT APPLY","ALWAYS WITH RIGHT HAND","ALWAYS WITH RIGHT HAND","ALWAYS WITH RIGHT HAND","ALWAYS WITH RIGHT HAND","ALWAYS WITH RIGHT HAND","1: 1  CONDITION APPLIES","1: 1  CONDITION APPLIES","NO","FEMALE","FEMALE"
1980,64735,4,0,1,33790,5,185,2,2,2,4,2,2,2,2,1,2,1,6,4,5,1,1,56,26,"Male","Black","South (AL, AR, DE, DC, FL, GA, KY, LA, MD, MS, NC, OK, SC, TN , TX, VA, WV)","High school diploma (Regular 12 year program)","In CBSA, in central city","YES","3: Mother","NO","YES","NO","NO","YES","0: 0  CONDITION DOES NOT APPLY","ALWAYS WITH RIGHT HAND","ALWAYS WITH RIGHT HAND","ALWAYS WITH RIGHT HAND","USUALLY WITH BOTH HANDS EQUALLY","ALWAYS WITH LEFT HAND","1: 1  CONDITION APPLIES","1: 1  CONDITION APPLIES","NO","FEMALE","MALE"
1983,64735,8,1,1,33790,5,184,3,2,2,2,2,1,2,1,1,2,1,5,1,7,1,1,28,21,"Female","Hispanic","West (AK, AZ, CA, CO, HI, ID, MT, NV, NM, OR, UT, WA, WY)","None","In CBSA, not in central city","NO","3: Mother","YES","NO","NO","NO","YES","1: 1  CONDITION APPLIES","ALWAYS WITH RIGHT HAND","ALWAYS WITH RIGHT HAND","ALWAYS WITH RIGHT HAND","ALWAYS WITH RIGHT HAND","ALWAYS WITH LEFT HAND","1: 1  CONDITION APPLIES","1: 1  CONDITION APPLIES","YES","MALE","FEMALE"
1982,64735,2,0,2,33790,5,184,2,1,4,5,2,2,2,2,2,2,2,5,3,6,1,1,31,24,"Male","Non-Black / Non-Hispanic","South (AL, AR, DE, DC, FL, GA, KY, LA, MD, MS, NC, OK, SC, TN , TX, VA, WV)","High school diploma (Regular 12 year program)","Not in CBSA","YES","3: Mother","YES","NO","NO","NO","YES","0: 0  CONDITION DOES NOT APPLY","ALWAYS WITH RIGHT HAND","ALWAYS WITH RIGHT HAND","ALWAYS WITH RIGHT HAND","ALWAYS WITH RIGHT HAND","ALWAYS WITH LEFT HAND","1: 1  CONDITION APPLIES","1: 1  CONDITION APPLIES","NO","MALE","MALE"
1983,64735,2,0,3,33790,5,184,2,1,3,1,5,4,1,2,2,1,2,2,2,8,1,1,30,26,"Female","Hispanic","South (AL, AR, DE, DC, FL, GA, KY, LA, MD, MS, NC, OK, SC, TN , TX, VA, WV)","None","In CBSA, not in central city","NO","3: Mother","YES","NO","YES","NO","YES","0: 0  CONDITION DOES NOT APPLY","ALWAYS WITH RIGHT HAND","ALWAYS WITH RIGHT HAND","ALWAYS WITH RIGHT HAND","ALWAYS WITH RIGHT HAND","ALWAYS WITH LEFT HAND","1: 1  CONDITION APPLIES","1: 1  CONDITION APPLIES","NO","FEMALE","FEMALE"
1982,64735,3,0,1,33790,5,182,1,2,1,2,5,3,2,2,1,2,1,2,3,8,1,1,33,10,"Male","Black","South (AL, AR, DE, DC, FL, GA, KY, LA, MD, MS, NC, OK, SC, TN , TX, VA, WV)","High school diploma (Regular 12 year program)","In CBSA, in central city","NO","3: Mother","NO","NO","NO","NO","YES","0: 0  CONDITION DOES NOT APPLY","ALWAYS WITH RIGHT HAND","ALWAYS WITH RIGHT HAND","ALWAYS WITH RIGHT HAND","ALWAYS WITH RIGHT HAND","ALWAYS WITH LEFT HAND","0: 0  CONDITION DOES NOT APPLY","1: 1  CONDITION APPLIES","NO","MALE","MALE"
1981,64735,2,0,3,33790,5,182,1,1,3,3,2,3,2,2,2,2,1,6,3,7,1,1,28,25,"Female","Mixed Race (Non-Hispanic)","South (AL, AR, DE, DC, FL, GA, KY, LA, MD, MS, NC, OK, SC, TN , TX, VA, WV)","High school diploma (Regular 12 year program)","In CBSA, in central city","NO","3: Mother","NO","NO","NO","NO","YES","0: 0  CONDITION DOES NOT APPLY","ALWAYS WITH RIGHT HAND","ALWAYS WITH RIGHT HAND","USUALLY WITH BOTH HANDS EQUALLY","ALWAYS WITH RIGHT HAND","ALWAYS WITH LEFT HAND","1: 1  CONDITION APPLIES","1: 1  CONDITION APPLIES","NO","FEMALE","MALE"
1982,64735,3,2,2,33790,5,135,1,1,4,3,4,4,1,2,1,2,1,7,2,6,1,1,29,19,"Female","Non-Black / Non-Hispanic","North Central (IL, IN, IA, KS, MI, MN, MO, NE, OH, ND, SD, WI)","Bachelor's degree (BA, BS)","In CBSA, not in central city","NO","3: Mother","YES","NO","NO","NO","YES","0: 0  CONDITION DOES NOT APPLY","ALWAYS WITH RIGHT HAND","ALWAYS WITH RIGHT HAND","ALWAYS WITH RIGHT HAND","ALWAYS WITH RIGHT HAND","ALWAYS WITH LEFT HAND","1: 1  CONDITION APPLIES","1: 1  CONDITION APPLIES","NO","FEMALE","FEMALE"
1984,64735,2,0,4,33790,5,181,1,2,3,3,3,4,2,2,2,2,2,6,1,7,1,1,27,21,"Female","Non-Black / Non-Hispanic","South (AL, AR, DE, DC, FL, GA, KY, LA, MD, MS, NC, OK, SC, TN , TX, VA, WV)","High school diploma (Regular 12 year program)","In CBSA, not in central city","NO","3: Mother","YES","NO","NO","NO","YES","0: 0  CONDITION DOES NOT APPLY","ALWAYS WITH RIGHT HAND","ALWAYS WITH RIGHT HAND","ALWAYS WITH RIGHT HAND","ALWAYS WITH RIGHT HAND","ALWAYS WITH LEFT HAND","1: 1  CONDITION APPLIES","1: 1  CONDITION APPLIES","NO","MALE","MALE"
1980,64735,2,0,2,33790,5,180,2,1,3,4,2,5,2,2,1,2,1,8,2,8,1,1,31,27,"Female","Non-Black / Non-Hispanic","South (AL, AR, DE, DC, FL, GA, KY, LA, MD, MS, NC, OK, SC, TN , TX, VA, WV)","Master's degree (MA, MS)","In CBSA, in central city","YES","3: Mother","YES","NO","NO","NO","YES","0: 0  CONDITION DOES NOT APPLY","ALWAYS WITH RIGHT HAND","ALWAYS WITH RIGHT HAND","ALWAYS WITH RIGHT HAND","ALWAYS WITH RIGHT HAND","ALWAYS WITH LEFT HAND","1: 1  CONDITION APPLIES","1: 1  CONDITION APPLIES","NO","MALE","FEMALE"
1983,64735,7,2,1,15000,5,179,1,1,1,3,2,2,2,2,1,2,1,3,2,7,1,1,25,14,"Female","Black","South (AL, AR, DE, DC, FL, GA, KY, LA, MD, MS, NC, OK, SC, TN , TX, VA, WV)","High school diploma (Regular 12 year program)","In CBSA, in central city","NO","3: Mother","NO","YES","NO","NO","YES","0: 0  CONDITION DOES NOT APPLY","ALWAYS WITH RIGHT HAND","ALWAYS WITH RIGHT HAND","ALWAYS WITH RIGHT HAND","ALWAYS WITH RIGHT HAND","ALWAYS WITH LEFT HAND","1: 1  CONDITION APPLIES","1: 1  CONDITION APPLIES","NO","FEMALE","FEMALE"
1982,64735,3,1,2,33790,5,181,1,1,3,3,3,1,2,2,1,1,1,2,2,8,1,1,30,20,"Female","Non-Black / Non-Hispanic","South (AL, AR, DE, DC, FL, GA, KY, LA, MD, MS, NC, OK, SC, TN , TX, VA, WV)","High school diploma (Regular 12 year program)","In CBSA, not in central city","NO","3: Mother","NO","NO","NO","NO","YES","0: 0  CONDITION DOES NOT APPLY","ALWAYS WITH RIGHT HAND","ALWAYS WITH RIGHT HAND","ALWAYS WITH RIGHT HAND","ALWAYS WITH RIGHT HAND","ALWAYS WITH LEFT HAND","0: 0  CONDITION DOES NOT APPLY","0: 0  CONDITION DOES NOT APPLY","NO","FEMALE","FEMALE"
1982,64735,3,1,2,33790,5,182,1,2,3,4,2,3,2,2,2,2,1,1,6,11,1,1,30,23,"Male","Black","South (AL, AR, DE, DC, FL, GA, KY, LA, MD, MS, NC, OK, SC, TN , TX, VA, WV)","High school diploma (Regular 12 year program)","In CBSA, in central city","NO","3: Mother","NO","YES","NO","NO","YES","0: 0  CONDITION DOES NOT APPLY","ALWAYS WITH RIGHT HAND","ALWAYS WITH RIGHT HAND","ALWAYS WITH RIGHT HAND","ALWAYS WITH RIGHT HAND","ALWAYS WITH LEFT HAND","1: 1  CONDITION APPLIES","1: 1  CONDITION APPLIES","NO","FEMALE","FEMALE"
1980,64735,3,0,1,33790,5,179,1,1,4,3,3,5,2,2,2,2,1,2,2,8,1,1,33,22,"Female","Black","North Central (IL, IN, IA, KS, MI, MN, MO, NE, OH, ND, SD, WI)","Bachelor's degree (BA, BS)","In CBSA, not in central city","NO","3: Mother","YES","NO","YES","NO","YES","0: 0  CONDITION DOES NOT APPLY","ALWAYS WITH RIGHT HAND","ALWAYS WITH RIGHT HAND","ALWAYS WITH RIGHT HAND","ALWAYS WITH RIGHT HAND","ALWAYS WITH LEFT HAND","1: 1  CONDITION APPLIES","1: 1  CONDITION APPLIES","NO","FEMALE","FEMALE"
1984,64735,3,1,1,33790,5,180,1,1,2,2,2,5,2,2,1,1,1,6,1,6,2,1,35,21,"Female","Mixed Race (Non-Hispanic)","Northeast (CT, ME, MA, NH, NJ, NY, PA, RI, VT)","Bachelor's degree (BA, BS)","In CBSA, not in central city","NO","3: Mother","YES","NO","NO","NO","YES","0: 0  CONDITION DOES NOT APPLY","USUALLY WITH RIGHT HAND","USUALLY WITH RIGHT HAND","ALWAYS WITH RIGHT HAND","USUALLY WITH BOTH HANDS EQUALLY","ALWAYS WITH LEFT HAND","0: 0  CONDITION DOES NOT APPLY","1: 1  CONDITION APPLIES","NO","FEMALE","FEMALE"
1980,64735,5,1,1,33790,5,182,1,1,3,3,2,4,2,1,1,2,1,6,2,6,1,1,26,3,"Female","Non-Black / Non-Hispanic","West (AK, AZ, CA, CO, HI, ID, MT, NV, NM, OR, UT, WA, WY)","Bachelor's degree (BA, BS)","In CBSA, not in central city","NO","3: Mother","NO","NO","NO","NO","YES","0: 0  CONDITION DOES NOT APPLY","ALWAYS WITH RIGHT HAND","ALWAYS WITH RIGHT HAND","ALWAYS WITH RIGHT HAND","ALWAYS WITH RIGHT HAND","ALWAYS WITH LEFT HAND","1: 1  CONDITION APPLIES","1: 1  CONDITION APPLIES","NO","FEMALE","FEMALE"
1981,64735,3,1,1,33790,5,225,1,2,3,4,4,5,1,2,1,1,1,6,3,5,1,1,25,4,"Male","Non-Black / Non-Hispanic","North Central (IL, IN, IA, KS, MI, MN, MO, NE, OH, ND, SD, WI)","Bachelor's degree (BA, BS)","In CBSA, in central city","NO","3: Mother","YES","NO","NO","NO","YES","0: 0  CONDITION DOES NOT APPLY","ALWAYS WITH RIGHT HAND","ALWAYS WITH RIGHT HAND","ALWAYS WITH RIGHT HAND","ALWAYS WITH RIGHT HAND","ALWAYS WITH LEFT HAND","1: 1  CONDITION APPLIES","1: 1  CONDITION APPLIES","NO","MALE","FEMALE"
1980,25000,3,0,1,33790,5,183,1,2,3,4,2,4,2,2,2,1,1,3,3,6,1,3,32,24,"Male","Black","South (AL, AR, DE, DC, FL, GA, KY, LA, MD, MS, NC, OK, SC, TN , TX, VA, WV)","High school diploma (Regular 12 year program)","In CBSA, not in central city","YES","3: Mother","NO","NO","NO","NO","YES","0: 0  CONDITION DOES NOT APPLY","ALWAYS WITH RIGHT HAND","ALWAYS WITH RIGHT HAND","ALWAYS WITH RIGHT HAND","ALWAYS WITH RIGHT HAND","ALWAYS WITH LEFT HAND","1: 1  CONDITION APPLIES","0: 0  CONDITION DOES NOT APPLY","NO","FEMALE","MALE"
1980,64735,4,0,3,33790,6,184,1,2,5,1,3,2,2,2,2,2,2,1,3,7,1,1,33,23,"Male","Non-Black / Non-Hispanic","South (AL, AR, DE, DC, FL, GA, KY, LA, MD, MS, NC, OK, SC, TN , TX, VA, WV)","High school diploma (Regular 12 year program)","In CBSA, in central city","NO","3: Mother","NO","YES","NO","NO","NO","0: 0  CONDITION DOES NOT APPLY","ALWAYS WITH RIGHT HAND","ALWAYS WITH RIGHT HAND","ALWAYS WITH RIGHT HAND","ALWAYS WITH RIGHT HAND","ALWAYS WITH LEFT HAND","1: 1  CONDITION APPLIES","1: 1  CONDITION APPLIES","NO","FEMALE","MALE"
1980,64735,3,1,2,40000,6,187,1,1,5,5,1,3,2,3,1,2,2,3,6,5,1,1,29,2,"Male","Non-Black / Non-Hispanic","Northeast (CT, ME, MA, NH, NJ, NY, PA, RI, VT)","High school diploma (Regular 12 year program)","In CBSA, not in central city","NO","3: Mother","YES","NO","YES","NO","YES","0: 0  CONDITION DOES NOT APPLY","ALWAYS WITH RIGHT HAND","ALWAYS WITH RIGHT HAND","ALWAYS WITH RIGHT HAND","ALWAYS WITH RIGHT HAND","ALWAYS WITH LEFT HAND","1: 1  CONDITION APPLIES","1: 1  CONDITION APPLIES","NO","FEMALE","FEMALE"
1981,64735,3,0,2,33790,5,184,1,1,5,3,3,4,2,2,1,2,1,8,3,5,1,1,32,21,"Female","Non-Black / Non-Hispanic","North Central (IL, IN, IA, KS, MI, MN, MO, NE, OH, ND, SD, WI)","High school diploma (Regular 12 year program)","In CBSA, not in central city","YES","3: Mother","YES","NO","NO","NO","NO","0: 0  CONDITION DOES NOT APPLY","ALWAYS WITH RIGHT HAND","ALWAYS WITH RIGHT HAND","ALWAYS WITH RIGHT HAND","ALWAYS WITH RIGHT HAND","ALWAYS WITH LEFT HAND","0: 0  CONDITION DOES NOT APPLY","1: 1  CONDITION APPLIES","NO","MALE","FEMALE"
1980,64735,4,1,3,33790,6,187,2,1,1,5,2,5,2,2,1,2,1,3,3,6,1,1,29,18,"Male","Non-Black / Non-Hispanic","South (AL, AR, DE, DC, FL, GA, KY, LA, MD, MS, NC, OK, SC, TN , TX, VA, WV)","High school diploma (Regular 12 year program)","In CBSA, in central city","NO","3: Mother","NO","YES","NO","NO","YES","0: 0  CONDITION DOES NOT APPLY","ALWAYS WITH RIGHT HAND","ALWAYS WITH RIGHT HAND","ALWAYS WITH RIGHT HAND","ALWAYS WITH RIGHT HAND","ALWAYS WITH LEFT HAND","1: 1  CONDITION APPLIES","1: 1  CONDITION APPLIES","NO","FEMALE","FEMALE"
1982,64735,5,0,2,33790,6,183,1,2,3,4,4,4,2,2,1,2,2,5,5,7,1,1,31,22,"Male","Non-Black / Non-Hispanic","South (AL, AR, DE, DC, FL, GA, KY, LA, MD, MS, NC, OK, SC, TN , TX, VA, WV)","High school diploma (Regular 12 year program)","Not in CBSA","NO","3: Mother","YES","YES","NO","YES","YES","0: 0  CONDITION DOES NOT APPLY","ALWAYS WITH RIGHT HAND","ALWAYS WITH RIGHT HAND","ALWAYS WITH RIGHT HAND","ALWAYS WITH RIGHT HAND","USUALLY WITH RIGHT HAND","1: 1  CONDITION APPLIES","1: 1  CONDITION APPLIES","NO","FEMALE","FEMALE"
1984,64735,3,1,6,33790,5,183,1,2,2,4,2,4,2,2,2,2,1,4,2,8,1,1,25,7,"Male","Non-Black / Non-Hispanic","South (AL, AR, DE, DC, FL, GA, KY, LA, MD, MS, NC, OK, SC, TN , TX, VA, WV)","Bachelor's degree (BA, BS)","In CBSA, not in central city","NO","3: Mother","NO","NO","NO","NO","YES","0: 0  CONDITION DOES NOT APPLY","ALWAYS WITH RIGHT HAND","ALWAYS WITH RIGHT HAND","ALWAYS WITH RIGHT HAND","ALWAYS WITH RIGHT HAND","ALWAYS WITH LEFT HAND","1: 1  CONDITION APPLIES","1: 1  CONDITION APPLIES","NO","FEMALE","FEMALE"
1981,64735,3,1,2,33790,5,184,1,2,1,2,7,5,2,2,2,2,2,5,2,7,1,1,30,20,"Male","Black","North Central (IL, IN, IA, KS, MI, MN, MO, NE, OH, ND, SD, WI)","GED","In CBSA, not in central city","NO","3: Mother","YES","NO","NO","NO","YES","0: 0  CONDITION DOES NOT APPLY","ALWAYS WITH RIGHT HAND","ALWAYS WITH RIGHT HAND","ALWAYS WITH RIGHT HAND","ALWAYS WITH RIGHT HAND","ALWAYS WITH LEFT HAND","1: 1  CONDITION APPLIES","1: 1  CONDITION APPLIES","NO","FEMALE","FEMALE"
1980,64735,5,0,1,33790,5,182,1,1,1,2,2,5,2,2,2,1,1,6,3,6,1,1,27,18,"Female","Non-Black / Non-Hispanic","South (AL, AR, DE, DC, FL, GA, KY, LA, MD, MS, NC, OK, SC, TN , TX, VA, WV)","High school diploma (Regular 12 year program)","In CBSA, not in central city","NO","3: Mother","YES","YES","NO","NO","YES","0: 0  CONDITION DOES NOT APPLY","ALWAYS WITH RIGHT HAND","ALWAYS WITH RIGHT HAND","ALWAYS WITH RIGHT HAND","ALWAYS WITH RIGHT HAND","ALWAYS WITH LEFT HAND","1: 1  CONDITION APPLIES","1: 1  CONDITION APPLIES","NO","FEMALE","FEMALE"
1981,64735,3,2,4,33790,5,175,1,1,1,5,3,3,2,2,2,2,2,6,2,6,2,1,26,20,"Female","Non-Black / Non-Hispanic","South (AL, AR, DE, DC, FL, GA, KY, LA, MD, MS, NC, OK, SC, TN , TX, VA, WV)","High school diploma (Regular 12 year program)","In CBSA, not in central city","NO","3: Mother","YES","NO","NO","NO","YES","0: 0  CONDITION DOES NOT APPLY","ALWAYS WITH RIGHT HAND","ALWAYS WITH RIGHT HAND","USUALLY WITH BOTH HANDS EQUALLY","ALWAYS WITH RIGHT HAND","ALWAYS WITH RIGHT HAND","1: 1  CONDITION APPLIES","1: 1  CONDITION APPLIES","NO","FEMALE","FEMALE"
1980,64735,3,0,3,33790,5,183,1,1,7,1,1,4,1,2,1,1,1,5,1,6,1,1,30,22,"Female","Black","South (AL, AR, DE, DC, FL, GA, KY, LA, MD, MS, NC, OK, SC, TN , TX, VA, WV)","GED","In CBSA, in central city","NO","3: Mother","YES","YES","NO","NO","YES","0: 0  CONDITION DOES NOT APPLY","ALWAYS WITH RIGHT HAND","ALWAYS WITH RIGHT HAND","ALWAYS WITH RIGHT HAND","ALWAYS WITH RIGHT HAND","ALWAYS WITH LEFT HAND","1: 1  CONDITION APPLIES","1: 1  CONDITION APPLIES","NO","FEMALE","MALE"
1982,64735,3,0,4,33790,5,181,1,1,1,3,2,3,2,2,2,2,2,1,1,7,1,1,30,20,"Male","Non-Black / Non-Hispanic","South (AL, AR, DE, DC, FL, GA, KY, LA, MD, MS, NC, OK, SC, TN , TX, VA, WV)","None","In CBSA, not in central city","NO","3: Mother","NO","YES","NO","NO","NO","0: 0  CONDITION DOES NOT APPLY","ALWAYS WITH RIGHT HAND","ALWAYS WITH RIGHT HAND","ALWAYS WITH RIGHT HAND","ALWAYS WITH RIGHT HAND","ALWAYS WITH LEFT HAND","1: 1  CONDITION APPLIES","1: 1  CONDITION APPLIES","NO","FEMALE","MALE"
1984,64735,4,1,3,33790,6,240,2,1,4,3,2,2,1,2,2,2,1,4,1,5,1,1,35,20,"Male","Non-Black / Non-Hispanic","South (AL, AR, DE, DC, FL, GA, KY, LA, MD, MS, NC, OK, SC, TN , TX, VA, WV)","None","In CBSA, not in central city","YES","3: Mother","YES","NO","NO","NO","NO","0: 0  CONDITION DOES NOT APPLY","ALWAYS WITH RIGHT HAND","ALWAYS WITH RIGHT HAND","ALWAYS WITH RIGHT HAND","ALWAYS WITH RIGHT HAND","ALWAYS WITH LEFT HAND","1: 1  CONDITION APPLIES","1: 1  CONDITION APPLIES","NO","FEMALE","FEMALE"
1982,64735,3,0,1,33790,5,183,1,2,1,3,3,4,2,1,1,1,1,3,3,7,1,1,30,21,"Female","Hispanic","South (AL, AR, DE, DC, FL, GA, KY, LA, MD, MS, NC, OK, SC, TN , TX, VA, WV)","High school diploma (Regular 12 year program)","In CBSA, not in central city","NO","3: Mother","NO","YES","NO","NO","NO","0: 0  CONDITION DOES NOT APPLY","ALWAYS WITH RIGHT HAND","ALWAYS WITH RIGHT HAND","ALWAYS WITH RIGHT HAND","ALWAYS WITH RIGHT HAND","ALWAYS WITH LEFT HAND","1: 1  CONDITION APPLIES","1: 1  CONDITION APPLIES","NO","MALE","MALE"
1981,64735,4,0,2,33790,5,181,1,1,2,4,2,5,1,2,1,1,1,2,4,8,1,1,35,17,"Female","Non-Black / Non-Hispanic","South (AL, AR, DE, DC, FL, GA, KY, LA, MD, MS, NC, OK, SC, TN , TX, VA, WV)","Master's degree (MA, MS)","In CBSA, not in central city","NO","3: Mother","NO","NO","NO","NO","YES","0: 0  CONDITION DOES NOT APPLY","ALWAYS WITH RIGHT HAND","ALWAYS WITH RIGHT HAND","ALWAYS WITH RIGHT HAND","ALWAYS WITH RIGHT HAND","ALWAYS WITH LEFT HAND","1: 1  CONDITION APPLIES","0: 0  CONDITION DOES NOT APPLY","NO","MALE","FEMALE"
1981,64735,3,0,2,33790,5,184,1,2,2,3,4,4,2,1,2,1,2,3,2,6,1,1,34,14,"Male","Non-Black / Non-Hispanic","South (AL, AR, DE, DC, FL, GA, KY, LA, MD, MS, NC, OK, SC, TN , TX, VA, WV)","High school diploma (Regular 12 year program)","In CBSA, not in central city","NO","3: Mother","NO","YES","NO","NO","YES","0: 0  CONDITION DOES NOT APPLY","ALWAYS WITH RIGHT HAND","ALWAYS WITH RIGHT HAND","ALWAYS WITH RIGHT HAND","ALWAYS WITH RIGHT HAND","ALWAYS WITH RIGHT HAND","1: 1  CONDITION APPLIES","1: 1  CONDITION APPLIES","NO","FEMALE","FEMALE"
1984,64735,3,0,4,33790,5,183,2,1,1,4,5,1,2,2,2,2,1,6,1,6,1,1,30,21,"Male","Non-Black / Non-Hispanic","South (AL, AR, DE, DC, FL, GA, KY, LA, MD, MS, NC, OK, SC, TN , TX, VA, WV)","High school diploma (Regular 12 year program)","In CBSA, not in central city","NO","3: Mother","YES","NO","NO","NO","YES","0: 0  CONDITION DOES NOT APPLY","ALWAYS WITH RIGHT HAND","ALWAYS WITH RIGHT HAND","ALWAYS WITH RIGHT HAND","ALWAYS WITH RIGHT HAND","ALWAYS WITH LEFT HAND","1: 1  CONDITION APPLIES","1: 1  CONDITION APPLIES","NO","FEMALE","MALE"
1980,37500,3,1,3,33790,5,183,2,2,5,4,6,8,2,2,2,2,1,4,2,5,1,1,32,22,"Male","Non-Black / Non-Hispanic","West (AK, AZ, CA, CO, HI, ID, MT, NV, NM, OR, UT, WA, WY)","High school diploma (Regular 12 year program)","In CBSA, not in central city","NO","3: Mother","YES","NO","NO","NO","YES","0: 0  CONDITION DOES NOT APPLY","ALWAYS WITH RIGHT HAND","ALWAYS WITH RIGHT HAND","ALWAYS WITH RIGHT HAND","ALWAYS WITH RIGHT HAND","ALWAYS WITH LEFT HAND","0: 0  CONDITION DOES NOT APPLY","1: 1  CONDITION APPLIES","NO","MALE","MALE"
1980,64735,4,0,2,33790,5,183,1,2,1,4,3,3,2,2,1,2,1,5,3,7,1,1,31,21,"Female","Non-Black / Non-Hispanic","South (AL, AR, DE, DC, FL, GA, KY, LA, MD, MS, NC, OK, SC, TN , TX, VA, WV)","High school diploma (Regular 12 year program)","In CBSA, not in central city","NO","3: Mother","NO","NO","NO","NO","YES","0: 0  CONDITION DOES NOT APPLY","ALWAYS WITH RIGHT HAND","ALWAYS WITH RIGHT HAND","ALWAYS WITH RIGHT HAND","ALWAYS WITH RIGHT HAND","ALWAYS WITH LEFT HAND","1: 1  CONDITION APPLIES","1: 1  CONDITION APPLIES","NO","MALE","MALE"
1983,54000,3,1,2,33790,6,225,1,1,3,5,3,3,2,2,2,2,1,4,1,7,1,1,29,23,"Male","Non-Black / Non-Hispanic","South (AL, AR, DE, DC, FL, GA, KY, LA, MD, MS, NC, OK, SC, TN , TX, VA, WV)","Master's degree (MA, MS)","In CBSA, not in central city","NO","3: Mother","YES","NO","NO","NO","YES","0: 0  CONDITION DOES NOT APPLY","ALWAYS WITH RIGHT HAND","ALWAYS WITH RIGHT HAND","ALWAYS WITH RIGHT HAND","ALWAYS WITH RIGHT HAND","ALWAYS WITH LEFT HAND","1: 1  CONDITION APPLIES","1: 1  CONDITION APPLIES","NO","MALE","MALE"
1983,64735,4,1,4,33790,5,184,2,1,4,5,2,7,2,1,1,2,2,4,1,8,1,1,4,14,"Female","Non-Black / Non-Hispanic","South (AL, AR, DE, DC, FL, GA, KY, LA, MD, MS, NC, OK, SC, TN , TX, VA, WV)","High school diploma (Regular 12 year program)","In CBSA, not in central city","NO","3: Mother","YES","NO","YES","YES","YES","0: 0  CONDITION DOES NOT APPLY","ALWAYS WITH RIGHT HAND","ALWAYS WITH RIGHT HAND","DON'T DO THIS ACTIVITY","ALWAYS WITH RIGHT HAND","ALWAYS WITH LEFT HAND","1: 1  CONDITION APPLIES","1: 1  CONDITION APPLIES","NO","FEMALE","FEMALE"
1980,24250,4,1,1,33790,5,184,1,3,2,4,5,4,2,2,1,2,2,6,5,6,1,2,25,3,"Male","Non-Black / Non-Hispanic","North Central (IL, IN, IA, KS, MI, MN, MO, NE, OH, ND, SD, WI)","GED","In CBSA, not in central city","NO","3: Mother","YES","NO","NO","NO","YES","0: 0  CONDITION DOES NOT APPLY","ALWAYS WITH RIGHT HAND","USUALLY WITH BOTH HANDS EQUALLY","ALWAYS WITH RIGHT HAND","ALWAYS WITH RIGHT HAND","ALWAYS WITH LEFT HAND","1: 1  CONDITION APPLIES","1: 1  CONDITION APPLIES","NO","FEMALE","FEMALE"
1982,65000,2,0,4,33790,5,184,2,2,1,3,5,2,2,2,2,2,1,4,2,7,1,1,29,17,"Female","Hispanic","West (AK, AZ, CA, CO, HI, ID, MT, NV, NM, OR, UT, WA, WY)","GED","In CBSA, not in central city","NO","3: Mother","YES","NO","NO","NO","YES","0: 0  CONDITION DOES NOT APPLY","ALWAYS WITH RIGHT HAND","ALWAYS WITH RIGHT HAND","ALWAYS WITH RIGHT HAND","ALWAYS WITH RIGHT HAND","ALWAYS WITH LEFT HAND","1: 1  CONDITION APPLIES","1: 1  CONDITION APPLIES","NO","MALE","MALE"
1980,35200,2,1,4,33790,5,179,1,1,2,4,5,5,2,2,2,2,1,6,2,6,2,1,29,16,"Male","Non-Black / Non-Hispanic","South (AL, AR, DE, DC, FL, GA, KY, LA, MD, MS, NC, OK, SC, TN , TX, VA, WV)","Bachelor's degree (BA, BS)","In CBSA, in central city","NO","3: Mother","YES","YES","NO","NO","YES","0: 0  CONDITION DOES NOT APPLY","ALWAYS WITH RIGHT HAND","ALWAYS WITH LEFT HAND","ALWAYS WITH RIGHT HAND","ALWAYS WITH RIGHT HAND","ALWAYS WITH LEFT HAND","1: 1  CONDITION APPLIES","0: 0  CONDITION DOES NOT APPLY","NO","MALE","MALE"
1982,64735,3,0,2,21000,5,155,1,1,2,3,3,4,2,2,2,2,1,6,3,7,1,1,31,20,"Female","Non-Black / Non-Hispanic","West (AK, AZ, CA, CO, HI, ID, MT, NV, NM, OR, UT, WA, WY)","Bachelor's degree (BA, BS)","In CBSA, not in central city","NO","3: Mother","YES","NO","NO","NO","NO","0: 0  CONDITION DOES NOT APPLY","ALWAYS WITH RIGHT HAND","ALWAYS WITH RIGHT HAND","ALWAYS WITH RIGHT HAND","ALWAYS WITH RIGHT HAND","ALWAYS WITH LEFT HAND","1: 1  CONDITION APPLIES","0: 0  CONDITION DOES NOT APPLY","NO","MALE","FEMALE"
1983,64735,2,1,1,33790,5,181,3,2,3,5,6,4,2,2,1,1,1,2,1,8,1,1,30,20,"Female","Non-Black / Non-Hispanic","North Central (IL, IN, IA, KS, MI, MN, MO, NE, OH, ND, SD, WI)","High school diploma (Regular 12 year program)","In CBSA, not in central city","NO","3: Mother","YES","NO","NO","NO","YES","0: 0  CONDITION DOES NOT APPLY","ALWAYS WITH RIGHT HAND","ALWAYS WITH RIGHT HAND","ALWAYS WITH RIGHT HAND","ALWAYS WITH RIGHT HAND","ALWAYS WITH LEFT HAND","1: 1  CONDITION APPLIES","1: 1  CONDITION APPLIES","NO","MALE","FEMALE"
1986,64735,4,0,1,33790,4,184,1,2,4,4,2,5,2,2,2,2,1,4,2,7,1,1,31,21,"Female","Non-Black / Non-Hispanic","South (AL, AR, DE, DC, FL, GA, KY, LA, MD, MS, NC, OK, SC, TN , TX, VA, WV)","Bachelor's degree (BA, BS)","In CBSA, not in central city","NO","3: Mother","YES","NO","NO","NO","YES","0: 0  CONDITION DOES NOT APPLY","ALWAYS WITH RIGHT HAND","ALWAYS WITH RIGHT HAND","ALWAYS WITH RIGHT HAND","ALWAYS WITH RIGHT HAND","ALWAYS WITH LEFT HAND","1: 1  CONDITION APPLIES","1: 1  CONDITION APPLIES","NO","MALE","FEMALE"
1980,64735,4,1,2,33790,5,181,1,1,3,1,5,3,2,2,1,1,1,6,2,8,1,1,32,24,"Male","Non-Black / Non-Hispanic","South (AL, AR, DE, DC, FL, GA, KY, LA, MD, MS, NC, OK, SC, TN , TX, VA, WV)","High school diploma (Regular 12 year program)","In CBSA, not in central city","NO","3: Mother","NO","NO","NO","NO","YES","0: 0  CONDITION DOES NOT APPLY","ALWAYS WITH RIGHT HAND","ALWAYS WITH RIGHT HAND","ALWAYS WITH RIGHT HAND","ALWAYS WITH RIGHT HAND","ALWAYS WITH LEFT HAND","1: 1  CONDITION APPLIES","1: 1  CONDITION APPLIES","NO","MALE","MALE"
1981,64735,3,1,2,24000,5,182,1,1,3,2,6,4,2,2,2,1,1,5,2,7,1,1,34,28,"Male","Non-Black / Non-Hispanic","South (AL, AR, DE, DC, FL, GA, KY, LA, MD, MS, NC, OK, SC, TN , TX, VA, WV)","GED","In CBSA, not in central city","NO","3: Mother","YES","NO","NO","NO","YES","0: 0  CONDITION DOES NOT APPLY","ALWAYS WITH RIGHT HAND","ALWAYS WITH RIGHT HAND","USUALLY WITH RIGHT HAND","ALWAYS WITH RIGHT HAND","ALWAYS WITH LEFT HAND","1: 1  CONDITION APPLIES","1: 1  CONDITION APPLIES","NO","FEMALE","MALE"
1984,64735,4,1,3,33790,5,183,1,2,4,3,3,5,1,1,1,1,1,7,1,7,1,1,23,21,"Female","Non-Black / Non-Hispanic","West (AK, AZ, CA, CO, HI, ID, MT, NV, NM, OR, UT, WA, WY)","High school diploma (Regular 12 year program)","In CBSA, not in central city","NO","3: Mother","NO","YES","NO","NO","NO","0: 0  CONDITION DOES NOT APPLY","ALWAYS WITH RIGHT HAND","ALWAYS WITH RIGHT HAND","ALWAYS WITH RIGHT HAND","ALWAYS WITH RIGHT HAND","ALWAYS WITH LEFT HAND","1: 1  CONDITION APPLIES","1: 1  CONDITION APPLIES","NO","MALE","MALE"
1981,64735,2,0,1,33790,5,183,1,2,1,2,1,1,2,2,1,2,1,4,3,7,1,1,34,21,"Female","Non-Black / Non-Hispanic","South (AL, AR, DE, DC, FL, GA, KY, LA, MD, MS, NC, OK, SC, TN , TX, VA, WV)","Bachelor's degree (BA, BS)","In CBSA, not in central city","NO","3: Mother","NO","NO","NO","NO","YES","0: 0  CONDITION DOES NOT APPLY","ALWAYS WITH RIGHT HAND","ALWAYS WITH RIGHT HAND","ALWAYS WITH RIGHT HAND","ALWAYS WITH RIGHT HAND","ALWAYS WITH LEFT HAND","1: 1  CONDITION APPLIES","1: 1  CONDITION APPLIES","NO","MALE","FEMALE"
1984,64735,3,0,2,33790,5,182,1,2,3,3,2,1,2,2,2,2,1,2,3,7,1,1,31,22,"Female","Non-Black / Non-Hispanic","South (AL, AR, DE, DC, FL, GA, KY, LA, MD, MS, NC, OK, SC, TN , TX, VA, WV)","High school diploma (Regular 12 year program)","In CBSA, not in central city","NO","3: Mother","NO","YES","NO","NO","NO","0: 0  CONDITION DOES NOT APPLY","ALWAYS WITH RIGHT HAND","ALWAYS WITH RIGHT HAND","ALWAYS WITH RIGHT HAND","ALWAYS WITH RIGHT HAND","ALWAYS WITH LEFT HAND","1: 1  CONDITION APPLIES","1: 1  CONDITION APPLIES","NO","FEMALE","MALE"
1982,64735,6,2,3,33790,5,155,1,2,1,5,2,2,1,2,2,1,1,5,2,6,1,1,24,5,"Female","Non-Black / Non-Hispanic","Northeast (CT, ME, MA, NH, NJ, NY, PA, RI, VT)","High school diploma (Regular 12 year program)","In CBSA, not in central city","NO","3: Mother","YES","NO","NO","NO","YES","0: 0  CONDITION DOES NOT APPLY","ALWAYS WITH RIGHT HAND","ALWAYS WITH RIGHT HAND","ALWAYS WITH RIGHT HAND","ALWAYS WITH RIGHT HAND","ALWAYS WITH LEFT HAND","1: 1  CONDITION APPLIES","1: 1  CONDITION APPLIES","NO","MALE","FEMALE"
1981,64735,4,0,2,33790,5,181,1,2,6,3,2,5,1,1,2,1,1,2,2,8,1,1,33,25,"Female","Non-Black / Non-Hispanic","South (AL, AR, DE, DC, FL, GA, KY, LA, MD, MS, NC, OK, SC, TN , TX, VA, WV)","High school diploma (Regular 12 year program)","In CBSA, not in central city","NO","3: Mother","NO","YES","YES","NO","YES","0: 0  CONDITION DOES NOT APPLY","ALWAYS WITH RIGHT HAND","ALWAYS WITH RIGHT HAND","ALWAYS WITH RIGHT HAND","ALWAYS WITH RIGHT HAND","ALWAYS WITH LEFT HAND","1: 1  CONDITION APPLIES","1: 1  CONDITION APPLIES","NO","FEMALE","FEMALE"
1983,64735,4,1,2,40000,5,184,1,2,2,2,6,4,1,2,1,2,2,3,3,7,1,1,35,23,"Male","Non-Black / Non-Hispanic","South (AL, AR, DE, DC, FL, GA, KY, LA, MD, MS, NC, OK, SC, TN , TX, VA, WV)","High school diploma (Regular 12 year program)","In CBSA, not in central city","YES","3: Mother","NO","NO","NO","NO","YES","0: 0  CONDITION DOES NOT APPLY","ALWAYS WITH RIGHT HAND","ALWAYS WITH RIGHT HAND","ALWAYS WITH RIGHT HAND","ALWAYS WITH RIGHT HAND","ALWAYS WITH LEFT HAND","1: 1  CONDITION APPLIES","1: 1  CONDITION APPLIES","NO","MALE","MALE"
1983,64735,3,0,1,33790,6,182,1,1,2,4,1,6,1,2,1,2,1,5,1,7,1,1,32,22,"Male","Non-Black / Non-Hispanic","South (AL, AR, DE, DC, FL, GA, KY, LA, MD, MS, NC, OK, SC, TN , TX, VA, WV)","High school diploma (Regular 12 year program)","In CBSA, in central city","NO","3: Mother","NO","YES","NO","NO","YES","0: 0  CONDITION DOES NOT APPLY","ALWAYS WITH RIGHT HAND","ALWAYS WITH RIGHT HAND","ALWAYS WITH RIGHT HAND","USUALLY WITH BOTH HANDS EQUALLY","ALWAYS WITH LEFT HAND","1: 1  CONDITION APPLIES","1: 1  CONDITION APPLIES","NO","FEMALE","MALE"
1982,64735,4,1,4,19000,5,184,1,3,3,2,2,3,2,2,1,2,1,8,2,7,3,1,10,16,"Female","Black","South (AL, AR, DE, DC, FL, GA, KY, LA, MD, MS, NC, OK, SC, TN , TX, VA, WV)","None","In CBSA, in central city","NO","3: Mother","NO","NO","NO","NO","NO","0: 0  CONDITION DOES NOT APPLY","ALWAYS WITH RIGHT HAND","ALWAYS WITH RIGHT HAND","ALWAYS WITH RIGHT HAND","ALWAYS WITH RIGHT HAND","ALWAYS WITH LEFT HAND","1: 1  CONDITION APPLIES","1: 1  CONDITION APPLIES","NO","MALE","MALE"
1984,44000,4,0,1,33790,5,178,1,1,1,4,6,3,2,2,1,1,1,6,2,7,3,1,31,22,"Female","Non-Black / Non-Hispanic","South (AL, AR, DE, DC, FL, GA, KY, LA, MD, MS, NC, OK, SC, TN , TX, VA, WV)","High school diploma (Regular 12 year program)","In CBSA, in central city","NO","3: Mother","YES","NO","NO","NO","NO","0: 0  CONDITION DOES NOT APPLY","ALWAYS WITH RIGHT HAND","ALWAYS WITH RIGHT HAND","ALWAYS WITH RIGHT HAND","ALWAYS WITH RIGHT HAND","ALWAYS WITH LEFT HAND","1: 1  CONDITION APPLIES","1: 1  CONDITION APPLIES","NO","FEMALE","MALE"
1980,64735,2,0,1,33790,5,181,1,1,5,3,6,5,2,2,1,2,1,3,2,7,1,1,32,24,"Male","Black","South (AL, AR, DE, DC, FL, GA, KY, LA, MD, MS, NC, OK, SC, TN , TX, VA, WV)","High school diploma (Regular 12 year program)","In CBSA, not in central city","NO","3: Mother","YES","NO","NO","NO","YES","0: 0  CONDITION DOES NOT APPLY","ALWAYS WITH RIGHT HAND","ALWAYS WITH RIGHT HAND","ALWAYS WITH RIGHT HAND","ALWAYS WITH RIGHT HAND","ALWAYS WITH LEFT HAND","1: 1  CONDITION APPLIES","1: 1  CONDITION APPLIES","NO","FEMALE","MALE"
1983,64735,3,1,3,33790,5,184,2,1,2,3,1,3,2,2,1,2,1,3,1,8,1,1,33,20,"Male","Non-Black / Non-Hispanic","South (AL, AR, DE, DC, FL, GA, KY, LA, MD, MS, NC, OK, SC, TN , TX, VA, WV)","High school diploma (Regular 12 year program)","In CBSA, not in central city","NO","3: Mother","YES","NO","NO","NO","YES","0: 0  CONDITION DOES NOT APPLY","ALWAYS WITH RIGHT HAND","ALWAYS WITH RIGHT HAND","ALWAYS WITH RIGHT HAND","ALWAYS WITH RIGHT HAND","ALWAYS WITH LEFT HAND","1: 1  CONDITION APPLIES","1: 1  CONDITION APPLIES","NO","FEMALE","MALE"
1984,64735,5,0,2,33790,5,186,1,2,3,2,2,5,2,2,2,1,2,6,1,4,1,1,34,25,"Male","Non-Black / Non-Hispanic","South (AL, AR, DE, DC, FL, GA, KY, LA, MD, MS, NC, OK, SC, TN , TX, VA, WV)","GED","In CBSA, not in central city","YES","3: Mother","YES","YES","NO","NO","YES","0: 0  CONDITION DOES NOT APPLY","ALWAYS WITH RIGHT HAND","ALWAYS WITH RIGHT HAND","ALWAYS WITH RIGHT HAND","ALWAYS WITH RIGHT HAND","USUALLY WITH LEFT HAND","1: 1  CONDITION APPLIES","1: 1  CONDITION APPLIES","NO","FEMALE","MALE"
1980,64735,3,0,3,33790,5,183,1,1,3,3,2,3,2,2,1,2,1,5,2,7,1,1,32,21,"Female","Non-Black / Non-Hispanic","South (AL, AR, DE, DC, FL, GA, KY, LA, MD, MS, NC, OK, SC, TN , TX, VA, WV)","High school diploma (Regular 12 year program)","In CBSA, in central city","NO","3: Mother","YES","NO","NO","NO","YES","0: 0  CONDITION DOES NOT APPLY","ALWAYS WITH LEFT HAND","ALWAYS WITH RIGHT HAND","ALWAYS WITH RIGHT HAND","ALWAYS WITH RIGHT HAND","ALWAYS WITH LEFT HAND","1: 1  CONDITION APPLIES","1: 1  CONDITION APPLIES","NO","FEMALE","MALE"
1981,112050,3,0,3,33790,5,182,1,1,2,5,4,5,2,2,1,2,1,6,2,6,1,1,30,23,"Female","Non-Black / Non-Hispanic","North Central (IL, IN, IA, KS, MI, MN, MO, NE, OH, ND, SD, WI)","Bachelor's degree (BA, BS)","In CBSA, not in central city","NO","3: Mother","YES","NO","NO","NO","YES","0: 0  CONDITION DOES NOT APPLY","ALWAYS WITH RIGHT HAND","USUALLY WITH RIGHT HAND","ALWAYS WITH RIGHT HAND","ALWAYS WITH RIGHT HAND","ALWAYS WITH LEFT HAND","1: 1  CONDITION APPLIES","1: 1  CONDITION APPLIES","NO","MALE","MALE"
1981,64735,4,1,3,33790,5,182,1,2,2,2,2,2,2,2,1,2,2,7,1,8,1,1,29,21,"Male","Non-Black / Non-Hispanic","South (AL, AR, DE, DC, FL, GA, KY, LA, MD, MS, NC, OK, SC, TN , TX, VA, WV)","High school diploma (Regular 12 year program)","In CBSA, not in central city","NO","3: Mother","NO","NO","NO","NO","NO","0: 0  CONDITION DOES NOT APPLY","ALWAYS WITH RIGHT HAND","ALWAYS WITH RIGHT HAND","ALWAYS WITH RIGHT HAND","ALWAYS WITH RIGHT HAND","ALWAYS WITH LEFT HAND","1: 1  CONDITION APPLIES","1: 1  CONDITION APPLIES","NO","FEMALE","MALE"
1984,64735,7,2,1,33790,5,230,1,2,3,6,2,4,1,2,2,2,1,6,1,6,1,1,29,14,"Female","Non-Black / Non-Hispanic","North Central (IL, IN, IA, KS, MI, MN, MO, NE, OH, ND, SD, WI)","High school diploma (Regular 12 year program)","In CBSA, not in central city","NO","3: Mother","YES","YES","NO","NO","YES","0: 0  CONDITION DOES NOT APPLY","ALWAYS WITH RIGHT HAND","USUALLY WITH RIGHT HAND","ALWAYS WITH RIGHT HAND","ALWAYS WITH RIGHT HAND","ALWAYS WITH LEFT HAND","1: 1  CONDITION APPLIES","1: 1  CONDITION APPLIES","NO","FEMALE","FEMALE"
1981,64735,3,1,2,33790,5,183,1,1,3,3,4,5,2,2,1,2,2,6,3,6,1,1,31,20,"Male","Black","South (AL, AR, DE, DC, FL, GA, KY, LA, MD, MS, NC, OK, SC, TN , TX, VA, WV)","High school diploma (Regular 12 year program)","In CBSA, not in central city","NO","3: Mother","YES","NO","YES","NO","YES","0: 0  CONDITION DOES NOT APPLY","ALWAYS WITH RIGHT HAND","ALWAYS WITH RIGHT HAND","ALWAYS WITH RIGHT HAND","ALWAYS WITH RIGHT HAND","ALWAYS WITH LEFT HAND","1: 1  CONDITION APPLIES","1: 1  CONDITION APPLIES","NO","FEMALE","FEMALE"
1984,64735,2,0,3,33790,5,210,1,2,2,4,7,3,2,2,2,2,1,6,2,7,1,1,32,27,"Male","Non-Black / Non-Hispanic","South (AL, AR, DE, DC, FL, GA, KY, LA, MD, MS, NC, OK, SC, TN , TX, VA, WV)","High school diploma (Regular 12 year program)","In CBSA, not in central city","NO","3: Mother","NO","NO","NO","NO","YES","0: 0  CONDITION DOES NOT APPLY","ALWAYS WITH RIGHT HAND","ALWAYS WITH LEFT HAND","ALWAYS WITH RIGHT HAND","ALWAYS WITH LEFT HAND","DON'T DO THIS ACTIVITY","1: 1  CONDITION APPLIES","1: 1  CONDITION APPLIES","NO","FEMALE","FEMALE"
1985,48000,1,0,3,33790,6,187,2,1,2,5,3,2,2,2,1,2,1,7,2,7,1,2,30,21,"Male","Non-Black / Non-Hispanic","South (AL, AR, DE, DC, FL, GA, KY, LA, MD, MS, NC, OK, SC, TN , TX, VA, WV)","High school diploma (Regular 12 year program)","In CBSA, in central city","NO","3: Mother","YES","NO","NO","NO","YES","0: 0  CONDITION DOES NOT APPLY","ALWAYS WITH RIGHT HAND","ALWAYS WITH RIGHT HAND","ALWAYS WITH RIGHT HAND","ALWAYS WITH RIGHT HAND","ALWAYS WITH LEFT HAND","1: 1  CONDITION APPLIES","1: 1  CONDITION APPLIES","NO","FEMALE","MALE"
1982,64735,3,1,1,35000,5,184,1,2,3,2,1,2,2,2,1,1,1,4,3,7,1,1,30,18,"Male","Hispanic","West (AK, AZ, CA, CO, HI, ID, MT, NV, NM, OR, UT, WA, WY)","Associate/Junior college (AA)","In CBSA, in central city","NO","3: Mother","NO","YES","NO","NO","YES","0: 0  CONDITION DOES NOT APPLY","ALWAYS WITH RIGHT HAND","ALWAYS WITH RIGHT HAND","ALWAYS WITH RIGHT HAND","ALWAYS WITH RIGHT HAND","ALWAYS WITH LEFT HAND","1: 1  CONDITION APPLIES","1: 1  CONDITION APPLIES","NO","FEMALE","MALE"
1981,64735,3,0,3,15000,5,180,1,2,6,4,5,3,2,2,2,2,1,5,2,7,2,1,33,55,"Female","Non-Black / Non-Hispanic","South (AL, AR, DE, DC, FL, GA, KY, LA, MD, MS, NC, OK, SC, TN , TX, VA, WV)","Associate/Junior college (AA)","In CBSA, in central city","NO","3: Mother","YES","NO","YES","NO","NO","0: 0  CONDITION DOES NOT APPLY","ALWAYS WITH RIGHT HAND","ALWAYS WITH RIGHT HAND","ALWAYS WITH RIGHT HAND","ALWAYS WITH RIGHT HAND","ALWAYS WITH LEFT HAND","1: 1  CONDITION APPLIES","1: 1  CONDITION APPLIES","NO","FEMALE","MALE"
1981,64735,3,1,2,33790,5,182,2,1,3,4,2,8,2,1,1,2,1,7,3,7,1,1,30,22,"Female","Black","South (AL, AR, DE, DC, FL, GA, KY, LA, MD, MS, NC, OK, SC, TN , TX, VA, WV)","High school diploma (Regular 12 year program)","In CBSA, not in central city","NO","3: Mother","YES","NO","NO","NO","YES","0: 0  CONDITION DOES NOT APPLY","ALWAYS WITH RIGHT HAND","ALWAYS WITH RIGHT HAND","ALWAYS WITH RIGHT HAND","ALWAYS WITH RIGHT HAND","ALWAYS WITH LEFT HAND","1: 1  CONDITION APPLIES","1: 1  CONDITION APPLIES","NO","FEMALE","FEMALE"
1982,64735,3,0,1,44000,5,185,2,1,2,5,5,3,2,2,1,1,1,6,1,6,1,1,27,21,"Male","Non-Black / Non-Hispanic","South (AL, AR, DE, DC, FL, GA, KY, LA, MD, MS, NC, OK, SC, TN , TX, VA, WV)","High school diploma (Regular 12 year program)","In CBSA, in central city","NO","3: Mother","NO","NO","YES","NO","YES","0: 0  CONDITION DOES NOT APPLY","ALWAYS WITH RIGHT HAND","ALWAYS WITH RIGHT HAND","ALWAYS WITH RIGHT HAND","ALWAYS WITH RIGHT HAND","ALWAYS WITH LEFT HAND","1: 1  CONDITION APPLIES","1: 1  CONDITION APPLIES","NO","MALE","FEMALE"
1980,64735,3,1,1,33790,5,183,1,1,1,4,2,4,2,2,1,2,1,5,4,8,1,1,31,20,"Female","Non-Black / Non-Hispanic","South (AL, AR, DE, DC, FL, GA, KY, LA, MD, MS, NC, OK, SC, TN , TX, VA, WV)","Bachelor's degree (BA, BS)","In CBSA, not in central city","NO","3: Mother","YES","NO","NO","NO","YES","0: 0  CONDITION DOES NOT APPLY","ALWAYS WITH RIGHT HAND","ALWAYS WITH RIGHT HAND","ALWAYS WITH RIGHT HAND","ALWAYS WITH RIGHT HAND","ALWAYS WITH LEFT HAND","1: 1  CONDITION APPLIES","1: 1  CONDITION APPLIES","NO","FEMALE","FEMALE"
1982,64735,5,2,1,33790,5,190,1,1,3,3,3,4,2,2,1,2,1,6,2,6,1,1,29,15,"Female","Hispanic","North Central (IL, IN, IA, KS, MI, MN, MO, NE, OH, ND, SD, WI)","Bachelor's degree (BA, BS)","In CBSA, not in central city","NO","3: Mother","YES","NO","NO","NO","YES","0: 0  CONDITION DOES NOT APPLY","ALWAYS WITH RIGHT HAND","ALWAYS WITH RIGHT HAND","ALWAYS WITH RIGHT HAND","ALWAYS WITH RIGHT HAND","ALWAYS WITH LEFT HAND","1: 1  CONDITION APPLIES","1: 1  CONDITION APPLIES","NO","FEMALE","FEMALE"
1980,29623,4,0,4,33790,5,183,1,2,3,5,3,4,2,2,2,2,1,4,1,6,1,1,31,21,"Male","Non-Black / Non-Hispanic","South (AL, AR, DE, DC, FL, GA, KY, LA, MD, MS, NC, OK, SC, TN , TX, VA, WV)","GED","In CBSA, in central city","NO","3: Mother","YES","YES","NO","NO","NO","0: 0  CONDITION DOES NOT APPLY","ALWAYS WITH RIGHT HAND","ALWAYS WITH RIGHT HAND","USUALLY WITH RIGHT HAND","ALWAYS WITH RIGHT HAND","ALWAYS WITH LEFT HAND","0: 0  CONDITION DOES NOT APPLY","1: 1  CONDITION APPLIES","NO","FEMALE","FEMALE"
1984,64735,1,0,1,33790,6,182,1,1,3,3,2,3,2,2,1,2,1,6,1,6,2,2,34,24,"Male","Non-Black / Non-Hispanic","South (AL, AR, DE, DC, FL, GA, KY, LA, MD, MS, NC, OK, SC, TN , TX, VA, WV)","Bachelor's degree (BA, BS)","In CBSA, in central city","NO","3: Mother","YES","NO","YES","NO","NO","0: 0  CONDITION DOES NOT APPLY","ALWAYS WITH RIGHT HAND","ALWAYS WITH RIGHT HAND","ALWAYS WITH RIGHT HAND","ALWAYS WITH LEFT HAND","ALWAYS WITH LEFT HAND","1: 1  CONDITION APPLIES","0: 0  CONDITION DOES NOT APPLY","NO","FEMALE","MALE"
1981,64735,4,0,5,20000,5,181,1,1,3,4,3,2,1,2,1,2,1,5,3,7,5,1,35,22,"Male","Hispanic","Northeast (CT, ME, MA, NH, NJ, NY, PA, RI, VT)","High school diploma (Regular 12 year program)","In CBSA, in central city","NO","3: Mother","YES","NO","NO","NO","NO","0: 0  CONDITION DOES NOT APPLY","ALWAYS WITH RIGHT HAND","ALWAYS WITH RIGHT HAND","ALWAYS WITH RIGHT HAND","ALWAYS WITH RIGHT HAND","ALWAYS WITH LEFT HAND","1: 1  CONDITION APPLIES","1: 1  CONDITION APPLIES","NO","MALE","FEMALE"
1984,64735,3,1,4,33790,6,155,2,3,1,4,7,6,2,3,2,2,1,3,2,6,1,2,32,23,"Female","Non-Black / Non-Hispanic","South (AL, AR, DE, DC, FL, GA, KY, LA, MD, MS, NC, OK, SC, TN , TX, VA, WV)","High school diploma (Regular 12 year program)","In CBSA, in central city","NO","3: Mother","YES","NO","NO","NO","NO","0: 0  CONDITION DOES NOT APPLY","ALWAYS WITH RIGHT HAND","ALWAYS WITH RIGHT HAND","ALWAYS WITH RIGHT HAND","ALWAYS WITH RIGHT HAND","ALWAYS WITH LEFT HAND","1: 1  CONDITION APPLIES","1: 1  CONDITION APPLIES","NO","MALE","FEMALE"
1981,64735,2,0,3,33790,5,183,1,1,3,4,3,5,1,2,2,1,1,3,3,7,1,1,32,23,"Male","Non-Black / Non-Hispanic","South (AL, AR, DE, DC, FL, GA, KY, LA, MD, MS, NC, OK, SC, TN , TX, VA, WV)","None","In CBSA, not in central city","NO","3: Mother","YES","YES","NO","NO","YES","0: 0  CONDITION DOES NOT APPLY","ALWAYS WITH RIGHT HAND","ALWAYS WITH RIGHT HAND","ALWAYS WITH RIGHT HAND","ALWAYS WITH RIGHT HAND","ALWAYS WITH LEFT HAND","1: 1  CONDITION APPLIES","1: 1  CONDITION APPLIES","NO","FEMALE","MALE"
1984,64735,2,0,2,33790,6,182,1,1,3,2,3,4,2,1,1,2,1,6,2,5,1,1,33,21,"Female","Non-Black / Non-Hispanic","South (AL, AR, DE, DC, FL, GA, KY, LA, MD, MS, NC, OK, SC, TN , TX, VA, WV)","Bachelor's degree (BA, BS)","In CBSA, in central city","NO","3: Mother","YES","NO","NO","NO","YES","0: 0  CONDITION DOES NOT APPLY","ALWAYS WITH RIGHT HAND","ALWAYS WITH RIGHT HAND","ALWAYS WITH RIGHT HAND","ALWAYS WITH RIGHT HAND","ALWAYS WITH LEFT HAND","1: 1  CONDITION APPLIES","1: 1  CONDITION APPLIES","YES","FEMALE","FEMALE"
1983,64735,3,0,5,33790,5,184,2,2,6,5,2,5,2,2,1,2,2,6,3,7,1,1,28,23,"Male","Non-Black / Non-Hispanic","Northeast (CT, ME, MA, NH, NJ, NY, PA, RI, VT)","High school diploma (Regular 12 year program)","In CBSA, not in central city","NO","3: Mother","YES","NO","NO","NO","NO","1: 1  CONDITION APPLIES","ALWAYS WITH RIGHT HAND","ALWAYS WITH RIGHT HAND","ALWAYS WITH RIGHT HAND","ALWAYS WITH RIGHT HAND","ALWAYS WITH LEFT HAND","0: 0  CONDITION DOES NOT APPLY","1: 1  CONDITION APPLIES","NO","FEMALE","MALE"
1982,64735,2,0,2,33790,5,182,1,1,3,2,5,5,2,2,1,2,1,6,3,7,1,3,32,27,"Female","Black","South (AL, AR, DE, DC, FL, GA, KY, LA, MD, MS, NC, OK, SC, TN , TX, VA, WV)","Bachelor's degree (BA, BS)","In CBSA, not in central city","NO","3: Mother","NO","YES","NO","NO","YES","0: 0  CONDITION DOES NOT APPLY","ALWAYS WITH RIGHT HAND","ALWAYS WITH RIGHT HAND","ALWAYS WITH RIGHT HAND","ALWAYS WITH RIGHT HAND","ALWAYS WITH LEFT HAND","1: 1  CONDITION APPLIES","1: 1  CONDITION APPLIES","NO","FEMALE","MALE"
1981,46000,3,1,1,34000,6,184,1,1,5,5,2,5,2,2,2,2,1,7,3,6,3,1,36,23,"Male","Non-Black / Non-Hispanic","South (AL, AR, DE, DC, FL, GA, KY, LA, MD, MS, NC, OK, SC, TN , TX, VA, WV)","High school diploma (Regular 12 year program)","In CBSA, in central city","NO","3: Mother","YES","NO","NO","NO","NO","0: 0  CONDITION DOES NOT APPLY","ALWAYS WITH RIGHT HAND","ALWAYS WITH RIGHT HAND","ALWAYS WITH RIGHT HAND","ALWAYS WITH RIGHT HAND","ALWAYS WITH LEFT HAND","1: 1  CONDITION APPLIES","1: 1  CONDITION APPLIES","NO","MALE","MALE"
1983,34000,3,1,1,33790,5,183,1,1,1,3,2,3,2,2,2,1,1,6,3,7,1,1,29,19,"Female","Non-Black / Non-Hispanic","South (AL, AR, DE, DC, FL, GA, KY, LA, MD, MS, NC, OK, SC, TN , TX, VA, WV)","GED","In CBSA, not in central city","NO","3: Mother","NO","YES","NO","NO","NO","0: 0  CONDITION DOES NOT APPLY","ALWAYS WITH RIGHT HAND","ALWAYS WITH RIGHT HAND","ALWAYS WITH RIGHT HAND","ALWAYS WITH RIGHT HAND","ALWAYS WITH LEFT HAND","1: 1  CONDITION APPLIES","1: 1  CONDITION APPLIES","NO","FEMALE","MALE"
1982,64735,4,0,3,33790,5,184,1,1,2,5,4,3,1,1,1,2,2,6,2,7,2,1,32,21,"Female","Black","South (AL, AR, DE, DC, FL, GA, KY, LA, MD, MS, NC, OK, SC, TN , TX, VA, WV)","Bachelor's degree (BA, BS)","In CBSA, in central city","NO","3: Mother","NO","YES","NO","NO","YES","0: 0  CONDITION DOES NOT APPLY","ALWAYS WITH RIGHT HAND","ALWAYS WITH RIGHT HAND","ALWAYS WITH LEFT HAND","ALWAYS WITH RIGHT HAND","ALWAYS WITH LEFT HAND","1: 1  CONDITION APPLIES","1: 1  CONDITION APPLIES","YES","FEMALE","MALE"
1984,64735,4,1,1,33790,5,180,1,2,5,3,3,1,2,2,1,1,1,2,2,6,1,1,35,21,"Male","Non-Black / Non-Hispanic","North Central (IL, IN, IA, KS, MI, MN, MO, NE, OH, ND, SD, WI)","High school diploma (Regular 12 year program)","In CBSA, not in central city","NO","3: Mother","YES","NO","NO","NO","YES","1: 1  CONDITION APPLIES","ALWAYS WITH RIGHT HAND","ALWAYS WITH RIGHT HAND","ALWAYS WITH RIGHT HAND","ALWAYS WITH RIGHT HAND","ALWAYS WITH LEFT HAND","1: 1  CONDITION APPLIES","1: 1  CONDITION APPLIES","NO","MALE","MALE"
1982,64735,1,0,3,33790,5,130,1,2,2,1,5,5,2,1,2,2,1,9,4,8,1,1,33,25,"Female","Non-Black / Non-Hispanic","South (AL, AR, DE, DC, FL, GA, KY, LA, MD, MS, NC, OK, SC, TN , TX, VA, WV)","Bachelor's degree (BA, BS)","In CBSA, in central city","NO","3: Mother","YES","NO","NO","NO","YES","0: 0  CONDITION DOES NOT APPLY","ALWAYS WITH RIGHT HAND","ALWAYS WITH RIGHT HAND","ALWAYS WITH RIGHT HAND","ALWAYS WITH RIGHT HAND","ALWAYS WITH LEFT HAND","1: 1  CONDITION APPLIES","1: 1  CONDITION APPLIES","NO","MALE","FEMALE"
1983,73501,1,0,2,33790,5,179,2,1,3,6,5,4,2,2,1,1,1,6,2,6,1,1,31,28,"Female","Non-Black / Non-Hispanic","North Central (IL, IN, IA, KS, MI, MN, MO, NE, OH, ND, SD, WI)","GED","Not in country","NO","3: Mother","NO","NO","NO","YES","YES","0: 0  CONDITION DOES NOT APPLY","USUALLY WITH RIGHT HAND","USUALLY WITH BOTH HANDS EQUALLY","DON'T DO THIS ACTIVITY","USUALLY WITH LEFT HAND","ALWAYS WITH LEFT HAND","1: 1  CONDITION APPLIES","0: 0  CONDITION DOES NOT APPLY","NO","MALE","MALE"
1981,64735,3,0,2,33790,5,184,1,1,3,6,2,3,1,2,1,2,1,5,3,7,2,1,31,22,"Female","Non-Black / Non-Hispanic","South (AL, AR, DE, DC, FL, GA, KY, LA, MD, MS, NC, OK, SC, TN , TX, VA, WV)","High school diploma (Regular 12 year program)","In CBSA, in central city","NO","3: Mother","YES","NO","NO","NO","NO","0: 0  CONDITION DOES NOT APPLY","ALWAYS WITH RIGHT HAND","ALWAYS WITH RIGHT HAND","ALWAYS WITH RIGHT HAND","ALWAYS WITH RIGHT HAND","ALWAYS WITH LEFT HAND","1: 1  CONDITION APPLIES","1: 1  CONDITION APPLIES","NO","FEMALE","MALE"
1981,64735,3,1,1,33790,5,182,2,3,3,3,6,6,1,1,2,2,1,4,2,6,1,1,25,7,"Male","Non-Black / Non-Hispanic","Northeast (CT, ME, MA, NH, NJ, NY, PA, RI, VT)","Associate/Junior college (AA)","In CBSA, in central city","NO","3: Mother","YES","NO","NO","NO","YES","0: 0  CONDITION DOES NOT APPLY","USUALLY WITH BOTH HANDS EQUALLY","ALWAYS WITH RIGHT HAND","USUALLY WITH BOTH HANDS EQUALLY","ALWAYS WITH RIGHT HAND","ALWAYS WITH LEFT HAND","1: 1  CONDITION APPLIES","1: 1  CONDITION APPLIES","NO","MALE","MALE"
1981,64735,3,0,4,66000,5,183,1,1,2,4,3,5,1,2,1,1,1,4,4,5,1,1,30,4,"Male","Non-Black / Non-Hispanic","South (AL, AR, DE, DC, FL, GA, KY, LA, MD, MS, NC, OK, SC, TN , TX, VA, WV)","High school diploma (Regular 12 year program)","In CBSA, in central city","NO","3: Mother","NO","YES","NO","NO","YES","0: 0  CONDITION DOES NOT APPLY","ALWAYS WITH RIGHT HAND","ALWAYS WITH RIGHT HAND","ALWAYS WITH RIGHT HAND","ALWAYS WITH RIGHT HAND","USUALLY WITH BOTH HANDS EQUALLY","1: 1  CONDITION APPLIES","1: 1  CONDITION APPLIES","NO","FEMALE","FEMALE"
1981,64735,2,1,2,33790,5,183,1,2,8,5,6,2,2,2,2,2,1,6,2,7,1,1,30,18,"Female","Non-Black / Non-Hispanic","Northeast (CT, ME, MA, NH, NJ, NY, PA, RI, VT)","GED","In CBSA, not in central city","NO","3: Mother","YES","NO","NO","NO","YES","0: 0  CONDITION DOES NOT APPLY","ALWAYS WITH LEFT HAND","ALWAYS WITH LEFT HAND","ALWAYS WITH LEFT HAND","ALWAYS WITH LEFT HAND","ALWAYS WITH RIGHT HAND","0: 0  CONDITION DOES NOT APPLY","0: 0  CONDITION DOES NOT APPLY","NO","MALE","FEMALE"
1986,316618,1,0,1,33790,6,187,2,2,5,4,3,2,2,2,1,2,2,6,2,5,1,3,34,25,"Male","Non-Black / Non-Hispanic","North Central (IL, IN, IA, KS, MI, MN, MO, NE, OH, ND, SD, WI)","High school diploma (Regular 12 year program)","In CBSA, not in central city","NO","3: Mother","YES","NO","YES","NO","YES","0: 0  CONDITION DOES NOT APPLY","ALWAYS WITH RIGHT HAND","ALWAYS WITH RIGHT HAND","ALWAYS WITH RIGHT HAND","ALWAYS WITH RIGHT HAND","ALWAYS WITH LEFT HAND","1: 1  CONDITION APPLIES","1: 1  CONDITION APPLIES","YES","FEMALE","MALE"
1981,64735,6,2,2,33790,5,175,2,2,2,4,3,2,2,2,1,2,2,5,6,7,1,1,25,13,"Female","Non-Black / Non-Hispanic","North Central (IL, IN, IA, KS, MI, MN, MO, NE, OH, ND, SD, WI)","High school diploma (Regular 12 year program)","In CBSA, in central city","NO","3: Mother","YES","NO","NO","NO","NO","0: 0  CONDITION DOES NOT APPLY","ALWAYS WITH RIGHT HAND","ALWAYS WITH RIGHT HAND","ALWAYS WITH RIGHT HAND","ALWAYS WITH RIGHT HAND","ALWAYS WITH LEFT HAND","1: 1  CONDITION APPLIES","1: 1  CONDITION APPLIES","NO","FEMALE","FEMALE"
1981,64735,1,0,5,33790,5,201,2,2,3,5,2,4,2,2,1,2,1,8,1,7,1,4,7,21,"Female","Black","South (AL, AR, DE, DC, FL, GA, KY, LA, MD, MS, NC, OK, SC, TN , TX, VA, WV)","GED","In CBSA, in central city","NO","3: Mother","YES","NO","NO","NO","YES","0: 0  CONDITION DOES NOT APPLY","ALWAYS WITH RIGHT HAND","ALWAYS WITH RIGHT HAND","ALWAYS WITH RIGHT HAND","ALWAYS WITH RIGHT HAND","ALWAYS WITH RIGHT HAND","1: 1  CONDITION APPLIES","1: 1  CONDITION APPLIES","NO","MALE","MALE"
1986,56750,4,1,6,33790,5,180,1,2,1,3,2,4,2,1,2,2,2,5,1,7,1,1,32,17,"Male","Non-Black / Non-Hispanic","South (AL, AR, DE, DC, FL, GA, KY, LA, MD, MS, NC, OK, SC, TN , TX, VA, WV)","GED","In CBSA, in central city","NO","3: Mother","NO","NO","NO","NO","NO","0: 0  CONDITION DOES NOT APPLY","ALWAYS WITH RIGHT HAND","ALWAYS WITH RIGHT HAND","ALWAYS WITH RIGHT HAND","ALWAYS WITH RIGHT HAND","USUALLY WITH BOTH HANDS EQUALLY","1: 1  CONDITION APPLIES","1: 1  CONDITION APPLIES","NO","FEMALE","FEMALE"
1983,64735,3,1,2,33790,5,183,1,1,3,4,5,3,2,2,2,1,1,5,3,7,1,2,26,20,"Female","Non-Black / Non-Hispanic","South (AL, AR, DE, DC, FL, GA, KY, LA, MD, MS, NC, OK, SC, TN , TX, VA, WV)","GED","In CBSA, not in central city","NO","3: Mother","YES","NO","NO","NO","YES","0: 0  CONDITION DOES NOT APPLY","ALWAYS WITH RIGHT HAND","ALWAYS WITH RIGHT HAND","ALWAYS WITH RIGHT HAND","ALWAYS WITH RIGHT HAND","ALWAYS WITH LEFT HAND","1: 1  CONDITION APPLIES","1: 1  CONDITION APPLIES","NO","MALE","MALE"
1983,80000,2,0,2,33790,5,182,1,1,1,5,4,5,2,2,1,2,2,8,5,7,1,1,29,18,"Male","Non-Black / Non-Hispanic","North Central (IL, IN, IA, KS, MI, MN, MO, NE, OH, ND, SD, WI)","High school diploma (Regular 12 year program)","Not in CBSA","NO","3: Mother","YES","NO","YES","NO","YES","0: 0  CONDITION DOES NOT APPLY","ALWAYS WITH RIGHT HAND","ALWAYS WITH RIGHT HAND","ALWAYS WITH RIGHT HAND","ALWAYS WITH RIGHT HAND","ALWAYS WITH LEFT HAND","0: 0  CONDITION DOES NOT APPLY","0: 0  CONDITION DOES NOT APPLY","NO","FEMALE","FEMALE"
1980,25250,3,0,2,33790,5,178,1,1,3,1,7,2,2,2,1,1,1,7,2,8,1,1,37,49,"Male","Black","South (AL, AR, DE, DC, FL, GA, KY, LA, MD, MS, NC, OK, SC, TN , TX, VA, WV)","High school diploma (Regular 12 year program)","In CBSA, in central city","NO","3: Mother","NO","NO","YES","NO","YES","0: 0  CONDITION DOES NOT APPLY","ALWAYS WITH RIGHT HAND","USUALLY WITH RIGHT HAND","ALWAYS WITH RIGHT HAND","ALWAYS WITH RIGHT HAND","ALWAYS WITH LEFT HAND","1: 1  CONDITION APPLIES","1: 1  CONDITION APPLIES","NO","FEMALE","MALE"
1981,34250,2,0,2,9000,5,184,1,2,3,4,2,4,2,2,1,2,1,6,1,7,1,1,29,19,"Male","Non-Black / Non-Hispanic","South (AL, AR, DE, DC, FL, GA, KY, LA, MD, MS, NC, OK, SC, TN , TX, VA, WV)","High school diploma (Regular 12 year program)","In CBSA, in central city","NO","3: Mother","NO","NO","NO","NO","YES","0: 0  CONDITION DOES NOT APPLY","ALWAYS WITH RIGHT HAND","ALWAYS WITH RIGHT HAND","ALWAYS WITH RIGHT HAND","ALWAYS WITH RIGHT HAND","ALWAYS WITH LEFT HAND","1: 1  CONDITION APPLIES","1: 1  CONDITION APPLIES","NO","MALE","MALE"
1981,64735,4,1,1,33790,5,181,1,1,3,3,1,7,2,2,2,1,1,5,2,7,1,1,32,19,"Male","Black","South (AL, AR, DE, DC, FL, GA, KY, LA, MD, MS, NC, OK, SC, TN , TX, VA, WV)","High school diploma (Regular 12 year program)","In CBSA, not in central city","NO","3: Mother","NO","NO","NO","NO","NO","0: 0  CONDITION DOES NOT APPLY","ALWAYS WITH RIGHT HAND","USUALLY WITH LEFT HAND","ALWAYS WITH RIGHT HAND","ALWAYS WITH RIGHT HAND","ALWAYS WITH LEFT HAND","1: 1  CONDITION APPLIES","1: 1  CONDITION APPLIES","NO","MALE","FEMALE"
1982,64735,4,0,1,20500,5,210,1,1,1,4,5,4,2,2,1,2,1,4,3,7,1,1,25,0,"Male","Non-Black / Non-Hispanic","South (AL, AR, DE, DC, FL, GA, KY, LA, MD, MS, NC, OK, SC, TN , TX, VA, WV)","High school diploma (Regular 12 year program)","In CBSA, not in central city","NO","3: Mother","YES","NO","NO","NO","YES","0: 0  CONDITION DOES NOT APPLY","ALWAYS WITH RIGHT HAND","ALWAYS WITH LEFT HAND","ALWAYS WITH RIGHT HAND","ALWAYS WITH RIGHT HAND","ALWAYS WITH LEFT HAND","1: 1  CONDITION APPLIES","1: 1  CONDITION APPLIES","NO","MALE","FEMALE"
1981,64735,4,1,1,33790,5,183,1,1,2,4,1,3,2,2,1,1,1,6,4,7,1,1,26,10,"Female","Non-Black / Non-Hispanic","South (AL, AR, DE, DC, FL, GA, KY, LA, MD, MS, NC, OK, SC, TN , TX, VA, WV)","Bachelor's degree (BA, BS)","In CBSA, not in central city","NO","3: Mother","NO","YES","YES","NO","YES","0: 0  CONDITION DOES NOT APPLY","ALWAYS WITH RIGHT HAND","ALWAYS WITH RIGHT HAND","ALWAYS WITH RIGHT HAND","ALWAYS WITH RIGHT HAND","ALWAYS WITH LEFT HAND","1: 1  CONDITION APPLIES","1: 1  CONDITION APPLIES","NO","MALE","FEMALE"
1981,36250,4,1,1,33790,5,180,1,1,3,4,2,1,2,3,2,1,1,6,2,7,1,1,27,22,"Female","Black","North Central (IL, IN, IA, KS, MI, MN, MO, NE, OH, ND, SD, WI)","Master's degree (MA, MS)","In CBSA, not in central city","NO","3: Mother","YES","YES","YES","NO","NO","0: 0  CONDITION DOES NOT APPLY","ALWAYS WITH RIGHT HAND","USUALLY WITH RIGHT HAND","ALWAYS WITH RIGHT HAND","ALWAYS WITH RIGHT HAND","ALWAYS WITH LEFT HAND","0: 0  CONDITION DOES NOT APPLY","1: 1  CONDITION APPLIES","NO","FEMALE","MALE"
1980,64735,3,1,2,20000,5,184,1,1,2,3,2,3,2,1,1,2,2,3,6,8,1,2,30,20,"Male","Non-Black / Non-Hispanic","South (AL, AR, DE, DC, FL, GA, KY, LA, MD, MS, NC, OK, SC, TN , TX, VA, WV)","High school diploma (Regular 12 year program)","In CBSA, in central city","NO","3: Mother","NO","NO","NO","NO","NO","0: 0  CONDITION DOES NOT APPLY","ALWAYS WITH RIGHT HAND","ALWAYS WITH RIGHT HAND","ALWAYS WITH RIGHT HAND","ALWAYS WITH RIGHT HAND","ALWAYS WITH LEFT HAND","1: 1  CONDITION APPLIES","1: 1  CONDITION APPLIES","NO","MALE","FEMALE"
1983,16350,3,1,5,2600,5,146,1,2,2,4,5,4,2,2,2,2,2,6,6,6,1,1,23,1,"Female","Hispanic","South (AL, AR, DE, DC, FL, GA, KY, LA, MD, MS, NC, OK, SC, TN , TX, VA, WV)","High school diploma (Regular 12 year program)","In CBSA, not in central city","NO","3: Mother","YES","NO","NO","NO","YES","0: 0  CONDITION DOES NOT APPLY","ALWAYS WITH RIGHT HAND","ALWAYS WITH LEFT HAND","ALWAYS WITH RIGHT HAND","ALWAYS WITH RIGHT HAND","ALWAYS WITH LEFT HAND","1: 1  CONDITION APPLIES","1: 1  CONDITION APPLIES","NO","FEMALE","FEMALE"
1980,64735,4,1,3,33790,5,183,1,1,3,4,2,2,2,2,2,1,1,2,4,7,1,1,31,24,"Male","Non-Black / Non-Hispanic","South (AL, AR, DE, DC, FL, GA, KY, LA, MD, MS, NC, OK, SC, TN , TX, VA, WV)","High school diploma (Regular 12 year program)","In CBSA, in central city","NO","3: Mother","NO","NO","NO","NO","YES","0: 0  CONDITION DOES NOT APPLY","ALWAYS WITH RIGHT HAND","ALWAYS WITH RIGHT HAND","ALWAYS WITH RIGHT HAND","ALWAYS WITH RIGHT HAND","ALWAYS WITH LEFT HAND","1: 1  CONDITION APPLIES","1: 1  CONDITION APPLIES","NO","FEMALE","MALE"
1982,64735,6,1,1,33790,5,183,2,2,3,4,1,3,2,2,2,2,1,3,2,6,1,1,39,50,"Female","Black","Northeast (CT, ME, MA, NH, NJ, NY, PA, RI, VT)","GED","In CBSA, in central city","YES","3: Mother","YES","NO","NO","NO","YES","0: 0  CONDITION DOES NOT APPLY","ALWAYS WITH RIGHT HAND","ALWAYS WITH RIGHT HAND","ALWAYS WITH RIGHT HAND","ALWAYS WITH RIGHT HAND","ALWAYS WITH LEFT HAND","1: 1  CONDITION APPLIES","1: 1  CONDITION APPLIES","NO","MALE","FEMALE"
1981,64735,3,0,2,25000,5,185,1,1,4,4,2,3,2,2,1,2,1,3,3,7,1,1,31,24,"Male","Non-Black / Non-Hispanic","South (AL, AR, DE, DC, FL, GA, KY, LA, MD, MS, NC, OK, SC, TN , TX, VA, WV)","Bachelor's degree (BA, BS)","In CBSA, in central city","NO","3: Mother","NO","NO","YES","NO","YES","0: 0  CONDITION DOES NOT APPLY","ALWAYS WITH RIGHT HAND","ALWAYS WITH RIGHT HAND","USUALLY WITH RIGHT HAND","ALWAYS WITH RIGHT HAND","ALWAYS WITH LEFT HAND","1: 1  CONDITION APPLIES","1: 1  CONDITION APPLIES","NO","MALE","MALE"
1982,64735,3,0,3,33790,6,189,1,2,4,5,3,4,1,1,1,1,2,5,4,3,1,1,34,20,"Male","Non-Black / Non-Hispanic","North Central (IL, IN, IA, KS, MI, MN, MO, NE, OH, ND, SD, WI)","High school diploma (Regular 12 year program)","In CBSA, in central city","NO","3: Mother","YES","YES","NO","NO","YES","0: 0  CONDITION DOES NOT APPLY","ALWAYS WITH RIGHT HAND","ALWAYS WITH RIGHT HAND","USUALLY WITH RIGHT HAND","ALWAYS WITH RIGHT HAND","ALWAYS WITH LEFT HAND","1: 1  CONDITION APPLIES","1: 1  CONDITION APPLIES","NO","FEMALE","MALE"
1981,64735,6,1,3,33790,5,183,1,1,3,2,1,4,2,2,1,2,1,6,3,6,1,1,28,21,"Female","Black","South (AL, AR, DE, DC, FL, GA, KY, LA, MD, MS, NC, OK, SC, TN , TX, VA, WV)","High school diploma (Regular 12 year program)","In CBSA, not in central city","YES","3: Mother","NO","NO","NO","NO","NO","0: 0  CONDITION DOES NOT APPLY","ALWAYS WITH RIGHT HAND","ALWAYS WITH RIGHT HAND","ALWAYS WITH RIGHT HAND","ALWAYS WITH RIGHT HAND","ALWAYS WITH LEFT HAND","1: 1  CONDITION APPLIES","1: 1  CONDITION APPLIES","YES","FEMALE","MALE"
1981,64735,3,1,4,33790,5,184,2,2,7,2,2,3,2,1,2,2,2,1,4,7,1,1,31,22,"Male","Non-Black / Non-Hispanic","West (AK, AZ, CA, CO, HI, ID, MT, NV, NM, OR, UT, WA, WY)","High school diploma (Regular 12 year program)","In CBSA, in central city","NO","3: Mother","YES","NO","NO","NO","NO","0: 0  CONDITION DOES NOT APPLY","ALWAYS WITH RIGHT HAND","ALWAYS WITH RIGHT HAND","ALWAYS WITH RIGHT HAND","ALWAYS WITH RIGHT HAND","ALWAYS WITH RIGHT HAND","0: 0  CONDITION DOES NOT APPLY","1: 1  CONDITION APPLIES","NO","FEMALE","MALE"
1981,64735,4,0,4,33790,5,182,1,1,2,4,4,5,2,2,1,1,1,8,2,5,1,1,32,20,"Male","Hispanic","South (AL, AR, DE, DC, FL, GA, KY, LA, MD, MS, NC, OK, SC, TN , TX, VA, WV)","High school diploma (Regular 12 year program)","In CBSA, not in central city","NO","3: Mother","YES","YES","NO","NO","YES","0: 0  CONDITION DOES NOT APPLY","USUALLY WITH RIGHT HAND","ALWAYS WITH RIGHT HAND","USUALLY WITH RIGHT HAND","USUALLY WITH RIGHT HAND","USUALLY WITH RIGHT HAND","1: 1  CONDITION APPLIES","1: 1  CONDITION APPLIES","NO","FEMALE","MALE"
1986,64735,3,0,2,33790,5,184,1,1,4,5,3,5,2,1,1,2,1,6,1,5,1,1,31,19,"Female","Black","South (AL, AR, DE, DC, FL, GA, KY, LA, MD, MS, NC, OK, SC, TN , TX, VA, WV)","High school diploma (Regular 12 year program)","In CBSA, not in central city","NO","3: Mother","YES","NO","NO","NO","YES","0: 0  CONDITION DOES NOT APPLY","ALWAYS WITH RIGHT HAND","ALWAYS WITH RIGHT HAND","ALWAYS WITH RIGHT HAND","ALWAYS WITH RIGHT HAND","ALWAYS WITH LEFT HAND","1: 1  CONDITION APPLIES","1: 1  CONDITION APPLIES","NO","FEMALE","MALE"
1984,64735,3,0,1,26000,5,181,1,2,2,3,2,2,2,2,1,2,2,6,5,7,1,2,32,23,"Female","Black","South (AL, AR, DE, DC, FL, GA, KY, LA, MD, MS, NC, OK, SC, TN , TX, VA, WV)","High school diploma (Regular 12 year program)","In CBSA, not in central city","NO","3: Mother","NO","NO","NO","YES","YES","0: 0  CONDITION DOES NOT APPLY","ALWAYS WITH RIGHT HAND","ALWAYS WITH RIGHT HAND","ALWAYS WITH RIGHT HAND","ALWAYS WITH RIGHT HAND","ALWAYS WITH LEFT HAND","1: 1  CONDITION APPLIES","1: 1  CONDITION APPLIES","NO","FEMALE","FEMALE"
1982,64735,4,0,3,33790,5,183,1,1,7,4,2,6,2,2,2,2,1,5,2,6,1,1,32,20,"Male","Non-Black / Non-Hispanic","South (AL, AR, DE, DC, FL, GA, KY, LA, MD, MS, NC, OK, SC, TN , TX, VA, WV)","High school diploma (Regular 12 year program)","In CBSA, not in central city","NO","3: Mother","YES","NO","NO","YES","YES","0: 0  CONDITION DOES NOT APPLY","ALWAYS WITH RIGHT HAND","ALWAYS WITH RIGHT HAND","ALWAYS WITH RIGHT HAND","ALWAYS WITH RIGHT HAND","ALWAYS WITH LEFT HAND","1: 1  CONDITION APPLIES","1: 1  CONDITION APPLIES","NO","MALE","FEMALE"
1981,64735,3,0,1,33790,5,181,2,2,2,5,2,4,1,1,1,2,2,3,3,6,1,4,31,20,"Female","Non-Black / Non-Hispanic","South (AL, AR, DE, DC, FL, GA, KY, LA, MD, MS, NC, OK, SC, TN , TX, VA, WV)","Bachelor's degree (BA, BS)","In CBSA, not in central city","NO","3: Mother","NO","NO","YES","NO","YES","0: 0  CONDITION DOES NOT APPLY","ALWAYS WITH RIGHT HAND","ALWAYS WITH RIGHT HAND","USUALLY WITH BOTH HANDS EQUALLY","ALWAYS WITH RIGHT HAND","ALWAYS WITH LEFT HAND","1: 1  CONDITION APPLIES","1: 1  CONDITION APPLIES","NO","MALE","FEMALE"
1984,64735,3,1,4,33790,5,184,1,2,2,3,3,3,2,2,1,2,1,6,1,6,1,1,33,29,"Female","Black","South (AL, AR, DE, DC, FL, GA, KY, LA, MD, MS, NC, OK, SC, TN , TX, VA, WV)","High school diploma (Regular 12 year program)","In CBSA, in central city","NO","3: Mother","YES","NO","NO","NO","YES","0: 0  CONDITION DOES NOT APPLY","ALWAYS WITH RIGHT HAND","ALWAYS WITH RIGHT HAND","ALWAYS WITH RIGHT HAND","ALWAYS WITH RIGHT HAND","ALWAYS WITH LEFT HAND","1: 1  CONDITION APPLIES","1: 1  CONDITION APPLIES","NO","FEMALE","FEMALE"
1984,64735,2,0,3,33790,5,183,1,2,5,4,2,4,2,2,2,2,1,5,3,5,1,2,10,17,"Female","Non-Black / Non-Hispanic","North Central (IL, IN, IA, KS, MI, MN, MO, NE, OH, ND, SD, WI)","High school diploma (Regular 12 year program)","In CBSA, not in central city","NO","3: Mother","YES","NO","NO","NO","NO","0: 0  CONDITION DOES NOT APPLY","ALWAYS WITH RIGHT HAND","ALWAYS WITH RIGHT HAND","ALWAYS WITH RIGHT HAND","ALWAYS WITH RIGHT HAND","ALWAYS WITH LEFT HAND","1: 1  CONDITION APPLIES","1: 1  CONDITION APPLIES","NO","MALE","MALE"
1982,64735,3,0,2,33790,5,184,2,2,5,3,4,3,2,2,1,2,1,6,3,7,2,1,31,14,"Female","Non-Black / Non-Hispanic","Northeast (CT, ME, MA, NH, NJ, NY, PA, RI, VT)","Bachelor's degree (BA, BS)","In CBSA, not in central city","YES","3: Mother","YES","NO","NO","NO","YES","0: 0  CONDITION DOES NOT APPLY","ALWAYS WITH RIGHT HAND","ALWAYS WITH RIGHT HAND","ALWAYS WITH RIGHT HAND","ALWAYS WITH RIGHT HAND","ALWAYS WITH LEFT HAND","1: 1  CONDITION APPLIES","1: 1  CONDITION APPLIES","NO","MALE","FEMALE"
1983,64735,3,0,4,33790,5,184,1,2,2,7,2,4,2,2,1,2,2,4,1,7,1,1,30,22,"Female","Non-Black / Non-Hispanic","South (AL, AR, DE, DC, FL, GA, KY, LA, MD, MS, NC, OK, SC, TN , TX, VA, WV)","High school diploma (Regular 12 year program)","In CBSA, in central city","NO","3: Mother","NO","NO","YES","NO","YES","0: 0  CONDITION DOES NOT APPLY","ALWAYS WITH LEFT HAND","ALWAYS WITH RIGHT HAND","USUALLY WITH BOTH HANDS EQUALLY","ALWAYS WITH RIGHT HAND","ALWAYS WITH LEFT HAND","0: 0  CONDITION DOES NOT APPLY","1: 1  CONDITION APPLIES","NO","FEMALE","FEMALE"
1982,64735,8,2,2,48882,5,178,1,2,3,3,1,5,2,2,1,2,1,2,2,5,1,1,27,14,"Male","Non-Black / Non-Hispanic","West (AK, AZ, CA, CO, HI, ID, MT, NV, NM, OR, UT, WA, WY)","High school diploma (Regular 12 year program)","In CBSA, in central city","YES","3: Mother","YES","NO","NO","NO","YES","0: 0  CONDITION DOES NOT APPLY","ALWAYS WITH RIGHT HAND","ALWAYS WITH RIGHT HAND","ALWAYS WITH RIGHT HAND","ALWAYS WITH RIGHT HAND","ALWAYS WITH RIGHT HAND","1: 1  CONDITION APPLIES","1: 1  CONDITION APPLIES","NO","MALE","FEMALE"
1984,37850,5,1,3,33790,5,182,1,1,3,4,4,4,2,2,1,2,2,3,1,7,1,1,28,1,"Male","Hispanic","West (AK, AZ, CA, CO, HI, ID, MT, NV, NM, OR, UT, WA, WY)","High school diploma (Regular 12 year program)","In CBSA, not in central city","NO","3: Mother","YES","NO","NO","NO","YES","0: 0  CONDITION DOES NOT APPLY","ALWAYS WITH RIGHT HAND","ALWAYS WITH RIGHT HAND","ALWAYS WITH RIGHT HAND","ALWAYS WITH RIGHT HAND","ALWAYS WITH LEFT HAND","1: 1  CONDITION APPLIES","1: 1  CONDITION APPLIES","YES","MALE","MALE"
1983,64735,3,0,1,33790,5,183,1,1,5,3,2,3,1,1,1,1,1,6,6,7,1,1,32,20,"Female","Black","North Central (IL, IN, IA, KS, MI, MN, MO, NE, OH, ND, SD, WI)","High school diploma (Regular 12 year program)","In CBSA, not in central city","NO","3: Mother","YES","NO","YES","NO","NO","0: 0  CONDITION DOES NOT APPLY","ALWAYS WITH RIGHT HAND","ALWAYS WITH RIGHT HAND","ALWAYS WITH RIGHT HAND","ALWAYS WITH RIGHT HAND","ALWAYS WITH LEFT HAND","1: 1  CONDITION APPLIES","1: 1  CONDITION APPLIES","NO","FEMALE","FEMALE"
1982,64735,2,0,1,33790,5,184,1,2,2,3,7,4,2,2,1,2,1,3,2,7,1,1,36,21,"Male","Non-Black / Non-Hispanic","South (AL, AR, DE, DC, FL, GA, KY, LA, MD, MS, NC, OK, SC, TN , TX, VA, WV)","High school diploma (Regular 12 year program)","In CBSA, in central city","NO","3: Mother","NO","NO","NO","NO","YES","0: 0  CONDITION DOES NOT APPLY","ALWAYS WITH RIGHT HAND","ALWAYS WITH RIGHT HAND","ALWAYS WITH RIGHT HAND","ALWAYS WITH RIGHT HAND","ALWAYS WITH LEFT HAND","1: 1  CONDITION APPLIES","1: 1  CONDITION APPLIES","NO","MALE","FEMALE"
1983,64735,6,1,1,33790,5,181,1,1,4,3,2,6,2,2,2,2,1,3,3,7,1,1,31,21,"Male","Non-Black / Non-Hispanic","South (AL, AR, DE, DC, FL, GA, KY, LA, MD, MS, NC, OK, SC, TN , TX, VA, WV)","Bachelor's degree (BA, BS)","In CBSA, not in central city","NO","3: Mother","NO","YES","NO","NO","YES","0: 0  CONDITION DOES NOT APPLY","ALWAYS WITH RIGHT HAND","ALWAYS WITH RIGHT HAND","ALWAYS WITH RIGHT HAND","ALWAYS WITH RIGHT HAND","ALWAYS WITH LEFT HAND","1: 1  CONDITION APPLIES","1: 1  CONDITION APPLIES","NO","FEMALE","FEMALE"
1983,64735,3,1,2,33790,6,187,1,2,1,4,2,2,2,2,1,1,1,1,3,6,1,1,27,20,"Male","Non-Black / Non-Hispanic","South (AL, AR, DE, DC, FL, GA, KY, LA, MD, MS, NC, OK, SC, TN , TX, VA, WV)","High school diploma (Regular 12 year program)","In CBSA, not in central city","NO","3: Mother","NO","YES","NO","NO","YES","0: 0  CONDITION DOES NOT APPLY","ALWAYS WITH RIGHT HAND","ALWAYS WITH RIGHT HAND","ALWAYS WITH RIGHT HAND","ALWAYS WITH RIGHT HAND","ALWAYS WITH LEFT HAND","1: 1  CONDITION APPLIES","1: 1  CONDITION APPLIES","NO","FEMALE","FEMALE"
1983,64735,4,0,4,33790,5,182,1,1,5,6,2,6,2,2,1,2,2,5,3,6,1,2,32,23,"Female","Black","South (AL, AR, DE, DC, FL, GA, KY, LA, MD, MS, NC, OK, SC, TN , TX, VA, WV)","High school diploma (Regular 12 year program)","In CBSA, not in central city","NO","3: Mother","YES","NO","NO","NO","YES","0: 0  CONDITION DOES NOT APPLY","ALWAYS WITH RIGHT HAND","ALWAYS WITH RIGHT HAND","ALWAYS WITH RIGHT HAND","ALWAYS WITH RIGHT HAND","ALWAYS WITH LEFT HAND","1: 1  CONDITION APPLIES","1: 1  CONDITION APPLIES","NO","MALE","FEMALE"
1983,64735,4,0,1,33790,5,182,1,1,2,3,3,4,2,1,1,1,1,1,3,7,1,1,34,21,"Male","Black","South (AL, AR, DE, DC, FL, GA, KY, LA, MD, MS, NC, OK, SC, TN , TX, VA, WV)","High school diploma (Regular 12 year program)","In CBSA, not in central city","NO","3: Mother","YES","YES","NO","NO","NO","0: 0  CONDITION DOES NOT APPLY","ALWAYS WITH RIGHT HAND","USUALLY WITH RIGHT HAND","ALWAYS WITH RIGHT HAND","ALWAYS WITH RIGHT HAND","ALWAYS WITH LEFT HAND","1: 1  CONDITION APPLIES","1: 1  CONDITION APPLIES","NO","MALE","MALE"
1983,64735,4,0,3,33790,5,211,1,2,5,4,2,1,2,2,2,2,1,3,2,7,1,1,33,18,"Female","Non-Black / Non-Hispanic","South (AL, AR, DE, DC, FL, GA, KY, LA, MD, MS, NC, OK, SC, TN , TX, VA, WV)","High school diploma (Regular 12 year program)","In CBSA, not in central city","NO","3: Mother","YES","NO","NO","NO","YES","0: 0  CONDITION DOES NOT APPLY","ALWAYS WITH RIGHT HAND","ALWAYS WITH RIGHT HAND","ALWAYS WITH RIGHT HAND","ALWAYS WITH RIGHT HAND","ALWAYS WITH LEFT HAND","1: 1  CONDITION APPLIES","1: 1  CONDITION APPLIES","NO","MALE","MALE"
1983,64735,4,1,4,33790,5,182,1,1,3,4,4,1,1,2,2,2,1,6,4,7,1,1,32,20,"Female","Non-Black / Non-Hispanic","Northeast (CT, ME, MA, NH, NJ, NY, PA, RI, VT)","High school diploma (Regular 12 year program)","In CBSA, in central city","NO","3: Mother","YES","YES","NO","NO","YES","0: 0  CONDITION DOES NOT APPLY","ALWAYS WITH RIGHT HAND","ALWAYS WITH RIGHT HAND","ALWAYS WITH RIGHT HAND","ALWAYS WITH RIGHT HAND","ALWAYS WITH LEFT HAND","1: 1  CONDITION APPLIES","1: 1  CONDITION APPLIES","NO","FEMALE","MALE"
1985,64735,4,1,3,33790,5,184,2,2,3,6,6,6,2,2,1,2,1,2,2,6,1,1,31,20,"Male","Black","South (AL, AR, DE, DC, FL, GA, KY, LA, MD, MS, NC, OK, SC, TN , TX, VA, WV)","High school diploma (Regular 12 year program)","In CBSA, not in central city","NO","3: Mother","YES","NO","NO","NO","YES","0: 0  CONDITION DOES NOT APPLY","ALWAYS WITH RIGHT HAND","ALWAYS WITH RIGHT HAND","ALWAYS WITH RIGHT HAND","ALWAYS WITH RIGHT HAND","ALWAYS WITH RIGHT HAND","1: 1  CONDITION APPLIES","1: 1  CONDITION APPLIES","NO","FEMALE","FEMALE"
1983,64735,4,0,1,33790,5,183,1,2,4,4,2,2,2,2,2,2,1,6,1,6,1,1,50,27,"Male","Non-Black / Non-Hispanic","Northeast (CT, ME, MA, NH, NJ, NY, PA, RI, VT)","High school diploma (Regular 12 year program)","In CBSA, not in central city","YES","3: Mother","YES","NO","NO","NO","YES","0: 0  CONDITION DOES NOT APPLY","ALWAYS WITH RIGHT HAND","ALWAYS WITH RIGHT HAND","ALWAYS WITH RIGHT HAND","ALWAYS WITH RIGHT HAND","ALWAYS WITH LEFT HAND","1: 1  CONDITION APPLIES","1: 1  CONDITION APPLIES","NO","FEMALE","FEMALE"
1982,64735,4,1,1,33790,5,183,1,1,2,4,4,3,2,2,2,2,1,6,2,6,1,1,29,22,"Female","Non-Black / Non-Hispanic","North Central (IL, IN, IA, KS, MI, MN, MO, NE, OH, ND, SD, WI)","Bachelor's degree (BA, BS)","In CBSA, not in central city","NO","3: Mother","NO","YES","NO","NO","YES","0: 0  CONDITION DOES NOT APPLY","ALWAYS WITH RIGHT HAND","ALWAYS WITH RIGHT HAND","ALWAYS WITH RIGHT HAND","ALWAYS WITH RIGHT HAND","ALWAYS WITH LEFT HAND","1: 1  CONDITION APPLIES","1: 1  CONDITION APPLIES","NO","MALE","MALE"
1982,64735,2,0,1,33790,5,125,1,1,2,3,5,4,2,2,1,2,1,6,3,8,1,1,35,22,"Female","Non-Black / Non-Hispanic","Northeast (CT, ME, MA, NH, NJ, NY, PA, RI, VT)","Bachelor's degree (BA, BS)","In CBSA, not in central city","NO","3: Mother","YES","NO","NO","NO","YES","0: 0  CONDITION DOES NOT APPLY","ALWAYS WITH RIGHT HAND","USUALLY WITH RIGHT HAND","ALWAYS WITH RIGHT HAND","ALWAYS WITH RIGHT HAND","ALWAYS WITH LEFT HAND","1: 1  CONDITION APPLIES","1: 1  CONDITION APPLIES","NO","MALE","MALE"
1980,64735,2,1,4,33790,5,181,1,2,3,4,2,3,1,1,1,1,1,6,2,7,1,1,29,21,"Female","Black","Northeast (CT, ME, MA, NH, NJ, NY, PA, RI, VT)","Associate/Junior college (AA)","In CBSA, not in central city","NO","3: Mother","YES","NO","NO","NO","YES","0: 0  CONDITION DOES NOT APPLY","ALWAYS WITH RIGHT HAND","ALWAYS WITH RIGHT HAND","ALWAYS WITH RIGHT HAND","ALWAYS WITH RIGHT HAND","ALWAYS WITH LEFT HAND","1: 1  CONDITION APPLIES","1: 1  CONDITION APPLIES","NO","FEMALE","MALE"
1984,64735,3,0,2,33790,5,230,1,2,5,5,3,5,2,2,1,2,2,6,2,6,1,1,26,19,"Female","Non-Black / Non-Hispanic","South (AL, AR, DE, DC, FL, GA, KY, LA, MD, MS, NC, OK, SC, TN , TX, VA, WV)","High school diploma (Regular 12 year program)","In CBSA, in central city","NO","3: Mother","YES","NO","NO","YES","YES","0: 0  CONDITION DOES NOT APPLY","ALWAYS WITH RIGHT HAND","ALWAYS WITH RIGHT HAND","ALWAYS WITH RIGHT HAND","ALWAYS WITH RIGHT HAND","ALWAYS WITH LEFT HAND","1: 1  CONDITION APPLIES","1: 1  CONDITION APPLIES","NO","MALE","MALE"
1981,64735,1,0,4,33790,5,220,1,1,1,1,1,2,2,2,1,2,1,4,2,7,1,1,34,24,"Male","Non-Black / Non-Hispanic","South (AL, AR, DE, DC, FL, GA, KY, LA, MD, MS, NC, OK, SC, TN , TX, VA, WV)","High school diploma (Regular 12 year program)","In CBSA, not in central city","YES","3: Mother","NO","YES","NO","NO","YES","0: 0  CONDITION DOES NOT APPLY","ALWAYS WITH RIGHT HAND","ALWAYS WITH RIGHT HAND","ALWAYS WITH RIGHT HAND","ALWAYS WITH RIGHT HAND","ALWAYS WITH LEFT HAND","1: 1  CONDITION APPLIES","1: 1  CONDITION APPLIES","NO","FEMALE","FEMALE"
1984,64735,7,1,1,33790,5,180,1,3,2,3,1,3,2,2,2,2,1,1,3,8,1,1,39,25,"Male","Non-Black / Non-Hispanic","West (AK, AZ, CA, CO, HI, ID, MT, NV, NM, OR, UT, WA, WY)","GED","In CBSA, not in central city","YES","3: Mother","NO","YES","YES","NO","NO","0: 0  CONDITION DOES NOT APPLY","ALWAYS WITH RIGHT HAND","ALWAYS WITH RIGHT HAND","ALWAYS WITH RIGHT HAND","ALWAYS WITH RIGHT HAND","ALWAYS WITH LEFT HAND","1: 1  CONDITION APPLIES","1: 1  CONDITION APPLIES","NO","FEMALE","MALE"
1982,64735,5,1,1,33790,5,181,1,1,2,3,4,4,2,2,2,2,1,6,1,7,1,1,33,23,"Male","Non-Black / Non-Hispanic","South (AL, AR, DE, DC, FL, GA, KY, LA, MD, MS, NC, OK, SC, TN , TX, VA, WV)","Professional degree (DDS, JD, MD)","In CBSA, in central city","NO","3: Mother","YES","YES","NO","NO","YES","0: 0  CONDITION DOES NOT APPLY","ALWAYS WITH RIGHT HAND","ALWAYS WITH RIGHT HAND","ALWAYS WITH RIGHT HAND","ALWAYS WITH RIGHT HAND","ALWAYS WITH LEFT HAND","1: 1  CONDITION APPLIES","1: 1  CONDITION APPLIES","NO","FEMALE","FEMALE"
1986,64735,3,0,3,33790,5,181,1,1,3,4,4,5,1,2,1,2,1,7,1,6,1,1,27,17,"Female","Black","South (AL, AR, DE, DC, FL, GA, KY, LA, MD, MS, NC, OK, SC, TN , TX, VA, WV)","Master's degree (MA, MS)","In CBSA, not in central city","NO","3: Mother","YES","NO","NO","NO","YES","0: 0  CONDITION DOES NOT APPLY","ALWAYS WITH RIGHT HAND","ALWAYS WITH RIGHT HAND","ALWAYS WITH RIGHT HAND","ALWAYS WITH RIGHT HAND","ALWAYS WITH LEFT HAND","1: 1  CONDITION APPLIES","1: 1  CONDITION APPLIES","NO","FEMALE","MALE"
1981,64735,4,0,1,33790,5,182,1,2,1,3,4,6,2,2,1,1,1,4,2,5,1,1,62,27,"Female","Black","South (AL, AR, DE, DC, FL, GA, KY, LA, MD, MS, NC, OK, SC, TN , TX, VA, WV)","High school diploma (Regular 12 year program)","In CBSA, in central city","NO","3: Mother","NO","YES","NO","NO","YES","0: 0  CONDITION DOES NOT APPLY","ALWAYS WITH LEFT HAND","USUALLY WITH BOTH HANDS EQUALLY","ALWAYS WITH RIGHT HAND","ALWAYS WITH RIGHT HAND","USUALLY WITH BOTH HANDS EQUALLY","1: 1  CONDITION APPLIES","1: 1  CONDITION APPLIES","NO","FEMALE","MALE"
1982,64735,5,1,2,33790,5,182,1,1,2,4,2,5,1,2,1,2,1,6,3,7,1,1,30,18,"Female","Non-Black / Non-Hispanic","South (AL, AR, DE, DC, FL, GA, KY, LA, MD, MS, NC, OK, SC, TN , TX, VA, WV)","Bachelor's degree (BA, BS)","In CBSA, in central city","NO","3: Mother","YES","YES","NO","NO","YES","0: 0  CONDITION DOES NOT APPLY","ALWAYS WITH RIGHT HAND","ALWAYS WITH RIGHT HAND","ALWAYS WITH RIGHT HAND","ALWAYS WITH RIGHT HAND","ALWAYS WITH LEFT HAND","1: 1  CONDITION APPLIES","1: 1  CONDITION APPLIES","NO","MALE","FEMALE"
1983,10488,1,0,2,10000,5,155,1,2,1,4,1,5,2,2,1,2,1,2,2,7,1,1,30,23,"Female","Black","South (AL, AR, DE, DC, FL, GA, KY, LA, MD, MS, NC, OK, SC, TN , TX, VA, WV)","Associate/Junior college (AA)","In CBSA, in central city","NO","3: Mother","YES","NO","NO","NO","NO","0: 0  CONDITION DOES NOT APPLY","ALWAYS WITH RIGHT HAND","ALWAYS WITH RIGHT HAND","ALWAYS WITH RIGHT HAND","ALWAYS WITH RIGHT HAND","ALWAYS WITH LEFT HAND","1: 1  CONDITION APPLIES","1: 1  CONDITION APPLIES","NO","MALE","FEMALE"
1983,64735,4,0,2,1200,5,120,1,3,5,2,4,4,2,2,1,2,1,2,2,7,1,1,27,18,"Female","Non-Black / Non-Hispanic","North Central (IL, IN, IA, KS, MI, MN, MO, NE, OH, ND, SD, WI)","GED","In CBSA, not in central city","NO","3: Mother","YES","YES","NO","NO","NO","0: 0  CONDITION DOES NOT APPLY","ALWAYS WITH RIGHT HAND","ALWAYS WITH RIGHT HAND","ALWAYS WITH RIGHT HAND","ALWAYS WITH RIGHT HAND","ALWAYS WITH LEFT HAND","1: 1  CONDITION APPLIES","1: 1  CONDITION APPLIES","NO","MALE","MALE"
1982,64735,3,1,2,33790,5,136,1,1,2,3,2,3,1,2,1,2,1,7,1,6,1,1,31,22,"Female","Non-Black / Non-Hispanic","South (AL, AR, DE, DC, FL, GA, KY, LA, MD, MS, NC, OK, SC, TN , TX, VA, WV)","High school diploma (Regular 12 year program)","In CBSA, not in central city","NO","3: Mother","YES","NO","NO","NO","YES","0: 0  CONDITION DOES NOT APPLY","ALWAYS WITH RIGHT HAND","ALWAYS WITH RIGHT HAND","ALWAYS WITH RIGHT HAND","ALWAYS WITH RIGHT HAND","ALWAYS WITH LEFT HAND","1: 1  CONDITION APPLIES","1: 1  CONDITION APPLIES","NO","MALE","MALE"
1981,64735,2,0,2,33790,5,170,1,1,3,3,5,5,2,2,1,2,2,6,4,7,1,1,32,23,"Female","Non-Black / Non-Hispanic","Northeast (CT, ME, MA, NH, NJ, NY, PA, RI, VT)","High school diploma (Regular 12 year program)","In CBSA, in central city","NO","3: Mother","YES","NO","NO","NO","NO","0: 0  CONDITION DOES NOT APPLY","ALWAYS WITH RIGHT HAND","ALWAYS WITH RIGHT HAND","ALWAYS WITH RIGHT HAND","ALWAYS WITH RIGHT HAND","ALWAYS WITH LEFT HAND","1: 1  CONDITION APPLIES","0: 0  CONDITION DOES NOT APPLY","NO","FEMALE","FEMALE"
1983,64735,4,0,3,33790,6,185,2,2,1,5,3,3,1,1,1,2,1,8,2,4,1,1,28,19,"Male","Black","South (AL, AR, DE, DC, FL, GA, KY, LA, MD, MS, NC, OK, SC, TN , TX, VA, WV)","High school diploma (Regular 12 year program)","In CBSA, not in central city","NO","3: Mother","NO","YES","NO","NO","YES","0: 0  CONDITION DOES NOT APPLY","ALWAYS WITH RIGHT HAND","ALWAYS WITH RIGHT HAND","ALWAYS WITH RIGHT HAND","USUALLY WITH BOTH HANDS EQUALLY","USUALLY WITH RIGHT HAND","1: 1  CONDITION APPLIES","1: 1  CONDITION APPLIES","NO","FEMALE","FEMALE"
1984,64735,3,1,1,33790,5,182,1,2,2,4,2,4,2,1,1,2,2,3,3,7,1,3,30,18,"Female","Non-Black / Non-Hispanic","North Central (IL, IN, IA, KS, MI, MN, MO, NE, OH, ND, SD, WI)","High school diploma (Regular 12 year program)","In CBSA, not in central city","NO","3: Mother","NO","NO","NO","NO","NO","0: 0  CONDITION DOES NOT APPLY","ALWAYS WITH RIGHT HAND","ALWAYS WITH RIGHT HAND","ALWAYS WITH RIGHT HAND","ALWAYS WITH RIGHT HAND","ALWAYS WITH LEFT HAND","1: 1  CONDITION APPLIES","1: 1  CONDITION APPLIES","NO","FEMALE","FEMALE"
1980,64735,3,1,2,33790,5,180,1,1,4,5,2,5,2,2,2,2,1,6,3,6,1,1,27,8,"Female","Non-Black / Non-Hispanic","North Central (IL, IN, IA, KS, MI, MN, MO, NE, OH, ND, SD, WI)","Master's degree (MA, MS)","In CBSA, not in central city","NO","3: Mother","YES","NO","NO","NO","YES","0: 0  CONDITION DOES NOT APPLY","ALWAYS WITH RIGHT HAND","ALWAYS WITH RIGHT HAND","ALWAYS WITH RIGHT HAND","ALWAYS WITH RIGHT HAND","ALWAYS WITH LEFT HAND","1: 1  CONDITION APPLIES","1: 1  CONDITION APPLIES","NO","MALE","MALE"
1980,64735,5,1,2,33790,5,181,1,1,2,4,4,2,1,2,2,1,1,3,2,7,1,1,32,18,"Male","Black","South (AL, AR, DE, DC, FL, GA, KY, LA, MD, MS, NC, OK, SC, TN , TX, VA, WV)","None","In CBSA, not in central city","NO","3: Mother","NO","YES","NO","NO","YES","0: 0  CONDITION DOES NOT APPLY","ALWAYS WITH RIGHT HAND","ALWAYS WITH RIGHT HAND","ALWAYS WITH RIGHT HAND","ALWAYS WITH RIGHT HAND","ALWAYS WITH LEFT HAND","1: 1  CONDITION APPLIES","1: 1  CONDITION APPLIES","NO","FEMALE","FEMALE"
1984,64735,3,0,2,20000,6,183,1,1,2,3,3,4,1,2,1,2,1,6,3,8,1,1,27,20,"Female","Black","South (AL, AR, DE, DC, FL, GA, KY, LA, MD, MS, NC, OK, SC, TN , TX, VA, WV)","Associate/Junior college (AA)","In CBSA, not in central city","NO","3: Mother","NO","NO","NO","NO","YES","0: 0  CONDITION DOES NOT APPLY","ALWAYS WITH LEFT HAND","ALWAYS WITH LEFT HAND","ALWAYS WITH LEFT HAND","ALWAYS WITH LEFT HAND","ALWAYS WITH LEFT HAND","1: 1  CONDITION APPLIES","1: 1  CONDITION APPLIES","NO","FEMALE","FEMALE"
1984,64735,3,0,1,20000,5,215,1,2,6,3,3,2,2,2,1,2,1,6,2,8,1,1,29,22,"Male","Hispanic","North Central (IL, IN, IA, KS, MI, MN, MO, NE, OH, ND, SD, WI)","Bachelor's degree (BA, BS)","In CBSA, in central city","NO","3: Mother","YES","YES","NO","NO","YES","0: 0  CONDITION DOES NOT APPLY","ALWAYS WITH RIGHT HAND","ALWAYS WITH LEFT HAND","ALWAYS WITH LEFT HAND","ALWAYS WITH LEFT HAND","DON'T DO THIS ACTIVITY","1: 1  CONDITION APPLIES","1: 1  CONDITION APPLIES","NO","MALE","MALE"
1982,56290,3,0,2,33790,6,185,2,2,2,5,3,5,2,2,1,2,2,6,3,4,1,1,28,19,"Female","Non-Black / Non-Hispanic","South (AL, AR, DE, DC, FL, GA, KY, LA, MD, MS, NC, OK, SC, TN , TX, VA, WV)","Bachelor's degree (BA, BS)","In CBSA, not in central city","NO","3: Mother","YES","NO","NO","NO","YES","0: 0  CONDITION DOES NOT APPLY","ALWAYS WITH RIGHT HAND","ALWAYS WITH RIGHT HAND","USUALLY WITH BOTH HANDS EQUALLY","ALWAYS WITH RIGHT HAND","ALWAYS WITH LEFT HAND","1: 1  CONDITION APPLIES","1: 1  CONDITION APPLIES","YES","MALE","FEMALE"
1981,39256,3,1,3,33790,5,100,1,2,3,4,6,5,2,1,2,1,1,6,5,6,1,1,34,25,"Female","Non-Black / Non-Hispanic","South (AL, AR, DE, DC, FL, GA, KY, LA, MD, MS, NC, OK, SC, TN , TX, VA, WV)","Bachelor's degree (BA, BS)","In CBSA, in central city","NO","3: Mother","YES","NO","NO","NO","YES","0: 0  CONDITION DOES NOT APPLY","USUALLY WITH RIGHT HAND","ALWAYS WITH RIGHT HAND","USUALLY WITH RIGHT HAND","ALWAYS WITH RIGHT HAND","ALWAYS WITH LEFT HAND","0: 0  CONDITION DOES NOT APPLY","1: 1  CONDITION APPLIES","NO","FEMALE","MALE"
1983,64735,6,3,1,33790,5,183,2,1,1,4,1,5,2,2,2,2,1,5,2,7,1,1,23,11,"Female","Non-Black / Non-Hispanic","North Central (IL, IN, IA, KS, MI, MN, MO, NE, OH, ND, SD, WI)","High school diploma (Regular 12 year program)","In CBSA, in central city","NO","3: Mother","YES","YES","NO","NO","YES","0: 0  CONDITION DOES NOT APPLY","ALWAYS WITH RIGHT HAND","ALWAYS WITH RIGHT HAND","ALWAYS WITH RIGHT HAND","ALWAYS WITH RIGHT HAND","ALWAYS WITH LEFT HAND","1: 1  CONDITION APPLIES","1: 1  CONDITION APPLIES","NO","FEMALE","MALE"
1984,64735,3,1,3,33790,6,187,2,1,3,3,3,1,2,2,1,2,1,4,2,5,1,1,32,23,"Male","Non-Black / Non-Hispanic","North Central (IL, IN, IA, KS, MI, MN, MO, NE, OH, ND, SD, WI)","High school diploma (Regular 12 year program)","In CBSA, not in central city","NO","3: Mother","YES","NO","YES","NO","YES","0: 0  CONDITION DOES NOT APPLY","ALWAYS WITH RIGHT HAND","ALWAYS WITH RIGHT HAND","ALWAYS WITH RIGHT HAND","ALWAYS WITH RIGHT HAND","ALWAYS WITH LEFT HAND","1: 1  CONDITION APPLIES","1: 1  CONDITION APPLIES","NO","FEMALE","FEMALE"
1983,37000,2,0,2,33790,5,182,1,2,4,4,3,5,2,2,1,2,1,6,3,8,1,1,24,17,"Female","Non-Black / Non-Hispanic","South (AL, AR, DE, DC, FL, GA, KY, LA, MD, MS, NC, OK, SC, TN , TX, VA, WV)","Bachelor's degree (BA, BS)","In CBSA, not in central city","NO","3: Mother","YES","NO","NO","NO","YES","0: 0  CONDITION DOES NOT APPLY","ALWAYS WITH RIGHT HAND","ALWAYS WITH RIGHT HAND","ALWAYS WITH RIGHT HAND","ALWAYS WITH RIGHT HAND","ALWAYS WITH LEFT HAND","1: 1  CONDITION APPLIES","1: 1  CONDITION APPLIES","NO","FEMALE","MALE"
1985,64735,4,1,3,33790,6,186,2,1,6,3,4,3,2,2,2,2,1,2,3,6,1,1,34,25,"Male","Non-Black / Non-Hispanic","North Central (IL, IN, IA, KS, MI, MN, MO, NE, OH, ND, SD, WI)","High school diploma (Regular 12 year program)","In CBSA, not in central city","YES","3: Mother","NO","NO","NO","NO","YES","0: 0  CONDITION DOES NOT APPLY","ALWAYS WITH RIGHT HAND","USUALLY WITH RIGHT HAND","ALWAYS WITH RIGHT HAND","ALWAYS WITH RIGHT HAND","ALWAYS WITH LEFT HAND","1: 1  CONDITION APPLIES","1: 1  CONDITION APPLIES","NO","FEMALE","FEMALE"
1980,64735,2,1,4,33790,5,182,1,1,4,3,4,6,2,1,2,2,1,4,1,5,1,2,31,19,"Female","Non-Black / Non-Hispanic","North Central (IL, IN, IA, KS, MI, MN, MO, NE, OH, ND, SD, WI)","High school diploma (Regular 12 year program)","In CBSA, not in central city","NO","3: Mother","YES","NO","NO","NO","YES","0: 0  CONDITION DOES NOT APPLY","ALWAYS WITH RIGHT HAND","ALWAYS WITH RIGHT HAND","ALWAYS WITH RIGHT HAND","ALWAYS WITH RIGHT HAND","ALWAYS WITH LEFT HAND","1: 1  CONDITION APPLIES","1: 1  CONDITION APPLIES","NO","MALE","FEMALE"
1980,64735,2,0,1,33790,5,250,1,1,2,5,2,3,2,2,1,1,1,3,2,6,1,1,32,22,"Male","Black","South (AL, AR, DE, DC, FL, GA, KY, LA, MD, MS, NC, OK, SC, TN , TX, VA, WV)","High school diploma (Regular 12 year program)","In CBSA, not in central city","NO","3: Mother","YES","NO","NO","NO","YES","0: 0  CONDITION DOES NOT APPLY","ALWAYS WITH RIGHT HAND","ALWAYS WITH RIGHT HAND","ALWAYS WITH RIGHT HAND","ALWAYS WITH RIGHT HAND","ALWAYS WITH LEFT HAND","1: 1  CONDITION APPLIES","1: 1  CONDITION APPLIES","NO","FEMALE","MALE"
1980,64735,2,1,2,33790,5,182,2,2,5,4,1,5,2,2,2,2,1,5,2,8,1,3,31,20,"Female","Black","South (AL, AR, DE, DC, FL, GA, KY, LA, MD, MS, NC, OK, SC, TN , TX, VA, WV)","Bachelor's degree (BA, BS)","In CBSA, in central city","NO","3: Mother","YES","NO","NO","NO","YES","0: 0  CONDITION DOES NOT APPLY","ALWAYS WITH RIGHT HAND","ALWAYS WITH RIGHT HAND","ALWAYS WITH RIGHT HAND","ALWAYS WITH RIGHT HAND","ALWAYS WITH RIGHT HAND","1: 1  CONDITION APPLIES","1: 1  CONDITION APPLIES","NO","MALE","MALE"
1981,64735,4,0,3,33790,5,179,1,1,3,3,1,4,2,2,1,1,1,2,1,7,1,1,35,59,"Male","Non-Black / Non-Hispanic","North Central (IL, IN, IA, KS, MI, MN, MO, NE, OH, ND, SD, WI)","Bachelor's degree (BA, BS)","In CBSA, in central city","NO","3: Mother","NO","NO","NO","NO","YES","0: 0  CONDITION DOES NOT APPLY","ALWAYS WITH RIGHT HAND","ALWAYS WITH RIGHT HAND","ALWAYS WITH RIGHT HAND","ALWAYS WITH RIGHT HAND","ALWAYS WITH LEFT HAND","1: 1  CONDITION APPLIES","1: 1  CONDITION APPLIES","NO","FEMALE","MALE"
1982,64735,2,0,1,33790,5,181,1,1,3,3,3,2,1,1,1,1,1,4,3,7,1,1,31,15,"Female","Hispanic","North Central (IL, IN, IA, KS, MI, MN, MO, NE, OH, ND, SD, WI)","High school diploma (Regular 12 year program)","Not in CBSA","NO","3: Mother","NO","NO","NO","NO","YES","0: 0  CONDITION DOES NOT APPLY","ALWAYS WITH RIGHT HAND","ALWAYS WITH RIGHT HAND","ALWAYS WITH RIGHT HAND","ALWAYS WITH RIGHT HAND","ALWAYS WITH LEFT HAND","1: 1  CONDITION APPLIES","0: 0  CONDITION DOES NOT APPLY","NO","FEMALE","MALE"
1982,64735,3,1,2,33790,5,183,2,3,4,3,4,3,1,2,2,2,1,6,2,6,1,1,30,21,"Male","Non-Black / Non-Hispanic","South (AL, AR, DE, DC, FL, GA, KY, LA, MD, MS, NC, OK, SC, TN , TX, VA, WV)","High school diploma (Regular 12 year program)","In CBSA, not in central city","NO","3: Mother","YES","YES","NO","NO","YES","0: 0  CONDITION DOES NOT APPLY","ALWAYS WITH RIGHT HAND","ALWAYS WITH RIGHT HAND","ALWAYS WITH RIGHT HAND","ALWAYS WITH RIGHT HAND","ALWAYS WITH LEFT HAND","1: 1  CONDITION APPLIES","1: 1  CONDITION APPLIES","NO","FEMALE","MALE"
1980,64735,4,1,1,33790,6,188,1,1,2,3,2,1,2,2,1,2,1,1,4,5,1,1,31,6,"Male","Hispanic","South (AL, AR, DE, DC, FL, GA, KY, LA, MD, MS, NC, OK, SC, TN , TX, VA, WV)","None","In CBSA, in central city","NO","3: Mother","YES","YES","NO","NO","YES","0: 0  CONDITION DOES NOT APPLY","ALWAYS WITH RIGHT HAND","ALWAYS WITH RIGHT HAND","ALWAYS WITH RIGHT HAND","ALWAYS WITH RIGHT HAND","ALWAYS WITH LEFT HAND","1: 1  CONDITION APPLIES","1: 1  CONDITION APPLIES","NO","FEMALE","FEMALE"
1982,64735,2,0,2,12000,5,150,2,1,7,3,4,3,2,1,1,2,1,2,2,6,1,1,28,18,"Female","Non-Black / Non-Hispanic","North Central (IL, IN, IA, KS, MI, MN, MO, NE, OH, ND, SD, WI)","Bachelor's degree (BA, BS)","Not in CBSA","NO","3: Mother","YES","NO","NO","NO","YES","0: 0  CONDITION DOES NOT APPLY","ALWAYS WITH RIGHT HAND","ALWAYS WITH RIGHT HAND","ALWAYS WITH RIGHT HAND","ALWAYS WITH RIGHT HAND","ALWAYS WITH LEFT HAND","1: 1  CONDITION APPLIES","1: 1  CONDITION APPLIES","NO","MALE","MALE"
1982,18500,3,0,2,33790,5,184,2,2,3,4,2,5,2,2,1,2,1,3,2,6,1,1,26,20,"Male","Hispanic","Northeast (CT, ME, MA, NH, NJ, NY, PA, RI, VT)","High school diploma (Regular 12 year program)","In CBSA, in central city","YES","3: Mother","YES","NO","NO","NO","YES","0: 0  CONDITION DOES NOT APPLY","ALWAYS WITH RIGHT HAND","USUALLY WITH RIGHT HAND","ALWAYS WITH RIGHT HAND","ALWAYS WITH RIGHT HAND","ALWAYS WITH LEFT HAND","0: 0  CONDITION DOES NOT APPLY","1: 1  CONDITION APPLIES","NO","FEMALE","MALE"
1981,64735,3,1,3,33790,5,180,1,2,2,2,5,1,2,2,2,2,2,4,3,6,1,1,31,19,"Male","Black","West (AK, AZ, CA, CO, HI, ID, MT, NV, NM, OR, UT, WA, WY)","GED","In CBSA, in central city","NO","3: Mother","YES","NO","NO","YES","YES","1: 1  CONDITION APPLIES","ALWAYS WITH RIGHT HAND","ALWAYS WITH RIGHT HAND","ALWAYS WITH RIGHT HAND","ALWAYS WITH RIGHT HAND","ALWAYS WITH LEFT HAND","1: 1  CONDITION APPLIES","0: 0  CONDITION DOES NOT APPLY","NO","FEMALE","MALE"
1983,64735,3,1,1,33790,5,184,2,1,1,3,1,2,2,1,2,2,1,5,2,7,1,1,33,21,"Female","Black","West (AK, AZ, CA, CO, HI, ID, MT, NV, NM, OR, UT, WA, WY)","Bachelor's degree (BA, BS)","In CBSA, in central city","NO","3: Mother","NO","NO","NO","NO","YES","0: 0  CONDITION DOES NOT APPLY","ALWAYS WITH RIGHT HAND","ALWAYS WITH RIGHT HAND","ALWAYS WITH RIGHT HAND","ALWAYS WITH RIGHT HAND","ALWAYS WITH LEFT HAND","1: 1  CONDITION APPLIES","1: 1  CONDITION APPLIES","NO","FEMALE","FEMALE"
1980,64735,3,0,3,33790,5,184,1,2,3,1,3,3,2,2,1,2,1,5,4,7,1,1,30,21,"Male","Black","South (AL, AR, DE, DC, FL, GA, KY, LA, MD, MS, NC, OK, SC, TN , TX, VA, WV)","High school diploma (Regular 12 year program)","In CBSA, not in central city","NO","3: Mother","NO","YES","NO","NO","YES","0: 0  CONDITION DOES NOT APPLY","ALWAYS WITH RIGHT HAND","ALWAYS WITH RIGHT HAND","ALWAYS WITH RIGHT HAND","ALWAYS WITH RIGHT HAND","ALWAYS WITH LEFT HAND","1: 1  CONDITION APPLIES","1: 1  CONDITION APPLIES","NO","FEMALE","MALE"
1982,64735,3,0,2,33790,5,182,1,1,2,4,3,4,2,2,1,1,1,4,3,7,1,1,27,19,"Female","Black","Northeast (CT, ME, MA, NH, NJ, NY, PA, RI, VT)","Master's degree (MA, MS)","In CBSA, not in central city","NO","3: Mother","NO","NO","NO","NO","YES","0: 0  CONDITION DOES NOT APPLY","ALWAYS WITH RIGHT HAND","ALWAYS WITH RIGHT HAND","ALWAYS WITH RIGHT HAND","ALWAYS WITH RIGHT HAND","ALWAYS WITH LEFT HAND","1: 1  CONDITION APPLIES","1: 1  CONDITION APPLIES","NO","MALE","MALE"
1982,64735,4,0,1,33790,5,182,1,1,3,4,1,4,2,1,1,1,1,3,4,7,1,1,32,21,"Female","Non-Black / Non-Hispanic","South (AL, AR, DE, DC, FL, GA, KY, LA, MD, MS, NC, OK, SC, TN , TX, VA, WV)","High school diploma (Regular 12 year program)","In CBSA, not in central city","NO","3: Mother","NO","NO","NO","NO","YES","0: 0  CONDITION DOES NOT APPLY","ALWAYS WITH RIGHT HAND","ALWAYS WITH RIGHT HAND","ALWAYS WITH RIGHT HAND","ALWAYS WITH RIGHT HAND","ALWAYS WITH LEFT HAND","1: 1  CONDITION APPLIES","1: 1  CONDITION APPLIES","NO","MALE","FEMALE"
1982,64735,3,0,4,53000,5,182,1,2,2,3,2,7,2,1,2,1,2,3,1,7,1,1,34,21,"Male","Non-Black / Non-Hispanic","South (AL, AR, DE, DC, FL, GA, KY, LA, MD, MS, NC, OK, SC, TN , TX, VA, WV)","Bachelor's degree (BA, BS)","In CBSA, not in central city","NO","3: Mother","YES","NO","YES","NO","YES","0: 0  CONDITION DOES NOT APPLY","ALWAYS WITH RIGHT HAND","ALWAYS WITH RIGHT HAND","ALWAYS WITH RIGHT HAND","ALWAYS WITH RIGHT HAND","ALWAYS WITH LEFT HAND","1: 1  CONDITION APPLIES","1: 1  CONDITION APPLIES","NO","FEMALE","FEMALE"
1984,64735,3,0,1,33790,5,182,1,1,4,3,3,4,2,2,1,2,1,6,2,5,1,1,31,21,"Female","Non-Black / Non-Hispanic","South (AL, AR, DE, DC, FL, GA, KY, LA, MD, MS, NC, OK, SC, TN , TX, VA, WV)","Bachelor's degree (BA, BS)","In CBSA, not in central city","NO","3: Mother","YES","NO","NO","NO","YES","0: 0  CONDITION DOES NOT APPLY","ALWAYS WITH RIGHT HAND","ALWAYS WITH RIGHT HAND","ALWAYS WITH RIGHT HAND","ALWAYS WITH RIGHT HAND","ALWAYS WITH LEFT HAND","0: 0  CONDITION DOES NOT APPLY","1: 1  CONDITION APPLIES","NO","FEMALE","MALE"
1981,64735,1,0,3,33790,5,182,2,2,4,4,3,2,2,2,2,2,2,6,1,6,1,1,27,26,"Female","Non-Black / Non-Hispanic","South (AL, AR, DE, DC, FL, GA, KY, LA, MD, MS, NC, OK, SC, TN , TX, VA, WV)","GED","In CBSA, in central city","NO","3: Mother","YES","NO","YES","NO","YES","0: 0  CONDITION DOES NOT APPLY","ALWAYS WITH RIGHT HAND","ALWAYS WITH RIGHT HAND","USUALLY WITH LEFT HAND","ALWAYS WITH RIGHT HAND","ALWAYS WITH LEFT HAND","1: 1  CONDITION APPLIES","1: 1  CONDITION APPLIES","NO","FEMALE","MALE"
1984,64735,4,0,2,33790,5,198,1,1,2,4,2,3,2,2,1,1,1,5,3,7,1,1,32,20,"Female","Hispanic","South (AL, AR, DE, DC, FL, GA, KY, LA, MD, MS, NC, OK, SC, TN , TX, VA, WV)","High school diploma (Regular 12 year program)","In CBSA, not in central city","NO","3: Mother","NO","YES","YES","NO","YES","0: 0  CONDITION DOES NOT APPLY","ALWAYS WITH RIGHT HAND","ALWAYS WITH RIGHT HAND","ALWAYS WITH RIGHT HAND","ALWAYS WITH RIGHT HAND","ALWAYS WITH LEFT HAND","1: 1  CONDITION APPLIES","1: 1  CONDITION APPLIES","NO","MALE","MALE"
1981,64735,2,0,2,33790,6,183,1,3,3,4,2,4,2,2,2,2,1,3,2,7,1,1,29,22,"Female","Non-Black / Non-Hispanic","West (AK, AZ, CA, CO, HI, ID, MT, NV, NM, OR, UT, WA, WY)","Associate/Junior college (AA)","In CBSA, not in central city","NO","3: Mother","YES","NO","NO","NO","YES","0: 0  CONDITION DOES NOT APPLY","ALWAYS WITH RIGHT HAND","ALWAYS WITH RIGHT HAND","ALWAYS WITH RIGHT HAND","ALWAYS WITH RIGHT HAND","ALWAYS WITH LEFT HAND","1: 1  CONDITION APPLIES","1: 1  CONDITION APPLIES","NO","FEMALE","FEMALE"
1982,64735,2,1,3,33790,5,150,1,1,1,4,1,3,2,2,1,2,1,6,3,7,1,1,30,21,"Female","Non-Black / Non-Hispanic","South (AL, AR, DE, DC, FL, GA, KY, LA, MD, MS, NC, OK, SC, TN , TX, VA, WV)","High school diploma (Regular 12 year program)","In CBSA, in central city","NO","3: Mother","YES","NO","NO","NO","YES","0: 0  CONDITION DOES NOT APPLY","ALWAYS WITH RIGHT HAND","ALWAYS WITH RIGHT HAND","ALWAYS WITH RIGHT HAND","ALWAYS WITH RIGHT HAND","ALWAYS WITH LEFT HAND","1: 1  CONDITION APPLIES","1: 1  CONDITION APPLIES","NO","FEMALE","FEMALE"
1983,64735,3,1,1,48000,5,182,1,2,2,3,3,3,2,2,2,2,1,6,1,6,1,1,30,20,"Female","Non-Black / Non-Hispanic","South (AL, AR, DE, DC, FL, GA, KY, LA, MD, MS, NC, OK, SC, TN , TX, VA, WV)","High school diploma (Regular 12 year program)","In CBSA, not in central city","NO","3: Mother","YES","NO","NO","NO","YES","0: 0  CONDITION DOES NOT APPLY","ALWAYS WITH RIGHT HAND","ALWAYS WITH RIGHT HAND","ALWAYS WITH RIGHT HAND","ALWAYS WITH RIGHT HAND","ALWAYS WITH LEFT HAND","1: 1  CONDITION APPLIES","1: 1  CONDITION APPLIES","NO","MALE","MALE"
1981,56900,2,1,3,33790,5,183,2,3,1,4,4,4,2,2,1,2,1,6,3,7,1,1,29,22,"Female","Non-Black / Non-Hispanic","Northeast (CT, ME, MA, NH, NJ, NY, PA, RI, VT)","High school diploma (Regular 12 year program)","In CBSA, not in central city","NO","3: Mother","NO","NO","NO","NO","YES","0: 0  CONDITION DOES NOT APPLY","ALWAYS WITH RIGHT HAND","ALWAYS WITH RIGHT HAND","ALWAYS WITH RIGHT HAND","ALWAYS WITH RIGHT HAND","ALWAYS WITH LEFT HAND","1: 1  CONDITION APPLIES","1: 1  CONDITION APPLIES","NO","MALE","MALE"
1980,64735,6,1,3,20000,5,182,1,3,7,3,8,7,2,2,1,2,1,5,2,5,1,1,29,20,"Female","Non-Black / Non-Hispanic","Northeast (CT, ME, MA, NH, NJ, NY, PA, RI, VT)","High school diploma (Regular 12 year program)","In CBSA, not in central city","NO","3: Mother","YES","NO","YES","NO","YES","0: 0  CONDITION DOES NOT APPLY","ALWAYS WITH RIGHT HAND","ALWAYS WITH RIGHT HAND","ALWAYS WITH RIGHT HAND","ALWAYS WITH RIGHT HAND","ALWAYS WITH RIGHT HAND","1: 1  CONDITION APPLIES","1: 1  CONDITION APPLIES","YES","MALE","MALE"
1982,24000,3,1,3,33790,5,210,1,1,4,6,2,5,2,2,2,2,2,8,2,6,1,1,28,21,"Male","Black","South (AL, AR, DE, DC, FL, GA, KY, LA, MD, MS, NC, OK, SC, TN , TX, VA, WV)","High school diploma (Regular 12 year program)","In CBSA, not in central city","NO","3: Mother","YES","NO","NO","NO","YES","0: 0  CONDITION DOES NOT APPLY","ALWAYS WITH LEFT HAND","ALWAYS WITH LEFT HAND","ALWAYS WITH LEFT HAND","ALWAYS WITH LEFT HAND","ALWAYS WITH LEFT HAND","1: 1  CONDITION APPLIES","1: 1  CONDITION APPLIES","NO","FEMALE","MALE"
1982,64735,4,0,2,33790,5,182,2,1,3,6,2,5,2,2,2,2,2,4,1,8,1,1,25,1,"Female","Non-Black / Non-Hispanic","South (AL, AR, DE, DC, FL, GA, KY, LA, MD, MS, NC, OK, SC, TN , TX, VA, WV)","High school diploma (Regular 12 year program)","Not in CBSA","NO","3: Mother","NO","NO","NO","NO","YES","0: 0  CONDITION DOES NOT APPLY","ALWAYS WITH RIGHT HAND","ALWAYS WITH RIGHT HAND","ALWAYS WITH RIGHT HAND","ALWAYS WITH RIGHT HAND","ALWAYS WITH LEFT HAND","1: 1  CONDITION APPLIES","1: 1  CONDITION APPLIES","NO","MALE","MALE"
1981,64735,5,1,2,33790,5,183,1,1,3,4,2,2,2,2,2,2,1,3,3,7,1,1,29,21,"Female","Hispanic","South (AL, AR, DE, DC, FL, GA, KY, LA, MD, MS, NC, OK, SC, TN , TX, VA, WV)","High school diploma (Regular 12 year program)","Not in CBSA","YES","3: Mother","NO","YES","NO","NO","YES","0: 0  CONDITION DOES NOT APPLY","DON'T DO THIS ACTIVITY","DON'T DO THIS ACTIVITY","USUALLY WITH BOTH HANDS EQUALLY","DON'T DO THIS ACTIVITY","ALWAYS WITH LEFT HAND","1: 1  CONDITION APPLIES","1: 1  CONDITION APPLIES","NO","FEMALE","MALE"
1982,64735,1,0,1,42000,5,160,2,1,3,3,4,5,1,2,1,2,1,6,4,6,1,1,35,25,"Female","Hispanic","South (AL, AR, DE, DC, FL, GA, KY, LA, MD, MS, NC, OK, SC, TN , TX, VA, WV)","Master's degree (MA, MS)","In CBSA, not in central city","NO","3: Mother","NO","NO","NO","NO","NO","0: 0  CONDITION DOES NOT APPLY","ALWAYS WITH RIGHT HAND","ALWAYS WITH RIGHT HAND","ALWAYS WITH RIGHT HAND","ALWAYS WITH RIGHT HAND","ALWAYS WITH LEFT HAND","1: 1  CONDITION APPLIES","1: 1  CONDITION APPLIES","NO","MALE","MALE"
1982,64735,5,1,1,18000,5,150,1,2,4,4,2,5,2,2,1,2,1,6,3,6,2,1,30,20,"Female","Non-Black / Non-Hispanic","South (AL, AR, DE, DC, FL, GA, KY, LA, MD, MS, NC, OK, SC, TN , TX, VA, WV)","Bachelor's degree (BA, BS)","In CBSA, in central city","NO","3: Mother","NO","NO","NO","NO","YES","0: 0  CONDITION DOES NOT APPLY","ALWAYS WITH RIGHT HAND","ALWAYS WITH RIGHT HAND","ALWAYS WITH RIGHT HAND","ALWAYS WITH RIGHT HAND","ALWAYS WITH LEFT HAND","1: 1  CONDITION APPLIES","1: 1  CONDITION APPLIES","NO","FEMALE","FEMALE"
1984,64735,4,0,2,33790,5,183,1,2,1,4,3,3,2,2,2,2,1,4,1,7,1,1,30,24,"Female","Non-Black / Non-Hispanic","South (AL, AR, DE, DC, FL, GA, KY, LA, MD, MS, NC, OK, SC, TN , TX, VA, WV)","High school diploma (Regular 12 year program)","In CBSA, not in central city","NO","3: Mother","YES","NO","NO","NO","YES","0: 0  CONDITION DOES NOT APPLY","ALWAYS WITH RIGHT HAND","ALWAYS WITH RIGHT HAND","ALWAYS WITH RIGHT HAND","ALWAYS WITH RIGHT HAND","ALWAYS WITH LEFT HAND","1: 1  CONDITION APPLIES","1: 1  CONDITION APPLIES","NO","MALE","FEMALE"
1983,64735,2,0,1,33790,5,115,1,1,3,3,5,4,2,2,1,1,1,4,3,7,1,1,35,24,"Male","Non-Black / Non-Hispanic","South (AL, AR, DE, DC, FL, GA, KY, LA, MD, MS, NC, OK, SC, TN , TX, VA, WV)","None","In CBSA, in central city","YES","3: Mother","YES","NO","YES","NO","YES","0: 0  CONDITION DOES NOT APPLY","ALWAYS WITH RIGHT HAND","ALWAYS WITH RIGHT HAND","ALWAYS WITH RIGHT HAND","ALWAYS WITH RIGHT HAND","ALWAYS WITH LEFT HAND","1: 1  CONDITION APPLIES","0: 0  CONDITION DOES NOT APPLY","NO","MALE","FEMALE"
1983,64735,2,1,1,82000,5,180,1,1,1,4,5,5,2,2,2,2,1,6,2,7,1,1,30,20,"Male","Non-Black / Non-Hispanic","West (AK, AZ, CA, CO, HI, ID, MT, NV, NM, OR, UT, WA, WY)","High school diploma (Regular 12 year program)","In CBSA, in central city","NO","3: Mother","NO","NO","NO","NO","YES","0: 0  CONDITION DOES NOT APPLY","ALWAYS WITH RIGHT HAND","ALWAYS WITH RIGHT HAND","ALWAYS WITH RIGHT HAND","ALWAYS WITH RIGHT HAND","ALWAYS WITH LEFT HAND","0: 0  CONDITION DOES NOT APPLY","1: 1  CONDITION APPLIES","NO","MALE","MALE"
1984,64735,3,1,3,33790,5,183,1,1,3,4,5,6,1,2,2,2,1,1,2,7,1,1,30,20,"Male","Non-Black / Non-Hispanic","West (AK, AZ, CA, CO, HI, ID, MT, NV, NM, OR, UT, WA, WY)","High school diploma (Regular 12 year program)","In CBSA, not in central city","NO","3: Mother","NO","NO","NO","NO","YES","0: 0  CONDITION DOES NOT APPLY","ALWAYS WITH RIGHT HAND","ALWAYS WITH RIGHT HAND","ALWAYS WITH RIGHT HAND","ALWAYS WITH RIGHT HAND","ALWAYS WITH LEFT HAND","1: 1  CONDITION APPLIES","1: 1  CONDITION APPLIES","NO","MALE","FEMALE"
1984,64735,3,0,2,33790,6,212,1,1,4,4,2,2,2,2,1,2,1,6,2,7,1,1,30,21,"Male","Non-Black / Non-Hispanic","West (AK, AZ, CA, CO, HI, ID, MT, NV, NM, OR, UT, WA, WY)","High school diploma (Regular 12 year program)","In CBSA, not in central city","NO","3: Mother","YES","NO","NO","NO","YES","0: 0  CONDITION DOES NOT APPLY","ALWAYS WITH RIGHT HAND","ALWAYS WITH RIGHT HAND","ALWAYS WITH RIGHT HAND","ALWAYS WITH RIGHT HAND","ALWAYS WITH LEFT HAND","1: 1  CONDITION APPLIES","1: 1  CONDITION APPLIES","NO","MALE","FEMALE"
1980,64735,3,0,1,50000,5,183,1,1,10,3,2,1,2,2,1,2,1,6,2,7,1,1,30,21,"Male","Non-Black / Non-Hispanic","South (AL, AR, DE, DC, FL, GA, KY, LA, MD, MS, NC, OK, SC, TN , TX, VA, WV)","High school diploma (Regular 12 year program)","In CBSA, not in central city","NO","3: Mother","YES","NO","NO","NO","YES","0: 0  CONDITION DOES NOT APPLY","ALWAYS WITH RIGHT HAND","ALWAYS WITH RIGHT HAND","ALWAYS WITH RIGHT HAND","ALWAYS WITH RIGHT HAND","ALWAYS WITH LEFT HAND","1: 1  CONDITION APPLIES","0: 0  CONDITION DOES NOT APPLY","NO","FEMALE","FEMALE"
1983,64735,3,0,3,33790,6,183,1,1,1,4,2,2,2,2,1,1,1,5,2,7,1,1,31,24,"Male","Non-Black / Non-Hispanic","South (AL, AR, DE, DC, FL, GA, KY, LA, MD, MS, NC, OK, SC, TN , TX, VA, WV)","High school diploma (Regular 12 year program)","In CBSA, in central city","YES","3: Mother","NO","YES","NO","NO","YES","0: 0  CONDITION DOES NOT APPLY","ALWAYS WITH RIGHT HAND","ALWAYS WITH RIGHT HAND","ALWAYS WITH RIGHT HAND","ALWAYS WITH RIGHT HAND","ALWAYS WITH LEFT HAND","1: 1  CONDITION APPLIES","1: 1  CONDITION APPLIES","NO","FEMALE","MALE"
1980,64735,2,1,2,33790,6,178,1,1,4,3,1,2,2,2,2,2,1,6,2,8,1,1,32,21,"Male","Non-Black / Non-Hispanic","West (AK, AZ, CA, CO, HI, ID, MT, NV, NM, OR, UT, WA, WY)","Bachelor's degree (BA, BS)","In CBSA, not in central city","NO","3: Mother","YES","NO","NO","NO","YES","0: 0  CONDITION DOES NOT APPLY","ALWAYS WITH RIGHT HAND","ALWAYS WITH RIGHT HAND","ALWAYS WITH RIGHT HAND","ALWAYS WITH RIGHT HAND","ALWAYS WITH LEFT HAND","1: 1  CONDITION APPLIES","1: 1  CONDITION APPLIES","NO","MALE","MALE"
1985,64735,4,0,1,33790,5,182,2,2,1,3,3,5,2,2,1,2,2,4,2,7,1,1,30,21,"Female","Non-Black / Non-Hispanic","South (AL, AR, DE, DC, FL, GA, KY, LA, MD, MS, NC, OK, SC, TN , TX, VA, WV)","GED","In CBSA, not in central city","NO","3: Mother","YES","NO","NO","NO","YES","0: 0  CONDITION DOES NOT APPLY","ALWAYS WITH RIGHT HAND","ALWAYS WITH RIGHT HAND","ALWAYS WITH RIGHT HAND","ALWAYS WITH RIGHT HAND","ALWAYS WITH LEFT HAND","1: 1  CONDITION APPLIES","1: 1  CONDITION APPLIES","NO","MALE","FEMALE"
1981,64735,4,1,3,90000,6,181,1,2,2,5,4,8,2,2,1,2,1,6,2,6,1,1,32,23,"Male","Black","North Central (IL, IN, IA, KS, MI, MN, MO, NE, OH, ND, SD, WI)","Master's degree (MA, MS)","In CBSA, in central city","NO","3: Mother","YES","NO","NO","NO","YES","0: 0  CONDITION DOES NOT APPLY","ALWAYS WITH RIGHT HAND","ALWAYS WITH RIGHT HAND","ALWAYS WITH RIGHT HAND","ALWAYS WITH RIGHT HAND","ALWAYS WITH LEFT HAND","1: 1  CONDITION APPLIES","1: 1  CONDITION APPLIES","NO","MALE","FEMALE"
1984,64735,2,0,5,33790,5,185,1,1,1,4,4,3,2,2,1,2,1,7,2,5,1,1,33,18,"Male","Non-Black / Non-Hispanic","South (AL, AR, DE, DC, FL, GA, KY, LA, MD, MS, NC, OK, SC, TN , TX, VA, WV)","Bachelor's degree (BA, BS)","In CBSA, not in central city","NO","3: Mother","NO","NO","NO","NO","YES","0: 0  CONDITION DOES NOT APPLY","ALWAYS WITH RIGHT HAND","USUALLY WITH RIGHT HAND","ALWAYS WITH RIGHT HAND","ALWAYS WITH RIGHT HAND","ALWAYS WITH LEFT HAND","1: 1  CONDITION APPLIES","1: 1  CONDITION APPLIES","NO","FEMALE","FEMALE"
1981,64735,2,1,1,33790,5,180,2,1,3,4,2,2,1,2,1,2,1,6,1,6,1,1,28,7,"Female","Non-Black / Non-Hispanic","North Central (IL, IN, IA, KS, MI, MN, MO, NE, OH, ND, SD, WI)","Bachelor's degree (BA, BS)","Not in country","NO","3: Mother","YES","NO","NO","NO","YES","0: 0  CONDITION DOES NOT APPLY","ALWAYS WITH RIGHT HAND","ALWAYS WITH RIGHT HAND","ALWAYS WITH RIGHT HAND","ALWAYS WITH RIGHT HAND","ALWAYS WITH RIGHT HAND","0: 0  CONDITION DOES NOT APPLY","0: 0  CONDITION DOES NOT APPLY","NO","MALE","MALE"
1983,73000,3,0,1,33790,5,210,1,1,1,4,2,5,2,2,2,2,1,5,2,6,1,3,30,25,"Male","Black","South (AL, AR, DE, DC, FL, GA, KY, LA, MD, MS, NC, OK, SC, TN , TX, VA, WV)","High school diploma (Regular 12 year program)","In CBSA, not in central city","YES","3: Mother","YES","YES","NO","NO","YES","0: 0  CONDITION DOES NOT APPLY","ALWAYS WITH RIGHT HAND","ALWAYS WITH RIGHT HAND","ALWAYS WITH RIGHT HAND","ALWAYS WITH RIGHT HAND","ALWAYS WITH LEFT HAND","1: 1  CONDITION APPLIES","1: 1  CONDITION APPLIES","NO","MALE","MALE"
1984,64735,3,1,3,33790,5,182,1,2,1,3,4,3,2,2,1,2,1,2,2,6,1,1,33,23,"Male","Non-Black / Non-Hispanic","South (AL, AR, DE, DC, FL, GA, KY, LA, MD, MS, NC, OK, SC, TN , TX, VA, WV)","None","In CBSA, not in central city","NO","3: Mother","NO","YES","NO","NO","YES","0: 0  CONDITION DOES NOT APPLY","ALWAYS WITH RIGHT HAND","ALWAYS WITH RIGHT HAND","ALWAYS WITH RIGHT HAND","ALWAYS WITH RIGHT HAND","ALWAYS WITH LEFT HAND","1: 1  CONDITION APPLIES","1: 1  CONDITION APPLIES","NO","MALE","MALE"
1982,64735,3,0,3,33790,5,182,1,1,3,3,3,4,1,1,2,1,1,3,2,8,1,1,33,21,"Female","Hispanic","South (AL, AR, DE, DC, FL, GA, KY, LA, MD, MS, NC, OK, SC, TN , TX, VA, WV)","High school diploma (Regular 12 year program)","In CBSA, in central city","NO","3: Mother","NO","NO","NO","NO","YES","0: 0  CONDITION DOES NOT APPLY","ALWAYS WITH RIGHT HAND","ALWAYS WITH RIGHT HAND","ALWAYS WITH RIGHT HAND","ALWAYS WITH RIGHT HAND","ALWAYS WITH LEFT HAND","1: 1  CONDITION APPLIES","1: 1  CONDITION APPLIES","YES","FEMALE","MALE"
1981,53000,4,1,2,33790,5,230,1,1,1,4,2,4,1,2,1,2,2,3,3,6,1,1,25,1,"Male","Black","South (AL, AR, DE, DC, FL, GA, KY, LA, MD, MS, NC, OK, SC, TN , TX, VA, WV)","High school diploma (Regular 12 year program)","In CBSA, not in central city","NO","3: Mother","NO","YES","NO","NO","YES","0: 0  CONDITION DOES NOT APPLY","ALWAYS WITH LEFT HAND","ALWAYS WITH RIGHT HAND","ALWAYS WITH RIGHT HAND","USUALLY WITH RIGHT HAND","ALWAYS WITH LEFT HAND","1: 1  CONDITION APPLIES","1: 1  CONDITION APPLIES","NO","FEMALE","FEMALE"
1980,123250,3,1,3,48000,5,182,1,2,3,4,4,3,2,1,2,2,1,6,3,7,1,1,30,22,"Male","Hispanic","North Central (IL, IN, IA, KS, MI, MN, MO, NE, OH, ND, SD, WI)","Bachelor's degree (BA, BS)","In CBSA, in central city","NO","3: Mother","YES","YES","NO","NO","YES","0: 0  CONDITION DOES NOT APPLY","ALWAYS WITH RIGHT HAND","ALWAYS WITH RIGHT HAND","ALWAYS WITH RIGHT HAND","ALWAYS WITH RIGHT HAND","ALWAYS WITH LEFT HAND","1: 1  CONDITION APPLIES","1: 1  CONDITION APPLIES","NO","MALE","MALE"
1981,64735,3,0,3,20000,5,183,1,2,1,5,1,3,2,2,1,2,1,2,4,7,1,1,30,21,"Female","Black","South (AL, AR, DE, DC, FL, GA, KY, LA, MD, MS, NC, OK, SC, TN , TX, VA, WV)","High school diploma (Regular 12 year program)","In CBSA, not in central city","NO","3: Mother","NO","YES","NO","NO","NO","0: 0  CONDITION DOES NOT APPLY","ALWAYS WITH RIGHT HAND","ALWAYS WITH RIGHT HAND","ALWAYS WITH RIGHT HAND","ALWAYS WITH RIGHT HAND","ALWAYS WITH LEFT HAND","1: 1  CONDITION APPLIES","0: 0  CONDITION DOES NOT APPLY","NO","MALE","MALE"
1984,64735,3,1,4,33790,5,183,2,2,5,3,3,6,2,2,1,2,2,3,2,7,2,1,10,15,"Female","Hispanic","North Central (IL, IN, IA, KS, MI, MN, MO, NE, OH, ND, SD, WI)","GED","In CBSA, in central city","NO","3: Mother","NO","YES","NO","NO","NO","0: 0  CONDITION DOES NOT APPLY","ALWAYS WITH RIGHT HAND","ALWAYS WITH RIGHT HAND","ALWAYS WITH RIGHT HAND","ALWAYS WITH RIGHT HAND","ALWAYS WITH LEFT HAND","1: 1  CONDITION APPLIES","1: 1  CONDITION APPLIES","NO","FEMALE","FEMALE"
1982,64735,4,0,1,33790,5,181,1,1,5,3,5,5,2,2,1,2,1,4,3,7,1,1,29,21,"Male","Mixed Race (Non-Hispanic)","North Central (IL, IN, IA, KS, MI, MN, MO, NE, OH, ND, SD, WI)","None","In CBSA, in central city","NO","3: Mother","YES","NO","YES","NO","YES","0: 0  CONDITION DOES NOT APPLY","ALWAYS WITH RIGHT HAND","ALWAYS WITH RIGHT HAND","ALWAYS WITH RIGHT HAND","ALWAYS WITH RIGHT HAND","ALWAYS WITH LEFT HAND","1: 1  CONDITION APPLIES","1: 1  CONDITION APPLIES","NO","FEMALE","FEMALE"
1982,64735,6,1,3,33790,5,183,1,1,2,4,2,5,1,2,2,2,1,7,2,7,1,1,31,18,"Female","Non-Black / Non-Hispanic","South (AL, AR, DE, DC, FL, GA, KY, LA, MD, MS, NC, OK, SC, TN , TX, VA, WV)","None","In CBSA, not in central city","YES","3: Mother","YES","YES","NO","NO","YES","0: 0  CONDITION DOES NOT APPLY","ALWAYS WITH RIGHT HAND","ALWAYS WITH LEFT HAND","ALWAYS WITH RIGHT HAND","ALWAYS WITH RIGHT HAND","ALWAYS WITH LEFT HAND","1: 1  CONDITION APPLIES","1: 1  CONDITION APPLIES","NO","FEMALE","FEMALE"
1982,64735,5,1,1,33790,5,182,1,1,1,2,6,4,2,2,1,1,2,2,3,8,1,1,28,19,"Female","Mixed Race (Non-Hispanic)","South (AL, AR, DE, DC, FL, GA, KY, LA, MD, MS, NC, OK, SC, TN , TX, VA, WV)","None","In CBSA, not in central city","NO","3: Mother","NO","YES","NO","NO","YES","0: 0  CONDITION DOES NOT APPLY","ALWAYS WITH RIGHT HAND","ALWAYS WITH RIGHT HAND","ALWAYS WITH RIGHT HAND","ALWAYS WITH RIGHT HAND","ALWAYS WITH LEFT HAND","1: 1  CONDITION APPLIES","1: 1  CONDITION APPLIES","NO","FEMALE","FEMALE"
1983,64735,2,0,2,33790,5,183,2,1,2,4,2,4,2,1,1,1,1,6,1,8,1,1,3,14,"Female","Non-Black / Non-Hispanic","South (AL, AR, DE, DC, FL, GA, KY, LA, MD, MS, NC, OK, SC, TN , TX, VA, WV)","High school diploma (Regular 12 year program)","In CBSA, in central city","NO","3: Mother","NO","YES","NO","NO","YES","0: 0  CONDITION DOES NOT APPLY","ALWAYS WITH RIGHT HAND","ALWAYS WITH RIGHT HAND","ALWAYS WITH RIGHT HAND","ALWAYS WITH RIGHT HAND","USUALLY WITH BOTH HANDS EQUALLY","1: 1  CONDITION APPLIES","1: 1  CONDITION APPLIES","NO","MALE","FEMALE"
1981,64735,4,0,1,33790,6,185,1,1,3,3,2,3,2,1,1,1,1,3,1,7,1,1,28,22,"Male","Non-Black / Non-Hispanic","Northeast (CT, ME, MA, NH, NJ, NY, PA, RI, VT)","Bachelor's degree (BA, BS)","In CBSA, in central city","NO","3: Mother","YES","YES","NO","NO","NO","0: 0  CONDITION DOES NOT APPLY","ALWAYS WITH RIGHT HAND","ALWAYS WITH RIGHT HAND","USUALLY WITH RIGHT HAND","ALWAYS WITH RIGHT HAND","ALWAYS WITH LEFT HAND","1: 1  CONDITION APPLIES","1: 1  CONDITION APPLIES","NO","FEMALE","MALE"
1982,64735,6,0,1,33790,5,183,1,1,3,4,6,1,1,2,1,2,2,6,3,5,1,1,34,20,"Female","Non-Black / Non-Hispanic","South (AL, AR, DE, DC, FL, GA, KY, LA, MD, MS, NC, OK, SC, TN , TX, VA, WV)","High school diploma (Regular 12 year program)","In CBSA, not in central city","YES","3: Mother","NO","YES","NO","NO","YES","0: 0  CONDITION DOES NOT APPLY","ALWAYS WITH RIGHT HAND","ALWAYS WITH RIGHT HAND","ALWAYS WITH RIGHT HAND","ALWAYS WITH RIGHT HAND","ALWAYS WITH LEFT HAND","1: 1  CONDITION APPLIES","1: 1  CONDITION APPLIES","YES","MALE","FEMALE"
1981,64735,3,0,4,33790,5,185,1,1,2,2,1,2,2,1,1,2,1,3,3,7,1,1,3,13,"Female","Black","South (AL, AR, DE, DC, FL, GA, KY, LA, MD, MS, NC, OK, SC, TN , TX, VA, WV)","GED","In CBSA, in central city","NO","3: Mother","NO","YES","NO","NO","YES","0: 0  CONDITION DOES NOT APPLY","ALWAYS WITH RIGHT HAND","ALWAYS WITH RIGHT HAND","ALWAYS WITH RIGHT HAND","ALWAYS WITH RIGHT HAND","ALWAYS WITH LEFT HAND","1: 1  CONDITION APPLIES","1: 1  CONDITION APPLIES","NO","FEMALE","MALE"
1980,64735,4,0,1,30000,5,183,1,1,3,2,1,7,2,2,1,2,1,6,2,6,1,1,41,55,"Female","Black","South (AL, AR, DE, DC, FL, GA, KY, LA, MD, MS, NC, OK, SC, TN , TX, VA, WV)","GED","In CBSA, in central city","YES","3: Mother","YES","YES","NO","NO","YES","0: 0  CONDITION DOES NOT APPLY","ALWAYS WITH RIGHT HAND","ALWAYS WITH RIGHT HAND","ALWAYS WITH RIGHT HAND","ALWAYS WITH RIGHT HAND","ALWAYS WITH LEFT HAND","1: 1  CONDITION APPLIES","1: 1  CONDITION APPLIES","NO","FEMALE","MALE"
1980,64735,4,0,2,33790,5,220,1,1,2,4,7,4,2,1,2,1,1,2,1,7,1,1,34,24,"Male","Non-Black / Non-Hispanic","South (AL, AR, DE, DC, FL, GA, KY, LA, MD, MS, NC, OK, SC, TN , TX, VA, WV)","High school diploma (Regular 12 year program)","In CBSA, in central city","NO","3: Mother","NO","YES","NO","NO","YES","0: 0  CONDITION DOES NOT APPLY","ALWAYS WITH RIGHT HAND","ALWAYS WITH RIGHT HAND","ALWAYS WITH RIGHT HAND","ALWAYS WITH RIGHT HAND","ALWAYS WITH LEFT HAND","1: 1  CONDITION APPLIES","1: 1  CONDITION APPLIES","NO","FEMALE","FEMALE"
1983,64735,3,1,2,33790,5,183,1,1,3,1,3,2,1,2,2,2,2,6,6,6,1,1,33,20,"Male","Non-Black / Non-Hispanic","West (AK, AZ, CA, CO, HI, ID, MT, NV, NM, OR, UT, WA, WY)","High school diploma (Regular 12 year program)","In CBSA, not in central city","NO","3: Mother","NO","NO","NO","NO","YES","0: 0  CONDITION DOES NOT APPLY","ALWAYS WITH RIGHT HAND","ALWAYS WITH RIGHT HAND","USUALLY WITH BOTH HANDS EQUALLY","ALWAYS WITH RIGHT HAND","ALWAYS WITH LEFT HAND","1: 1  CONDITION APPLIES","1: 1  CONDITION APPLIES","NO","FEMALE","MALE"
1983,64735,3,0,4,8000,5,181,2,1,3,2,3,2,1,2,2,2,1,6,2,5,1,1,31,25,"Female","Hispanic","North Central (IL, IN, IA, KS, MI, MN, MO, NE, OH, ND, SD, WI)","GED","In CBSA, not in central city","NO","3: Mother","YES","NO","NO","NO","NO","0: 0  CONDITION DOES NOT APPLY","ALWAYS WITH RIGHT HAND","ALWAYS WITH RIGHT HAND","ALWAYS WITH RIGHT HAND","ALWAYS WITH RIGHT HAND","ALWAYS WITH LEFT HAND","1: 1  CONDITION APPLIES","1: 1  CONDITION APPLIES","YES","FEMALE","MALE"
1981,34250,6,1,1,13000,5,183,2,1,4,3,1,2,2,1,2,2,1,5,2,6,1,1,32,20,"Female","Hispanic","West (AK, AZ, CA, CO, HI, ID, MT, NV, NM, OR, UT, WA, WY)","GED","In CBSA, not in central city","YES","3: Mother","YES","NO","NO","NO","NO","0: 0  CONDITION DOES NOT APPLY","ALWAYS WITH RIGHT HAND","DON'T DO THIS ACTIVITY","ALWAYS WITH RIGHT HAND","DON'T DO THIS ACTIVITY","ALWAYS WITH LEFT HAND","1: 1  CONDITION APPLIES","1: 1  CONDITION APPLIES","YES","FEMALE","FEMALE"
1983,64735,1,0,4,33790,5,350,2,2,5,5,1,5,2,2,2,2,1,4,3,7,1,1,29,26,"Male","Hispanic","South (AL, AR, DE, DC, FL, GA, KY, LA, MD, MS, NC, OK, SC, TN , TX, VA, WV)","None","In CBSA, in central city","YES","3: Mother","YES","YES","NO","NO","NO","0: 0  CONDITION DOES NOT APPLY","ALWAYS WITH RIGHT HAND","ALWAYS WITH RIGHT HAND","ALWAYS WITH RIGHT HAND","ALWAYS WITH RIGHT HAND","ALWAYS WITH LEFT HAND","1: 1  CONDITION APPLIES","1: 1  CONDITION APPLIES","YES","FEMALE","MALE"
1981,64735,3,0,3,33790,5,183,2,1,2,5,2,5,2,2,2,2,1,5,2,6,1,1,30,21,"Female","Non-Black / Non-Hispanic","South (AL, AR, DE, DC, FL, GA, KY, LA, MD, MS, NC, OK, SC, TN , TX, VA, WV)","High school diploma (Regular 12 year program)","In CBSA, in central city","NO","3: Mother","NO","YES","NO","NO","YES","0: 0  CONDITION DOES NOT APPLY","ALWAYS WITH RIGHT HAND","ALWAYS WITH RIGHT HAND","ALWAYS WITH RIGHT HAND","ALWAYS WITH RIGHT HAND","ALWAYS WITH LEFT HAND","1: 1  CONDITION APPLIES","1: 1  CONDITION APPLIES","NO","FEMALE","MALE"
1981,64735,2,0,2,33790,5,185,2,2,1,5,4,3,2,2,1,2,1,6,2,7,2,1,31,20,"Female","Non-Black / Non-Hispanic","South (AL, AR, DE, DC, FL, GA, KY, LA, MD, MS, NC, OK, SC, TN , TX, VA, WV)","High school diploma (Regular 12 year program)","In CBSA, in central city","NO","3: Mother","NO","YES","NO","NO","YES","0: 0  CONDITION DOES NOT APPLY","ALWAYS WITH RIGHT HAND","ALWAYS WITH RIGHT HAND","ALWAYS WITH RIGHT HAND","ALWAYS WITH RIGHT HAND","ALWAYS WITH LEFT HAND","1: 1  CONDITION APPLIES","1: 1  CONDITION APPLIES","NO","MALE","FEMALE"
1980,64735,4,0,1,33790,5,183,1,2,3,4,1,4,2,2,1,2,1,3,2,9,1,1,34,19,"Female","Non-Black / Non-Hispanic","South (AL, AR, DE, DC, FL, GA, KY, LA, MD, MS, NC, OK, SC, TN , TX, VA, WV)","High school diploma (Regular 12 year program)","In CBSA, not in central city","YES","3: Mother","NO","NO","NO","NO","YES","0: 0  CONDITION DOES NOT APPLY","ALWAYS WITH RIGHT HAND","ALWAYS WITH RIGHT HAND","USUALLY WITH BOTH HANDS EQUALLY","ALWAYS WITH RIGHT HAND","ALWAYS WITH LEFT HAND","1: 1  CONDITION APPLIES","1: 1  CONDITION APPLIES","YES","MALE","FEMALE"
1980,55000,1,0,1,33790,5,220,2,2,4,4,2,4,2,2,2,1,1,4,2,6,1,1,33,24,"Male","Non-Black / Non-Hispanic","West (AK, AZ, CA, CO, HI, ID, MT, NV, NM, OR, UT, WA, WY)","High school diploma (Regular 12 year program)","In CBSA, not in central city","YES","3: Mother","YES","NO","NO","NO","YES","0: 0  CONDITION DOES NOT APPLY","ALWAYS WITH RIGHT HAND","ALWAYS WITH RIGHT HAND","ALWAYS WITH RIGHT HAND","ALWAYS WITH RIGHT HAND","ALWAYS WITH LEFT HAND","1: 1  CONDITION APPLIES","0: 0  CONDITION DOES NOT APPLY","NO","MALE","MALE"
1984,64735,3,1,2,33790,6,183,2,1,3,4,2,6,2,2,2,2,1,5,2,7,1,1,31,20,"Female","Non-Black / Non-Hispanic","South (AL, AR, DE, DC, FL, GA, KY, LA, MD, MS, NC, OK, SC, TN , TX, VA, WV)","High school diploma (Regular 12 year program)","In CBSA, not in central city","NO","3: Mother","NO","NO","NO","NO","YES","0: 0  CONDITION DOES NOT APPLY","ALWAYS WITH RIGHT HAND","ALWAYS WITH RIGHT HAND","ALWAYS WITH RIGHT HAND","ALWAYS WITH RIGHT HAND","ALWAYS WITH LEFT HAND","1: 1  CONDITION APPLIES","1: 1  CONDITION APPLIES","YES","MALE","FEMALE"
1982,64735,4,0,4,33790,5,184,1,3,4,4,4,4,2,2,1,2,1,6,3,7,1,1,28,16,"Female","Non-Black / Non-Hispanic","North Central (IL, IN, IA, KS, MI, MN, MO, NE, OH, ND, SD, WI)","Bachelor's degree (BA, BS)","In CBSA, not in central city","NO","3: Mother","NO","NO","NO","NO","YES","0: 0  CONDITION DOES NOT APPLY","USUALLY WITH RIGHT HAND","ALWAYS WITH LEFT HAND","USUALLY WITH BOTH HANDS EQUALLY","ALWAYS WITH LEFT HAND","USUALLY WITH BOTH HANDS EQUALLY","1: 1  CONDITION APPLIES","1: 1  CONDITION APPLIES","NO","MALE","MALE"
1980,64735,2,0,2,33790,5,184,1,1,4,3,2,7,2,1,1,1,1,2,1,7,1,1,33,25,"Male","Non-Black / Non-Hispanic","South (AL, AR, DE, DC, FL, GA, KY, LA, MD, MS, NC, OK, SC, TN , TX, VA, WV)","High school diploma (Regular 12 year program)","In CBSA, not in central city","NO","3: Mother","NO","YES","YES","NO","YES","0: 0  CONDITION DOES NOT APPLY","ALWAYS WITH RIGHT HAND","ALWAYS WITH RIGHT HAND","ALWAYS WITH RIGHT HAND","ALWAYS WITH RIGHT HAND","ALWAYS WITH LEFT HAND","1: 1  CONDITION APPLIES","1: 1  CONDITION APPLIES","NO","FEMALE","MALE"
1984,64735,2,0,2,33790,5,183,2,3,2,3,3,4,2,2,2,2,1,4,3,8,1,1,35,22,"Female","Non-Black / Non-Hispanic","West (AK, AZ, CA, CO, HI, ID, MT, NV, NM, OR, UT, WA, WY)","High school diploma (Regular 12 year program)","In CBSA, not in central city","NO","3: Mother","NO","YES","NO","NO","NO","0: 0  CONDITION DOES NOT APPLY","ALWAYS WITH RIGHT HAND","ALWAYS WITH RIGHT HAND","ALWAYS WITH RIGHT HAND","ALWAYS WITH RIGHT HAND","ALWAYS WITH LEFT HAND","1: 1  CONDITION APPLIES","1: 1  CONDITION APPLIES","NO","FEMALE","FEMALE"
1982,64735,4,0,4,33790,5,184,2,2,1,5,3,5,1,2,1,2,1,6,1,5,1,1,35,22,"Male","Non-Black / Non-Hispanic","North Central (IL, IN, IA, KS, MI, MN, MO, NE, OH, ND, SD, WI)","Associate/Junior college (AA)","Not in CBSA","YES","3: Mother","YES","YES","NO","NO","YES","0: 0  CONDITION DOES NOT APPLY","ALWAYS WITH RIGHT HAND","ALWAYS WITH RIGHT HAND","ALWAYS WITH RIGHT HAND","ALWAYS WITH RIGHT HAND","ALWAYS WITH LEFT HAND","1: 1  CONDITION APPLIES","1: 1  CONDITION APPLIES","YES","MALE","FEMALE"
1983,64735,3,1,3,33790,5,130,2,1,2,3,4,5,2,2,1,2,1,6,3,6,1,1,1,12,"Female","Black","South (AL, AR, DE, DC, FL, GA, KY, LA, MD, MS, NC, OK, SC, TN , TX, VA, WV)","None","In CBSA, not in central city","NO","3: Mother","YES","YES","NO","NO","NO","0: 0  CONDITION DOES NOT APPLY","ALWAYS WITH RIGHT HAND","ALWAYS WITH RIGHT HAND","ALWAYS WITH RIGHT HAND","ALWAYS WITH RIGHT HAND","ALWAYS WITH LEFT HAND","1: 1  CONDITION APPLIES","1: 1  CONDITION APPLIES","YES","MALE","MALE"
1983,64735,3,0,1,33790,4,183,1,1,2,4,1,4,2,1,1,2,1,6,2,6,1,1,33,21,"Male","Black","Northeast (CT, ME, MA, NH, NJ, NY, PA, RI, VT)","High school diploma (Regular 12 year program)","In CBSA, in central city","NO","3: Mother","YES","NO","NO","NO","YES","0: 0  CONDITION DOES NOT APPLY","ALWAYS WITH RIGHT HAND","ALWAYS WITH RIGHT HAND","ALWAYS WITH RIGHT HAND","ALWAYS WITH RIGHT HAND","ALWAYS WITH LEFT HAND","1: 1  CONDITION APPLIES","1: 1  CONDITION APPLIES","NO","MALE","MALE"
1981,64735,2,1,2,33790,5,330,1,1,3,4,3,6,2,2,2,2,2,4,2,6,2,2,29,22,"Female","Black","South (AL, AR, DE, DC, FL, GA, KY, LA, MD, MS, NC, OK, SC, TN , TX, VA, WV)","High school diploma (Regular 12 year program)","In CBSA, in central city","YES","3: Mother","YES","NO","NO","NO","YES","0: 0  CONDITION DOES NOT APPLY","ALWAYS WITH RIGHT HAND","ALWAYS WITH RIGHT HAND","ALWAYS WITH RIGHT HAND","ALWAYS WITH RIGHT HAND","ALWAYS WITH LEFT HAND","1: 1  CONDITION APPLIES","1: 1  CONDITION APPLIES","NO","FEMALE","FEMALE"
1982,64735,4,0,3,33790,5,182,1,1,1,4,5,4,2,2,1,2,1,4,2,7,1,1,33,23,"Female","Non-Black / Non-Hispanic","South (AL, AR, DE, DC, FL, GA, KY, LA, MD, MS, NC, OK, SC, TN , TX, VA, WV)","High school diploma (Regular 12 year program)","Not in CBSA","NO","3: Mother","NO","YES","NO","NO","NO","0: 0  CONDITION DOES NOT APPLY","ALWAYS WITH RIGHT HAND","ALWAYS WITH RIGHT HAND","ALWAYS WITH RIGHT HAND","ALWAYS WITH RIGHT HAND","ALWAYS WITH LEFT HAND","1: 1  CONDITION APPLIES","1: 1  CONDITION APPLIES","NO","FEMALE","FEMALE"
1980,64735,2,1,2,33790,5,182,1,1,3,2,2,1,2,1,2,1,1,4,2,8,1,1,28,25,"Male","Non-Black / Non-Hispanic","South (AL, AR, DE, DC, FL, GA, KY, LA, MD, MS, NC, OK, SC, TN , TX, VA, WV)","Associate/Junior college (AA)","In CBSA, not in central city","YES","3: Mother","NO","NO","NO","NO","YES","0: 0  CONDITION DOES NOT APPLY","ALWAYS WITH RIGHT HAND","ALWAYS WITH RIGHT HAND","ALWAYS WITH RIGHT HAND","ALWAYS WITH RIGHT HAND","ALWAYS WITH LEFT HAND","1: 1  CONDITION APPLIES","0: 0  CONDITION DOES NOT APPLY","NO","FEMALE","MALE"
1981,64735,5,0,3,33790,5,182,1,1,2,4,2,3,2,2,1,2,1,6,2,7,1,3,29,21,"Female","Black","South (AL, AR, DE, DC, FL, GA, KY, LA, MD, MS, NC, OK, SC, TN , TX, VA, WV)","Bachelor's degree (BA, BS)","In CBSA, not in central city","NO","3: Mother","NO","YES","NO","NO","YES","0: 0  CONDITION DOES NOT APPLY","ALWAYS WITH RIGHT HAND","ALWAYS WITH RIGHT HAND","ALWAYS WITH RIGHT HAND","ALWAYS WITH RIGHT HAND","ALWAYS WITH LEFT HAND","1: 1  CONDITION APPLIES","1: 1  CONDITION APPLIES","NO","FEMALE","MALE"
1983,64735,5,1,3,33790,6,182,1,1,4,3,4,4,2,2,1,2,1,6,2,6,1,1,34,24,"Male","Non-Black / Non-Hispanic","South (AL, AR, DE, DC, FL, GA, KY, LA, MD, MS, NC, OK, SC, TN , TX, VA, WV)","High school diploma (Regular 12 year program)","In CBSA, not in central city","YES","3: Mother","YES","NO","NO","NO","YES","0: 0  CONDITION DOES NOT APPLY","ALWAYS WITH RIGHT HAND","ALWAYS WITH RIGHT HAND","ALWAYS WITH LEFT HAND","ALWAYS WITH RIGHT HAND","ALWAYS WITH LEFT HAND","1: 1  CONDITION APPLIES","1: 1  CONDITION APPLIES","NO","MALE","MALE"
1983,25250,3,0,1,33790,5,182,1,2,3,4,4,3,2,2,2,2,1,2,3,7,1,1,32,20,"Male","Non-Black / Non-Hispanic","South (AL, AR, DE, DC, FL, GA, KY, LA, MD, MS, NC, OK, SC, TN , TX, VA, WV)","Associate/Junior college (AA)","In CBSA, not known","NO","3: Mother","NO","NO","NO","NO","NO","0: 0  CONDITION DOES NOT APPLY","ALWAYS WITH RIGHT HAND","ALWAYS WITH RIGHT HAND","ALWAYS WITH RIGHT HAND","ALWAYS WITH RIGHT HAND","ALWAYS WITH RIGHT HAND","1: 1  CONDITION APPLIES","1: 1  CONDITION APPLIES","NO","FEMALE","MALE"
1982,64735,3,0,2,33790,5,181,1,2,3,4,2,3,2,2,2,2,1,4,3,9,2,1,31,19,"Female","Non-Black / Non-Hispanic","West (AK, AZ, CA, CO, HI, ID, MT, NV, NM, OR, UT, WA, WY)","High school diploma (Regular 12 year program)","In CBSA, not in central city","NO","3: Mother","YES","NO","NO","NO","NO","0: 0  CONDITION DOES NOT APPLY","ALWAYS WITH RIGHT HAND","ALWAYS WITH RIGHT HAND","ALWAYS WITH RIGHT HAND","ALWAYS WITH RIGHT HAND","ALWAYS WITH LEFT HAND","1: 1  CONDITION APPLIES","1: 1  CONDITION APPLIES","YES","MALE","FEMALE"
1982,64735,3,1,3,35000,5,182,2,1,1,3,5,4,2,2,1,2,1,4,3,7,3,1,30,21,"Female","Non-Black / Non-Hispanic","South (AL, AR, DE, DC, FL, GA, KY, LA, MD, MS, NC, OK, SC, TN , TX, VA, WV)","Bachelor's degree (BA, BS)","In CBSA, in central city","NO","3: Mother","NO","NO","NO","NO","YES","0: 0  CONDITION DOES NOT APPLY","ALWAYS WITH RIGHT HAND","ALWAYS WITH RIGHT HAND","ALWAYS WITH RIGHT HAND","ALWAYS WITH RIGHT HAND","ALWAYS WITH LEFT HAND","1: 1  CONDITION APPLIES","1: 1  CONDITION APPLIES","YES","FEMALE","MALE"
1984,64735,2,1,3,33790,5,182,1,2,3,3,5,2,2,2,2,2,1,6,3,7,1,1,32,26,"Female","Hispanic","South (AL, AR, DE, DC, FL, GA, KY, LA, MD, MS, NC, OK, SC, TN , TX, VA, WV)","High school diploma (Regular 12 year program)","In CBSA, not in central city","YES","3: Mother","YES","NO","NO","NO","YES","0: 0  CONDITION DOES NOT APPLY","ALWAYS WITH RIGHT HAND","ALWAYS WITH RIGHT HAND","ALWAYS WITH RIGHT HAND","ALWAYS WITH RIGHT HAND","USUALLY WITH BOTH HANDS EQUALLY","1: 1  CONDITION APPLIES","1: 1  CONDITION APPLIES","NO","MALE","MALE"
1980,64735,3,0,3,33790,5,370,1,1,1,4,3,5,2,2,1,2,1,2,2,6,1,1,32,21,"Male","Non-Black / Non-Hispanic","South (AL, AR, DE, DC, FL, GA, KY, LA, MD, MS, NC, OK, SC, TN , TX, VA, WV)","Bachelor's degree (BA, BS)","In CBSA, not in central city","NO","3: Mother","YES","NO","NO","NO","YES","0: 0  CONDITION DOES NOT APPLY","ALWAYS WITH RIGHT HAND","ALWAYS WITH RIGHT HAND","ALWAYS WITH RIGHT HAND","ALWAYS WITH RIGHT HAND","USUALLY WITH BOTH HANDS EQUALLY","1: 1  CONDITION APPLIES","1: 1  CONDITION APPLIES","NO","FEMALE","FEMALE"
1984,64735,3,1,4,50000,6,156,1,3,2,3,5,2,2,2,2,2,1,6,7,7,1,1,26,0,"Female","Non-Black / Non-Hispanic","South (AL, AR, DE, DC, FL, GA, KY, LA, MD, MS, NC, OK, SC, TN , TX, VA, WV)","Bachelor's degree (BA, BS)","In CBSA, not in central city","NO","3: Mother","NO","YES","YES","NO","NO","0: 0  CONDITION DOES NOT APPLY","ALWAYS WITH RIGHT HAND","ALWAYS WITH RIGHT HAND","ALWAYS WITH RIGHT HAND","ALWAYS WITH RIGHT HAND","ALWAYS WITH LEFT HAND","1: 1  CONDITION APPLIES","1: 1  CONDITION APPLIES","NO","FEMALE","FEMALE"
1984,64735,3,2,3,10000,5,165,2,2,2,3,4,4,2,2,2,2,1,3,2,6,1,1,33,20,"Male","Non-Black / Non-Hispanic","South (AL, AR, DE, DC, FL, GA, KY, LA, MD, MS, NC, OK, SC, TN , TX, VA, WV)","High school diploma (Regular 12 year program)","In CBSA, in central city","NO","3: Mother","NO","NO","NO","NO","NO","0: 0  CONDITION DOES NOT APPLY","ALWAYS WITH RIGHT HAND","ALWAYS WITH RIGHT HAND","ALWAYS WITH RIGHT HAND","ALWAYS WITH RIGHT HAND","ALWAYS WITH LEFT HAND","0: 0  CONDITION DOES NOT APPLY","1: 1  CONDITION APPLIES","YES","FEMALE","FEMALE"
1980,64735,5,1,5,33790,5,183,2,2,5,4,2,4,2,2,2,2,1,5,4,7,1,1,30,20,"Female","Non-Black / Non-Hispanic","South (AL, AR, DE, DC, FL, GA, KY, LA, MD, MS, NC, OK, SC, TN , TX, VA, WV)","High school diploma (Regular 12 year program)","In CBSA, not in central city","NO","3: Mother","YES","YES","NO","NO","NO","0: 0  CONDITION DOES NOT APPLY","ALWAYS WITH LEFT HAND","ALWAYS WITH RIGHT HAND","ALWAYS WITH LEFT HAND","ALWAYS WITH RIGHT HAND","ALWAYS WITH LEFT HAND","1: 1  CONDITION APPLIES","1: 1  CONDITION APPLIES","NO","MALE","FEMALE"
1983,64735,3,0,1,33790,5,140,1,1,1,3,4,3,2,2,1,2,1,6,1,7,2,1,31,22,"Female","Non-Black / Non-Hispanic","South (AL, AR, DE, DC, FL, GA, KY, LA, MD, MS, NC, OK, SC, TN , TX, VA, WV)","Bachelor's degree (BA, BS)","In CBSA, not in central city","NO","3: Mother","YES","NO","NO","NO","YES","0: 0  CONDITION DOES NOT APPLY","ALWAYS WITH RIGHT HAND","ALWAYS WITH RIGHT HAND","ALWAYS WITH RIGHT HAND","ALWAYS WITH RIGHT HAND","ALWAYS WITH LEFT HAND","1: 1  CONDITION APPLIES","1: 1  CONDITION APPLIES","NO","FEMALE","FEMALE"
1981,64735,2,0,6,33790,5,180,1,1,3,3,4,4,2,2,2,2,1,5,2,7,1,1,29,19,"Male","Non-Black / Non-Hispanic","South (AL, AR, DE, DC, FL, GA, KY, LA, MD, MS, NC, OK, SC, TN , TX, VA, WV)","Bachelor's degree (BA, BS)","In CBSA, in central city","NO","3: Mother","YES","NO","NO","NO","YES","0: 0  CONDITION DOES NOT APPLY","ALWAYS WITH RIGHT HAND","ALWAYS WITH RIGHT HAND","ALWAYS WITH RIGHT HAND","ALWAYS WITH RIGHT HAND","ALWAYS WITH LEFT HAND","0: 0  CONDITION DOES NOT APPLY","0: 0  CONDITION DOES NOT APPLY","NO","MALE","MALE"
1980,37500,4,0,2,33790,5,180,1,3,4,3,1,4,2,2,2,2,1,6,3,7,1,1,29,21,"Female","Non-Black / Non-Hispanic","West (AK, AZ, CA, CO, HI, ID, MT, NV, NM, OR, UT, WA, WY)","Associate/Junior college (AA)","In CBSA, not in central city","NO","3: Mother","YES","NO","NO","NO","YES","0: 0  CONDITION DOES NOT APPLY","ALWAYS WITH RIGHT HAND","ALWAYS WITH RIGHT HAND","USUALLY WITH BOTH HANDS EQUALLY","ALWAYS WITH RIGHT HAND","ALWAYS WITH LEFT HAND","1: 1  CONDITION APPLIES","1: 1  CONDITION APPLIES","NO","FEMALE","FEMALE"
1982,64735,4,1,1,33790,5,183,1,1,2,5,3,4,2,2,1,2,1,3,1,7,1,1,31,21,"Female","Non-Black / Non-Hispanic","South (AL, AR, DE, DC, FL, GA, KY, LA, MD, MS, NC, OK, SC, TN , TX, VA, WV)","High school diploma (Regular 12 year program)","In CBSA, not in central city","NO","3: Mother","NO","NO","NO","NO","YES","0: 0  CONDITION DOES NOT APPLY","ALWAYS WITH RIGHT HAND","ALWAYS WITH RIGHT HAND","ALWAYS WITH RIGHT HAND","ALWAYS WITH RIGHT HAND","ALWAYS WITH LEFT HAND","1: 1  CONDITION APPLIES","0: 0  CONDITION DOES NOT APPLY","NO","FEMALE","FEMALE"
1984,64735,3,0,1,33790,6,182,1,2,2,4,2,4,2,2,1,2,1,1,1,7,4,1,25,19,"Female","Non-Black / Non-Hispanic","South (AL, AR, DE, DC, FL, GA, KY, LA, MD, MS, NC, OK, SC, TN , TX, VA, WV)","GED","In CBSA, not in central city","NO","3: Mother","NO","NO","NO","NO","YES","0: 0  CONDITION DOES NOT APPLY","ALWAYS WITH RIGHT HAND","ALWAYS WITH RIGHT HAND","ALWAYS WITH RIGHT HAND","ALWAYS WITH RIGHT HAND","ALWAYS WITH LEFT HAND","1: 1  CONDITION APPLIES","1: 1  CONDITION APPLIES","NO","MALE","MALE"
1983,64735,2,0,4,33790,5,182,2,3,3,2,4,4,2,2,2,2,1,4,4,7,1,2,3,12,"Female","Non-Black / Non-Hispanic","North Central (IL, IN, IA, KS, MI, MN, MO, NE, OH, ND, SD, WI)","Associate/Junior college (AA)","Not in country","NO","3: Mother","YES","YES","NO","NO","YES","0: 0  CONDITION DOES NOT APPLY","ALWAYS WITH RIGHT HAND","ALWAYS WITH RIGHT HAND","ALWAYS WITH RIGHT HAND","ALWAYS WITH RIGHT HAND","ALWAYS WITH LEFT HAND","0: 0  CONDITION DOES NOT APPLY","1: 1  CONDITION APPLIES","NO","MALE","MALE"
1981,105000,4,0,3,33790,5,183,2,1,5,3,1,5,2,2,2,2,1,6,1,6,1,1,23,3,"Female","Non-Black / Non-Hispanic","South (AL, AR, DE, DC, FL, GA, KY, LA, MD, MS, NC, OK, SC, TN , TX, VA, WV)","High school diploma (Regular 12 year program)","In CBSA, not in central city","NO","3: Mother","YES","NO","YES","NO","NO","0: 0  CONDITION DOES NOT APPLY","ALWAYS WITH RIGHT HAND","ALWAYS WITH RIGHT HAND","ALWAYS WITH RIGHT HAND","ALWAYS WITH RIGHT HAND","ALWAYS WITH LEFT HAND","1: 1  CONDITION APPLIES","1: 1  CONDITION APPLIES","NO","MALE","FEMALE"
1981,64735,7,1,2,33790,5,181,1,1,3,3,4,2,2,2,2,2,1,2,6,4,1,1,29,18,"Female","Hispanic","South (AL, AR, DE, DC, FL, GA, KY, LA, MD, MS, NC, OK, SC, TN , TX, VA, WV)","GED","In CBSA, in central city","NO","3: Mother","YES","NO","YES","NO","NO","0: 0  CONDITION DOES NOT APPLY","ALWAYS WITH RIGHT HAND","ALWAYS WITH RIGHT HAND","ALWAYS WITH RIGHT HAND","ALWAYS WITH RIGHT HAND","ALWAYS WITH LEFT HAND","0: 0  CONDITION DOES NOT APPLY","1: 1  CONDITION APPLIES","NO","MALE","FEMALE"
1982,64735,1,0,3,33790,5,250,1,2,1,4,4,4,2,2,2,2,1,1,2,8,6,1,27,22,"Male","Non-Black / Non-Hispanic","South (AL, AR, DE, DC, FL, GA, KY, LA, MD, MS, NC, OK, SC, TN , TX, VA, WV)","Associate/Junior college (AA)","In CBSA, not in central city","NO","3: Mother","NO","YES","NO","NO","YES","0: 0  CONDITION DOES NOT APPLY","ALWAYS WITH RIGHT HAND","ALWAYS WITH RIGHT HAND","ALWAYS WITH RIGHT HAND","ALWAYS WITH RIGHT HAND","ALWAYS WITH LEFT HAND","1: 1  CONDITION APPLIES","0: 0  CONDITION DOES NOT APPLY","NO","FEMALE","MALE"
1983,109000,2,0,3,33790,5,183,1,2,2,5,2,4,2,2,2,2,1,6,2,6,1,1,31,22,"Male","Black","North Central (IL, IN, IA, KS, MI, MN, MO, NE, OH, ND, SD, WI)","None","In CBSA, not in central city","NO","3: Mother","YES","YES","NO","NO","YES","0: 0  CONDITION DOES NOT APPLY","ALWAYS WITH RIGHT HAND","ALWAYS WITH RIGHT HAND","ALWAYS WITH LEFT HAND","ALWAYS WITH RIGHT HAND","ALWAYS WITH LEFT HAND","1: 1  CONDITION APPLIES","0: 0  CONDITION DOES NOT APPLY","NO","FEMALE","MALE"
1980,64735,3,1,5,33790,6,184,1,1,3,3,1,3,2,2,2,2,1,6,1,6,1,1,30,22,"Male","Non-Black / Non-Hispanic","South (AL, AR, DE, DC, FL, GA, KY, LA, MD, MS, NC, OK, SC, TN , TX, VA, WV)","High school diploma (Regular 12 year program)","In CBSA, in central city","NO","3: Mother","YES","YES","NO","NO","NO","0: 0  CONDITION DOES NOT APPLY","ALWAYS WITH RIGHT HAND","ALWAYS WITH RIGHT HAND","ALWAYS WITH RIGHT HAND","ALWAYS WITH RIGHT HAND","ALWAYS WITH LEFT HAND","1: 1  CONDITION APPLIES","1: 1  CONDITION APPLIES","NO","MALE","FEMALE"
1980,64735,5,0,2,33790,5,181,1,2,2,3,2,5,1,2,2,2,1,6,1,7,1,1,31,21,"Female","Black","Northeast (CT, ME, MA, NH, NJ, NY, PA, RI, VT)","High school diploma (Regular 12 year program)","In CBSA, in central city","NO","3: Mother","YES","YES","NO","NO","YES","0: 0  CONDITION DOES NOT APPLY","ALWAYS WITH RIGHT HAND","ALWAYS WITH RIGHT HAND","ALWAYS WITH RIGHT HAND","ALWAYS WITH RIGHT HAND","ALWAYS WITH LEFT HAND","1: 1  CONDITION APPLIES","1: 1  CONDITION APPLIES","NO","MALE","FEMALE"
1983,64735,5,0,2,33790,5,182,1,1,2,3,1,2,2,2,1,2,1,1,1,7,1,1,33,27,"Male","Black","West (AK, AZ, CA, CO, HI, ID, MT, NV, NM, OR, UT, WA, WY)","High school diploma (Regular 12 year program)","In CBSA, not in central city","YES","3: Mother","NO","YES","NO","NO","YES","0: 0  CONDITION DOES NOT APPLY","ALWAYS WITH RIGHT HAND","ALWAYS WITH RIGHT HAND","ALWAYS WITH RIGHT HAND","ALWAYS WITH RIGHT HAND","ALWAYS WITH LEFT HAND","1: 1  CONDITION APPLIES","1: 1  CONDITION APPLIES","NO","MALE","MALE"
1984,64735,4,0,4,33790,5,183,1,1,3,3,2,3,2,2,2,2,2,4,3,7,1,1,31,23,"Female","Non-Black / Non-Hispanic","South (AL, AR, DE, DC, FL, GA, KY, LA, MD, MS, NC, OK, SC, TN , TX, VA, WV)","High school diploma (Regular 12 year program)","In CBSA, not in central city","NO","3: Mother","YES","NO","YES","NO","YES","0: 0  CONDITION DOES NOT APPLY","ALWAYS WITH RIGHT HAND","ALWAYS WITH RIGHT HAND","ALWAYS WITH RIGHT HAND","USUALLY WITH BOTH HANDS EQUALLY","ALWAYS WITH LEFT HAND","1: 1  CONDITION APPLIES","1: 1  CONDITION APPLIES","NO","FEMALE","MALE"
1980,64735,2,0,4,33790,5,184,1,1,3,2,2,4,2,1,2,2,2,1,6,6,1,1,31,24,"Male","Hispanic","South (AL, AR, DE, DC, FL, GA, KY, LA, MD, MS, NC, OK, SC, TN , TX, VA, WV)","GED","In CBSA, in central city","NO","3: Mother","NO","NO","YES","NO","YES","0: 0  CONDITION DOES NOT APPLY","ALWAYS WITH RIGHT HAND","ALWAYS WITH RIGHT HAND","ALWAYS WITH RIGHT HAND","ALWAYS WITH RIGHT HAND","ALWAYS WITH LEFT HAND","1: 1  CONDITION APPLIES","1: 1  CONDITION APPLIES","NO","FEMALE","FEMALE"
1984,64735,4,0,1,15000,5,182,2,1,4,5,4,4,2,2,1,2,2,7,1,6,1,1,34,23,"Female","Black","South (AL, AR, DE, DC, FL, GA, KY, LA, MD, MS, NC, OK, SC, TN , TX, VA, WV)","High school diploma (Regular 12 year program)","In CBSA, not in central city","NO","3: Mother","YES","YES","NO","NO","YES","0: 0  CONDITION DOES NOT APPLY","USUALLY WITH RIGHT HAND","USUALLY WITH RIGHT HAND","USUALLY WITH BOTH HANDS EQUALLY","USUALLY WITH BOTH HANDS EQUALLY","USUALLY WITH RIGHT HAND","1: 1  CONDITION APPLIES","1: 1  CONDITION APPLIES","NO","FEMALE","MALE"
1982,64735,4,0,1,33790,5,105,2,2,3,3,6,4,1,1,1,2,2,5,2,7,1,1,32,20,"Male","Non-Black / Non-Hispanic","South (AL, AR, DE, DC, FL, GA, KY, LA, MD, MS, NC, OK, SC, TN , TX, VA, WV)","High school diploma (Regular 12 year program)","In CBSA, not in central city","NO","3: Mother","YES","YES","NO","NO","YES","0: 0  CONDITION DOES NOT APPLY","ALWAYS WITH RIGHT HAND","ALWAYS WITH RIGHT HAND","ALWAYS WITH RIGHT HAND","ALWAYS WITH RIGHT HAND","ALWAYS WITH LEFT HAND","1: 1  CONDITION APPLIES","1: 1  CONDITION APPLIES","NO","FEMALE","FEMALE"
1981,61640,4,1,1,33790,5,183,1,2,3,4,1,6,2,2,1,1,1,8,4,7,1,1,32,21,"Female","Non-Black / Non-Hispanic","South (AL, AR, DE, DC, FL, GA, KY, LA, MD, MS, NC, OK, SC, TN , TX, VA, WV)","High school diploma (Regular 12 year program)","In CBSA, in central city","NO","3: Mother","NO","YES","NO","NO","YES","0: 0  CONDITION DOES NOT APPLY","ALWAYS WITH RIGHT HAND","ALWAYS WITH RIGHT HAND","ALWAYS WITH RIGHT HAND","ALWAYS WITH RIGHT HAND","ALWAYS WITH LEFT HAND","1: 1  CONDITION APPLIES","1: 1  CONDITION APPLIES","NO","MALE","FEMALE"
1983,64735,4,0,1,33790,5,183,1,2,2,2,5,3,2,2,1,2,1,5,2,5,1,1,55,31,"Male","Non-Black / Non-Hispanic","West (AK, AZ, CA, CO, HI, ID, MT, NV, NM, OR, UT, WA, WY)","High school diploma (Regular 12 year program)","In CBSA, in central city","YES","3: Mother","NO","NO","NO","NO","YES","0: 0  CONDITION DOES NOT APPLY","USUALLY WITH RIGHT HAND","ALWAYS WITH RIGHT HAND","ALWAYS WITH LEFT HAND","USUALLY WITH RIGHT HAND","ALWAYS WITH LEFT HAND","1: 1  CONDITION APPLIES","1: 1  CONDITION APPLIES","NO","FEMALE","FEMALE"
1982,64735,4,0,1,33790,6,182,1,1,3,5,2,4,2,2,2,1,1,3,2,6,1,1,30,19,"Male","Hispanic","South (AL, AR, DE, DC, FL, GA, KY, LA, MD, MS, NC, OK, SC, TN , TX, VA, WV)","GED","In CBSA, in central city","NO","3: Mother","NO","NO","NO","NO","NO","0: 0  CONDITION DOES NOT APPLY","ALWAYS WITH RIGHT HAND","ALWAYS WITH RIGHT HAND","ALWAYS WITH RIGHT HAND","ALWAYS WITH RIGHT HAND","ALWAYS WITH LEFT HAND","1: 1  CONDITION APPLIES","1: 1  CONDITION APPLIES","NO","FEMALE","FEMALE"
1981,64735,3,1,1,33790,5,183,1,2,1,4,3,3,1,2,1,2,2,5,3,7,1,1,30,22,"Female","Non-Black / Non-Hispanic","Northeast (CT, ME, MA, NH, NJ, NY, PA, RI, VT)","Bachelor's degree (BA, BS)","In CBSA, not in central city","NO","3: Mother","YES","NO","YES","NO","YES","0: 0  CONDITION DOES NOT APPLY","ALWAYS WITH RIGHT HAND","ALWAYS WITH RIGHT HAND","ALWAYS WITH RIGHT HAND","ALWAYS WITH RIGHT HAND","ALWAYS WITH LEFT HAND","1: 1  CONDITION APPLIES","1: 1  CONDITION APPLIES","NO","FEMALE","MALE"
1982,64735,3,0,3,33790,6,182,1,2,3,3,5,5,2,1,1,2,1,6,3,7,1,1,39,57,"Male","Non-Black / Non-Hispanic","South (AL, AR, DE, DC, FL, GA, KY, LA, MD, MS, NC, OK, SC, TN , TX, VA, WV)","Bachelor's degree (BA, BS)","In CBSA, in central city","YES","3: Mother","YES","NO","NO","NO","YES","0: 0  CONDITION DOES NOT APPLY","ALWAYS WITH RIGHT HAND","ALWAYS WITH RIGHT HAND","ALWAYS WITH RIGHT HAND","ALWAYS WITH RIGHT HAND","ALWAYS WITH LEFT HAND","1: 1  CONDITION APPLIES","1: 1  CONDITION APPLIES","NO","FEMALE","MALE"
1982,64735,4,1,3,33790,5,184,2,2,3,3,2,3,2,1,1,2,2,6,3,6,1,1,31,21,"Male","Black","West (AK, AZ, CA, CO, HI, ID, MT, NV, NM, OR, UT, WA, WY)","GED","In CBSA, in central city","NO","3: Mother","NO","NO","NO","NO","YES","0: 0  CONDITION DOES NOT APPLY","ALWAYS WITH RIGHT HAND","ALWAYS WITH RIGHT HAND","ALWAYS WITH RIGHT HAND","ALWAYS WITH RIGHT HAND","ALWAYS WITH LEFT HAND","1: 1  CONDITION APPLIES","1: 1  CONDITION APPLIES","NO","FEMALE","MALE"
1984,64735,4,1,2,33790,5,183,1,1,2,3,2,2,2,2,1,1,1,6,3,7,1,1,25,19,"Female","Hispanic","South (AL, AR, DE, DC, FL, GA, KY, LA, MD, MS, NC, OK, SC, TN , TX, VA, WV)","High school diploma (Regular 12 year program)","In CBSA, in central city","NO","3: Mother","NO","NO","NO","NO","YES","0: 0  CONDITION DOES NOT APPLY","ALWAYS WITH RIGHT HAND","ALWAYS WITH RIGHT HAND","ALWAYS WITH RIGHT HAND","ALWAYS WITH RIGHT HAND","ALWAYS WITH LEFT HAND","1: 1  CONDITION APPLIES","1: 1  CONDITION APPLIES","YES","FEMALE","FEMALE"
1984,64735,5,0,1,33790,5,183,1,2,2,3,2,3,2,1,2,1,1,8,3,7,1,1,31,21,"Male","Black","South (AL, AR, DE, DC, FL, GA, KY, LA, MD, MS, NC, OK, SC, TN , TX, VA, WV)","High school diploma (Regular 12 year program)","In CBSA, not in central city","YES","3: Mother","NO","YES","NO","YES","YES","0: 0  CONDITION DOES NOT APPLY","ALWAYS WITH RIGHT HAND","ALWAYS WITH RIGHT HAND","ALWAYS WITH RIGHT HAND","USUALLY WITH RIGHT HAND","ALWAYS WITH LEFT HAND","1: 1  CONDITION APPLIES","1: 1  CONDITION APPLIES","NO","FEMALE","MALE"
1983,64735,1,1,2,40000,5,183,1,2,6,3,4,4,2,2,2,2,1,6,2,7,1,1,33,23,"Male","Non-Black / Non-Hispanic","North Central (IL, IN, IA, KS, MI, MN, MO, NE, OH, ND, SD, WI)","Bachelor's degree (BA, BS)","In CBSA, not in central city","NO","3: Mother","YES","NO","NO","YES","NO","0: 0  CONDITION DOES NOT APPLY","ALWAYS WITH RIGHT HAND","ALWAYS WITH RIGHT HAND","ALWAYS WITH RIGHT HAND","ALWAYS WITH RIGHT HAND","ALWAYS WITH LEFT HAND","1: 1  CONDITION APPLIES","1: 1  CONDITION APPLIES","NO","FEMALE","MALE"
1983,64735,3,0,2,33790,6,185,1,1,3,4,3,2,1,2,2,1,1,6,4,5,1,1,41,57,"Female","Non-Black / Non-Hispanic","South (AL, AR, DE, DC, FL, GA, KY, LA, MD, MS, NC, OK, SC, TN , TX, VA, WV)","High school diploma (Regular 12 year program)","In CBSA, not in central city","NO","3: Mother","YES","YES","YES","NO","YES","0: 0  CONDITION DOES NOT APPLY","ALWAYS WITH RIGHT HAND","ALWAYS WITH RIGHT HAND","ALWAYS WITH RIGHT HAND","ALWAYS WITH RIGHT HAND","ALWAYS WITH LEFT HAND","1: 1  CONDITION APPLIES","1: 1  CONDITION APPLIES","NO","FEMALE","MALE"
1983,64735,5,1,5,33790,5,182,1,1,1,2,2,2,1,2,1,2,1,6,3,7,1,1,33,21,"Female","Black","South (AL, AR, DE, DC, FL, GA, KY, LA, MD, MS, NC, OK, SC, TN , TX, VA, WV)","GED","In CBSA, not in central city","NO","3: Mother","NO","YES","NO","NO","YES","0: 0  CONDITION DOES NOT APPLY","ALWAYS WITH LEFT HAND","ALWAYS WITH RIGHT HAND","ALWAYS WITH RIGHT HAND","ALWAYS WITH RIGHT HAND","ALWAYS WITH RIGHT HAND","1: 1  CONDITION APPLIES","1: 1  CONDITION APPLIES","NO","FEMALE","MALE"
1983,64735,2,0,2,33790,5,183,1,2,2,3,3,3,2,2,1,2,1,3,2,7,1,1,35,22,"Female","Mixed Race (Non-Hispanic)","South (AL, AR, DE, DC, FL, GA, KY, LA, MD, MS, NC, OK, SC, TN , TX, VA, WV)","GED","In CBSA, not in central city","NO","3: Mother","NO","YES","NO","NO","YES","0: 0  CONDITION DOES NOT APPLY","ALWAYS WITH RIGHT HAND","ALWAYS WITH RIGHT HAND","ALWAYS WITH RIGHT HAND","ALWAYS WITH RIGHT HAND","ALWAYS WITH RIGHT HAND","1: 1  CONDITION APPLIES","1: 1  CONDITION APPLIES","NO","FEMALE","MALE"
1981,64735,7,0,4,33790,5,110,1,1,2,3,3,4,1,1,2,1,1,6,3,6,1,1,57,30,"Male","Non-Black / Non-Hispanic","South (AL, AR, DE, DC, FL, GA, KY, LA, MD, MS, NC, OK, SC, TN , TX, VA, WV)","Bachelor's degree (BA, BS)","In CBSA, in central city","YES","3: Mother","NO","NO","NO","NO","YES","0: 0  CONDITION DOES NOT APPLY","ALWAYS WITH RIGHT HAND","ALWAYS WITH RIGHT HAND","ALWAYS WITH RIGHT HAND","ALWAYS WITH RIGHT HAND","ALWAYS WITH LEFT HAND","1: 1  CONDITION APPLIES","1: 1  CONDITION APPLIES","NO","FEMALE","MALE"
1980,64735,3,0,2,33790,5,182,1,2,3,3,6,2,1,2,2,2,2,2,1,7,1,1,32,20,"Female","Non-Black / Non-Hispanic","South (AL, AR, DE, DC, FL, GA, KY, LA, MD, MS, NC, OK, SC, TN , TX, VA, WV)","Bachelor's degree (BA, BS)","In CBSA, in central city","NO","3: Mother","YES","NO","NO","NO","YES","0: 0  CONDITION DOES NOT APPLY","ALWAYS WITH RIGHT HAND","ALWAYS WITH RIGHT HAND","ALWAYS WITH RIGHT HAND","ALWAYS WITH RIGHT HAND","ALWAYS WITH LEFT HAND","1: 1  CONDITION APPLIES","1: 1  CONDITION APPLIES","NO","MALE","MALE"
1980,64735,4,0,5,33790,5,183,2,2,6,1,3,3,2,2,1,2,1,2,2,6,3,1,32,21,"Male","Non-Black / Non-Hispanic","Northeast (CT, ME, MA, NH, NJ, NY, PA, RI, VT)","High school diploma (Regular 12 year program)","In CBSA, not in central city","NO","3: Mother","YES","YES","NO","NO","YES","0: 0  CONDITION DOES NOT APPLY","ALWAYS WITH RIGHT HAND","ALWAYS WITH RIGHT HAND","ALWAYS WITH RIGHT HAND","ALWAYS WITH RIGHT HAND","ALWAYS WITH LEFT HAND","1: 1  CONDITION APPLIES","1: 1  CONDITION APPLIES","NO","MALE","MALE"
1984,64735,5,1,3,33790,6,185,1,1,2,2,3,4,2,2,1,2,1,6,2,5,1,1,30,21,"Male","Non-Black / Non-Hispanic","South (AL, AR, DE, DC, FL, GA, KY, LA, MD, MS, NC, OK, SC, TN , TX, VA, WV)","High school diploma (Regular 12 year program)","In CBSA, not in central city","YES","3: Mother","NO","NO","NO","NO","YES","0: 0  CONDITION DOES NOT APPLY","ALWAYS WITH RIGHT HAND","ALWAYS WITH RIGHT HAND","ALWAYS WITH RIGHT HAND","ALWAYS WITH RIGHT HAND","ALWAYS WITH LEFT HAND","1: 1  CONDITION APPLIES","1: 1  CONDITION APPLIES","NO","FEMALE","MALE"
1985,64735,3,1,1,33790,5,182,2,1,3,8,2,4,1,2,1,1,1,6,5,7,1,1,26,18,"Female","Non-Black / Non-Hispanic","West (AK, AZ, CA, CO, HI, ID, MT, NV, NM, OR, UT, WA, WY)","GED","In CBSA, not in central city","NO","3: Mother","YES","NO","YES","NO","YES","0: 0  CONDITION DOES NOT APPLY","ALWAYS WITH RIGHT HAND","ALWAYS WITH RIGHT HAND","ALWAYS WITH RIGHT HAND","ALWAYS WITH RIGHT HAND","ALWAYS WITH LEFT HAND","1: 1  CONDITION APPLIES","1: 1  CONDITION APPLIES","NO","MALE","FEMALE"
1981,64735,4,0,2,39000,5,184,1,1,5,4,4,6,2,2,1,1,1,6,2,6,1,1,24,20,"Male","Hispanic","West (AK, AZ, CA, CO, HI, ID, MT, NV, NM, OR, UT, WA, WY)","Associate/Junior college (AA)","In CBSA, not in central city","NO","3: Mother","YES","NO","YES","NO","YES","0: 0  CONDITION DOES NOT APPLY","ALWAYS WITH RIGHT HAND","ALWAYS WITH RIGHT HAND","ALWAYS WITH RIGHT HAND","ALWAYS WITH RIGHT HAND","ALWAYS WITH LEFT HAND","1: 1  CONDITION APPLIES","1: 1  CONDITION APPLIES","NO","MALE","FEMALE"
1984,185000,3,0,1,33790,5,182,1,2,3,4,5,4,2,1,1,2,1,6,2,7,1,1,29,19,"Male","Non-Black / Non-Hispanic","South (AL, AR, DE, DC, FL, GA, KY, LA, MD, MS, NC, OK, SC, TN , TX, VA, WV)","Professional degree (DDS, JD, MD)","Not in CBSA","NO","3: Mother","YES","NO","NO","NO","YES","0: 0  CONDITION DOES NOT APPLY","ALWAYS WITH RIGHT HAND","ALWAYS WITH RIGHT HAND","ALWAYS WITH RIGHT HAND","ALWAYS WITH RIGHT HAND","ALWAYS WITH LEFT HAND","1: 1  CONDITION APPLIES","1: 1  CONDITION APPLIES","NO","FEMALE","MALE"
1982,64735,3,1,2,33790,5,185,1,1,3,5,6,2,1,2,2,1,1,3,2,6,1,1,35,20,"Male","Non-Black / Non-Hispanic","South (AL, AR, DE, DC, FL, GA, KY, LA, MD, MS, NC, OK, SC, TN , TX, VA, WV)","High school diploma (Regular 12 year program)","In CBSA, not in central city","NO","3: Mother","NO","NO","NO","NO","YES","1: 1  CONDITION APPLIES","ALWAYS WITH RIGHT HAND","ALWAYS WITH RIGHT HAND","ALWAYS WITH RIGHT HAND","ALWAYS WITH RIGHT HAND","ALWAYS WITH RIGHT HAND","1: 1  CONDITION APPLIES","1: 1  CONDITION APPLIES","NO","MALE","MALE"
1985,64735,5,0,2,33790,5,180,2,2,5,2,1,6,1,2,1,2,1,3,2,6,1,1,32,22,"Male","Non-Black / Non-Hispanic","South (AL, AR, DE, DC, FL, GA, KY, LA, MD, MS, NC, OK, SC, TN , TX, VA, WV)","High school diploma (Regular 12 year program)","In CBSA, not in central city","YES","3: Mother","YES","YES","NO","NO","YES","0: 0  CONDITION DOES NOT APPLY","ALWAYS WITH RIGHT HAND","ALWAYS WITH RIGHT HAND","ALWAYS WITH RIGHT HAND","ALWAYS WITH RIGHT HAND","ALWAYS WITH LEFT HAND","1: 1  CONDITION APPLIES","1: 1  CONDITION APPLIES","NO","FEMALE","FEMALE"
1982,64735,5,1,2,33790,5,182,1,2,3,4,7,6,1,2,1,2,1,3,3,6,1,1,29,19,"Female","Non-Black / Non-Hispanic","South (AL, AR, DE, DC, FL, GA, KY, LA, MD, MS, NC, OK, SC, TN , TX, VA, WV)","GED","In CBSA, in central city","NO","3: Mother","YES","YES","NO","NO","NO","0: 0  CONDITION DOES NOT APPLY","ALWAYS WITH RIGHT HAND","ALWAYS WITH RIGHT HAND","ALWAYS WITH RIGHT HAND","ALWAYS WITH RIGHT HAND","ALWAYS WITH LEFT HAND","1: 1  CONDITION APPLIES","1: 1  CONDITION APPLIES","YES","FEMALE","FEMALE"
1980,64735,2,0,1,40000,5,182,1,2,3,3,1,6,2,2,1,2,1,6,2,6,1,1,31,24,"Female","Non-Black / Non-Hispanic","North Central (IL, IN, IA, KS, MI, MN, MO, NE, OH, ND, SD, WI)","Bachelor's degree (BA, BS)","In CBSA, not in central city","NO","3: Mother","YES","YES","NO","NO","NO","0: 0  CONDITION DOES NOT APPLY","ALWAYS WITH RIGHT HAND","ALWAYS WITH RIGHT HAND","ALWAYS WITH RIGHT HAND","ALWAYS WITH RIGHT HAND","ALWAYS WITH LEFT HAND","1: 1  CONDITION APPLIES","1: 1  CONDITION APPLIES","NO","MALE","MALE"
1983,64735,4,0,1,33790,5,181,1,1,1,3,2,3,1,1,2,2,2,3,1,7,1,1,50,27,"Male","Hispanic","South (AL, AR, DE, DC, FL, GA, KY, LA, MD, MS, NC, OK, SC, TN , TX, VA, WV)","High school diploma (Regular 12 year program)","In CBSA, in central city","YES","3: Mother","NO","NO","YES","NO","YES","0: 0  CONDITION DOES NOT APPLY","ALWAYS WITH RIGHT HAND","ALWAYS WITH RIGHT HAND","ALWAYS WITH RIGHT HAND","ALWAYS WITH RIGHT HAND","USUALLY WITH BOTH HANDS EQUALLY","1: 1  CONDITION APPLIES","1: 1  CONDITION APPLIES","YES","MALE","MALE"
1984,64735,6,2,2,33790,5,185,2,3,2,5,1,1,2,2,1,2,1,3,3,7,1,1,29,16,"Male","Non-Black / Non-Hispanic","Northeast (CT, ME, MA, NH, NJ, NY, PA, RI, VT)","High school diploma (Regular 12 year program)","In CBSA, in central city","YES","3: Mother","YES","NO","NO","NO","YES","0: 0  CONDITION DOES NOT APPLY","ALWAYS WITH RIGHT HAND","ALWAYS WITH LEFT HAND","ALWAYS WITH RIGHT HAND","ALWAYS WITH RIGHT HAND","ALWAYS WITH LEFT HAND","1: 1  CONDITION APPLIES","1: 1  CONDITION APPLIES","NO","MALE","FEMALE"
1984,64735,2,1,2,33790,5,180,1,1,2,4,4,5,2,2,1,2,1,6,2,6,1,1,33,26,"Female","Non-Black / Non-Hispanic","Northeast (CT, ME, MA, NH, NJ, NY, PA, RI, VT)","Bachelor's degree (BA, BS)","In CBSA, in central city","NO","3: Mother","YES","NO","NO","NO","YES","0: 0  CONDITION DOES NOT APPLY","USUALLY WITH RIGHT HAND","ALWAYS WITH RIGHT HAND","ALWAYS WITH RIGHT HAND","ALWAYS WITH RIGHT HAND","ALWAYS WITH LEFT HAND","1: 1  CONDITION APPLIES","1: 1  CONDITION APPLIES","NO","FEMALE","MALE"
1981,64735,2,0,2,33790,5,183,1,2,4,4,4,3,2,2,1,2,1,4,1,7,1,1,30,24,"Male","Non-Black / Non-Hispanic","South (AL, AR, DE, DC, FL, GA, KY, LA, MD, MS, NC, OK, SC, TN , TX, VA, WV)","GED","In CBSA, in central city","NO","3: Mother","YES","NO","NO","NO","NO","0: 0  CONDITION DOES NOT APPLY","ALWAYS WITH RIGHT HAND","ALWAYS WITH RIGHT HAND","ALWAYS WITH RIGHT HAND","ALWAYS WITH RIGHT HAND","ALWAYS WITH LEFT HAND","1: 1  CONDITION APPLIES","0: 0  CONDITION DOES NOT APPLY","NO","FEMALE","FEMALE"
1981,64735,3,0,1,70000,5,181,1,1,3,4,6,5,2,2,1,2,1,3,2,6,1,1,33,19,"Male","Non-Black / Non-Hispanic","South (AL, AR, DE, DC, FL, GA, KY, LA, MD, MS, NC, OK, SC, TN , TX, VA, WV)","Bachelor's degree (BA, BS)","Not in country","NO","3: Mother","NO","NO","NO","NO","YES","0: 0  CONDITION DOES NOT APPLY","ALWAYS WITH RIGHT HAND","ALWAYS WITH RIGHT HAND","ALWAYS WITH RIGHT HAND","USUALLY WITH RIGHT HAND","ALWAYS WITH LEFT HAND","1: 1  CONDITION APPLIES","1: 1  CONDITION APPLIES","NO","FEMALE","MALE"
1982,64735,3,0,2,5000,6,210,1,1,2,4,1,3,2,2,1,2,1,6,2,7,2,1,28,22,"Male","Hispanic","South (AL, AR, DE, DC, FL, GA, KY, LA, MD, MS, NC, OK, SC, TN , TX, VA, WV)","Bachelor's degree (BA, BS)","In CBSA, not in central city","NO","3: Mother","NO","NO","NO","NO","YES","0: 0  CONDITION DOES NOT APPLY","ALWAYS WITH RIGHT HAND","ALWAYS WITH RIGHT HAND","ALWAYS WITH RIGHT HAND","ALWAYS WITH RIGHT HAND","ALWAYS WITH LEFT HAND","1: 1  CONDITION APPLIES","1: 1  CONDITION APPLIES","NO","FEMALE","MALE"
1983,64735,1,0,1,33790,5,184,1,2,1,4,3,3,2,2,2,2,2,6,2,7,1,1,31,23,"Male","Black","South (AL, AR, DE, DC, FL, GA, KY, LA, MD, MS, NC, OK, SC, TN , TX, VA, WV)","High school diploma (Regular 12 year program)","In CBSA, in central city","NO","3: Mother","YES","NO","YES","NO","YES","0: 0  CONDITION DOES NOT APPLY","ALWAYS WITH RIGHT HAND","ALWAYS WITH RIGHT HAND","ALWAYS WITH RIGHT HAND","ALWAYS WITH RIGHT HAND","ALWAYS WITH LEFT HAND","1: 1  CONDITION APPLIES","1: 1  CONDITION APPLIES","NO","FEMALE","MALE"
1983,64735,2,0,3,33790,5,180,1,1,6,3,2,4,2,1,2,1,1,3,3,8,1,1,32,22,"Male","Non-Black / Non-Hispanic","South (AL, AR, DE, DC, FL, GA, KY, LA, MD, MS, NC, OK, SC, TN , TX, VA, WV)","GED","In CBSA, not in central city","NO","3: Mother","NO","YES","NO","NO","YES","0: 0  CONDITION DOES NOT APPLY","ALWAYS WITH RIGHT HAND","ALWAYS WITH RIGHT HAND","ALWAYS WITH RIGHT HAND","ALWAYS WITH RIGHT HAND","ALWAYS WITH LEFT HAND","1: 1  CONDITION APPLIES","1: 1  CONDITION APPLIES","YES","FEMALE","FEMALE"
1980,55000,4,0,1,33790,5,216,2,3,3,4,4,4,1,1,1,1,1,6,2,7,1,1,31,18,"Female","Hispanic","South (AL, AR, DE, DC, FL, GA, KY, LA, MD, MS, NC, OK, SC, TN , TX, VA, WV)","High school diploma (Regular 12 year program)","In CBSA, in central city","NO","3: Mother","YES","NO","NO","NO","YES","0: 0  CONDITION DOES NOT APPLY","ALWAYS WITH RIGHT HAND","ALWAYS WITH RIGHT HAND","ALWAYS WITH RIGHT HAND","ALWAYS WITH RIGHT HAND","ALWAYS WITH LEFT HAND","1: 1  CONDITION APPLIES","1: 1  CONDITION APPLIES","YES","MALE","FEMALE"
1983,0,2,0,4,33790,5,184,3,1,6,4,2,2,2,1,2,2,1,1,4,7,1,2,32,25,"Male","Hispanic","South (AL, AR, DE, DC, FL, GA, KY, LA, MD, MS, NC, OK, SC, TN , TX, VA, WV)","None","In CBSA, in central city","NO","3: Mother","YES","NO","YES","NO","NO","0: 0  CONDITION DOES NOT APPLY","ALWAYS WITH RIGHT HAND","ALWAYS WITH RIGHT HAND","ALWAYS WITH RIGHT HAND","ALWAYS WITH RIGHT HAND","ALWAYS WITH LEFT HAND","1: 1  CONDITION APPLIES","1: 1  CONDITION APPLIES","YES","FEMALE","MALE"
1981,64735,6,2,2,33790,5,182,1,1,2,4,3,2,2,2,1,2,1,5,3,7,1,1,26,3,"Female","Non-Black / Non-Hispanic","North Central (IL, IN, IA, KS, MI, MN, MO, NE, OH, ND, SD, WI)","Bachelor's degree (BA, BS)","In CBSA, in central city","NO","3: Mother","NO","NO","NO","NO","YES","0: 0  CONDITION DOES NOT APPLY","ALWAYS WITH RIGHT HAND","ALWAYS WITH RIGHT HAND","ALWAYS WITH RIGHT HAND","ALWAYS WITH RIGHT HAND","ALWAYS WITH LEFT HAND","1: 1  CONDITION APPLIES","1: 1  CONDITION APPLIES","NO","MALE","FEMALE"
1982,64735,2,0,3,33790,5,215,1,1,3,3,1,6,2,2,2,2,1,4,1,8,1,1,28,26,"Female","Non-Black / Non-Hispanic","North Central (IL, IN, IA, KS, MI, MN, MO, NE, OH, ND, SD, WI)","None","In CBSA, not in central city","YES","3: Mother","YES","NO","NO","NO","NO","0: 0  CONDITION DOES NOT APPLY","ALWAYS WITH RIGHT HAND","ALWAYS WITH RIGHT HAND","USUALLY WITH LEFT HAND","ALWAYS WITH RIGHT HAND","ALWAYS WITH LEFT HAND","1: 1  CONDITION APPLIES","0: 0  CONDITION DOES NOT APPLY","NO","MALE","FEMALE"
1983,94060,2,0,1,33790,5,181,2,1,3,2,2,4,1,2,2,2,1,6,3,8,1,1,27,19,"Male","Non-Black / Non-Hispanic","South (AL, AR, DE, DC, FL, GA, KY, LA, MD, MS, NC, OK, SC, TN , TX, VA, WV)","GED","In CBSA, in central city","NO","3: Mother","NO","YES","NO","NO","NO","0: 0  CONDITION DOES NOT APPLY","ALWAYS WITH RIGHT HAND","ALWAYS WITH RIGHT HAND","ALWAYS WITH RIGHT HAND","ALWAYS WITH RIGHT HAND","ALWAYS WITH LEFT HAND","1: 1  CONDITION APPLIES","1: 1  CONDITION APPLIES","NO","MALE","FEMALE"
1984,64735,4,2,3,33790,5,183,1,1,3,2,2,3,2,2,2,2,1,7,2,7,1,1,25,21,"Male","Black","South (AL, AR, DE, DC, FL, GA, KY, LA, MD, MS, NC, OK, SC, TN , TX, VA, WV)","High school diploma (Regular 12 year program)","In CBSA, in central city","NO","3: Mother","NO","YES","NO","NO","YES","0: 0  CONDITION DOES NOT APPLY","ALWAYS WITH RIGHT HAND","ALWAYS WITH RIGHT HAND","ALWAYS WITH RIGHT HAND","ALWAYS WITH RIGHT HAND","ALWAYS WITH LEFT HAND","1: 1  CONDITION APPLIES","1: 1  CONDITION APPLIES","NO","FEMALE","FEMALE"
1984,64735,6,1,3,33790,5,182,1,1,2,3,2,5,1,2,1,1,1,2,4,6,1,1,32,19,"Male","Non-Black / Non-Hispanic","South (AL, AR, DE, DC, FL, GA, KY, LA, MD, MS, NC, OK, SC, TN , TX, VA, WV)","None","In CBSA, not in central city","NO","3: Mother","NO","NO","NO","NO","NO","0: 0  CONDITION DOES NOT APPLY","ALWAYS WITH RIGHT HAND","ALWAYS WITH RIGHT HAND","ALWAYS WITH RIGHT HAND","ALWAYS WITH RIGHT HAND","ALWAYS WITH LEFT HAND","1: 1  CONDITION APPLIES","1: 1  CONDITION APPLIES","NO","FEMALE","FEMALE"
1980,64735,4,1,3,65000,5,183,1,1,5,3,3,5,2,2,2,2,1,3,2,6,1,1,25,2,"Female","Hispanic","South (AL, AR, DE, DC, FL, GA, KY, LA, MD, MS, NC, OK, SC, TN , TX, VA, WV)","High school diploma (Regular 12 year program)","In CBSA, not in central city","NO","3: Mother","YES","NO","YES","NO","YES","0: 0  CONDITION DOES NOT APPLY","ALWAYS WITH RIGHT HAND","ALWAYS WITH RIGHT HAND","ALWAYS WITH RIGHT HAND","USUALLY WITH RIGHT HAND","USUALLY WITH LEFT HAND","1: 1  CONDITION APPLIES","1: 1  CONDITION APPLIES","NO","FEMALE","MALE"
1981,64735,1,1,1,33790,5,184,1,1,2,5,5,7,2,2,1,2,1,6,3,7,1,1,33,24,"Female","Mixed Race (Non-Hispanic)","South (AL, AR, DE, DC, FL, GA, KY, LA, MD, MS, NC, OK, SC, TN , TX, VA, WV)","Bachelor's degree (BA, BS)","In CBSA, in central city","NO","3: Mother","NO","NO","NO","NO","YES","0: 0  CONDITION DOES NOT APPLY","ALWAYS WITH RIGHT HAND","ALWAYS WITH RIGHT HAND","ALWAYS WITH RIGHT HAND","ALWAYS WITH RIGHT HAND","ALWAYS WITH LEFT HAND","1: 1  CONDITION APPLIES","1: 1  CONDITION APPLIES","NO","FEMALE","FEMALE"
1988,64735,3,0,2,33790,5,183,1,1,3,3,3,4,1,2,2,2,2,8,3,7,1,1,26,20,"Male","Non-Black / Non-Hispanic","South (AL, AR, DE, DC, FL, GA, KY, LA, MD, MS, NC, OK, SC, TN , TX, VA, WV)","High school diploma (Regular 12 year program)","In CBSA, in central city","NO","3: Mother","YES","NO","NO","NO","YES","0: 0  CONDITION DOES NOT APPLY","ALWAYS WITH RIGHT HAND","ALWAYS WITH RIGHT HAND","ALWAYS WITH RIGHT HAND","ALWAYS WITH RIGHT HAND","ALWAYS WITH LEFT HAND","1: 1  CONDITION APPLIES","1: 1  CONDITION APPLIES","NO","FEMALE","MALE"
1984,117525,3,0,2,33790,5,110,1,1,3,3,3,2,2,2,2,1,1,6,2,7,1,1,30,24,"Female","Non-Black / Non-Hispanic","West (AK, AZ, CA, CO, HI, ID, MT, NV, NM, OR, UT, WA, WY)","Bachelor's degree (BA, BS)","In CBSA, in central city","NO","3: Mother","YES","YES","NO","NO","YES","0: 0  CONDITION DOES NOT APPLY","ALWAYS WITH RIGHT HAND","ALWAYS WITH RIGHT HAND","ALWAYS WITH RIGHT HAND","ALWAYS WITH RIGHT HAND","ALWAYS WITH LEFT HAND","1: 1  CONDITION APPLIES","1: 1  CONDITION APPLIES","NO","MALE","FEMALE"
1984,64735,5,1,3,33790,5,181,2,1,1,2,6,4,2,2,2,1,1,4,4,5,2,1,29,19,"Male","Non-Black / Non-Hispanic","North Central (IL, IN, IA, KS, MI, MN, MO, NE, OH, ND, SD, WI)","High school diploma (Regular 12 year program)","In CBSA, not in central city","NO","3: Mother","NO","NO","NO","NO","YES","0: 0  CONDITION DOES NOT APPLY","ALWAYS WITH RIGHT HAND","ALWAYS WITH RIGHT HAND","ALWAYS WITH RIGHT HAND","ALWAYS WITH RIGHT HAND","ALWAYS WITH LEFT HAND","1: 1  CONDITION APPLIES","1: 1  CONDITION APPLIES","NO","MALE","FEMALE"
1981,64735,4,1,3,33790,5,183,1,2,1,3,2,2,2,2,2,2,1,5,5,7,1,1,28,19,"Male","Black","South (AL, AR, DE, DC, FL, GA, KY, LA, MD, MS, NC, OK, SC, TN , TX, VA, WV)","High school diploma (Regular 12 year program)","In CBSA, not in central city","NO","3: Mother","NO","YES","NO","NO","NO","0: 0  CONDITION DOES NOT APPLY","ALWAYS WITH RIGHT HAND","ALWAYS WITH RIGHT HAND","ALWAYS WITH RIGHT HAND","ALWAYS WITH RIGHT HAND","ALWAYS WITH LEFT HAND","1: 1  CONDITION APPLIES","1: 1  CONDITION APPLIES","NO","FEMALE","FEMALE"
1983,112000,4,0,2,33790,5,183,1,1,2,4,4,4,2,1,1,1,1,3,4,7,1,1,32,30,"Male","Non-Black / Non-Hispanic","South (AL, AR, DE, DC, FL, GA, KY, LA, MD, MS, NC, OK, SC, TN , TX, VA, WV)","Master's degree (MA, MS)","In CBSA, not in central city","YES","3: Mother","YES","NO","NO","NO","YES","0: 0  CONDITION DOES NOT APPLY","ALWAYS WITH LEFT HAND","ALWAYS WITH RIGHT HAND","ALWAYS WITH RIGHT HAND","ALWAYS WITH RIGHT HAND","ALWAYS WITH LEFT HAND","1: 1  CONDITION APPLIES","1: 1  CONDITION APPLIES","NO","FEMALE","MALE"
1987,64735,4,0,1,33790,6,170,2,1,2,1,2,4,2,2,1,2,2,3,3,4,1,1,33,22,"Male","Black","North Central (IL, IN, IA, KS, MI, MN, MO, NE, OH, ND, SD, WI)","GED","In CBSA, not in central city","NO","3: Mother","NO","YES","NO","NO","NO","0: 0  CONDITION DOES NOT APPLY","ALWAYS WITH RIGHT HAND","ALWAYS WITH RIGHT HAND","ALWAYS WITH RIGHT HAND","ALWAYS WITH RIGHT HAND","ALWAYS WITH RIGHT HAND","1: 1  CONDITION APPLIES","1: 1  CONDITION APPLIES","NO","FEMALE","MALE"
1984,64735,4,0,4,33790,5,135,1,2,5,3,2,4,2,2,1,2,1,7,1,8,1,3,6,19,"Female","Black","North Central (IL, IN, IA, KS, MI, MN, MO, NE, OH, ND, SD, WI)","Bachelor's degree (BA, BS)","In CBSA, not in central city","NO","3: Mother","YES","YES","NO","NO","YES","0: 0  CONDITION DOES NOT APPLY","DON'T DO THIS ACTIVITY","ALWAYS WITH RIGHT HAND","ALWAYS WITH RIGHT HAND","ALWAYS WITH RIGHT HAND","ALWAYS WITH LEFT HAND","1: 1  CONDITION APPLIES","1: 1  CONDITION APPLIES","NO","FEMALE","MALE"
1982,38750,3,0,1,37000,6,183,2,2,4,2,2,5,2,2,1,2,2,5,1,6,1,4,34,25,"Male","Black","West (AK, AZ, CA, CO, HI, ID, MT, NV, NM, OR, UT, WA, WY)","High school diploma (Regular 12 year program)","In CBSA, in central city","NO","3: Mother","YES","NO","NO","NO","YES","0: 0  CONDITION DOES NOT APPLY","ALWAYS WITH RIGHT HAND","ALWAYS WITH RIGHT HAND","ALWAYS WITH RIGHT HAND","USUALLY WITH RIGHT HAND","ALWAYS WITH LEFT HAND","1: 1  CONDITION APPLIES","1: 1  CONDITION APPLIES","NO","MALE","MALE"
1982,64735,3,1,1,33790,5,182,1,1,3,4,3,3,2,2,2,2,1,5,1,7,1,1,30,22,"Female","Hispanic","South (AL, AR, DE, DC, FL, GA, KY, LA, MD, MS, NC, OK, SC, TN , TX, VA, WV)","GED","In CBSA, in central city","NO","3: Mother","NO","NO","NO","NO","YES","0: 0  CONDITION DOES NOT APPLY","ALWAYS WITH RIGHT HAND","ALWAYS WITH RIGHT HAND","USUALLY WITH BOTH HANDS EQUALLY","ALWAYS WITH RIGHT HAND","ALWAYS WITH LEFT HAND","1: 1  CONDITION APPLIES","1: 1  CONDITION APPLIES","NO","FEMALE","FEMALE"
1982,64735,4,1,2,33790,5,184,1,2,2,3,4,3,2,1,2,1,1,6,4,7,1,1,35,20,"Female","Non-Black / Non-Hispanic","Northeast (CT, ME, MA, NH, NJ, NY, PA, RI, VT)","High school diploma (Regular 12 year program)","In CBSA, not in central city","NO","3: Mother","NO","NO","NO","NO","YES","0: 0  CONDITION DOES NOT APPLY","ALWAYS WITH RIGHT HAND","ALWAYS WITH RIGHT HAND","ALWAYS WITH RIGHT HAND","ALWAYS WITH RIGHT HAND","ALWAYS WITH LEFT HAND","1: 1  CONDITION APPLIES","1: 1  CONDITION APPLIES","NO","MALE","FEMALE"
1981,64735,3,1,1,33790,5,183,1,1,3,3,3,3,2,2,1,1,1,6,2,4,1,1,32,21,"Female","Non-Black / Non-Hispanic","West (AK, AZ, CA, CO, HI, ID, MT, NV, NM, OR, UT, WA, WY)","Bachelor's degree (BA, BS)","In CBSA, not in central city","YES","3: Mother","YES","NO","NO","NO","YES","0: 0  CONDITION DOES NOT APPLY","ALWAYS WITH RIGHT HAND","ALWAYS WITH RIGHT HAND","ALWAYS WITH RIGHT HAND","ALWAYS WITH RIGHT HAND","ALWAYS WITH LEFT HAND","0: 0  CONDITION DOES NOT APPLY","1: 1  CONDITION APPLIES","NO","MALE","MALE"
1981,64735,2,1,4,33790,5,182,2,2,5,3,5,6,2,2,2,2,2,4,1,7,1,1,36,20,"Male","Non-Black / Non-Hispanic","South (AL, AR, DE, DC, FL, GA, KY, LA, MD, MS, NC, OK, SC, TN , TX, VA, WV)","Bachelor's degree (BA, BS)","In CBSA, not in central city","NO","3: Mother","YES","NO","NO","NO","YES","0: 0  CONDITION DOES NOT APPLY","ALWAYS WITH RIGHT HAND","ALWAYS WITH RIGHT HAND","ALWAYS WITH RIGHT HAND","ALWAYS WITH RIGHT HAND","ALWAYS WITH RIGHT HAND","1: 1  CONDITION APPLIES","1: 1  CONDITION APPLIES","NO","MALE","MALE"
1984,64735,3,1,2,33790,5,184,2,1,3,3,3,1,2,2,1,2,2,4,2,7,1,1,31,20,"Male","Hispanic","West (AK, AZ, CA, CO, HI, ID, MT, NV, NM, OR, UT, WA, WY)","Associate/Junior college (AA)","In CBSA, in central city","NO","3: Mother","YES","NO","YES","NO","YES","0: 0  CONDITION DOES NOT APPLY","ALWAYS WITH RIGHT HAND","ALWAYS WITH RIGHT HAND","ALWAYS WITH RIGHT HAND","ALWAYS WITH RIGHT HAND","ALWAYS WITH LEFT HAND","0: 0  CONDITION DOES NOT APPLY","0: 0  CONDITION DOES NOT APPLY","NO","FEMALE","FEMALE"
1980,64735,1,0,1,33790,5,183,1,2,5,4,6,3,2,2,2,2,1,6,2,6,1,1,34,25,"Male","Non-Black / Non-Hispanic","South (AL, AR, DE, DC, FL, GA, KY, LA, MD, MS, NC, OK, SC, TN , TX, VA, WV)","GED","In CBSA, in central city","NO","3: Mother","YES","NO","NO","NO","YES","0: 0  CONDITION DOES NOT APPLY","ALWAYS WITH RIGHT HAND","ALWAYS WITH RIGHT HAND","USUALLY WITH RIGHT HAND","USUALLY WITH RIGHT HAND","ALWAYS WITH LEFT HAND","1: 1  CONDITION APPLIES","1: 1  CONDITION APPLIES","NO","FEMALE","MALE"
1981,145775,3,0,2,76000,5,184,1,1,3,4,2,4,2,2,1,2,1,5,3,7,1,1,29,20,"Male","Non-Black / Non-Hispanic","West (AK, AZ, CA, CO, HI, ID, MT, NV, NM, OR, UT, WA, WY)","High school diploma (Regular 12 year program)","In CBSA, not in central city","NO","3: Mother","NO","NO","NO","NO","YES","0: 0  CONDITION DOES NOT APPLY","ALWAYS WITH RIGHT HAND","ALWAYS WITH RIGHT HAND","ALWAYS WITH RIGHT HAND","ALWAYS WITH RIGHT HAND","ALWAYS WITH LEFT HAND","1: 1  CONDITION APPLIES","1: 1  CONDITION APPLIES","YES","FEMALE","MALE"
1981,64735,5,2,1,61500,5,179,1,1,1,3,3,4,2,2,1,2,1,6,2,7,1,1,31,4,"Male","Black","South (AL, AR, DE, DC, FL, GA, KY, LA, MD, MS, NC, OK, SC, TN , TX, VA, WV)","Master's degree (MA, MS)","In CBSA, in central city","NO","3: Mother","NO","YES","NO","NO","YES","0: 0  CONDITION DOES NOT APPLY","ALWAYS WITH RIGHT HAND","ALWAYS WITH RIGHT HAND","ALWAYS WITH RIGHT HAND","ALWAYS WITH RIGHT HAND","ALWAYS WITH LEFT HAND","1: 1  CONDITION APPLIES","1: 1  CONDITION APPLIES","NO","FEMALE","FEMALE"
1982,64735,3,0,5,33790,5,122,2,1,1,1,4,4,2,2,1,2,1,7,3,6,1,1,31,22,"Male","Non-Black / Non-Hispanic","South (AL, AR, DE, DC, FL, GA, KY, LA, MD, MS, NC, OK, SC, TN , TX, VA, WV)","Master's degree (MA, MS)","In CBSA, in central city","NO","3: Mother","YES","NO","NO","NO","YES","0: 0  CONDITION DOES NOT APPLY","ALWAYS WITH RIGHT HAND","ALWAYS WITH RIGHT HAND","ALWAYS WITH RIGHT HAND","ALWAYS WITH RIGHT HAND","ALWAYS WITH LEFT HAND","1: 1  CONDITION APPLIES","0: 0  CONDITION DOES NOT APPLY","NO","MALE","FEMALE"
1981,64735,2,1,1,33790,6,183,1,1,3,3,3,5,2,2,1,2,2,2,2,4,1,1,32,1,"Female","Non-Black / Non-Hispanic","North Central (IL, IN, IA, KS, MI, MN, MO, NE, OH, ND, SD, WI)","High school diploma (Regular 12 year program)","In CBSA, in central city","NO","3: Mother","YES","NO","NO","NO","YES","0: 0  CONDITION DOES NOT APPLY","ALWAYS WITH RIGHT HAND","ALWAYS WITH RIGHT HAND","ALWAYS WITH RIGHT HAND","USUALLY WITH BOTH HANDS EQUALLY","USUALLY WITH RIGHT HAND","1: 1  CONDITION APPLIES","1: 1  CONDITION APPLIES","NO","FEMALE","FEMALE"
1980,64735,2,0,1,33790,6,187,1,2,4,4,2,3,2,2,1,1,1,6,6,5,1,1,34,20,"Male","Black","North Central (IL, IN, IA, KS, MI, MN, MO, NE, OH, ND, SD, WI)","Bachelor's degree (BA, BS)","In CBSA, in central city","NO","3: Mother","NO","NO","NO","NO","NO","0: 0  CONDITION DOES NOT APPLY","USUALLY WITH RIGHT HAND","USUALLY WITH BOTH HANDS EQUALLY","ALWAYS WITH RIGHT HAND","USUALLY WITH BOTH HANDS EQUALLY","ALWAYS WITH LEFT HAND","1: 1  CONDITION APPLIES","0: 0  CONDITION DOES NOT APPLY","NO","FEMALE","FEMALE"
1981,64735,2,0,2,33790,5,184,2,1,4,3,2,6,2,2,1,2,1,4,3,6,1,1,26,19,"Female","Hispanic","North Central (IL, IN, IA, KS, MI, MN, MO, NE, OH, ND, SD, WI)","High school diploma (Regular 12 year program)","In CBSA, not in central city","NO","3: Mother","YES","NO","NO","NO","YES","0: 0  CONDITION DOES NOT APPLY","ALWAYS WITH RIGHT HAND","ALWAYS WITH RIGHT HAND","ALWAYS WITH RIGHT HAND","ALWAYS WITH RIGHT HAND","ALWAYS WITH LEFT HAND","1: 1  CONDITION APPLIES","1: 1  CONDITION APPLIES","NO","MALE","FEMALE"
1981,64735,2,0,1,33790,5,183,1,1,6,4,2,2,2,2,1,2,2,6,2,6,2,1,33,23,"Female","Non-Black / Non-Hispanic","South (AL, AR, DE, DC, FL, GA, KY, LA, MD, MS, NC, OK, SC, TN , TX, VA, WV)","Bachelor's degree (BA, BS)","In CBSA, in central city","NO","3: Mother","YES","NO","NO","NO","YES","0: 0  CONDITION DOES NOT APPLY","ALWAYS WITH RIGHT HAND","ALWAYS WITH RIGHT HAND","ALWAYS WITH RIGHT HAND","ALWAYS WITH RIGHT HAND","ALWAYS WITH RIGHT HAND","1: 1  CONDITION APPLIES","1: 1  CONDITION APPLIES","NO","FEMALE","MALE"
1984,105032,3,1,2,33790,5,184,1,1,3,4,3,4,2,2,1,2,2,5,2,6,1,1,32,22,"Male","Non-Black / Non-Hispanic","South (AL, AR, DE, DC, FL, GA, KY, LA, MD, MS, NC, OK, SC, TN , TX, VA, WV)","High school diploma (Regular 12 year program)","In CBSA, not in central city","NO","3: Mother","YES","NO","NO","NO","YES","0: 0  CONDITION DOES NOT APPLY","ALWAYS WITH RIGHT HAND","ALWAYS WITH RIGHT HAND","ALWAYS WITH RIGHT HAND","ALWAYS WITH RIGHT HAND","ALWAYS WITH LEFT HAND","1: 1  CONDITION APPLIES","1: 1  CONDITION APPLIES","NO","FEMALE","FEMALE"
1984,64735,4,0,1,33790,5,220,1,1,3,7,3,5,2,2,1,2,2,3,5,7,1,1,23,19,"Male","Hispanic","South (AL, AR, DE, DC, FL, GA, KY, LA, MD, MS, NC, OK, SC, TN , TX, VA, WV)","High school diploma (Regular 12 year program)","In CBSA, in central city","YES","3: Mother","NO","YES","NO","NO","YES","0: 0  CONDITION DOES NOT APPLY","ALWAYS WITH RIGHT HAND","ALWAYS WITH RIGHT HAND","ALWAYS WITH RIGHT HAND","ALWAYS WITH RIGHT HAND","ALWAYS WITH LEFT HAND","0: 0  CONDITION DOES NOT APPLY","1: 1  CONDITION APPLIES","YES","FEMALE","MALE"
1984,110000,3,0,1,33790,5,183,1,2,3,4,2,3,2,2,1,2,2,4,3,5,1,2,31,22,"Female","Non-Black / Non-Hispanic","North Central (IL, IN, IA, KS, MI, MN, MO, NE, OH, ND, SD, WI)","High school diploma (Regular 12 year program)","In CBSA, in central city","NO","3: Mother","YES","NO","YES","NO","YES","0: 0  CONDITION DOES NOT APPLY","ALWAYS WITH RIGHT HAND","ALWAYS WITH RIGHT HAND","ALWAYS WITH RIGHT HAND","ALWAYS WITH RIGHT HAND","DON'T DO THIS ACTIVITY","1: 1  CONDITION APPLIES","1: 1  CONDITION APPLIES","NO","FEMALE","MALE"
1981,64735,1,0,3,33790,5,184,1,2,4,3,3,3,2,2,1,1,1,5,1,7,1,1,32,25,"Male","Black","South (AL, AR, DE, DC, FL, GA, KY, LA, MD, MS, NC, OK, SC, TN , TX, VA, WV)","GED","In CBSA, in central city","NO","3: Mother","YES","NO","NO","NO","NO","0: 0  CONDITION DOES NOT APPLY","ALWAYS WITH RIGHT HAND","ALWAYS WITH RIGHT HAND","ALWAYS WITH RIGHT HAND","ALWAYS WITH RIGHT HAND","ALWAYS WITH LEFT HAND","1: 1  CONDITION APPLIES","1: 1  CONDITION APPLIES","NO","FEMALE","MALE"
1982,64735,2,0,3,33790,5,183,2,2,3,4,1,3,2,2,2,2,1,6,1,6,1,1,32,24,"Male","Hispanic","South (AL, AR, DE, DC, FL, GA, KY, LA, MD, MS, NC, OK, SC, TN , TX, VA, WV)","Bachelor's degree (BA, BS)","In CBSA, not in central city","NO","3: Mother","YES","NO","NO","NO","NO","0: 0  CONDITION DOES NOT APPLY","ALWAYS WITH RIGHT HAND","ALWAYS WITH RIGHT HAND","ALWAYS WITH RIGHT HAND","ALWAYS WITH RIGHT HAND","ALWAYS WITH LEFT HAND","1: 1  CONDITION APPLIES","0: 0  CONDITION DOES NOT APPLY","NO","MALE","MALE"
1983,64735,4,0,1,33790,5,182,1,2,2,3,2,3,2,2,1,2,1,7,3,7,1,1,33,22,"Male","Non-Black / Non-Hispanic","West (AK, AZ, CA, CO, HI, ID, MT, NV, NM, OR, UT, WA, WY)","High school diploma (Regular 12 year program)","In CBSA, in central city","NO","3: Mother","NO","YES","NO","NO","YES","0: 0  CONDITION DOES NOT APPLY","ALWAYS WITH RIGHT HAND","ALWAYS WITH RIGHT HAND","ALWAYS WITH RIGHT HAND","ALWAYS WITH RIGHT HAND","ALWAYS WITH LEFT HAND","1: 1  CONDITION APPLIES","1: 1  CONDITION APPLIES","NO","FEMALE","MALE"
1982,64735,4,1,2,33790,5,184,1,2,1,3,2,4,2,2,1,2,1,3,4,7,1,1,34,21,"Male","Black","South (AL, AR, DE, DC, FL, GA, KY, LA, MD, MS, NC, OK, SC, TN , TX, VA, WV)","None","In CBSA, not in central city","NO","3: Mother","NO","YES","NO","NO","YES","0: 0  CONDITION DOES NOT APPLY","ALWAYS WITH RIGHT HAND","ALWAYS WITH RIGHT HAND","ALWAYS WITH RIGHT HAND","ALWAYS WITH RIGHT HAND","ALWAYS WITH LEFT HAND","0: 0  CONDITION DOES NOT APPLY","1: 1  CONDITION APPLIES","NO","FEMALE","FEMALE"
1984,64735,3,1,2,33790,5,181,2,1,3,1,1,2,2,2,2,2,2,5,1,7,1,1,30,21,"Male","Hispanic","North Central (IL, IN, IA, KS, MI, MN, MO, NE, OH, ND, SD, WI)","High school diploma (Regular 12 year program)","In CBSA, not in central city","NO","3: Mother","YES","NO","NO","NO","YES","0: 0  CONDITION DOES NOT APPLY","ALWAYS WITH RIGHT HAND","ALWAYS WITH RIGHT HAND","ALWAYS WITH RIGHT HAND","ALWAYS WITH RIGHT HAND","ALWAYS WITH RIGHT HAND","1: 1  CONDITION APPLIES","1: 1  CONDITION APPLIES","NO","MALE","MALE"
1982,64735,2,0,4,33790,5,181,1,1,1,3,5,3,2,2,2,2,2,4,6,6,1,1,29,18,"Male","Hispanic","South (AL, AR, DE, DC, FL, GA, KY, LA, MD, MS, NC, OK, SC, TN , TX, VA, WV)","Bachelor's degree (BA, BS)","In CBSA, not in central city","NO","3: Mother","NO","NO","NO","NO","YES","0: 0  CONDITION DOES NOT APPLY","ALWAYS WITH RIGHT HAND","ALWAYS WITH RIGHT HAND","ALWAYS WITH RIGHT HAND","ALWAYS WITH RIGHT HAND","ALWAYS WITH LEFT HAND","1: 1  CONDITION APPLIES","1: 1  CONDITION APPLIES","YES","MALE","FEMALE"
1980,8750,3,1,4,33790,5,186,2,1,2,5,4,3,1,2,1,1,1,6,3,7,1,1,28,19,"Female","Black","South (AL, AR, DE, DC, FL, GA, KY, LA, MD, MS, NC, OK, SC, TN , TX, VA, WV)","High school diploma (Regular 12 year program)","In CBSA, not in central city","NO","3: Mother","NO","YES","NO","NO","NO","0: 0  CONDITION DOES NOT APPLY","ALWAYS WITH RIGHT HAND","ALWAYS WITH RIGHT HAND","ALWAYS WITH RIGHT HAND","ALWAYS WITH RIGHT HAND","ALWAYS WITH LEFT HAND","1: 1  CONDITION APPLIES","0: 0  CONDITION DOES NOT APPLY","NO","MALE","MALE"
1984,64735,3,0,2,33790,5,185,3,2,1,5,2,2,2,2,2,2,2,1,5,7,1,1,26,20,"Female","Hispanic","South (AL, AR, DE, DC, FL, GA, KY, LA, MD, MS, NC, OK, SC, TN , TX, VA, WV)","None","In CBSA, in central city","NO","3: Mother","NO","YES","NO","NO","YES","0: 0  CONDITION DOES NOT APPLY","ALWAYS WITH RIGHT HAND","ALWAYS WITH RIGHT HAND","ALWAYS WITH RIGHT HAND","ALWAYS WITH RIGHT HAND","ALWAYS WITH LEFT HAND","1: 1  CONDITION APPLIES","1: 1  CONDITION APPLIES","NO","FEMALE","FEMALE"
1982,64735,3,1,3,33790,6,187,2,1,2,4,2,1,2,2,1,2,1,1,4,5,1,1,33,22,"Male","Hispanic","South (AL, AR, DE, DC, FL, GA, KY, LA, MD, MS, NC, OK, SC, TN , TX, VA, WV)","High school diploma (Regular 12 year program)","In CBSA, in central city","NO","3: Mother","YES","NO","YES","NO","YES","0: 0  CONDITION DOES NOT APPLY","ALWAYS WITH RIGHT HAND","ALWAYS WITH RIGHT HAND","ALWAYS WITH RIGHT HAND","ALWAYS WITH RIGHT HAND","ALWAYS WITH RIGHT HAND","1: 1  CONDITION APPLIES","1: 1  CONDITION APPLIES","NO","FEMALE","FEMALE"
1981,64735,2,0,2,33790,5,200,1,2,3,5,4,4,2,1,1,1,1,6,1,8,1,1,43,56,"Male","Non-Black / Non-Hispanic","West (AK, AZ, CA, CO, HI, ID, MT, NV, NM, OR, UT, WA, WY)","None","In CBSA, in central city","YES","3: Mother","YES","NO","NO","NO","YES","0: 0  CONDITION DOES NOT APPLY","ALWAYS WITH RIGHT HAND","ALWAYS WITH RIGHT HAND","ALWAYS WITH RIGHT HAND","ALWAYS WITH RIGHT HAND","ALWAYS WITH LEFT HAND","1: 1  CONDITION APPLIES","1: 1  CONDITION APPLIES","NO","FEMALE","MALE"
1986,64735,2,0,4,33790,5,182,1,1,2,4,2,3,2,2,1,1,2,2,2,7,1,1,33,24,"Male","Black","North Central (IL, IN, IA, KS, MI, MN, MO, NE, OH, ND, SD, WI)","High school diploma (Regular 12 year program)","In CBSA, not in central city","NO","3: Mother","YES","NO","NO","NO","NO","0: 0  CONDITION DOES NOT APPLY","ALWAYS WITH RIGHT HAND","ALWAYS WITH RIGHT HAND","ALWAYS WITH RIGHT HAND","ALWAYS WITH RIGHT HAND","ALWAYS WITH LEFT HAND","1: 1  CONDITION APPLIES","1: 1  CONDITION APPLIES","NO","FEMALE","MALE"
1983,64735,3,0,4,33790,5,183,2,1,4,4,4,3,2,1,2,2,1,5,2,6,1,1,32,21,"Male","Non-Black / Non-Hispanic","South (AL, AR, DE, DC, FL, GA, KY, LA, MD, MS, NC, OK, SC, TN , TX, VA, WV)","None","In CBSA, in central city","NO","3: Mother","NO","NO","NO","NO","YES","0: 0  CONDITION DOES NOT APPLY","ALWAYS WITH RIGHT HAND","ALWAYS WITH RIGHT HAND","ALWAYS WITH RIGHT HAND","USUALLY WITH RIGHT HAND","ALWAYS WITH LEFT HAND","1: 1  CONDITION APPLIES","1: 1  CONDITION APPLIES","NO","FEMALE","FEMALE"
1985,64735,5,1,2,33790,5,181,1,2,3,3,2,2,2,2,2,2,1,3,4,7,1,1,36,22,"Female","Hispanic","West (AK, AZ, CA, CO, HI, ID, MT, NV, NM, OR, UT, WA, WY)","GED","In CBSA, not in central city","YES","3: Mother","NO","YES","NO","NO","YES","0: 0  CONDITION DOES NOT APPLY","ALWAYS WITH RIGHT HAND","ALWAYS WITH RIGHT HAND","ALWAYS WITH RIGHT HAND","ALWAYS WITH RIGHT HAND","ALWAYS WITH LEFT HAND","1: 1  CONDITION APPLIES","1: 1  CONDITION APPLIES","YES","FEMALE","FEMALE"
1980,64735,5,1,1,33790,6,181,1,1,2,3,3,5,2,2,2,1,1,3,1,6,1,1,36,21,"Male","Black","South (AL, AR, DE, DC, FL, GA, KY, LA, MD, MS, NC, OK, SC, TN , TX, VA, WV)","High school diploma (Regular 12 year program)","In CBSA, not in central city","NO","3: Mother","YES","YES","NO","NO","YES","0: 0  CONDITION DOES NOT APPLY","ALWAYS WITH RIGHT HAND","USUALLY WITH RIGHT HAND","USUALLY WITH RIGHT HAND","USUALLY WITH RIGHT HAND","ALWAYS WITH LEFT HAND","1: 1  CONDITION APPLIES","1: 1  CONDITION APPLIES","NO","FEMALE","MALE"
1981,64735,5,1,2,33790,5,200,1,1,2,4,1,2,2,2,1,1,1,6,3,7,1,1,29,1,"Male","Hispanic","South (AL, AR, DE, DC, FL, GA, KY, LA, MD, MS, NC, OK, SC, TN , TX, VA, WV)","High school diploma (Regular 12 year program)","In CBSA, not in central city","NO","3: Mother","NO","YES","NO","NO","YES","0: 0  CONDITION DOES NOT APPLY","ALWAYS WITH RIGHT HAND","ALWAYS WITH RIGHT HAND","ALWAYS WITH RIGHT HAND","ALWAYS WITH RIGHT HAND","USUALLY WITH BOTH HANDS EQUALLY","1: 1  CONDITION APPLIES","0: 0  CONDITION DOES NOT APPLY","NO","FEMALE","FEMALE"
1983,64735,3,0,3,33790,5,180,1,1,4,2,2,5,2,2,1,2,1,4,2,6,1,1,30,24,"Male","Non-Black / Non-Hispanic","South (AL, AR, DE, DC, FL, GA, KY, LA, MD, MS, NC, OK, SC, TN , TX, VA, WV)","High school diploma (Regular 12 year program)","In CBSA, in central city","NO","3: Mother","YES","NO","NO","NO","YES","0: 0  CONDITION DOES NOT APPLY","ALWAYS WITH RIGHT HAND","ALWAYS WITH RIGHT HAND","ALWAYS WITH RIGHT HAND","ALWAYS WITH RIGHT HAND","ALWAYS WITH LEFT HAND","1: 1  CONDITION APPLIES","1: 1  CONDITION APPLIES","NO","FEMALE","FEMALE"
1984,24000,5,1,5,33790,5,184,1,3,1,5,2,2,2,2,2,1,1,6,1,6,1,1,27,8,"Female","Non-Black / Non-Hispanic","South (AL, AR, DE, DC, FL, GA, KY, LA, MD, MS, NC, OK, SC, TN , TX, VA, WV)","High school diploma (Regular 12 year program)","In CBSA, not in central city","NO","3: Mother","YES","NO","NO","NO","NO","0: 0  CONDITION DOES NOT APPLY","ALWAYS WITH RIGHT HAND","ALWAYS WITH RIGHT HAND","ALWAYS WITH RIGHT HAND","ALWAYS WITH RIGHT HAND","ALWAYS WITH LEFT HAND","1: 1  CONDITION APPLIES","1: 1  CONDITION APPLIES","YES","MALE","FEMALE"
1982,64735,4,1,3,33790,5,183,1,1,1,3,3,2,2,2,2,2,2,1,2,6,1,1,29,18,"Male","Hispanic","West (AK, AZ, CA, CO, HI, ID, MT, NV, NM, OR, UT, WA, WY)","High school diploma (Regular 12 year program)","In CBSA, in central city","NO","3: Mother","YES","NO","NO","NO","YES","0: 0  CONDITION DOES NOT APPLY","ALWAYS WITH RIGHT HAND","ALWAYS WITH RIGHT HAND","ALWAYS WITH RIGHT HAND","ALWAYS WITH RIGHT HAND","ALWAYS WITH LEFT HAND","0: 0  CONDITION DOES NOT APPLY","1: 1  CONDITION APPLIES","YES","FEMALE","FEMALE"
1980,17000,4,1,4,33790,6,184,1,3,1,3,1,3,2,2,1,2,2,6,1,7,1,1,31,22,"Male","Black","West (AK, AZ, CA, CO, HI, ID, MT, NV, NM, OR, UT, WA, WY)","High school diploma (Regular 12 year program)","In CBSA, in central city","NO","3: Mother","NO","NO","NO","NO","NO","0: 0  CONDITION DOES NOT APPLY","ALWAYS WITH RIGHT HAND","ALWAYS WITH RIGHT HAND","ALWAYS WITH RIGHT HAND","ALWAYS WITH RIGHT HAND","ALWAYS WITH LEFT HAND","1: 1  CONDITION APPLIES","1: 1  CONDITION APPLIES","NO","FEMALE","MALE"
1983,13100,3,0,3,33790,5,183,1,2,2,1,1,2,2,1,1,2,2,1,2,7,1,1,31,19,"Male","Hispanic","South (AL, AR, DE, DC, FL, GA, KY, LA, MD, MS, NC, OK, SC, TN , TX, VA, WV)","High school diploma (Regular 12 year program)","In CBSA, in central city","NO","3: Mother","YES","YES","NO","NO","NO","0: 0  CONDITION DOES NOT APPLY","ALWAYS WITH RIGHT HAND","ALWAYS WITH RIGHT HAND","ALWAYS WITH RIGHT HAND","ALWAYS WITH RIGHT HAND","ALWAYS WITH LEFT HAND","1: 1  CONDITION APPLIES","1: 1  CONDITION APPLIES","YES","FEMALE","FEMALE"
1984,64735,4,0,3,43000,5,184,2,2,3,4,5,4,2,1,1,1,1,1,2,7,1,1,29,22,"Female","Non-Black / Non-Hispanic","North Central (IL, IN, IA, KS, MI, MN, MO, NE, OH, ND, SD, WI)","None","In CBSA, not in central city","NO","3: Mother","NO","YES","YES","NO","NO","0: 0  CONDITION DOES NOT APPLY","ALWAYS WITH RIGHT HAND","ALWAYS WITH RIGHT HAND","ALWAYS WITH RIGHT HAND","ALWAYS WITH RIGHT HAND","ALWAYS WITH LEFT HAND","1: 1  CONDITION APPLIES","1: 1  CONDITION APPLIES","NO","FEMALE","MALE"
1981,28000,4,1,1,33790,5,183,1,1,2,2,4,3,2,2,1,2,1,2,3,7,1,1,31,21,"Female","Hispanic","West (AK, AZ, CA, CO, HI, ID, MT, NV, NM, OR, UT, WA, WY)","Bachelor's degree (BA, BS)","In CBSA, in central city","NO","3: Mother","NO","NO","NO","NO","NO","0: 0  CONDITION DOES NOT APPLY","ALWAYS WITH RIGHT HAND","ALWAYS WITH RIGHT HAND","ALWAYS WITH RIGHT HAND","ALWAYS WITH RIGHT HAND","ALWAYS WITH LEFT HAND","1: 1  CONDITION APPLIES","1: 1  CONDITION APPLIES","YES","FEMALE","MALE"
1983,64735,3,0,1,33790,5,181,1,1,3,4,2,7,1,2,1,2,2,5,1,8,1,1,36,24,"Male","Non-Black / Non-Hispanic","South (AL, AR, DE, DC, FL, GA, KY, LA, MD, MS, NC, OK, SC, TN , TX, VA, WV)","Bachelor's degree (BA, BS)","Not in CBSA","YES","3: Mother","NO","NO","NO","NO","YES","1: 1  CONDITION APPLIES","ALWAYS WITH RIGHT HAND","ALWAYS WITH RIGHT HAND","ALWAYS WITH RIGHT HAND","USUALLY WITH BOTH HANDS EQUALLY","ALWAYS WITH LEFT HAND","0: 0  CONDITION DOES NOT APPLY","0: 0  CONDITION DOES NOT APPLY","NO","MALE","MALE"
1981,64735,2,1,2,33790,5,184,1,1,3,4,2,4,2,1,1,2,1,4,3,8,1,1,7,16,"Male","Non-Black / Non-Hispanic","South (AL, AR, DE, DC, FL, GA, KY, LA, MD, MS, NC, OK, SC, TN , TX, VA, WV)","Bachelor's degree (BA, BS)","In CBSA, in central city","NO","3: Mother","NO","YES","NO","NO","YES","0: 0  CONDITION DOES NOT APPLY","ALWAYS WITH RIGHT HAND","ALWAYS WITH RIGHT HAND","ALWAYS WITH RIGHT HAND","ALWAYS WITH RIGHT HAND","ALWAYS WITH LEFT HAND","1: 1  CONDITION APPLIES","1: 1  CONDITION APPLIES","NO","FEMALE","FEMALE"
1983,64735,3,1,1,33790,5,180,1,1,2,3,2,5,2,2,1,1,1,1,4,8,1,1,29,22,"Male","Black","South (AL, AR, DE, DC, FL, GA, KY, LA, MD, MS, NC, OK, SC, TN , TX, VA, WV)","High school diploma (Regular 12 year program)","In CBSA, not in central city","YES","3: Mother","YES","NO","NO","NO","NO","0: 0  CONDITION DOES NOT APPLY","ALWAYS WITH RIGHT HAND","ALWAYS WITH RIGHT HAND","ALWAYS WITH RIGHT HAND","ALWAYS WITH RIGHT HAND","USUALLY WITH BOTH HANDS EQUALLY","1: 1  CONDITION APPLIES","1: 1  CONDITION APPLIES","NO","MALE","FEMALE"
1982,64735,3,0,3,40000,5,181,1,2,2,3,3,4,1,2,1,1,1,4,2,7,1,1,31,21,"Male","Non-Black / Non-Hispanic","South (AL, AR, DE, DC, FL, GA, KY, LA, MD, MS, NC, OK, SC, TN , TX, VA, WV)","Bachelor's degree (BA, BS)","In CBSA, not in central city","NO","3: Mother","NO","NO","YES","NO","YES","0: 0  CONDITION DOES NOT APPLY","ALWAYS WITH RIGHT HAND","ALWAYS WITH RIGHT HAND","USUALLY WITH BOTH HANDS EQUALLY","ALWAYS WITH RIGHT HAND","ALWAYS WITH LEFT HAND","1: 1  CONDITION APPLIES","1: 1  CONDITION APPLIES","NO","FEMALE","MALE"
1982,64735,1,0,2,33790,5,184,1,2,2,6,5,3,2,2,1,1,1,9,2,7,1,1,30,21,"Male","Non-Black / Non-Hispanic","Northeast (CT, ME, MA, NH, NJ, NY, PA, RI, VT)","High school diploma (Regular 12 year program)","In CBSA, not in central city","NO","3: Mother","YES","NO","NO","NO","NO","0: 0  CONDITION DOES NOT APPLY","ALWAYS WITH RIGHT HAND","ALWAYS WITH RIGHT HAND","ALWAYS WITH RIGHT HAND","USUALLY WITH BOTH HANDS EQUALLY","ALWAYS WITH LEFT HAND","1: 1  CONDITION APPLIES","1: 1  CONDITION APPLIES","NO","FEMALE","FEMALE"
1981,91000,4,1,2,33790,5,183,1,1,2,3,2,5,2,1,1,1,1,3,2,7,1,1,30,21,"Male","Black","North Central (IL, IN, IA, KS, MI, MN, MO, NE, OH, ND, SD, WI)","High school diploma (Regular 12 year program)","In CBSA, not in central city","NO","3: Mother","NO","NO","NO","NO","YES","0: 0  CONDITION DOES NOT APPLY","ALWAYS WITH RIGHT HAND","ALWAYS WITH RIGHT HAND","ALWAYS WITH RIGHT HAND","ALWAYS WITH RIGHT HAND","ALWAYS WITH LEFT HAND","1: 1  CONDITION APPLIES","1: 1  CONDITION APPLIES","NO","FEMALE","MALE"
1980,64735,3,1,1,33790,5,182,1,1,2,3,2,3,2,2,1,1,1,3,3,7,1,1,32,21,"Female","Mixed Race (Non-Hispanic)","West (AK, AZ, CA, CO, HI, ID, MT, NV, NM, OR, UT, WA, WY)","Bachelor's degree (BA, BS)","In CBSA, not in central city","NO","3: Mother","YES","NO","NO","NO","YES","0: 0  CONDITION DOES NOT APPLY","ALWAYS WITH RIGHT HAND","ALWAYS WITH RIGHT HAND","ALWAYS WITH RIGHT HAND","ALWAYS WITH RIGHT HAND","ALWAYS WITH LEFT HAND","1: 1  CONDITION APPLIES","1: 1  CONDITION APPLIES","NO","FEMALE","MALE"
1984,64735,3,1,2,33790,5,185,2,1,2,5,3,5,2,2,2,2,2,5,3,6,2,1,25,3,"Male","Non-Black / Non-Hispanic","South (AL, AR, DE, DC, FL, GA, KY, LA, MD, MS, NC, OK, SC, TN , TX, VA, WV)","High school diploma (Regular 12 year program)","In CBSA, not in central city","NO","3: Mother","YES","NO","YES","NO","YES","0: 0  CONDITION DOES NOT APPLY","ALWAYS WITH RIGHT HAND","ALWAYS WITH RIGHT HAND","ALWAYS WITH RIGHT HAND","ALWAYS WITH RIGHT HAND","ALWAYS WITH LEFT HAND","1: 1  CONDITION APPLIES","1: 1  CONDITION APPLIES","NO","FEMALE","FEMALE"
1981,64735,2,1,1,33790,5,183,2,2,4,3,3,1,2,2,1,2,1,7,4,7,1,1,31,22,"Female","Non-Black / Non-Hispanic","North Central (IL, IN, IA, KS, MI, MN, MO, NE, OH, ND, SD, WI)","High school diploma (Regular 12 year program)","In CBSA, in central city","NO","3: Mother","YES","YES","NO","NO","NO","0: 0  CONDITION DOES NOT APPLY","ALWAYS WITH RIGHT HAND","ALWAYS WITH RIGHT HAND","ALWAYS WITH RIGHT HAND","ALWAYS WITH RIGHT HAND","ALWAYS WITH LEFT HAND","1: 1  CONDITION APPLIES","1: 1  CONDITION APPLIES","NO","FEMALE","MALE"
1981,64735,3,0,2,33790,5,215,1,1,3,4,2,2,2,2,1,2,1,2,2,8,1,1,33,24,"Male","Non-Black / Non-Hispanic","South (AL, AR, DE, DC, FL, GA, KY, LA, MD, MS, NC, OK, SC, TN , TX, VA, WV)","GED","In CBSA, in central city","NO","3: Mother","NO","NO","NO","NO","NO","0: 0  CONDITION DOES NOT APPLY","ALWAYS WITH RIGHT HAND","ALWAYS WITH RIGHT HAND","ALWAYS WITH RIGHT HAND","ALWAYS WITH RIGHT HAND","ALWAYS WITH LEFT HAND","1: 1  CONDITION APPLIES","1: 1  CONDITION APPLIES","NO","FEMALE","MALE"
1980,64735,4,0,2,33790,5,195,2,2,5,6,4,5,2,2,2,2,2,1,4,7,1,1,30,22,"Male","Non-Black / Non-Hispanic","West (AK, AZ, CA, CO, HI, ID, MT, NV, NM, OR, UT, WA, WY)","None","In CBSA, not in central city","NO","3: Mother","YES","NO","YES","NO","NO","0: 0  CONDITION DOES NOT APPLY","ALWAYS WITH RIGHT HAND","ALWAYS WITH RIGHT HAND","ALWAYS WITH RIGHT HAND","ALWAYS WITH RIGHT HAND","ALWAYS WITH LEFT HAND","1: 1  CONDITION APPLIES","0: 0  CONDITION DOES NOT APPLY","YES","FEMALE","FEMALE"
1980,5500,3,1,3,33790,5,178,1,1,2,5,2,3,2,2,1,2,1,7,2,6,1,1,21,0,"Female","Non-Black / Non-Hispanic","West (AK, AZ, CA, CO, HI, ID, MT, NV, NM, OR, UT, WA, WY)","Bachelor's degree (BA, BS)","In CBSA, not in central city","NO","3: Mother","NO","NO","NO","NO","YES","0: 0  CONDITION DOES NOT APPLY","ALWAYS WITH RIGHT HAND","ALWAYS WITH RIGHT HAND","ALWAYS WITH RIGHT HAND","ALWAYS WITH RIGHT HAND","ALWAYS WITH LEFT HAND","1: 1  CONDITION APPLIES","1: 1  CONDITION APPLIES","NO","FEMALE","MALE"
1980,64735,1,0,1,33790,6,230,1,1,2,6,2,5,2,2,2,2,2,2,3,5,1,1,38,25,"Male","Mixed Race (Non-Hispanic)","South (AL, AR, DE, DC, FL, GA, KY, LA, MD, MS, NC, OK, SC, TN , TX, VA, WV)","Associate/Junior college (AA)","In CBSA, in central city","NO","3: Mother","YES","YES","YES","NO","YES","0: 0  CONDITION DOES NOT APPLY","ALWAYS WITH RIGHT HAND","ALWAYS WITH RIGHT HAND","ALWAYS WITH RIGHT HAND","ALWAYS WITH RIGHT HAND","ALWAYS WITH LEFT HAND","0: 0  CONDITION DOES NOT APPLY","1: 1  CONDITION APPLIES","NO","FEMALE","FEMALE"
1981,64735,2,0,1,22000,5,182,2,2,3,3,3,4,1,1,2,2,1,6,3,7,1,1,30,21,"Male","Non-Black / Non-Hispanic","South (AL, AR, DE, DC, FL, GA, KY, LA, MD, MS, NC, OK, SC, TN , TX, VA, WV)","Bachelor's degree (BA, BS)","In CBSA, not in central city","NO","3: Mother","NO","NO","NO","NO","YES","0: 0  CONDITION DOES NOT APPLY","ALWAYS WITH RIGHT HAND","ALWAYS WITH RIGHT HAND","ALWAYS WITH RIGHT HAND","ALWAYS WITH RIGHT HAND","ALWAYS WITH LEFT HAND","1: 1  CONDITION APPLIES","1: 1  CONDITION APPLIES","NO","FEMALE","MALE"
1982,62000,4,1,1,33790,5,184,1,1,3,4,2,4,2,2,1,2,1,3,2,6,1,1,33,18,"Female","Non-Black / Non-Hispanic","South (AL, AR, DE, DC, FL, GA, KY, LA, MD, MS, NC, OK, SC, TN , TX, VA, WV)","None","In CBSA, in central city","NO","3: Mother","NO","YES","NO","NO","YES","0: 0  CONDITION DOES NOT APPLY","ALWAYS WITH RIGHT HAND","ALWAYS WITH RIGHT HAND","ALWAYS WITH RIGHT HAND","ALWAYS WITH RIGHT HAND","ALWAYS WITH LEFT HAND","0: 0  CONDITION DOES NOT APPLY","1: 1  CONDITION APPLIES","YES","MALE","MALE"
1982,64735,2,1,2,33790,5,181,2,2,2,1,1,1,2,2,1,1,1,5,3,8,1,1,29,19,"Male","Hispanic","West (AK, AZ, CA, CO, HI, ID, MT, NV, NM, OR, UT, WA, WY)","None","In CBSA, not in central city","NO","3: Mother","NO","NO","YES","NO","NO","0: 0  CONDITION DOES NOT APPLY","ALWAYS WITH RIGHT HAND","ALWAYS WITH LEFT HAND","ALWAYS WITH RIGHT HAND","ALWAYS WITH RIGHT HAND","USUALLY WITH LEFT HAND","1: 1  CONDITION APPLIES","0: 0  CONDITION DOES NOT APPLY","NO","FEMALE","MALE"
1984,64735,3,1,1,33790,5,184,1,1,5,1,2,2,2,2,1,2,1,6,1,8,2,1,33,20,"Male","Hispanic","West (AK, AZ, CA, CO, HI, ID, MT, NV, NM, OR, UT, WA, WY)","High school diploma (Regular 12 year program)","In CBSA, not in central city","NO","3: Mother","NO","NO","YES","NO","YES","0: 0  CONDITION DOES NOT APPLY","ALWAYS WITH RIGHT HAND","ALWAYS WITH RIGHT HAND","ALWAYS WITH LEFT HAND","ALWAYS WITH LEFT HAND","ALWAYS WITH LEFT HAND","0: 0  CONDITION DOES NOT APPLY","1: 1  CONDITION APPLIES","NO","FEMALE","MALE"
1981,64735,7,2,2,33790,5,182,2,2,3,4,2,1,2,2,1,1,1,3,3,6,1,1,29,14,"Female","Hispanic","West (AK, AZ, CA, CO, HI, ID, MT, NV, NM, OR, UT, WA, WY)","GED","Not in CBSA","NO","3: Mother","NO","NO","NO","NO","YES","0: 0  CONDITION DOES NOT APPLY","ALWAYS WITH RIGHT HAND","ALWAYS WITH RIGHT HAND","ALWAYS WITH RIGHT HAND","ALWAYS WITH RIGHT HAND","ALWAYS WITH LEFT HAND","0: 0  CONDITION DOES NOT APPLY","1: 1  CONDITION APPLIES","NO","FEMALE","MALE"
1981,64735,5,1,1,33790,5,115,1,2,2,3,3,1,2,2,1,1,2,6,3,5,1,1,26,19,"Male","Hispanic","South (AL, AR, DE, DC, FL, GA, KY, LA, MD, MS, NC, OK, SC, TN , TX, VA, WV)","Associate/Junior college (AA)","In CBSA, in central city","NO","3: Mother","YES","YES","YES","NO","YES","0: 0  CONDITION DOES NOT APPLY","ALWAYS WITH RIGHT HAND","ALWAYS WITH RIGHT HAND","ALWAYS WITH RIGHT HAND","ALWAYS WITH RIGHT HAND","ALWAYS WITH LEFT HAND","1: 1  CONDITION APPLIES","1: 1  CONDITION APPLIES","NO","MALE","MALE"
1982,64735,4,1,2,33790,5,165,1,1,3,3,3,2,2,1,1,1,1,2,3,7,1,1,25,5,"Female","Non-Black / Non-Hispanic","West (AK, AZ, CA, CO, HI, ID, MT, NV, NM, OR, UT, WA, WY)","GED","In CBSA, in central city","NO","3: Mother","NO","NO","NO","NO","NO","0: 0  CONDITION DOES NOT APPLY","ALWAYS WITH RIGHT HAND","ALWAYS WITH RIGHT HAND","ALWAYS WITH RIGHT HAND","ALWAYS WITH RIGHT HAND","ALWAYS WITH LEFT HAND","1: 1  CONDITION APPLIES","1: 1  CONDITION APPLIES","NO","MALE","FEMALE"
1980,64735,3,1,1,33790,5,183,1,2,2,2,5,4,2,2,1,1,1,6,5,7,1,1,32,21,"Female","Non-Black / Non-Hispanic","South (AL, AR, DE, DC, FL, GA, KY, LA, MD, MS, NC, OK, SC, TN , TX, VA, WV)","High school diploma (Regular 12 year program)","In CBSA, in central city","NO","3: Mother","YES","NO","NO","NO","YES","0: 0  CONDITION DOES NOT APPLY","ALWAYS WITH RIGHT HAND","ALWAYS WITH RIGHT HAND","ALWAYS WITH RIGHT HAND","ALWAYS WITH RIGHT HAND","ALWAYS WITH LEFT HAND","1: 1  CONDITION APPLIES","1: 1  CONDITION APPLIES","NO","FEMALE","MALE"
1982,64735,3,1,3,33790,5,185,1,2,2,3,2,2,2,2,1,1,1,3,2,7,1,1,31,4,"Male","Non-Black / Non-Hispanic","West (AK, AZ, CA, CO, HI, ID, MT, NV, NM, OR, UT, WA, WY)","High school diploma (Regular 12 year program)","In CBSA, in central city","NO","3: Mother","NO","NO","NO","NO","YES","0: 0  CONDITION DOES NOT APPLY","ALWAYS WITH RIGHT HAND","ALWAYS WITH RIGHT HAND","ALWAYS WITH RIGHT HAND","ALWAYS WITH RIGHT HAND","ALWAYS WITH LEFT HAND","1: 1  CONDITION APPLIES","1: 1  CONDITION APPLIES","NO","MALE","FEMALE"
1981,64735,2,0,3,33790,5,183,1,1,2,3,2,1,2,2,2,2,1,6,2,7,1,1,33,24,"Male","Non-Black / Non-Hispanic","West (AK, AZ, CA, CO, HI, ID, MT, NV, NM, OR, UT, WA, WY)","Bachelor's degree (BA, BS)","In CBSA, in central city","NO","3: Mother","NO","NO","NO","NO","YES","0: 0  CONDITION DOES NOT APPLY","ALWAYS WITH RIGHT HAND","ALWAYS WITH RIGHT HAND","ALWAYS WITH RIGHT HAND","ALWAYS WITH RIGHT HAND","ALWAYS WITH LEFT HAND","1: 1  CONDITION APPLIES","1: 1  CONDITION APPLIES","NO","FEMALE","MALE"
1984,64735,3,1,1,60000,5,182,1,1,1,2,5,4,2,2,2,2,1,6,5,6,1,1,29,22,"Female","Hispanic","South (AL, AR, DE, DC, FL, GA, KY, LA, MD, MS, NC, OK, SC, TN , TX, VA, WV)","High school diploma (Regular 12 year program)","In CBSA, in central city","NO","3: Mother","NO","YES","NO","NO","NO","0: 0  CONDITION DOES NOT APPLY","ALWAYS WITH RIGHT HAND","ALWAYS WITH RIGHT HAND","ALWAYS WITH RIGHT HAND","ALWAYS WITH RIGHT HAND","ALWAYS WITH LEFT HAND","1: 1  CONDITION APPLIES","1: 1  CONDITION APPLIES","NO","MALE","MALE"
1981,64735,3,0,1,33790,5,185,1,2,2,4,4,3,2,1,1,1,1,3,2,8,1,1,31,22,"Male","Hispanic","West (AK, AZ, CA, CO, HI, ID, MT, NV, NM, OR, UT, WA, WY)","Associate/Junior college (AA)","In CBSA, in central city","NO","3: Mother","NO","NO","NO","NO","NO","0: 0  CONDITION DOES NOT APPLY","ALWAYS WITH RIGHT HAND","ALWAYS WITH RIGHT HAND","ALWAYS WITH RIGHT HAND","ALWAYS WITH RIGHT HAND","ALWAYS WITH LEFT HAND","1: 1  CONDITION APPLIES","1: 1  CONDITION APPLIES","NO","FEMALE","MALE"
1983,64735,3,0,2,33790,5,183,2,1,1,4,4,4,2,2,2,2,2,6,2,7,1,1,30,22,"Female","Non-Black / Non-Hispanic","West (AK, AZ, CA, CO, HI, ID, MT, NV, NM, OR, UT, WA, WY)","High school diploma (Regular 12 year program)","In CBSA, not in central city","NO","3: Mother","YES","NO","NO","NO","YES","0: 0  CONDITION DOES NOT APPLY","ALWAYS WITH RIGHT HAND","ALWAYS WITH RIGHT HAND","ALWAYS WITH RIGHT HAND","ALWAYS WITH RIGHT HAND","ALWAYS WITH LEFT HAND","1: 1  CONDITION APPLIES","1: 1  CONDITION APPLIES","YES","FEMALE","MALE"
1983,55957,3,0,1,12000,5,183,1,1,1,3,3,4,2,2,1,1,2,3,3,7,1,1,30,20,"Male","Non-Black / Non-Hispanic","West (AK, AZ, CA, CO, HI, ID, MT, NV, NM, OR, UT, WA, WY)","GED","In CBSA, in central city","NO","3: Mother","YES","YES","NO","NO","YES","0: 0  CONDITION DOES NOT APPLY","ALWAYS WITH RIGHT HAND","ALWAYS WITH RIGHT HAND","ALWAYS WITH RIGHT HAND","ALWAYS WITH RIGHT HAND","ALWAYS WITH RIGHT HAND","1: 1  CONDITION APPLIES","1: 1  CONDITION APPLIES","NO","MALE","MALE"
1983,64735,3,0,1,33790,5,183,2,2,2,4,3,3,2,2,1,2,2,4,1,6,1,1,33,20,"Female","Non-Black / Non-Hispanic","South (AL, AR, DE, DC, FL, GA, KY, LA, MD, MS, NC, OK, SC, TN , TX, VA, WV)","None","In CBSA, not in central city","NO","3: Mother","NO","NO","NO","NO","YES","0: 0  CONDITION DOES NOT APPLY","ALWAYS WITH RIGHT HAND","ALWAYS WITH LEFT HAND","ALWAYS WITH RIGHT HAND","ALWAYS WITH RIGHT HAND","ALWAYS WITH LEFT HAND","1: 1  CONDITION APPLIES","1: 1  CONDITION APPLIES","NO","MALE","FEMALE"
1983,64735,3,1,1,33790,5,137,1,2,3,3,5,5,2,2,2,2,2,5,3,8,1,1,28,21,"Male","Non-Black / Non-Hispanic","West (AK, AZ, CA, CO, HI, ID, MT, NV, NM, OR, UT, WA, WY)","High school diploma (Regular 12 year program)","In CBSA, in central city","NO","3: Mother","NO","NO","NO","NO","YES","0: 0  CONDITION DOES NOT APPLY","ALWAYS WITH RIGHT HAND","ALWAYS WITH RIGHT HAND","ALWAYS WITH RIGHT HAND","ALWAYS WITH RIGHT HAND","ALWAYS WITH LEFT HAND","1: 1  CONDITION APPLIES","1: 1  CONDITION APPLIES","NO","MALE","MALE"
1983,37000,3,0,2,33790,5,184,1,2,4,7,3,3,2,2,2,1,1,6,2,7,1,1,31,22,"Male","Non-Black / Non-Hispanic","South (AL, AR, DE, DC, FL, GA, KY, LA, MD, MS, NC, OK, SC, TN , TX, VA, WV)","Associate/Junior college (AA)","In CBSA, not in central city","YES","3: Mother","YES","NO","NO","NO","NO","0: 0  CONDITION DOES NOT APPLY","ALWAYS WITH RIGHT HAND","ALWAYS WITH RIGHT HAND","ALWAYS WITH RIGHT HAND","ALWAYS WITH RIGHT HAND","ALWAYS WITH LEFT HAND","1: 1  CONDITION APPLIES","1: 1  CONDITION APPLIES","NO","FEMALE","FEMALE"
1983,64735,4,1,2,36000,5,181,1,1,3,4,2,3,2,2,1,1,1,5,2,6,1,1,31,25,"Female","Non-Black / Non-Hispanic","West (AK, AZ, CA, CO, HI, ID, MT, NV, NM, OR, UT, WA, WY)","GED","In CBSA, in central city","NO","3: Mother","YES","NO","YES","NO","YES","0: 0  CONDITION DOES NOT APPLY","ALWAYS WITH RIGHT HAND","ALWAYS WITH RIGHT HAND","ALWAYS WITH RIGHT HAND","ALWAYS WITH RIGHT HAND","ALWAYS WITH LEFT HAND","1: 1  CONDITION APPLIES","1: 1  CONDITION APPLIES","NO","MALE","MALE"
1982,64735,4,1,1,33790,5,182,2,1,2,4,6,2,2,2,2,2,1,4,5,7,1,1,29,1,"Female","Non-Black / Non-Hispanic","West (AK, AZ, CA, CO, HI, ID, MT, NV, NM, OR, UT, WA, WY)","Bachelor's degree (BA, BS)","In CBSA, not in central city","NO","3: Mother","NO","YES","NO","NO","YES","0: 0  CONDITION DOES NOT APPLY","ALWAYS WITH RIGHT HAND","ALWAYS WITH RIGHT HAND","ALWAYS WITH RIGHT HAND","ALWAYS WITH RIGHT HAND","ALWAYS WITH LEFT HAND","1: 1  CONDITION APPLIES","1: 1  CONDITION APPLIES","NO","MALE","MALE"
1983,64735,3,0,1,33790,5,182,1,1,4,6,1,4,2,2,1,1,1,6,1,7,1,1,29,21,"Female","Black","South (AL, AR, DE, DC, FL, GA, KY, LA, MD, MS, NC, OK, SC, TN , TX, VA, WV)","PhD","In CBSA, not in central city","NO","3: Mother","YES","NO","NO","NO","YES","0: 0  CONDITION DOES NOT APPLY","ALWAYS WITH RIGHT HAND","ALWAYS WITH RIGHT HAND","ALWAYS WITH RIGHT HAND","ALWAYS WITH RIGHT HAND","ALWAYS WITH LEFT HAND","0: 0  CONDITION DOES NOT APPLY","0: 0  CONDITION DOES NOT APPLY","YES","MALE","MALE"
1981,64735,2,1,3,33790,5,187,3,1,4,4,2,6,2,2,2,2,2,5,3,6,1,1,24,21,"Female","Hispanic","South (AL, AR, DE, DC, FL, GA, KY, LA, MD, MS, NC, OK, SC, TN , TX, VA, WV)","None","In CBSA, in central city","NO","3: Mother","YES","NO","YES","NO","YES","0: 0  CONDITION DOES NOT APPLY","ALWAYS WITH RIGHT HAND","DON'T DO THIS ACTIVITY","ALWAYS WITH RIGHT HAND","ALWAYS WITH RIGHT HAND","ALWAYS WITH LEFT HAND","1: 1  CONDITION APPLIES","1: 1  CONDITION APPLIES","NO","FEMALE","FEMALE"
1983,64735,3,0,1,33790,5,182,1,2,4,3,3,2,1,2,1,2,2,5,2,7,1,1,30,21,"Female","Hispanic","West (AK, AZ, CA, CO, HI, ID, MT, NV, NM, OR, UT, WA, WY)","High school diploma (Regular 12 year program)","In CBSA, not in central city","NO","3: Mother","YES","NO","NO","NO","NO","0: 0  CONDITION DOES NOT APPLY","ALWAYS WITH RIGHT HAND","ALWAYS WITH RIGHT HAND","ALWAYS WITH RIGHT HAND","ALWAYS WITH RIGHT HAND","ALWAYS WITH LEFT HAND","0: 0  CONDITION DOES NOT APPLY","1: 1  CONDITION APPLIES","NO","FEMALE","FEMALE"
1981,64735,4,1,2,33790,5,178,1,1,2,4,5,5,2,2,1,2,1,6,5,6,2,1,38,20,"Male","Non-Black / Non-Hispanic","North Central (IL, IN, IA, KS, MI, MN, MO, NE, OH, ND, SD, WI)","Master's degree (MA, MS)","In CBSA, in central city","NO","3: Mother","NO","NO","NO","NO","YES","0: 0  CONDITION DOES NOT APPLY","ALWAYS WITH RIGHT HAND","ALWAYS WITH RIGHT HAND","ALWAYS WITH RIGHT HAND","ALWAYS WITH RIGHT HAND","ALWAYS WITH LEFT HAND","0: 0  CONDITION DOES NOT APPLY","1: 1  CONDITION APPLIES","NO","MALE","FEMALE"
1982,64735,1,0,3,33790,5,183,1,1,2,2,1,8,2,2,2,2,2,3,3,8,4,2,38,28,"Male","Non-Black / Non-Hispanic","West (AK, AZ, CA, CO, HI, ID, MT, NV, NM, OR, UT, WA, WY)","High school diploma (Regular 12 year program)","In CBSA, not in central city","NO","3: Mother","NO","NO","YES","NO","YES","0: 0  CONDITION DOES NOT APPLY","ALWAYS WITH RIGHT HAND","ALWAYS WITH RIGHT HAND","ALWAYS WITH RIGHT HAND","ALWAYS WITH RIGHT HAND","ALWAYS WITH LEFT HAND","0: 0  CONDITION DOES NOT APPLY","1: 1  CONDITION APPLIES","NO","FEMALE","MALE"
1981,64735,3,0,3,33790,5,181,1,1,3,3,3,4,2,2,1,2,1,6,3,7,1,1,30,21,"Female","Hispanic","South (AL, AR, DE, DC, FL, GA, KY, LA, MD, MS, NC, OK, SC, TN , TX, VA, WV)","High school diploma (Regular 12 year program)","In CBSA, not in central city","NO","3: Mother","NO","YES","YES","NO","YES","0: 0  CONDITION DOES NOT APPLY","ALWAYS WITH RIGHT HAND","ALWAYS WITH RIGHT HAND","ALWAYS WITH RIGHT HAND","ALWAYS WITH RIGHT HAND","ALWAYS WITH LEFT HAND","1: 1  CONDITION APPLIES","1: 1  CONDITION APPLIES","YES","FEMALE","MALE"
1981,64735,3,0,2,33790,5,179,2,1,3,3,4,2,1,2,2,1,1,4,2,7,1,1,34,25,"Male","Non-Black / Non-Hispanic","Northeast (CT, ME, MA, NH, NJ, NY, PA, RI, VT)","GED","In CBSA, in central city","NO","3: Mother","YES","YES","NO","NO","YES","0: 0  CONDITION DOES NOT APPLY","ALWAYS WITH RIGHT HAND","ALWAYS WITH RIGHT HAND","ALWAYS WITH RIGHT HAND","ALWAYS WITH RIGHT HAND","ALWAYS WITH LEFT HAND","0: 0  CONDITION DOES NOT APPLY","0: 0  CONDITION DOES NOT APPLY","NO","FEMALE","MALE"
1984,64735,3,1,1,33790,5,250,3,3,2,5,1,1,2,2,2,1,2,4,4,5,1,1,36,21,"Male","Black","South (AL, AR, DE, DC, FL, GA, KY, LA, MD, MS, NC, OK, SC, TN , TX, VA, WV)","High school diploma (Regular 12 year program)","In CBSA, not in central city","NO","3: Mother","YES","YES","NO","NO","NO","0: 0  CONDITION DOES NOT APPLY","ALWAYS WITH RIGHT HAND","ALWAYS WITH RIGHT HAND","ALWAYS WITH LEFT HAND","ALWAYS WITH LEFT HAND","ALWAYS WITH RIGHT HAND","1: 1  CONDITION APPLIES","1: 1  CONDITION APPLIES","NO","FEMALE","FEMALE"
1982,64735,3,0,2,33790,5,182,1,1,8,4,1,5,2,2,1,2,1,3,2,7,1,1,30,22,"Female","Mixed Race (Non-Hispanic)","North Central (IL, IN, IA, KS, MI, MN, MO, NE, OH, ND, SD, WI)","High school diploma (Regular 12 year program)","In CBSA, not in central city","NO","3: Mother","YES","NO","YES","NO","YES","0: 0  CONDITION DOES NOT APPLY","ALWAYS WITH RIGHT HAND","ALWAYS WITH RIGHT HAND","ALWAYS WITH RIGHT HAND","ALWAYS WITH RIGHT HAND","ALWAYS WITH RIGHT HAND","1: 1  CONDITION APPLIES","1: 1  CONDITION APPLIES","YES","FEMALE","MALE"
1984,64735,3,1,3,33790,6,187,1,1,5,5,2,3,2,2,2,2,1,4,3,6,1,1,26,22,"Male","Non-Black / Non-Hispanic","West (AK, AZ, CA, CO, HI, ID, MT, NV, NM, OR, UT, WA, WY)","Associate/Junior college (AA)","In CBSA, in central city","NO","3: Mother","YES","NO","YES","NO","YES","0: 0  CONDITION DOES NOT APPLY","ALWAYS WITH RIGHT HAND","ALWAYS WITH RIGHT HAND","ALWAYS WITH RIGHT HAND","ALWAYS WITH RIGHT HAND","ALWAYS WITH LEFT HAND","1: 1  CONDITION APPLIES","1: 1  CONDITION APPLIES","YES","FEMALE","MALE"
1983,64735,4,1,3,10000,5,180,1,1,2,4,2,2,2,1,1,1,1,5,3,8,1,1,27,18,"Male","Non-Black / Non-Hispanic","West (AK, AZ, CA, CO, HI, ID, MT, NV, NM, OR, UT, WA, WY)","None","In CBSA, not in central city","NO","3: Mother","YES","NO","YES","NO","NO","0: 0  CONDITION DOES NOT APPLY","ALWAYS WITH RIGHT HAND","ALWAYS WITH RIGHT HAND","ALWAYS WITH RIGHT HAND","ALWAYS WITH RIGHT HAND","ALWAYS WITH LEFT HAND","1: 1  CONDITION APPLIES","1: 1  CONDITION APPLIES","NO","FEMALE","MALE"
1981,64735,3,0,1,33790,5,183,1,1,2,3,4,4,2,2,1,2,1,2,2,6,1,1,32,21,"Male","Non-Black / Non-Hispanic","South (AL, AR, DE, DC, FL, GA, KY, LA, MD, MS, NC, OK, SC, TN , TX, VA, WV)","Bachelor's degree (BA, BS)","In CBSA, not in central city","NO","3: Mother","YES","NO","YES","NO","YES","0: 0  CONDITION DOES NOT APPLY","ALWAYS WITH RIGHT HAND","ALWAYS WITH RIGHT HAND","ALWAYS WITH RIGHT HAND","ALWAYS WITH RIGHT HAND","ALWAYS WITH LEFT HAND","1: 1  CONDITION APPLIES","0: 0  CONDITION DOES NOT APPLY","NO","MALE","FEMALE"
1980,64735,3,0,3,33790,5,230,1,1,3,5,1,4,2,2,2,2,1,5,4,7,1,1,31,22,"Female","Black","South (AL, AR, DE, DC, FL, GA, KY, LA, MD, MS, NC, OK, SC, TN , TX, VA, WV)","None","In CBSA, in central city","NO","3: Mother","NO","YES","NO","NO","YES","0: 0  CONDITION DOES NOT APPLY","ALWAYS WITH RIGHT HAND","ALWAYS WITH LEFT HAND","ALWAYS WITH LEFT HAND","ALWAYS WITH LEFT HAND","ALWAYS WITH LEFT HAND","1: 1  CONDITION APPLIES","1: 1  CONDITION APPLIES","NO","FEMALE","FEMALE"
1980,64735,4,1,5,33790,4,185,2,1,3,6,2,2,2,2,2,2,2,2,6,8,6,1,30,16,"Female","Non-Black / Non-Hispanic","South (AL, AR, DE, DC, FL, GA, KY, LA, MD, MS, NC, OK, SC, TN , TX, VA, WV)","High school diploma (Regular 12 year program)","In CBSA, in central city","NO","3: Mother","NO","YES","NO","NO","NO","0: 0  CONDITION DOES NOT APPLY","ALWAYS WITH RIGHT HAND","ALWAYS WITH RIGHT HAND","ALWAYS WITH RIGHT HAND","ALWAYS WITH RIGHT HAND","ALWAYS WITH RIGHT HAND","1: 1  CONDITION APPLIES","1: 1  CONDITION APPLIES","NO","FEMALE","FEMALE"
1984,49261,3,0,3,33790,5,183,2,1,6,7,3,4,2,2,1,1,1,6,1,5,1,1,27,22,"Female","Hispanic","Northeast (CT, ME, MA, NH, NJ, NY, PA, RI, VT)","Bachelor's degree (BA, BS)","In CBSA, not in central city","YES","3: Mother","YES","NO","NO","NO","YES","0: 0  CONDITION DOES NOT APPLY","ALWAYS WITH RIGHT HAND","ALWAYS WITH RIGHT HAND","ALWAYS WITH RIGHT HAND","ALWAYS WITH RIGHT HAND","ALWAYS WITH LEFT HAND","1: 1  CONDITION APPLIES","1: 1  CONDITION APPLIES","YES","MALE","FEMALE"
1986,64735,4,0,1,33790,5,181,1,1,3,5,2,4,2,1,1,1,1,5,1,6,1,1,27,2,"Female","Hispanic","West (AK, AZ, CA, CO, HI, ID, MT, NV, NM, OR, UT, WA, WY)","GED","In CBSA, not in central city","NO","3: Mother","NO","NO","NO","NO","NO","0: 0  CONDITION DOES NOT APPLY","ALWAYS WITH RIGHT HAND","ALWAYS WITH RIGHT HAND","ALWAYS WITH RIGHT HAND","ALWAYS WITH LEFT HAND","ALWAYS WITH LEFT HAND","0: 0  CONDITION DOES NOT APPLY","1: 1  CONDITION APPLIES","YES","MALE","MALE"
1984,64735,1,0,1,33790,5,183,1,1,1,3,2,4,1,1,1,1,1,3,3,7,1,1,35,26,"Male","Hispanic","Northeast (CT, ME, MA, NH, NJ, NY, PA, RI, VT)","GED","In CBSA, not in central city","YES","3: Mother","NO","NO","NO","NO","NO","0: 0  CONDITION DOES NOT APPLY","ALWAYS WITH RIGHT HAND","ALWAYS WITH RIGHT HAND","ALWAYS WITH RIGHT HAND","ALWAYS WITH RIGHT HAND","ALWAYS WITH LEFT HAND","1: 1  CONDITION APPLIES","1: 1  CONDITION APPLIES","NO","FEMALE","MALE"
1981,64735,4,1,2,33790,5,140,2,1,3,2,2,2,2,2,1,1,1,6,2,9,1,1,31,25,"Male","Hispanic","West (AK, AZ, CA, CO, HI, ID, MT, NV, NM, OR, UT, WA, WY)","High school diploma (Regular 12 year program)","In CBSA, not in central city","NO","3: Mother","YES","NO","NO","NO","YES","0: 0  CONDITION DOES NOT APPLY","ALWAYS WITH RIGHT HAND","ALWAYS WITH RIGHT HAND","ALWAYS WITH RIGHT HAND","ALWAYS WITH RIGHT HAND","ALWAYS WITH LEFT HAND","1: 1  CONDITION APPLIES","1: 1  CONDITION APPLIES","NO","FEMALE","MALE"
1982,57891,3,1,3,33790,5,182,1,2,4,5,6,5,1,2,2,2,2,3,6,7,1,1,31,19,"Female","Hispanic","Northeast (CT, ME, MA, NH, NJ, NY, PA, RI, VT)","High school diploma (Regular 12 year program)","In CBSA, in central city","NO","3: Mother","YES","NO","YES","NO","YES","0: 0  CONDITION DOES NOT APPLY","ALWAYS WITH RIGHT HAND","ALWAYS WITH RIGHT HAND","ALWAYS WITH RIGHT HAND","ALWAYS WITH RIGHT HAND","ALWAYS WITH RIGHT HAND","1: 1  CONDITION APPLIES","1: 1  CONDITION APPLIES","YES","FEMALE","FEMALE"
1983,64735,3,0,1,33790,5,184,1,1,1,1,4,4,2,2,1,2,1,3,2,7,1,1,30,19,"Male","Hispanic","South (AL, AR, DE, DC, FL, GA, KY, LA, MD, MS, NC, OK, SC, TN , TX, VA, WV)","High school diploma (Regular 12 year program)","In CBSA, not in central city","NO","3: Mother","YES","NO","NO","NO","NO","0: 0  CONDITION DOES NOT APPLY","ALWAYS WITH RIGHT HAND","ALWAYS WITH RIGHT HAND","ALWAYS WITH RIGHT HAND","ALWAYS WITH RIGHT HAND","ALWAYS WITH LEFT HAND","0: 0  CONDITION DOES NOT APPLY","1: 1  CONDITION APPLIES","NO","FEMALE","MALE"
1982,64735,3,0,2,33790,6,210,1,1,3,5,2,2,2,2,2,2,1,1,2,7,1,1,29,18,"Male","Non-Black / Non-Hispanic","South (AL, AR, DE, DC, FL, GA, KY, LA, MD, MS, NC, OK, SC, TN , TX, VA, WV)","None","Not in country","NO","3: Mother","NO","NO","NO","NO","NO","0: 0  CONDITION DOES NOT APPLY","ALWAYS WITH RIGHT HAND","ALWAYS WITH RIGHT HAND","ALWAYS WITH RIGHT HAND","ALWAYS WITH LEFT HAND","ALWAYS WITH LEFT HAND","1: 1  CONDITION APPLIES","0: 0  CONDITION DOES NOT APPLY","NO","FEMALE","MALE"
1980,64735,2,1,1,33790,5,183,1,1,3,5,3,3,2,2,1,2,1,3,2,6,1,1,29,8,"Female","Non-Black / Non-Hispanic","West (AK, AZ, CA, CO, HI, ID, MT, NV, NM, OR, UT, WA, WY)","High school diploma (Regular 12 year program)","In CBSA, not in central city","NO","3: Mother","YES","NO","NO","NO","YES","0: 0  CONDITION DOES NOT APPLY","ALWAYS WITH RIGHT HAND","ALWAYS WITH RIGHT HAND","ALWAYS WITH RIGHT HAND","ALWAYS WITH RIGHT HAND","ALWAYS WITH LEFT HAND","1: 1  CONDITION APPLIES","1: 1  CONDITION APPLIES","NO","FEMALE","FEMALE"
1985,0,4,1,4,33790,5,183,1,2,1,4,5,1,2,2,2,2,1,2,6,7,1,1,47,23,"Male","Hispanic","South (AL, AR, DE, DC, FL, GA, KY, LA, MD, MS, NC, OK, SC, TN , TX, VA, WV)","None","In CBSA, not in central city","NO","3: Mother","YES","NO","NO","NO","NO","0: 0  CONDITION DOES NOT APPLY","ALWAYS WITH RIGHT HAND","ALWAYS WITH RIGHT HAND","ALWAYS WITH RIGHT HAND","ALWAYS WITH RIGHT HAND","ALWAYS WITH LEFT HAND","1: 1  CONDITION APPLIES","1: 1  CONDITION APPLIES","YES","FEMALE","FEMALE"
1980,21750,4,0,2,20000,5,195,2,1,2,4,2,4,2,2,1,2,1,6,2,8,1,1,30,24,"Female","Non-Black / Non-Hispanic","West (AK, AZ, CA, CO, HI, ID, MT, NV, NM, OR, UT, WA, WY)","High school diploma (Regular 12 year program)","In CBSA, not in central city","NO","3: Mother","YES","NO","NO","NO","YES","0: 0  CONDITION DOES NOT APPLY","ALWAYS WITH RIGHT HAND","USUALLY WITH BOTH HANDS EQUALLY","ALWAYS WITH RIGHT HAND","ALWAYS WITH RIGHT HAND","ALWAYS WITH LEFT HAND","1: 1  CONDITION APPLIES","1: 1  CONDITION APPLIES","NO","FEMALE","MALE"
1983,64735,2,1,1,33790,5,125,1,2,5,3,7,7,2,2,1,2,1,6,2,7,1,1,30,20,"Female","Non-Black / Non-Hispanic","North Central (IL, IN, IA, KS, MI, MN, MO, NE, OH, ND, SD, WI)","High school diploma (Regular 12 year program)","Not in CBSA","NO","3: Mother","YES","NO","NO","NO","YES","0: 0  CONDITION DOES NOT APPLY","ALWAYS WITH RIGHT HAND","ALWAYS WITH RIGHT HAND","ALWAYS WITH RIGHT HAND","ALWAYS WITH RIGHT HAND","ALWAYS WITH LEFT HAND","1: 1  CONDITION APPLIES","0: 0  CONDITION DOES NOT APPLY","NO","MALE","FEMALE"
1983,64735,2,1,3,33790,6,160,1,1,3,3,5,4,2,1,1,2,1,4,2,8,1,1,31,21,"Male","Non-Black / Non-Hispanic","West (AK, AZ, CA, CO, HI, ID, MT, NV, NM, OR, UT, WA, WY)","Bachelor's degree (BA, BS)","In CBSA, not in central city","NO","3: Mother","YES","NO","NO","NO","YES","0: 0  CONDITION DOES NOT APPLY","ALWAYS WITH RIGHT HAND","ALWAYS WITH RIGHT HAND","ALWAYS WITH RIGHT HAND","ALWAYS WITH RIGHT HAND","ALWAYS WITH LEFT HAND","0: 0  CONDITION DOES NOT APPLY","1: 1  CONDITION APPLIES","NO","FEMALE","FEMALE"
1983,64735,3,1,3,33790,5,183,1,1,1,3,5,5,2,2,1,2,1,7,2,6,1,1,31,21,"Male","Black","South (AL, AR, DE, DC, FL, GA, KY, LA, MD, MS, NC, OK, SC, TN , TX, VA, WV)","High school diploma (Regular 12 year program)","In CBSA, in central city","NO","3: Mother","YES","NO","NO","YES","NO","0: 0  CONDITION DOES NOT APPLY","ALWAYS WITH RIGHT HAND","ALWAYS WITH RIGHT HAND","ALWAYS WITH RIGHT HAND","ALWAYS WITH RIGHT HAND","ALWAYS WITH LEFT HAND","1: 1  CONDITION APPLIES","1: 1  CONDITION APPLIES","NO","MALE","MALE"
1981,57500,2,0,2,33790,5,181,1,1,1,5,5,4,2,2,2,1,1,4,3,7,1,1,23,3,"Female","Non-Black / Non-Hispanic","South (AL, AR, DE, DC, FL, GA, KY, LA, MD, MS, NC, OK, SC, TN , TX, VA, WV)","Bachelor's degree (BA, BS)","In CBSA, not in central city","NO","3: Mother","YES","NO","NO","NO","YES","0: 0  CONDITION DOES NOT APPLY","ALWAYS WITH RIGHT HAND","ALWAYS WITH RIGHT HAND","ALWAYS WITH RIGHT HAND","ALWAYS WITH RIGHT HAND","ALWAYS WITH LEFT HAND","1: 1  CONDITION APPLIES","1: 1  CONDITION APPLIES","NO","MALE","FEMALE"
1984,64735,3,0,3,90000,5,128,2,2,2,5,5,5,2,2,2,2,1,6,4,5,1,1,28,17,"Female","Non-Black / Non-Hispanic","South (AL, AR, DE, DC, FL, GA, KY, LA, MD, MS, NC, OK, SC, TN , TX, VA, WV)","Master's degree (MA, MS)","In CBSA, not in central city","NO","3: Mother","NO","NO","NO","NO","YES","0: 0  CONDITION DOES NOT APPLY","ALWAYS WITH RIGHT HAND","USUALLY WITH RIGHT HAND","ALWAYS WITH RIGHT HAND","ALWAYS WITH RIGHT HAND","ALWAYS WITH LEFT HAND","1: 1  CONDITION APPLIES","1: 1  CONDITION APPLIES","NO","MALE","MALE"
1982,64735,4,0,1,33790,5,180,1,1,1,3,5,3,1,2,1,2,1,6,2,6,1,1,32,18,"Male","Non-Black / Non-Hispanic","West (AK, AZ, CA, CO, HI, ID, MT, NV, NM, OR, UT, WA, WY)","Bachelor's degree (BA, BS)","In CBSA, in central city","YES","3: Mother","NO","NO","NO","NO","YES","0: 0  CONDITION DOES NOT APPLY","ALWAYS WITH RIGHT HAND","USUALLY WITH RIGHT HAND","USUALLY WITH RIGHT HAND","ALWAYS WITH RIGHT HAND","USUALLY WITH LEFT HAND","1: 1  CONDITION APPLIES","1: 1  CONDITION APPLIES","NO","FEMALE","FEMALE"
1983,62750,6,1,2,33790,5,182,2,1,3,5,2,5,2,1,2,2,1,5,2,7,1,1,29,20,"Female","Non-Black / Non-Hispanic","West (AK, AZ, CA, CO, HI, ID, MT, NV, NM, OR, UT, WA, WY)","High school diploma (Regular 12 year program)","In CBSA, not in central city","NO","3: Mother","YES","NO","NO","NO","YES","0: 0  CONDITION DOES NOT APPLY","ALWAYS WITH RIGHT HAND","ALWAYS WITH RIGHT HAND","ALWAYS WITH RIGHT HAND","ALWAYS WITH RIGHT HAND","ALWAYS WITH LEFT HAND","0: 0  CONDITION DOES NOT APPLY","1: 1  CONDITION APPLIES","YES","FEMALE","MALE"
1984,64735,2,0,1,33790,5,179,1,1,1,3,4,3,2,2,2,2,1,7,1,6,1,1,32,23,"Female","Non-Black / Non-Hispanic","West (AK, AZ, CA, CO, HI, ID, MT, NV, NM, OR, UT, WA, WY)","Bachelor's degree (BA, BS)","In CBSA, in central city","NO","3: Mother","YES","NO","NO","NO","NO","0: 0  CONDITION DOES NOT APPLY","USUALLY WITH RIGHT HAND","USUALLY WITH RIGHT HAND","ALWAYS WITH RIGHT HAND","ALWAYS WITH RIGHT HAND","ALWAYS WITH LEFT HAND","1: 1  CONDITION APPLIES","1: 1  CONDITION APPLIES","YES","MALE","FEMALE"
1981,64735,4,1,1,48000,5,184,1,2,7,4,2,5,2,2,1,2,1,3,4,6,3,1,34,21,"Male","Black","West (AK, AZ, CA, CO, HI, ID, MT, NV, NM, OR, UT, WA, WY)","High school diploma (Regular 12 year program)","In CBSA, not in central city","YES","3: Mother","NO","NO","NO","NO","YES","0: 0  CONDITION DOES NOT APPLY","ALWAYS WITH LEFT HAND","ALWAYS WITH RIGHT HAND","USUALLY WITH BOTH HANDS EQUALLY","ALWAYS WITH LEFT HAND","ALWAYS WITH RIGHT HAND","1: 1  CONDITION APPLIES","1: 1  CONDITION APPLIES","NO","FEMALE","FEMALE"
1982,64735,3,0,4,33790,5,181,1,2,6,2,5,5,2,2,2,2,2,6,2,6,1,1,40,53,"Female","Hispanic","South (AL, AR, DE, DC, FL, GA, KY, LA, MD, MS, NC, OK, SC, TN , TX, VA, WV)","None","In CBSA, not in central city","YES","3: Mother","YES","NO","NO","NO","NO","0: 0  CONDITION DOES NOT APPLY","ALWAYS WITH RIGHT HAND","ALWAYS WITH RIGHT HAND","ALWAYS WITH RIGHT HAND","ALWAYS WITH RIGHT HAND","ALWAYS WITH LEFT HAND","1: 1  CONDITION APPLIES","1: 1  CONDITION APPLIES","NO","FEMALE","MALE"
1982,64735,4,1,1,40000,5,181,2,2,2,3,7,5,2,2,2,2,2,1,2,7,1,1,33,20,"Female","Hispanic","West (AK, AZ, CA, CO, HI, ID, MT, NV, NM, OR, UT, WA, WY)","Associate/Junior college (AA)","In CBSA, not in central city","NO","3: Mother","YES","NO","NO","NO","YES","0: 0  CONDITION DOES NOT APPLY","ALWAYS WITH RIGHT HAND","ALWAYS WITH RIGHT HAND","ALWAYS WITH RIGHT HAND","USUALLY WITH RIGHT HAND","ALWAYS WITH LEFT HAND","0: 0  CONDITION DOES NOT APPLY","1: 1  CONDITION APPLIES","YES","MALE","FEMALE"
1980,64735,4,1,2,33790,5,181,1,1,3,3,3,1,2,2,2,2,2,4,2,7,1,2,31,20,"Male","Hispanic","South (AL, AR, DE, DC, FL, GA, KY, LA, MD, MS, NC, OK, SC, TN , TX, VA, WV)","High school diploma (Regular 12 year program)","In CBSA, not in central city","NO","3: Mother","YES","YES","NO","NO","YES","0: 0  CONDITION DOES NOT APPLY","ALWAYS WITH RIGHT HAND","ALWAYS WITH RIGHT HAND","ALWAYS WITH RIGHT HAND","ALWAYS WITH RIGHT HAND","ALWAYS WITH LEFT HAND","1: 1  CONDITION APPLIES","1: 1  CONDITION APPLIES","NO","MALE","MALE"
1981,64735,2,0,2,33790,5,265,1,1,2,4,3,4,1,1,1,1,1,3,2,6,1,1,28,18,"Male","Non-Black / Non-Hispanic","West (AK, AZ, CA, CO, HI, ID, MT, NV, NM, OR, UT, WA, WY)","High school diploma (Regular 12 year program)","In CBSA, in central city","NO","3: Mother","NO","NO","NO","NO","YES","0: 0  CONDITION DOES NOT APPLY","ALWAYS WITH RIGHT HAND","ALWAYS WITH RIGHT HAND","ALWAYS WITH RIGHT HAND","ALWAYS WITH RIGHT HAND","ALWAYS WITH LEFT HAND","1: 1  CONDITION APPLIES","1: 1  CONDITION APPLIES","NO","FEMALE","MALE"
1980,64735,3,1,2,33790,5,184,1,1,2,4,1,4,2,2,1,2,1,5,2,6,1,1,33,21,"Female","Black","South (AL, AR, DE, DC, FL, GA, KY, LA, MD, MS, NC, OK, SC, TN , TX, VA, WV)","Bachelor's degree (BA, BS)","In CBSA, in central city","NO","3: Mother","NO","NO","NO","NO","YES","0: 0  CONDITION DOES NOT APPLY","ALWAYS WITH RIGHT HAND","ALWAYS WITH RIGHT HAND","ALWAYS WITH RIGHT HAND","ALWAYS WITH RIGHT HAND","ALWAYS WITH LEFT HAND","1: 1  CONDITION APPLIES","1: 1  CONDITION APPLIES","NO","MALE","FEMALE"
1981,64735,3,1,1,33790,5,182,1,1,1,4,4,3,2,2,1,2,1,6,2,6,1,1,34,23,"Female","Non-Black / Non-Hispanic","West (AK, AZ, CA, CO, HI, ID, MT, NV, NM, OR, UT, WA, WY)","High school diploma (Regular 12 year program)","Not in country","NO","3: Mother","YES","NO","NO","NO","YES","0: 0  CONDITION DOES NOT APPLY","ALWAYS WITH RIGHT HAND","ALWAYS WITH RIGHT HAND","USUALLY WITH RIGHT HAND","ALWAYS WITH RIGHT HAND","USUALLY WITH LEFT HAND","1: 1  CONDITION APPLIES","1: 1  CONDITION APPLIES","NO","MALE","MALE"
1984,64735,6,0,3,35000,4,180,1,1,3,3,3,3,2,2,2,1,2,6,2,7,1,1,32,23,"Male","Black","West (AK, AZ, CA, CO, HI, ID, MT, NV, NM, OR, UT, WA, WY)","GED","In CBSA, not in central city","NO","3: Mother","NO","NO","NO","NO","YES","0: 0  CONDITION DOES NOT APPLY","ALWAYS WITH RIGHT HAND","ALWAYS WITH RIGHT HAND","USUALLY WITH BOTH HANDS EQUALLY","ALWAYS WITH RIGHT HAND","USUALLY WITH LEFT HAND","1: 1  CONDITION APPLIES","1: 1  CONDITION APPLIES","NO","FEMALE","MALE"
1984,64735,3,0,1,33790,6,180,1,3,2,4,2,3,1,2,2,2,1,3,3,6,1,1,28,19,"Male","Non-Black / Non-Hispanic","South (AL, AR, DE, DC, FL, GA, KY, LA, MD, MS, NC, OK, SC, TN , TX, VA, WV)","High school diploma (Regular 12 year program)","In CBSA, not in central city","NO","3: Mother","YES","NO","NO","NO","YES","0: 0  CONDITION DOES NOT APPLY","ALWAYS WITH RIGHT HAND","ALWAYS WITH RIGHT HAND","USUALLY WITH BOTH HANDS EQUALLY","ALWAYS WITH RIGHT HAND","ALWAYS WITH LEFT HAND","1: 1  CONDITION APPLIES","1: 1  CONDITION APPLIES","NO","FEMALE","MALE"
1980,64735,2,1,2,30000,5,182,1,2,1,4,2,5,2,2,2,2,2,5,4,9,1,1,31,14,"Female","Non-Black / Non-Hispanic","South (AL, AR, DE, DC, FL, GA, KY, LA, MD, MS, NC, OK, SC, TN , TX, VA, WV)","Bachelor's degree (BA, BS)","In CBSA, not in central city","NO","3: Mother","NO","NO","NO","NO","YES","0: 0  CONDITION DOES NOT APPLY","ALWAYS WITH RIGHT HAND","ALWAYS WITH RIGHT HAND","ALWAYS WITH RIGHT HAND","ALWAYS WITH RIGHT HAND","ALWAYS WITH RIGHT HAND","1: 1  CONDITION APPLIES","1: 1  CONDITION APPLIES","NO","MALE","FEMALE"
1981,64735,3,0,2,40000,5,182,1,1,1,4,2,2,2,2,1,2,1,5,5,6,1,1,31,20,"Male","Non-Black / Non-Hispanic","West (AK, AZ, CA, CO, HI, ID, MT, NV, NM, OR, UT, WA, WY)","Bachelor's degree (BA, BS)","In CBSA, not in central city","NO","3: Mother","NO","NO","NO","NO","YES","0: 0  CONDITION DOES NOT APPLY","ALWAYS WITH RIGHT HAND","ALWAYS WITH RIGHT HAND","ALWAYS WITH RIGHT HAND","ALWAYS WITH RIGHT HAND","ALWAYS WITH LEFT HAND","1: 1  CONDITION APPLIES","1: 1  CONDITION APPLIES","NO","FEMALE","MALE"
1982,106000,4,0,1,33790,5,182,3,1,4,3,2,3,2,1,1,1,1,2,2,7,1,1,35,28,"Female","Black","Northeast (CT, ME, MA, NH, NJ, NY, PA, RI, VT)","High school diploma (Regular 12 year program)","In CBSA, not in central city","NO","3: Mother","YES","YES","NO","NO","YES","0: 0  CONDITION DOES NOT APPLY","ALWAYS WITH RIGHT HAND","ALWAYS WITH RIGHT HAND","ALWAYS WITH RIGHT HAND","ALWAYS WITH RIGHT HAND","ALWAYS WITH LEFT HAND","1: 1  CONDITION APPLIES","1: 1  CONDITION APPLIES","NO","FEMALE","MALE"
1981,64735,3,1,2,33790,5,182,1,1,2,3,2,5,2,2,1,2,1,3,2,7,1,1,28,19,"Female","Non-Black / Non-Hispanic","West (AK, AZ, CA, CO, HI, ID, MT, NV, NM, OR, UT, WA, WY)","High school diploma (Regular 12 year program)","In CBSA, not in central city","NO","3: Mother","YES","NO","NO","NO","NO","0: 0  CONDITION DOES NOT APPLY","ALWAYS WITH RIGHT HAND","ALWAYS WITH RIGHT HAND","ALWAYS WITH RIGHT HAND","ALWAYS WITH RIGHT HAND","ALWAYS WITH LEFT HAND","1: 1  CONDITION APPLIES","1: 1  CONDITION APPLIES","NO","MALE","MALE"
1982,64735,1,0,1,33790,5,300,1,1,4,4,5,1,2,2,2,2,2,4,9,6,1,1,32,21,"Male","Black","South (AL, AR, DE, DC, FL, GA, KY, LA, MD, MS, NC, OK, SC, TN , TX, VA, WV)","None","In CBSA, not in central city","NO","3: Mother","NO","NO","NO","NO","NO","0: 0  CONDITION DOES NOT APPLY","ALWAYS WITH RIGHT HAND","ALWAYS WITH RIGHT HAND","ALWAYS WITH RIGHT HAND","ALWAYS WITH RIGHT HAND","ALWAYS WITH LEFT HAND","1: 1  CONDITION APPLIES","1: 1  CONDITION APPLIES","NO","FEMALE","FEMALE"
1983,64735,4,0,1,33790,5,185,2,2,5,6,2,4,2,2,1,2,1,6,2,6,1,1,38,37,"Male","Non-Black / Non-Hispanic","West (AK, AZ, CA, CO, HI, ID, MT, NV, NM, OR, UT, WA, WY)","High school diploma (Regular 12 year program)","In CBSA, in central city","YES","3: Mother","YES","NO","NO","NO","YES","0: 0  CONDITION DOES NOT APPLY","ALWAYS WITH RIGHT HAND","ALWAYS WITH RIGHT HAND","ALWAYS WITH RIGHT HAND","ALWAYS WITH RIGHT HAND","ALWAYS WITH LEFT HAND","1: 1  CONDITION APPLIES","1: 1  CONDITION APPLIES","NO","FEMALE","MALE"
1981,64735,2,1,1,33790,5,184,1,1,2,4,1,2,2,2,1,2,1,5,2,6,1,1,32,7,"Male","Non-Black / Non-Hispanic","South (AL, AR, DE, DC, FL, GA, KY, LA, MD, MS, NC, OK, SC, TN , TX, VA, WV)","Bachelor's degree (BA, BS)","In CBSA, not in central city","NO","3: Mother","YES","NO","NO","NO","YES","0: 0  CONDITION DOES NOT APPLY","ALWAYS WITH RIGHT HAND","ALWAYS WITH RIGHT HAND","ALWAYS WITH RIGHT HAND","ALWAYS WITH RIGHT HAND","ALWAYS WITH LEFT HAND","1: 1  CONDITION APPLIES","1: 1  CONDITION APPLIES","NO","FEMALE","MALE"
1983,64735,3,0,3,33790,5,181,1,1,3,3,5,4,2,2,1,2,1,6,3,5,1,1,30,20,"Male","Non-Black / Non-Hispanic","South (AL, AR, DE, DC, FL, GA, KY, LA, MD, MS, NC, OK, SC, TN , TX, VA, WV)","High school diploma (Regular 12 year program)","In CBSA, not in central city","NO","3: Mother","NO","NO","NO","NO","YES","0: 0  CONDITION DOES NOT APPLY","ALWAYS WITH RIGHT HAND","ALWAYS WITH RIGHT HAND","ALWAYS WITH RIGHT HAND","ALWAYS WITH RIGHT HAND","ALWAYS WITH LEFT HAND","0: 0  CONDITION DOES NOT APPLY","1: 1  CONDITION APPLIES","NO","FEMALE","FEMALE"
1982,316618,3,0,1,33790,5,180,1,1,2,2,5,3,2,2,1,2,1,5,3,7,1,1,31,19,"Female","Non-Black / Non-Hispanic","South (AL, AR, DE, DC, FL, GA, KY, LA, MD, MS, NC, OK, SC, TN , TX, VA, WV)","Bachelor's degree (BA, BS)","In CBSA, not in central city","NO","3: Mother","YES","NO","NO","NO","YES","0: 0  CONDITION DOES NOT APPLY","ALWAYS WITH RIGHT HAND","ALWAYS WITH RIGHT HAND","ALWAYS WITH RIGHT HAND","ALWAYS WITH RIGHT HAND","ALWAYS WITH RIGHT HAND","1: 1  CONDITION APPLIES","1: 1  CONDITION APPLIES","NO","FEMALE","FEMALE"
1984,64735,4,0,1,33790,5,163,1,1,2,3,5,5,2,2,1,2,2,5,3,7,2,1,33,21,"Female","Non-Black / Non-Hispanic","West (AK, AZ, CA, CO, HI, ID, MT, NV, NM, OR, UT, WA, WY)","Bachelor's degree (BA, BS)","In CBSA, not in central city","NO","3: Mother","NO","NO","YES","NO","NO","0: 0  CONDITION DOES NOT APPLY","ALWAYS WITH RIGHT HAND","ALWAYS WITH RIGHT HAND","ALWAYS WITH RIGHT HAND","ALWAYS WITH RIGHT HAND","ALWAYS WITH LEFT HAND","1: 1  CONDITION APPLIES","1: 1  CONDITION APPLIES","NO","FEMALE","MALE"
1983,27814,3,0,1,33790,5,184,1,1,5,4,2,6,2,2,1,2,2,1,2,7,1,1,29,20,"Male","Non-Black / Non-Hispanic","South (AL, AR, DE, DC, FL, GA, KY, LA, MD, MS, NC, OK, SC, TN , TX, VA, WV)","Associate/Junior college (AA)","In CBSA, in central city","NO","3: Mother","YES","NO","YES","NO","NO","0: 0  CONDITION DOES NOT APPLY","ALWAYS WITH RIGHT HAND","ALWAYS WITH RIGHT HAND","ALWAYS WITH RIGHT HAND","ALWAYS WITH RIGHT HAND","ALWAYS WITH LEFT HAND","0: 0  CONDITION DOES NOT APPLY","1: 1  CONDITION APPLIES","NO","FEMALE","FEMALE"
1983,64735,3,0,2,33790,5,182,1,1,4,4,2,3,2,2,2,2,1,6,3,6,1,1,32,22,"Male","Non-Black / Non-Hispanic","Northeast (CT, ME, MA, NH, NJ, NY, PA, RI, VT)","Bachelor's degree (BA, BS)","In CBSA, not in central city","NO","3: Mother","YES","NO","NO","NO","YES","0: 0  CONDITION DOES NOT APPLY","ALWAYS WITH RIGHT HAND","ALWAYS WITH RIGHT HAND","ALWAYS WITH RIGHT HAND","ALWAYS WITH RIGHT HAND","ALWAYS WITH LEFT HAND","1: 1  CONDITION APPLIES","1: 1  CONDITION APPLIES","NO","FEMALE","FEMALE"
1982,71750,3,0,4,33790,5,182,1,2,2,2,3,3,1,2,1,2,1,3,3,7,1,1,26,21,"Male","Non-Black / Non-Hispanic","West (AK, AZ, CA, CO, HI, ID, MT, NV, NM, OR, UT, WA, WY)","High school diploma (Regular 12 year program)","In CBSA, in central city","NO","3: Mother","YES","NO","NO","NO","NO","0: 0  CONDITION DOES NOT APPLY","ALWAYS WITH RIGHT HAND","ALWAYS WITH RIGHT HAND","ALWAYS WITH RIGHT HAND","ALWAYS WITH RIGHT HAND","ALWAYS WITH LEFT HAND","1: 1  CONDITION APPLIES","1: 1  CONDITION APPLIES","NO","FEMALE","MALE"
1982,64735,2,1,1,33790,5,182,1,1,2,4,2,4,2,2,1,2,1,6,4,9,1,1,30,23,"Female","Non-Black / Non-Hispanic","North Central (IL, IN, IA, KS, MI, MN, MO, NE, OH, ND, SD, WI)","High school diploma (Regular 12 year program)","In CBSA, in central city","NO","3: Mother","YES","NO","NO","NO","YES","0: 0  CONDITION DOES NOT APPLY","ALWAYS WITH RIGHT HAND","ALWAYS WITH RIGHT HAND","ALWAYS WITH RIGHT HAND","ALWAYS WITH RIGHT HAND","ALWAYS WITH LEFT HAND","1: 1  CONDITION APPLIES","1: 1  CONDITION APPLIES","NO","MALE","MALE"
1981,64735,3,1,3,33790,5,181,1,1,3,4,3,6,2,2,2,2,1,5,1,8,1,1,29,20,"Female","Non-Black / Non-Hispanic","West (AK, AZ, CA, CO, HI, ID, MT, NV, NM, OR, UT, WA, WY)","Bachelor's degree (BA, BS)","In CBSA, not in central city","NO","3: Mother","YES","NO","NO","NO","YES","0: 0  CONDITION DOES NOT APPLY","ALWAYS WITH RIGHT HAND","ALWAYS WITH RIGHT HAND","ALWAYS WITH RIGHT HAND","ALWAYS WITH RIGHT HAND","ALWAYS WITH LEFT HAND","0: 0  CONDITION DOES NOT APPLY","1: 1  CONDITION APPLIES","NO","FEMALE","MALE"
1982,64735,2,0,3,33790,5,183,1,1,3,2,2,3,2,1,1,2,1,6,3,8,1,1,30,21,"Male","Non-Black / Non-Hispanic","West (AK, AZ, CA, CO, HI, ID, MT, NV, NM, OR, UT, WA, WY)","High school diploma (Regular 12 year program)","In CBSA, in central city","NO","3: Mother","YES","YES","NO","NO","YES","0: 0  CONDITION DOES NOT APPLY","ALWAYS WITH RIGHT HAND","ALWAYS WITH RIGHT HAND","ALWAYS WITH RIGHT HAND","ALWAYS WITH RIGHT HAND","ALWAYS WITH LEFT HAND","0: 0  CONDITION DOES NOT APPLY","1: 1  CONDITION APPLIES","NO","MALE","FEMALE"
1980,64735,2,0,4,33790,5,164,1,1,5,3,3,5,2,2,2,2,1,6,2,6,1,1,28,18,"Female","Non-Black / Non-Hispanic","South (AL, AR, DE, DC, FL, GA, KY, LA, MD, MS, NC, OK, SC, TN , TX, VA, WV)","High school diploma (Regular 12 year program)","In CBSA, in central city","NO","3: Mother","YES","NO","NO","NO","NO","0: 0  CONDITION DOES NOT APPLY","ALWAYS WITH LEFT HAND","ALWAYS WITH RIGHT HAND","USUALLY WITH RIGHT HAND","ALWAYS WITH RIGHT HAND","ALWAYS WITH LEFT HAND","0: 0  CONDITION DOES NOT APPLY","1: 1  CONDITION APPLIES","YES","FEMALE","FEMALE"
1980,64735,2,0,3,33790,5,185,1,2,2,4,3,5,1,2,1,2,1,6,3,7,1,1,32,25,"Female","Black","South (AL, AR, DE, DC, FL, GA, KY, LA, MD, MS, NC, OK, SC, TN , TX, VA, WV)","Master's degree (MA, MS)","In CBSA, in central city","NO","3: Mother","YES","NO","NO","NO","YES","0: 0  CONDITION DOES NOT APPLY","ALWAYS WITH RIGHT HAND","ALWAYS WITH RIGHT HAND","ALWAYS WITH RIGHT HAND","ALWAYS WITH RIGHT HAND","ALWAYS WITH LEFT HAND","1: 1  CONDITION APPLIES","1: 1  CONDITION APPLIES","NO","FEMALE","FEMALE"
1984,64735,1,0,1,33790,5,120,2,1,4,2,5,6,2,2,2,1,1,6,1,7,1,1,30,24,"Male","Non-Black / Non-Hispanic","West (AK, AZ, CA, CO, HI, ID, MT, NV, NM, OR, UT, WA, WY)","PhD","In CBSA, not in central city","NO","3: Mother","YES","NO","YES","NO","NO","0: 0  CONDITION DOES NOT APPLY","ALWAYS WITH RIGHT HAND","USUALLY WITH RIGHT HAND","ALWAYS WITH RIGHT HAND","USUALLY WITH LEFT HAND","ALWAYS WITH LEFT HAND","0: 0  CONDITION DOES NOT APPLY","1: 1  CONDITION APPLIES","NO","FEMALE","MALE"
1983,60200,3,0,1,33790,5,179,1,1,1,2,5,4,2,2,1,1,1,2,4,7,1,1,28,21,"Male","Non-Black / Non-Hispanic","West (AK, AZ, CA, CO, HI, ID, MT, NV, NM, OR, UT, WA, WY)","High school diploma (Regular 12 year program)","In CBSA, not in central city","NO","3: Mother","NO","YES","YES","NO","YES","0: 0  CONDITION DOES NOT APPLY","ALWAYS WITH RIGHT HAND","ALWAYS WITH RIGHT HAND","ALWAYS WITH RIGHT HAND","ALWAYS WITH RIGHT HAND","ALWAYS WITH LEFT HAND","1: 1  CONDITION APPLIES","1: 1  CONDITION APPLIES","YES","FEMALE","FEMALE"
1982,64735,5,1,2,33790,5,182,1,2,3,4,3,2,1,2,1,1,1,6,1,5,1,1,31,20,"Female","Hispanic","South (AL, AR, DE, DC, FL, GA, KY, LA, MD, MS, NC, OK, SC, TN , TX, VA, WV)","High school diploma (Regular 12 year program)","In CBSA, not in central city","NO","3: Mother","YES","YES","NO","NO","NO","0: 0  CONDITION DOES NOT APPLY","ALWAYS WITH RIGHT HAND","ALWAYS WITH RIGHT HAND","ALWAYS WITH RIGHT HAND","ALWAYS WITH RIGHT HAND","ALWAYS WITH LEFT HAND","1: 1  CONDITION APPLIES","1: 1  CONDITION APPLIES","YES","FEMALE","MALE"
1984,64735,4,1,1,33790,5,184,2,3,5,5,3,5,2,2,1,2,2,2,3,7,3,3,42,22,"Female","Hispanic","West (AK, AZ, CA, CO, HI, ID, MT, NV, NM, OR, UT, WA, WY)","None","In CBSA, not in central city","NO","3: Mother","NO","NO","NO","NO","YES","0: 0  CONDITION DOES NOT APPLY","ALWAYS WITH RIGHT HAND","ALWAYS WITH RIGHT HAND","ALWAYS WITH RIGHT HAND","USUALLY WITH BOTH HANDS EQUALLY","USUALLY WITH BOTH HANDS EQUALLY","0: 0  CONDITION DOES NOT APPLY","1: 1  CONDITION APPLIES","NO","FEMALE","FEMALE"
1981,64735,4,0,1,33790,5,181,1,1,5,5,3,6,2,1,2,1,1,4,2,5,1,1,32,22,"Male","Non-Black / Non-Hispanic","West (AK, AZ, CA, CO, HI, ID, MT, NV, NM, OR, UT, WA, WY)","Bachelor's degree (BA, BS)","In CBSA, not in central city","NO","3: Mother","YES","NO","YES","NO","YES","0: 0  CONDITION DOES NOT APPLY","ALWAYS WITH RIGHT HAND","USUALLY WITH RIGHT HAND","USUALLY WITH RIGHT HAND","USUALLY WITH RIGHT HAND","USUALLY WITH LEFT HAND","1: 1  CONDITION APPLIES","1: 1  CONDITION APPLIES","NO","MALE","MALE"
1983,60000,2,0,2,40000,5,184,1,2,1,4,1,2,2,2,1,1,2,3,2,7,3,1,35,18,"Male","Non-Black / Non-Hispanic","West (AK, AZ, CA, CO, HI, ID, MT, NV, NM, OR, UT, WA, WY)","Bachelor's degree (BA, BS)","In CBSA, not in central city","NO","3: Mother","YES","NO","YES","NO","YES","0: 0  CONDITION DOES NOT APPLY","ALWAYS WITH RIGHT HAND","ALWAYS WITH RIGHT HAND","ALWAYS WITH RIGHT HAND","ALWAYS WITH RIGHT HAND","ALWAYS WITH LEFT HAND","1: 1  CONDITION APPLIES","1: 1  CONDITION APPLIES","NO","FEMALE","MALE"
1981,64735,4,0,2,33790,5,200,1,1,5,2,5,3,1,2,2,1,2,1,3,9,1,1,32,28,"Male","Hispanic","West (AK, AZ, CA, CO, HI, ID, MT, NV, NM, OR, UT, WA, WY)","High school diploma (Regular 12 year program)","In CBSA, in central city","YES","3: Mother","NO","NO","YES","NO","YES","0: 0  CONDITION DOES NOT APPLY","ALWAYS WITH RIGHT HAND","ALWAYS WITH RIGHT HAND","ALWAYS WITH RIGHT HAND","ALWAYS WITH RIGHT HAND","ALWAYS WITH RIGHT HAND","1: 1  CONDITION APPLIES","1: 1  CONDITION APPLIES","NO","FEMALE","MALE"
1983,64735,3,0,7,33790,5,185,1,2,3,2,2,1,1,2,1,2,1,4,2,6,1,1,30,18,"Male","Non-Black / Non-Hispanic","West (AK, AZ, CA, CO, HI, ID, MT, NV, NM, OR, UT, WA, WY)","Associate/Junior college (AA)","In CBSA, in central city","NO","3: Mother","NO","YES","NO","NO","NO","0: 0  CONDITION DOES NOT APPLY","ALWAYS WITH RIGHT HAND","ALWAYS WITH RIGHT HAND","ALWAYS WITH RIGHT HAND","ALWAYS WITH RIGHT HAND","ALWAYS WITH LEFT HAND","1: 1  CONDITION APPLIES","1: 1  CONDITION APPLIES","NO","MALE","MALE"
1981,64735,3,1,2,146002,5,183,1,1,2,3,1,5,2,2,1,2,2,6,2,6,2,2,32,23,"Male","Black","West (AK, AZ, CA, CO, HI, ID, MT, NV, NM, OR, UT, WA, WY)","Bachelor's degree (BA, BS)","In CBSA, in central city","NO","3: Mother","NO","NO","NO","NO","YES","0: 0  CONDITION DOES NOT APPLY","ALWAYS WITH RIGHT HAND","ALWAYS WITH RIGHT HAND","ALWAYS WITH RIGHT HAND","ALWAYS WITH RIGHT HAND","ALWAYS WITH LEFT HAND","1: 1  CONDITION APPLIES","1: 1  CONDITION APPLIES","NO","MALE","MALE"
1982,127000,3,0,1,33790,5,160,2,1,5,5,3,2,2,2,1,2,1,6,2,7,1,1,28,21,"Male","Non-Black / Non-Hispanic","North Central (IL, IN, IA, KS, MI, MN, MO, NE, OH, ND, SD, WI)","GED","In CBSA, in central city","NO","3: Mother","YES","NO","YES","NO","YES","0: 0  CONDITION DOES NOT APPLY","ALWAYS WITH LEFT HAND","ALWAYS WITH LEFT HAND","ALWAYS WITH RIGHT HAND","ALWAYS WITH LEFT HAND","DON'T DO THIS ACTIVITY","1: 1  CONDITION APPLIES","1: 1  CONDITION APPLIES","NO","MALE","FEMALE"
1983,64735,2,1,2,33790,5,182,3,1,2,4,6,3,2,2,1,2,1,6,1,7,1,1,31,21,"Male","Black","West (AK, AZ, CA, CO, HI, ID, MT, NV, NM, OR, UT, WA, WY)","High school diploma (Regular 12 year program)","In CBSA, not in central city","NO","3: Mother","YES","NO","NO","NO","YES","0: 0  CONDITION DOES NOT APPLY","ALWAYS WITH RIGHT HAND","ALWAYS WITH RIGHT HAND","ALWAYS WITH RIGHT HAND","ALWAYS WITH RIGHT HAND","ALWAYS WITH LEFT HAND","1: 1  CONDITION APPLIES","1: 1  CONDITION APPLIES","NO","FEMALE","MALE"
1981,64735,4,0,3,33790,5,182,1,2,3,4,2,6,2,2,1,2,2,6,2,8,1,1,30,20,"Male","Non-Black / Non-Hispanic","North Central (IL, IN, IA, KS, MI, MN, MO, NE, OH, ND, SD, WI)","High school diploma (Regular 12 year program)","In CBSA, not in central city","NO","3: Mother","NO","NO","YES","NO","YES","0: 0  CONDITION DOES NOT APPLY","ALWAYS WITH RIGHT HAND","ALWAYS WITH RIGHT HAND","ALWAYS WITH RIGHT HAND","ALWAYS WITH RIGHT HAND","DON'T DO THIS ACTIVITY","1: 1  CONDITION APPLIES","1: 1  CONDITION APPLIES","NO","FEMALE","FEMALE"
1983,64735,4,1,2,33790,5,182,1,1,3,6,6,1,2,2,1,1,1,5,4,7,1,3,30,21,"Female","Non-Black / Non-Hispanic","South (AL, AR, DE, DC, FL, GA, KY, LA, MD, MS, NC, OK, SC, TN , TX, VA, WV)","Bachelor's degree (BA, BS)","In CBSA, not in central city","NO","3: Mother","NO","NO","NO","NO","YES","0: 0  CONDITION DOES NOT APPLY","ALWAYS WITH RIGHT HAND","ALWAYS WITH RIGHT HAND","ALWAYS WITH RIGHT HAND","ALWAYS WITH RIGHT HAND","ALWAYS WITH RIGHT HAND","1: 1  CONDITION APPLIES","1: 1  CONDITION APPLIES","NO","FEMALE","MALE"
1981,64735,3,0,7,33790,5,183,1,2,2,3,3,7,2,2,2,2,1,4,1,7,1,1,30,21,"Female","Black","South (AL, AR, DE, DC, FL, GA, KY, LA, MD, MS, NC, OK, SC, TN , TX, VA, WV)","GED","In CBSA, not in central city","YES","3: Mother","NO","NO","NO","NO","NO","0: 0  CONDITION DOES NOT APPLY","ALWAYS WITH RIGHT HAND","ALWAYS WITH RIGHT HAND","ALWAYS WITH RIGHT HAND","ALWAYS WITH RIGHT HAND","ALWAYS WITH LEFT HAND","1: 1  CONDITION APPLIES","1: 1  CONDITION APPLIES","NO","FEMALE","FEMALE"
1981,64735,3,0,5,33790,6,183,2,2,3,4,2,1,2,2,1,2,2,3,2,6,1,1,31,22,"Male","Non-Black / Non-Hispanic","Northeast (CT, ME, MA, NH, NJ, NY, PA, RI, VT)","GED","In CBSA, in central city","YES","3: Mother","NO","YES","NO","NO","NO","0: 0  CONDITION DOES NOT APPLY","ALWAYS WITH RIGHT HAND","ALWAYS WITH RIGHT HAND","ALWAYS WITH RIGHT HAND","ALWAYS WITH RIGHT HAND","ALWAYS WITH LEFT HAND","1: 1  CONDITION APPLIES","1: 1  CONDITION APPLIES","NO","FEMALE","MALE"
1982,64735,3,0,1,33790,6,187,1,2,3,2,1,2,2,2,1,1,1,3,4,5,1,1,32,23,"Male","Mixed Race (Non-Hispanic)","South (AL, AR, DE, DC, FL, GA, KY, LA, MD, MS, NC, OK, SC, TN , TX, VA, WV)","None","In CBSA, not in central city","NO","3: Mother","YES","YES","NO","NO","NO","0: 0  CONDITION DOES NOT APPLY","ALWAYS WITH RIGHT HAND","ALWAYS WITH RIGHT HAND","ALWAYS WITH RIGHT HAND","ALWAYS WITH RIGHT HAND","ALWAYS WITH LEFT HAND","1: 1  CONDITION APPLIES","1: 1  CONDITION APPLIES","NO","FEMALE","FEMALE"
1984,64735,3,1,1,33790,5,181,1,2,4,3,2,3,2,2,1,1,1,3,2,7,1,1,33,21,"Male","Non-Black / Non-Hispanic","West (AK, AZ, CA, CO, HI, ID, MT, NV, NM, OR, UT, WA, WY)","Bachelor's degree (BA, BS)","In CBSA, in central city","NO","3: Mother","NO","NO","NO","NO","YES","0: 0  CONDITION DOES NOT APPLY","ALWAYS WITH RIGHT HAND","ALWAYS WITH RIGHT HAND","ALWAYS WITH RIGHT HAND","ALWAYS WITH RIGHT HAND","ALWAYS WITH LEFT HAND","0: 0  CONDITION DOES NOT APPLY","1: 1  CONDITION APPLIES","NO","FEMALE","MALE"
1980,64735,1,0,1,33790,6,184,2,2,4,6,1,1,2,2,2,2,2,3,2,6,1,1,46,8,"Male","Hispanic","West (AK, AZ, CA, CO, HI, ID, MT, NV, NM, OR, UT, WA, WY)","None","In CBSA, in central city","YES","3: Mother","NO","NO","YES","NO","YES","0: 0  CONDITION DOES NOT APPLY","ALWAYS WITH RIGHT HAND","ALWAYS WITH RIGHT HAND","ALWAYS WITH RIGHT HAND","USUALLY WITH BOTH HANDS EQUALLY","ALWAYS WITH LEFT HAND","1: 1  CONDITION APPLIES","1: 1  CONDITION APPLIES","YES","MALE","FEMALE"
1982,64735,4,0,2,33790,5,182,1,1,5,1,3,3,2,1,1,1,1,4,2,5,1,1,33,22,"Female","Non-Black / Non-Hispanic","West (AK, AZ, CA, CO, HI, ID, MT, NV, NM, OR, UT, WA, WY)","Bachelor's degree (BA, BS)","In CBSA, not in central city","NO","3: Mother","YES","NO","NO","NO","YES","0: 0  CONDITION DOES NOT APPLY","ALWAYS WITH RIGHT HAND","ALWAYS WITH RIGHT HAND","ALWAYS WITH RIGHT HAND","ALWAYS WITH RIGHT HAND","ALWAYS WITH LEFT HAND","1: 1  CONDITION APPLIES","0: 0  CONDITION DOES NOT APPLY","YES","MALE","MALE"
1981,64735,3,1,2,33790,5,184,2,2,4,2,9,3,2,2,1,2,2,4,3,6,1,1,28,5,"Male","Hispanic","West (AK, AZ, CA, CO, HI, ID, MT, NV, NM, OR, UT, WA, WY)","High school diploma (Regular 12 year program)","In CBSA, in central city","NO","3: Mother","YES","NO","NO","NO","YES","0: 0  CONDITION DOES NOT APPLY","ALWAYS WITH RIGHT HAND","ALWAYS WITH RIGHT HAND","ALWAYS WITH RIGHT HAND","ALWAYS WITH RIGHT HAND","ALWAYS WITH LEFT HAND","0: 0  CONDITION DOES NOT APPLY","0: 0  CONDITION DOES NOT APPLY","NO","MALE","MALE"
1980,55650,5,1,3,33790,5,170,1,2,3,2,2,4,2,2,1,1,1,6,2,6,1,1,33,25,"Male","Black","West (AK, AZ, CA, CO, HI, ID, MT, NV, NM, OR, UT, WA, WY)","High school diploma (Regular 12 year program)","In CBSA, not in central city","YES","3: Mother","NO","YES","NO","NO","NO","0: 0  CONDITION DOES NOT APPLY","ALWAYS WITH RIGHT HAND","ALWAYS WITH RIGHT HAND","ALWAYS WITH RIGHT HAND","ALWAYS WITH RIGHT HAND","ALWAYS WITH LEFT HAND","1: 1  CONDITION APPLIES","1: 1  CONDITION APPLIES","YES","MALE","FEMALE"
1981,64768,3,1,2,33790,5,183,1,1,2,4,6,3,2,2,1,1,1,7,2,7,2,2,8,18,"Female","Non-Black / Non-Hispanic","South (AL, AR, DE, DC, FL, GA, KY, LA, MD, MS, NC, OK, SC, TN , TX, VA, WV)","High school diploma (Regular 12 year program)","In CBSA, in central city","NO","3: Mother","YES","NO","NO","NO","YES","0: 0  CONDITION DOES NOT APPLY","USUALLY WITH BOTH HANDS EQUALLY","ALWAYS WITH RIGHT HAND","ALWAYS WITH RIGHT HAND","ALWAYS WITH RIGHT HAND","ALWAYS WITH LEFT HAND","1: 1  CONDITION APPLIES","1: 1  CONDITION APPLIES","NO","FEMALE","FEMALE"
1984,64735,1,0,1,33790,5,182,1,1,5,3,5,5,2,2,1,1,1,6,3,6,1,1,26,19,"Female","Non-Black / Non-Hispanic","South (AL, AR, DE, DC, FL, GA, KY, LA, MD, MS, NC, OK, SC, TN , TX, VA, WV)","High school diploma (Regular 12 year program)","In CBSA, not in central city","NO","3: Mother","NO","NO","NO","NO","YES","0: 0  CONDITION DOES NOT APPLY","ALWAYS WITH RIGHT HAND","ALWAYS WITH RIGHT HAND","ALWAYS WITH RIGHT HAND","ALWAYS WITH RIGHT HAND","ALWAYS WITH LEFT HAND","1: 1  CONDITION APPLIES","1: 1  CONDITION APPLIES","NO","MALE","MALE"
1980,111750,3,1,2,33790,5,184,1,1,3,6,2,2,2,2,1,2,2,6,1,6,1,1,31,21,"Male","Non-Black / Non-Hispanic","North Central (IL, IN, IA, KS, MI, MN, MO, NE, OH, ND, SD, WI)","Bachelor's degree (BA, BS)","In CBSA, not in central city","NO","3: Mother","YES","NO","NO","NO","YES","0: 0  CONDITION DOES NOT APPLY","ALWAYS WITH RIGHT HAND","ALWAYS WITH RIGHT HAND","USUALLY WITH RIGHT HAND","ALWAYS WITH RIGHT HAND","ALWAYS WITH LEFT HAND","1: 1  CONDITION APPLIES","1: 1  CONDITION APPLIES","NO","MALE","FEMALE"
1982,64735,3,1,3,33790,5,182,1,2,1,3,2,3,1,2,1,2,1,4,3,6,1,1,29,2,"Female","Non-Black / Non-Hispanic","West (AK, AZ, CA, CO, HI, ID, MT, NV, NM, OR, UT, WA, WY)","Bachelor's degree (BA, BS)","In CBSA, not in central city","NO","3: Mother","YES","NO","NO","NO","YES","0: 0  CONDITION DOES NOT APPLY","ALWAYS WITH RIGHT HAND","ALWAYS WITH RIGHT HAND","ALWAYS WITH RIGHT HAND","ALWAYS WITH RIGHT HAND","ALWAYS WITH LEFT HAND","0: 0  CONDITION DOES NOT APPLY","1: 1  CONDITION APPLIES","NO","MALE","MALE"
1983,64735,3,0,2,33790,5,183,1,1,5,4,2,5,2,2,2,2,1,6,1,6,3,1,30,21,"Male","Non-Black / Non-Hispanic","North Central (IL, IN, IA, KS, MI, MN, MO, NE, OH, ND, SD, WI)","High school diploma (Regular 12 year program)","In CBSA, not in central city","NO","3: Mother","NO","NO","NO","NO","NO","0: 0  CONDITION DOES NOT APPLY","ALWAYS WITH RIGHT HAND","ALWAYS WITH RIGHT HAND","ALWAYS WITH RIGHT HAND","ALWAYS WITH RIGHT HAND","ALWAYS WITH LEFT HAND","1: 1  CONDITION APPLIES","1: 1  CONDITION APPLIES","NO","FEMALE","FEMALE"
1981,64735,3,1,4,33790,5,183,2,2,3,3,2,2,2,2,2,2,1,2,2,6,1,1,30,20,"Female","Non-Black / Non-Hispanic","North Central (IL, IN, IA, KS, MI, MN, MO, NE, OH, ND, SD, WI)","Professional degree (DDS, JD, MD)","In CBSA, in central city","NO","3: Mother","YES","NO","NO","NO","YES","0: 0  CONDITION DOES NOT APPLY","ALWAYS WITH RIGHT HAND","ALWAYS WITH RIGHT HAND","ALWAYS WITH RIGHT HAND","ALWAYS WITH RIGHT HAND","ALWAYS WITH LEFT HAND","1: 1  CONDITION APPLIES","0: 0  CONDITION DOES NOT APPLY","NO","MALE","MALE"
1982,64735,2,1,3,33790,5,182,1,1,3,3,2,5,2,1,1,1,1,3,2,6,1,1,27,19,"Male","Mixed Race (Non-Hispanic)","South (AL, AR, DE, DC, FL, GA, KY, LA, MD, MS, NC, OK, SC, TN , TX, VA, WV)","Bachelor's degree (BA, BS)","In CBSA, in central city","NO","3: Mother","NO","NO","NO","NO","YES","0: 0  CONDITION DOES NOT APPLY","ALWAYS WITH RIGHT HAND","ALWAYS WITH RIGHT HAND","USUALLY WITH RIGHT HAND","ALWAYS WITH RIGHT HAND","ALWAYS WITH LEFT HAND","1: 1  CONDITION APPLIES","1: 1  CONDITION APPLIES","NO","MALE","MALE"
1984,64735,4,0,1,30000,5,178,1,2,5,3,1,6,2,2,2,2,1,5,5,7,4,4,38,27,"Male","Hispanic","West (AK, AZ, CA, CO, HI, ID, MT, NV, NM, OR, UT, WA, WY)","High school diploma (Regular 12 year program)","In CBSA, in central city","NO","3: Mother","YES","NO","YES","NO","NO","0: 0  CONDITION DOES NOT APPLY","ALWAYS WITH RIGHT HAND","ALWAYS WITH RIGHT HAND","ALWAYS WITH RIGHT HAND","ALWAYS WITH RIGHT HAND","ALWAYS WITH LEFT HAND","1: 1  CONDITION APPLIES","1: 1  CONDITION APPLIES","NO","FEMALE","FEMALE"
1982,55000,1,0,6,33790,5,183,1,2,3,4,4,4,2,2,1,2,1,5,2,6,1,1,33,23,"Male","Black","South (AL, AR, DE, DC, FL, GA, KY, LA, MD, MS, NC, OK, SC, TN , TX, VA, WV)","Bachelor's degree (BA, BS)","In CBSA, in central city","NO","3: Mother","NO","NO","NO","NO","YES","0: 0  CONDITION DOES NOT APPLY","ALWAYS WITH RIGHT HAND","ALWAYS WITH RIGHT HAND","ALWAYS WITH RIGHT HAND","ALWAYS WITH RIGHT HAND","ALWAYS WITH RIGHT HAND","1: 1  CONDITION APPLIES","1: 1  CONDITION APPLIES","NO","FEMALE","MALE"
1984,64735,4,1,2,33790,5,184,2,1,3,4,2,4,2,2,1,2,1,4,3,6,1,1,30,21,"Male","Non-Black / Non-Hispanic","South (AL, AR, DE, DC, FL, GA, KY, LA, MD, MS, NC, OK, SC, TN , TX, VA, WV)","High school diploma (Regular 12 year program)","In CBSA, in central city","NO","3: Mother","NO","NO","NO","NO","NO","0: 0  CONDITION DOES NOT APPLY","ALWAYS WITH RIGHT HAND","ALWAYS WITH RIGHT HAND","ALWAYS WITH RIGHT HAND","ALWAYS WITH RIGHT HAND","ALWAYS WITH LEFT HAND","1: 1  CONDITION APPLIES","1: 1  CONDITION APPLIES","NO","FEMALE","FEMALE"
1983,36736,2,1,3,33790,5,182,1,1,1,3,3,3,2,2,1,1,2,7,1,8,1,1,30,20,"Male","Hispanic","West (AK, AZ, CA, CO, HI, ID, MT, NV, NM, OR, UT, WA, WY)","High school diploma (Regular 12 year program)","In CBSA, in central city","NO","3: Mother","NO","YES","YES","NO","NO","0: 0  CONDITION DOES NOT APPLY","ALWAYS WITH RIGHT HAND","ALWAYS WITH RIGHT HAND","ALWAYS WITH RIGHT HAND","ALWAYS WITH RIGHT HAND","ALWAYS WITH LEFT HAND","1: 1  CONDITION APPLIES","0: 0  CONDITION DOES NOT APPLY","NO","MALE","MALE"
1980,64735,2,0,1,33790,5,181,1,1,5,3,4,4,2,2,2,1,1,4,2,6,1,1,28,19,"Female","Non-Black / Non-Hispanic","Northeast (CT, ME, MA, NH, NJ, NY, PA, RI, VT)","High school diploma (Regular 12 year program)","In CBSA, not in central city","NO","3: Mother","NO","NO","NO","NO","YES","0: 0  CONDITION DOES NOT APPLY","ALWAYS WITH RIGHT HAND","ALWAYS WITH RIGHT HAND","ALWAYS WITH RIGHT HAND","ALWAYS WITH RIGHT HAND","ALWAYS WITH LEFT HAND","1: 1  CONDITION APPLIES","0: 0  CONDITION DOES NOT APPLY","YES","MALE","FEMALE"
1984,64735,4,1,2,33790,5,183,1,2,2,4,6,4,2,2,2,2,1,5,3,7,1,1,29,18,"Male","Non-Black / Non-Hispanic","North Central (IL, IN, IA, KS, MI, MN, MO, NE, OH, ND, SD, WI)","Associate/Junior college (AA)","In CBSA, not in central city","NO","3: Mother","YES","NO","NO","NO","YES","0: 0  CONDITION DOES NOT APPLY","ALWAYS WITH RIGHT HAND","ALWAYS WITH RIGHT HAND","ALWAYS WITH RIGHT HAND","ALWAYS WITH RIGHT HAND","ALWAYS WITH RIGHT HAND","1: 1  CONDITION APPLIES","1: 1  CONDITION APPLIES","YES","FEMALE","MALE"
1980,64735,3,1,2,33790,5,182,1,1,3,4,5,5,2,2,1,2,1,7,1,6,1,2,28,19,"Male","Non-Black / Non-Hispanic","South (AL, AR, DE, DC, FL, GA, KY, LA, MD, MS, NC, OK, SC, TN , TX, VA, WV)","High school diploma (Regular 12 year program)","In CBSA, in central city","NO","3: Mother","YES","NO","NO","NO","YES","0: 0  CONDITION DOES NOT APPLY","ALWAYS WITH RIGHT HAND","ALWAYS WITH RIGHT HAND","ALWAYS WITH RIGHT HAND","ALWAYS WITH RIGHT HAND","ALWAYS WITH LEFT HAND","1: 1  CONDITION APPLIES","1: 1  CONDITION APPLIES","NO","MALE","FEMALE"
1981,64735,4,1,4,33790,5,170,1,2,2,5,2,1,2,1,2,1,1,6,1,6,1,1,30,22,"Female","Non-Black / Non-Hispanic","West (AK, AZ, CA, CO, HI, ID, MT, NV, NM, OR, UT, WA, WY)","None","In CBSA, in central city","NO","3: Mother","YES","NO","NO","NO","YES","0: 0  CONDITION DOES NOT APPLY","ALWAYS WITH RIGHT HAND","ALWAYS WITH RIGHT HAND","ALWAYS WITH RIGHT HAND","ALWAYS WITH RIGHT HAND","ALWAYS WITH LEFT HAND","1: 1  CONDITION APPLIES","1: 1  CONDITION APPLIES","YES","FEMALE","FEMALE"
1982,29550,3,0,2,33790,6,183,1,2,2,4,1,2,1,2,1,1,1,4,2,7,1,1,32,20,"Female","Non-Black / Non-Hispanic","West (AK, AZ, CA, CO, HI, ID, MT, NV, NM, OR, UT, WA, WY)","High school diploma (Regular 12 year program)","In CBSA, not in central city","NO","3: Mother","NO","NO","NO","NO","YES","0: 0  CONDITION DOES NOT APPLY","ALWAYS WITH RIGHT HAND","ALWAYS WITH RIGHT HAND","ALWAYS WITH RIGHT HAND","ALWAYS WITH RIGHT HAND","ALWAYS WITH LEFT HAND","1: 1  CONDITION APPLIES","1: 1  CONDITION APPLIES","YES","FEMALE","FEMALE"
1981,19000,4,1,4,33790,5,185,2,2,5,4,1,4,2,2,1,3,1,1,8,8,1,1,28,27,"Female","Non-Black / Non-Hispanic","West (AK, AZ, CA, CO, HI, ID, MT, NV, NM, OR, UT, WA, WY)","Bachelor's degree (BA, BS)","In CBSA, not in central city","NO","3: Mother","YES","NO","YES","NO","YES","0: 0  CONDITION DOES NOT APPLY","ALWAYS WITH RIGHT HAND","ALWAYS WITH RIGHT HAND","ALWAYS WITH RIGHT HAND","ALWAYS WITH RIGHT HAND","ALWAYS WITH LEFT HAND","0: 0  CONDITION DOES NOT APPLY","1: 1  CONDITION APPLIES","YES","MALE","FEMALE"
1980,64735,2,1,3,33790,6,208,2,2,1,4,1,5,2,2,1,1,1,4,3,6,1,1,30,8,"Male","Non-Black / Non-Hispanic","South (AL, AR, DE, DC, FL, GA, KY, LA, MD, MS, NC, OK, SC, TN , TX, VA, WV)","GED","In CBSA, in central city","NO","3: Mother","YES","NO","NO","NO","YES","0: 0  CONDITION DOES NOT APPLY","ALWAYS WITH RIGHT HAND","USUALLY WITH BOTH HANDS EQUALLY","ALWAYS WITH RIGHT HAND","ALWAYS WITH RIGHT HAND","ALWAYS WITH LEFT HAND","1: 1  CONDITION APPLIES","1: 1  CONDITION APPLIES","NO","FEMALE","FEMALE"
1980,64735,4,1,3,33790,5,184,1,1,4,5,3,5,2,2,1,2,1,6,2,7,1,1,30,24,"Female","Non-Black / Non-Hispanic","West (AK, AZ, CA, CO, HI, ID, MT, NV, NM, OR, UT, WA, WY)","High school diploma (Regular 12 year program)","In CBSA, in central city","NO","3: Mother","NO","NO","NO","NO","YES","0: 0  CONDITION DOES NOT APPLY","ALWAYS WITH RIGHT HAND","ALWAYS WITH RIGHT HAND","ALWAYS WITH RIGHT HAND","ALWAYS WITH RIGHT HAND","ALWAYS WITH LEFT HAND","0: 0  CONDITION DOES NOT APPLY","1: 1  CONDITION APPLIES","NO","MALE","MALE"
1984,64735,7,2,2,33790,5,180,1,1,2,4,4,1,2,2,1,2,1,6,3,6,1,1,26,5,"Male","Hispanic","West (AK, AZ, CA, CO, HI, ID, MT, NV, NM, OR, UT, WA, WY)","Associate/Junior college (AA)","In CBSA, not in central city","NO","3: Mother","NO","NO","NO","NO","YES","0: 0  CONDITION DOES NOT APPLY","ALWAYS WITH RIGHT HAND","ALWAYS WITH RIGHT HAND","ALWAYS WITH RIGHT HAND","ALWAYS WITH RIGHT HAND","ALWAYS WITH LEFT HAND","0: 0  CONDITION DOES NOT APPLY","1: 1  CONDITION APPLIES","NO","FEMALE","FEMALE"
1982,61000,4,0,3,33790,5,183,1,1,3,5,2,5,2,2,2,2,1,6,2,7,1,1,32,21,"Male","Black","West (AK, AZ, CA, CO, HI, ID, MT, NV, NM, OR, UT, WA, WY)","None","In CBSA, in central city","NO","3: Mother","NO","YES","NO","NO","NO","0: 0  CONDITION DOES NOT APPLY","ALWAYS WITH LEFT HAND","ALWAYS WITH RIGHT HAND","ALWAYS WITH LEFT HAND","ALWAYS WITH LEFT HAND","ALWAYS WITH LEFT HAND","0: 0  CONDITION DOES NOT APPLY","1: 1  CONDITION APPLIES","NO","FEMALE","MALE"
1983,15798,5,0,3,33790,5,181,2,1,3,3,1,6,1,2,1,1,2,5,2,7,1,1,28,21,"Female","Non-Black / Non-Hispanic","West (AK, AZ, CA, CO, HI, ID, MT, NV, NM, OR, UT, WA, WY)","Bachelor's degree (BA, BS)","In CBSA, not in central city","NO","3: Mother","NO","NO","NO","NO","NO","0: 0  CONDITION DOES NOT APPLY","ALWAYS WITH RIGHT HAND","ALWAYS WITH RIGHT HAND","ALWAYS WITH RIGHT HAND","ALWAYS WITH RIGHT HAND","ALWAYS WITH LEFT HAND","1: 1  CONDITION APPLIES","1: 1  CONDITION APPLIES","NO","FEMALE","MALE"
1980,64735,5,0,2,29000,5,185,1,1,1,4,6,3,2,2,1,2,1,9,3,8,1,1,30,24,"Female","Black","South (AL, AR, DE, DC, FL, GA, KY, LA, MD, MS, NC, OK, SC, TN , TX, VA, WV)","High school diploma (Regular 12 year program)","In CBSA, in central city","NO","3: Mother","NO","YES","NO","NO","YES","0: 0  CONDITION DOES NOT APPLY","ALWAYS WITH RIGHT HAND","ALWAYS WITH RIGHT HAND","ALWAYS WITH RIGHT HAND","ALWAYS WITH RIGHT HAND","USUALLY WITH BOTH HANDS EQUALLY","1: 1  CONDITION APPLIES","1: 1  CONDITION APPLIES","NO","FEMALE","FEMALE"
1984,64735,5,1,2,40000,5,180,1,1,2,5,1,3,2,2,1,2,1,2,2,5,1,1,37,25,"Male","Non-Black / Non-Hispanic","West (AK, AZ, CA, CO, HI, ID, MT, NV, NM, OR, UT, WA, WY)","GED","In CBSA, not in central city","NO","3: Mother","NO","NO","YES","NO","YES","0: 0  CONDITION DOES NOT APPLY","ALWAYS WITH RIGHT HAND","USUALLY WITH RIGHT HAND","ALWAYS WITH RIGHT HAND","DON'T DO THIS ACTIVITY","ALWAYS WITH LEFT HAND","0: 0  CONDITION DOES NOT APPLY","1: 1  CONDITION APPLIES","YES","MALE","MALE"
1984,26000,3,1,1,33790,5,181,2,3,2,5,4,3,2,2,1,2,1,4,4,7,1,1,27,6,"Male","Hispanic","West (AK, AZ, CA, CO, HI, ID, MT, NV, NM, OR, UT, WA, WY)","GED","In CBSA, in central city","NO","3: Mother","NO","NO","NO","NO","YES","0: 0  CONDITION DOES NOT APPLY","ALWAYS WITH RIGHT HAND","ALWAYS WITH RIGHT HAND","ALWAYS WITH RIGHT HAND","ALWAYS WITH RIGHT HAND","ALWAYS WITH LEFT HAND","1: 1  CONDITION APPLIES","1: 1  CONDITION APPLIES","YES","FEMALE","FEMALE"
1984,64735,3,1,2,33790,5,183,1,1,3,4,4,1,2,2,1,1,1,1,2,7,1,1,31,22,"Male","Black","West (AK, AZ, CA, CO, HI, ID, MT, NV, NM, OR, UT, WA, WY)","High school diploma (Regular 12 year program)","In CBSA, not in central city","NO","3: Mother","NO","NO","NO","NO","YES","0: 0  CONDITION DOES NOT APPLY","ALWAYS WITH RIGHT HAND","ALWAYS WITH RIGHT HAND","ALWAYS WITH RIGHT HAND","ALWAYS WITH RIGHT HAND","ALWAYS WITH LEFT HAND","1: 1  CONDITION APPLIES","1: 1  CONDITION APPLIES","NO","FEMALE","MALE"
1982,64735,4,0,1,33790,5,115,1,1,5,3,4,4,2,2,1,2,1,6,1,7,1,1,27,22,"Male","Non-Black / Non-Hispanic","West (AK, AZ, CA, CO, HI, ID, MT, NV, NM, OR, UT, WA, WY)","Bachelor's degree (BA, BS)","In CBSA, in central city","NO","3: Mother","YES","NO","NO","NO","NO","0: 0  CONDITION DOES NOT APPLY","ALWAYS WITH RIGHT HAND","ALWAYS WITH RIGHT HAND","ALWAYS WITH RIGHT HAND","ALWAYS WITH RIGHT HAND","ALWAYS WITH LEFT HAND","1: 1  CONDITION APPLIES","1: 1  CONDITION APPLIES","NO","FEMALE","FEMALE"
1984,64735,3,1,4,33790,5,183,1,2,4,4,4,1,2,3,1,2,1,4,3,7,1,1,29,22,"Male","Hispanic","West (AK, AZ, CA, CO, HI, ID, MT, NV, NM, OR, UT, WA, WY)","Bachelor's degree (BA, BS)","In CBSA, not in central city","YES","3: Mother","NO","NO","NO","NO","NO","0: 0  CONDITION DOES NOT APPLY","ALWAYS WITH RIGHT HAND","ALWAYS WITH RIGHT HAND","ALWAYS WITH RIGHT HAND","ALWAYS WITH RIGHT HAND","ALWAYS WITH LEFT HAND","1: 1  CONDITION APPLIES","1: 1  CONDITION APPLIES","NO","MALE","MALE"
1981,64735,3,0,2,33790,5,120,1,1,3,3,2,2,2,1,2,1,1,3,3,7,1,1,32,22,"Male","Non-Black / Non-Hispanic","South (AL, AR, DE, DC, FL, GA, KY, LA, MD, MS, NC, OK, SC, TN , TX, VA, WV)","GED","In CBSA, in central city","NO","3: Mother","YES","YES","NO","NO","NO","0: 0  CONDITION DOES NOT APPLY","ALWAYS WITH RIGHT HAND","ALWAYS WITH RIGHT HAND","ALWAYS WITH RIGHT HAND","ALWAYS WITH RIGHT HAND","ALWAYS WITH LEFT HAND","1: 1  CONDITION APPLIES","1: 1  CONDITION APPLIES","NO","MALE","MALE"
1981,64735,4,1,7,33790,5,182,2,1,2,2,2,3,2,2,2,2,2,6,2,6,1,1,28,16,"Male","Black","North Central (IL, IN, IA, KS, MI, MN, MO, NE, OH, ND, SD, WI)","None","In CBSA, not in central city","NO","3: Mother","YES","NO","NO","NO","YES","0: 0  CONDITION DOES NOT APPLY","ALWAYS WITH RIGHT HAND","ALWAYS WITH RIGHT HAND","ALWAYS WITH RIGHT HAND","ALWAYS WITH RIGHT HAND","ALWAYS WITH LEFT HAND","1: 1  CONDITION APPLIES","1: 1  CONDITION APPLIES","NO","MALE","FEMALE"
1983,45000,2,0,4,33790,5,182,1,1,4,1,3,4,2,2,1,2,1,6,4,7,1,1,30,23,"Male","Non-Black / Non-Hispanic","West (AK, AZ, CA, CO, HI, ID, MT, NV, NM, OR, UT, WA, WY)","High school diploma (Regular 12 year program)","In CBSA, not in central city","NO","3: Mother","YES","NO","NO","NO","NO","0: 0  CONDITION DOES NOT APPLY","ALWAYS WITH RIGHT HAND","ALWAYS WITH RIGHT HAND","ALWAYS WITH LEFT HAND","ALWAYS WITH RIGHT HAND","ALWAYS WITH LEFT HAND","1: 1  CONDITION APPLIES","1: 1  CONDITION APPLIES","NO","FEMALE","MALE"
1983,64735,5,0,3,33790,5,182,1,1,4,4,4,4,1,2,1,2,1,6,3,6,1,1,34,26,"Male","Non-Black / Non-Hispanic","South (AL, AR, DE, DC, FL, GA, KY, LA, MD, MS, NC, OK, SC, TN , TX, VA, WV)","High school diploma (Regular 12 year program)","In CBSA, not in central city","NO","3: Mother","YES","NO","NO","NO","YES","0: 0  CONDITION DOES NOT APPLY","ALWAYS WITH RIGHT HAND","ALWAYS WITH RIGHT HAND","ALWAYS WITH RIGHT HAND","ALWAYS WITH RIGHT HAND","ALWAYS WITH LEFT HAND","1: 1  CONDITION APPLIES","1: 1  CONDITION APPLIES","NO","FEMALE","MALE"
1981,64735,4,1,1,33790,5,181,2,1,1,2,5,3,2,2,2,2,2,5,2,9,3,1,32,21,"Male","Non-Black / Non-Hispanic","West (AK, AZ, CA, CO, HI, ID, MT, NV, NM, OR, UT, WA, WY)","GED","In CBSA, not in central city","YES","3: Mother","YES","YES","NO","NO","NO","0: 0  CONDITION DOES NOT APPLY","ALWAYS WITH RIGHT HAND","ALWAYS WITH RIGHT HAND","ALWAYS WITH RIGHT HAND","USUALLY WITH BOTH HANDS EQUALLY","ALWAYS WITH RIGHT HAND","1: 1  CONDITION APPLIES","1: 1  CONDITION APPLIES","NO","FEMALE","FEMALE"
1980,64735,2,0,1,33790,6,186,1,1,5,5,2,2,2,2,2,2,1,6,2,6,1,1,34,26,"Male","Hispanic","North Central (IL, IN, IA, KS, MI, MN, MO, NE, OH, ND, SD, WI)","None","In CBSA, in central city","NO","3: Mother","YES","NO","NO","NO","YES","0: 0  CONDITION DOES NOT APPLY","ALWAYS WITH RIGHT HAND","ALWAYS WITH RIGHT HAND","ALWAYS WITH RIGHT HAND","ALWAYS WITH RIGHT HAND","ALWAYS WITH LEFT HAND","1: 1  CONDITION APPLIES","1: 1  CONDITION APPLIES","YES","FEMALE","FEMALE"
1983,64735,5,1,1,65000,5,182,2,3,1,4,3,3,1,2,1,2,1,6,1,7,1,1,32,21,"Female","Black","Northeast (CT, ME, MA, NH, NJ, NY, PA, RI, VT)","None","In CBSA, in central city","NO","3: Mother","YES","YES","NO","NO","NO","0: 0  CONDITION DOES NOT APPLY","ALWAYS WITH RIGHT HAND","ALWAYS WITH RIGHT HAND","ALWAYS WITH RIGHT HAND","ALWAYS WITH RIGHT HAND","ALWAYS WITH LEFT HAND","1: 1  CONDITION APPLIES","1: 1  CONDITION APPLIES","NO","FEMALE","FEMALE"
1981,55929,3,1,4,33790,5,182,1,1,1,2,1,4,2,2,1,2,2,5,1,7,1,1,28,20,"Male","Non-Black / Non-Hispanic","North Central (IL, IN, IA, KS, MI, MN, MO, NE, OH, ND, SD, WI)","High school diploma (Regular 12 year program)","In CBSA, not in central city","NO","3: Mother","YES","NO","YES","NO","YES","0: 0  CONDITION DOES NOT APPLY","ALWAYS WITH RIGHT HAND","ALWAYS WITH RIGHT HAND","ALWAYS WITH RIGHT HAND","ALWAYS WITH RIGHT HAND","ALWAYS WITH LEFT HAND","1: 1  CONDITION APPLIES","1: 1  CONDITION APPLIES","NO","FEMALE","MALE"
1982,64735,3,1,2,33790,5,184,2,2,3,4,1,3,2,2,1,2,2,4,3,8,1,1,3,15,"Female","Black","West (AK, AZ, CA, CO, HI, ID, MT, NV, NM, OR, UT, WA, WY)","Bachelor's degree (BA, BS)","In CBSA, not in central city","NO","3: Mother","NO","NO","YES","NO","YES","0: 0  CONDITION DOES NOT APPLY","ALWAYS WITH RIGHT HAND","ALWAYS WITH RIGHT HAND","ALWAYS WITH RIGHT HAND","ALWAYS WITH RIGHT HAND","ALWAYS WITH LEFT HAND","1: 1  CONDITION APPLIES","1: 1  CONDITION APPLIES","NO","MALE","MALE"
1983,64735,3,1,1,33790,5,182,2,1,4,4,3,4,2,2,2,2,2,6,3,7,1,1,29,22,"Female","Non-Black / Non-Hispanic","South (AL, AR, DE, DC, FL, GA, KY, LA, MD, MS, NC, OK, SC, TN , TX, VA, WV)","Bachelor's degree (BA, BS)","In CBSA, not in central city","NO","3: Mother","YES","NO","NO","NO","YES","0: 0  CONDITION DOES NOT APPLY","ALWAYS WITH RIGHT HAND","ALWAYS WITH RIGHT HAND","ALWAYS WITH RIGHT HAND","ALWAYS WITH RIGHT HAND","USUALLY WITH BOTH HANDS EQUALLY","1: 1  CONDITION APPLIES","1: 1  CONDITION APPLIES","NO","FEMALE","MALE"
1981,64735,3,0,6,33790,5,182,1,1,5,4,4,4,2,2,1,2,1,5,3,8,1,1,31,21,"Male","Non-Black / Non-Hispanic","West (AK, AZ, CA, CO, HI, ID, MT, NV, NM, OR, UT, WA, WY)","Bachelor's degree (BA, BS)","In CBSA, not in central city","NO","3: Mother","YES","NO","YES","NO","NO","0: 0  CONDITION DOES NOT APPLY","ALWAYS WITH RIGHT HAND","ALWAYS WITH RIGHT HAND","ALWAYS WITH RIGHT HAND","ALWAYS WITH RIGHT HAND","ALWAYS WITH LEFT HAND","1: 1  CONDITION APPLIES","1: 1  CONDITION APPLIES","NO","FEMALE","MALE"
1984,64735,4,0,2,33790,6,180,1,2,5,3,2,3,1,2,1,2,1,6,1,8,1,1,33,25,"Female","Non-Black / Non-Hispanic","West (AK, AZ, CA, CO, HI, ID, MT, NV, NM, OR, UT, WA, WY)","High school diploma (Regular 12 year program)","In CBSA, not in central city","NO","3: Mother","YES","YES","NO","NO","NO","0: 0  CONDITION DOES NOT APPLY","ALWAYS WITH RIGHT HAND","ALWAYS WITH RIGHT HAND","ALWAYS WITH RIGHT HAND","ALWAYS WITH RIGHT HAND","ALWAYS WITH LEFT HAND","0: 0  CONDITION DOES NOT APPLY","1: 1  CONDITION APPLIES","NO","MALE","MALE"
1982,64735,4,0,2,52000,5,182,1,1,4,4,2,2,2,2,2,2,1,5,2,7,1,1,30,22,"Female","Hispanic","South (AL, AR, DE, DC, FL, GA, KY, LA, MD, MS, NC, OK, SC, TN , TX, VA, WV)","High school diploma (Regular 12 year program)","In CBSA, in central city","NO","3: Mother","YES","YES","NO","NO","NO","0: 0  CONDITION DOES NOT APPLY","ALWAYS WITH RIGHT HAND","ALWAYS WITH RIGHT HAND","ALWAYS WITH RIGHT HAND","ALWAYS WITH RIGHT HAND","ALWAYS WITH LEFT HAND","1: 1  CONDITION APPLIES","1: 1  CONDITION APPLIES","YES","FEMALE","MALE"
1982,64735,2,0,4,33790,5,183,1,1,1,1,4,4,2,1,2,1,1,5,3,5,1,1,34,21,"Male","Non-Black / Non-Hispanic","South (AL, AR, DE, DC, FL, GA, KY, LA, MD, MS, NC, OK, SC, TN , TX, VA, WV)","Professional degree (DDS, JD, MD)","In CBSA, not in central city","NO","3: Mother","NO","NO","YES","NO","YES","0: 0  CONDITION DOES NOT APPLY","ALWAYS WITH RIGHT HAND","ALWAYS WITH RIGHT HAND","ALWAYS WITH RIGHT HAND","ALWAYS WITH RIGHT HAND","ALWAYS WITH LEFT HAND","0: 0  CONDITION DOES NOT APPLY","1: 1  CONDITION APPLIES","NO","FEMALE","FEMALE"
1981,64735,4,1,2,33790,5,181,1,1,4,5,4,6,2,2,1,2,1,5,3,8,1,1,30,19,"Female","Hispanic","West (AK, AZ, CA, CO, HI, ID, MT, NV, NM, OR, UT, WA, WY)","Bachelor's degree (BA, BS)","In CBSA, not in central city","NO","3: Mother","NO","NO","NO","NO","YES","0: 0  CONDITION DOES NOT APPLY","ALWAYS WITH RIGHT HAND","ALWAYS WITH RIGHT HAND","ALWAYS WITH RIGHT HAND","ALWAYS WITH RIGHT HAND","ALWAYS WITH LEFT HAND","0: 0  CONDITION DOES NOT APPLY","1: 1  CONDITION APPLIES","YES","MALE","FEMALE"
1984,64735,3,0,2,33790,5,183,1,2,4,1,2,3,2,2,2,2,1,5,4,6,1,1,31,22,"Male","Non-Black / Non-Hispanic","North Central (IL, IN, IA, KS, MI, MN, MO, NE, OH, ND, SD, WI)","Bachelor's degree (BA, BS)","In CBSA, not in central city","NO","3: Mother","YES","NO","NO","NO","YES","0: 0  CONDITION DOES NOT APPLY","ALWAYS WITH RIGHT HAND","ALWAYS WITH RIGHT HAND","ALWAYS WITH RIGHT HAND","ALWAYS WITH RIGHT HAND","ALWAYS WITH LEFT HAND","1: 1  CONDITION APPLIES","1: 1  CONDITION APPLIES","NO","FEMALE","MALE"
1982,64735,3,1,3,33790,5,162,1,1,2,4,4,4,2,2,1,2,1,3,2,8,1,1,32,22,"Male","Non-Black / Non-Hispanic","West (AK, AZ, CA, CO, HI, ID, MT, NV, NM, OR, UT, WA, WY)","Bachelor's degree (BA, BS)","In CBSA, not in central city","NO","3: Mother","NO","NO","YES","NO","YES","0: 0  CONDITION DOES NOT APPLY","ALWAYS WITH RIGHT HAND","ALWAYS WITH RIGHT HAND","ALWAYS WITH RIGHT HAND","ALWAYS WITH RIGHT HAND","ALWAYS WITH LEFT HAND","0: 0  CONDITION DOES NOT APPLY","1: 1  CONDITION APPLIES","NO","FEMALE","FEMALE"
1983,64735,3,1,4,28000,5,182,1,1,5,3,1,2,2,2,2,2,1,3,3,7,1,1,32,22,"Male","Non-Black / Non-Hispanic","West (AK, AZ, CA, CO, HI, ID, MT, NV, NM, OR, UT, WA, WY)","None","In CBSA, not in central city","NO","3: Mother","YES","NO","YES","NO","NO","0: 0  CONDITION DOES NOT APPLY","ALWAYS WITH RIGHT HAND","ALWAYS WITH RIGHT HAND","ALWAYS WITH RIGHT HAND","ALWAYS WITH RIGHT HAND","ALWAYS WITH LEFT HAND","0: 0  CONDITION DOES NOT APPLY","1: 1  CONDITION APPLIES","NO","FEMALE","MALE"
1983,64735,4,1,1,33790,5,184,1,1,3,4,3,3,2,1,1,1,1,7,2,5,1,1,32,21,"Male","Non-Black / Non-Hispanic","North Central (IL, IN, IA, KS, MI, MN, MO, NE, OH, ND, SD, WI)","High school diploma (Regular 12 year program)","In CBSA, not in central city","NO","3: Mother","YES","NO","NO","NO","YES","0: 0  CONDITION DOES NOT APPLY","ALWAYS WITH RIGHT HAND","ALWAYS WITH RIGHT HAND","ALWAYS WITH RIGHT HAND","ALWAYS WITH RIGHT HAND","ALWAYS WITH LEFT HAND","1: 1  CONDITION APPLIES","0: 0  CONDITION DOES NOT APPLY","NO","FEMALE","FEMALE"
1982,64735,3,0,3,33790,5,132,1,1,4,4,2,5,2,1,2,1,1,6,1,7,1,1,33,23,"Male","Black","South (AL, AR, DE, DC, FL, GA, KY, LA, MD, MS, NC, OK, SC, TN , TX, VA, WV)","GED","Not in country","NO","3: Mother","YES","NO","YES","NO","YES","0: 0  CONDITION DOES NOT APPLY","ALWAYS WITH RIGHT HAND","ALWAYS WITH RIGHT HAND","ALWAYS WITH RIGHT HAND","ALWAYS WITH RIGHT HAND","ALWAYS WITH LEFT HAND","1: 1  CONDITION APPLIES","0: 0  CONDITION DOES NOT APPLY","NO","FEMALE","MALE"
1984,64735,6,2,1,31521,5,183,1,1,2,5,2,3,2,1,1,2,2,4,2,7,1,1,29,10,"Male","Non-Black / Non-Hispanic","North Central (IL, IN, IA, KS, MI, MN, MO, NE, OH, ND, SD, WI)","High school diploma (Regular 12 year program)","In CBSA, not in central city","NO","3: Mother","YES","NO","NO","NO","YES","0: 0  CONDITION DOES NOT APPLY","ALWAYS WITH RIGHT HAND","ALWAYS WITH LEFT HAND","ALWAYS WITH LEFT HAND","ALWAYS WITH RIGHT HAND","ALWAYS WITH RIGHT HAND","1: 1  CONDITION APPLIES","1: 1  CONDITION APPLIES","NO","FEMALE","FEMALE"
1980,64735,3,0,2,33790,5,180,1,1,3,5,3,3,1,2,1,2,1,6,1,6,1,1,32,21,"Male","Non-Black / Non-Hispanic","North Central (IL, IN, IA, KS, MI, MN, MO, NE, OH, ND, SD, WI)","Master's degree (MA, MS)","In CBSA, not in central city","NO","3: Mother","NO","NO","NO","NO","YES","0: 0  CONDITION DOES NOT APPLY","ALWAYS WITH RIGHT HAND","ALWAYS WITH RIGHT HAND","ALWAYS WITH RIGHT HAND","ALWAYS WITH RIGHT HAND","ALWAYS WITH LEFT HAND","0: 0  CONDITION DOES NOT APPLY","1: 1  CONDITION APPLIES","NO","MALE","FEMALE"
1982,64735,2,1,5,33790,6,184,1,1,2,2,2,2,2,2,1,2,2,4,2,6,1,1,30,2,"Male","Non-Black / Non-Hispanic","South (AL, AR, DE, DC, FL, GA, KY, LA, MD, MS, NC, OK, SC, TN , TX, VA, WV)","High school diploma (Regular 12 year program)","In CBSA, not in central city","NO","3: Mother","YES","NO","NO","NO","YES","0: 0  CONDITION DOES NOT APPLY","ALWAYS WITH LEFT HAND","ALWAYS WITH RIGHT HAND","ALWAYS WITH RIGHT HAND","USUALLY WITH RIGHT HAND","ALWAYS WITH LEFT HAND","1: 1  CONDITION APPLIES","1: 1  CONDITION APPLIES","NO","FEMALE","FEMALE"
1983,64735,3,0,2,33790,5,183,2,1,4,5,4,5,2,2,1,1,1,6,1,6,1,1,29,21,"Female","Non-Black / Non-Hispanic","West (AK, AZ, CA, CO, HI, ID, MT, NV, NM, OR, UT, WA, WY)","None","In CBSA, not in central city","NO","3: Mother","YES","NO","NO","NO","NO","0: 0  CONDITION DOES NOT APPLY","ALWAYS WITH RIGHT HAND","ALWAYS WITH RIGHT HAND","ALWAYS WITH RIGHT HAND","ALWAYS WITH RIGHT HAND","ALWAYS WITH LEFT HAND","1: 1  CONDITION APPLIES","1: 1  CONDITION APPLIES","NO","MALE","MALE"
1980,64735,3,0,2,33790,5,183,2,2,6,3,2,3,2,2,2,2,1,2,4,6,1,1,33,22,"Male","Non-Black / Non-Hispanic","Northeast (CT, ME, MA, NH, NJ, NY, PA, RI, VT)","Bachelor's degree (BA, BS)","In CBSA, not in central city","NO","3: Mother","YES","YES","NO","NO","YES","0: 0  CONDITION DOES NOT APPLY","ALWAYS WITH RIGHT HAND","ALWAYS WITH RIGHT HAND","USUALLY WITH RIGHT HAND","ALWAYS WITH RIGHT HAND","ALWAYS WITH LEFT HAND","0: 0  CONDITION DOES NOT APPLY","1: 1  CONDITION APPLIES","NO","FEMALE","MALE"
1983,64735,3,0,2,33790,5,183,1,2,5,4,2,2,2,2,2,2,1,3,3,7,1,1,33,20,"Male","Non-Black / Non-Hispanic","South (AL, AR, DE, DC, FL, GA, KY, LA, MD, MS, NC, OK, SC, TN , TX, VA, WV)","Associate/Junior college (AA)","In CBSA, in central city","YES","3: Mother","YES","NO","NO","NO","YES","0: 0  CONDITION DOES NOT APPLY","ALWAYS WITH RIGHT HAND","ALWAYS WITH RIGHT HAND","ALWAYS WITH RIGHT HAND","ALWAYS WITH RIGHT HAND","ALWAYS WITH LEFT HAND","0: 0  CONDITION DOES NOT APPLY","1: 1  CONDITION APPLIES","NO","MALE","MALE"
1982,64735,2,0,5,33790,5,180,1,1,2,1,4,5,1,2,1,2,2,1,2,6,1,1,28,16,"Male","Black","South (AL, AR, DE, DC, FL, GA, KY, LA, MD, MS, NC, OK, SC, TN , TX, VA, WV)","High school diploma (Regular 12 year program)","In CBSA, in central city","NO","3: Mother","YES","NO","NO","NO","YES","0: 0  CONDITION DOES NOT APPLY","ALWAYS WITH RIGHT HAND","ALWAYS WITH RIGHT HAND","ALWAYS WITH RIGHT HAND","ALWAYS WITH RIGHT HAND","ALWAYS WITH LEFT HAND","0: 0  CONDITION DOES NOT APPLY","1: 1  CONDITION APPLIES","YES","FEMALE","FEMALE"
1981,64735,3,1,3,10000,5,183,2,2,4,4,5,7,2,2,1,1,2,1,2,6,1,1,23,9,"Female","Hispanic","South (AL, AR, DE, DC, FL, GA, KY, LA, MD, MS, NC, OK, SC, TN , TX, VA, WV)","High school diploma (Regular 12 year program)","In CBSA, not in central city","NO","3: Mother","NO","NO","NO","NO","YES","0: 0  CONDITION DOES NOT APPLY","ALWAYS WITH RIGHT HAND","ALWAYS WITH RIGHT HAND","ALWAYS WITH RIGHT HAND","ALWAYS WITH RIGHT HAND","ALWAYS WITH LEFT HAND","1: 1  CONDITION APPLIES","1: 1  CONDITION APPLIES","NO","FEMALE","FEMALE"
1984,64735,4,1,1,33790,5,179,1,2,3,3,1,4,2,2,1,1,1,8,1,7,1,1,32,20,"Male","Non-Black / Non-Hispanic","West (AK, AZ, CA, CO, HI, ID, MT, NV, NM, OR, UT, WA, WY)","High school diploma (Regular 12 year program)","In CBSA, not in central city","NO","3: Mother","YES","NO","NO","NO","YES","0: 0  CONDITION DOES NOT APPLY","ALWAYS WITH RIGHT HAND","USUALLY WITH RIGHT HAND","ALWAYS WITH RIGHT HAND","ALWAYS WITH RIGHT HAND","ALWAYS WITH LEFT HAND","1: 1  CONDITION APPLIES","0: 0  CONDITION DOES NOT APPLY","YES","FEMALE","MALE"
1982,64735,4,0,1,14000,5,181,1,1,2,8,2,3,2,2,2,1,1,3,2,8,1,1,32,22,"Male","Hispanic","West (AK, AZ, CA, CO, HI, ID, MT, NV, NM, OR, UT, WA, WY)","High school diploma (Regular 12 year program)","In CBSA, not in central city","NO","3: Mother","NO","NO","NO","NO","YES","0: 0  CONDITION DOES NOT APPLY","ALWAYS WITH RIGHT HAND","ALWAYS WITH RIGHT HAND","ALWAYS WITH RIGHT HAND","ALWAYS WITH RIGHT HAND","ALWAYS WITH LEFT HAND","0: 0  CONDITION DOES NOT APPLY","0: 0  CONDITION DOES NOT APPLY","YES","FEMALE","MALE"
1982,64735,4,1,1,33790,5,183,1,1,1,6,2,3,1,2,1,2,1,4,3,7,1,1,48,23,"Male","Non-Black / Non-Hispanic","South (AL, AR, DE, DC, FL, GA, KY, LA, MD, MS, NC, OK, SC, TN , TX, VA, WV)","GED","In CBSA, in central city","NO","3: Mother","NO","NO","NO","NO","NO","0: 0  CONDITION DOES NOT APPLY","ALWAYS WITH LEFT HAND","ALWAYS WITH LEFT HAND","ALWAYS WITH LEFT HAND","ALWAYS WITH LEFT HAND","ALWAYS WITH LEFT HAND","1: 1  CONDITION APPLIES","1: 1  CONDITION APPLIES","NO","FEMALE","FEMALE"
1981,64735,1,0,3,33790,6,225,1,1,5,4,3,4,2,2,2,2,1,5,4,7,1,1,29,19,"Male","Non-Black / Non-Hispanic","West (AK, AZ, CA, CO, HI, ID, MT, NV, NM, OR, UT, WA, WY)","High school diploma (Regular 12 year program)","In CBSA, in central city","NO","3: Mother","NO","NO","YES","NO","YES","0: 0  CONDITION DOES NOT APPLY","ALWAYS WITH LEFT HAND","ALWAYS WITH LEFT HAND","USUALLY WITH LEFT HAND","ALWAYS WITH RIGHT HAND","ALWAYS WITH LEFT HAND","1: 1  CONDITION APPLIES","1: 1  CONDITION APPLIES","NO","MALE","MALE"
1983,64735,4,0,2,33790,5,184,1,1,4,3,1,4,2,2,2,2,2,7,5,7,1,1,32,25,"Female","Non-Black / Non-Hispanic","South (AL, AR, DE, DC, FL, GA, KY, LA, MD, MS, NC, OK, SC, TN , TX, VA, WV)","High school diploma (Regular 12 year program)","In CBSA, not in central city","YES","3: Mother","YES","NO","NO","NO","YES","0: 0  CONDITION DOES NOT APPLY","ALWAYS WITH RIGHT HAND","ALWAYS WITH RIGHT HAND","ALWAYS WITH RIGHT HAND","ALWAYS WITH RIGHT HAND","ALWAYS WITH LEFT HAND","1: 1  CONDITION APPLIES","1: 1  CONDITION APPLIES","NO","FEMALE","FEMALE"
1982,64735,6,1,4,33790,5,182,1,1,1,3,2,7,2,1,2,1,1,2,2,7,1,1,27,18,"Male","Hispanic","West (AK, AZ, CA, CO, HI, ID, MT, NV, NM, OR, UT, WA, WY)","Associate/Junior college (AA)","In CBSA, in central city","NO","3: Mother","NO","YES","NO","NO","NO","0: 0  CONDITION DOES NOT APPLY","ALWAYS WITH RIGHT HAND","ALWAYS WITH RIGHT HAND","ALWAYS WITH RIGHT HAND","ALWAYS WITH RIGHT HAND","ALWAYS WITH LEFT HAND","1: 1  CONDITION APPLIES","1: 1  CONDITION APPLIES","NO","FEMALE","MALE"
1984,64735,1,1,5,33790,5,185,2,2,3,5,3,4,2,1,1,1,1,6,5,7,1,1,22,1,"Female","Non-Black / Non-Hispanic","South (AL, AR, DE, DC, FL, GA, KY, LA, MD, MS, NC, OK, SC, TN , TX, VA, WV)","High school diploma (Regular 12 year program)","Not in country","NO","3: Mother","NO","NO","NO","NO","NO","0: 0  CONDITION DOES NOT APPLY","USUALLY WITH RIGHT HAND","USUALLY WITH RIGHT HAND","DON'T DO THIS ACTIVITY","DON'T DO THIS ACTIVITY","ALWAYS WITH LEFT HAND","1: 1  CONDITION APPLIES","1: 1  CONDITION APPLIES","NO","FEMALE","MALE"
1984,87274,4,0,4,33790,5,181,1,2,3,4,5,5,2,2,1,2,1,2,1,8,1,1,29,19,"Female","Non-Black / Non-Hispanic","West (AK, AZ, CA, CO, HI, ID, MT, NV, NM, OR, UT, WA, WY)","High school diploma (Regular 12 year program)","In CBSA, not in central city","NO","3: Mother","YES","NO","NO","NO","NO","0: 0  CONDITION DOES NOT APPLY","ALWAYS WITH RIGHT HAND","ALWAYS WITH RIGHT HAND","ALWAYS WITH RIGHT HAND","ALWAYS WITH RIGHT HAND","ALWAYS WITH LEFT HAND","0: 0  CONDITION DOES NOT APPLY","1: 1  CONDITION APPLIES","NO","FEMALE","MALE"
1981,67429,4,0,2,33790,5,130,1,1,2,3,3,5,2,1,2,1,1,6,2,7,1,1,34,20,"Female","Non-Black / Non-Hispanic","South (AL, AR, DE, DC, FL, GA, KY, LA, MD, MS, NC, OK, SC, TN , TX, VA, WV)","High school diploma (Regular 12 year program)","In CBSA, not in central city","NO","3: Mother","NO","NO","NO","NO","YES","0: 0  CONDITION DOES NOT APPLY","ALWAYS WITH RIGHT HAND","ALWAYS WITH RIGHT HAND","ALWAYS WITH RIGHT HAND","ALWAYS WITH RIGHT HAND","ALWAYS WITH LEFT HAND","1: 1  CONDITION APPLIES","0: 0  CONDITION DOES NOT APPLY","NO","MALE","FEMALE"
1981,100400,5,0,4,33790,5,125,1,1,4,2,5,4,2,2,1,2,1,7,2,8,1,1,31,21,"Female","Non-Black / Non-Hispanic","Northeast (CT, ME, MA, NH, NJ, NY, PA, RI, VT)","Bachelor's degree (BA, BS)","In CBSA, in central city","NO","3: Mother","YES","YES","NO","NO","YES","0: 0  CONDITION DOES NOT APPLY","ALWAYS WITH RIGHT HAND","ALWAYS WITH RIGHT HAND","ALWAYS WITH RIGHT HAND","ALWAYS WITH RIGHT HAND","ALWAYS WITH LEFT HAND","0: 0  CONDITION DOES NOT APPLY","0: 0  CONDITION DOES NOT APPLY","NO","MALE","MALE"
1982,64735,4,1,2,33790,5,130,2,1,4,4,1,3,1,2,2,1,1,3,2,9,1,1,33,26,"Female","Non-Black / Non-Hispanic","West (AK, AZ, CA, CO, HI, ID, MT, NV, NM, OR, UT, WA, WY)","None","In CBSA, in central city","YES","3: Mother","YES","YES","YES","NO","NO","0: 0  CONDITION DOES NOT APPLY","ALWAYS WITH RIGHT HAND","ALWAYS WITH RIGHT HAND","ALWAYS WITH RIGHT HAND","ALWAYS WITH RIGHT HAND","ALWAYS WITH LEFT HAND","1: 1  CONDITION APPLIES","1: 1  CONDITION APPLIES","YES","FEMALE","FEMALE"
1985,56917,5,0,3,33790,6,183,2,1,3,4,4,2,1,2,1,2,1,3,1,8,1,1,53,33,"Male","Non-Black / Non-Hispanic","West (AK, AZ, CA, CO, HI, ID, MT, NV, NM, OR, UT, WA, WY)","High school diploma (Regular 12 year program)","In CBSA, not in central city","YES","3: Mother","NO","NO","NO","NO","YES","0: 0  CONDITION DOES NOT APPLY","ALWAYS WITH RIGHT HAND","ALWAYS WITH RIGHT HAND","ALWAYS WITH RIGHT HAND","ALWAYS WITH RIGHT HAND","ALWAYS WITH LEFT HAND","0: 0  CONDITION DOES NOT APPLY","1: 1  CONDITION APPLIES","YES","MALE","MALE"
1983,64735,3,0,2,33790,6,182,2,2,6,3,3,4,2,2,1,2,1,3,3,7,3,1,29,19,"Female","Non-Black / Non-Hispanic","West (AK, AZ, CA, CO, HI, ID, MT, NV, NM, OR, UT, WA, WY)","High school diploma (Regular 12 year program)","In CBSA, not in central city","NO","3: Mother","NO","NO","YES","NO","NO","0: 0  CONDITION DOES NOT APPLY","ALWAYS WITH RIGHT HAND","ALWAYS WITH RIGHT HAND","ALWAYS WITH RIGHT HAND","ALWAYS WITH RIGHT HAND","ALWAYS WITH LEFT HAND","1: 1  CONDITION APPLIES","1: 1  CONDITION APPLIES","NO","FEMALE","MALE"
1984,64735,5,1,2,29000,5,130,2,1,3,4,5,5,2,2,2,2,1,5,1,9,1,1,28,25,"Female","Non-Black / Non-Hispanic","West (AK, AZ, CA, CO, HI, ID, MT, NV, NM, OR, UT, WA, WY)","High school diploma (Regular 12 year program)","In CBSA, not in central city","NO","3: Mother","YES","NO","YES","NO","YES","0: 0  CONDITION DOES NOT APPLY","ALWAYS WITH RIGHT HAND","ALWAYS WITH RIGHT HAND","ALWAYS WITH RIGHT HAND","ALWAYS WITH RIGHT HAND","ALWAYS WITH LEFT HAND","0: 0  CONDITION DOES NOT APPLY","1: 1  CONDITION APPLIES","NO","MALE","MALE"
1980,64735,4,1,1,33790,5,183,1,1,2,4,2,3,2,2,1,2,1,4,2,6,1,2,29,21,"Male","Non-Black / Non-Hispanic","North Central (IL, IN, IA, KS, MI, MN, MO, NE, OH, ND, SD, WI)","GED","In CBSA, in central city","NO","3: Mother","NO","NO","NO","NO","YES","0: 0  CONDITION DOES NOT APPLY","ALWAYS WITH RIGHT HAND","ALWAYS WITH RIGHT HAND","ALWAYS WITH RIGHT HAND","ALWAYS WITH RIGHT HAND","ALWAYS WITH LEFT HAND","1: 1  CONDITION APPLIES","1: 1  CONDITION APPLIES","NO","MALE","MALE"
1982,64735,4,0,2,33790,5,181,1,2,4,3,2,3,2,1,1,2,1,4,1,8,1,2,31,21,"Female","Non-Black / Non-Hispanic","West (AK, AZ, CA, CO, HI, ID, MT, NV, NM, OR, UT, WA, WY)","High school diploma (Regular 12 year program)","In CBSA, in central city","NO","3: Mother","YES","YES","NO","NO","YES","0: 0  CONDITION DOES NOT APPLY","ALWAYS WITH RIGHT HAND","ALWAYS WITH RIGHT HAND","ALWAYS WITH RIGHT HAND","ALWAYS WITH RIGHT HAND","ALWAYS WITH LEFT HAND","1: 1  CONDITION APPLIES","0: 0  CONDITION DOES NOT APPLY","NO","MALE","FEMALE"
1981,64735,3,1,3,33790,5,185,2,2,3,3,2,2,2,2,2,2,1,6,3,7,1,1,7,3,"Female","Black","West (AK, AZ, CA, CO, HI, ID, MT, NV, NM, OR, UT, WA, WY)","GED","In CBSA, in central city","NO","3: Mother","NO","NO","NO","NO","YES","0: 0  CONDITION DOES NOT APPLY","ALWAYS WITH RIGHT HAND","ALWAYS WITH RIGHT HAND","ALWAYS WITH RIGHT HAND","ALWAYS WITH RIGHT HAND","ALWAYS WITH LEFT HAND","1: 1  CONDITION APPLIES","0: 0  CONDITION DOES NOT APPLY","NO","FEMALE","FEMALE"
1983,64735,2,1,2,33790,5,182,1,2,3,4,5,4,2,2,2,2,1,5,5,6,1,1,30,19,"Female","Non-Black / Non-Hispanic","South (AL, AR, DE, DC, FL, GA, KY, LA, MD, MS, NC, OK, SC, TN , TX, VA, WV)","High school diploma (Regular 12 year program)","In CBSA, in central city","NO","3: Mother","YES","NO","NO","NO","YES","0: 0  CONDITION DOES NOT APPLY","ALWAYS WITH RIGHT HAND","ALWAYS WITH RIGHT HAND","ALWAYS WITH RIGHT HAND","ALWAYS WITH RIGHT HAND","ALWAYS WITH LEFT HAND","1: 1  CONDITION APPLIES","1: 1  CONDITION APPLIES","NO","MALE","MALE"
1981,64735,4,0,4,33790,5,182,1,2,2,4,5,2,2,1,1,2,1,6,1,6,1,1,35,23,"Female","Hispanic","West (AK, AZ, CA, CO, HI, ID, MT, NV, NM, OR, UT, WA, WY)","High school diploma (Regular 12 year program)","In CBSA, in central city","YES","3: Mother","YES","NO","NO","NO","YES","0: 0  CONDITION DOES NOT APPLY","ALWAYS WITH RIGHT HAND","ALWAYS WITH LEFT HAND","ALWAYS WITH RIGHT HAND","ALWAYS WITH RIGHT HAND","ALWAYS WITH LEFT HAND","1: 1  CONDITION APPLIES","1: 1  CONDITION APPLIES","NO","FEMALE","FEMALE"
1983,64735,5,0,2,55000,5,155,1,1,3,3,5,7,1,2,1,1,1,8,1,7,1,1,34,21,"Female","Black","South (AL, AR, DE, DC, FL, GA, KY, LA, MD, MS, NC, OK, SC, TN , TX, VA, WV)","High school diploma (Regular 12 year program)","In CBSA, not in central city","NO","3: Mother","YES","NO","NO","NO","YES","0: 0  CONDITION DOES NOT APPLY","ALWAYS WITH RIGHT HAND","ALWAYS WITH RIGHT HAND","ALWAYS WITH RIGHT HAND","ALWAYS WITH RIGHT HAND","ALWAYS WITH RIGHT HAND","0: 0  CONDITION DOES NOT APPLY","1: 1  CONDITION APPLIES","NO","FEMALE","FEMALE"
1983,64735,3,0,1,20000,5,180,1,1,5,3,4,3,2,2,1,2,1,6,2,6,1,1,28,22,"Female","Non-Black / Non-Hispanic","North Central (IL, IN, IA, KS, MI, MN, MO, NE, OH, ND, SD, WI)","Bachelor's degree (BA, BS)","In CBSA, not in central city","NO","3: Mother","YES","NO","YES","NO","YES","0: 0  CONDITION DOES NOT APPLY","ALWAYS WITH RIGHT HAND","ALWAYS WITH RIGHT HAND","ALWAYS WITH RIGHT HAND","ALWAYS WITH RIGHT HAND","ALWAYS WITH LEFT HAND","1: 1  CONDITION APPLIES","1: 1  CONDITION APPLIES","NO","FEMALE","MALE"
1983,64735,3,1,3,33790,5,182,1,3,3,4,3,3,2,2,2,2,2,4,2,8,1,1,26,18,"Male","Non-Black / Non-Hispanic","West (AK, AZ, CA, CO, HI, ID, MT, NV, NM, OR, UT, WA, WY)","GED","In CBSA, not in central city","NO","3: Mother","YES","NO","YES","NO","NO","0: 0  CONDITION DOES NOT APPLY","ALWAYS WITH RIGHT HAND","ALWAYS WITH RIGHT HAND","ALWAYS WITH RIGHT HAND","ALWAYS WITH RIGHT HAND","ALWAYS WITH LEFT HAND","1: 1  CONDITION APPLIES","1: 1  CONDITION APPLIES","NO","FEMALE","MALE"
1982,64735,1,0,1,33790,5,183,1,2,1,4,4,4,2,2,1,1,1,2,1,8,1,1,31,23,"Male","Non-Black / Non-Hispanic","West (AK, AZ, CA, CO, HI, ID, MT, NV, NM, OR, UT, WA, WY)","High school diploma (Regular 12 year program)","In CBSA, not in central city","NO","3: Mother","YES","NO","YES","NO","NO","0: 0  CONDITION DOES NOT APPLY","ALWAYS WITH RIGHT HAND","ALWAYS WITH RIGHT HAND","ALWAYS WITH RIGHT HAND","ALWAYS WITH RIGHT HAND","ALWAYS WITH LEFT HAND","1: 1  CONDITION APPLIES","1: 1  CONDITION APPLIES","NO","FEMALE","MALE"
1982,64735,3,0,4,33790,5,184,1,2,5,1,3,4,2,2,2,1,1,5,3,8,2,1,33,25,"Male","Hispanic","West (AK, AZ, CA, CO, HI, ID, MT, NV, NM, OR, UT, WA, WY)","Bachelor's degree (BA, BS)","In CBSA, not in central city","NO","3: Mother","NO","NO","YES","NO","NO","0: 0  CONDITION DOES NOT APPLY","ALWAYS WITH RIGHT HAND","ALWAYS WITH RIGHT HAND","ALWAYS WITH RIGHT HAND","ALWAYS WITH RIGHT HAND","ALWAYS WITH LEFT HAND","1: 1  CONDITION APPLIES","1: 1  CONDITION APPLIES","NO","MALE","MALE"
1984,64735,1,0,3,33790,6,186,1,2,3,2,4,5,2,2,1,2,1,3,3,6,1,1,35,32,"Male","Non-Black / Non-Hispanic","Northeast (CT, ME, MA, NH, NJ, NY, PA, RI, VT)","Bachelor's degree (BA, BS)","In CBSA, in central city","NO","3: Mother","YES","NO","NO","NO","NO","0: 0  CONDITION DOES NOT APPLY","ALWAYS WITH RIGHT HAND","ALWAYS WITH RIGHT HAND","ALWAYS WITH RIGHT HAND","ALWAYS WITH RIGHT HAND","ALWAYS WITH LEFT HAND","1: 1  CONDITION APPLIES","1: 1  CONDITION APPLIES","NO","FEMALE","MALE"
1980,64735,4,1,3,33790,5,182,2,2,8,4,1,6,2,2,1,2,1,6,1,7,1,1,30,21,"Female","Non-Black / Non-Hispanic","West (AK, AZ, CA, CO, HI, ID, MT, NV, NM, OR, UT, WA, WY)","High school diploma (Regular 12 year program)","In CBSA, not in central city","NO","3: Mother","NO","YES","NO","NO","YES","0: 0  CONDITION DOES NOT APPLY","ALWAYS WITH RIGHT HAND","USUALLY WITH RIGHT HAND","ALWAYS WITH RIGHT HAND","USUALLY WITH RIGHT HAND","USUALLY WITH LEFT HAND","1: 1  CONDITION APPLIES","1: 1  CONDITION APPLIES","NO","FEMALE","FEMALE"
1983,64735,3,0,2,33790,5,182,1,1,5,3,3,3,2,1,1,1,1,4,2,6,1,1,29,20,"Male","Non-Black / Non-Hispanic","South (AL, AR, DE, DC, FL, GA, KY, LA, MD, MS, NC, OK, SC, TN , TX, VA, WV)","Master's degree (MA, MS)","In CBSA, not in central city","NO","3: Mother","YES","NO","NO","NO","YES","0: 0  CONDITION DOES NOT APPLY","ALWAYS WITH RIGHT HAND","ALWAYS WITH RIGHT HAND","ALWAYS WITH RIGHT HAND","ALWAYS WITH RIGHT HAND","ALWAYS WITH LEFT HAND","1: 1  CONDITION APPLIES","1: 1  CONDITION APPLIES","NO","FEMALE","MALE"
1983,64735,2,1,1,33790,5,180,1,2,2,3,3,3,2,2,1,2,1,5,2,6,1,1,35,22,"Female","Non-Black / Non-Hispanic","South (AL, AR, DE, DC, FL, GA, KY, LA, MD, MS, NC, OK, SC, TN , TX, VA, WV)","Bachelor's degree (BA, BS)","In CBSA, not in central city","NO","3: Mother","YES","NO","NO","NO","YES","0: 0  CONDITION DOES NOT APPLY","ALWAYS WITH RIGHT HAND","ALWAYS WITH RIGHT HAND","ALWAYS WITH RIGHT HAND","ALWAYS WITH RIGHT HAND","ALWAYS WITH LEFT HAND","0: 0  CONDITION DOES NOT APPLY","1: 1  CONDITION APPLIES","NO","FEMALE","FEMALE"
1982,64735,1,1,3,33790,5,187,3,1,4,5,1,5,2,2,1,2,1,4,1,6,1,1,24,14,"Female","Hispanic","South (AL, AR, DE, DC, FL, GA, KY, LA, MD, MS, NC, OK, SC, TN , TX, VA, WV)","Bachelor's degree (BA, BS)","In CBSA, in central city","YES","3: Mother","NO","NO","NO","NO","YES","0: 0  CONDITION DOES NOT APPLY","ALWAYS WITH RIGHT HAND","DON'T DO THIS ACTIVITY","ALWAYS WITH RIGHT HAND","DON'T DO THIS ACTIVITY","ALWAYS WITH LEFT HAND","1: 1  CONDITION APPLIES","1: 1  CONDITION APPLIES","NO","MALE","FEMALE"
1985,64735,2,0,5,33790,5,166,1,1,4,6,5,7,2,2,2,1,1,6,2,6,1,2,28,19,"Male","Hispanic","South (AL, AR, DE, DC, FL, GA, KY, LA, MD, MS, NC, OK, SC, TN , TX, VA, WV)","Bachelor's degree (BA, BS)","In CBSA, not in central city","NO","3: Mother","YES","NO","NO","NO","YES","0: 0  CONDITION DOES NOT APPLY","ALWAYS WITH RIGHT HAND","ALWAYS WITH RIGHT HAND","ALWAYS WITH RIGHT HAND","ALWAYS WITH RIGHT HAND","ALWAYS WITH LEFT HAND","1: 1  CONDITION APPLIES","1: 1  CONDITION APPLIES","NO","MALE","MALE"
1982,64735,2,0,1,33790,5,183,1,1,5,3,6,3,2,2,2,2,2,4,2,7,1,1,30,21,"Male","Non-Black / Non-Hispanic","West (AK, AZ, CA, CO, HI, ID, MT, NV, NM, OR, UT, WA, WY)","Associate/Junior college (AA)","In CBSA, in central city","NO","3: Mother","YES","NO","YES","NO","YES","0: 0  CONDITION DOES NOT APPLY","ALWAYS WITH RIGHT HAND","ALWAYS WITH RIGHT HAND","ALWAYS WITH RIGHT HAND","ALWAYS WITH RIGHT HAND","ALWAYS WITH LEFT HAND","1: 1  CONDITION APPLIES","1: 1  CONDITION APPLIES","NO","FEMALE","MALE"
1980,64735,3,1,1,146002,5,110,1,2,4,4,9,3,2,2,1,1,1,7,1,8,1,1,31,22,"Female","Non-Black / Non-Hispanic","West (AK, AZ, CA, CO, HI, ID, MT, NV, NM, OR, UT, WA, WY)","Bachelor's degree (BA, BS)","In CBSA, not in central city","NO","3: Mother","YES","NO","NO","NO","YES","0: 0  CONDITION DOES NOT APPLY","ALWAYS WITH RIGHT HAND","ALWAYS WITH RIGHT HAND","ALWAYS WITH RIGHT HAND","ALWAYS WITH RIGHT HAND","ALWAYS WITH LEFT HAND","1: 1  CONDITION APPLIES","1: 1  CONDITION APPLIES","NO","MALE","MALE"
1984,64735,3,0,3,5000,5,182,1,1,5,3,3,6,2,1,1,2,2,6,3,7,1,1,30,22,"Male","Non-Black / Non-Hispanic","Northeast (CT, ME, MA, NH, NJ, NY, PA, RI, VT)","Bachelor's degree (BA, BS)","In CBSA, not in central city","NO","3: Mother","YES","NO","YES","NO","YES","0: 0  CONDITION DOES NOT APPLY","ALWAYS WITH RIGHT HAND","ALWAYS WITH RIGHT HAND","ALWAYS WITH RIGHT HAND","ALWAYS WITH RIGHT HAND","ALWAYS WITH LEFT HAND","1: 1  CONDITION APPLIES","1: 1  CONDITION APPLIES","NO","FEMALE","MALE"
1980,64735,3,0,1,33790,5,181,1,1,3,4,5,5,2,1,1,1,1,5,3,7,1,1,32,20,"Male","Black","West (AK, AZ, CA, CO, HI, ID, MT, NV, NM, OR, UT, WA, WY)","High school diploma (Regular 12 year program)","In CBSA, not in central city","NO","3: Mother","YES","NO","NO","NO","NO","0: 0  CONDITION DOES NOT APPLY","ALWAYS WITH RIGHT HAND","ALWAYS WITH RIGHT HAND","USUALLY WITH BOTH HANDS EQUALLY","ALWAYS WITH RIGHT HAND","ALWAYS WITH LEFT HAND","1: 1  CONDITION APPLIES","1: 1  CONDITION APPLIES","NO","FEMALE","MALE"
1982,64735,2,0,2,33790,5,110,2,2,2,2,3,8,2,2,2,1,2,6,2,7,1,1,31,24,"Female","Non-Black / Non-Hispanic","South (AL, AR, DE, DC, FL, GA, KY, LA, MD, MS, NC, OK, SC, TN , TX, VA, WV)","GED","In CBSA, in central city","NO","3: Mother","YES","NO","NO","NO","YES","1: 1  CONDITION APPLIES","ALWAYS WITH RIGHT HAND","ALWAYS WITH RIGHT HAND","ALWAYS WITH RIGHT HAND","ALWAYS WITH RIGHT HAND","ALWAYS WITH LEFT HAND","1: 1  CONDITION APPLIES","1: 1  CONDITION APPLIES","YES","MALE","FEMALE"
1982,64735,5,0,1,33790,5,181,1,1,3,4,2,3,2,1,1,1,1,6,2,7,1,1,38,27,"Female","Hispanic","North Central (IL, IN, IA, KS, MI, MN, MO, NE, OH, ND, SD, WI)","High school diploma (Regular 12 year program)","In CBSA, not in central city","YES","3: Mother","NO","YES","NO","NO","NO","0: 0  CONDITION DOES NOT APPLY","ALWAYS WITH LEFT HAND","ALWAYS WITH RIGHT HAND","ALWAYS WITH LEFT HAND","ALWAYS WITH RIGHT HAND","ALWAYS WITH RIGHT HAND","1: 1  CONDITION APPLIES","1: 1  CONDITION APPLIES","NO","FEMALE","MALE"
1985,64735,4,1,4,33790,5,183,1,1,2,4,2,7,2,2,1,2,1,4,5,7,6,1,33,23,"Male","Black","South (AL, AR, DE, DC, FL, GA, KY, LA, MD, MS, NC, OK, SC, TN , TX, VA, WV)","None","In CBSA, not in central city","NO","3: Mother","YES","YES","NO","NO","NO","0: 0  CONDITION DOES NOT APPLY","ALWAYS WITH RIGHT HAND","ALWAYS WITH RIGHT HAND","ALWAYS WITH RIGHT HAND","ALWAYS WITH RIGHT HAND","ALWAYS WITH LEFT HAND","1: 1  CONDITION APPLIES","1: 1  CONDITION APPLIES","NO","MALE","MALE"
1980,64735,1,0,2,33790,5,182,1,2,2,4,2,3,2,2,1,2,1,4,3,7,1,1,31,21,"Female","Non-Black / Non-Hispanic","South (AL, AR, DE, DC, FL, GA, KY, LA, MD, MS, NC, OK, SC, TN , TX, VA, WV)","High school diploma (Regular 12 year program)","In CBSA, in central city","NO","3: Mother","YES","YES","NO","NO","YES","0: 0  CONDITION DOES NOT APPLY","ALWAYS WITH RIGHT HAND","ALWAYS WITH RIGHT HAND","ALWAYS WITH RIGHT HAND","ALWAYS WITH RIGHT HAND","ALWAYS WITH LEFT HAND","0: 0  CONDITION DOES NOT APPLY","1: 1  CONDITION APPLIES","NO","FEMALE","FEMALE"
1984,64735,2,2,1,33790,5,180,2,1,3,3,4,3,1,2,1,2,1,6,2,6,1,1,32,21,"Female","Non-Black / Non-Hispanic","Northeast (CT, ME, MA, NH, NJ, NY, PA, RI, VT)","None","Not in country","NO","3: Mother","YES","NO","NO","NO","YES","0: 0  CONDITION DOES NOT APPLY","ALWAYS WITH RIGHT HAND","ALWAYS WITH RIGHT HAND","ALWAYS WITH RIGHT HAND","ALWAYS WITH RIGHT HAND","USUALLY WITH BOTH HANDS EQUALLY","1: 1  CONDITION APPLIES","0: 0  CONDITION DOES NOT APPLY","NO","MALE","MALE"
1981,64735,3,1,4,33790,6,183,2,2,5,3,6,4,2,2,1,2,1,6,2,6,1,1,29,19,"Male","Mixed Race (Non-Hispanic)","South (AL, AR, DE, DC, FL, GA, KY, LA, MD, MS, NC, OK, SC, TN , TX, VA, WV)","High school diploma (Regular 12 year program)","In CBSA, not in central city","NO","3: Mother","YES","NO","NO","NO","NO","0: 0  CONDITION DOES NOT APPLY","ALWAYS WITH RIGHT HAND","ALWAYS WITH RIGHT HAND","ALWAYS WITH RIGHT HAND","ALWAYS WITH RIGHT HAND","ALWAYS WITH LEFT HAND","1: 1  CONDITION APPLIES","1: 1  CONDITION APPLIES","NO","FEMALE","FEMALE"
1984,64735,3,0,4,10500,5,150,1,2,4,5,4,5,2,2,1,2,2,5,1,7,1,1,27,16,"Male","Non-Black / Non-Hispanic","West (AK, AZ, CA, CO, HI, ID, MT, NV, NM, OR, UT, WA, WY)","High school diploma (Regular 12 year program)","In CBSA, not in central city","NO","3: Mother","NO","NO","NO","NO","NO","0: 0  CONDITION DOES NOT APPLY","ALWAYS WITH LEFT HAND","DON'T DO THIS ACTIVITY","DON'T DO THIS ACTIVITY","DON'T DO THIS ACTIVITY","ALWAYS WITH LEFT HAND","0: 0  CONDITION DOES NOT APPLY","0: 0  CONDITION DOES NOT APPLY","YES","MALE","FEMALE"
1981,64735,3,1,1,33790,5,181,1,2,2,4,4,3,2,1,1,1,1,6,3,6,1,1,32,16,"Male","Hispanic","West (AK, AZ, CA, CO, HI, ID, MT, NV, NM, OR, UT, WA, WY)","GED","In CBSA, not in central city","NO","5: Adoptive Mother","YES","NO","NO","NO","YES","0: 0  CONDITION DOES NOT APPLY","ALWAYS WITH RIGHT HAND","ALWAYS WITH RIGHT HAND","ALWAYS WITH RIGHT HAND","ALWAYS WITH RIGHT HAND","ALWAYS WITH LEFT HAND","1: 1  CONDITION APPLIES","0: 0  CONDITION DOES NOT APPLY","NO","MALE","FEMALE"
1984,64735,2,0,3,33790,6,183,2,1,3,5,4,4,2,1,1,1,1,6,2,6,1,1,30,19,"Male","Mixed Race (Non-Hispanic)","West (AK, AZ, CA, CO, HI, ID, MT, NV, NM, OR, UT, WA, WY)","High school diploma (Regular 12 year program)","In CBSA, not in central city","NO","3: Mother","YES","NO","YES","NO","YES","0: 0  CONDITION DOES NOT APPLY","ALWAYS WITH RIGHT HAND","USUALLY WITH BOTH HANDS EQUALLY","USUALLY WITH RIGHT HAND","ALWAYS WITH RIGHT HAND","ALWAYS WITH LEFT HAND","0: 0  CONDITION DOES NOT APPLY","1: 1  CONDITION APPLIES","NO","MALE","MALE"
1983,64735,5,1,4,33790,6,184,1,1,3,4,2,4,2,2,1,2,1,6,2,5,1,1,32,23,"Female","Non-Black / Non-Hispanic","North Central (IL, IN, IA, KS, MI, MN, MO, NE, OH, ND, SD, WI)","Bachelor's degree (BA, BS)","In CBSA, not in central city","YES","3: Mother","NO","NO","NO","NO","YES","0: 0  CONDITION DOES NOT APPLY","ALWAYS WITH RIGHT HAND","ALWAYS WITH RIGHT HAND","ALWAYS WITH RIGHT HAND","ALWAYS WITH RIGHT HAND","ALWAYS WITH LEFT HAND","1: 1  CONDITION APPLIES","1: 1  CONDITION APPLIES","NO","FEMALE","FEMALE"
1983,64735,4,1,1,33790,5,182,1,1,1,4,1,3,2,2,2,2,1,6,2,7,1,1,31,22,"Female","Non-Black / Non-Hispanic","South (AL, AR, DE, DC, FL, GA, KY, LA, MD, MS, NC, OK, SC, TN , TX, VA, WV)","Bachelor's degree (BA, BS)","In CBSA, not in central city","NO","3: Mother","YES","NO","NO","NO","YES","0: 0  CONDITION DOES NOT APPLY","ALWAYS WITH RIGHT HAND","ALWAYS WITH RIGHT HAND","ALWAYS WITH RIGHT HAND","ALWAYS WITH RIGHT HAND","ALWAYS WITH LEFT HAND","1: 1  CONDITION APPLIES","1: 1  CONDITION APPLIES","NO","MALE","MALE"
1984,64735,3,0,1,33790,5,182,1,1,3,4,2,2,1,2,1,1,1,5,1,7,2,1,28,16,"Female","Hispanic","West (AK, AZ, CA, CO, HI, ID, MT, NV, NM, OR, UT, WA, WY)","High school diploma (Regular 12 year program)","In CBSA, not in central city","NO","3: Mother","YES","NO","NO","NO","YES","0: 0  CONDITION DOES NOT APPLY","ALWAYS WITH RIGHT HAND","ALWAYS WITH RIGHT HAND","USUALLY WITH BOTH HANDS EQUALLY","ALWAYS WITH RIGHT HAND","ALWAYS WITH LEFT HAND","1: 1  CONDITION APPLIES","1: 1  CONDITION APPLIES","NO","FEMALE","FEMALE"
1981,64735,2,1,1,33790,5,186,2,2,1,5,2,4,2,1,2,2,1,5,3,6,1,1,29,6,"Female","Non-Black / Non-Hispanic","South (AL, AR, DE, DC, FL, GA, KY, LA, MD, MS, NC, OK, SC, TN , TX, VA, WV)","High school diploma (Regular 12 year program)","In CBSA, not in central city","NO","3: Mother","NO","NO","NO","NO","YES","0: 0  CONDITION DOES NOT APPLY","ALWAYS WITH RIGHT HAND","USUALLY WITH BOTH HANDS EQUALLY","USUALLY WITH BOTH HANDS EQUALLY","ALWAYS WITH RIGHT HAND","ALWAYS WITH LEFT HAND","1: 1  CONDITION APPLIES","1: 1  CONDITION APPLIES","NO","MALE","FEMALE"
1981,64735,2,1,3,33790,5,184,1,1,3,3,2,3,2,2,1,2,2,6,3,7,1,1,27,20,"Male","Non-Black / Non-Hispanic","West (AK, AZ, CA, CO, HI, ID, MT, NV, NM, OR, UT, WA, WY)","High school diploma (Regular 12 year program)","In CBSA, in central city","NO","3: Mother","YES","NO","NO","NO","NO","0: 0  CONDITION DOES NOT APPLY","ALWAYS WITH RIGHT HAND","ALWAYS WITH RIGHT HAND","ALWAYS WITH RIGHT HAND","ALWAYS WITH RIGHT HAND","ALWAYS WITH LEFT HAND","1: 1  CONDITION APPLIES","1: 1  CONDITION APPLIES","NO","MALE","FEMALE"
1984,64735,3,1,3,33790,5,184,1,2,4,2,4,3,2,2,1,2,1,4,2,6,1,1,32,18,"Male","Non-Black / Non-Hispanic","South (AL, AR, DE, DC, FL, GA, KY, LA, MD, MS, NC, OK, SC, TN , TX, VA, WV)","High school diploma (Regular 12 year program)","In CBSA, in central city","NO","3: Mother","NO","NO","NO","NO","YES","0: 0  CONDITION DOES NOT APPLY","ALWAYS WITH RIGHT HAND","ALWAYS WITH RIGHT HAND","ALWAYS WITH RIGHT HAND","ALWAYS WITH RIGHT HAND","ALWAYS WITH LEFT HAND","1: 1  CONDITION APPLIES","1: 1  CONDITION APPLIES","NO","MALE","FEMALE"
1982,64735,2,0,3,33790,5,183,1,1,4,3,3,5,2,2,2,2,2,6,2,6,1,1,33,25,"Male","Non-Black / Non-Hispanic","South (AL, AR, DE, DC, FL, GA, KY, LA, MD, MS, NC, OK, SC, TN , TX, VA, WV)","Bachelor's degree (BA, BS)","In CBSA, not in central city","NO","3: Mother","YES","NO","YES","NO","YES","0: 0  CONDITION DOES NOT APPLY","ALWAYS WITH RIGHT HAND","ALWAYS WITH RIGHT HAND","ALWAYS WITH RIGHT HAND","ALWAYS WITH LEFT HAND","ALWAYS WITH LEFT HAND","1: 1  CONDITION APPLIES","1: 1  CONDITION APPLIES","NO","FEMALE","MALE"
1983,64735,2,0,1,33790,5,181,2,1,3,1,2,4,2,2,2,2,1,4,2,8,1,1,27,19,"Male","Non-Black / Non-Hispanic","North Central (IL, IN, IA, KS, MI, MN, MO, NE, OH, ND, SD, WI)","None","In CBSA, not in central city","NO","3: Mother","NO","NO","NO","NO","YES","0: 0  CONDITION DOES NOT APPLY","ALWAYS WITH RIGHT HAND","ALWAYS WITH RIGHT HAND","ALWAYS WITH RIGHT HAND","ALWAYS WITH RIGHT HAND","ALWAYS WITH LEFT HAND","1: 1  CONDITION APPLIES","1: 1  CONDITION APPLIES","NO","FEMALE","FEMALE"
1982,64735,2,0,1,33790,5,183,1,3,2,4,6,2,2,2,2,2,2,4,1,8,1,1,37,19,"Female","Non-Black / Non-Hispanic","North Central (IL, IN, IA, KS, MI, MN, MO, NE, OH, ND, SD, WI)","High school diploma (Regular 12 year program)","In CBSA, in central city","YES","3: Mother","NO","YES","NO","NO","NO","0: 0  CONDITION DOES NOT APPLY","ALWAYS WITH LEFT HAND","ALWAYS WITH RIGHT HAND","ALWAYS WITH LEFT HAND","ALWAYS WITH RIGHT HAND","ALWAYS WITH RIGHT HAND","1: 1  CONDITION APPLIES","0: 0  CONDITION DOES NOT APPLY","NO","FEMALE","FEMALE"
1982,64735,2,0,3,33790,5,184,1,2,2,5,3,5,2,2,1,2,1,6,3,6,2,1,31,22,"Female","Non-Black / Non-Hispanic","South (AL, AR, DE, DC, FL, GA, KY, LA, MD, MS, NC, OK, SC, TN , TX, VA, WV)","High school diploma (Regular 12 year program)","In CBSA, in central city","YES","3: Mother","YES","NO","YES","NO","YES","0: 0  CONDITION DOES NOT APPLY","ALWAYS WITH RIGHT HAND","ALWAYS WITH RIGHT HAND","ALWAYS WITH RIGHT HAND","ALWAYS WITH RIGHT HAND","ALWAYS WITH LEFT HAND","1: 1  CONDITION APPLIES","1: 1  CONDITION APPLIES","NO","MALE","MALE"
1983,64735,2,0,2,19800,5,175,3,2,3,4,1,4,2,2,1,1,1,8,4,7,1,1,27,21,"Female","Non-Black / Non-Hispanic","West (AK, AZ, CA, CO, HI, ID, MT, NV, NM, OR, UT, WA, WY)","High school diploma (Regular 12 year program)","In CBSA, not in central city","NO","3: Mother","NO","NO","NO","NO","YES","0: 0  CONDITION DOES NOT APPLY","ALWAYS WITH RIGHT HAND","ALWAYS WITH RIGHT HAND","ALWAYS WITH RIGHT HAND","ALWAYS WITH RIGHT HAND","ALWAYS WITH LEFT HAND","1: 1  CONDITION APPLIES","1: 1  CONDITION APPLIES","NO","FEMALE","FEMALE"
1982,64735,5,0,3,33790,6,184,1,1,3,2,2,5,1,1,2,1,1,6,3,6,1,1,32,20,"Female","Non-Black / Non-Hispanic","South (AL, AR, DE, DC, FL, GA, KY, LA, MD, MS, NC, OK, SC, TN , TX, VA, WV)","None","In CBSA, not in central city","NO","3: Mother","YES","NO","NO","YES","YES","0: 0  CONDITION DOES NOT APPLY","ALWAYS WITH RIGHT HAND","ALWAYS WITH RIGHT HAND","ALWAYS WITH RIGHT HAND","ALWAYS WITH LEFT HAND","ALWAYS WITH LEFT HAND","1: 1  CONDITION APPLIES","1: 1  CONDITION APPLIES","NO","MALE","MALE"
1983,64735,3,1,3,18000,5,182,1,1,5,4,5,4,2,2,2,2,2,3,4,9,1,1,24,15,"Female","Non-Black / Non-Hispanic","South (AL, AR, DE, DC, FL, GA, KY, LA, MD, MS, NC, OK, SC, TN , TX, VA, WV)","Bachelor's degree (BA, BS)","In CBSA, not in central city","NO","3: Mother","YES","NO","YES","NO","YES","0: 0  CONDITION DOES NOT APPLY","ALWAYS WITH RIGHT HAND","ALWAYS WITH RIGHT HAND","ALWAYS WITH RIGHT HAND","ALWAYS WITH RIGHT HAND","ALWAYS WITH LEFT HAND","1: 1  CONDITION APPLIES","1: 1  CONDITION APPLIES","NO","FEMALE","MALE"
1984,64735,6,0,3,33790,5,181,1,1,3,4,1,4,1,2,1,2,2,6,1,8,1,1,34,29,"Female","Non-Black / Non-Hispanic","South (AL, AR, DE, DC, FL, GA, KY, LA, MD, MS, NC, OK, SC, TN , TX, VA, WV)","High school diploma (Regular 12 year program)","In CBSA, not in central city","YES","3: Mother","NO","YES","NO","NO","YES","0: 0  CONDITION DOES NOT APPLY","ALWAYS WITH RIGHT HAND","ALWAYS WITH RIGHT HAND","ALWAYS WITH RIGHT HAND","ALWAYS WITH RIGHT HAND","ALWAYS WITH LEFT HAND","1: 1  CONDITION APPLIES","1: 1  CONDITION APPLIES","NO","FEMALE","MALE"
1980,64735,5,0,3,15000,5,182,1,1,2,4,4,5,2,1,1,1,1,7,2,6,1,1,40,22,"Male","Non-Black / Non-Hispanic","South (AL, AR, DE, DC, FL, GA, KY, LA, MD, MS, NC, OK, SC, TN , TX, VA, WV)","High school diploma (Regular 12 year program)","In CBSA, not in central city","YES","3: Mother","YES","NO","NO","NO","YES","0: 0  CONDITION DOES NOT APPLY","ALWAYS WITH RIGHT HAND","ALWAYS WITH RIGHT HAND","ALWAYS WITH RIGHT HAND","ALWAYS WITH RIGHT HAND","ALWAYS WITH LEFT HAND","1: 1  CONDITION APPLIES","1: 1  CONDITION APPLIES","NO","MALE","MALE"
1981,80015,3,1,4,33790,5,205,1,1,3,5,2,4,2,2,2,2,1,3,4,7,1,1,30,21,"Male","Black","West (AK, AZ, CA, CO, HI, ID, MT, NV, NM, OR, UT, WA, WY)","Bachelor's degree (BA, BS)","In CBSA, not in central city","YES","3: Mother","YES","NO","NO","NO","NO","0: 0  CONDITION DOES NOT APPLY","ALWAYS WITH RIGHT HAND","ALWAYS WITH RIGHT HAND","ALWAYS WITH LEFT HAND","ALWAYS WITH RIGHT HAND","ALWAYS WITH LEFT HAND","1: 1  CONDITION APPLIES","1: 1  CONDITION APPLIES","NO","FEMALE","MALE"
1984,64735,2,0,2,33790,5,183,2,2,3,6,7,6,2,2,2,2,2,6,3,8,1,1,32,23,"Male","Non-Black / Non-Hispanic","West (AK, AZ, CA, CO, HI, ID, MT, NV, NM, OR, UT, WA, WY)","High school diploma (Regular 12 year program)","In CBSA, in central city","NO","3: Mother","YES","NO","NO","NO","NO","0: 0  CONDITION DOES NOT APPLY","ALWAYS WITH RIGHT HAND","ALWAYS WITH LEFT HAND","ALWAYS WITH LEFT HAND","ALWAYS WITH LEFT HAND","ALWAYS WITH LEFT HAND","1: 1  CONDITION APPLIES","1: 1  CONDITION APPLIES","NO","MALE","FEMALE"
1983,64735,3,0,1,33790,6,300,1,1,3,3,3,3,2,2,1,1,1,3,2,6,1,1,29,21,"Male","Black","South (AL, AR, DE, DC, FL, GA, KY, LA, MD, MS, NC, OK, SC, TN , TX, VA, WV)","High school diploma (Regular 12 year program)","In CBSA, not in central city","NO","3: Mother","YES","NO","YES","NO","YES","0: 0  CONDITION DOES NOT APPLY","ALWAYS WITH RIGHT HAND","ALWAYS WITH RIGHT HAND","ALWAYS WITH RIGHT HAND","ALWAYS WITH RIGHT HAND","ALWAYS WITH LEFT HAND","1: 1  CONDITION APPLIES","1: 1  CONDITION APPLIES","NO","FEMALE","MALE"
1984,64735,5,1,2,33790,5,179,1,1,3,3,1,1,1,2,2,1,1,5,1,7,3,3,34,23,"Male","Non-Black / Non-Hispanic","West (AK, AZ, CA, CO, HI, ID, MT, NV, NM, OR, UT, WA, WY)","High school diploma (Regular 12 year program)","In CBSA, not in central city","YES","3: Mother","YES","NO","NO","NO","YES","0: 0  CONDITION DOES NOT APPLY","ALWAYS WITH RIGHT HAND","ALWAYS WITH RIGHT HAND","ALWAYS WITH RIGHT HAND","ALWAYS WITH RIGHT HAND","ALWAYS WITH LEFT HAND","1: 1  CONDITION APPLIES","1: 1  CONDITION APPLIES","NO","MALE","FEMALE"
1982,64735,3,0,2,33790,5,181,1,1,3,3,2,4,2,1,1,2,1,6,2,7,1,2,30,23,"Female","Non-Black / Non-Hispanic","West (AK, AZ, CA, CO, HI, ID, MT, NV, NM, OR, UT, WA, WY)","High school diploma (Regular 12 year program)","In CBSA, in central city","NO","3: Mother","NO","NO","NO","NO","YES","0: 0  CONDITION DOES NOT APPLY","ALWAYS WITH RIGHT HAND","ALWAYS WITH RIGHT HAND","ALWAYS WITH RIGHT HAND","ALWAYS WITH RIGHT HAND","ALWAYS WITH LEFT HAND","1: 1  CONDITION APPLIES","1: 1  CONDITION APPLIES","NO","FEMALE","FEMALE"
1982,64735,3,0,4,33790,5,183,2,2,5,5,2,7,2,2,2,2,1,4,2,7,1,1,31,23,"Male","Non-Black / Non-Hispanic","North Central (IL, IN, IA, KS, MI, MN, MO, NE, OH, ND, SD, WI)","High school diploma (Regular 12 year program)","In CBSA, in central city","NO","3: Mother","YES","NO","NO","NO","YES","0: 0  CONDITION DOES NOT APPLY","ALWAYS WITH RIGHT HAND","ALWAYS WITH RIGHT HAND","ALWAYS WITH RIGHT HAND","ALWAYS WITH RIGHT HAND","ALWAYS WITH LEFT HAND","1: 1  CONDITION APPLIES","1: 1  CONDITION APPLIES","NO","FEMALE","FEMALE"
1981,64735,3,1,1,33790,5,185,1,1,4,4,1,6,2,1,1,2,1,6,1,5,1,1,29,26,"Female","Black","Northeast (CT, ME, MA, NH, NJ, NY, PA, RI, VT)","High school diploma (Regular 12 year program)","In CBSA, not in central city","YES","3: Mother","NO","NO","NO","NO","YES","0: 0  CONDITION DOES NOT APPLY","ALWAYS WITH RIGHT HAND","ALWAYS WITH RIGHT HAND","ALWAYS WITH RIGHT HAND","ALWAYS WITH RIGHT HAND","ALWAYS WITH LEFT HAND","1: 1  CONDITION APPLIES","1: 1  CONDITION APPLIES","NO","FEMALE","MALE"
1982,64735,3,0,3,33790,5,179,1,1,3,1,3,1,2,2,2,2,2,3,3,6,1,1,28,22,"Male","Non-Black / Non-Hispanic","South (AL, AR, DE, DC, FL, GA, KY, LA, MD, MS, NC, OK, SC, TN , TX, VA, WV)","High school diploma (Regular 12 year program)","In CBSA, not in central city","YES","3: Mother","NO","NO","NO","NO","NO","0: 0  CONDITION DOES NOT APPLY","ALWAYS WITH RIGHT HAND","ALWAYS WITH RIGHT HAND","ALWAYS WITH RIGHT HAND","ALWAYS WITH RIGHT HAND","ALWAYS WITH LEFT HAND","1: 1  CONDITION APPLIES","1: 1  CONDITION APPLIES","NO","FEMALE","MALE"
1984,64735,3,1,3,50000,6,299,1,2,5,5,2,3,2,2,1,2,1,4,3,6,1,1,23,20,"Male","Hispanic","West (AK, AZ, CA, CO, HI, ID, MT, NV, NM, OR, UT, WA, WY)","High school diploma (Regular 12 year program)","In CBSA, not in central city","NO","3: Mother","YES","NO","YES","NO","YES","0: 0  CONDITION DOES NOT APPLY","ALWAYS WITH RIGHT HAND","ALWAYS WITH RIGHT HAND","ALWAYS WITH RIGHT HAND","ALWAYS WITH RIGHT HAND","ALWAYS WITH LEFT HAND","1: 1  CONDITION APPLIES","1: 1  CONDITION APPLIES","NO","MALE","MALE"
1984,64735,1,0,1,33790,6,186,2,1,2,5,1,4,1,1,1,1,1,1,1,6,1,1,31,24,"Male","Non-Black / Non-Hispanic","West (AK, AZ, CA, CO, HI, ID, MT, NV, NM, OR, UT, WA, WY)","None","In CBSA, in central city","NO","3: Mother","YES","NO","YES","NO","NO","0: 0  CONDITION DOES NOT APPLY","ALWAYS WITH RIGHT HAND","ALWAYS WITH RIGHT HAND","ALWAYS WITH RIGHT HAND","ALWAYS WITH RIGHT HAND","ALWAYS WITH LEFT HAND","1: 1  CONDITION APPLIES","1: 1  CONDITION APPLIES","NO","FEMALE","FEMALE"
1984,64735,2,0,1,33790,5,183,1,1,1,3,1,4,2,2,2,1,1,6,4,7,1,1,31,26,"Male","Black","South (AL, AR, DE, DC, FL, GA, KY, LA, MD, MS, NC, OK, SC, TN , TX, VA, WV)","GED","In CBSA, in central city","YES","3: Mother","YES","YES","NO","NO","NO","0: 0  CONDITION DOES NOT APPLY","ALWAYS WITH RIGHT HAND","ALWAYS WITH RIGHT HAND","ALWAYS WITH RIGHT HAND","ALWAYS WITH RIGHT HAND","ALWAYS WITH LEFT HAND","1: 1  CONDITION APPLIES","1: 1  CONDITION APPLIES","NO","FEMALE","MALE"
1982,183912,3,0,3,33790,5,183,1,2,2,2,2,1,2,2,2,2,1,5,5,6,1,3,67,31,"Female","Non-Black / Non-Hispanic","North Central (IL, IN, IA, KS, MI, MN, MO, NE, OH, ND, SD, WI)","High school diploma (Regular 12 year program)","In CBSA, in central city","NO","3: Mother","YES","NO","NO","NO","YES","0: 0  CONDITION DOES NOT APPLY","ALWAYS WITH LEFT HAND","ALWAYS WITH LEFT HAND","ALWAYS WITH LEFT HAND","ALWAYS WITH RIGHT HAND","ALWAYS WITH LEFT HAND","1: 1  CONDITION APPLIES","1: 1  CONDITION APPLIES","NO","FEMALE","FEMALE"
1981,250,2,1,1,33790,5,185,2,2,3,6,2,4,2,2,2,2,2,2,6,7,1,1,23,18,"Male","Non-Black / Non-Hispanic","West (AK, AZ, CA, CO, HI, ID, MT, NV, NM, OR, UT, WA, WY)","Associate/Junior college (AA)","In CBSA, not in central city","NO","3: Mother","NO","NO","NO","NO","NO","0: 0  CONDITION DOES NOT APPLY","ALWAYS WITH RIGHT HAND","ALWAYS WITH RIGHT HAND","ALWAYS WITH RIGHT HAND","ALWAYS WITH RIGHT HAND","ALWAYS WITH LEFT HAND","1: 1  CONDITION APPLIES","1: 1  CONDITION APPLIES","NO","FEMALE","FEMALE"
1983,64735,3,1,1,33790,5,145,1,1,2,4,2,5,2,2,1,2,2,4,3,7,1,1,37,17,"Female","Non-Black / Non-Hispanic","North Central (IL, IN, IA, KS, MI, MN, MO, NE, OH, ND, SD, WI)","High school diploma (Regular 12 year program)","In CBSA, not in central city","NO","3: Mother","NO","NO","NO","NO","YES","0: 0  CONDITION DOES NOT APPLY","ALWAYS WITH RIGHT HAND","DON'T DO THIS ACTIVITY","ALWAYS WITH RIGHT HAND","ALWAYS WITH RIGHT HAND","ALWAYS WITH LEFT HAND","0: 0  CONDITION DOES NOT APPLY","1: 1  CONDITION APPLIES","YES","MALE","FEMALE"
1980,64735,3,0,2,33790,5,183,1,2,3,4,2,4,2,2,2,2,1,6,3,7,1,1,30,22,"Male","Hispanic","West (AK, AZ, CA, CO, HI, ID, MT, NV, NM, OR, UT, WA, WY)","High school diploma (Regular 12 year program)","In CBSA, not in central city","NO","3: Mother","YES","NO","NO","NO","YES","0: 0  CONDITION DOES NOT APPLY","ALWAYS WITH RIGHT HAND","ALWAYS WITH RIGHT HAND","ALWAYS WITH RIGHT HAND","ALWAYS WITH RIGHT HAND","ALWAYS WITH LEFT HAND","1: 1  CONDITION APPLIES","1: 1  CONDITION APPLIES","NO","FEMALE","MALE"
1984,64735,3,0,1,25000,5,175,1,1,2,3,3,5,2,2,1,2,1,6,1,7,1,1,27,21,"Female","Non-Black / Non-Hispanic","West (AK, AZ, CA, CO, HI, ID, MT, NV, NM, OR, UT, WA, WY)","High school diploma (Regular 12 year program)","In CBSA, in central city","NO","3: Mother","YES","NO","NO","NO","YES","0: 0  CONDITION DOES NOT APPLY","ALWAYS WITH RIGHT HAND","ALWAYS WITH RIGHT HAND","ALWAYS WITH RIGHT HAND","ALWAYS WITH RIGHT HAND","ALWAYS WITH LEFT HAND","0: 0  CONDITION DOES NOT APPLY","1: 1  CONDITION APPLIES","YES","MALE","MALE"
1982,64735,4,0,2,33790,5,181,1,1,4,2,3,4,2,2,2,1,2,6,1,9,1,1,27,25,"Male","Mixed Race (Non-Hispanic)","South (AL, AR, DE, DC, FL, GA, KY, LA, MD, MS, NC, OK, SC, TN , TX, VA, WV)","Bachelor's degree (BA, BS)","In CBSA, in central city","NO","3: Mother","NO","YES","NO","NO","YES","0: 0  CONDITION DOES NOT APPLY","ALWAYS WITH RIGHT HAND","ALWAYS WITH RIGHT HAND","ALWAYS WITH RIGHT HAND","ALWAYS WITH RIGHT HAND","USUALLY WITH RIGHT HAND","1: 1  CONDITION APPLIES","1: 1  CONDITION APPLIES","YES","FEMALE","FEMALE"
1980,81600,5,1,1,33790,5,185,1,2,1,4,2,2,2,2,2,2,1,6,2,7,1,1,49,24,"Female","Mixed Race (Non-Hispanic)","West (AK, AZ, CA, CO, HI, ID, MT, NV, NM, OR, UT, WA, WY)","Bachelor's degree (BA, BS)","In CBSA, not in central city","NO","3: Mother","NO","NO","NO","NO","NO","0: 0  CONDITION DOES NOT APPLY","ALWAYS WITH RIGHT HAND","ALWAYS WITH RIGHT HAND","ALWAYS WITH RIGHT HAND","ALWAYS WITH RIGHT HAND","ALWAYS WITH LEFT HAND","1: 1  CONDITION APPLIES","1: 1  CONDITION APPLIES","YES","FEMALE","FEMALE"
1982,51270,4,1,3,33790,5,183,2,1,3,3,5,5,1,2,2,1,1,8,2,7,1,1,30,23,"Male","Black","South (AL, AR, DE, DC, FL, GA, KY, LA, MD, MS, NC, OK, SC, TN , TX, VA, WV)","GED","In CBSA, not in central city","NO","3: Mother","NO","YES","NO","NO","YES","0: 0  CONDITION DOES NOT APPLY","ALWAYS WITH RIGHT HAND","ALWAYS WITH RIGHT HAND","ALWAYS WITH RIGHT HAND","ALWAYS WITH RIGHT HAND","ALWAYS WITH LEFT HAND","1: 1  CONDITION APPLIES","1: 1  CONDITION APPLIES","NO","MALE","MALE"
1981,34255,4,1,3,34000,4,183,1,2,2,5,2,5,2,2,2,1,1,7,3,8,1,1,29,18,"Female","Non-Black / Non-Hispanic","West (AK, AZ, CA, CO, HI, ID, MT, NV, NM, OR, UT, WA, WY)","Bachelor's degree (BA, BS)","In CBSA, not in central city","NO","3: Mother","NO","YES","NO","NO","NO","0: 0  CONDITION DOES NOT APPLY","USUALLY WITH RIGHT HAND","ALWAYS WITH RIGHT HAND","ALWAYS WITH RIGHT HAND","ALWAYS WITH RIGHT HAND","ALWAYS WITH LEFT HAND","0: 0  CONDITION DOES NOT APPLY","1: 1  CONDITION APPLIES","NO","FEMALE","FEMALE"
1983,64735,5,1,2,33790,5,183,1,1,1,4,3,6,1,2,2,2,1,5,3,6,1,1,26,15,"Male","Non-Black / Non-Hispanic","North Central (IL, IN, IA, KS, MI, MN, MO, NE, OH, ND, SD, WI)","High school diploma (Regular 12 year program)","In CBSA, not in central city","NO","3: Mother","YES","NO","NO","NO","YES","0: 0  CONDITION DOES NOT APPLY","ALWAYS WITH RIGHT HAND","ALWAYS WITH RIGHT HAND","ALWAYS WITH RIGHT HAND","ALWAYS WITH RIGHT HAND","ALWAYS WITH LEFT HAND","0: 0  CONDITION DOES NOT APPLY","1: 1  CONDITION APPLIES","NO","FEMALE","FEMALE"
1984,64735,3,0,3,5000,5,183,1,2,3,3,5,2,2,2,1,2,1,3,2,7,1,1,32,19,"Female","Hispanic","West (AK, AZ, CA, CO, HI, ID, MT, NV, NM, OR, UT, WA, WY)","High school diploma (Regular 12 year program)","In CBSA, not in central city","NO","3: Mother","NO","NO","NO","NO","YES","0: 0  CONDITION DOES NOT APPLY","ALWAYS WITH RIGHT HAND","ALWAYS WITH RIGHT HAND","ALWAYS WITH RIGHT HAND","ALWAYS WITH RIGHT HAND","ALWAYS WITH LEFT HAND","1: 1  CONDITION APPLIES","1: 1  CONDITION APPLIES","NO","MALE","FEMALE"
1983,64735,1,0,1,33790,5,186,2,1,2,4,1,1,2,2,1,2,2,4,2,6,1,1,27,18,"Male","Non-Black / Non-Hispanic","South (AL, AR, DE, DC, FL, GA, KY, LA, MD, MS, NC, OK, SC, TN , TX, VA, WV)","High school diploma (Regular 12 year program)","In CBSA, in central city","NO","3: Mother","NO","NO","NO","NO","YES","0: 0  CONDITION DOES NOT APPLY","ALWAYS WITH RIGHT HAND","ALWAYS WITH RIGHT HAND","ALWAYS WITH RIGHT HAND","ALWAYS WITH RIGHT HAND","ALWAYS WITH LEFT HAND","0: 0  CONDITION DOES NOT APPLY","1: 1  CONDITION APPLIES","NO","MALE","FEMALE"
1983,64735,2,0,1,33790,5,183,2,1,5,4,4,3,2,2,2,1,1,6,2,8,1,1,31,25,"Male","Black","West (AK, AZ, CA, CO, HI, ID, MT, NV, NM, OR, UT, WA, WY)","High school diploma (Regular 12 year program)","In CBSA, not in central city","YES","3: Mother","YES","NO","YES","NO","NO","0: 0  CONDITION DOES NOT APPLY","ALWAYS WITH RIGHT HAND","ALWAYS WITH RIGHT HAND","ALWAYS WITH RIGHT HAND","ALWAYS WITH RIGHT HAND","ALWAYS WITH LEFT HAND","1: 1  CONDITION APPLIES","1: 1  CONDITION APPLIES","NO","FEMALE","MALE"
1981,64735,4,1,1,33790,5,184,2,2,1,5,1,1,2,1,1,2,1,2,1,6,1,1,31,18,"Male","Non-Black / Non-Hispanic","West (AK, AZ, CA, CO, HI, ID, MT, NV, NM, OR, UT, WA, WY)","High school diploma (Regular 12 year program)","In CBSA, not in central city","NO","3: Mother","YES","YES","NO","NO","NO","0: 0  CONDITION DOES NOT APPLY","ALWAYS WITH RIGHT HAND","ALWAYS WITH LEFT HAND","ALWAYS WITH RIGHT HAND","ALWAYS WITH RIGHT HAND","ALWAYS WITH LEFT HAND","1: 1  CONDITION APPLIES","1: 1  CONDITION APPLIES","NO","FEMALE","MALE"
1984,64735,2,0,1,50000,5,183,1,2,3,4,8,4,2,2,1,2,1,3,6,9,1,1,30,20,"Male","Non-Black / Non-Hispanic","North Central (IL, IN, IA, KS, MI, MN, MO, NE, OH, ND, SD, WI)","High school diploma (Regular 12 year program)","In CBSA, in central city","NO","3: Mother","NO","NO","NO","NO","NO","0: 0  CONDITION DOES NOT APPLY","ALWAYS WITH RIGHT HAND","ALWAYS WITH RIGHT HAND","ALWAYS WITH RIGHT HAND","ALWAYS WITH RIGHT HAND","ALWAYS WITH LEFT HAND","1: 1  CONDITION APPLIES","1: 1  CONDITION APPLIES","NO","FEMALE","FEMALE"
1983,64735,4,0,2,74000,5,160,1,1,6,3,3,4,2,1,2,2,2,2,3,7,3,1,29,20,"Male","Non-Black / Non-Hispanic","Northeast (CT, ME, MA, NH, NJ, NY, PA, RI, VT)","Bachelor's degree (BA, BS)","In CBSA, not in central city","NO","3: Mother","YES","NO","NO","NO","NO","0: 0  CONDITION DOES NOT APPLY","ALWAYS WITH RIGHT HAND","ALWAYS WITH RIGHT HAND","ALWAYS WITH RIGHT HAND","ALWAYS WITH RIGHT HAND","ALWAYS WITH LEFT HAND","1: 1  CONDITION APPLIES","1: 1  CONDITION APPLIES","NO","FEMALE","MALE"
1980,64735,2,1,2,25000,5,184,1,1,1,4,4,5,2,2,2,1,1,6,2,7,1,1,32,23,"Male","Black","West (AK, AZ, CA, CO, HI, ID, MT, NV, NM, OR, UT, WA, WY)","High school diploma (Regular 12 year program)","In CBSA, in central city","YES","3: Mother","YES","NO","NO","NO","YES","0: 0  CONDITION DOES NOT APPLY","ALWAYS WITH RIGHT HAND","ALWAYS WITH RIGHT HAND","ALWAYS WITH RIGHT HAND","ALWAYS WITH RIGHT HAND","USUALLY WITH LEFT HAND","1: 1  CONDITION APPLIES","1: 1  CONDITION APPLIES","YES","FEMALE","FEMALE"
1982,92510,4,1,1,33790,5,179,1,2,2,3,6,6,2,2,1,2,1,5,1,6,1,1,29,4,"Female","Non-Black / Non-Hispanic","West (AK, AZ, CA, CO, HI, ID, MT, NV, NM, OR, UT, WA, WY)","Bachelor's degree (BA, BS)","Not in CBSA","NO","3: Mother","YES","NO","NO","NO","YES","0: 0  CONDITION DOES NOT APPLY","ALWAYS WITH RIGHT HAND","ALWAYS WITH RIGHT HAND","ALWAYS WITH RIGHT HAND","ALWAYS WITH RIGHT HAND","ALWAYS WITH LEFT HAND","0: 0  CONDITION DOES NOT APPLY","1: 1  CONDITION APPLIES","YES","MALE","FEMALE"
1984,64735,4,0,1,33790,6,125,1,1,3,4,1,8,2,2,1,1,1,6,3,8,1,1,43,61,"Female","Non-Black / Non-Hispanic","West (AK, AZ, CA, CO, HI, ID, MT, NV, NM, OR, UT, WA, WY)","High school diploma (Regular 12 year program)","In CBSA, in central city","YES","3: Mother","YES","YES","YES","NO","YES","0: 0  CONDITION DOES NOT APPLY","ALWAYS WITH RIGHT HAND","ALWAYS WITH LEFT HAND","ALWAYS WITH LEFT HAND","ALWAYS WITH RIGHT HAND","ALWAYS WITH RIGHT HAND","1: 1  CONDITION APPLIES","1: 1  CONDITION APPLIES","NO","MALE","MALE"
1982,64735,4,1,2,12000,5,183,1,2,3,4,7,2,2,1,2,2,2,3,1,8,1,1,28,26,"Male","Black","West (AK, AZ, CA, CO, HI, ID, MT, NV, NM, OR, UT, WA, WY)","Associate/Junior college (AA)","In CBSA, not in central city","NO","3: Mother","YES","NO","NO","YES","YES","0: 0  CONDITION DOES NOT APPLY","ALWAYS WITH RIGHT HAND","ALWAYS WITH RIGHT HAND","ALWAYS WITH RIGHT HAND","ALWAYS WITH RIGHT HAND","ALWAYS WITH LEFT HAND","1: 1  CONDITION APPLIES","1: 1  CONDITION APPLIES","NO","MALE","MALE"
1980,64735,5,1,2,33790,5,181,3,3,2,2,3,2,1,1,1,2,1,7,2,7,1,1,35,20,"Female","Non-Black / Non-Hispanic","North Central (IL, IN, IA, KS, MI, MN, MO, NE, OH, ND, SD, WI)","High school diploma (Regular 12 year program)","In CBSA, not in central city","NO","3: Mother","NO","YES","NO","YES","YES","0: 0  CONDITION DOES NOT APPLY","ALWAYS WITH RIGHT HAND","ALWAYS WITH RIGHT HAND","ALWAYS WITH RIGHT HAND","ALWAYS WITH RIGHT HAND","ALWAYS WITH LEFT HAND","1: 1  CONDITION APPLIES","1: 1  CONDITION APPLIES","NO","FEMALE","FEMALE"
1983,64735,2,1,1,33790,5,206,1,1,2,3,1,3,2,2,1,2,2,4,2,8,1,1,27,10,"Male","Non-Black / Non-Hispanic","South (AL, AR, DE, DC, FL, GA, KY, LA, MD, MS, NC, OK, SC, TN , TX, VA, WV)","High school diploma (Regular 12 year program)","In CBSA, not in central city","NO","3: Mother","YES","NO","NO","NO","YES","1: 1  CONDITION APPLIES","ALWAYS WITH RIGHT HAND","ALWAYS WITH RIGHT HAND","ALWAYS WITH RIGHT HAND","ALWAYS WITH RIGHT HAND","ALWAYS WITH LEFT HAND","1: 1  CONDITION APPLIES","1: 1  CONDITION APPLIES","NO","FEMALE","MALE"
1986,64735,5,0,3,32000,5,182,1,2,6,5,4,6,2,2,1,2,1,6,2,6,1,1,35,23,"Female","Non-Black / Non-Hispanic","South (AL, AR, DE, DC, FL, GA, KY, LA, MD, MS, NC, OK, SC, TN , TX, VA, WV)","Associate/Junior college (AA)","In CBSA, in central city","NO","3: Mother","YES","NO","NO","NO","NO","0: 0  CONDITION DOES NOT APPLY","ALWAYS WITH LEFT HAND","ALWAYS WITH LEFT HAND","ALWAYS WITH LEFT HAND","ALWAYS WITH RIGHT HAND","ALWAYS WITH RIGHT HAND","1: 1  CONDITION APPLIES","1: 1  CONDITION APPLIES","NO","FEMALE","MALE"
1981,64735,2,0,3,33790,5,184,2,1,5,2,3,5,2,2,1,1,1,7,3,8,1,1,31,22,"Male","Non-Black / Non-Hispanic","West (AK, AZ, CA, CO, HI, ID, MT, NV, NM, OR, UT, WA, WY)","High school diploma (Regular 12 year program)","In CBSA, in central city","NO","3: Mother","YES","NO","YES","NO","YES","0: 0  CONDITION DOES NOT APPLY","ALWAYS WITH RIGHT HAND","ALWAYS WITH RIGHT HAND","ALWAYS WITH RIGHT HAND","ALWAYS WITH RIGHT HAND","ALWAYS WITH LEFT HAND","1: 1  CONDITION APPLIES","1: 1  CONDITION APPLIES","NO","FEMALE","MALE"
1981,64735,3,1,3,33790,5,260,3,3,3,5,1,5,2,2,1,2,1,6,1,6,1,1,26,18,"Female","Non-Black / Non-Hispanic","West (AK, AZ, CA, CO, HI, ID, MT, NV, NM, OR, UT, WA, WY)","High school diploma (Regular 12 year program)","In CBSA, in central city","NO","3: Mother","YES","NO","NO","NO","NO","0: 0  CONDITION DOES NOT APPLY","ALWAYS WITH RIGHT HAND","ALWAYS WITH RIGHT HAND","ALWAYS WITH RIGHT HAND","ALWAYS WITH RIGHT HAND","USUALLY WITH RIGHT HAND","1: 1  CONDITION APPLIES","1: 1  CONDITION APPLIES","NO","MALE","FEMALE"
1982,64735,4,1,1,33790,5,150,1,2,2,4,7,5,2,2,1,2,1,1,2,7,1,1,29,21,"Female","Black","North Central (IL, IN, IA, KS, MI, MN, MO, NE, OH, ND, SD, WI)","High school diploma (Regular 12 year program)","In CBSA, not in central city","NO","3: Mother","YES","YES","NO","NO","NO","0: 0  CONDITION DOES NOT APPLY","ALWAYS WITH RIGHT HAND","ALWAYS WITH RIGHT HAND","ALWAYS WITH RIGHT HAND","ALWAYS WITH RIGHT HAND","ALWAYS WITH LEFT HAND","1: 1  CONDITION APPLIES","1: 1  CONDITION APPLIES","NO","FEMALE","MALE"
1980,64735,3,1,4,33790,5,183,1,2,2,1,4,4,2,2,1,2,1,6,4,5,1,1,28,1,"Male","Non-Black / Non-Hispanic","North Central (IL, IN, IA, KS, MI, MN, MO, NE, OH, ND, SD, WI)","High school diploma (Regular 12 year program)","In CBSA, not in central city","NO","3: Mother","NO","NO","NO","NO","YES","0: 0  CONDITION DOES NOT APPLY","ALWAYS WITH RIGHT HAND","ALWAYS WITH RIGHT HAND","ALWAYS WITH RIGHT HAND","ALWAYS WITH RIGHT HAND","ALWAYS WITH LEFT HAND","0: 0  CONDITION DOES NOT APPLY","1: 1  CONDITION APPLIES","NO","MALE","FEMALE"
1982,64735,3,0,3,28000,6,292,2,3,3,5,7,2,2,2,2,2,2,2,3,6,2,1,32,19,"Male","Non-Black / Non-Hispanic","West (AK, AZ, CA, CO, HI, ID, MT, NV, NM, OR, UT, WA, WY)","Associate/Junior college (AA)","In CBSA, in central city","NO","3: Mother","NO","NO","NO","NO","YES","0: 0  CONDITION DOES NOT APPLY","ALWAYS WITH RIGHT HAND","ALWAYS WITH RIGHT HAND","USUALLY WITH RIGHT HAND","ALWAYS WITH RIGHT HAND","ALWAYS WITH LEFT HAND","1: 1  CONDITION APPLIES","1: 1  CONDITION APPLIES","NO","FEMALE","FEMALE"
1981,64735,3,0,2,33790,5,182,1,1,2,4,6,4,2,2,2,2,2,3,1,7,1,1,29,24,"Male","Non-Black / Non-Hispanic","West (AK, AZ, CA, CO, HI, ID, MT, NV, NM, OR, UT, WA, WY)","High school diploma (Regular 12 year program)","In CBSA, not in central city","NO","3: Mother","YES","NO","YES","NO","YES","0: 0  CONDITION DOES NOT APPLY","ALWAYS WITH RIGHT HAND","ALWAYS WITH RIGHT HAND","ALWAYS WITH RIGHT HAND","ALWAYS WITH RIGHT HAND","ALWAYS WITH LEFT HAND","1: 1  CONDITION APPLIES","1: 1  CONDITION APPLIES","NO","MALE","FEMALE"
1984,69000,2,0,3,42000,5,183,1,1,2,3,2,4,2,1,1,1,1,5,2,7,1,1,34,24,"Male","Hispanic","South (AL, AR, DE, DC, FL, GA, KY, LA, MD, MS, NC, OK, SC, TN , TX, VA, WV)","Bachelor's degree (BA, BS)","In CBSA, not in central city","NO","3: Mother","YES","NO","NO","NO","NO","0: 0  CONDITION DOES NOT APPLY","ALWAYS WITH RIGHT HAND","ALWAYS WITH RIGHT HAND","ALWAYS WITH RIGHT HAND","ALWAYS WITH RIGHT HAND","ALWAYS WITH LEFT HAND","1: 1  CONDITION APPLIES","1: 1  CONDITION APPLIES","NO","MALE","MALE"
1980,64735,3,0,1,33790,5,181,1,1,5,4,3,4,2,2,1,2,1,2,4,7,1,1,29,20,"Female","Hispanic","North Central (IL, IN, IA, KS, MI, MN, MO, NE, OH, ND, SD, WI)","High school diploma (Regular 12 year program)","In CBSA, not in central city","NO","3: Mother","YES","NO","NO","NO","YES","0: 0  CONDITION DOES NOT APPLY","ALWAYS WITH RIGHT HAND","ALWAYS WITH RIGHT HAND","USUALLY WITH BOTH HANDS EQUALLY","ALWAYS WITH RIGHT HAND","ALWAYS WITH LEFT HAND","0: 0  CONDITION DOES NOT APPLY","1: 1  CONDITION APPLIES","NO","MALE","FEMALE"
1983,64735,4,0,3,33790,5,145,1,1,3,4,4,5,2,1,1,2,1,2,1,8,1,1,27,20,"Female","Non-Black / Non-Hispanic","West (AK, AZ, CA, CO, HI, ID, MT, NV, NM, OR, UT, WA, WY)","High school diploma (Regular 12 year program)","In CBSA, not in central city","NO","3: Mother","YES","NO","NO","NO","YES","0: 0  CONDITION DOES NOT APPLY","ALWAYS WITH RIGHT HAND","ALWAYS WITH RIGHT HAND","ALWAYS WITH RIGHT HAND","ALWAYS WITH RIGHT HAND","ALWAYS WITH LEFT HAND","1: 1  CONDITION APPLIES","1: 1  CONDITION APPLIES","NO","FEMALE","MALE"
1983,75250,1,0,1,33790,5,160,1,2,2,3,7,7,2,2,1,2,1,5,2,6,1,1,40,29,"Male","Non-Black / Non-Hispanic","South (AL, AR, DE, DC, FL, GA, KY, LA, MD, MS, NC, OK, SC, TN , TX, VA, WV)","High school diploma (Regular 12 year program)","In CBSA, not in central city","NO","3: Mother","YES","NO","NO","NO","YES","0: 0  CONDITION DOES NOT APPLY","ALWAYS WITH RIGHT HAND","ALWAYS WITH RIGHT HAND","ALWAYS WITH RIGHT HAND","ALWAYS WITH RIGHT HAND","ALWAYS WITH LEFT HAND","1: 1  CONDITION APPLIES","1: 1  CONDITION APPLIES","NO","FEMALE","MALE"
1984,64735,3,1,2,33790,6,140,2,1,2,1,6,4,2,2,1,2,1,3,2,6,1,1,29,21,"Male","Non-Black / Non-Hispanic","South (AL, AR, DE, DC, FL, GA, KY, LA, MD, MS, NC, OK, SC, TN , TX, VA, WV)","GED","In CBSA, not in central city","NO","3: Mother","NO","NO","NO","NO","YES","0: 0  CONDITION DOES NOT APPLY","ALWAYS WITH RIGHT HAND","ALWAYS WITH RIGHT HAND","ALWAYS WITH RIGHT HAND","ALWAYS WITH RIGHT HAND","ALWAYS WITH LEFT HAND","1: 1  CONDITION APPLIES","1: 1  CONDITION APPLIES","NO","MALE","FEMALE"
1983,64735,2,0,2,33790,5,183,1,2,1,4,2,2,2,2,1,2,1,4,3,8,1,1,32,18,"Female","Hispanic","West (AK, AZ, CA, CO, HI, ID, MT, NV, NM, OR, UT, WA, WY)","High school diploma (Regular 12 year program)","In CBSA, in central city","NO","3: Mother","NO","NO","NO","NO","YES","0: 0  CONDITION DOES NOT APPLY","ALWAYS WITH RIGHT HAND","ALWAYS WITH RIGHT HAND","ALWAYS WITH RIGHT HAND","ALWAYS WITH RIGHT HAND","ALWAYS WITH LEFT HAND","1: 1  CONDITION APPLIES","1: 1  CONDITION APPLIES","NO","FEMALE","MALE"
1983,64735,5,2,1,33790,6,183,1,1,3,3,3,5,2,2,1,2,1,3,3,5,1,1,26,2,"Male","Non-Black / Non-Hispanic","South (AL, AR, DE, DC, FL, GA, KY, LA, MD, MS, NC, OK, SC, TN , TX, VA, WV)","High school diploma (Regular 12 year program)","In CBSA, not in central city","NO","3: Mother","YES","NO","NO","NO","YES","0: 0  CONDITION DOES NOT APPLY","ALWAYS WITH RIGHT HAND","ALWAYS WITH RIGHT HAND","USUALLY WITH RIGHT HAND","ALWAYS WITH RIGHT HAND","ALWAYS WITH LEFT HAND","1: 1  CONDITION APPLIES","1: 1  CONDITION APPLIES","NO","MALE","FEMALE"
1982,64735,5,1,2,33790,5,184,1,2,1,4,3,3,2,2,1,2,1,6,3,7,1,1,33,25,"Female","Hispanic","West (AK, AZ, CA, CO, HI, ID, MT, NV, NM, OR, UT, WA, WY)","High school diploma (Regular 12 year program)","In CBSA, in central city","YES","3: Mother","YES","YES","NO","NO","NO","0: 0  CONDITION DOES NOT APPLY","ALWAYS WITH RIGHT HAND","ALWAYS WITH RIGHT HAND","ALWAYS WITH RIGHT HAND","ALWAYS WITH RIGHT HAND","ALWAYS WITH LEFT HAND","0: 0  CONDITION DOES NOT APPLY","1: 1  CONDITION APPLIES","YES","FEMALE","FEMALE"
1981,64735,2,1,2,10000,5,190,2,1,4,3,6,6,2,2,1,2,1,6,2,7,1,1,28,22,"Female","Non-Black / Non-Hispanic","Northeast (CT, ME, MA, NH, NJ, NY, PA, RI, VT)","Bachelor's degree (BA, BS)","In CBSA, in central city","NO","3: Mother","YES","NO","YES","NO","YES","0: 0  CONDITION DOES NOT APPLY","DON'T DO THIS ACTIVITY","ALWAYS WITH RIGHT HAND","ALWAYS WITH RIGHT HAND","ALWAYS WITH RIGHT HAND","ALWAYS WITH LEFT HAND","1: 1  CONDITION APPLIES","1: 1  CONDITION APPLIES","NO","MALE","MALE"
1983,64735,4,0,1,33790,5,183,1,1,6,3,4,3,2,2,1,2,1,6,3,3,1,1,33,21,"Female","Black","West (AK, AZ, CA, CO, HI, ID, MT, NV, NM, OR, UT, WA, WY)","Bachelor's degree (BA, BS)","In CBSA, not in central city","NO","3: Mother","YES","NO","YES","NO","YES","0: 0  CONDITION DOES NOT APPLY","ALWAYS WITH RIGHT HAND","ALWAYS WITH RIGHT HAND","ALWAYS WITH RIGHT HAND","ALWAYS WITH RIGHT HAND","USUALLY WITH RIGHT HAND","1: 1  CONDITION APPLIES","1: 1  CONDITION APPLIES","NO","FEMALE","MALE"
1981,64735,2,1,1,33790,5,135,1,1,6,4,4,2,2,2,2,1,1,6,1,6,1,1,33,23,"Female","Non-Black / Non-Hispanic","South (AL, AR, DE, DC, FL, GA, KY, LA, MD, MS, NC, OK, SC, TN , TX, VA, WV)","Bachelor's degree (BA, BS)","In CBSA, not in central city","NO","3: Mother","YES","NO","NO","NO","YES","0: 0  CONDITION DOES NOT APPLY","ALWAYS WITH RIGHT HAND","ALWAYS WITH RIGHT HAND","ALWAYS WITH RIGHT HAND","ALWAYS WITH RIGHT HAND","ALWAYS WITH LEFT HAND","1: 1  CONDITION APPLIES","1: 1  CONDITION APPLIES","NO","FEMALE","MALE"
1982,64735,3,0,3,33790,5,185,2,2,3,5,2,4,2,2,2,2,2,4,3,8,1,1,31,20,"Female","Non-Black / Non-Hispanic","West (AK, AZ, CA, CO, HI, ID, MT, NV, NM, OR, UT, WA, WY)","High school diploma (Regular 12 year program)","In CBSA, not in central city","YES","3: Mother","YES","NO","NO","NO","YES","0: 0  CONDITION DOES NOT APPLY","ALWAYS WITH RIGHT HAND","ALWAYS WITH RIGHT HAND","ALWAYS WITH RIGHT HAND","ALWAYS WITH RIGHT HAND","ALWAYS WITH LEFT HAND","0: 0  CONDITION DOES NOT APPLY","1: 1  CONDITION APPLIES","NO","FEMALE","MALE"
1981,64735,4,1,1,33790,5,185,1,2,3,4,5,2,2,2,1,2,1,7,2,4,1,1,30,8,"Male","Non-Black / Non-Hispanic","West (AK, AZ, CA, CO, HI, ID, MT, NV, NM, OR, UT, WA, WY)","High school diploma (Regular 12 year program)","In CBSA, not in central city","NO","3: Mother","NO","YES","NO","NO","YES","0: 0  CONDITION DOES NOT APPLY","ALWAYS WITH RIGHT HAND","ALWAYS WITH RIGHT HAND","ALWAYS WITH RIGHT HAND","ALWAYS WITH RIGHT HAND","ALWAYS WITH LEFT HAND","1: 1  CONDITION APPLIES","1: 1  CONDITION APPLIES","YES","FEMALE","FEMALE"
1981,64735,4,1,1,33790,5,183,2,2,3,4,4,4,1,1,1,2,1,5,4,7,1,1,25,16,"Female","Non-Black / Non-Hispanic","West (AK, AZ, CA, CO, HI, ID, MT, NV, NM, OR, UT, WA, WY)","GED","In CBSA, not in central city","YES","3: Mother","NO","NO","NO","NO","YES","0: 0  CONDITION DOES NOT APPLY","ALWAYS WITH RIGHT HAND","ALWAYS WITH RIGHT HAND","ALWAYS WITH RIGHT HAND","ALWAYS WITH RIGHT HAND","ALWAYS WITH LEFT HAND","1: 1  CONDITION APPLIES","1: 1  CONDITION APPLIES","NO","MALE","FEMALE"
1982,64735,3,0,2,33790,5,183,1,2,2,4,1,3,2,2,1,2,1,2,3,8,1,1,43,74,"Male","Black","Northeast (CT, ME, MA, NH, NJ, NY, PA, RI, VT)","Bachelor's degree (BA, BS)","In CBSA, not in central city","YES","3: Mother","YES","NO","YES","NO","YES","0: 0  CONDITION DOES NOT APPLY","ALWAYS WITH RIGHT HAND","ALWAYS WITH RIGHT HAND","ALWAYS WITH RIGHT HAND","ALWAYS WITH RIGHT HAND","ALWAYS WITH LEFT HAND","1: 1  CONDITION APPLIES","1: 1  CONDITION APPLIES","NO","FEMALE","MALE"
1983,64735,3,0,3,33790,5,184,1,1,3,7,1,4,2,2,1,2,1,5,1,7,2,1,30,19,"Male","Hispanic","West (AK, AZ, CA, CO, HI, ID, MT, NV, NM, OR, UT, WA, WY)","High school diploma (Regular 12 year program)","In CBSA, not in central city","NO","3: Mother","NO","YES","NO","NO","NO","0: 0  CONDITION DOES NOT APPLY","ALWAYS WITH RIGHT HAND","ALWAYS WITH RIGHT HAND","ALWAYS WITH RIGHT HAND","ALWAYS WITH RIGHT HAND","ALWAYS WITH LEFT HAND","1: 1  CONDITION APPLIES","1: 1  CONDITION APPLIES","NO","FEMALE","FEMALE"
1983,64735,3,0,3,33790,5,183,2,1,1,3,4,5,2,2,2,2,2,1,2,8,1,1,37,47,"Male","Hispanic","West (AK, AZ, CA, CO, HI, ID, MT, NV, NM, OR, UT, WA, WY)","High school diploma (Regular 12 year program)","In CBSA, not in central city","YES","3: Mother","YES","NO","YES","NO","YES","0: 0  CONDITION DOES NOT APPLY","ALWAYS WITH RIGHT HAND","ALWAYS WITH RIGHT HAND","ALWAYS WITH RIGHT HAND","ALWAYS WITH RIGHT HAND","ALWAYS WITH LEFT HAND","0: 0  CONDITION DOES NOT APPLY","1: 1  CONDITION APPLIES","YES","FEMALE","MALE"
1983,20018,3,0,3,33790,6,189,1,2,1,8,5,3,2,2,1,1,1,1,5,5,1,1,30,23,"Male","Non-Black / Non-Hispanic","South (AL, AR, DE, DC, FL, GA, KY, LA, MD, MS, NC, OK, SC, TN , TX, VA, WV)","High school diploma (Regular 12 year program)","In CBSA, in central city","YES","3: Mother","YES","YES","NO","NO","NO","0: 0  CONDITION DOES NOT APPLY","ALWAYS WITH RIGHT HAND","ALWAYS WITH RIGHT HAND","ALWAYS WITH RIGHT HAND","ALWAYS WITH RIGHT HAND","ALWAYS WITH LEFT HAND","1: 1  CONDITION APPLIES","1: 1  CONDITION APPLIES","NO","FEMALE","FEMALE"
1983,64735,5,0,2,33790,5,184,1,2,1,4,2,2,2,2,1,2,1,4,1,8,1,1,31,22,"Male","Black","West (AK, AZ, CA, CO, HI, ID, MT, NV, NM, OR, UT, WA, WY)","Associate/Junior college (AA)","In CBSA, in central city","NO","3: Mother","NO","YES","NO","NO","YES","0: 0  CONDITION DOES NOT APPLY","ALWAYS WITH RIGHT HAND","ALWAYS WITH RIGHT HAND","ALWAYS WITH RIGHT HAND","ALWAYS WITH RIGHT HAND","ALWAYS WITH LEFT HAND","1: 1  CONDITION APPLIES","1: 1  CONDITION APPLIES","NO","MALE","MALE"
1981,64735,4,1,2,33790,5,182,1,1,3,5,3,3,2,2,1,2,2,3,1,7,1,1,24,10,"Female","Black","West (AK, AZ, CA, CO, HI, ID, MT, NV, NM, OR, UT, WA, WY)","High school diploma (Regular 12 year program)","In CBSA, in central city","NO","3: Mother","YES","NO","YES","NO","YES","0: 0  CONDITION DOES NOT APPLY","ALWAYS WITH RIGHT HAND","ALWAYS WITH RIGHT HAND","ALWAYS WITH RIGHT HAND","ALWAYS WITH RIGHT HAND","ALWAYS WITH LEFT HAND","0: 0  CONDITION DOES NOT APPLY","1: 1  CONDITION APPLIES","NO","FEMALE","MALE"
1981,64735,4,1,2,42000,5,175,2,2,3,4,5,4,2,2,2,2,1,6,3,7,1,1,14,17,"Female","Non-Black / Non-Hispanic","South (AL, AR, DE, DC, FL, GA, KY, LA, MD, MS, NC, OK, SC, TN , TX, VA, WV)","Bachelor's degree (BA, BS)","In CBSA, not in central city","NO","3: Mother","YES","NO","NO","NO","YES","0: 0  CONDITION DOES NOT APPLY","ALWAYS WITH RIGHT HAND","ALWAYS WITH RIGHT HAND","ALWAYS WITH RIGHT HAND","ALWAYS WITH RIGHT HAND","ALWAYS WITH LEFT HAND","1: 1  CONDITION APPLIES","1: 1  CONDITION APPLIES","NO","MALE","FEMALE"
1984,64735,4,3,2,27000,5,185,1,2,3,6,2,3,2,2,1,2,1,6,5,6,1,1,29,19,"Male","Non-Black / Non-Hispanic","North Central (IL, IN, IA, KS, MI, MN, MO, NE, OH, ND, SD, WI)","High school diploma (Regular 12 year program)","In CBSA, in central city","NO","3: Mother","YES","NO","NO","NO","YES","0: 0  CONDITION DOES NOT APPLY","ALWAYS WITH RIGHT HAND","ALWAYS WITH RIGHT HAND","ALWAYS WITH RIGHT HAND","ALWAYS WITH RIGHT HAND","ALWAYS WITH LEFT HAND","1: 1  CONDITION APPLIES","1: 1  CONDITION APPLIES","NO","FEMALE","FEMALE"
1980,64735,3,0,2,33790,5,167,1,1,3,4,5,4,2,2,1,2,1,10,1,9,1,1,29,22,"Female","Non-Black / Non-Hispanic","North Central (IL, IN, IA, KS, MI, MN, MO, NE, OH, ND, SD, WI)","Bachelor's degree (BA, BS)","In CBSA, in central city","NO","3: Mother","YES","NO","NO","NO","YES","0: 0  CONDITION DOES NOT APPLY","ALWAYS WITH RIGHT HAND","ALWAYS WITH RIGHT HAND","ALWAYS WITH RIGHT HAND","ALWAYS WITH RIGHT HAND","ALWAYS WITH LEFT HAND","0: 0  CONDITION DOES NOT APPLY","1: 1  CONDITION APPLIES","NO","FEMALE","MALE"
1985,64735,5,1,2,33790,5,182,1,1,2,4,3,4,2,2,1,2,1,1,2,8,1,1,33,20,"Male","Non-Black / Non-Hispanic","West (AK, AZ, CA, CO, HI, ID, MT, NV, NM, OR, UT, WA, WY)","GED","In CBSA, not in central city","NO","3: Mother","YES","YES","NO","YES","YES","0: 0  CONDITION DOES NOT APPLY","ALWAYS WITH RIGHT HAND","ALWAYS WITH RIGHT HAND","ALWAYS WITH RIGHT HAND","ALWAYS WITH RIGHT HAND","ALWAYS WITH LEFT HAND","0: 0  CONDITION DOES NOT APPLY","1: 1  CONDITION APPLIES","YES","FEMALE","FEMALE"
1983,56460,2,0,3,33790,5,182,2,2,2,3,2,3,2,2,2,1,1,5,2,7,1,1,31,23,"Female","Non-Black / Non-Hispanic","West (AK, AZ, CA, CO, HI, ID, MT, NV, NM, OR, UT, WA, WY)","High school diploma (Regular 12 year program)","In CBSA, in central city","NO","3: Mother","NO","YES","NO","NO","NO","0: 0  CONDITION DOES NOT APPLY","ALWAYS WITH RIGHT HAND","ALWAYS WITH RIGHT HAND","ALWAYS WITH RIGHT HAND","ALWAYS WITH RIGHT HAND","ALWAYS WITH RIGHT HAND","1: 1  CONDITION APPLIES","1: 1  CONDITION APPLIES","NO","FEMALE","MALE"
1982,64735,4,1,1,33790,6,360,1,1,4,6,3,3,2,2,1,2,2,6,1,5,1,4,33,25,"Male","Non-Black / Non-Hispanic","Northeast (CT, ME, MA, NH, NJ, NY, PA, RI, VT)","High school diploma (Regular 12 year program)","In CBSA, not in central city","NO","3: Mother","YES","NO","NO","NO","YES","0: 0  CONDITION DOES NOT APPLY","ALWAYS WITH RIGHT HAND","ALWAYS WITH RIGHT HAND","ALWAYS WITH RIGHT HAND","ALWAYS WITH RIGHT HAND","ALWAYS WITH RIGHT HAND","1: 1  CONDITION APPLIES","1: 1  CONDITION APPLIES","NO","FEMALE","FEMALE"
1983,64735,3,0,1,33790,5,182,1,1,3,3,3,2,2,1,2,1,1,6,2,7,1,1,32,22,"Male","Non-Black / Non-Hispanic","South (AL, AR, DE, DC, FL, GA, KY, LA, MD, MS, NC, OK, SC, TN , TX, VA, WV)","Bachelor's degree (BA, BS)","In CBSA, not in central city","NO","3: Mother","NO","NO","NO","NO","YES","0: 0  CONDITION DOES NOT APPLY","ALWAYS WITH RIGHT HAND","ALWAYS WITH RIGHT HAND","ALWAYS WITH RIGHT HAND","ALWAYS WITH RIGHT HAND","ALWAYS WITH LEFT HAND","1: 1  CONDITION APPLIES","1: 1  CONDITION APPLIES","NO","MALE","FEMALE"
1985,64735,3,1,1,33790,5,183,1,1,1,4,3,6,2,2,1,2,1,1,3,7,1,1,29,20,"Male","Non-Black / Non-Hispanic","North Central (IL, IN, IA, KS, MI, MN, MO, NE, OH, ND, SD, WI)","High school diploma (Regular 12 year program)","In CBSA, in central city","NO","3: Mother","YES","NO","NO","NO","NO","0: 0  CONDITION DOES NOT APPLY","ALWAYS WITH RIGHT HAND","ALWAYS WITH RIGHT HAND","ALWAYS WITH RIGHT HAND","ALWAYS WITH RIGHT HAND","ALWAYS WITH LEFT HAND","0: 0  CONDITION DOES NOT APPLY","1: 1  CONDITION APPLIES","NO","FEMALE","MALE"
1986,64735,3,1,2,33790,5,250,2,1,3,4,4,5,2,1,1,1,1,3,1,5,1,1,31,20,"Female","Non-Black / Non-Hispanic","South (AL, AR, DE, DC, FL, GA, KY, LA, MD, MS, NC, OK, SC, TN , TX, VA, WV)","High school diploma (Regular 12 year program)","In CBSA, not in central city","YES","3: Mother","NO","NO","YES","NO","NO","0: 0  CONDITION DOES NOT APPLY","ALWAYS WITH RIGHT HAND","ALWAYS WITH RIGHT HAND","ALWAYS WITH RIGHT HAND","ALWAYS WITH RIGHT HAND","ALWAYS WITH LEFT HAND","0: 0  CONDITION DOES NOT APPLY","1: 1  CONDITION APPLIES","NO","FEMALE","FEMALE"
1980,68389,4,1,2,33790,5,184,1,1,3,4,2,3,2,2,1,2,1,6,2,7,1,1,24,5,"Female","Hispanic","Northeast (CT, ME, MA, NH, NJ, NY, PA, RI, VT)","Bachelor's degree (BA, BS)","In CBSA, not in central city","NO","3: Mother","NO","YES","NO","NO","YES","0: 0  CONDITION DOES NOT APPLY","ALWAYS WITH LEFT HAND","ALWAYS WITH LEFT HAND","ALWAYS WITH LEFT HAND","ALWAYS WITH LEFT HAND","ALWAYS WITH LEFT HAND","1: 1  CONDITION APPLIES","1: 1  CONDITION APPLIES","NO","MALE","FEMALE"
1982,64735,3,0,2,33790,5,179,1,1,3,4,6,4,1,2,1,2,1,6,2,8,1,1,30,22,"Female","Non-Black / Non-Hispanic","South (AL, AR, DE, DC, FL, GA, KY, LA, MD, MS, NC, OK, SC, TN , TX, VA, WV)","Bachelor's degree (BA, BS)","In CBSA, not in central city","NO","3: Mother","NO","NO","NO","NO","YES","0: 0  CONDITION DOES NOT APPLY","ALWAYS WITH RIGHT HAND","ALWAYS WITH RIGHT HAND","ALWAYS WITH RIGHT HAND","ALWAYS WITH RIGHT HAND","ALWAYS WITH LEFT HAND","1: 1  CONDITION APPLIES","1: 1  CONDITION APPLIES","NO","FEMALE","MALE"
1982,50000,5,2,1,33790,5,182,1,1,1,4,6,4,2,2,1,2,1,4,3,7,1,1,30,18,"Female","Hispanic","South (AL, AR, DE, DC, FL, GA, KY, LA, MD, MS, NC, OK, SC, TN , TX, VA, WV)","High school diploma (Regular 12 year program)","In CBSA, not in central city","NO","3: Mother","YES","NO","NO","NO","YES","0: 0  CONDITION DOES NOT APPLY","ALWAYS WITH RIGHT HAND","ALWAYS WITH RIGHT HAND","ALWAYS WITH RIGHT HAND","ALWAYS WITH RIGHT HAND","ALWAYS WITH LEFT HAND","0: 0  CONDITION DOES NOT APPLY","1: 1  CONDITION APPLIES","YES","MALE","FEMALE"
1983,64735,3,0,4,33790,5,181,1,1,3,4,4,4,1,1,2,2,2,1,2,6,1,2,32,20,"Male","Non-Black / Non-Hispanic","West (AK, AZ, CA, CO, HI, ID, MT, NV, NM, OR, UT, WA, WY)","Master's degree (MA, MS)","In CBSA, in central city","NO","3: Mother","YES","NO","NO","NO","YES","0: 0  CONDITION DOES NOT APPLY","ALWAYS WITH RIGHT HAND","USUALLY WITH RIGHT HAND","ALWAYS WITH RIGHT HAND","ALWAYS WITH RIGHT HAND","ALWAYS WITH LEFT HAND","0: 0  CONDITION DOES NOT APPLY","1: 1  CONDITION APPLIES","NO","FEMALE","MALE"
1988,64735,2,0,1,33790,5,182,1,2,3,4,4,4,2,2,2,2,1,7,2,6,1,1,33,22,"Male","Hispanic","Northeast (CT, ME, MA, NH, NJ, NY, PA, RI, VT)","GED","In CBSA, not in central city","NO","3: Mother","YES","NO","NO","NO","YES","0: 0  CONDITION DOES NOT APPLY","ALWAYS WITH RIGHT HAND","ALWAYS WITH RIGHT HAND","ALWAYS WITH RIGHT HAND","ALWAYS WITH RIGHT HAND","ALWAYS WITH LEFT HAND","1: 1  CONDITION APPLIES","1: 1  CONDITION APPLIES","NO","FEMALE","FEMALE"
1984,64735,3,0,2,33790,5,182,1,1,3,3,2,4,2,2,1,2,1,6,4,7,1,2,32,24,"Male","Hispanic","South (AL, AR, DE, DC, FL, GA, KY, LA, MD, MS, NC, OK, SC, TN , TX, VA, WV)","High school diploma (Regular 12 year program)","In CBSA, in central city","NO","3: Mother","YES","NO","NO","NO","YES","0: 0  CONDITION DOES NOT APPLY","ALWAYS WITH RIGHT HAND","ALWAYS WITH RIGHT HAND","ALWAYS WITH RIGHT HAND","ALWAYS WITH RIGHT HAND","ALWAYS WITH LEFT HAND","1: 1  CONDITION APPLIES","1: 1  CONDITION APPLIES","NO","FEMALE","FEMALE"
1981,64735,1,1,2,33790,5,183,2,3,3,5,6,4,2,2,2,2,1,7,1,8,1,1,31,22,"Male","Non-Black / Non-Hispanic","North Central (IL, IN, IA, KS, MI, MN, MO, NE, OH, ND, SD, WI)","Professional degree (DDS, JD, MD)","In CBSA, in central city","NO","3: Mother","NO","NO","NO","NO","NO","0: 0  CONDITION DOES NOT APPLY","ALWAYS WITH RIGHT HAND","ALWAYS WITH RIGHT HAND","ALWAYS WITH RIGHT HAND","ALWAYS WITH RIGHT HAND","ALWAYS WITH LEFT HAND","1: 1  CONDITION APPLIES","0: 0  CONDITION DOES NOT APPLY","NO","MALE","MALE"
1983,64735,2,1,3,33790,5,185,1,2,2,4,2,4,2,2,1,1,1,4,3,7,1,1,28,21,"Female","Hispanic","West (AK, AZ, CA, CO, HI, ID, MT, NV, NM, OR, UT, WA, WY)","Associate/Junior college (AA)","In CBSA, not in central city","NO","3: Mother","YES","NO","YES","NO","YES","0: 0  CONDITION DOES NOT APPLY","ALWAYS WITH RIGHT HAND","ALWAYS WITH RIGHT HAND","ALWAYS WITH RIGHT HAND","ALWAYS WITH RIGHT HAND","ALWAYS WITH LEFT HAND","0: 0  CONDITION DOES NOT APPLY","1: 1  CONDITION APPLIES","YES","FEMALE","MALE"
1983,64735,4,1,3,33790,5,184,2,2,2,5,1,6,2,2,2,2,1,3,2,7,1,1,38,43,"Female","Non-Black / Non-Hispanic","West (AK, AZ, CA, CO, HI, ID, MT, NV, NM, OR, UT, WA, WY)","GED","In CBSA, in central city","YES","3: Mother","YES","YES","NO","NO","YES","0: 0  CONDITION DOES NOT APPLY","ALWAYS WITH RIGHT HAND","ALWAYS WITH RIGHT HAND","ALWAYS WITH RIGHT HAND","ALWAYS WITH RIGHT HAND","ALWAYS WITH LEFT HAND","1: 1  CONDITION APPLIES","1: 1  CONDITION APPLIES","NO","MALE","MALE"
1983,64735,4,0,1,33790,6,190,1,1,2,3,2,2,1,1,1,1,1,2,3,6,1,1,48,29,"Male","Black","North Central (IL, IN, IA, KS, MI, MN, MO, NE, OH, ND, SD, WI)","High school diploma (Regular 12 year program)","In CBSA, not in central city","YES","3: Mother","YES","NO","NO","NO","YES","0: 0  CONDITION DOES NOT APPLY","ALWAYS WITH LEFT HAND","ALWAYS WITH RIGHT HAND","ALWAYS WITH RIGHT HAND","ALWAYS WITH RIGHT HAND","ALWAYS WITH LEFT HAND","1: 1  CONDITION APPLIES","1: 1  CONDITION APPLIES","NO","FEMALE","MALE"
1982,64735,4,1,3,33790,5,184,1,1,2,4,2,5,2,2,1,2,1,7,3,8,1,2,28,21,"Male","Black","South (AL, AR, DE, DC, FL, GA, KY, LA, MD, MS, NC, OK, SC, TN , TX, VA, WV)","Bachelor's degree (BA, BS)","In CBSA, not in central city","NO","3: Mother","NO","NO","NO","NO","YES","0: 0  CONDITION DOES NOT APPLY","ALWAYS WITH RIGHT HAND","ALWAYS WITH RIGHT HAND","ALWAYS WITH RIGHT HAND","ALWAYS WITH LEFT HAND","ALWAYS WITH LEFT HAND","1: 1  CONDITION APPLIES","1: 1  CONDITION APPLIES","NO","FEMALE","MALE"
1982,64735,3,2,7,33790,5,160,1,1,3,4,1,5,1,2,1,1,1,3,3,9,1,1,27,15,"Female","Non-Black / Non-Hispanic","West (AK, AZ, CA, CO, HI, ID, MT, NV, NM, OR, UT, WA, WY)","Bachelor's degree (BA, BS)","In CBSA, not in central city","NO","3: Mother","NO","NO","NO","YES","NO","0: 0  CONDITION DOES NOT APPLY","ALWAYS WITH RIGHT HAND","ALWAYS WITH RIGHT HAND","ALWAYS WITH RIGHT HAND","ALWAYS WITH RIGHT HAND","ALWAYS WITH LEFT HAND","1: 1  CONDITION APPLIES","1: 1  CONDITION APPLIES","NO","FEMALE","FEMALE"
1985,64735,3,0,4,30000,5,181,1,1,4,3,4,5,1,2,1,2,2,2,3,6,1,1,35,20,"Male","Non-Black / Non-Hispanic","North Central (IL, IN, IA, KS, MI, MN, MO, NE, OH, ND, SD, WI)","GED","In CBSA, not in central city","NO","3: Mother","NO","YES","YES","NO","NO","0: 0  CONDITION DOES NOT APPLY","ALWAYS WITH RIGHT HAND","ALWAYS WITH RIGHT HAND","ALWAYS WITH RIGHT HAND","ALWAYS WITH LEFT HAND","ALWAYS WITH LEFT HAND","1: 1  CONDITION APPLIES","1: 1  CONDITION APPLIES","NO","FEMALE","FEMALE"
1986,64735,4,0,2,33790,5,180,1,1,1,3,4,5,2,1,1,2,1,2,2,6,1,1,29,19,"Male","Non-Black / Non-Hispanic","South (AL, AR, DE, DC, FL, GA, KY, LA, MD, MS, NC, OK, SC, TN , TX, VA, WV)","High school diploma (Regular 12 year program)","In CBSA, not in central city","NO","3: Mother","YES","NO","NO","NO","YES","0: 0  CONDITION DOES NOT APPLY","ALWAYS WITH RIGHT HAND","ALWAYS WITH RIGHT HAND","ALWAYS WITH RIGHT HAND","ALWAYS WITH RIGHT HAND","ALWAYS WITH LEFT HAND","1: 1  CONDITION APPLIES","1: 1  CONDITION APPLIES","YES","MALE","MALE"
1981,64735,2,1,1,33790,4,185,1,1,3,5,3,4,2,2,1,2,2,5,2,6,1,1,51,24,"Female","Hispanic","West (AK, AZ, CA, CO, HI, ID, MT, NV, NM, OR, UT, WA, WY)","High school diploma (Regular 12 year program)","In CBSA, not in central city","YES","3: Mother","YES","NO","NO","NO","YES","0: 0  CONDITION DOES NOT APPLY","ALWAYS WITH RIGHT HAND","ALWAYS WITH RIGHT HAND","ALWAYS WITH RIGHT HAND","ALWAYS WITH RIGHT HAND","ALWAYS WITH LEFT HAND","0: 0  CONDITION DOES NOT APPLY","0: 0  CONDITION DOES NOT APPLY","NO","MALE","MALE"
1984,64735,3,1,6,33790,5,182,1,1,4,4,2,6,2,2,2,2,2,4,1,7,1,1,29,22,"Male","Hispanic","South (AL, AR, DE, DC, FL, GA, KY, LA, MD, MS, NC, OK, SC, TN , TX, VA, WV)","Bachelor's degree (BA, BS)","In CBSA, not in central city","YES","3: Mother","NO","NO","NO","NO","NO","0: 0  CONDITION DOES NOT APPLY","ALWAYS WITH RIGHT HAND","ALWAYS WITH RIGHT HAND","ALWAYS WITH RIGHT HAND","ALWAYS WITH RIGHT HAND","ALWAYS WITH LEFT HAND","1: 1  CONDITION APPLIES","1: 1  CONDITION APPLIES","NO","MALE","MALE"
1982,64735,3,0,2,33790,5,183,1,1,5,4,5,3,1,2,1,1,1,5,3,5,1,1,27,8,"Female","Hispanic","West (AK, AZ, CA, CO, HI, ID, MT, NV, NM, OR, UT, WA, WY)","Bachelor's degree (BA, BS)","In CBSA, not in central city","NO","3: Mother","NO","NO","NO","NO","NO","0: 0  CONDITION DOES NOT APPLY","ALWAYS WITH RIGHT HAND","ALWAYS WITH RIGHT HAND","ALWAYS WITH RIGHT HAND","ALWAYS WITH RIGHT HAND","ALWAYS WITH LEFT HAND","1: 1  CONDITION APPLIES","1: 1  CONDITION APPLIES","NO","MALE","MALE"
1982,64735,1,0,1,33790,5,181,2,1,7,3,3,6,2,2,2,2,1,2,2,7,1,1,30,22,"Female","Non-Black / Non-Hispanic","West (AK, AZ, CA, CO, HI, ID, MT, NV, NM, OR, UT, WA, WY)","Master's degree (MA, MS)","In CBSA, not in central city","NO","3: Mother","YES","NO","NO","NO","YES","0: 0  CONDITION DOES NOT APPLY","ALWAYS WITH RIGHT HAND","ALWAYS WITH RIGHT HAND","ALWAYS WITH RIGHT HAND","USUALLY WITH BOTH HANDS EQUALLY","ALWAYS WITH LEFT HAND","0: 0  CONDITION DOES NOT APPLY","1: 1  CONDITION APPLIES","NO","MALE","MALE"
1980,64735,3,0,1,33790,5,179,1,2,3,3,2,6,2,2,2,1,1,1,3,7,1,1,30,21,"Female","Non-Black / Non-Hispanic","West (AK, AZ, CA, CO, HI, ID, MT, NV, NM, OR, UT, WA, WY)","High school diploma (Regular 12 year program)","In CBSA, not in central city","NO","3: Mother","NO","NO","NO","NO","YES","0: 0  CONDITION DOES NOT APPLY","ALWAYS WITH RIGHT HAND","ALWAYS WITH RIGHT HAND","ALWAYS WITH RIGHT HAND","ALWAYS WITH RIGHT HAND","ALWAYS WITH LEFT HAND","0: 0  CONDITION DOES NOT APPLY","1: 1  CONDITION APPLIES","NO","MALE","MALE"
1983,64735,3,1,1,33790,5,180,1,2,2,2,1,4,2,2,1,2,1,6,1,7,1,1,32,19,"Female","Non-Black / Non-Hispanic","West (AK, AZ, CA, CO, HI, ID, MT, NV, NM, OR, UT, WA, WY)","High school diploma (Regular 12 year program)","In CBSA, not in central city","NO","3: Mother","YES","NO","NO","NO","YES","0: 0  CONDITION DOES NOT APPLY","ALWAYS WITH RIGHT HAND","ALWAYS WITH RIGHT HAND","ALWAYS WITH RIGHT HAND","ALWAYS WITH RIGHT HAND","ALWAYS WITH LEFT HAND","1: 1  CONDITION APPLIES","1: 1  CONDITION APPLIES","NO","MALE","FEMALE"
1984,64735,1,0,2,33790,5,181,1,1,2,4,3,3,1,2,1,1,1,7,3,8,1,1,35,23,"Female","Non-Black / Non-Hispanic","West (AK, AZ, CA, CO, HI, ID, MT, NV, NM, OR, UT, WA, WY)","Bachelor's degree (BA, BS)","In CBSA, in central city","NO","3: Mother","YES","NO","NO","NO","NO","0: 0  CONDITION DOES NOT APPLY","ALWAYS WITH RIGHT HAND","ALWAYS WITH RIGHT HAND","ALWAYS WITH LEFT HAND","ALWAYS WITH RIGHT HAND","ALWAYS WITH LEFT HAND","1: 1  CONDITION APPLIES","1: 1  CONDITION APPLIES","NO","FEMALE","FEMALE"
1983,64735,4,1,2,33790,5,180,1,1,5,3,2,5,2,2,2,2,1,5,2,7,1,1,29,18,"Male","Non-Black / Non-Hispanic","South (AL, AR, DE, DC, FL, GA, KY, LA, MD, MS, NC, OK, SC, TN , TX, VA, WV)","Bachelor's degree (BA, BS)","In CBSA, not in central city","NO","3: Mother","YES","NO","NO","NO","YES","0: 0  CONDITION DOES NOT APPLY","ALWAYS WITH RIGHT HAND","ALWAYS WITH RIGHT HAND","USUALLY WITH RIGHT HAND","ALWAYS WITH RIGHT HAND","ALWAYS WITH LEFT HAND","0: 0  CONDITION DOES NOT APPLY","1: 1  CONDITION APPLIES","YES","FEMALE","MALE"
1981,64735,5,1,2,33790,5,184,1,2,1,3,1,2,2,2,1,1,1,3,2,7,1,1,33,17,"Female","Non-Black / Non-Hispanic","West (AK, AZ, CA, CO, HI, ID, MT, NV, NM, OR, UT, WA, WY)","High school diploma (Regular 12 year program)","In CBSA, in central city","NO","3: Mother","NO","NO","NO","NO","YES","0: 0  CONDITION DOES NOT APPLY","ALWAYS WITH RIGHT HAND","ALWAYS WITH RIGHT HAND","USUALLY WITH RIGHT HAND","ALWAYS WITH RIGHT HAND","ALWAYS WITH RIGHT HAND","1: 1  CONDITION APPLIES","1: 1  CONDITION APPLIES","YES","MALE","FEMALE"
1985,114750,3,0,1,31000,5,183,1,1,3,5,2,4,2,1,1,2,1,6,2,6,1,1,31,20,"Male","Non-Black / Non-Hispanic","South (AL, AR, DE, DC, FL, GA, KY, LA, MD, MS, NC, OK, SC, TN , TX, VA, WV)","Bachelor's degree (BA, BS)","In CBSA, in central city","NO","3: Mother","YES","YES","NO","NO","NO","0: 0  CONDITION DOES NOT APPLY","ALWAYS WITH RIGHT HAND","ALWAYS WITH RIGHT HAND","ALWAYS WITH RIGHT HAND","USUALLY WITH LEFT HAND","ALWAYS WITH LEFT HAND","1: 1  CONDITION APPLIES","1: 1  CONDITION APPLIES","NO","MALE","MALE"
1981,86749,3,1,2,33790,5,160,2,1,3,5,4,6,2,2,1,2,1,6,1,7,1,1,30,19,"Female","Non-Black / Non-Hispanic","South (AL, AR, DE, DC, FL, GA, KY, LA, MD, MS, NC, OK, SC, TN , TX, VA, WV)","High school diploma (Regular 12 year program)","In CBSA, in central city","NO","3: Mother","YES","NO","NO","NO","YES","0: 0  CONDITION DOES NOT APPLY","ALWAYS WITH RIGHT HAND","ALWAYS WITH RIGHT HAND","USUALLY WITH RIGHT HAND","ALWAYS WITH RIGHT HAND","ALWAYS WITH LEFT HAND","1: 1  CONDITION APPLIES","0: 0  CONDITION DOES NOT APPLY","NO","MALE","FEMALE"
1980,64735,4,2,1,33790,5,183,2,1,3,4,2,2,2,2,1,2,2,4,4,6,1,1,22,2,"Female","Non-Black / Non-Hispanic","South (AL, AR, DE, DC, FL, GA, KY, LA, MD, MS, NC, OK, SC, TN , TX, VA, WV)","Bachelor's degree (BA, BS)","In CBSA, in central city","NO","3: Mother","YES","NO","NO","NO","YES","0: 0  CONDITION DOES NOT APPLY","ALWAYS WITH RIGHT HAND","ALWAYS WITH RIGHT HAND","ALWAYS WITH RIGHT HAND","ALWAYS WITH RIGHT HAND","ALWAYS WITH RIGHT HAND","1: 1  CONDITION APPLIES","1: 1  CONDITION APPLIES","NO","MALE","FEMALE"
1981,64735,3,0,1,33790,5,183,1,1,4,4,2,6,2,2,1,2,1,4,3,7,1,1,31,22,"Female","Non-Black / Non-Hispanic","South (AL, AR, DE, DC, FL, GA, KY, LA, MD, MS, NC, OK, SC, TN , TX, VA, WV)","High school diploma (Regular 12 year program)","In CBSA, not in central city","NO","3: Mother","YES","NO","NO","NO","YES","0: 0  CONDITION DOES NOT APPLY","ALWAYS WITH RIGHT HAND","ALWAYS WITH RIGHT HAND","ALWAYS WITH RIGHT HAND","ALWAYS WITH RIGHT HAND","ALWAYS WITH LEFT HAND","1: 1  CONDITION APPLIES","1: 1  CONDITION APPLIES","NO","FEMALE","MALE"
1983,64735,3,0,4,33790,5,181,1,2,3,4,5,3,2,2,1,2,2,3,2,7,1,1,28,21,"Male","Non-Black / Non-Hispanic","South (AL, AR, DE, DC, FL, GA, KY, LA, MD, MS, NC, OK, SC, TN , TX, VA, WV)","GED","In CBSA, in central city","NO","3: Mother","YES","NO","NO","NO","YES","0: 0  CONDITION DOES NOT APPLY","ALWAYS WITH RIGHT HAND","ALWAYS WITH RIGHT HAND","ALWAYS WITH RIGHT HAND","ALWAYS WITH RIGHT HAND","ALWAYS WITH LEFT HAND","1: 1  CONDITION APPLIES","0: 0  CONDITION DOES NOT APPLY","YES","FEMALE","MALE"
1984,30000,2,0,1,33790,5,182,2,1,2,5,4,2,2,2,1,2,2,4,2,7,1,1,50,30,"Female","Hispanic","West (AK, AZ, CA, CO, HI, ID, MT, NV, NM, OR, UT, WA, WY)","High school diploma (Regular 12 year program)","In CBSA, not in central city","YES","3: Mother","YES","NO","NO","NO","NO","0: 0  CONDITION DOES NOT APPLY","ALWAYS WITH RIGHT HAND","ALWAYS WITH RIGHT HAND","ALWAYS WITH RIGHT HAND","ALWAYS WITH RIGHT HAND","ALWAYS WITH LEFT HAND","1: 1  CONDITION APPLIES","1: 1  CONDITION APPLIES","YES","FEMALE","MALE"
1981,42000,5,1,1,33790,5,184,1,2,1,4,2,2,2,2,2,2,1,6,2,7,1,1,30,20,"Male","Hispanic","West (AK, AZ, CA, CO, HI, ID, MT, NV, NM, OR, UT, WA, WY)","Master's degree (MA, MS)","In CBSA, not in central city","YES","3: Mother","YES","NO","NO","NO","YES","0: 0  CONDITION DOES NOT APPLY","ALWAYS WITH RIGHT HAND","ALWAYS WITH RIGHT HAND","ALWAYS WITH RIGHT HAND","ALWAYS WITH RIGHT HAND","ALWAYS WITH LEFT HAND","1: 1  CONDITION APPLIES","1: 1  CONDITION APPLIES","YES","MALE","FEMALE"
1983,64735,4,0,1,33790,5,182,1,2,1,2,1,2,1,2,2,2,2,3,2,6,1,1,52,29,"Male","Non-Black / Non-Hispanic","West (AK, AZ, CA, CO, HI, ID, MT, NV, NM, OR, UT, WA, WY)","None","In CBSA, not in central city","YES","3: Mother","YES","NO","NO","NO","NO","0: 0  CONDITION DOES NOT APPLY","ALWAYS WITH RIGHT HAND","ALWAYS WITH RIGHT HAND","ALWAYS WITH RIGHT HAND","ALWAYS WITH RIGHT HAND","ALWAYS WITH LEFT HAND","1: 1  CONDITION APPLIES","1: 1  CONDITION APPLIES","NO","MALE","FEMALE"
1980,64735,4,0,5,33790,5,183,1,3,4,5,2,2,2,2,1,1,1,3,2,7,1,1,27,21,"Female","Non-Black / Non-Hispanic","South (AL, AR, DE, DC, FL, GA, KY, LA, MD, MS, NC, OK, SC, TN , TX, VA, WV)","High school diploma (Regular 12 year program)","In CBSA, in central city","YES","3: Mother","NO","YES","NO","NO","NO","0: 0  CONDITION DOES NOT APPLY","ALWAYS WITH RIGHT HAND","ALWAYS WITH RIGHT HAND","ALWAYS WITH RIGHT HAND","USUALLY WITH RIGHT HAND","ALWAYS WITH LEFT HAND","1: 1  CONDITION APPLIES","1: 1  CONDITION APPLIES","NO","FEMALE","MALE"
1982,64735,2,1,1,53000,5,183,1,2,1,4,2,4,2,2,1,2,1,5,3,7,1,1,32,19,"Male","Non-Black / Non-Hispanic","West (AK, AZ, CA, CO, HI, ID, MT, NV, NM, OR, UT, WA, WY)","Bachelor's degree (BA, BS)","In CBSA, not in central city","NO","3: Mother","YES","NO","NO","NO","YES","0: 0  CONDITION DOES NOT APPLY","ALWAYS WITH RIGHT HAND","ALWAYS WITH RIGHT HAND","ALWAYS WITH RIGHT HAND","ALWAYS WITH RIGHT HAND","ALWAYS WITH LEFT HAND","0: 0  CONDITION DOES NOT APPLY","1: 1  CONDITION APPLIES","NO","FEMALE","MALE"
1982,64735,3,1,2,33790,5,178,1,1,4,3,2,4,2,2,1,2,1,4,1,7,1,1,30,25,"Female","Hispanic","Northeast (CT, ME, MA, NH, NJ, NY, PA, RI, VT)","Master's degree (MA, MS)","In CBSA, in central city","NO","3: Mother","YES","NO","NO","NO","YES","0: 0  CONDITION DOES NOT APPLY","ALWAYS WITH RIGHT HAND","ALWAYS WITH RIGHT HAND","ALWAYS WITH RIGHT HAND","ALWAYS WITH RIGHT HAND","ALWAYS WITH LEFT HAND","1: 1  CONDITION APPLIES","0: 0  CONDITION DOES NOT APPLY","YES","FEMALE","FEMALE"
1982,64735,4,0,2,33790,5,182,1,1,3,4,4,3,2,2,1,2,1,7,1,8,1,1,28,23,"Male","Non-Black / Non-Hispanic","Northeast (CT, ME, MA, NH, NJ, NY, PA, RI, VT)","High school diploma (Regular 12 year program)","In CBSA, not in central city","NO","3: Mother","YES","NO","NO","NO","YES","0: 0  CONDITION DOES NOT APPLY","ALWAYS WITH RIGHT HAND","ALWAYS WITH RIGHT HAND","ALWAYS WITH RIGHT HAND","ALWAYS WITH RIGHT HAND","ALWAYS WITH LEFT HAND","1: 1  CONDITION APPLIES","1: 1  CONDITION APPLIES","NO","FEMALE","MALE"
1982,64735,4,1,2,33790,5,179,1,1,2,5,3,4,1,2,2,1,1,6,5,9,1,1,26,3,"Male","Non-Black / Non-Hispanic","West (AK, AZ, CA, CO, HI, ID, MT, NV, NM, OR, UT, WA, WY)","High school diploma (Regular 12 year program)","In CBSA, not in central city","NO","3: Mother","NO","NO","NO","NO","YES","0: 0  CONDITION DOES NOT APPLY","ALWAYS WITH RIGHT HAND","ALWAYS WITH RIGHT HAND","ALWAYS WITH RIGHT HAND","ALWAYS WITH RIGHT HAND","ALWAYS WITH LEFT HAND","1: 1  CONDITION APPLIES","1: 1  CONDITION APPLIES","NO","MALE","MALE"
1982,64735,3,0,1,33790,6,156,1,2,1,3,4,1,2,2,1,2,2,4,3,6,1,1,32,19,"Female","Non-Black / Non-Hispanic","West (AK, AZ, CA, CO, HI, ID, MT, NV, NM, OR, UT, WA, WY)","High school diploma (Regular 12 year program)","In CBSA, not in central city","NO","3: Mother","NO","NO","NO","NO","YES","0: 0  CONDITION DOES NOT APPLY","ALWAYS WITH RIGHT HAND","ALWAYS WITH RIGHT HAND","ALWAYS WITH RIGHT HAND","ALWAYS WITH RIGHT HAND","ALWAYS WITH LEFT HAND","0: 0  CONDITION DOES NOT APPLY","1: 1  CONDITION APPLIES","YES","FEMALE","MALE"
1982,99000,2,0,5,33790,5,230,2,2,3,3,1,4,2,2,2,1,2,5,1,7,1,1,31,22,"Male","Black","West (AK, AZ, CA, CO, HI, ID, MT, NV, NM, OR, UT, WA, WY)","High school diploma (Regular 12 year program)","In CBSA, in central city","NO","3: Mother","YES","NO","YES","NO","YES","0: 0  CONDITION DOES NOT APPLY","ALWAYS WITH RIGHT HAND","ALWAYS WITH RIGHT HAND","ALWAYS WITH RIGHT HAND","ALWAYS WITH RIGHT HAND","ALWAYS WITH LEFT HAND","1: 1  CONDITION APPLIES","1: 1  CONDITION APPLIES","NO","FEMALE","MALE"
1982,64735,1,0,1,33790,5,187,3,2,3,4,4,4,2,1,1,1,1,7,3,6,1,1,27,23,"Female","Non-Black / Non-Hispanic","South (AL, AR, DE, DC, FL, GA, KY, LA, MD, MS, NC, OK, SC, TN , TX, VA, WV)","Associate/Junior college (AA)","In CBSA, in central city","NO","3: Mother","YES","NO","NO","NO","YES","0: 0  CONDITION DOES NOT APPLY","ALWAYS WITH RIGHT HAND","ALWAYS WITH RIGHT HAND","ALWAYS WITH RIGHT HAND","ALWAYS WITH RIGHT HAND","USUALLY WITH BOTH HANDS EQUALLY","1: 1  CONDITION APPLIES","1: 1  CONDITION APPLIES","NO","MALE","MALE"
1983,64735,2,1,1,35000,5,182,1,1,5,4,2,3,2,2,1,2,1,7,4,6,1,1,2,13,"Male","Black","South (AL, AR, DE, DC, FL, GA, KY, LA, MD, MS, NC, OK, SC, TN , TX, VA, WV)","GED","In CBSA, not in central city","NO","3: Mother","NO","NO","YES","NO","NO","0: 0  CONDITION DOES NOT APPLY","ALWAYS WITH RIGHT HAND","ALWAYS WITH RIGHT HAND","ALWAYS WITH RIGHT HAND","ALWAYS WITH RIGHT HAND","ALWAYS WITH LEFT HAND","1: 1  CONDITION APPLIES","1: 1  CONDITION APPLIES","NO","MALE","MALE"
1984,64735,2,1,1,27000,5,180,1,1,3,5,2,1,2,2,1,1,1,6,2,6,1,1,31,21,"Female","Non-Black / Non-Hispanic","Northeast (CT, ME, MA, NH, NJ, NY, PA, RI, VT)","Bachelor's degree (BA, BS)","In CBSA, in central city","NO","3: Mother","YES","NO","NO","NO","NO","0: 0  CONDITION DOES NOT APPLY","ALWAYS WITH RIGHT HAND","ALWAYS WITH RIGHT HAND","ALWAYS WITH RIGHT HAND","ALWAYS WITH RIGHT HAND","ALWAYS WITH RIGHT HAND","1: 1  CONDITION APPLIES","1: 1  CONDITION APPLIES","NO","MALE","MALE"
1983,64735,4,0,2,33790,5,145,2,2,5,4,5,1,2,2,1,2,1,6,3,7,1,1,33,20,"Female","Non-Black / Non-Hispanic","Northeast (CT, ME, MA, NH, NJ, NY, PA, RI, VT)","High school diploma (Regular 12 year program)","In CBSA, not in central city","NO","3: Mother","YES","NO","NO","YES","YES","0: 0  CONDITION DOES NOT APPLY","ALWAYS WITH RIGHT HAND","ALWAYS WITH LEFT HAND","ALWAYS WITH RIGHT HAND","ALWAYS WITH RIGHT HAND","ALWAYS WITH LEFT HAND","1: 1  CONDITION APPLIES","1: 1  CONDITION APPLIES","NO","FEMALE","FEMALE"
1980,64735,3,1,2,33790,5,185,1,1,3,4,2,2,2,2,1,2,1,5,2,6,1,1,30,21,"Male","Non-Black / Non-Hispanic","South (AL, AR, DE, DC, FL, GA, KY, LA, MD, MS, NC, OK, SC, TN , TX, VA, WV)","Master's degree (MA, MS)","In CBSA, in central city","NO","3: Mother","YES","NO","NO","NO","YES","0: 0  CONDITION DOES NOT APPLY","ALWAYS WITH RIGHT HAND","ALWAYS WITH RIGHT HAND","ALWAYS WITH RIGHT HAND","ALWAYS WITH RIGHT HAND","ALWAYS WITH LEFT HAND","1: 1  CONDITION APPLIES","1: 1  CONDITION APPLIES","NO","MALE","FEMALE"
1985,64735,3,1,3,33790,5,198,1,2,3,4,2,2,2,2,1,2,1,6,2,6,1,1,32,23,"Male","Hispanic","Northeast (CT, ME, MA, NH, NJ, NY, PA, RI, VT)","GED","In CBSA, in central city","NO","3: Mother","YES","NO","NO","NO","NO","0: 0  CONDITION DOES NOT APPLY","ALWAYS WITH RIGHT HAND","ALWAYS WITH RIGHT HAND","ALWAYS WITH RIGHT HAND","ALWAYS WITH RIGHT HAND","ALWAYS WITH LEFT HAND","1: 1  CONDITION APPLIES","1: 1  CONDITION APPLIES","NO","FEMALE","FEMALE"
1983,38000,4,0,3,38000,5,178,1,1,4,3,5,5,2,2,2,2,1,6,3,7,1,1,31,19,"Male","Non-Black / Non-Hispanic","West (AK, AZ, CA, CO, HI, ID, MT, NV, NM, OR, UT, WA, WY)","High school diploma (Regular 12 year program)","In CBSA, not in central city","NO","3: Mother","NO","NO","NO","NO","NO","0: 0  CONDITION DOES NOT APPLY","ALWAYS WITH RIGHT HAND","USUALLY WITH RIGHT HAND","ALWAYS WITH RIGHT HAND","USUALLY WITH RIGHT HAND","USUALLY WITH LEFT HAND","0: 0  CONDITION DOES NOT APPLY","1: 1  CONDITION APPLIES","NO","FEMALE","FEMALE"
1981,64735,2,1,1,35000,5,183,1,3,2,4,2,4,2,2,2,2,1,4,3,4,1,1,29,16,"Male","Non-Black / Non-Hispanic","North Central (IL, IN, IA, KS, MI, MN, MO, NE, OH, ND, SD, WI)","High school diploma (Regular 12 year program)","In CBSA, not in central city","NO","3: Mother","YES","NO","NO","NO","YES","0: 0  CONDITION DOES NOT APPLY","ALWAYS WITH RIGHT HAND","ALWAYS WITH RIGHT HAND","ALWAYS WITH RIGHT HAND","ALWAYS WITH RIGHT HAND","ALWAYS WITH LEFT HAND","0: 0  CONDITION DOES NOT APPLY","1: 1  CONDITION APPLIES","NO","MALE","MALE"
1982,64735,3,0,2,33790,5,181,1,1,3,3,2,3,1,2,2,2,1,6,1,9,1,1,31,27,"Male","Non-Black / Non-Hispanic","Northeast (CT, ME, MA, NH, NJ, NY, PA, RI, VT)","High school diploma (Regular 12 year program)","In CBSA, not in central city","NO","3: Mother","NO","NO","NO","NO","YES","0: 0  CONDITION DOES NOT APPLY","ALWAYS WITH RIGHT HAND","ALWAYS WITH RIGHT HAND","ALWAYS WITH RIGHT HAND","ALWAYS WITH RIGHT HAND","ALWAYS WITH LEFT HAND","1: 1  CONDITION APPLIES","1: 1  CONDITION APPLIES","NO","FEMALE","MALE"
1981,64735,2,1,2,33790,5,185,3,2,7,4,4,4,2,2,1,2,1,5,3,7,1,1,20,17,"Female","Non-Black / Non-Hispanic","West (AK, AZ, CA, CO, HI, ID, MT, NV, NM, OR, UT, WA, WY)","None","In CBSA, not in central city","NO","3: Mother","YES","NO","NO","NO","NO","0: 0  CONDITION DOES NOT APPLY","ALWAYS WITH RIGHT HAND","ALWAYS WITH RIGHT HAND","ALWAYS WITH RIGHT HAND","ALWAYS WITH RIGHT HAND","ALWAYS WITH LEFT HAND","1: 1  CONDITION APPLIES","1: 1  CONDITION APPLIES","NO","MALE","FEMALE"
1982,64735,2,0,1,33790,5,128,1,2,5,2,5,5,2,2,1,2,1,5,2,6,1,1,30,23,"Male","Non-Black / Non-Hispanic","South (AL, AR, DE, DC, FL, GA, KY, LA, MD, MS, NC, OK, SC, TN , TX, VA, WV)","Bachelor's degree (BA, BS)","In CBSA, in central city","NO","3: Mother","YES","NO","NO","NO","YES","0: 0  CONDITION DOES NOT APPLY","ALWAYS WITH RIGHT HAND","ALWAYS WITH RIGHT HAND","ALWAYS WITH RIGHT HAND","ALWAYS WITH RIGHT HAND","ALWAYS WITH LEFT HAND","1: 1  CONDITION APPLIES","0: 0  CONDITION DOES NOT APPLY","NO","FEMALE","MALE"
1981,64735,4,0,1,33790,5,180,1,2,3,3,5,3,2,2,1,2,1,5,1,8,1,1,32,23,"Female","Non-Black / Non-Hispanic","West (AK, AZ, CA, CO, HI, ID, MT, NV, NM, OR, UT, WA, WY)","High school diploma (Regular 12 year program)","In CBSA, not in central city","NO","3: Mother","YES","NO","NO","NO","YES","0: 0  CONDITION DOES NOT APPLY","ALWAYS WITH RIGHT HAND","ALWAYS WITH RIGHT HAND","ALWAYS WITH RIGHT HAND","ALWAYS WITH RIGHT HAND","ALWAYS WITH LEFT HAND","0: 0  CONDITION DOES NOT APPLY","1: 1  CONDITION APPLIES","NO","MALE","FEMALE"
1983,64735,3,0,1,33790,5,140,2,3,4,2,5,3,2,2,1,2,1,6,1,6,1,1,29,17,"Male","Hispanic","Northeast (CT, ME, MA, NH, NJ, NY, PA, RI, VT)","High school diploma (Regular 12 year program)","In CBSA, not in central city","YES","3: Mother","YES","NO","NO","NO","YES","0: 0  CONDITION DOES NOT APPLY","ALWAYS WITH RIGHT HAND","ALWAYS WITH RIGHT HAND","ALWAYS WITH RIGHT HAND","ALWAYS WITH RIGHT HAND","ALWAYS WITH LEFT HAND","1: 1  CONDITION APPLIES","1: 1  CONDITION APPLIES","NO","MALE","FEMALE"
1981,64735,4,1,6,36000,5,180,1,2,2,3,5,4,1,2,1,2,2,3,2,6,1,1,31,19,"Male","Non-Black / Non-Hispanic","Northeast (CT, ME, MA, NH, NJ, NY, PA, RI, VT)","High school diploma (Regular 12 year program)","In CBSA, not in central city","NO","3: Mother","YES","NO","NO","NO","YES","0: 0  CONDITION DOES NOT APPLY","ALWAYS WITH LEFT HAND","ALWAYS WITH LEFT HAND","ALWAYS WITH RIGHT HAND","ALWAYS WITH RIGHT HAND","ALWAYS WITH LEFT HAND","0: 0  CONDITION DOES NOT APPLY","1: 1  CONDITION APPLIES","NO","FEMALE","FEMALE"
1982,64735,3,2,3,34000,5,183,1,2,5,4,3,2,2,2,2,2,2,6,1,7,1,1,28,5,"Male","Mixed Race (Non-Hispanic)","Northeast (CT, ME, MA, NH, NJ, NY, PA, RI, VT)","Bachelor's degree (BA, BS)","In CBSA, in central city","NO","3: Mother","YES","NO","NO","NO","YES","0: 0  CONDITION DOES NOT APPLY","ALWAYS WITH RIGHT HAND","USUALLY WITH RIGHT HAND","ALWAYS WITH RIGHT HAND","ALWAYS WITH RIGHT HAND","ALWAYS WITH LEFT HAND","1: 1  CONDITION APPLIES","1: 1  CONDITION APPLIES","NO","FEMALE","FEMALE"
1982,64735,2,0,2,33790,5,186,1,1,1,5,3,6,2,2,1,2,1,6,2,6,1,1,35,20,"Female","Black","South (AL, AR, DE, DC, FL, GA, KY, LA, MD, MS, NC, OK, SC, TN , TX, VA, WV)","High school diploma (Regular 12 year program)","In CBSA, not in central city","NO","3: Mother","NO","NO","NO","NO","YES","0: 0  CONDITION DOES NOT APPLY","ALWAYS WITH RIGHT HAND","ALWAYS WITH RIGHT HAND","ALWAYS WITH RIGHT HAND","ALWAYS WITH RIGHT HAND","ALWAYS WITH LEFT HAND","1: 1  CONDITION APPLIES","1: 1  CONDITION APPLIES","NO","MALE","FEMALE"
1983,64735,2,0,1,33790,5,182,2,2,4,5,4,9,2,2,1,2,2,6,3,8,1,2,33,28,"Female","Non-Black / Non-Hispanic","West (AK, AZ, CA, CO, HI, ID, MT, NV, NM, OR, UT, WA, WY)","High school diploma (Regular 12 year program)","In CBSA, in central city","NO","3: Mother","YES","NO","YES","NO","YES","1: 1  CONDITION APPLIES","ALWAYS WITH RIGHT HAND","USUALLY WITH BOTH HANDS EQUALLY","ALWAYS WITH RIGHT HAND","ALWAYS WITH RIGHT HAND","ALWAYS WITH LEFT HAND","1: 1  CONDITION APPLIES","1: 1  CONDITION APPLIES","NO","MALE","FEMALE"
1980,64735,2,1,3,33790,5,183,1,2,3,6,1,2,2,2,2,2,1,6,2,7,1,1,32,25,"Male","Non-Black / Non-Hispanic","West (AK, AZ, CA, CO, HI, ID, MT, NV, NM, OR, UT, WA, WY)","Bachelor's degree (BA, BS)","In CBSA, in central city","NO","3: Mother","YES","NO","YES","NO","YES","0: 0  CONDITION DOES NOT APPLY","ALWAYS WITH RIGHT HAND","ALWAYS WITH RIGHT HAND","ALWAYS WITH RIGHT HAND","ALWAYS WITH RIGHT HAND","ALWAYS WITH LEFT HAND","1: 1  CONDITION APPLIES","1: 1  CONDITION APPLIES","NO","FEMALE","MALE"
1981,88109,3,1,3,33790,5,182,2,2,1,4,4,7,1,2,1,2,1,6,2,7,1,2,31,20,"Male","Non-Black / Non-Hispanic","West (AK, AZ, CA, CO, HI, ID, MT, NV, NM, OR, UT, WA, WY)","High school diploma (Regular 12 year program)","In CBSA, in central city","NO","3: Mother","YES","NO","NO","NO","YES","0: 0  CONDITION DOES NOT APPLY","ALWAYS WITH RIGHT HAND","ALWAYS WITH RIGHT HAND","USUALLY WITH RIGHT HAND","ALWAYS WITH RIGHT HAND","ALWAYS WITH LEFT HAND","1: 1  CONDITION APPLIES","1: 1  CONDITION APPLIES","NO","MALE","MALE"
1981,64735,2,0,1,33790,5,183,1,2,1,2,2,3,2,2,1,2,1,6,2,7,1,1,31,24,"Male","Non-Black / Non-Hispanic","South (AL, AR, DE, DC, FL, GA, KY, LA, MD, MS, NC, OK, SC, TN , TX, VA, WV)","None","In CBSA, not in central city","NO","3: Mother","NO","YES","YES","NO","YES","0: 0  CONDITION DOES NOT APPLY","ALWAYS WITH RIGHT HAND","ALWAYS WITH RIGHT HAND","ALWAYS WITH RIGHT HAND","ALWAYS WITH RIGHT HAND","ALWAYS WITH LEFT HAND","1: 1  CONDITION APPLIES","1: 1  CONDITION APPLIES","NO","MALE","FEMALE"
1980,64735,5,1,3,4000,5,230,1,1,5,4,4,3,1,1,1,1,1,4,3,8,1,1,33,25,"Male","Hispanic","West (AK, AZ, CA, CO, HI, ID, MT, NV, NM, OR, UT, WA, WY)","None","In CBSA, not in central city","NO","3: Mother","NO","YES","NO","NO","YES","0: 0  CONDITION DOES NOT APPLY","ALWAYS WITH RIGHT HAND","ALWAYS WITH RIGHT HAND","ALWAYS WITH RIGHT HAND","ALWAYS WITH RIGHT HAND","ALWAYS WITH LEFT HAND","1: 1  CONDITION APPLIES","0: 0  CONDITION DOES NOT APPLY","NO","MALE","FEMALE"
1982,64735,5,1,2,33790,5,182,1,1,2,5,3,3,1,2,1,1,1,1,2,7,1,1,28,18,"Female","Non-Black / Non-Hispanic","West (AK, AZ, CA, CO, HI, ID, MT, NV, NM, OR, UT, WA, WY)","GED","In CBSA, not in central city","NO","3: Mother","YES","NO","YES","NO","NO","0: 0  CONDITION DOES NOT APPLY","ALWAYS WITH RIGHT HAND","ALWAYS WITH RIGHT HAND","ALWAYS WITH RIGHT HAND","ALWAYS WITH RIGHT HAND","ALWAYS WITH LEFT HAND","1: 1  CONDITION APPLIES","1: 1  CONDITION APPLIES","NO","MALE","MALE"
1980,64735,1,0,3,33790,6,184,1,2,2,3,1,2,2,2,1,2,1,7,2,6,2,1,32,23,"Male","Hispanic","South (AL, AR, DE, DC, FL, GA, KY, LA, MD, MS, NC, OK, SC, TN , TX, VA, WV)","Bachelor's degree (BA, BS)","In CBSA, in central city","NO","3: Mother","YES","NO","YES","NO","NO","0: 0  CONDITION DOES NOT APPLY","ALWAYS WITH RIGHT HAND","ALWAYS WITH RIGHT HAND","ALWAYS WITH RIGHT HAND","ALWAYS WITH RIGHT HAND","ALWAYS WITH LEFT HAND","1: 1  CONDITION APPLIES","1: 1  CONDITION APPLIES","NO","FEMALE","MALE"
1982,140000,2,1,2,60000,5,125,2,1,3,3,4,3,2,1,1,1,1,6,2,6,1,1,28,20,"Female","Non-Black / Non-Hispanic","North Central (IL, IN, IA, KS, MI, MN, MO, NE, OH, ND, SD, WI)","High school diploma (Regular 12 year program)","In CBSA, not in central city","NO","3: Mother","YES","NO","YES","NO","YES","0: 0  CONDITION DOES NOT APPLY","ALWAYS WITH RIGHT HAND","ALWAYS WITH RIGHT HAND","ALWAYS WITH RIGHT HAND","ALWAYS WITH RIGHT HAND","ALWAYS WITH LEFT HAND","1: 1  CONDITION APPLIES","0: 0  CONDITION DOES NOT APPLY","NO","MALE","MALE"
1984,64735,2,1,3,33790,5,183,1,2,3,3,1,3,2,2,1,1,1,6,2,7,1,1,3,16,"Female","Hispanic","South (AL, AR, DE, DC, FL, GA, KY, LA, MD, MS, NC, OK, SC, TN , TX, VA, WV)","Bachelor's degree (BA, BS)","In CBSA, in central city","NO","3: Mother","YES","YES","NO","NO","YES","0: 0  CONDITION DOES NOT APPLY","ALWAYS WITH RIGHT HAND","ALWAYS WITH RIGHT HAND","ALWAYS WITH RIGHT HAND","ALWAYS WITH RIGHT HAND","ALWAYS WITH LEFT HAND","1: 1  CONDITION APPLIES","1: 1  CONDITION APPLIES","NO","FEMALE","MALE"
1984,64735,6,1,2,33790,5,182,1,1,2,3,4,1,2,2,2,2,2,4,2,5,1,1,32,20,"Female","Hispanic","South (AL, AR, DE, DC, FL, GA, KY, LA, MD, MS, NC, OK, SC, TN , TX, VA, WV)","High school diploma (Regular 12 year program)","In CBSA, not in central city","NO","5: Adoptive Mother","YES","YES","NO","NO","YES","0: 0  CONDITION DOES NOT APPLY","ALWAYS WITH RIGHT HAND","ALWAYS WITH RIGHT HAND","ALWAYS WITH RIGHT HAND","ALWAYS WITH RIGHT HAND","ALWAYS WITH LEFT HAND","0: 0  CONDITION DOES NOT APPLY","1: 1  CONDITION APPLIES","YES","MALE","FEMALE"
1983,64735,2,1,2,33790,6,290,2,2,3,4,2,1,2,1,1,2,1,2,1,4,1,1,28,0,"Male","Hispanic","West (AK, AZ, CA, CO, HI, ID, MT, NV, NM, OR, UT, WA, WY)","High school diploma (Regular 12 year program)","In CBSA, not in central city","NO","3: Mother","YES","NO","NO","NO","NO","0: 0  CONDITION DOES NOT APPLY","ALWAYS WITH RIGHT HAND","ALWAYS WITH RIGHT HAND","ALWAYS WITH RIGHT HAND","ALWAYS WITH RIGHT HAND","ALWAYS WITH LEFT HAND","0: 0  CONDITION DOES NOT APPLY","0: 0  CONDITION DOES NOT APPLY","NO","FEMALE","FEMALE"
1982,64735,4,1,3,24000,5,185,1,2,2,5,3,2,2,2,1,2,1,4,2,6,1,1,29,20,"Male","Non-Black / Non-Hispanic","West (AK, AZ, CA, CO, HI, ID, MT, NV, NM, OR, UT, WA, WY)","High school diploma (Regular 12 year program)","In CBSA, not in central city","NO","3: Mother","YES","NO","NO","NO","YES","0: 0  CONDITION DOES NOT APPLY","ALWAYS WITH RIGHT HAND","ALWAYS WITH RIGHT HAND","ALWAYS WITH RIGHT HAND","ALWAYS WITH RIGHT HAND","ALWAYS WITH LEFT HAND","1: 1  CONDITION APPLIES","1: 1  CONDITION APPLIES","NO","MALE","FEMALE"
1983,64735,2,0,2,33790,5,183,1,1,1,5,3,4,2,2,1,1,1,4,2,8,1,1,31,23,"Female","Non-Black / Non-Hispanic","West (AK, AZ, CA, CO, HI, ID, MT, NV, NM, OR, UT, WA, WY)","Bachelor's degree (BA, BS)","In CBSA, in central city","NO","3: Mother","NO","NO","NO","NO","YES","0: 0  CONDITION DOES NOT APPLY","ALWAYS WITH RIGHT HAND","ALWAYS WITH RIGHT HAND","ALWAYS WITH RIGHT HAND","ALWAYS WITH RIGHT HAND","ALWAYS WITH LEFT HAND","1: 1  CONDITION APPLIES","1: 1  CONDITION APPLIES","YES","FEMALE","FEMALE"
1984,64735,4,0,2,33790,5,182,1,1,4,4,2,6,2,1,1,2,1,8,2,7,1,1,29,22,"Female","Hispanic","South (AL, AR, DE, DC, FL, GA, KY, LA, MD, MS, NC, OK, SC, TN , TX, VA, WV)","Bachelor's degree (BA, BS)","In CBSA, in central city","NO","3: Mother","YES","YES","YES","NO","YES","0: 0  CONDITION DOES NOT APPLY","ALWAYS WITH RIGHT HAND","ALWAYS WITH RIGHT HAND","ALWAYS WITH RIGHT HAND","ALWAYS WITH RIGHT HAND","ALWAYS WITH LEFT HAND","1: 1  CONDITION APPLIES","1: 1  CONDITION APPLIES","NO","FEMALE","FEMALE"
1987,45543,5,0,1,33790,5,182,1,2,2,5,1,4,1,2,2,1,1,2,1,7,1,1,36,59,"Female","Non-Black / Non-Hispanic","South (AL, AR, DE, DC, FL, GA, KY, LA, MD, MS, NC, OK, SC, TN , TX, VA, WV)","None","In CBSA, not in central city","YES","3: Mother","NO","NO","NO","NO","YES","0: 0  CONDITION DOES NOT APPLY","ALWAYS WITH RIGHT HAND","ALWAYS WITH RIGHT HAND","ALWAYS WITH RIGHT HAND","ALWAYS WITH RIGHT HAND","ALWAYS WITH LEFT HAND","1: 1  CONDITION APPLIES","1: 1  CONDITION APPLIES","NO","MALE","MALE"
1984,64735,3,0,3,31000,5,182,1,1,2,3,5,4,2,2,1,2,2,6,2,7,1,2,27,20,"Male","Hispanic","West (AK, AZ, CA, CO, HI, ID, MT, NV, NM, OR, UT, WA, WY)","High school diploma (Regular 12 year program)","In CBSA, in central city","NO","3: Mother","YES","NO","YES","NO","YES","0: 0  CONDITION DOES NOT APPLY","ALWAYS WITH RIGHT HAND","ALWAYS WITH RIGHT HAND","ALWAYS WITH RIGHT HAND","ALWAYS WITH RIGHT HAND","ALWAYS WITH LEFT HAND","1: 1  CONDITION APPLIES","1: 1  CONDITION APPLIES","NO","MALE","MALE"
1983,24000,4,0,2,33790,5,183,1,1,6,3,2,5,2,2,2,2,1,4,2,6,1,1,32,21,"Male","Non-Black / Non-Hispanic","West (AK, AZ, CA, CO, HI, ID, MT, NV, NM, OR, UT, WA, WY)","Bachelor's degree (BA, BS)","In CBSA, in central city","NO","3: Mother","YES","NO","NO","NO","YES","0: 0  CONDITION DOES NOT APPLY","ALWAYS WITH RIGHT HAND","ALWAYS WITH RIGHT HAND","ALWAYS WITH RIGHT HAND","ALWAYS WITH RIGHT HAND","USUALLY WITH BOTH HANDS EQUALLY","1: 1  CONDITION APPLIES","1: 1  CONDITION APPLIES","NO","FEMALE","FEMALE"
1980,64735,4,1,1,33790,5,183,1,2,4,4,2,4,2,2,1,2,1,6,2,8,1,1,30,20,"Male","Non-Black / Non-Hispanic","North Central (IL, IN, IA, KS, MI, MN, MO, NE, OH, ND, SD, WI)","High school diploma (Regular 12 year program)","In CBSA, in central city","NO","3: Mother","YES","NO","NO","NO","YES","0: 0  CONDITION DOES NOT APPLY","ALWAYS WITH RIGHT HAND","ALWAYS WITH RIGHT HAND","ALWAYS WITH RIGHT HAND","ALWAYS WITH RIGHT HAND","ALWAYS WITH LEFT HAND","0: 0  CONDITION DOES NOT APPLY","1: 1  CONDITION APPLIES","NO","FEMALE","FEMALE"
1983,87500,2,0,1,33790,5,184,1,2,2,4,5,4,2,2,1,2,1,5,3,7,1,1,25,19,"Male","Black","Northeast (CT, ME, MA, NH, NJ, NY, PA, RI, VT)","Bachelor's degree (BA, BS)","Not in country","NO","3: Mother","NO","NO","NO","NO","YES","0: 0  CONDITION DOES NOT APPLY","ALWAYS WITH RIGHT HAND","DON'T DO THIS ACTIVITY","ALWAYS WITH RIGHT HAND","ALWAYS WITH RIGHT HAND","ALWAYS WITH LEFT HAND","1: 1  CONDITION APPLIES","1: 1  CONDITION APPLIES","NO","FEMALE","MALE"
1982,64735,4,0,2,33790,5,182,1,1,4,5,3,4,2,2,2,2,2,6,2,6,2,1,31,22,"Female","Hispanic","South (AL, AR, DE, DC, FL, GA, KY, LA, MD, MS, NC, OK, SC, TN , TX, VA, WV)","High school diploma (Regular 12 year program)","In CBSA, not in central city","NO","3: Mother","NO","NO","NO","NO","NO","0: 0  CONDITION DOES NOT APPLY","ALWAYS WITH RIGHT HAND","ALWAYS WITH RIGHT HAND","ALWAYS WITH RIGHT HAND","ALWAYS WITH RIGHT HAND","ALWAYS WITH LEFT HAND","1: 1  CONDITION APPLIES","1: 1  CONDITION APPLIES","YES","MALE","MALE"
1983,54000,4,0,3,33790,5,183,1,1,3,2,2,6,1,2,1,2,2,6,1,6,1,1,32,19,"Male","Non-Black / Non-Hispanic","South (AL, AR, DE, DC, FL, GA, KY, LA, MD, MS, NC, OK, SC, TN , TX, VA, WV)","High school diploma (Regular 12 year program)","In CBSA, not in central city","YES","3: Mother","NO","NO","NO","NO","YES","0: 0  CONDITION DOES NOT APPLY","ALWAYS WITH RIGHT HAND","ALWAYS WITH RIGHT HAND","ALWAYS WITH RIGHT HAND","ALWAYS WITH RIGHT HAND","ALWAYS WITH LEFT HAND","1: 1  CONDITION APPLIES","1: 1  CONDITION APPLIES","NO","MALE","FEMALE"
1983,64735,4,0,3,33790,5,183,1,2,4,4,6,4,2,2,1,2,1,3,2,7,1,1,28,6,"Male","Hispanic","Northeast (CT, ME, MA, NH, NJ, NY, PA, RI, VT)","GED","In CBSA, in central city","YES","3: Mother","YES","YES","YES","NO","YES","0: 0  CONDITION DOES NOT APPLY","ALWAYS WITH RIGHT HAND","ALWAYS WITH RIGHT HAND","ALWAYS WITH RIGHT HAND","ALWAYS WITH RIGHT HAND","ALWAYS WITH LEFT HAND","1: 1  CONDITION APPLIES","1: 1  CONDITION APPLIES","YES","FEMALE","MALE"
1983,64735,3,1,2,33790,5,181,1,1,3,3,3,2,2,2,1,2,1,4,3,7,1,1,28,22,"Male","Hispanic","North Central (IL, IN, IA, KS, MI, MN, MO, NE, OH, ND, SD, WI)","High school diploma (Regular 12 year program)","In CBSA, not in central city","YES","3: Mother","YES","NO","NO","YES","NO","0: 0  CONDITION DOES NOT APPLY","ALWAYS WITH RIGHT HAND","ALWAYS WITH RIGHT HAND","ALWAYS WITH RIGHT HAND","ALWAYS WITH RIGHT HAND","ALWAYS WITH LEFT HAND","1: 1  CONDITION APPLIES","0: 0  CONDITION DOES NOT APPLY","NO","FEMALE","MALE"
1980,64735,4,0,2,33790,5,184,1,1,5,2,1,3,2,2,2,1,1,6,4,7,1,1,34,21,"Male","Non-Black / Non-Hispanic","South (AL, AR, DE, DC, FL, GA, KY, LA, MD, MS, NC, OK, SC, TN , TX, VA, WV)","High school diploma (Regular 12 year program)","In CBSA, not in central city","NO","3: Mother","YES","NO","NO","NO","YES","0: 0  CONDITION DOES NOT APPLY","ALWAYS WITH RIGHT HAND","ALWAYS WITH RIGHT HAND","ALWAYS WITH RIGHT HAND","ALWAYS WITH RIGHT HAND","ALWAYS WITH LEFT HAND","1: 1  CONDITION APPLIES","1: 1  CONDITION APPLIES","NO","MALE","FEMALE"
1984,64735,1,0,1,33790,5,182,1,1,3,4,5,3,2,2,1,2,2,6,2,7,1,2,31,24,"Female","Non-Black / Non-Hispanic","South (AL, AR, DE, DC, FL, GA, KY, LA, MD, MS, NC, OK, SC, TN , TX, VA, WV)","Bachelor's degree (BA, BS)","In CBSA, not in central city","NO","3: Mother","YES","YES","NO","NO","YES","0: 0  CONDITION DOES NOT APPLY","ALWAYS WITH RIGHT HAND","ALWAYS WITH RIGHT HAND","ALWAYS WITH RIGHT HAND","ALWAYS WITH RIGHT HAND","ALWAYS WITH LEFT HAND","1: 1  CONDITION APPLIES","1: 1  CONDITION APPLIES","NO","MALE","MALE"
1982,316618,3,0,1,40000,5,179,1,1,4,2,3,5,2,2,2,2,1,6,3,7,1,1,30,19,"Female","Non-Black / Non-Hispanic","South (AL, AR, DE, DC, FL, GA, KY, LA, MD, MS, NC, OK, SC, TN , TX, VA, WV)","Bachelor's degree (BA, BS)","In CBSA, not in central city","NO","3: Mother","YES","NO","NO","NO","YES","0: 0  CONDITION DOES NOT APPLY","ALWAYS WITH RIGHT HAND","ALWAYS WITH RIGHT HAND","ALWAYS WITH RIGHT HAND","ALWAYS WITH RIGHT HAND","USUALLY WITH LEFT HAND","0: 0  CONDITION DOES NOT APPLY","1: 1  CONDITION APPLIES","NO","MALE","FEMALE"
1983,64735,5,1,2,33790,6,187,1,1,3,4,2,3,2,2,1,2,1,7,3,4,1,1,57,26,"Male","Non-Black / Non-Hispanic","South (AL, AR, DE, DC, FL, GA, KY, LA, MD, MS, NC, OK, SC, TN , TX, VA, WV)","High school diploma (Regular 12 year program)","In CBSA, not in central city","NO","3: Mother","YES","YES","NO","NO","NO","0: 0  CONDITION DOES NOT APPLY","ALWAYS WITH RIGHT HAND","ALWAYS WITH RIGHT HAND","ALWAYS WITH RIGHT HAND","ALWAYS WITH RIGHT HAND","ALWAYS WITH LEFT HAND","1: 1  CONDITION APPLIES","1: 1  CONDITION APPLIES","NO","FEMALE","MALE"
1983,64735,2,1,1,33790,5,184,2,1,2,3,1,4,2,2,2,2,1,4,2,7,1,1,22,10,"Female","Non-Black / Non-Hispanic","West (AK, AZ, CA, CO, HI, ID, MT, NV, NM, OR, UT, WA, WY)","GED","In CBSA, not in central city","NO","3: Mother","NO","NO","NO","NO","YES","0: 0  CONDITION DOES NOT APPLY","ALWAYS WITH RIGHT HAND","ALWAYS WITH RIGHT HAND","ALWAYS WITH RIGHT HAND","ALWAYS WITH RIGHT HAND","ALWAYS WITH LEFT HAND","1: 1  CONDITION APPLIES","1: 1  CONDITION APPLIES","NO","MALE","FEMALE"
1982,64735,5,0,4,33790,5,184,1,2,3,4,2,5,2,1,1,2,1,6,2,6,2,1,33,25,"Female","Non-Black / Non-Hispanic","West (AK, AZ, CA, CO, HI, ID, MT, NV, NM, OR, UT, WA, WY)","Associate/Junior college (AA)","In CBSA, not in central city","NO","3: Mother","YES","YES","NO","NO","NO","0: 0  CONDITION DOES NOT APPLY","ALWAYS WITH RIGHT HAND","ALWAYS WITH RIGHT HAND","ALWAYS WITH RIGHT HAND","ALWAYS WITH RIGHT HAND","ALWAYS WITH LEFT HAND","1: 1  CONDITION APPLIES","1: 1  CONDITION APPLIES","YES","FEMALE","MALE"
1985,64735,2,0,3,33790,5,184,2,1,2,3,4,1,2,2,1,2,2,6,3,7,1,1,29,28,"Male","Non-Black / Non-Hispanic","West (AK, AZ, CA, CO, HI, ID, MT, NV, NM, OR, UT, WA, WY)","Associate/Junior college (AA)","In CBSA, not in central city","YES","3: Mother","NO","NO","NO","NO","YES","0: 0  CONDITION DOES NOT APPLY","ALWAYS WITH RIGHT HAND","ALWAYS WITH RIGHT HAND","ALWAYS WITH RIGHT HAND","ALWAYS WITH RIGHT HAND","ALWAYS WITH LEFT HAND","0: 0  CONDITION DOES NOT APPLY","1: 1  CONDITION APPLIES","NO","MALE","MALE"
1982,64735,3,0,3,33790,5,181,1,3,6,4,2,3,2,2,2,2,1,6,1,7,1,2,40,54,"Female","Non-Black / Non-Hispanic","South (AL, AR, DE, DC, FL, GA, KY, LA, MD, MS, NC, OK, SC, TN , TX, VA, WV)","GED","In CBSA, in central city","YES","3: Mother","YES","NO","NO","NO","YES","0: 0  CONDITION DOES NOT APPLY","ALWAYS WITH RIGHT HAND","ALWAYS WITH RIGHT HAND","ALWAYS WITH RIGHT HAND","ALWAYS WITH RIGHT HAND","ALWAYS WITH LEFT HAND","1: 1  CONDITION APPLIES","1: 1  CONDITION APPLIES","NO","FEMALE","MALE"
1981,29102,3,0,1,33790,5,186,1,1,1,3,3,4,2,2,1,2,1,2,2,6,1,1,33,22,"Male","Hispanic","South (AL, AR, DE, DC, FL, GA, KY, LA, MD, MS, NC, OK, SC, TN , TX, VA, WV)","High school diploma (Regular 12 year program)","In CBSA, not in central city","NO","3: Mother","YES","NO","NO","NO","YES","0: 0  CONDITION DOES NOT APPLY","ALWAYS WITH RIGHT HAND","ALWAYS WITH RIGHT HAND","ALWAYS WITH RIGHT HAND","ALWAYS WITH RIGHT HAND","ALWAYS WITH LEFT HAND","1: 1  CONDITION APPLIES","1: 1  CONDITION APPLIES","NO","FEMALE","FEMALE"
1982,77000,3,0,3,33790,5,183,1,3,4,3,4,3,2,1,1,2,2,4,1,8,1,1,28,23,"Female","Black","South (AL, AR, DE, DC, FL, GA, KY, LA, MD, MS, NC, OK, SC, TN , TX, VA, WV)","Bachelor's degree (BA, BS)","In CBSA, not in central city","NO","3: Mother","YES","NO","NO","NO","YES","0: 0  CONDITION DOES NOT APPLY","ALWAYS WITH RIGHT HAND","ALWAYS WITH RIGHT HAND","ALWAYS WITH RIGHT HAND","USUALLY WITH RIGHT HAND","ALWAYS WITH LEFT HAND","1: 1  CONDITION APPLIES","1: 1  CONDITION APPLIES","NO","FEMALE","MALE"
1985,64735,3,0,1,33790,5,182,1,2,5,4,4,4,2,2,1,2,1,2,3,7,1,1,39,24,"Female","Non-Black / Non-Hispanic","South (AL, AR, DE, DC, FL, GA, KY, LA, MD, MS, NC, OK, SC, TN , TX, VA, WV)","None","In CBSA, not in central city","NO","3: Mother","YES","NO","NO","NO","YES","0: 0  CONDITION DOES NOT APPLY","ALWAYS WITH RIGHT HAND","ALWAYS WITH RIGHT HAND","ALWAYS WITH RIGHT HAND","ALWAYS WITH RIGHT HAND","ALWAYS WITH LEFT HAND","0: 0  CONDITION DOES NOT APPLY","1: 1  CONDITION APPLIES","NO","MALE","MALE"
1983,77500,3,0,2,33790,5,182,1,1,4,3,4,5,2,2,1,2,1,4,1,5,1,1,35,17,"Female","Hispanic","North Central (IL, IN, IA, KS, MI, MN, MO, NE, OH, ND, SD, WI)","Professional degree (DDS, JD, MD)","In CBSA, in central city","NO","3: Mother","NO","NO","NO","NO","YES","0: 0  CONDITION DOES NOT APPLY","ALWAYS WITH RIGHT HAND","DON'T DO THIS ACTIVITY","ALWAYS WITH RIGHT HAND","ALWAYS WITH RIGHT HAND","ALWAYS WITH RIGHT HAND","0: 0  CONDITION DOES NOT APPLY","1: 1  CONDITION APPLIES","NO","MALE","FEMALE"
1980,64735,3,0,3,33790,5,185,2,2,2,5,1,4,2,2,1,1,1,4,1,7,1,1,36,25,"Male","Black","West (AK, AZ, CA, CO, HI, ID, MT, NV, NM, OR, UT, WA, WY)","High school diploma (Regular 12 year program)","In CBSA, not in central city","YES","3: Mother","NO","NO","NO","NO","YES","0: 0  CONDITION DOES NOT APPLY","ALWAYS WITH RIGHT HAND","ALWAYS WITH RIGHT HAND","ALWAYS WITH RIGHT HAND","ALWAYS WITH RIGHT HAND","ALWAYS WITH LEFT HAND","1: 1  CONDITION APPLIES","1: 1  CONDITION APPLIES","NO","MALE","MALE"
1984,64735,5,1,2,33790,5,183,1,1,3,6,4,4,2,2,2,2,1,6,2,5,1,1,30,17,"Female","Non-Black / Non-Hispanic","West (AK, AZ, CA, CO, HI, ID, MT, NV, NM, OR, UT, WA, WY)","High school diploma (Regular 12 year program)","In CBSA, not in central city","NO","3: Mother","NO","NO","NO","NO","YES","0: 0  CONDITION DOES NOT APPLY","ALWAYS WITH RIGHT HAND","ALWAYS WITH RIGHT HAND","ALWAYS WITH RIGHT HAND","ALWAYS WITH RIGHT HAND","ALWAYS WITH LEFT HAND","1: 1  CONDITION APPLIES","0: 0  CONDITION DOES NOT APPLY","NO","FEMALE","MALE"
1980,64735,3,1,2,33790,5,200,1,1,2,3,6,4,2,2,2,2,1,4,1,7,1,1,33,22,"Male","Non-Black / Non-Hispanic","North Central (IL, IN, IA, KS, MI, MN, MO, NE, OH, ND, SD, WI)","High school diploma (Regular 12 year program)","In CBSA, not in central city","NO","3: Mother","YES","NO","NO","NO","YES","0: 0  CONDITION DOES NOT APPLY","ALWAYS WITH RIGHT HAND","ALWAYS WITH RIGHT HAND","ALWAYS WITH RIGHT HAND","ALWAYS WITH RIGHT HAND","ALWAYS WITH LEFT HAND","0: 0  CONDITION DOES NOT APPLY","1: 1  CONDITION APPLIES","NO","FEMALE","MALE"
1981,64735,4,1,1,33790,5,182,1,1,1,4,4,4,2,2,1,2,1,5,2,6,1,1,35,31,"Male","Non-Black / Non-Hispanic","Northeast (CT, ME, MA, NH, NJ, NY, PA, RI, VT)","High school diploma (Regular 12 year program)","In CBSA, not in central city","NO","3: Mother","NO","NO","NO","NO","YES","0: 0  CONDITION DOES NOT APPLY","ALWAYS WITH RIGHT HAND","ALWAYS WITH RIGHT HAND","ALWAYS WITH RIGHT HAND","ALWAYS WITH RIGHT HAND","ALWAYS WITH LEFT HAND","1: 1  CONDITION APPLIES","1: 1  CONDITION APPLIES","NO","MALE","FEMALE"
1984,64735,4,0,4,33790,5,180,1,2,3,4,5,6,1,2,2,2,1,5,2,7,1,1,29,21,"Female","Non-Black / Non-Hispanic","West (AK, AZ, CA, CO, HI, ID, MT, NV, NM, OR, UT, WA, WY)","High school diploma (Regular 12 year program)","In CBSA, in central city","NO","3: Mother","YES","YES","YES","NO","YES","0: 0  CONDITION DOES NOT APPLY","ALWAYS WITH LEFT HAND","ALWAYS WITH LEFT HAND","ALWAYS WITH LEFT HAND","ALWAYS WITH RIGHT HAND","ALWAYS WITH LEFT HAND","1: 1  CONDITION APPLIES","1: 1  CONDITION APPLIES","NO","MALE","MALE"
1982,4550,2,0,2,33790,5,182,1,1,1,2,4,4,2,2,1,2,2,4,2,6,1,1,33,26,"Male","Non-Black / Non-Hispanic","South (AL, AR, DE, DC, FL, GA, KY, LA, MD, MS, NC, OK, SC, TN , TX, VA, WV)","Bachelor's degree (BA, BS)","In CBSA, not in central city","NO","3: Mother","NO","NO","YES","NO","NO","0: 0  CONDITION DOES NOT APPLY","ALWAYS WITH RIGHT HAND","ALWAYS WITH RIGHT HAND","ALWAYS WITH RIGHT HAND","ALWAYS WITH RIGHT HAND","ALWAYS WITH LEFT HAND","1: 1  CONDITION APPLIES","1: 1  CONDITION APPLIES","NO","FEMALE","FEMALE"
1982,64735,5,1,3,33790,5,184,2,3,5,4,3,5,2,2,2,2,1,3,3,7,1,1,28,18,"Female","Non-Black / Non-Hispanic","North Central (IL, IN, IA, KS, MI, MN, MO, NE, OH, ND, SD, WI)","High school diploma (Regular 12 year program)","In CBSA, not in central city","NO","3: Mother","YES","NO","NO","NO","NO","0: 0  CONDITION DOES NOT APPLY","ALWAYS WITH RIGHT HAND","ALWAYS WITH RIGHT HAND","ALWAYS WITH RIGHT HAND","ALWAYS WITH RIGHT HAND","USUALLY WITH LEFT HAND","1: 1  CONDITION APPLIES","1: 1  CONDITION APPLIES","NO","FEMALE","FEMALE"
1982,64735,3,1,4,33790,5,195,1,2,2,5,5,5,2,2,1,2,2,3,1,8,1,2,33,22,"Male","Black","North Central (IL, IN, IA, KS, MI, MN, MO, NE, OH, ND, SD, WI)","Bachelor's degree (BA, BS)","In CBSA, not in central city","NO","3: Mother","NO","NO","NO","NO","YES","0: 0  CONDITION DOES NOT APPLY","ALWAYS WITH RIGHT HAND","ALWAYS WITH RIGHT HAND","ALWAYS WITH RIGHT HAND","ALWAYS WITH RIGHT HAND","ALWAYS WITH LEFT HAND","1: 1  CONDITION APPLIES","1: 1  CONDITION APPLIES","NO","FEMALE","FEMALE"
1983,64735,1,0,1,45000,6,185,1,1,5,2,3,4,2,2,2,2,1,3,4,6,1,1,28,20,"Male","Non-Black / Non-Hispanic","South (AL, AR, DE, DC, FL, GA, KY, LA, MD, MS, NC, OK, SC, TN , TX, VA, WV)","Bachelor's degree (BA, BS)","In CBSA, not in central city","NO","3: Mother","YES","NO","NO","NO","NO","0: 0  CONDITION DOES NOT APPLY","ALWAYS WITH RIGHT HAND","ALWAYS WITH RIGHT HAND","ALWAYS WITH RIGHT HAND","USUALLY WITH RIGHT HAND","ALWAYS WITH LEFT HAND","1: 1  CONDITION APPLIES","1: 1  CONDITION APPLIES","NO","FEMALE","MALE"
1984,64735,4,0,4,33790,5,183,2,1,7,5,5,4,2,2,1,2,1,1,4,6,1,1,30,21,"Male","Non-Black / Non-Hispanic","South (AL, AR, DE, DC, FL, GA, KY, LA, MD, MS, NC, OK, SC, TN , TX, VA, WV)","Bachelor's degree (BA, BS)","In CBSA, not in central city","NO","3: Mother","YES","NO","YES","NO","YES","0: 0  CONDITION DOES NOT APPLY","ALWAYS WITH RIGHT HAND","ALWAYS WITH RIGHT HAND","ALWAYS WITH RIGHT HAND","USUALLY WITH RIGHT HAND","ALWAYS WITH LEFT HAND","1: 1  CONDITION APPLIES","1: 1  CONDITION APPLIES","NO","MALE","MALE"
1983,64735,3,0,2,33790,5,180,1,1,5,1,5,5,2,2,1,2,1,3,2,6,1,1,30,19,"Male","Non-Black / Non-Hispanic","Northeast (CT, ME, MA, NH, NJ, NY, PA, RI, VT)","Bachelor's degree (BA, BS)","In CBSA, not in central city","NO","3: Mother","YES","NO","YES","NO","YES","0: 0  CONDITION DOES NOT APPLY","ALWAYS WITH RIGHT HAND","ALWAYS WITH RIGHT HAND","ALWAYS WITH RIGHT HAND","ALWAYS WITH RIGHT HAND","ALWAYS WITH LEFT HAND","1: 1  CONDITION APPLIES","1: 1  CONDITION APPLIES","NO","MALE","FEMALE"
1984,64735,3,0,2,33790,6,185,2,1,4,4,3,6,2,2,1,2,1,4,5,7,1,1,30,4,"Female","Non-Black / Non-Hispanic","Northeast (CT, ME, MA, NH, NJ, NY, PA, RI, VT)","Associate/Junior college (AA)","In CBSA, not in central city","NO","3: Mother","YES","NO","YES","NO","YES","0: 0  CONDITION DOES NOT APPLY","ALWAYS WITH LEFT HAND","USUALLY WITH LEFT HAND","ALWAYS WITH LEFT HAND","ALWAYS WITH LEFT HAND","ALWAYS WITH RIGHT HAND","1: 1  CONDITION APPLIES","1: 1  CONDITION APPLIES","NO","MALE","MALE"
1981,64735,3,0,2,33790,5,184,2,2,3,4,3,2,2,2,1,2,1,4,3,4,1,1,28,22,"Male","Black","Northeast (CT, ME, MA, NH, NJ, NY, PA, RI, VT)","Associate/Junior college (AA)","In CBSA, in central city","NO","3: Mother","NO","YES","NO","NO","YES","0: 0  CONDITION DOES NOT APPLY","ALWAYS WITH RIGHT HAND","ALWAYS WITH RIGHT HAND","ALWAYS WITH RIGHT HAND","ALWAYS WITH RIGHT HAND","USUALLY WITH BOTH HANDS EQUALLY","0: 0  CONDITION DOES NOT APPLY","1: 1  CONDITION APPLIES","NO","MALE","FEMALE"
1984,64735,1,0,3,33790,5,182,2,1,3,4,5,3,2,2,1,2,1,6,4,7,1,1,31,26,"Female","Non-Black / Non-Hispanic","Northeast (CT, ME, MA, NH, NJ, NY, PA, RI, VT)","Bachelor's degree (BA, BS)","In CBSA, in central city","NO","3: Mother","YES","NO","YES","NO","YES","0: 0  CONDITION DOES NOT APPLY","ALWAYS WITH RIGHT HAND","ALWAYS WITH RIGHT HAND","ALWAYS WITH RIGHT HAND","ALWAYS WITH RIGHT HAND","USUALLY WITH BOTH HANDS EQUALLY","1: 1  CONDITION APPLIES","1: 1  CONDITION APPLIES","NO","FEMALE","MALE"
1984,64735,3,0,2,33790,5,165,1,1,4,3,5,1,2,2,2,2,2,4,1,7,1,1,31,23,"Male","Non-Black / Non-Hispanic","West (AK, AZ, CA, CO, HI, ID, MT, NV, NM, OR, UT, WA, WY)","High school diploma (Regular 12 year program)","In CBSA, not in central city","YES","3: Mother","YES","NO","NO","NO","YES","0: 0  CONDITION DOES NOT APPLY","ALWAYS WITH RIGHT HAND","ALWAYS WITH RIGHT HAND","ALWAYS WITH RIGHT HAND","ALWAYS WITH RIGHT HAND","ALWAYS WITH LEFT HAND","1: 1  CONDITION APPLIES","1: 1  CONDITION APPLIES","NO","MALE","MALE"
1983,64735,4,0,2,33790,5,181,1,2,3,4,3,8,2,2,1,1,1,3,2,8,1,1,32,24,"Female","Non-Black / Non-Hispanic","Northeast (CT, ME, MA, NH, NJ, NY, PA, RI, VT)","High school diploma (Regular 12 year program)","In CBSA, not in central city","YES","3: Mother","NO","NO","NO","NO","YES","1: 1  CONDITION APPLIES","ALWAYS WITH RIGHT HAND","ALWAYS WITH RIGHT HAND","USUALLY WITH BOTH HANDS EQUALLY","ALWAYS WITH RIGHT HAND","ALWAYS WITH RIGHT HAND","0: 0  CONDITION DOES NOT APPLY","0: 0  CONDITION DOES NOT APPLY","NO","MALE","FEMALE"
1983,64735,2,1,1,33790,5,164,1,1,4,3,5,5,2,2,1,2,1,3,3,8,1,1,30,24,"Female","Non-Black / Non-Hispanic","Northeast (CT, ME, MA, NH, NJ, NY, PA, RI, VT)","Bachelor's degree (BA, BS)","In CBSA, not in central city","YES","3: Mother","YES","NO","NO","NO","YES","0: 0  CONDITION DOES NOT APPLY","USUALLY WITH RIGHT HAND","ALWAYS WITH RIGHT HAND","ALWAYS WITH RIGHT HAND","ALWAYS WITH RIGHT HAND","ALWAYS WITH RIGHT HAND","1: 1  CONDITION APPLIES","0: 0  CONDITION DOES NOT APPLY","NO","MALE","FEMALE"
1982,64735,5,0,1,33790,6,181,1,1,5,3,4,5,2,2,1,2,1,3,2,5,5,5,35,18,"Male","Non-Black / Non-Hispanic","North Central (IL, IN, IA, KS, MI, MN, MO, NE, OH, ND, SD, WI)","Bachelor's degree (BA, BS)","In CBSA, not in central city","NO","3: Mother","YES","NO","YES","NO","YES","0: 0  CONDITION DOES NOT APPLY","ALWAYS WITH RIGHT HAND","ALWAYS WITH RIGHT HAND","ALWAYS WITH RIGHT HAND","ALWAYS WITH RIGHT HAND","ALWAYS WITH LEFT HAND","1: 1  CONDITION APPLIES","0: 0  CONDITION DOES NOT APPLY","NO","MALE","MALE"
1980,64735,2,0,1,33790,5,182,1,2,4,3,2,5,2,2,2,2,1,6,2,7,1,1,32,24,"Female","Non-Black / Non-Hispanic","South (AL, AR, DE, DC, FL, GA, KY, LA, MD, MS, NC, OK, SC, TN , TX, VA, WV)","High school diploma (Regular 12 year program)","In CBSA, not in central city","NO","3: Mother","YES","NO","YES","NO","YES","0: 0  CONDITION DOES NOT APPLY","ALWAYS WITH RIGHT HAND","ALWAYS WITH RIGHT HAND","ALWAYS WITH RIGHT HAND","ALWAYS WITH RIGHT HAND","ALWAYS WITH LEFT HAND","1: 1  CONDITION APPLIES","1: 1  CONDITION APPLIES","NO","FEMALE","MALE"
1983,64735,4,1,3,33790,5,145,1,1,2,2,3,2,2,2,1,1,1,5,3,7,1,1,32,21,"Male","Hispanic","Northeast (CT, ME, MA, NH, NJ, NY, PA, RI, VT)","High school diploma (Regular 12 year program)","In CBSA, in central city","NO","3: Mother","YES","YES","NO","NO","YES","0: 0  CONDITION DOES NOT APPLY","DON'T DO THIS ACTIVITY","DON'T DO THIS ACTIVITY","USUALLY WITH BOTH HANDS EQUALLY","USUALLY WITH BOTH HANDS EQUALLY","USUALLY WITH BOTH HANDS EQUALLY","1: 1  CONDITION APPLIES","1: 1  CONDITION APPLIES","NO","FEMALE","FEMALE"
1984,64735,3,0,1,33790,5,280,2,2,2,5,5,1,2,2,1,2,1,3,1,6,1,1,29,21,"Female","Non-Black / Non-Hispanic","Northeast (CT, ME, MA, NH, NJ, NY, PA, RI, VT)","High school diploma (Regular 12 year program)","In CBSA, not in central city","YES","3: Mother","YES","NO","NO","NO","YES","0: 0  CONDITION DOES NOT APPLY","ALWAYS WITH RIGHT HAND","ALWAYS WITH RIGHT HAND","ALWAYS WITH RIGHT HAND","ALWAYS WITH RIGHT HAND","ALWAYS WITH LEFT HAND","1: 1  CONDITION APPLIES","1: 1  CONDITION APPLIES","NO","FEMALE","MALE"
1985,64735,1,0,1,33790,5,184,2,1,3,5,1,3,2,2,2,2,1,6,2,6,1,1,30,21,"Male","Non-Black / Non-Hispanic","South (AL, AR, DE, DC, FL, GA, KY, LA, MD, MS, NC, OK, SC, TN , TX, VA, WV)","Master's degree (MA, MS)","In CBSA, not in central city","NO","3: Mother","YES","NO","NO","NO","YES","0: 0  CONDITION DOES NOT APPLY","ALWAYS WITH RIGHT HAND","USUALLY WITH RIGHT HAND","ALWAYS WITH RIGHT HAND","ALWAYS WITH RIGHT HAND","ALWAYS WITH LEFT HAND","1: 1  CONDITION APPLIES","1: 1  CONDITION APPLIES","NO","FEMALE","MALE"
1980,64735,4,1,3,35000,5,176,2,1,5,1,2,3,2,2,1,2,1,6,3,6,1,1,32,21,"Male","Mixed Race (Non-Hispanic)","West (AK, AZ, CA, CO, HI, ID, MT, NV, NM, OR, UT, WA, WY)","High school diploma (Regular 12 year program)","In CBSA, in central city","YES","3: Mother","YES","NO","NO","NO","YES","0: 0  CONDITION DOES NOT APPLY","ALWAYS WITH RIGHT HAND","DON'T DO THIS ACTIVITY","ALWAYS WITH RIGHT HAND","ALWAYS WITH RIGHT HAND","ALWAYS WITH LEFT HAND","1: 1  CONDITION APPLIES","0: 0  CONDITION DOES NOT APPLY","NO","FEMALE","MALE"
1980,64735,4,0,4,33790,6,184,1,1,1,2,4,2,2,2,1,1,2,1,4,7,1,1,31,27,"Male","Non-Black / Non-Hispanic","Northeast (CT, ME, MA, NH, NJ, NY, PA, RI, VT)","GED","In CBSA, not in central city","YES","3: Mother","NO","YES","NO","NO","NO","0: 0  CONDITION DOES NOT APPLY","ALWAYS WITH LEFT HAND","ALWAYS WITH RIGHT HAND","ALWAYS WITH RIGHT HAND","ALWAYS WITH RIGHT HAND","ALWAYS WITH LEFT HAND","1: 1  CONDITION APPLIES","1: 1  CONDITION APPLIES","NO","FEMALE","MALE"
1986,64735,4,0,4,33790,5,180,1,1,3,3,4,4,1,2,1,1,1,6,3,6,1,1,29,17,"Male","Non-Black / Non-Hispanic","North Central (IL, IN, IA, KS, MI, MN, MO, NE, OH, ND, SD, WI)","GED","In CBSA, in central city","NO","3: Mother","YES","NO","NO","NO","YES","0: 0  CONDITION DOES NOT APPLY","ALWAYS WITH RIGHT HAND","ALWAYS WITH RIGHT HAND","ALWAYS WITH RIGHT HAND","ALWAYS WITH RIGHT HAND","ALWAYS WITH LEFT HAND","1: 1  CONDITION APPLIES","1: 1  CONDITION APPLIES","NO","FEMALE","FEMALE"
1982,64735,3,0,2,33790,6,183,1,1,1,2,2,3,2,2,1,1,1,7,2,7,1,1,33,28,"Male","Non-Black / Non-Hispanic","South (AL, AR, DE, DC, FL, GA, KY, LA, MD, MS, NC, OK, SC, TN , TX, VA, WV)","High school diploma (Regular 12 year program)","In CBSA, not in central city","YES","3: Mother","YES","NO","YES","NO","YES","0: 0  CONDITION DOES NOT APPLY","ALWAYS WITH RIGHT HAND","ALWAYS WITH RIGHT HAND","ALWAYS WITH RIGHT HAND","ALWAYS WITH RIGHT HAND","ALWAYS WITH LEFT HAND","1: 1  CONDITION APPLIES","0: 0  CONDITION DOES NOT APPLY","NO","FEMALE","MALE"
1980,64735,3,1,2,33790,5,182,2,1,5,4,5,2,2,2,2,2,1,6,1,6,1,1,31,20,"Female","Non-Black / Non-Hispanic","West (AK, AZ, CA, CO, HI, ID, MT, NV, NM, OR, UT, WA, WY)","High school diploma (Regular 12 year program)","In CBSA, in central city","NO","3: Mother","YES","NO","YES","NO","YES","0: 0  CONDITION DOES NOT APPLY","ALWAYS WITH RIGHT HAND","ALWAYS WITH RIGHT HAND","ALWAYS WITH RIGHT HAND","ALWAYS WITH RIGHT HAND","ALWAYS WITH RIGHT HAND","0: 0  CONDITION DOES NOT APPLY","1: 1  CONDITION APPLIES","NO","MALE","FEMALE"
1985,64735,2,0,3,33790,5,179,1,1,3,3,4,5,1,1,1,1,1,5,4,6,1,1,32,19,"Male","Non-Black / Non-Hispanic","South (AL, AR, DE, DC, FL, GA, KY, LA, MD, MS, NC, OK, SC, TN , TX, VA, WV)","Bachelor's degree (BA, BS)","Not in CBSA","NO","3: Mother","YES","NO","NO","NO","YES","0: 0  CONDITION DOES NOT APPLY","ALWAYS WITH RIGHT HAND","ALWAYS WITH LEFT HAND","ALWAYS WITH RIGHT HAND","ALWAYS WITH RIGHT HAND","ALWAYS WITH LEFT HAND","1: 1  CONDITION APPLIES","0: 0  CONDITION DOES NOT APPLY","NO","MALE","FEMALE"
1983,111036,2,1,4,33790,5,182,1,1,2,3,3,4,2,1,2,1,1,6,2,8,1,1,30,22,"Male","Non-Black / Non-Hispanic","Northeast (CT, ME, MA, NH, NJ, NY, PA, RI, VT)","Bachelor's degree (BA, BS)","In CBSA, not in central city","NO","3: Mother","NO","NO","NO","NO","YES","0: 0  CONDITION DOES NOT APPLY","ALWAYS WITH RIGHT HAND","ALWAYS WITH RIGHT HAND","ALWAYS WITH RIGHT HAND","ALWAYS WITH RIGHT HAND","ALWAYS WITH LEFT HAND","1: 1  CONDITION APPLIES","1: 1  CONDITION APPLIES","NO","FEMALE","MALE"
1982,64735,2,0,2,33790,5,182,1,2,4,4,4,5,2,1,1,1,2,6,1,7,1,1,28,58,"Male","Non-Black / Non-Hispanic","Northeast (CT, ME, MA, NH, NJ, NY, PA, RI, VT)","Associate/Junior college (AA)","In CBSA, not in central city","YES","3: Mother","YES","NO","YES","NO","YES","0: 0  CONDITION DOES NOT APPLY","ALWAYS WITH RIGHT HAND","ALWAYS WITH RIGHT HAND","ALWAYS WITH RIGHT HAND","ALWAYS WITH RIGHT HAND","ALWAYS WITH LEFT HAND","0: 0  CONDITION DOES NOT APPLY","1: 1  CONDITION APPLIES","NO","MALE","MALE"
1982,64735,2,1,2,33790,5,183,1,1,3,3,2,3,2,2,1,2,1,5,2,8,1,1,29,20,"Female","Non-Black / Non-Hispanic","Northeast (CT, ME, MA, NH, NJ, NY, PA, RI, VT)","Bachelor's degree (BA, BS)","In CBSA, not in central city","NO","3: Mother","YES","NO","NO","NO","YES","0: 0  CONDITION DOES NOT APPLY","ALWAYS WITH RIGHT HAND","ALWAYS WITH RIGHT HAND","ALWAYS WITH RIGHT HAND","ALWAYS WITH RIGHT HAND","ALWAYS WITH LEFT HAND","1: 1  CONDITION APPLIES","1: 1  CONDITION APPLIES","NO","FEMALE","FEMALE"
1985,92000,1,0,2,39000,5,185,1,2,4,5,2,5,1,1,2,2,1,6,1,8,1,1,32,25,"Male","Non-Black / Non-Hispanic","Northeast (CT, ME, MA, NH, NJ, NY, PA, RI, VT)","Bachelor's degree (BA, BS)","In CBSA, not in central city","NO","3: Mother","YES","NO","NO","NO","YES","0: 0  CONDITION DOES NOT APPLY","ALWAYS WITH LEFT HAND","ALWAYS WITH RIGHT HAND","ALWAYS WITH LEFT HAND","ALWAYS WITH RIGHT HAND","ALWAYS WITH LEFT HAND","0: 0  CONDITION DOES NOT APPLY","1: 1  CONDITION APPLIES","NO","MALE","MALE"
1982,316618,1,0,1,30000,6,184,1,1,2,4,2,1,2,2,1,2,1,7,2,5,1,1,35,20,"Male","Hispanic","South (AL, AR, DE, DC, FL, GA, KY, LA, MD, MS, NC, OK, SC, TN , TX, VA, WV)","High school diploma (Regular 12 year program)","In CBSA, not in central city","NO","3: Mother","YES","YES","NO","NO","YES","0: 0  CONDITION DOES NOT APPLY","ALWAYS WITH RIGHT HAND","ALWAYS WITH RIGHT HAND","ALWAYS WITH RIGHT HAND","ALWAYS WITH RIGHT HAND","ALWAYS WITH LEFT HAND","1: 1  CONDITION APPLIES","1: 1  CONDITION APPLIES","YES","MALE","FEMALE"
1981,64735,6,1,3,33790,5,168,1,2,5,2,3,5,2,2,1,1,1,6,2,7,1,1,2,10,"Female","Black","North Central (IL, IN, IA, KS, MI, MN, MO, NE, OH, ND, SD, WI)","Professional degree (DDS, JD, MD)","In CBSA, in central city","NO","3: Mother","YES","NO","NO","NO","NO","0: 0  CONDITION DOES NOT APPLY","ALWAYS WITH RIGHT HAND","ALWAYS WITH RIGHT HAND","ALWAYS WITH RIGHT HAND","ALWAYS WITH RIGHT HAND","DON'T DO THIS ACTIVITY","1: 1  CONDITION APPLIES","1: 1  CONDITION APPLIES","NO","MALE","MALE"
1982,64735,3,0,1,33790,5,183,1,2,4,4,2,4,1,2,2,2,1,2,3,6,1,1,36,24,"Male","Non-Black / Non-Hispanic","West (AK, AZ, CA, CO, HI, ID, MT, NV, NM, OR, UT, WA, WY)","High school diploma (Regular 12 year program)","In CBSA, in central city","YES","3: Mother","YES","NO","YES","NO","YES","0: 0  CONDITION DOES NOT APPLY","ALWAYS WITH RIGHT HAND","ALWAYS WITH RIGHT HAND","ALWAYS WITH RIGHT HAND","ALWAYS WITH RIGHT HAND","ALWAYS WITH LEFT HAND","1: 1  CONDITION APPLIES","1: 1  CONDITION APPLIES","NO","FEMALE","MALE"
1983,64735,2,1,3,33790,5,205,3,3,5,6,1,2,2,2,1,2,1,6,1,6,1,1,24,21,"Female","Non-Black / Non-Hispanic","Northeast (CT, ME, MA, NH, NJ, NY, PA, RI, VT)","GED","In CBSA, in central city","YES","3: Mother","YES","NO","NO","NO","YES","0: 0  CONDITION DOES NOT APPLY","ALWAYS WITH RIGHT HAND","ALWAYS WITH RIGHT HAND","ALWAYS WITH RIGHT HAND","ALWAYS WITH RIGHT HAND","ALWAYS WITH LEFT HAND","1: 1  CONDITION APPLIES","1: 1  CONDITION APPLIES","NO","MALE","FEMALE"
1982,77000,3,1,3,33790,5,195,1,1,4,4,2,3,2,2,2,2,1,3,3,8,1,1,26,16,"Male","Non-Black / Non-Hispanic","Northeast (CT, ME, MA, NH, NJ, NY, PA, RI, VT)","High school diploma (Regular 12 year program)","In CBSA, not in central city","NO","3: Mother","YES","YES","NO","NO","YES","0: 0  CONDITION DOES NOT APPLY","ALWAYS WITH RIGHT HAND","ALWAYS WITH RIGHT HAND","ALWAYS WITH RIGHT HAND","ALWAYS WITH RIGHT HAND","ALWAYS WITH LEFT HAND","0: 0  CONDITION DOES NOT APPLY","1: 1  CONDITION APPLIES","NO","MALE","MALE"
1983,64735,3,0,1,33790,5,185,1,1,4,4,3,4,2,2,1,2,1,6,1,6,1,1,29,20,"Male","Non-Black / Non-Hispanic","Northeast (CT, ME, MA, NH, NJ, NY, PA, RI, VT)","Bachelor's degree (BA, BS)","In CBSA, not in central city","NO","3: Mother","YES","NO","NO","NO","YES","0: 0  CONDITION DOES NOT APPLY","ALWAYS WITH RIGHT HAND","ALWAYS WITH RIGHT HAND","ALWAYS WITH RIGHT HAND","ALWAYS WITH RIGHT HAND","ALWAYS WITH LEFT HAND","1: 1  CONDITION APPLIES","1: 1  CONDITION APPLIES","NO","FEMALE","FEMALE"
1983,64735,4,0,7,33790,5,183,1,3,5,4,4,3,2,2,2,2,2,3,2,7,1,1,27,25,"Male","Hispanic","South (AL, AR, DE, DC, FL, GA, KY, LA, MD, MS, NC, OK, SC, TN , TX, VA, WV)","High school diploma (Regular 12 year program)","In CBSA, not in central city","YES","3: Mother","YES","YES","NO","NO","NO","0: 0  CONDITION DOES NOT APPLY","ALWAYS WITH RIGHT HAND","ALWAYS WITH RIGHT HAND","ALWAYS WITH RIGHT HAND","ALWAYS WITH RIGHT HAND","ALWAYS WITH LEFT HAND","0: 0  CONDITION DOES NOT APPLY","1: 1  CONDITION APPLIES","NO","FEMALE","FEMALE"
1982,64735,3,0,2,33790,5,182,1,3,3,1,2,7,1,2,1,2,2,6,2,8,1,1,37,33,"Male","Non-Black / Non-Hispanic","Northeast (CT, ME, MA, NH, NJ, NY, PA, RI, VT)","Bachelor's degree (BA, BS)","In CBSA, not in central city","NO","3: Mother","NO","NO","YES","NO","YES","0: 0  CONDITION DOES NOT APPLY","ALWAYS WITH RIGHT HAND","ALWAYS WITH RIGHT HAND","ALWAYS WITH RIGHT HAND","ALWAYS WITH RIGHT HAND","ALWAYS WITH LEFT HAND","0: 0  CONDITION DOES NOT APPLY","1: 1  CONDITION APPLIES","NO","MALE","MALE"
1980,64735,2,1,2,33790,5,182,1,1,4,4,2,6,2,2,1,2,1,6,5,7,2,1,31,22,"Male","Non-Black / Non-Hispanic","Northeast (CT, ME, MA, NH, NJ, NY, PA, RI, VT)","High school diploma (Regular 12 year program)","In CBSA, not in central city","NO","3: Mother","YES","NO","YES","NO","YES","0: 0  CONDITION DOES NOT APPLY","ALWAYS WITH RIGHT HAND","ALWAYS WITH RIGHT HAND","ALWAYS WITH RIGHT HAND","ALWAYS WITH RIGHT HAND","ALWAYS WITH LEFT HAND","1: 1  CONDITION APPLIES","1: 1  CONDITION APPLIES","NO","FEMALE","MALE"
1983,64735,2,0,3,33790,5,135,1,1,3,4,2,4,2,2,1,2,2,6,2,7,1,1,31,19,"Male","Non-Black / Non-Hispanic","North Central (IL, IN, IA, KS, MI, MN, MO, NE, OH, ND, SD, WI)","Bachelor's degree (BA, BS)","In CBSA, not in central city","NO","3: Mother","NO","NO","NO","NO","YES","0: 0  CONDITION DOES NOT APPLY","ALWAYS WITH RIGHT HAND","ALWAYS WITH RIGHT HAND","ALWAYS WITH RIGHT HAND","ALWAYS WITH RIGHT HAND","ALWAYS WITH LEFT HAND","1: 1  CONDITION APPLIES","1: 1  CONDITION APPLIES","NO","FEMALE","MALE"
1983,116474,3,0,2,33790,5,150,1,1,1,4,2,3,2,2,2,2,1,4,2,6,1,2,55,27,"Female","Non-Black / Non-Hispanic","South (AL, AR, DE, DC, FL, GA, KY, LA, MD, MS, NC, OK, SC, TN , TX, VA, WV)","Bachelor's degree (BA, BS)","In CBSA, not in central city","YES","3: Mother","YES","NO","NO","NO","YES","0: 0  CONDITION DOES NOT APPLY","ALWAYS WITH RIGHT HAND","USUALLY WITH RIGHT HAND","ALWAYS WITH RIGHT HAND","ALWAYS WITH RIGHT HAND","ALWAYS WITH LEFT HAND","0: 0  CONDITION DOES NOT APPLY","1: 1  CONDITION APPLIES","NO","FEMALE","MALE"
1983,64735,2,1,1,33790,5,182,1,3,2,4,8,1,2,2,1,2,1,6,3,6,1,1,33,24,"Female","Hispanic","South (AL, AR, DE, DC, FL, GA, KY, LA, MD, MS, NC, OK, SC, TN , TX, VA, WV)","Associate/Junior college (AA)","In CBSA, in central city","NO","3: Mother","YES","NO","YES","NO","YES","0: 0  CONDITION DOES NOT APPLY","ALWAYS WITH RIGHT HAND","ALWAYS WITH RIGHT HAND","ALWAYS WITH RIGHT HAND","ALWAYS WITH RIGHT HAND","ALWAYS WITH LEFT HAND","1: 1  CONDITION APPLIES","1: 1  CONDITION APPLIES","YES","FEMALE","MALE"
1984,64735,2,0,1,33790,5,182,2,3,3,3,6,6,2,2,1,1,1,5,4,7,1,1,31,25,"Female","Non-Black / Non-Hispanic","West (AK, AZ, CA, CO, HI, ID, MT, NV, NM, OR, UT, WA, WY)","High school diploma (Regular 12 year program)","In CBSA, not in central city","NO","3: Mother","YES","NO","YES","NO","YES","0: 0  CONDITION DOES NOT APPLY","ALWAYS WITH RIGHT HAND","ALWAYS WITH RIGHT HAND","ALWAYS WITH RIGHT HAND","ALWAYS WITH RIGHT HAND","ALWAYS WITH RIGHT HAND","1: 1  CONDITION APPLIES","1: 1  CONDITION APPLIES","NO","FEMALE","MALE"
1984,64735,2,0,3,33790,5,182,1,1,8,3,1,4,2,2,1,2,1,6,3,7,1,1,24,19,"Male","Black","Northeast (CT, ME, MA, NH, NJ, NY, PA, RI, VT)","High school diploma (Regular 12 year program)","In CBSA, in central city","NO","3: Mother","YES","NO","NO","NO","YES","0: 0  CONDITION DOES NOT APPLY","ALWAYS WITH RIGHT HAND","ALWAYS WITH RIGHT HAND","ALWAYS WITH RIGHT HAND","ALWAYS WITH RIGHT HAND","ALWAYS WITH LEFT HAND","0: 0  CONDITION DOES NOT APPLY","1: 1  CONDITION APPLIES","NO","FEMALE","MALE"
1983,64735,3,0,2,33790,5,185,2,1,2,4,4,2,2,2,1,2,1,3,2,6,1,1,32,20,"Female","Non-Black / Non-Hispanic","West (AK, AZ, CA, CO, HI, ID, MT, NV, NM, OR, UT, WA, WY)","High school diploma (Regular 12 year program)","In CBSA, not in central city","YES","3: Mother","NO","NO","NO","NO","YES","0: 0  CONDITION DOES NOT APPLY","ALWAYS WITH RIGHT HAND","ALWAYS WITH RIGHT HAND","ALWAYS WITH RIGHT HAND","ALWAYS WITH RIGHT HAND","ALWAYS WITH LEFT HAND","1: 1  CONDITION APPLIES","1: 1  CONDITION APPLIES","NO","FEMALE","MALE"
1981,64735,3,1,6,33790,5,183,1,2,3,3,1,2,2,1,2,2,1,3,4,7,1,1,33,29,"Male","Hispanic","North Central (IL, IN, IA, KS, MI, MN, MO, NE, OH, ND, SD, WI)","GED","In CBSA, in central city","NO","3: Mother","YES","YES","NO","NO","YES","0: 0  CONDITION DOES NOT APPLY","ALWAYS WITH RIGHT HAND","ALWAYS WITH RIGHT HAND","ALWAYS WITH RIGHT HAND","ALWAYS WITH RIGHT HAND","ALWAYS WITH LEFT HAND","1: 1  CONDITION APPLIES","1: 1  CONDITION APPLIES","NO","FEMALE","MALE"
1981,22251,5,1,2,33790,5,185,1,1,1,4,3,4,2,2,1,2,1,6,3,8,1,1,28,8,"Male","Non-Black / Non-Hispanic","North Central (IL, IN, IA, KS, MI, MN, MO, NE, OH, ND, SD, WI)","High school diploma (Regular 12 year program)","In CBSA, not in central city","NO","3: Mother","YES","NO","NO","NO","YES","0: 0  CONDITION DOES NOT APPLY","ALWAYS WITH RIGHT HAND","ALWAYS WITH RIGHT HAND","ALWAYS WITH RIGHT HAND","ALWAYS WITH RIGHT HAND","ALWAYS WITH LEFT HAND","1: 1  CONDITION APPLIES","1: 1  CONDITION APPLIES","NO","FEMALE","MALE"
1981,64735,4,0,2,44000,5,183,1,1,5,3,4,5,2,2,1,2,2,3,3,5,1,1,30,4,"Male","Non-Black / Non-Hispanic","West (AK, AZ, CA, CO, HI, ID, MT, NV, NM, OR, UT, WA, WY)","High school diploma (Regular 12 year program)","In CBSA, not in central city","NO","3: Mother","YES","NO","YES","NO","NO","0: 0  CONDITION DOES NOT APPLY","ALWAYS WITH RIGHT HAND","ALWAYS WITH RIGHT HAND","ALWAYS WITH RIGHT HAND","ALWAYS WITH RIGHT HAND","ALWAYS WITH LEFT HAND","1: 1  CONDITION APPLIES","0: 0  CONDITION DOES NOT APPLY","NO","FEMALE","MALE"
1984,81370,4,0,2,10500,5,145,2,2,5,2,2,5,2,2,2,2,1,6,4,5,1,1,30,22,"Female","Non-Black / Non-Hispanic","Northeast (CT, ME, MA, NH, NJ, NY, PA, RI, VT)","GED","In CBSA, in central city","NO","3: Mother","YES","NO","NO","NO","YES","0: 0  CONDITION DOES NOT APPLY","ALWAYS WITH RIGHT HAND","ALWAYS WITH RIGHT HAND","ALWAYS WITH RIGHT HAND","USUALLY WITH BOTH HANDS EQUALLY","ALWAYS WITH LEFT HAND","1: 1  CONDITION APPLIES","1: 1  CONDITION APPLIES","NO","FEMALE","MALE"
1983,64735,3,1,1,33790,5,170,1,1,3,5,3,5,2,1,2,1,2,2,1,7,1,1,27,17,"Female","Non-Black / Non-Hispanic","North Central (IL, IN, IA, KS, MI, MN, MO, NE, OH, ND, SD, WI)","GED","In CBSA, not in central city","NO","3: Mother","YES","NO","NO","NO","NO","1: 1  CONDITION APPLIES","ALWAYS WITH RIGHT HAND","ALWAYS WITH RIGHT HAND","ALWAYS WITH RIGHT HAND","ALWAYS WITH RIGHT HAND","ALWAYS WITH LEFT HAND","1: 1  CONDITION APPLIES","0: 0  CONDITION DOES NOT APPLY","NO","MALE","MALE"
1982,64735,4,1,1,33790,5,183,1,1,3,4,3,5,2,1,2,1,1,2,2,7,1,1,29,8,"Female","Non-Black / Non-Hispanic","North Central (IL, IN, IA, KS, MI, MN, MO, NE, OH, ND, SD, WI)","Associate/Junior college (AA)","In CBSA, not in central city","NO","3: Mother","NO","NO","NO","NO","YES","0: 0  CONDITION DOES NOT APPLY","ALWAYS WITH RIGHT HAND","ALWAYS WITH RIGHT HAND","ALWAYS WITH RIGHT HAND","ALWAYS WITH RIGHT HAND","ALWAYS WITH LEFT HAND","1: 1  CONDITION APPLIES","1: 1  CONDITION APPLIES","NO","MALE","FEMALE"
1981,12297,3,0,3,33790,5,184,1,1,5,7,3,5,2,2,1,2,1,7,2,7,1,1,27,20,"Male","Non-Black / Non-Hispanic","North Central (IL, IN, IA, KS, MI, MN, MO, NE, OH, ND, SD, WI)","High school diploma (Regular 12 year program)","In CBSA, not in central city","NO","3: Mother","YES","NO","NO","NO","YES","0: 0  CONDITION DOES NOT APPLY","ALWAYS WITH LEFT HAND","ALWAYS WITH LEFT HAND","ALWAYS WITH LEFT HAND","ALWAYS WITH LEFT HAND","ALWAYS WITH LEFT HAND","1: 1  CONDITION APPLIES","1: 1  CONDITION APPLIES","NO","FEMALE","MALE"
1981,64735,5,1,3,41000,5,182,1,2,4,6,2,2,2,2,1,2,2,6,1,6,1,1,29,24,"Male","Non-Black / Non-Hispanic","South (AL, AR, DE, DC, FL, GA, KY, LA, MD, MS, NC, OK, SC, TN , TX, VA, WV)","High school diploma (Regular 12 year program)","In CBSA, not in central city","NO","3: Mother","YES","NO","NO","NO","YES","0: 0  CONDITION DOES NOT APPLY","ALWAYS WITH RIGHT HAND","ALWAYS WITH RIGHT HAND","ALWAYS WITH RIGHT HAND","ALWAYS WITH RIGHT HAND","ALWAYS WITH LEFT HAND","1: 1  CONDITION APPLIES","1: 1  CONDITION APPLIES","NO","FEMALE","MALE"
1980,64735,3,1,2,26000,5,183,1,1,4,3,1,4,2,1,1,2,1,4,4,7,1,1,33,22,"Male","Non-Black / Non-Hispanic","Northeast (CT, ME, MA, NH, NJ, NY, PA, RI, VT)","Bachelor's degree (BA, BS)","In CBSA, not in central city","NO","3: Mother","YES","NO","YES","NO","YES","0: 0  CONDITION DOES NOT APPLY","ALWAYS WITH RIGHT HAND","ALWAYS WITH RIGHT HAND","ALWAYS WITH RIGHT HAND","ALWAYS WITH RIGHT HAND","ALWAYS WITH LEFT HAND","1: 1  CONDITION APPLIES","1: 1  CONDITION APPLIES","NO","FEMALE","FEMALE"
1982,64735,3,1,2,33790,5,150,1,1,3,4,4,4,2,2,1,2,1,6,3,8,1,1,3,18,"Female","Non-Black / Non-Hispanic","West (AK, AZ, CA, CO, HI, ID, MT, NV, NM, OR, UT, WA, WY)","Bachelor's degree (BA, BS)","In CBSA, in central city","NO","3: Mother","YES","NO","NO","NO","YES","0: 0  CONDITION DOES NOT APPLY","ALWAYS WITH RIGHT HAND","ALWAYS WITH RIGHT HAND","ALWAYS WITH RIGHT HAND","ALWAYS WITH RIGHT HAND","ALWAYS WITH LEFT HAND","1: 1  CONDITION APPLIES","1: 1  CONDITION APPLIES","NO","FEMALE","MALE"
1983,64735,5,2,2,33790,5,182,1,2,3,6,2,1,2,2,1,2,1,4,2,7,1,1,37,17,"Female","Non-Black / Non-Hispanic","West (AK, AZ, CA, CO, HI, ID, MT, NV, NM, OR, UT, WA, WY)","High school diploma (Regular 12 year program)","In CBSA, in central city","NO","3: Mother","NO","NO","NO","NO","YES","0: 0  CONDITION DOES NOT APPLY","ALWAYS WITH RIGHT HAND","ALWAYS WITH RIGHT HAND","ALWAYS WITH RIGHT HAND","ALWAYS WITH RIGHT HAND","ALWAYS WITH LEFT HAND","0: 0  CONDITION DOES NOT APPLY","1: 1  CONDITION APPLIES","NO","FEMALE","FEMALE"
1984,64735,2,0,1,33790,5,185,1,1,2,4,3,4,2,1,1,1,1,6,3,6,1,1,25,23,"Male","Non-Black / Non-Hispanic","North Central (IL, IN, IA, KS, MI, MN, MO, NE, OH, ND, SD, WI)","High school diploma (Regular 12 year program)","In CBSA, in central city","NO","3: Mother","NO","YES","YES","NO","NO","0: 0  CONDITION DOES NOT APPLY","ALWAYS WITH RIGHT HAND","ALWAYS WITH RIGHT HAND","ALWAYS WITH RIGHT HAND","ALWAYS WITH RIGHT HAND","ALWAYS WITH LEFT HAND","1: 1  CONDITION APPLIES","1: 1  CONDITION APPLIES","NO","FEMALE","FEMALE"
1982,64735,3,1,3,33790,5,182,2,1,3,4,2,4,2,2,1,2,1,9,1,6,1,2,32,23,"Female","Non-Black / Non-Hispanic","North Central (IL, IN, IA, KS, MI, MN, MO, NE, OH, ND, SD, WI)","Bachelor's degree (BA, BS)","In CBSA, not in central city","NO","3: Mother","YES","NO","NO","NO","YES","0: 0  CONDITION DOES NOT APPLY","ALWAYS WITH RIGHT HAND","ALWAYS WITH RIGHT HAND","ALWAYS WITH RIGHT HAND","ALWAYS WITH RIGHT HAND","ALWAYS WITH LEFT HAND","1: 1  CONDITION APPLIES","1: 1  CONDITION APPLIES","NO","MALE","MALE"
1983,64735,4,1,2,33790,6,181,1,1,1,3,2,4,2,2,1,2,1,4,2,7,1,1,32,5,"Female","Black","South (AL, AR, DE, DC, FL, GA, KY, LA, MD, MS, NC, OK, SC, TN , TX, VA, WV)","High school diploma (Regular 12 year program)","In CBSA, not in central city","NO","3: Mother","NO","YES","NO","NO","YES","0: 0  CONDITION DOES NOT APPLY","ALWAYS WITH RIGHT HAND","USUALLY WITH RIGHT HAND","ALWAYS WITH RIGHT HAND","ALWAYS WITH RIGHT HAND","ALWAYS WITH LEFT HAND","1: 1  CONDITION APPLIES","1: 1  CONDITION APPLIES","YES","FEMALE","FEMALE"
1980,64735,2,0,2,33790,5,142,1,1,2,2,2,4,2,2,1,2,1,6,1,8,1,1,28,25,"Female","Non-Black / Non-Hispanic","South (AL, AR, DE, DC, FL, GA, KY, LA, MD, MS, NC, OK, SC, TN , TX, VA, WV)","High school diploma (Regular 12 year program)","In CBSA, in central city","NO","3: Mother","NO","YES","NO","NO","YES","0: 0  CONDITION DOES NOT APPLY","ALWAYS WITH RIGHT HAND","ALWAYS WITH RIGHT HAND","ALWAYS WITH RIGHT HAND","ALWAYS WITH RIGHT HAND","ALWAYS WITH LEFT HAND","1: 1  CONDITION APPLIES","1: 1  CONDITION APPLIES","YES","MALE","FEMALE"
1982,64735,3,0,1,47000,5,186,1,1,3,5,3,2,2,2,1,2,1,6,3,7,1,1,34,21,"Female","Non-Black / Non-Hispanic","Northeast (CT, ME, MA, NH, NJ, NY, PA, RI, VT)","GED","In CBSA, not in central city","NO","3: Mother","NO","NO","NO","NO","YES","0: 0  CONDITION DOES NOT APPLY","ALWAYS WITH RIGHT HAND","ALWAYS WITH RIGHT HAND","ALWAYS WITH RIGHT HAND","ALWAYS WITH RIGHT HAND","ALWAYS WITH LEFT HAND","1: 1  CONDITION APPLIES","1: 1  CONDITION APPLIES","NO","MALE","MALE"
1981,64735,4,1,1,33790,5,183,2,2,3,3,3,4,2,2,1,1,1,1,8,7,1,1,3,0,"Female","Non-Black / Non-Hispanic","West (AK, AZ, CA, CO, HI, ID, MT, NV, NM, OR, UT, WA, WY)","Associate/Junior college (AA)","In CBSA, not in central city","NO","3: Mother","NO","NO","NO","NO","YES","0: 0  CONDITION DOES NOT APPLY","ALWAYS WITH RIGHT HAND","USUALLY WITH RIGHT HAND","ALWAYS WITH RIGHT HAND","ALWAYS WITH RIGHT HAND","ALWAYS WITH LEFT HAND","1: 1  CONDITION APPLIES","0: 0  CONDITION DOES NOT APPLY","NO","MALE","FEMALE"
1983,64735,3,1,3,33790,5,181,2,2,3,4,6,2,2,2,2,1,2,3,4,7,1,1,30,20,"Male","Hispanic","South (AL, AR, DE, DC, FL, GA, KY, LA, MD, MS, NC, OK, SC, TN , TX, VA, WV)","None","In CBSA, not in central city","NO","3: Mother","NO","YES","NO","NO","NO","0: 0  CONDITION DOES NOT APPLY","ALWAYS WITH RIGHT HAND","ALWAYS WITH RIGHT HAND","ALWAYS WITH RIGHT HAND","ALWAYS WITH RIGHT HAND","ALWAYS WITH LEFT HAND","1: 1  CONDITION APPLIES","1: 1  CONDITION APPLIES","NO","MALE","FEMALE"
1982,64735,4,1,2,33790,5,180,1,2,3,3,6,4,2,2,2,2,1,7,3,8,2,1,31,22,"Female","Non-Black / Non-Hispanic","West (AK, AZ, CA, CO, HI, ID, MT, NV, NM, OR, UT, WA, WY)","Bachelor's degree (BA, BS)","In CBSA, not in central city","NO","3: Mother","YES","NO","NO","NO","YES","0: 0  CONDITION DOES NOT APPLY","ALWAYS WITH RIGHT HAND","ALWAYS WITH RIGHT HAND","ALWAYS WITH RIGHT HAND","ALWAYS WITH RIGHT HAND","ALWAYS WITH RIGHT HAND","1: 1  CONDITION APPLIES","1: 1  CONDITION APPLIES","NO","FEMALE","FEMALE"
1982,64735,3,0,1,33790,6,184,1,2,4,6,2,4,2,2,1,2,1,6,1,7,1,1,32,25,"Female","Non-Black / Non-Hispanic","South (AL, AR, DE, DC, FL, GA, KY, LA, MD, MS, NC, OK, SC, TN , TX, VA, WV)","High school diploma (Regular 12 year program)","In CBSA, not in central city","YES","3: Mother","NO","YES","NO","NO","YES","0: 0  CONDITION DOES NOT APPLY","ALWAYS WITH RIGHT HAND","ALWAYS WITH RIGHT HAND","ALWAYS WITH RIGHT HAND","ALWAYS WITH RIGHT HAND","ALWAYS WITH LEFT HAND","1: 1  CONDITION APPLIES","1: 1  CONDITION APPLIES","NO","FEMALE","MALE"
1983,64735,3,0,7,90000,6,184,1,2,4,3,4,5,2,1,1,2,2,6,2,5,1,1,35,25,"Male","Hispanic","South (AL, AR, DE, DC, FL, GA, KY, LA, MD, MS, NC, OK, SC, TN , TX, VA, WV)","GED","In CBSA, in central city","YES","3: Mother","YES","NO","NO","NO","YES","0: 0  CONDITION DOES NOT APPLY","ALWAYS WITH RIGHT HAND","ALWAYS WITH RIGHT HAND","ALWAYS WITH RIGHT HAND","ALWAYS WITH RIGHT HAND","ALWAYS WITH LEFT HAND","1: 1  CONDITION APPLIES","1: 1  CONDITION APPLIES","NO","FEMALE","FEMALE"
1983,50000,2,0,5,33790,5,178,2,1,1,4,5,5,2,2,1,2,1,6,2,7,1,1,25,17,"Male","Non-Black / Non-Hispanic","Northeast (CT, ME, MA, NH, NJ, NY, PA, RI, VT)","High school diploma (Regular 12 year program)","In CBSA, not in central city","NO","3: Mother","YES","NO","NO","NO","YES","0: 0  CONDITION DOES NOT APPLY","ALWAYS WITH RIGHT HAND","ALWAYS WITH RIGHT HAND","ALWAYS WITH RIGHT HAND","ALWAYS WITH RIGHT HAND","ALWAYS WITH LEFT HAND","0: 0  CONDITION DOES NOT APPLY","1: 1  CONDITION APPLIES","NO","MALE","MALE"
1982,64735,4,0,3,33790,5,184,1,2,3,4,2,3,2,2,1,2,1,4,4,8,1,1,28,23,"Female","Non-Black / Non-Hispanic","West (AK, AZ, CA, CO, HI, ID, MT, NV, NM, OR, UT, WA, WY)","High school diploma (Regular 12 year program)","In CBSA, not in central city","NO","3: Mother","YES","NO","NO","NO","YES","0: 0  CONDITION DOES NOT APPLY","ALWAYS WITH RIGHT HAND","ALWAYS WITH RIGHT HAND","ALWAYS WITH RIGHT HAND","ALWAYS WITH RIGHT HAND","ALWAYS WITH LEFT HAND","1: 1  CONDITION APPLIES","1: 1  CONDITION APPLIES","NO","MALE","MALE"
1980,64735,2,0,1,33790,6,255,1,2,1,4,1,3,2,2,1,1,1,4,3,6,1,1,31,20,"Male","Non-Black / Non-Hispanic","Northeast (CT, ME, MA, NH, NJ, NY, PA, RI, VT)","High school diploma (Regular 12 year program)","In CBSA, not in central city","NO","3: Mother","YES","NO","NO","NO","YES","0: 0  CONDITION DOES NOT APPLY","ALWAYS WITH RIGHT HAND","ALWAYS WITH RIGHT HAND","ALWAYS WITH RIGHT HAND","ALWAYS WITH RIGHT HAND","ALWAYS WITH LEFT HAND","1: 1  CONDITION APPLIES","1: 1  CONDITION APPLIES","NO","MALE","MALE"
1982,64735,2,0,2,33790,6,179,2,2,5,3,1,3,2,2,2,1,1,4,3,6,1,1,30,23,"Male","Non-Black / Non-Hispanic","Northeast (CT, ME, MA, NH, NJ, NY, PA, RI, VT)","Bachelor's degree (BA, BS)","In CBSA, not in central city","YES","3: Mother","YES","NO","YES","NO","NO","0: 0  CONDITION DOES NOT APPLY","ALWAYS WITH RIGHT HAND","ALWAYS WITH RIGHT HAND","ALWAYS WITH RIGHT HAND","ALWAYS WITH RIGHT HAND","ALWAYS WITH LEFT HAND","1: 1  CONDITION APPLIES","1: 1  CONDITION APPLIES","NO","MALE","MALE"
1984,64735,2,0,2,54000,5,181,1,1,3,3,3,2,2,2,2,2,1,6,2,7,2,1,34,26,"Male","Non-Black / Non-Hispanic","South (AL, AR, DE, DC, FL, GA, KY, LA, MD, MS, NC, OK, SC, TN , TX, VA, WV)","Bachelor's degree (BA, BS)","In CBSA, not in central city","NO","3: Mother","NO","YES","NO","NO","YES","0: 0  CONDITION DOES NOT APPLY","ALWAYS WITH RIGHT HAND","ALWAYS WITH RIGHT HAND","ALWAYS WITH RIGHT HAND","ALWAYS WITH RIGHT HAND","ALWAYS WITH LEFT HAND","0: 0  CONDITION DOES NOT APPLY","1: 1  CONDITION APPLIES","NO","FEMALE","MALE"
1982,64735,3,0,1,33790,6,175,1,2,2,2,3,4,2,1,2,1,2,1,2,7,1,1,30,21,"Female","Non-Black / Non-Hispanic","West (AK, AZ, CA, CO, HI, ID, MT, NV, NM, OR, UT, WA, WY)","Master's degree (MA, MS)","In CBSA, not in central city","NO","3: Mother","NO","NO","NO","NO","NO","0: 0  CONDITION DOES NOT APPLY","ALWAYS WITH RIGHT HAND","ALWAYS WITH RIGHT HAND","ALWAYS WITH RIGHT HAND","ALWAYS WITH RIGHT HAND","ALWAYS WITH LEFT HAND","1: 1  CONDITION APPLIES","1: 1  CONDITION APPLIES","NO","FEMALE","MALE"
1987,64735,4,0,1,33790,5,181,1,1,4,4,2,4,1,2,2,1,1,6,2,8,1,1,56,58,"Female","Non-Black / Non-Hispanic","Northeast (CT, ME, MA, NH, NJ, NY, PA, RI, VT)","High school diploma (Regular 12 year program)","In CBSA, not in central city","YES","3: Mother","YES","NO","NO","NO","YES","1: 1  CONDITION APPLIES","ALWAYS WITH RIGHT HAND","ALWAYS WITH RIGHT HAND","ALWAYS WITH RIGHT HAND","ALWAYS WITH RIGHT HAND","ALWAYS WITH LEFT HAND","1: 1  CONDITION APPLIES","1: 1  CONDITION APPLIES","NO","MALE","FEMALE"
1984,64735,2,0,2,33790,5,182,1,1,4,2,4,4,1,2,2,2,2,6,2,8,1,1,12,18,"Female","Black","North Central (IL, IN, IA, KS, MI, MN, MO, NE, OH, ND, SD, WI)","Bachelor's degree (BA, BS)","In CBSA, in central city","NO","3: Mother","YES","NO","YES","NO","YES","0: 0  CONDITION DOES NOT APPLY","ALWAYS WITH RIGHT HAND","ALWAYS WITH RIGHT HAND","ALWAYS WITH RIGHT HAND","ALWAYS WITH RIGHT HAND","ALWAYS WITH LEFT HAND","1: 1  CONDITION APPLIES","1: 1  CONDITION APPLIES","NO","FEMALE","MALE"
1980,64735,2,0,2,33790,5,182,1,2,2,2,4,2,2,1,1,2,1,6,4,7,1,1,33,24,"Female","Non-Black / Non-Hispanic","South (AL, AR, DE, DC, FL, GA, KY, LA, MD, MS, NC, OK, SC, TN , TX, VA, WV)","High school diploma (Regular 12 year program)","In CBSA, in central city","NO","3: Mother","YES","NO","NO","NO","YES","0: 0  CONDITION DOES NOT APPLY","ALWAYS WITH RIGHT HAND","ALWAYS WITH RIGHT HAND","ALWAYS WITH RIGHT HAND","ALWAYS WITH RIGHT HAND","ALWAYS WITH LEFT HAND","1: 1  CONDITION APPLIES","1: 1  CONDITION APPLIES","NO","MALE","FEMALE"
1983,64735,3,0,2,40000,5,184,1,2,5,3,2,5,2,2,1,2,1,2,3,7,1,1,31,24,"Male","Non-Black / Non-Hispanic","West (AK, AZ, CA, CO, HI, ID, MT, NV, NM, OR, UT, WA, WY)","None","In CBSA, not in central city","NO","3: Mother","NO","NO","NO","NO","YES","0: 0  CONDITION DOES NOT APPLY","ALWAYS WITH RIGHT HAND","ALWAYS WITH RIGHT HAND","ALWAYS WITH RIGHT HAND","ALWAYS WITH RIGHT HAND","ALWAYS WITH RIGHT HAND","1: 1  CONDITION APPLIES","1: 1  CONDITION APPLIES","NO","FEMALE","MALE"
1980,64735,4,0,3,33790,5,180,2,1,3,2,5,5,2,2,1,1,1,8,2,6,1,1,30,22,"Male","Non-Black / Non-Hispanic","South (AL, AR, DE, DC, FL, GA, KY, LA, MD, MS, NC, OK, SC, TN , TX, VA, WV)","Associate/Junior college (AA)","In CBSA, in central city","NO","3: Mother","NO","NO","NO","NO","YES","0: 0  CONDITION DOES NOT APPLY","ALWAYS WITH RIGHT HAND","ALWAYS WITH RIGHT HAND","ALWAYS WITH RIGHT HAND","ALWAYS WITH RIGHT HAND","ALWAYS WITH LEFT HAND","0: 0  CONDITION DOES NOT APPLY","1: 1  CONDITION APPLIES","NO","MALE","MALE"
1982,64735,4,0,1,33790,5,180,1,3,2,3,4,5,1,2,2,2,1,3,2,8,1,1,34,17,"Female","Non-Black / Non-Hispanic","North Central (IL, IN, IA, KS, MI, MN, MO, NE, OH, ND, SD, WI)","High school diploma (Regular 12 year program)","In CBSA, not in central city","NO","3: Mother","NO","NO","NO","NO","YES","1: 1  CONDITION APPLIES","ALWAYS WITH RIGHT HAND","ALWAYS WITH RIGHT HAND","ALWAYS WITH RIGHT HAND","ALWAYS WITH RIGHT HAND","ALWAYS WITH LEFT HAND","1: 1  CONDITION APPLIES","1: 1  CONDITION APPLIES","NO","MALE","FEMALE"
1982,41000,3,0,1,33790,5,183,1,2,3,1,5,4,2,2,2,2,1,5,2,7,1,1,29,22,"Female","Non-Black / Non-Hispanic","Northeast (CT, ME, MA, NH, NJ, NY, PA, RI, VT)","Bachelor's degree (BA, BS)","In CBSA, not in central city","NO","3: Mother","YES","NO","YES","YES","YES","0: 0  CONDITION DOES NOT APPLY","ALWAYS WITH RIGHT HAND","ALWAYS WITH RIGHT HAND","ALWAYS WITH RIGHT HAND","ALWAYS WITH RIGHT HAND","ALWAYS WITH LEFT HAND","0: 0  CONDITION DOES NOT APPLY","1: 1  CONDITION APPLIES","NO","FEMALE","MALE"
1982,64735,3,0,1,33790,5,175,1,1,3,4,4,5,2,2,1,2,1,6,2,6,1,1,31,21,"Female","Non-Black / Non-Hispanic","North Central (IL, IN, IA, KS, MI, MN, MO, NE, OH, ND, SD, WI)","GED","In CBSA, not in central city","NO","3: Mother","NO","NO","NO","NO","YES","0: 0  CONDITION DOES NOT APPLY","ALWAYS WITH RIGHT HAND","ALWAYS WITH RIGHT HAND","ALWAYS WITH RIGHT HAND","ALWAYS WITH RIGHT HAND","ALWAYS WITH LEFT HAND","1: 1  CONDITION APPLIES","1: 1  CONDITION APPLIES","NO","MALE","MALE"
1980,64735,3,0,4,33790,5,183,1,2,3,3,2,1,2,2,2,2,1,2,1,6,1,1,31,18,"Female","Non-Black / Non-Hispanic","West (AK, AZ, CA, CO, HI, ID, MT, NV, NM, OR, UT, WA, WY)","High school diploma (Regular 12 year program)","Not in CBSA","NO","3: Mother","YES","YES","NO","YES","YES","0: 0  CONDITION DOES NOT APPLY","ALWAYS WITH RIGHT HAND","ALWAYS WITH RIGHT HAND","ALWAYS WITH RIGHT HAND","ALWAYS WITH RIGHT HAND","ALWAYS WITH LEFT HAND","1: 1  CONDITION APPLIES","0: 0  CONDITION DOES NOT APPLY","NO","MALE","MALE"
1982,64735,3,0,2,33790,6,182,1,2,3,2,3,3,2,1,2,2,1,3,2,8,1,1,34,21,"Male","Non-Black / Non-Hispanic","South (AL, AR, DE, DC, FL, GA, KY, LA, MD, MS, NC, OK, SC, TN , TX, VA, WV)","GED","In CBSA, not in central city","NO","3: Mother","NO","NO","NO","NO","YES","0: 0  CONDITION DOES NOT APPLY","ALWAYS WITH RIGHT HAND","ALWAYS WITH RIGHT HAND","ALWAYS WITH LEFT HAND","ALWAYS WITH LEFT HAND","ALWAYS WITH LEFT HAND","1: 1  CONDITION APPLIES","1: 1  CONDITION APPLIES","NO","FEMALE","MALE"
1983,46000,3,0,3,33790,5,183,1,1,2,3,3,3,2,2,1,1,1,6,3,8,1,1,28,25,"Female","Black","South (AL, AR, DE, DC, FL, GA, KY, LA, MD, MS, NC, OK, SC, TN , TX, VA, WV)","Professional degree (DDS, JD, MD)","In CBSA, not in central city","YES","3: Mother","YES","NO","NO","NO","YES","0: 0  CONDITION DOES NOT APPLY","ALWAYS WITH RIGHT HAND","ALWAYS WITH RIGHT HAND","ALWAYS WITH RIGHT HAND","ALWAYS WITH RIGHT HAND","ALWAYS WITH LEFT HAND","1: 1  CONDITION APPLIES","1: 1  CONDITION APPLIES","NO","FEMALE","MALE"
1981,64735,2,1,2,30000,6,186,2,1,5,5,2,7,2,2,1,2,1,6,1,5,1,1,27,14,"Female","Non-Black / Non-Hispanic","South (AL, AR, DE, DC, FL, GA, KY, LA, MD, MS, NC, OK, SC, TN , TX, VA, WV)","High school diploma (Regular 12 year program)","Not in CBSA","NO","3: Mother","YES","NO","YES","NO","YES","0: 0  CONDITION DOES NOT APPLY","ALWAYS WITH RIGHT HAND","USUALLY WITH BOTH HANDS EQUALLY","DON'T DO THIS ACTIVITY","ALWAYS WITH RIGHT HAND","ALWAYS WITH RIGHT HAND","1: 1  CONDITION APPLIES","1: 1  CONDITION APPLIES","NO","MALE","MALE"
1983,64735,5,0,3,4000,5,181,1,2,2,4,2,4,2,2,1,1,1,6,1,9,1,1,29,52,"Male","Non-Black / Non-Hispanic","Northeast (CT, ME, MA, NH, NJ, NY, PA, RI, VT)","Master's degree (MA, MS)","In CBSA, not in central city","YES","3: Mother","YES","NO","NO","NO","YES","0: 0  CONDITION DOES NOT APPLY","ALWAYS WITH RIGHT HAND","USUALLY WITH RIGHT HAND","ALWAYS WITH RIGHT HAND","ALWAYS WITH RIGHT HAND","ALWAYS WITH LEFT HAND","1: 1  CONDITION APPLIES","1: 1  CONDITION APPLIES","NO","FEMALE","FEMALE"
1983,64735,2,1,4,65000,5,181,2,2,4,2,4,4,2,2,1,2,1,9,3,7,1,1,23,1,"Male","Non-Black / Non-Hispanic","Northeast (CT, ME, MA, NH, NJ, NY, PA, RI, VT)","GED","In CBSA, not in central city","NO","3: Mother","NO","NO","NO","NO","YES","0: 0  CONDITION DOES NOT APPLY","ALWAYS WITH RIGHT HAND","ALWAYS WITH RIGHT HAND","ALWAYS WITH RIGHT HAND","ALWAYS WITH RIGHT HAND","ALWAYS WITH LEFT HAND","0: 0  CONDITION DOES NOT APPLY","1: 1  CONDITION APPLIES","NO","MALE","FEMALE"
1982,49700,4,1,1,19700,5,194,1,1,1,4,2,1,2,1,1,1,1,4,3,6,1,1,66,32,"Male","Non-Black / Non-Hispanic","Northeast (CT, ME, MA, NH, NJ, NY, PA, RI, VT)","None","In CBSA, not in central city","YES","3: Mother","YES","NO","NO","NO","YES","0: 0  CONDITION DOES NOT APPLY","ALWAYS WITH RIGHT HAND","ALWAYS WITH RIGHT HAND","ALWAYS WITH RIGHT HAND","ALWAYS WITH RIGHT HAND","ALWAYS WITH LEFT HAND","1: 1  CONDITION APPLIES","1: 1  CONDITION APPLIES","NO","FEMALE","FEMALE"
1980,64735,4,2,3,33790,6,186,2,3,2,6,2,4,2,2,2,2,2,3,4,5,1,1,31,11,"Female","Black","West (AK, AZ, CA, CO, HI, ID, MT, NV, NM, OR, UT, WA, WY)","High school diploma (Regular 12 year program)","In CBSA, not in central city","NO","3: Mother","YES","NO","NO","NO","NO","0: 0  CONDITION DOES NOT APPLY","ALWAYS WITH RIGHT HAND","ALWAYS WITH RIGHT HAND","USUALLY WITH BOTH HANDS EQUALLY","ALWAYS WITH RIGHT HAND","ALWAYS WITH LEFT HAND","1: 1  CONDITION APPLIES","1: 1  CONDITION APPLIES","NO","MALE","FEMALE"
1982,64735,2,0,2,33790,5,181,1,1,3,3,2,3,2,1,2,2,2,3,2,6,1,1,35,23,"Male","Non-Black / Non-Hispanic","Northeast (CT, ME, MA, NH, NJ, NY, PA, RI, VT)","High school diploma (Regular 12 year program)","In CBSA, not in central city","YES","3: Mother","YES","NO","NO","NO","YES","0: 0  CONDITION DOES NOT APPLY","ALWAYS WITH RIGHT HAND","ALWAYS WITH RIGHT HAND","ALWAYS WITH RIGHT HAND","ALWAYS WITH RIGHT HAND","ALWAYS WITH LEFT HAND","0: 0  CONDITION DOES NOT APPLY","0: 0  CONDITION DOES NOT APPLY","NO","FEMALE","MALE"
1984,64735,4,1,1,33790,5,150,1,1,2,2,7,7,2,2,1,2,2,2,5,6,1,1,29,19,"Male","Hispanic","North Central (IL, IN, IA, KS, MI, MN, MO, NE, OH, ND, SD, WI)","GED","In CBSA, in central city","NO","3: Mother","NO","NO","YES","NO","NO","0: 0  CONDITION DOES NOT APPLY","ALWAYS WITH RIGHT HAND","ALWAYS WITH RIGHT HAND","ALWAYS WITH RIGHT HAND","ALWAYS WITH RIGHT HAND","ALWAYS WITH LEFT HAND","1: 1  CONDITION APPLIES","1: 1  CONDITION APPLIES","NO","FEMALE","FEMALE"
1983,64735,1,0,3,39000,5,183,1,2,1,4,1,4,2,2,2,2,1,6,3,7,2,2,35,25,"Male","Non-Black / Non-Hispanic","South (AL, AR, DE, DC, FL, GA, KY, LA, MD, MS, NC, OK, SC, TN , TX, VA, WV)","Bachelor's degree (BA, BS)","In CBSA, in central city","NO","3: Mother","YES","NO","NO","NO","YES","0: 0  CONDITION DOES NOT APPLY","ALWAYS WITH RIGHT HAND","ALWAYS WITH RIGHT HAND","ALWAYS WITH LEFT HAND","ALWAYS WITH LEFT HAND","ALWAYS WITH LEFT HAND","0: 0  CONDITION DOES NOT APPLY","1: 1  CONDITION APPLIES","NO","FEMALE","FEMALE"
1983,64735,4,0,3,33790,5,184,1,1,4,3,3,3,2,2,1,2,1,6,3,6,1,1,31,20,"Female","Non-Black / Non-Hispanic","South (AL, AR, DE, DC, FL, GA, KY, LA, MD, MS, NC, OK, SC, TN , TX, VA, WV)","Master's degree (MA, MS)","In CBSA, not in central city","NO","3: Mother","NO","NO","NO","NO","YES","0: 0  CONDITION DOES NOT APPLY","ALWAYS WITH RIGHT HAND","ALWAYS WITH RIGHT HAND","ALWAYS WITH RIGHT HAND","ALWAYS WITH RIGHT HAND","ALWAYS WITH LEFT HAND","1: 1  CONDITION APPLIES","1: 1  CONDITION APPLIES","NO","FEMALE","MALE"
1983,20000,3,0,2,20000,5,184,1,2,4,4,3,3,2,1,1,2,1,6,1,7,1,1,28,22,"Male","Non-Black / Non-Hispanic","South (AL, AR, DE, DC, FL, GA, KY, LA, MD, MS, NC, OK, SC, TN , TX, VA, WV)","High school diploma (Regular 12 year program)","In CBSA, in central city","NO","3: Mother","YES","NO","NO","NO","YES","0: 0  CONDITION DOES NOT APPLY","ALWAYS WITH RIGHT HAND","ALWAYS WITH RIGHT HAND","ALWAYS WITH RIGHT HAND","ALWAYS WITH RIGHT HAND","ALWAYS WITH LEFT HAND","1: 1  CONDITION APPLIES","1: 1  CONDITION APPLIES","NO","MALE","MALE"
1982,64735,3,1,5,33790,5,183,2,2,2,4,4,2,2,2,1,2,2,5,1,7,1,1,30,20,"Male","Non-Black / Non-Hispanic","South (AL, AR, DE, DC, FL, GA, KY, LA, MD, MS, NC, OK, SC, TN , TX, VA, WV)","High school diploma (Regular 12 year program)","In CBSA, not in central city","NO","3: Mother","YES","NO","NO","NO","YES","0: 0  CONDITION DOES NOT APPLY","ALWAYS WITH RIGHT HAND","ALWAYS WITH RIGHT HAND","ALWAYS WITH RIGHT HAND","ALWAYS WITH RIGHT HAND","ALWAYS WITH LEFT HAND","1: 1  CONDITION APPLIES","1: 1  CONDITION APPLIES","NO","MALE","FEMALE"
1984,64735,4,1,1,33790,5,170,1,1,3,4,3,5,2,2,1,1,1,6,1,6,1,1,27,19,"Female","Non-Black / Non-Hispanic","South (AL, AR, DE, DC, FL, GA, KY, LA, MD, MS, NC, OK, SC, TN , TX, VA, WV)","High school diploma (Regular 12 year program)","In CBSA, in central city","NO","3: Mother","YES","YES","NO","NO","YES","0: 0  CONDITION DOES NOT APPLY","ALWAYS WITH RIGHT HAND","ALWAYS WITH RIGHT HAND","ALWAYS WITH RIGHT HAND","ALWAYS WITH RIGHT HAND","ALWAYS WITH LEFT HAND","0: 0  CONDITION DOES NOT APPLY","1: 1  CONDITION APPLIES","NO","MALE","MALE"
1984,64735,3,0,2,34000,5,205,1,1,4,5,3,4,2,2,1,2,1,6,3,7,1,1,56,54,"Female","Non-Black / Non-Hispanic","West (AK, AZ, CA, CO, HI, ID, MT, NV, NM, OR, UT, WA, WY)","Bachelor's degree (BA, BS)","In CBSA, not in central city","YES","3: Mother","YES","NO","NO","NO","YES","0: 0  CONDITION DOES NOT APPLY","ALWAYS WITH RIGHT HAND","ALWAYS WITH RIGHT HAND","ALWAYS WITH RIGHT HAND","ALWAYS WITH RIGHT HAND","ALWAYS WITH LEFT HAND","0: 0  CONDITION DOES NOT APPLY","1: 1  CONDITION APPLIES","NO","FEMALE","MALE"
1980,64735,3,1,4,33790,5,187,1,1,3,5,3,4,2,2,1,2,1,6,2,5,1,1,32,18,"Female","Non-Black / Non-Hispanic","South (AL, AR, DE, DC, FL, GA, KY, LA, MD, MS, NC, OK, SC, TN , TX, VA, WV)","High school diploma (Regular 12 year program)","In CBSA, not in central city","YES","3: Mother","YES","NO","NO","NO","YES","0: 0  CONDITION DOES NOT APPLY","ALWAYS WITH RIGHT HAND","ALWAYS WITH RIGHT HAND","ALWAYS WITH RIGHT HAND","ALWAYS WITH RIGHT HAND","ALWAYS WITH LEFT HAND","1: 1  CONDITION APPLIES","1: 1  CONDITION APPLIES","NO","FEMALE","FEMALE"
1982,64735,3,0,2,33790,5,165,1,1,2,2,4,5,1,1,2,1,1,3,5,7,1,1,28,20,"Female","Non-Black / Non-Hispanic","North Central (IL, IN, IA, KS, MI, MN, MO, NE, OH, ND, SD, WI)","Associate/Junior college (AA)","In CBSA, in central city","NO","3: Mother","YES","YES","NO","NO","NO","0: 0  CONDITION DOES NOT APPLY","ALWAYS WITH RIGHT HAND","ALWAYS WITH RIGHT HAND","USUALLY WITH RIGHT HAND","ALWAYS WITH RIGHT HAND","ALWAYS WITH LEFT HAND","1: 1  CONDITION APPLIES","1: 1  CONDITION APPLIES","NO","FEMALE","MALE"
1984,64735,3,3,1,42000,5,182,1,1,3,3,4,4,1,2,2,1,1,2,2,7,1,1,32,23,"Male","Non-Black / Non-Hispanic","South (AL, AR, DE, DC, FL, GA, KY, LA, MD, MS, NC, OK, SC, TN , TX, VA, WV)","Bachelor's degree (BA, BS)","In CBSA, in central city","NO","3: Mother","YES","YES","NO","NO","YES","0: 0  CONDITION DOES NOT APPLY","ALWAYS WITH RIGHT HAND","ALWAYS WITH RIGHT HAND","ALWAYS WITH RIGHT HAND","ALWAYS WITH RIGHT HAND","ALWAYS WITH LEFT HAND","1: 1  CONDITION APPLIES","1: 1  CONDITION APPLIES","NO","FEMALE","MALE"
1983,64735,3,1,1,33790,5,180,1,1,2,4,4,2,2,2,2,1,1,1,2,7,1,1,32,20,"Male","Hispanic","Northeast (CT, ME, MA, NH, NJ, NY, PA, RI, VT)","High school diploma (Regular 12 year program)","In CBSA, not in central city","NO","3: Mother","NO","NO","NO","NO","YES","0: 0  CONDITION DOES NOT APPLY","ALWAYS WITH RIGHT HAND","ALWAYS WITH RIGHT HAND","ALWAYS WITH RIGHT HAND","ALWAYS WITH RIGHT HAND","USUALLY WITH BOTH HANDS EQUALLY","0: 0  CONDITION DOES NOT APPLY","1: 1  CONDITION APPLIES","NO","FEMALE","FEMALE"
1981,103754,4,0,1,33790,5,205,1,1,2,5,2,4,2,1,1,1,1,3,3,7,1,1,26,16,"Female","Black","West (AK, AZ, CA, CO, HI, ID, MT, NV, NM, OR, UT, WA, WY)","High school diploma (Regular 12 year program)","In CBSA, not in central city","YES","3: Mother","NO","YES","NO","NO","YES","0: 0  CONDITION DOES NOT APPLY","ALWAYS WITH RIGHT HAND","ALWAYS WITH RIGHT HAND","ALWAYS WITH RIGHT HAND","ALWAYS WITH RIGHT HAND","ALWAYS WITH LEFT HAND","0: 0  CONDITION DOES NOT APPLY","1: 1  CONDITION APPLIES","NO","FEMALE","MALE"
1982,64735,3,0,6,33790,5,180,1,1,1,3,5,6,2,2,2,2,1,1,1,6,1,1,31,19,"Male","Non-Black / Non-Hispanic","South (AL, AR, DE, DC, FL, GA, KY, LA, MD, MS, NC, OK, SC, TN , TX, VA, WV)","Bachelor's degree (BA, BS)","In CBSA, not in central city","NO","3: Mother","NO","NO","NO","NO","NO","0: 0  CONDITION DOES NOT APPLY","ALWAYS WITH RIGHT HAND","ALWAYS WITH RIGHT HAND","ALWAYS WITH RIGHT HAND","ALWAYS WITH RIGHT HAND","ALWAYS WITH LEFT HAND","1: 1  CONDITION APPLIES","1: 1  CONDITION APPLIES","NO","MALE","MALE"
1980,64735,3,0,3,33790,5,184,1,1,4,4,3,6,2,1,2,2,2,6,3,5,1,1,32,19,"Female","Non-Black / Non-Hispanic","South (AL, AR, DE, DC, FL, GA, KY, LA, MD, MS, NC, OK, SC, TN , TX, VA, WV)","High school diploma (Regular 12 year program)","In CBSA, not in central city","NO","3: Mother","YES","NO","NO","YES","NO","0: 0  CONDITION DOES NOT APPLY","ALWAYS WITH RIGHT HAND","ALWAYS WITH RIGHT HAND","ALWAYS WITH RIGHT HAND","ALWAYS WITH RIGHT HAND","ALWAYS WITH LEFT HAND","1: 1  CONDITION APPLIES","1: 1  CONDITION APPLIES","NO","FEMALE","MALE"
1983,316618,3,0,3,33790,5,182,1,1,1,2,4,5,2,2,1,2,1,6,2,7,1,1,32,23,"Male","Non-Black / Non-Hispanic","West (AK, AZ, CA, CO, HI, ID, MT, NV, NM, OR, UT, WA, WY)","High school diploma (Regular 12 year program)","In CBSA, not in central city","NO","3: Mother","YES","NO","YES","NO","YES","0: 0  CONDITION DOES NOT APPLY","ALWAYS WITH RIGHT HAND","ALWAYS WITH RIGHT HAND","ALWAYS WITH RIGHT HAND","ALWAYS WITH RIGHT HAND","ALWAYS WITH LEFT HAND","1: 1  CONDITION APPLIES","0: 0  CONDITION DOES NOT APPLY","NO","FEMALE","FEMALE"
1984,64735,4,0,2,33790,5,180,1,2,3,2,2,5,2,2,1,1,1,3,1,6,6,1,28,20,"Male","Non-Black / Non-Hispanic","South (AL, AR, DE, DC, FL, GA, KY, LA, MD, MS, NC, OK, SC, TN , TX, VA, WV)","High school diploma (Regular 12 year program)","In CBSA, not in central city","NO","3: Mother","YES","YES","NO","YES","YES","0: 0  CONDITION DOES NOT APPLY","ALWAYS WITH RIGHT HAND","ALWAYS WITH RIGHT HAND","ALWAYS WITH RIGHT HAND","ALWAYS WITH RIGHT HAND","ALWAYS WITH LEFT HAND","1: 1  CONDITION APPLIES","1: 1  CONDITION APPLIES","NO","MALE","MALE"
1984,64735,3,1,1,33790,5,180,2,1,2,3,2,5,2,2,1,2,1,5,3,6,1,1,34,22,"Male","Black","South (AL, AR, DE, DC, FL, GA, KY, LA, MD, MS, NC, OK, SC, TN , TX, VA, WV)","GED","In CBSA, not in central city","NO","3: Mother","YES","YES","NO","NO","YES","0: 0  CONDITION DOES NOT APPLY","ALWAYS WITH RIGHT HAND","ALWAYS WITH RIGHT HAND","ALWAYS WITH RIGHT HAND","ALWAYS WITH RIGHT HAND","ALWAYS WITH LEFT HAND","1: 1  CONDITION APPLIES","1: 1  CONDITION APPLIES","NO","FEMALE","MALE"
1980,64735,4,0,2,33790,5,183,1,1,4,3,3,4,2,2,1,2,2,4,1,6,1,1,30,18,"Female","Non-Black / Non-Hispanic","West (AK, AZ, CA, CO, HI, ID, MT, NV, NM, OR, UT, WA, WY)","High school diploma (Regular 12 year program)","In CBSA, not in central city","NO","3: Mother","YES","NO","NO","NO","NO","0: 0  CONDITION DOES NOT APPLY","ALWAYS WITH RIGHT HAND","ALWAYS WITH RIGHT HAND","ALWAYS WITH RIGHT HAND","ALWAYS WITH RIGHT HAND","ALWAYS WITH LEFT HAND","1: 1  CONDITION APPLIES","1: 1  CONDITION APPLIES","NO","FEMALE","FEMALE"
1982,0,3,0,2,33790,5,182,1,2,1,4,2,4,2,2,1,2,1,4,3,7,1,1,56,23,"Male","Non-Black / Non-Hispanic","South (AL, AR, DE, DC, FL, GA, KY, LA, MD, MS, NC, OK, SC, TN , TX, VA, WV)","High school diploma (Regular 12 year program)","In CBSA, in central city","NO","3: Mother","NO","NO","NO","NO","NO","0: 0  CONDITION DOES NOT APPLY","ALWAYS WITH RIGHT HAND","ALWAYS WITH RIGHT HAND","ALWAYS WITH RIGHT HAND","ALWAYS WITH RIGHT HAND","ALWAYS WITH LEFT HAND","0: 0  CONDITION DOES NOT APPLY","1: 1  CONDITION APPLIES","YES","FEMALE","FEMALE"
1984,64735,3,1,3,33790,5,184,1,1,5,2,4,4,2,2,1,2,1,5,3,6,1,1,24,5,"Male","Non-Black / Non-Hispanic","South (AL, AR, DE, DC, FL, GA, KY, LA, MD, MS, NC, OK, SC, TN , TX, VA, WV)","High school diploma (Regular 12 year program)","In CBSA, not known","NO","3: Mother","YES","NO","YES","NO","YES","0: 0  CONDITION DOES NOT APPLY","ALWAYS WITH RIGHT HAND","ALWAYS WITH RIGHT HAND","ALWAYS WITH RIGHT HAND","ALWAYS WITH RIGHT HAND","ALWAYS WITH LEFT HAND","1: 1  CONDITION APPLIES","1: 1  CONDITION APPLIES","NO","MALE","MALE"
1981,220,1,0,2,33790,6,184,1,2,5,4,3,6,2,2,1,2,1,6,3,5,1,1,28,21,"Male","Non-Black / Non-Hispanic","West (AK, AZ, CA, CO, HI, ID, MT, NV, NM, OR, UT, WA, WY)","GED","In CBSA, not in central city","NO","5: Adoptive Mother","NO","NO","NO","NO","NO","0: 0  CONDITION DOES NOT APPLY","ALWAYS WITH RIGHT HAND","ALWAYS WITH RIGHT HAND","ALWAYS WITH LEFT HAND","ALWAYS WITH RIGHT HAND","ALWAYS WITH LEFT HAND","1: 1  CONDITION APPLIES","1: 1  CONDITION APPLIES","NO","FEMALE","FEMALE"
1982,64735,4,0,3,33790,5,182,1,1,2,3,2,5,2,2,2,2,1,6,3,5,1,1,33,19,"Male","Black","South (AL, AR, DE, DC, FL, GA, KY, LA, MD, MS, NC, OK, SC, TN , TX, VA, WV)","High school diploma (Regular 12 year program)","Not in country","NO","3: Mother","NO","NO","NO","NO","YES","0: 0  CONDITION DOES NOT APPLY","ALWAYS WITH LEFT HAND","ALWAYS WITH LEFT HAND","ALWAYS WITH LEFT HAND","ALWAYS WITH LEFT HAND","ALWAYS WITH RIGHT HAND","1: 1  CONDITION APPLIES","0: 0  CONDITION DOES NOT APPLY","NO","MALE","FEMALE"
1984,64735,3,1,2,33790,5,182,1,1,4,3,5,4,2,2,1,1,2,6,3,7,1,1,25,19,"Male","Non-Black / Non-Hispanic","Northeast (CT, ME, MA, NH, NJ, NY, PA, RI, VT)","Bachelor's degree (BA, BS)","In CBSA, not in central city","NO","3: Mother","YES","NO","NO","NO","YES","0: 0  CONDITION DOES NOT APPLY","ALWAYS WITH RIGHT HAND","ALWAYS WITH RIGHT HAND","ALWAYS WITH RIGHT HAND","ALWAYS WITH RIGHT HAND","ALWAYS WITH LEFT HAND","1: 1  CONDITION APPLIES","1: 1  CONDITION APPLIES","NO","MALE","MALE"
1982,64735,5,1,2,33790,5,184,2,2,3,4,3,5,2,2,1,2,1,6,2,6,1,1,29,20,"Female","Non-Black / Non-Hispanic","North Central (IL, IN, IA, KS, MI, MN, MO, NE, OH, ND, SD, WI)","High school diploma (Regular 12 year program)","In CBSA, in central city","NO","3: Mother","YES","NO","NO","NO","YES","0: 0  CONDITION DOES NOT APPLY","ALWAYS WITH RIGHT HAND","ALWAYS WITH RIGHT HAND","ALWAYS WITH RIGHT HAND","ALWAYS WITH RIGHT HAND","ALWAYS WITH LEFT HAND","0: 0  CONDITION DOES NOT APPLY","1: 1  CONDITION APPLIES","NO","MALE","FEMALE"
1981,64735,3,0,1,33790,5,186,3,1,5,7,2,6,2,2,1,2,2,6,2,5,3,1,26,20,"Female","Non-Black / Non-Hispanic","West (AK, AZ, CA, CO, HI, ID, MT, NV, NM, OR, UT, WA, WY)","Bachelor's degree (BA, BS)","In CBSA, in central city","NO","3: Mother","YES","NO","YES","NO","YES","0: 0  CONDITION DOES NOT APPLY","ALWAYS WITH RIGHT HAND","ALWAYS WITH RIGHT HAND","USUALLY WITH BOTH HANDS EQUALLY","ALWAYS WITH RIGHT HAND","USUALLY WITH RIGHT HAND","1: 1  CONDITION APPLIES","0: 0  CONDITION DOES NOT APPLY","NO","MALE","FEMALE"
1983,64735,3,1,2,33790,5,183,1,1,1,3,1,6,2,2,2,2,2,8,3,6,1,1,30,22,"Male","Black","Northeast (CT, ME, MA, NH, NJ, NY, PA, RI, VT)","High school diploma (Regular 12 year program)","In CBSA, not in central city","NO","3: Mother","NO","NO","NO","NO","NO","0: 0  CONDITION DOES NOT APPLY","ALWAYS WITH RIGHT HAND","ALWAYS WITH RIGHT HAND","ALWAYS WITH RIGHT HAND","ALWAYS WITH RIGHT HAND","ALWAYS WITH RIGHT HAND","0: 0  CONDITION DOES NOT APPLY","1: 1  CONDITION APPLIES","NO","FEMALE","MALE"
1981,64735,3,1,2,33790,5,183,2,2,4,5,2,4,2,2,1,2,1,6,3,7,1,1,30,24,"Female","Non-Black / Non-Hispanic","North Central (IL, IN, IA, KS, MI, MN, MO, NE, OH, ND, SD, WI)","GED","In CBSA, not in central city","NO","3: Mother","YES","NO","NO","NO","YES","0: 0  CONDITION DOES NOT APPLY","ALWAYS WITH RIGHT HAND","ALWAYS WITH RIGHT HAND","ALWAYS WITH RIGHT HAND","ALWAYS WITH RIGHT HAND","ALWAYS WITH LEFT HAND","0: 0  CONDITION DOES NOT APPLY","1: 1  CONDITION APPLIES","NO","MALE","FEMALE"
1981,120010,4,1,2,33790,4,150,1,1,2,5,5,3,2,2,1,2,1,6,3,6,1,1,33,22,"Male","Black","South (AL, AR, DE, DC, FL, GA, KY, LA, MD, MS, NC, OK, SC, TN , TX, VA, WV)","Bachelor's degree (BA, BS)","In CBSA, not in central city","YES","3: Mother","NO","NO","NO","NO","YES","0: 0  CONDITION DOES NOT APPLY","ALWAYS WITH RIGHT HAND","ALWAYS WITH RIGHT HAND","ALWAYS WITH RIGHT HAND","ALWAYS WITH RIGHT HAND","ALWAYS WITH LEFT HAND","1: 1  CONDITION APPLIES","1: 1  CONDITION APPLIES","NO","FEMALE","MALE"
1984,64735,2,0,1,33790,5,183,2,1,4,3,4,2,2,2,2,2,2,1,2,7,1,1,34,24,"Male","Non-Black / Non-Hispanic","South (AL, AR, DE, DC, FL, GA, KY, LA, MD, MS, NC, OK, SC, TN , TX, VA, WV)","Master's degree (MA, MS)","Not in CBSA","NO","3: Mother","NO","YES","NO","NO","YES","0: 0  CONDITION DOES NOT APPLY","ALWAYS WITH RIGHT HAND","ALWAYS WITH RIGHT HAND","ALWAYS WITH RIGHT HAND","ALWAYS WITH RIGHT HAND","ALWAYS WITH LEFT HAND","0: 0  CONDITION DOES NOT APPLY","1: 1  CONDITION APPLIES","NO","MALE","FEMALE"
1981,64735,3,1,1,33790,5,184,2,2,4,4,2,4,1,2,2,2,1,2,3,6,1,1,25,17,"Male","Non-Black / Non-Hispanic","Northeast (CT, ME, MA, NH, NJ, NY, PA, RI, VT)","Bachelor's degree (BA, BS)","In CBSA, not in central city","NO","3: Mother","YES","YES","NO","NO","YES","0: 0  CONDITION DOES NOT APPLY","ALWAYS WITH LEFT HAND","ALWAYS WITH RIGHT HAND","ALWAYS WITH RIGHT HAND","ALWAYS WITH RIGHT HAND","ALWAYS WITH LEFT HAND","1: 1  CONDITION APPLIES","1: 1  CONDITION APPLIES","NO","FEMALE","FEMALE"
1984,64735,3,1,2,33790,6,205,1,1,4,2,4,4,2,1,1,2,2,1,2,4,1,1,28,18,"Male","Non-Black / Non-Hispanic","North Central (IL, IN, IA, KS, MI, MN, MO, NE, OH, ND, SD, WI)","GED","In CBSA, in central city","NO","3: Mother","YES","NO","NO","NO","NO","0: 0  CONDITION DOES NOT APPLY","ALWAYS WITH RIGHT HAND","ALWAYS WITH RIGHT HAND","USUALLY WITH RIGHT HAND","ALWAYS WITH RIGHT HAND","ALWAYS WITH LEFT HAND","1: 1  CONDITION APPLIES","1: 1  CONDITION APPLIES","NO","FEMALE","MALE"
1984,64735,2,1,2,33790,5,183,2,2,4,5,4,4,2,2,1,2,1,6,5,7,1,1,21,18,"Female","Non-Black / Non-Hispanic","South (AL, AR, DE, DC, FL, GA, KY, LA, MD, MS, NC, OK, SC, TN , TX, VA, WV)","GED","In CBSA, not in central city","NO","3: Mother","NO","NO","NO","NO","YES","0: 0  CONDITION DOES NOT APPLY","ALWAYS WITH RIGHT HAND","ALWAYS WITH RIGHT HAND","ALWAYS WITH RIGHT HAND","ALWAYS WITH RIGHT HAND","ALWAYS WITH LEFT HAND","0: 0  CONDITION DOES NOT APPLY","1: 1  CONDITION APPLIES","NO","MALE","MALE"
1982,45250,5,0,3,33790,5,200,1,1,2,4,2,2,2,2,2,2,1,6,3,6,1,1,32,20,"Female","Non-Black / Non-Hispanic","South (AL, AR, DE, DC, FL, GA, KY, LA, MD, MS, NC, OK, SC, TN , TX, VA, WV)","High school diploma (Regular 12 year program)","In CBSA, not in central city","NO","3: Mother","NO","NO","NO","YES","YES","0: 0  CONDITION DOES NOT APPLY","ALWAYS WITH RIGHT HAND","ALWAYS WITH RIGHT HAND","ALWAYS WITH RIGHT HAND","ALWAYS WITH RIGHT HAND","ALWAYS WITH LEFT HAND","1: 1  CONDITION APPLIES","1: 1  CONDITION APPLIES","NO","FEMALE","FEMALE"
1985,4000,3,1,1,33790,5,176,2,1,2,3,2,6,2,2,2,2,2,2,1,7,1,3,30,20,"Male","Non-Black / Non-Hispanic","Northeast (CT, ME, MA, NH, NJ, NY, PA, RI, VT)","High school diploma (Regular 12 year program)","In CBSA, not in central city","NO","3: Mother","YES","NO","NO","NO","YES","0: 0  CONDITION DOES NOT APPLY","ALWAYS WITH RIGHT HAND","ALWAYS WITH RIGHT HAND","ALWAYS WITH RIGHT HAND","ALWAYS WITH RIGHT HAND","ALWAYS WITH LEFT HAND","1: 1  CONDITION APPLIES","1: 1  CONDITION APPLIES","NO","FEMALE","FEMALE"
1983,64735,3,1,1,33790,5,183,1,2,3,2,5,2,2,2,1,2,2,6,2,5,1,1,31,21,"Female","Hispanic","South (AL, AR, DE, DC, FL, GA, KY, LA, MD, MS, NC, OK, SC, TN , TX, VA, WV)","High school diploma (Regular 12 year program)","In CBSA, not in central city","NO","3: Mother","YES","NO","NO","NO","NO","0: 0  CONDITION DOES NOT APPLY","ALWAYS WITH RIGHT HAND","ALWAYS WITH RIGHT HAND","ALWAYS WITH RIGHT HAND","ALWAYS WITH RIGHT HAND","ALWAYS WITH LEFT HAND","1: 1  CONDITION APPLIES","1: 1  CONDITION APPLIES","NO","MALE","FEMALE"
1981,64735,2,0,2,33790,5,186,3,2,3,1,4,4,2,1,2,1,1,6,2,5,1,1,31,52,"Male","Non-Black / Non-Hispanic","West (AK, AZ, CA, CO, HI, ID, MT, NV, NM, OR, UT, WA, WY)","Master's degree (MA, MS)","In CBSA, in central city","YES","3: Mother","YES","NO","YES","NO","YES","0: 0  CONDITION DOES NOT APPLY","ALWAYS WITH RIGHT HAND","ALWAYS WITH RIGHT HAND","ALWAYS WITH RIGHT HAND","ALWAYS WITH RIGHT HAND","ALWAYS WITH LEFT HAND","0: 0  CONDITION DOES NOT APPLY","1: 1  CONDITION APPLIES","NO","FEMALE","FEMALE"
1984,64735,3,0,1,33790,5,183,1,1,5,5,3,3,1,2,1,1,1,6,1,8,1,1,3,24,"Female","Black","North Central (IL, IN, IA, KS, MI, MN, MO, NE, OH, ND, SD, WI)","GED","Not in country","YES","3: Mother","NO","NO","NO","NO","YES","0: 0  CONDITION DOES NOT APPLY","ALWAYS WITH RIGHT HAND","ALWAYS WITH RIGHT HAND","USUALLY WITH BOTH HANDS EQUALLY","ALWAYS WITH LEFT HAND","ALWAYS WITH LEFT HAND","1: 1  CONDITION APPLIES","1: 1  CONDITION APPLIES","NO","MALE","MALE"
1981,64735,2,1,2,33790,5,184,2,1,5,2,2,2,2,2,2,2,1,4,4,10,1,1,33,28,"Male","Non-Black / Non-Hispanic","Northeast (CT, ME, MA, NH, NJ, NY, PA, RI, VT)","Bachelor's degree (BA, BS)","In CBSA, in central city","YES","3: Mother","YES","NO","YES","NO","YES","0: 0  CONDITION DOES NOT APPLY","ALWAYS WITH RIGHT HAND","ALWAYS WITH RIGHT HAND","USUALLY WITH RIGHT HAND","USUALLY WITH LEFT HAND","ALWAYS WITH LEFT HAND","0: 0  CONDITION DOES NOT APPLY","1: 1  CONDITION APPLIES","NO","MALE","MALE"
1985,75000,4,0,1,33790,5,182,1,1,4,3,6,3,2,2,1,2,1,6,3,7,1,1,30,21,"Male","Non-Black / Non-Hispanic","South (AL, AR, DE, DC, FL, GA, KY, LA, MD, MS, NC, OK, SC, TN , TX, VA, WV)","Bachelor's degree (BA, BS)","In CBSA, not in central city","NO","3: Mother","NO","NO","NO","NO","YES","0: 0  CONDITION DOES NOT APPLY","ALWAYS WITH RIGHT HAND","ALWAYS WITH RIGHT HAND","ALWAYS WITH RIGHT HAND","ALWAYS WITH RIGHT HAND","ALWAYS WITH LEFT HAND","1: 1  CONDITION APPLIES","1: 1  CONDITION APPLIES","NO","MALE","MALE"
1982,64735,1,0,1,33790,5,180,2,1,3,1,5,4,2,2,1,2,1,6,3,8,1,1,25,19,"Female","Non-Black / Non-Hispanic","Northeast (CT, ME, MA, NH, NJ, NY, PA, RI, VT)","Bachelor's degree (BA, BS)","In CBSA, in central city","NO","3: Mother","NO","NO","NO","NO","YES","0: 0  CONDITION DOES NOT APPLY","ALWAYS WITH RIGHT HAND","ALWAYS WITH RIGHT HAND","ALWAYS WITH RIGHT HAND","ALWAYS WITH RIGHT HAND","ALWAYS WITH LEFT HAND","1: 1  CONDITION APPLIES","1: 1  CONDITION APPLIES","NO","MALE","MALE"
1981,95000,2,0,3,33790,5,181,1,1,4,4,2,6,2,2,1,2,2,6,2,7,2,3,29,22,"Female","Non-Black / Non-Hispanic","West (AK, AZ, CA, CO, HI, ID, MT, NV, NM, OR, UT, WA, WY)","High school diploma (Regular 12 year program)","In CBSA, not in central city","NO","3: Mother","YES","NO","NO","NO","NO","0: 0  CONDITION DOES NOT APPLY","ALWAYS WITH LEFT HAND","ALWAYS WITH RIGHT HAND","ALWAYS WITH RIGHT HAND","ALWAYS WITH RIGHT HAND","USUALLY WITH RIGHT HAND","1: 1  CONDITION APPLIES","1: 1  CONDITION APPLIES","NO","FEMALE","FEMALE"
1980,64735,3,0,1,33790,5,183,1,2,3,1,3,2,2,2,1,2,1,5,5,7,1,1,33,36,"Male","Non-Black / Non-Hispanic","Northeast (CT, ME, MA, NH, NJ, NY, PA, RI, VT)","Associate/Junior college (AA)","In CBSA, in central city","NO","3: Mother","NO","YES","NO","NO","YES","0: 0  CONDITION DOES NOT APPLY","ALWAYS WITH RIGHT HAND","ALWAYS WITH RIGHT HAND","ALWAYS WITH RIGHT HAND","ALWAYS WITH RIGHT HAND","ALWAYS WITH LEFT HAND","1: 1  CONDITION APPLIES","1: 1  CONDITION APPLIES","NO","MALE","MALE"
1980,64735,3,0,5,33790,5,185,2,1,6,3,1,2,2,2,2,2,1,5,1,6,1,1,28,22,"Male","Non-Black / Non-Hispanic","West (AK, AZ, CA, CO, HI, ID, MT, NV, NM, OR, UT, WA, WY)","High school diploma (Regular 12 year program)","In CBSA, not in central city","NO","3: Mother","NO","NO","NO","NO","NO","0: 0  CONDITION DOES NOT APPLY","ALWAYS WITH RIGHT HAND","ALWAYS WITH RIGHT HAND","ALWAYS WITH RIGHT HAND","ALWAYS WITH RIGHT HAND","ALWAYS WITH LEFT HAND","1: 1  CONDITION APPLIES","1: 1  CONDITION APPLIES","NO","MALE","FEMALE"
1982,37000,4,1,2,33790,5,144,1,1,1,2,3,5,2,2,2,2,2,3,1,6,1,1,7,22,"Male","Black","Northeast (CT, ME, MA, NH, NJ, NY, PA, RI, VT)","High school diploma (Regular 12 year program)","In CBSA, not in central city","NO","3: Mother","NO","YES","NO","NO","YES","0: 0  CONDITION DOES NOT APPLY","ALWAYS WITH RIGHT HAND","ALWAYS WITH RIGHT HAND","ALWAYS WITH RIGHT HAND","ALWAYS WITH RIGHT HAND","ALWAYS WITH LEFT HAND","0: 0  CONDITION DOES NOT APPLY","1: 1  CONDITION APPLIES","NO","FEMALE","MALE"
1980,64735,4,0,2,30000,5,156,1,1,3,4,7,4,2,2,1,2,1,6,3,8,1,1,28,10,"Female","Non-Black / Non-Hispanic","West (AK, AZ, CA, CO, HI, ID, MT, NV, NM, OR, UT, WA, WY)","Professional degree (DDS, JD, MD)","In CBSA, in central city","NO","3: Mother","NO","NO","NO","NO","YES","0: 0  CONDITION DOES NOT APPLY","ALWAYS WITH RIGHT HAND","ALWAYS WITH RIGHT HAND","ALWAYS WITH RIGHT HAND","ALWAYS WITH RIGHT HAND","ALWAYS WITH LEFT HAND","1: 1  CONDITION APPLIES","1: 1  CONDITION APPLIES","NO","MALE","FEMALE"
1986,64735,2,1,2,33790,5,183,1,2,1,8,4,4,2,2,1,2,1,4,5,7,1,1,30,19,"Female","Non-Black / Non-Hispanic","South (AL, AR, DE, DC, FL, GA, KY, LA, MD, MS, NC, OK, SC, TN , TX, VA, WV)","High school diploma (Regular 12 year program)","In CBSA, not in central city","NO","3: Mother","YES","NO","NO","NO","YES","0: 0  CONDITION DOES NOT APPLY","ALWAYS WITH RIGHT HAND","ALWAYS WITH RIGHT HAND","ALWAYS WITH RIGHT HAND","ALWAYS WITH RIGHT HAND","ALWAYS WITH LEFT HAND","1: 1  CONDITION APPLIES","1: 1  CONDITION APPLIES","NO","MALE","FEMALE"
1982,170507,3,0,2,33790,6,183,1,2,5,3,6,4,2,1,1,1,1,3,2,5,1,1,30,19,"Male","Non-Black / Non-Hispanic","South (AL, AR, DE, DC, FL, GA, KY, LA, MD, MS, NC, OK, SC, TN , TX, VA, WV)","High school diploma (Regular 12 year program)","In CBSA, not in central city","NO","3: Mother","YES","NO","NO","NO","YES","0: 0  CONDITION DOES NOT APPLY","ALWAYS WITH RIGHT HAND","ALWAYS WITH RIGHT HAND","ALWAYS WITH RIGHT HAND","ALWAYS WITH RIGHT HAND","ALWAYS WITH LEFT HAND","1: 1  CONDITION APPLIES","1: 1  CONDITION APPLIES","NO","MALE","MALE"
1980,64735,4,1,2,33790,5,182,1,1,2,4,1,2,2,2,1,2,1,5,1,6,1,2,30,21,"Male","Mixed Race (Non-Hispanic)","South (AL, AR, DE, DC, FL, GA, KY, LA, MD, MS, NC, OK, SC, TN , TX, VA, WV)","Bachelor's degree (BA, BS)","In CBSA, in central city","NO","3: Mother","NO","YES","NO","NO","YES","0: 0  CONDITION DOES NOT APPLY","ALWAYS WITH RIGHT HAND","ALWAYS WITH RIGHT HAND","ALWAYS WITH RIGHT HAND","ALWAYS WITH RIGHT HAND","ALWAYS WITH LEFT HAND","1: 1  CONDITION APPLIES","1: 1  CONDITION APPLIES","NO","MALE","MALE"
1982,64735,3,1,2,33790,5,184,1,2,3,4,2,3,2,1,1,1,1,7,3,7,1,1,28,19,"Female","Non-Black / Non-Hispanic","South (AL, AR, DE, DC, FL, GA, KY, LA, MD, MS, NC, OK, SC, TN , TX, VA, WV)","None","In CBSA, not in central city","NO","3: Mother","YES","YES","YES","NO","YES","0: 0  CONDITION DOES NOT APPLY","ALWAYS WITH RIGHT HAND","ALWAYS WITH RIGHT HAND","ALWAYS WITH RIGHT HAND","ALWAYS WITH RIGHT HAND","ALWAYS WITH LEFT HAND","0: 0  CONDITION DOES NOT APPLY","1: 1  CONDITION APPLIES","NO","FEMALE","MALE"
1982,64735,4,1,3,20000,5,105,1,1,3,3,3,2,2,2,2,2,1,6,2,6,1,1,34,22,"Female","Black","Northeast (CT, ME, MA, NH, NJ, NY, PA, RI, VT)","High school diploma (Regular 12 year program)","In CBSA, not in central city","NO","3: Mother","NO","NO","NO","NO","YES","0: 0  CONDITION DOES NOT APPLY","ALWAYS WITH RIGHT HAND","ALWAYS WITH RIGHT HAND","ALWAYS WITH RIGHT HAND","ALWAYS WITH RIGHT HAND","ALWAYS WITH RIGHT HAND","1: 1  CONDITION APPLIES","1: 1  CONDITION APPLIES","NO","MALE","MALE"
1982,64735,3,0,1,33790,5,182,1,1,3,4,4,6,1,1,1,2,1,4,1,6,1,1,28,8,"Female","Black","Northeast (CT, ME, MA, NH, NJ, NY, PA, RI, VT)","Bachelor's degree (BA, BS)","In CBSA, not in central city","NO","3: Mother","NO","NO","NO","NO","YES","0: 0  CONDITION DOES NOT APPLY","ALWAYS WITH RIGHT HAND","ALWAYS WITH RIGHT HAND","ALWAYS WITH RIGHT HAND","ALWAYS WITH RIGHT HAND","ALWAYS WITH RIGHT HAND","1: 1  CONDITION APPLIES","1: 1  CONDITION APPLIES","NO","FEMALE","FEMALE"
1981,35000,4,0,5,33790,5,183,1,1,7,5,3,1,2,2,1,2,2,3,1,7,1,1,24,17,"Male","Non-Black / Non-Hispanic","Northeast (CT, ME, MA, NH, NJ, NY, PA, RI, VT)","High school diploma (Regular 12 year program)","In CBSA, not in central city","NO","3: Mother","YES","YES","NO","NO","NO","0: 0  CONDITION DOES NOT APPLY","ALWAYS WITH RIGHT HAND","ALWAYS WITH RIGHT HAND","ALWAYS WITH RIGHT HAND","ALWAYS WITH RIGHT HAND","ALWAYS WITH LEFT HAND","0: 0  CONDITION DOES NOT APPLY","1: 1  CONDITION APPLIES","NO","MALE","MALE"
1981,64735,3,0,1,33790,5,185,2,1,3,5,4,5,2,2,1,2,1,1,1,6,1,1,25,15,"Female","Non-Black / Non-Hispanic","Northeast (CT, ME, MA, NH, NJ, NY, PA, RI, VT)","High school diploma (Regular 12 year program)","In CBSA, not in central city","NO","3: Mother","YES","NO","NO","NO","YES","0: 0  CONDITION DOES NOT APPLY","ALWAYS WITH RIGHT HAND","ALWAYS WITH RIGHT HAND","ALWAYS WITH RIGHT HAND","ALWAYS WITH RIGHT HAND","ALWAYS WITH LEFT HAND","1: 1  CONDITION APPLIES","1: 1  CONDITION APPLIES","NO","MALE","MALE"
1986,64735,3,1,3,33790,6,175,2,1,5,3,2,4,2,2,2,2,1,6,2,5,1,1,31,24,"Male","Non-Black / Non-Hispanic","Northeast (CT, ME, MA, NH, NJ, NY, PA, RI, VT)","High school diploma (Regular 12 year program)","In CBSA, not in central city","YES","3: Mother","YES","NO","YES","NO","YES","0: 0  CONDITION DOES NOT APPLY","ALWAYS WITH RIGHT HAND","ALWAYS WITH RIGHT HAND","ALWAYS WITH RIGHT HAND","ALWAYS WITH RIGHT HAND","ALWAYS WITH LEFT HAND","1: 1  CONDITION APPLIES","1: 1  CONDITION APPLIES","NO","FEMALE","MALE"
1984,64735,2,0,1,33790,6,182,1,1,2,5,4,5,2,1,1,2,1,4,2,6,1,1,30,22,"Female","Black","North Central (IL, IN, IA, KS, MI, MN, MO, NE, OH, ND, SD, WI)","High school diploma (Regular 12 year program)","In CBSA, not in central city","NO","3: Mother","YES","NO","NO","NO","YES","0: 0  CONDITION DOES NOT APPLY","ALWAYS WITH RIGHT HAND","ALWAYS WITH RIGHT HAND","ALWAYS WITH RIGHT HAND","USUALLY WITH LEFT HAND","ALWAYS WITH LEFT HAND","1: 1  CONDITION APPLIES","1: 1  CONDITION APPLIES","NO","MALE","MALE"
1982,64735,3,0,3,33790,5,180,1,1,1,5,5,6,1,2,1,1,1,6,2,7,1,1,9,15,"Female","Non-Black / Non-Hispanic","Northeast (CT, ME, MA, NH, NJ, NY, PA, RI, VT)","High school diploma (Regular 12 year program)","In CBSA, not in central city","NO","3: Mother","YES","NO","NO","NO","NO","0: 0  CONDITION DOES NOT APPLY","ALWAYS WITH RIGHT HAND","ALWAYS WITH RIGHT HAND","ALWAYS WITH RIGHT HAND","ALWAYS WITH RIGHT HAND","ALWAYS WITH LEFT HAND","1: 1  CONDITION APPLIES","1: 1  CONDITION APPLIES","NO","FEMALE","MALE"
1980,64735,4,0,2,33790,5,184,1,2,1,4,2,5,2,2,2,1,1,5,4,6,1,1,48,24,"Male","Non-Black / Non-Hispanic","South (AL, AR, DE, DC, FL, GA, KY, LA, MD, MS, NC, OK, SC, TN , TX, VA, WV)","High school diploma (Regular 12 year program)","In CBSA, not in central city","NO","3: Mother","NO","NO","NO","NO","NO","0: 0  CONDITION DOES NOT APPLY","ALWAYS WITH RIGHT HAND","ALWAYS WITH RIGHT HAND","ALWAYS WITH RIGHT HAND","ALWAYS WITH RIGHT HAND","ALWAYS WITH LEFT HAND","1: 1  CONDITION APPLIES","1: 1  CONDITION APPLIES","NO","FEMALE","FEMALE"
1981,102000,2,1,2,30000,5,183,1,1,4,2,3,4,2,2,1,2,1,4,2,6,1,1,27,1,"Female","Non-Black / Non-Hispanic","Northeast (CT, ME, MA, NH, NJ, NY, PA, RI, VT)","Bachelor's degree (BA, BS)","In CBSA, not in central city","NO","3: Mother","YES","NO","YES","NO","YES","0: 0  CONDITION DOES NOT APPLY","ALWAYS WITH RIGHT HAND","ALWAYS WITH RIGHT HAND","ALWAYS WITH RIGHT HAND","ALWAYS WITH RIGHT HAND","ALWAYS WITH LEFT HAND","1: 1  CONDITION APPLIES","1: 1  CONDITION APPLIES","NO","MALE","MALE"
1982,64735,3,1,2,33790,5,165,1,2,3,4,2,3,2,2,1,1,1,1,4,6,1,1,28,21,"Male","Non-Black / Non-Hispanic","West (AK, AZ, CA, CO, HI, ID, MT, NV, NM, OR, UT, WA, WY)","Bachelor's degree (BA, BS)","In CBSA, not in central city","NO","3: Mother","NO","YES","NO","NO","NO","0: 0  CONDITION DOES NOT APPLY","ALWAYS WITH RIGHT HAND","USUALLY WITH RIGHT HAND","ALWAYS WITH RIGHT HAND","ALWAYS WITH RIGHT HAND","ALWAYS WITH LEFT HAND","1: 1  CONDITION APPLIES","1: 1  CONDITION APPLIES","NO","FEMALE","MALE"
1984,17500,3,1,4,33790,5,180,2,1,5,2,2,3,2,2,1,2,2,1,2,8,1,1,5,15,"Female","Non-Black / Non-Hispanic","North Central (IL, IN, IA, KS, MI, MN, MO, NE, OH, ND, SD, WI)","Associate/Junior college (AA)","Not in CBSA","NO","3: Mother","NO","YES","NO","NO","NO","0: 0  CONDITION DOES NOT APPLY","ALWAYS WITH RIGHT HAND","ALWAYS WITH RIGHT HAND","ALWAYS WITH RIGHT HAND","ALWAYS WITH RIGHT HAND","ALWAYS WITH LEFT HAND","1: 1  CONDITION APPLIES","1: 1  CONDITION APPLIES","NO","FEMALE","MALE"
1982,64735,3,0,1,33790,5,180,1,1,2,3,3,2,2,2,1,2,2,1,4,9,6,2,31,23,"Female","Hispanic","North Central (IL, IN, IA, KS, MI, MN, MO, NE, OH, ND, SD, WI)","Bachelor's degree (BA, BS)","In CBSA, in central city","NO","3: Mother","NO","YES","NO","NO","YES","0: 0  CONDITION DOES NOT APPLY","ALWAYS WITH RIGHT HAND","ALWAYS WITH RIGHT HAND","USUALLY WITH LEFT HAND","ALWAYS WITH LEFT HAND","DON'T DO THIS ACTIVITY","0: 0  CONDITION DOES NOT APPLY","1: 1  CONDITION APPLIES","NO","FEMALE","MALE"
1980,64735,3,0,1,33790,5,183,1,1,3,4,4,4,2,1,1,1,1,6,3,6,1,1,30,17,"Male","Black","South (AL, AR, DE, DC, FL, GA, KY, LA, MD, MS, NC, OK, SC, TN , TX, VA, WV)","High school diploma (Regular 12 year program)","In CBSA, in central city","NO","3: Mother","NO","NO","YES","NO","NO","0: 0  CONDITION DOES NOT APPLY","ALWAYS WITH RIGHT HAND","ALWAYS WITH RIGHT HAND","ALWAYS WITH RIGHT HAND","USUALLY WITH BOTH HANDS EQUALLY","ALWAYS WITH LEFT HAND","1: 1  CONDITION APPLIES","1: 1  CONDITION APPLIES","NO","MALE","MALE"
1983,64735,2,0,1,33790,6,187,1,1,3,4,3,3,2,2,1,2,1,3,2,5,1,1,31,23,"Male","Non-Black / Non-Hispanic","Northeast (CT, ME, MA, NH, NJ, NY, PA, RI, VT)","Master's degree (MA, MS)","In CBSA, not in central city","NO","3: Mother","NO","NO","NO","NO","YES","0: 0  CONDITION DOES NOT APPLY","ALWAYS WITH RIGHT HAND","ALWAYS WITH RIGHT HAND","ALWAYS WITH RIGHT HAND","ALWAYS WITH RIGHT HAND","ALWAYS WITH LEFT HAND","1: 1  CONDITION APPLIES","1: 1  CONDITION APPLIES","NO","FEMALE","MALE"
1980,64735,3,1,1,33790,5,184,1,1,5,4,5,4,2,2,2,2,2,1,3,7,1,1,27,5,"Male","Non-Black / Non-Hispanic","North Central (IL, IN, IA, KS, MI, MN, MO, NE, OH, ND, SD, WI)","None","In CBSA, not in central city","NO","3: Mother","YES","NO","YES","NO","YES","0: 0  CONDITION DOES NOT APPLY","ALWAYS WITH RIGHT HAND","ALWAYS WITH RIGHT HAND","ALWAYS WITH RIGHT HAND","ALWAYS WITH RIGHT HAND","ALWAYS WITH RIGHT HAND","1: 1  CONDITION APPLIES","1: 1  CONDITION APPLIES","NO","FEMALE","MALE"
1981,46966,6,1,2,33790,5,160,2,2,2,5,2,3,2,1,2,1,2,2,1,3,1,1,31,17,"Male","Non-Black / Non-Hispanic","South (AL, AR, DE, DC, FL, GA, KY, LA, MD, MS, NC, OK, SC, TN , TX, VA, WV)","High school diploma (Regular 12 year program)","In CBSA, in central city","NO","3: Mother","YES","NO","NO","NO","NO","0: 0  CONDITION DOES NOT APPLY","ALWAYS WITH RIGHT HAND","ALWAYS WITH RIGHT HAND","ALWAYS WITH RIGHT HAND","ALWAYS WITH RIGHT HAND","ALWAYS WITH RIGHT HAND","1: 1  CONDITION APPLIES","1: 1  CONDITION APPLIES","NO","FEMALE","MALE"
1983,64735,2,0,3,45000,5,182,2,2,5,3,4,6,2,2,1,1,1,5,1,6,1,1,26,21,"Female","Non-Black / Non-Hispanic","West (AK, AZ, CA, CO, HI, ID, MT, NV, NM, OR, UT, WA, WY)","Bachelor's degree (BA, BS)","In CBSA, not in central city","NO","3: Mother","YES","NO","YES","NO","YES","0: 0  CONDITION DOES NOT APPLY","ALWAYS WITH LEFT HAND","USUALLY WITH RIGHT HAND","ALWAYS WITH RIGHT HAND","ALWAYS WITH RIGHT HAND","ALWAYS WITH LEFT HAND","1: 1  CONDITION APPLIES","1: 1  CONDITION APPLIES","NO","MALE","MALE"
1981,64735,4,0,2,33790,5,185,1,1,3,4,3,3,2,2,1,1,1,6,2,6,1,1,31,18,"Female","Non-Black / Non-Hispanic","North Central (IL, IN, IA, KS, MI, MN, MO, NE, OH, ND, SD, WI)","Bachelor's degree (BA, BS)","In CBSA, in central city","NO","3: Mother","YES","NO","NO","NO","YES","0: 0  CONDITION DOES NOT APPLY","ALWAYS WITH RIGHT HAND","ALWAYS WITH RIGHT HAND","ALWAYS WITH RIGHT HAND","ALWAYS WITH RIGHT HAND","ALWAYS WITH LEFT HAND","1: 1  CONDITION APPLIES","1: 1  CONDITION APPLIES","NO","FEMALE","MALE"
1983,64735,1,0,1,33790,6,188,1,1,5,3,4,4,2,2,1,2,1,5,2,7,1,1,25,22,"Male","Non-Black / Non-Hispanic","West (AK, AZ, CA, CO, HI, ID, MT, NV, NM, OR, UT, WA, WY)","High school diploma (Regular 12 year program)","Not in country","NO","3: Mother","YES","NO","YES","NO","YES","0: 0  CONDITION DOES NOT APPLY","ALWAYS WITH RIGHT HAND","ALWAYS WITH RIGHT HAND","ALWAYS WITH RIGHT HAND","ALWAYS WITH RIGHT HAND","ALWAYS WITH LEFT HAND","0: 0  CONDITION DOES NOT APPLY","1: 1  CONDITION APPLIES","NO","FEMALE","FEMALE"
1984,64735,3,0,2,33790,5,130,1,2,3,5,6,3,2,2,1,2,2,3,2,8,4,1,40,28,"Female","Non-Black / Non-Hispanic","North Central (IL, IN, IA, KS, MI, MN, MO, NE, OH, ND, SD, WI)","High school diploma (Regular 12 year program)","In CBSA, in central city","YES","3: Mother","NO","NO","NO","NO","YES","0: 0  CONDITION DOES NOT APPLY","ALWAYS WITH RIGHT HAND","ALWAYS WITH RIGHT HAND","ALWAYS WITH RIGHT HAND","ALWAYS WITH RIGHT HAND","ALWAYS WITH LEFT HAND","1: 1  CONDITION APPLIES","1: 1  CONDITION APPLIES","NO","MALE","MALE"
1984,37000,2,0,2,33790,5,184,1,1,1,2,2,7,2,2,2,2,2,1,2,7,1,3,28,20,"Male","Non-Black / Non-Hispanic","North Central (IL, IN, IA, KS, MI, MN, MO, NE, OH, ND, SD, WI)","High school diploma (Regular 12 year program)","In CBSA, not in central city","NO","3: Mother","YES","NO","NO","NO","YES","0: 0  CONDITION DOES NOT APPLY","ALWAYS WITH RIGHT HAND","ALWAYS WITH RIGHT HAND","ALWAYS WITH RIGHT HAND","ALWAYS WITH RIGHT HAND","ALWAYS WITH LEFT HAND","1: 1  CONDITION APPLIES","1: 1  CONDITION APPLIES","YES","FEMALE","MALE"
1981,64735,3,1,2,33790,5,183,1,2,6,3,2,6,2,2,1,1,1,2,2,6,1,1,32,21,"Female","Black","Northeast (CT, ME, MA, NH, NJ, NY, PA, RI, VT)","None","In CBSA, not in central city","YES","3: Mother","NO","YES","NO","NO","YES","0: 0  CONDITION DOES NOT APPLY","ALWAYS WITH RIGHT HAND","ALWAYS WITH RIGHT HAND","ALWAYS WITH RIGHT HAND","ALWAYS WITH RIGHT HAND","ALWAYS WITH LEFT HAND","0: 0  CONDITION DOES NOT APPLY","1: 1  CONDITION APPLIES","NO","MALE","FEMALE"
1980,64735,3,0,3,33790,6,183,1,2,3,3,2,3,1,2,1,2,1,4,3,7,1,1,29,21,"Female","Non-Black / Non-Hispanic","Northeast (CT, ME, MA, NH, NJ, NY, PA, RI, VT)","Bachelor's degree (BA, BS)","In CBSA, not in central city","NO","3: Mother","YES","YES","NO","NO","YES","0: 0  CONDITION DOES NOT APPLY","ALWAYS WITH RIGHT HAND","ALWAYS WITH RIGHT HAND","ALWAYS WITH RIGHT HAND","ALWAYS WITH RIGHT HAND","ALWAYS WITH LEFT HAND","0: 0  CONDITION DOES NOT APPLY","1: 1  CONDITION APPLIES","NO","FEMALE","MALE"
1980,64735,5,1,7,33790,5,187,2,2,3,6,5,2,2,1,2,2,2,4,2,6,1,1,28,19,"Female","Hispanic","Northeast (CT, ME, MA, NH, NJ, NY, PA, RI, VT)","GED","In CBSA, not in central city","NO","3: Mother","YES","NO","YES","NO","NO","0: 0  CONDITION DOES NOT APPLY","ALWAYS WITH RIGHT HAND","ALWAYS WITH RIGHT HAND","ALWAYS WITH RIGHT HAND","ALWAYS WITH RIGHT HAND","ALWAYS WITH LEFT HAND","1: 1  CONDITION APPLIES","1: 1  CONDITION APPLIES","YES","MALE","MALE"
1983,64735,5,1,2,33790,5,182,2,2,7,3,3,3,2,2,2,2,1,5,1,7,1,1,29,19,"Male","Hispanic","North Central (IL, IN, IA, KS, MI, MN, MO, NE, OH, ND, SD, WI)","GED","In CBSA, not in central city","NO","3: Mother","NO","NO","NO","NO","YES","0: 0  CONDITION DOES NOT APPLY","ALWAYS WITH RIGHT HAND","USUALLY WITH RIGHT HAND","DON'T DO THIS ACTIVITY","ALWAYS WITH RIGHT HAND","ALWAYS WITH LEFT HAND","1: 1  CONDITION APPLIES","1: 1  CONDITION APPLIES","NO","FEMALE","MALE"
1982,64735,2,0,1,33790,5,185,2,2,3,5,5,3,2,2,1,2,2,5,2,6,1,1,29,20,"Male","Non-Black / Non-Hispanic","South (AL, AR, DE, DC, FL, GA, KY, LA, MD, MS, NC, OK, SC, TN , TX, VA, WV)","High school diploma (Regular 12 year program)","In CBSA, in central city","NO","3: Mother","YES","NO","NO","NO","YES","0: 0  CONDITION DOES NOT APPLY","ALWAYS WITH RIGHT HAND","ALWAYS WITH RIGHT HAND","DON'T DO THIS ACTIVITY","ALWAYS WITH RIGHT HAND","ALWAYS WITH LEFT HAND","1: 1  CONDITION APPLIES","1: 1  CONDITION APPLIES","NO","FEMALE","FEMALE"
1981,64735,3,0,2,33790,5,183,3,1,3,3,2,4,2,1,1,1,1,4,3,7,1,1,29,22,"Female","Non-Black / Non-Hispanic","Northeast (CT, ME, MA, NH, NJ, NY, PA, RI, VT)","High school diploma (Regular 12 year program)","In CBSA, not in central city","YES","3: Mother","YES","NO","NO","NO","NO","0: 0  CONDITION DOES NOT APPLY","ALWAYS WITH RIGHT HAND","ALWAYS WITH RIGHT HAND","ALWAYS WITH RIGHT HAND","ALWAYS WITH RIGHT HAND","ALWAYS WITH LEFT HAND","0: 0  CONDITION DOES NOT APPLY","1: 1  CONDITION APPLIES","NO","MALE","FEMALE"
1983,64735,4,0,3,33790,5,183,1,1,3,5,1,2,2,1,1,2,1,6,3,7,1,1,30,19,"Female","Non-Black / Non-Hispanic","South (AL, AR, DE, DC, FL, GA, KY, LA, MD, MS, NC, OK, SC, TN , TX, VA, WV)","High school diploma (Regular 12 year program)","In CBSA, in central city","NO","3: Mother","YES","YES","NO","YES","YES","0: 0  CONDITION DOES NOT APPLY","ALWAYS WITH RIGHT HAND","ALWAYS WITH RIGHT HAND","ALWAYS WITH RIGHT HAND","ALWAYS WITH RIGHT HAND","ALWAYS WITH LEFT HAND","1: 1  CONDITION APPLIES","0: 0  CONDITION DOES NOT APPLY","NO","MALE","MALE"
1983,64735,3,1,2,33790,5,182,1,1,4,4,4,4,2,2,1,2,1,6,3,6,1,1,25,17,"Female","Hispanic","North Central (IL, IN, IA, KS, MI, MN, MO, NE, OH, ND, SD, WI)","Bachelor's degree (BA, BS)","In CBSA, not in central city","NO","3: Mother","YES","NO","NO","NO","YES","0: 0  CONDITION DOES NOT APPLY","ALWAYS WITH RIGHT HAND","ALWAYS WITH RIGHT HAND","ALWAYS WITH RIGHT HAND","ALWAYS WITH RIGHT HAND","ALWAYS WITH RIGHT HAND","0: 0  CONDITION DOES NOT APPLY","1: 1  CONDITION APPLIES","NO","FEMALE","FEMALE"
1982,64735,3,1,3,33790,5,183,1,1,5,6,3,3,2,2,1,2,1,6,1,7,1,1,6,15,"Female","Black","Northeast (CT, ME, MA, NH, NJ, NY, PA, RI, VT)","None","In CBSA, not in central city","NO","3: Mother","YES","NO","NO","NO","YES","0: 0  CONDITION DOES NOT APPLY","ALWAYS WITH RIGHT HAND","DON'T DO THIS ACTIVITY","ALWAYS WITH RIGHT HAND","DON'T DO THIS ACTIVITY","ALWAYS WITH LEFT HAND","1: 1  CONDITION APPLIES","1: 1  CONDITION APPLIES","NO","FEMALE","MALE"
1982,64735,3,0,4,4000,5,181,1,2,3,3,4,6,2,2,1,2,2,3,1,8,2,2,31,23,"Female","Non-Black / Non-Hispanic","North Central (IL, IN, IA, KS, MI, MN, MO, NE, OH, ND, SD, WI)","High school diploma (Regular 12 year program)","In CBSA, not in central city","NO","3: Mother","YES","NO","NO","NO","YES","0: 0  CONDITION DOES NOT APPLY","ALWAYS WITH RIGHT HAND","ALWAYS WITH LEFT HAND","ALWAYS WITH LEFT HAND","ALWAYS WITH LEFT HAND","ALWAYS WITH RIGHT HAND","1: 1  CONDITION APPLIES","1: 1  CONDITION APPLIES","NO","MALE","FEMALE"
1984,64735,3,0,3,7000,5,155,1,1,4,4,3,5,2,2,1,1,1,9,2,6,1,1,28,16,"Female","Hispanic","South (AL, AR, DE, DC, FL, GA, KY, LA, MD, MS, NC, OK, SC, TN , TX, VA, WV)","Associate/Junior college (AA)","Not in CBSA","NO","3: Mother","NO","NO","NO","NO","YES","0: 0  CONDITION DOES NOT APPLY","ALWAYS WITH RIGHT HAND","USUALLY WITH RIGHT HAND","ALWAYS WITH RIGHT HAND","USUALLY WITH BOTH HANDS EQUALLY","USUALLY WITH RIGHT HAND","0: 0  CONDITION DOES NOT APPLY","1: 1  CONDITION APPLIES","NO","FEMALE","MALE"
1980,64735,3,0,2,33790,5,186,1,2,3,5,3,7,2,2,1,2,1,3,1,6,1,1,31,20,"Female","Non-Black / Non-Hispanic","North Central (IL, IN, IA, KS, MI, MN, MO, NE, OH, ND, SD, WI)","Bachelor's degree (BA, BS)","In CBSA, not in central city","NO","3: Mother","NO","NO","NO","NO","YES","0: 0  CONDITION DOES NOT APPLY","ALWAYS WITH RIGHT HAND","ALWAYS WITH RIGHT HAND","ALWAYS WITH RIGHT HAND","ALWAYS WITH RIGHT HAND","ALWAYS WITH LEFT HAND","1: 1  CONDITION APPLIES","1: 1  CONDITION APPLIES","NO","MALE","MALE"
1984,64735,3,0,3,24800,6,180,1,1,5,3,4,4,1,2,2,1,1,6,2,6,1,1,33,21,"Female","Non-Black / Non-Hispanic","North Central (IL, IN, IA, KS, MI, MN, MO, NE, OH, ND, SD, WI)","Bachelor's degree (BA, BS)","In CBSA, in central city","NO","3: Mother","YES","NO","YES","NO","YES","0: 0  CONDITION DOES NOT APPLY","ALWAYS WITH LEFT HAND","USUALLY WITH RIGHT HAND","ALWAYS WITH LEFT HAND","ALWAYS WITH LEFT HAND","ALWAYS WITH RIGHT HAND","1: 1  CONDITION APPLIES","0: 0  CONDITION DOES NOT APPLY","NO","MALE","MALE"
1980,64735,4,1,1,33790,5,184,2,1,4,4,4,5,2,2,1,1,1,6,3,7,1,2,33,23,"Male","Non-Black / Non-Hispanic","Northeast (CT, ME, MA, NH, NJ, NY, PA, RI, VT)","High school diploma (Regular 12 year program)","In CBSA, not in central city","YES","3: Mother","YES","NO","NO","NO","YES","0: 0  CONDITION DOES NOT APPLY","ALWAYS WITH RIGHT HAND","ALWAYS WITH RIGHT HAND","USUALLY WITH RIGHT HAND","ALWAYS WITH RIGHT HAND","ALWAYS WITH LEFT HAND","0: 0  CONDITION DOES NOT APPLY","1: 1  CONDITION APPLIES","NO","MALE","MALE"
1980,64735,3,1,5,19900,5,184,1,1,5,5,4,1,2,1,2,2,2,5,5,6,1,1,26,0,"Male","Non-Black / Non-Hispanic","South (AL, AR, DE, DC, FL, GA, KY, LA, MD, MS, NC, OK, SC, TN , TX, VA, WV)","High school diploma (Regular 12 year program)","In CBSA, not in central city","NO","3: Mother","YES","NO","NO","NO","YES","0: 0  CONDITION DOES NOT APPLY","ALWAYS WITH RIGHT HAND","ALWAYS WITH RIGHT HAND","ALWAYS WITH RIGHT HAND","ALWAYS WITH RIGHT HAND","ALWAYS WITH LEFT HAND","1: 1  CONDITION APPLIES","1: 1  CONDITION APPLIES","NO","FEMALE","FEMALE"
1981,64735,1,0,2,33790,6,185,2,3,4,5,5,6,1,2,1,1,2,3,3,4,2,1,30,17,"Male","Non-Black / Non-Hispanic","West (AK, AZ, CA, CO, HI, ID, MT, NV, NM, OR, UT, WA, WY)","High school diploma (Regular 12 year program)","Not in CBSA","NO","3: Mother","NO","NO","NO","NO","NO","0: 0  CONDITION DOES NOT APPLY","ALWAYS WITH RIGHT HAND","ALWAYS WITH RIGHT HAND","ALWAYS WITH RIGHT HAND","USUALLY WITH BOTH HANDS EQUALLY","USUALLY WITH BOTH HANDS EQUALLY","1: 1  CONDITION APPLIES","1: 1  CONDITION APPLIES","NO","MALE","FEMALE"
1980,36000,3,0,4,4000,5,179,2,1,3,3,5,3,2,2,1,2,2,6,1,6,6,2,30,23,"Female","Non-Black / Non-Hispanic","South (AL, AR, DE, DC, FL, GA, KY, LA, MD, MS, NC, OK, SC, TN , TX, VA, WV)","Bachelor's degree (BA, BS)","In CBSA, in central city","NO","3: Mother","YES","NO","YES","NO","YES","0: 0  CONDITION DOES NOT APPLY","DON'T DO THIS ACTIVITY","USUALLY WITH RIGHT HAND","USUALLY WITH LEFT HAND","ALWAYS WITH RIGHT HAND","ALWAYS WITH LEFT HAND","1: 1  CONDITION APPLIES","1: 1  CONDITION APPLIES","NO","FEMALE","MALE"
1987,64735,4,1,2,33790,5,182,2,2,4,4,5,3,2,2,1,2,1,4,2,8,1,1,29,17,"Female","Non-Black / Non-Hispanic","North Central (IL, IN, IA, KS, MI, MN, MO, NE, OH, ND, SD, WI)","High school diploma (Regular 12 year program)","In CBSA, not in central city","NO","3: Mother","YES","NO","NO","NO","YES","0: 0  CONDITION DOES NOT APPLY","ALWAYS WITH RIGHT HAND","ALWAYS WITH RIGHT HAND","USUALLY WITH BOTH HANDS EQUALLY","ALWAYS WITH RIGHT HAND","ALWAYS WITH LEFT HAND","1: 1  CONDITION APPLIES","1: 1  CONDITION APPLIES","NO","MALE","FEMALE"
1982,64735,3,1,2,33790,5,183,2,1,3,4,3,2,2,2,2,2,1,7,1,7,1,1,30,22,"Female","Non-Black / Non-Hispanic","North Central (IL, IN, IA, KS, MI, MN, MO, NE, OH, ND, SD, WI)","Associate/Junior college (AA)","In CBSA, in central city","NO","3: Mother","NO","NO","NO","NO","YES","0: 0  CONDITION DOES NOT APPLY","ALWAYS WITH RIGHT HAND","ALWAYS WITH RIGHT HAND","ALWAYS WITH RIGHT HAND","ALWAYS WITH RIGHT HAND","ALWAYS WITH LEFT HAND","1: 1  CONDITION APPLIES","1: 1  CONDITION APPLIES","NO","MALE","MALE"
1984,64735,2,0,1,33790,5,183,1,1,4,2,1,5,2,2,1,2,1,4,5,7,1,1,29,26,"Male","Non-Black / Non-Hispanic","Northeast (CT, ME, MA, NH, NJ, NY, PA, RI, VT)","High school diploma (Regular 12 year program)","In CBSA, not in central city","NO","3: Mother","YES","NO","NO","NO","NO","0: 0  CONDITION DOES NOT APPLY","ALWAYS WITH RIGHT HAND","ALWAYS WITH RIGHT HAND","ALWAYS WITH RIGHT HAND","ALWAYS WITH RIGHT HAND","ALWAYS WITH LEFT HAND","1: 1  CONDITION APPLIES","1: 1  CONDITION APPLIES","NO","MALE","MALE"
1983,64735,1,0,3,33790,6,188,2,2,6,5,3,2,2,1,1,2,1,8,2,4,2,1,30,22,"Male","Hispanic","Northeast (CT, ME, MA, NH, NJ, NY, PA, RI, VT)","High school diploma (Regular 12 year program)","In CBSA, not in central city","NO","3: Mother","YES","NO","NO","NO","YES","0: 0  CONDITION DOES NOT APPLY","DON'T DO THIS ACTIVITY","ALWAYS WITH RIGHT HAND","USUALLY WITH LEFT HAND","ALWAYS WITH RIGHT HAND","ALWAYS WITH RIGHT HAND","1: 1  CONDITION APPLIES","0: 0  CONDITION DOES NOT APPLY","NO","FEMALE","FEMALE"
1985,64735,3,1,2,33790,5,184,2,2,3,4,5,4,2,2,1,1,1,5,4,6,1,1,29,20,"Female","Non-Black / Non-Hispanic","South (AL, AR, DE, DC, FL, GA, KY, LA, MD, MS, NC, OK, SC, TN , TX, VA, WV)","GED","In CBSA, not in central city","YES","3: Mother","NO","NO","NO","NO","NO","0: 0  CONDITION DOES NOT APPLY","ALWAYS WITH RIGHT HAND","ALWAYS WITH RIGHT HAND","ALWAYS WITH RIGHT HAND","ALWAYS WITH RIGHT HAND","ALWAYS WITH LEFT HAND","1: 1  CONDITION APPLIES","1: 1  CONDITION APPLIES","NO","MALE","FEMALE"
1982,64735,5,2,2,33790,5,181,2,3,2,1,6,3,1,1,2,1,1,4,6,6,2,1,31,21,"Female","Non-Black / Non-Hispanic","West (AK, AZ, CA, CO, HI, ID, MT, NV, NM, OR, UT, WA, WY)","GED","In CBSA, not in central city","YES","3: Mother","YES","NO","NO","NO","NO","0: 0  CONDITION DOES NOT APPLY","ALWAYS WITH RIGHT HAND","ALWAYS WITH RIGHT HAND","ALWAYS WITH RIGHT HAND","ALWAYS WITH RIGHT HAND","USUALLY WITH LEFT HAND","1: 1  CONDITION APPLIES","0: 0  CONDITION DOES NOT APPLY","NO","FEMALE","MALE"
1983,64735,2,0,1,33790,5,183,1,1,2,3,1,6,2,1,1,2,1,6,2,7,1,1,29,21,"Female","Non-Black / Non-Hispanic","Northeast (CT, ME, MA, NH, NJ, NY, PA, RI, VT)","GED","In CBSA, not in central city","NO","3: Mother","YES","NO","NO","NO","YES","0: 0  CONDITION DOES NOT APPLY","ALWAYS WITH RIGHT HAND","ALWAYS WITH RIGHT HAND","ALWAYS WITH RIGHT HAND","ALWAYS WITH RIGHT HAND","ALWAYS WITH LEFT HAND","1: 1  CONDITION APPLIES","1: 1  CONDITION APPLIES","NO","FEMALE","FEMALE"
1984,64735,4,0,5,33790,5,181,2,1,1,3,2,6,2,2,2,1,1,3,3,7,1,1,31,20,"Male","Black","South (AL, AR, DE, DC, FL, GA, KY, LA, MD, MS, NC, OK, SC, TN , TX, VA, WV)","High school diploma (Regular 12 year program)","In CBSA, not in central city","NO","3: Mother","YES","NO","NO","NO","YES","0: 0  CONDITION DOES NOT APPLY","ALWAYS WITH RIGHT HAND","ALWAYS WITH RIGHT HAND","USUALLY WITH RIGHT HAND","ALWAYS WITH RIGHT HAND","ALWAYS WITH LEFT HAND","1: 1  CONDITION APPLIES","1: 1  CONDITION APPLIES","YES","FEMALE","FEMALE"
1983,64735,2,0,3,33790,5,180,1,1,3,4,2,4,2,2,1,2,2,6,3,7,1,1,22,23,"Female","Non-Black / Non-Hispanic","North Central (IL, IN, IA, KS, MI, MN, MO, NE, OH, ND, SD, WI)","Bachelor's degree (BA, BS)","In CBSA, not in central city","YES","3: Mother","YES","YES","NO","NO","YES","0: 0  CONDITION DOES NOT APPLY","ALWAYS WITH RIGHT HAND","ALWAYS WITH RIGHT HAND","DON'T DO THIS ACTIVITY","ALWAYS WITH RIGHT HAND","ALWAYS WITH LEFT HAND","1: 1  CONDITION APPLIES","1: 1  CONDITION APPLIES","NO","FEMALE","MALE"
1981,64735,1,1,5,33790,6,186,1,2,2,4,5,4,2,2,1,1,1,6,4,4,1,1,29,17,"Male","Non-Black / Non-Hispanic","Northeast (CT, ME, MA, NH, NJ, NY, PA, RI, VT)","Bachelor's degree (BA, BS)","In CBSA, in central city","NO","3: Mother","NO","NO","YES","NO","YES","0: 0  CONDITION DOES NOT APPLY","ALWAYS WITH RIGHT HAND","USUALLY WITH BOTH HANDS EQUALLY","ALWAYS WITH RIGHT HAND","ALWAYS WITH RIGHT HAND","ALWAYS WITH LEFT HAND","1: 1  CONDITION APPLIES","1: 1  CONDITION APPLIES","NO","FEMALE","FEMALE"
1983,64735,3,2,1,33790,6,185,1,2,2,4,1,3,2,2,1,2,2,4,6,6,1,1,29,21,"Male","Non-Black / Non-Hispanic","North Central (IL, IN, IA, KS, MI, MN, MO, NE, OH, ND, SD, WI)","Master's degree (MA, MS)","In CBSA, not in central city","NO","3: Mother","YES","NO","NO","NO","YES","0: 0  CONDITION DOES NOT APPLY","ALWAYS WITH RIGHT HAND","ALWAYS WITH RIGHT HAND","ALWAYS WITH RIGHT HAND","ALWAYS WITH RIGHT HAND","ALWAYS WITH LEFT HAND","1: 1  CONDITION APPLIES","1: 1  CONDITION APPLIES","NO","FEMALE","FEMALE"
1983,64735,2,1,3,18000,5,180,1,2,1,1,2,4,1,2,2,1,2,4,2,7,1,1,30,22,"Male","Non-Black / Non-Hispanic","South (AL, AR, DE, DC, FL, GA, KY, LA, MD, MS, NC, OK, SC, TN , TX, VA, WV)","None","In CBSA, not in central city","NO","3: Mother","YES","NO","NO","NO","YES","0: 0  CONDITION DOES NOT APPLY","ALWAYS WITH RIGHT HAND","ALWAYS WITH RIGHT HAND","ALWAYS WITH RIGHT HAND","ALWAYS WITH RIGHT HAND","ALWAYS WITH LEFT HAND","1: 1  CONDITION APPLIES","0: 0  CONDITION DOES NOT APPLY","NO","MALE","MALE"
1981,64735,3,1,3,33790,5,180,1,1,3,1,5,5,2,2,1,2,1,6,4,6,1,1,30,22,"Male","Non-Black / Non-Hispanic","North Central (IL, IN, IA, KS, MI, MN, MO, NE, OH, ND, SD, WI)","Master's degree (MA, MS)","In CBSA, not in central city","NO","3: Mother","NO","NO","NO","NO","YES","0: 0  CONDITION DOES NOT APPLY","ALWAYS WITH RIGHT HAND","ALWAYS WITH RIGHT HAND","ALWAYS WITH RIGHT HAND","ALWAYS WITH RIGHT HAND","ALWAYS WITH LEFT HAND","1: 1  CONDITION APPLIES","1: 1  CONDITION APPLIES","NO","FEMALE","FEMALE"
1982,64735,4,1,1,33790,5,182,1,1,2,4,4,4,2,1,1,2,1,3,1,7,1,1,28,3,"Female","Non-Black / Non-Hispanic","North Central (IL, IN, IA, KS, MI, MN, MO, NE, OH, ND, SD, WI)","High school diploma (Regular 12 year program)","In CBSA, in central city","NO","3: Mother","NO","YES","NO","NO","NO","0: 0  CONDITION DOES NOT APPLY","ALWAYS WITH RIGHT HAND","ALWAYS WITH RIGHT HAND","ALWAYS WITH RIGHT HAND","ALWAYS WITH RIGHT HAND","ALWAYS WITH RIGHT HAND","1: 1  CONDITION APPLIES","1: 1  CONDITION APPLIES","NO","MALE","MALE"
1982,64735,3,1,2,33790,5,181,1,1,2,2,4,2,2,2,1,1,2,5,2,7,1,1,34,22,"Male","Black","North Central (IL, IN, IA, KS, MI, MN, MO, NE, OH, ND, SD, WI)","GED","In CBSA, not in central city","NO","3: Mother","NO","NO","NO","NO","NO","0: 0  CONDITION DOES NOT APPLY","ALWAYS WITH RIGHT HAND","ALWAYS WITH RIGHT HAND","ALWAYS WITH RIGHT HAND","ALWAYS WITH RIGHT HAND","ALWAYS WITH LEFT HAND","1: 1  CONDITION APPLIES","1: 1  CONDITION APPLIES","NO","MALE","MALE"
1985,64735,5,3,2,33790,6,182,2,2,1,6,2,3,1,1,1,1,1,3,1,8,1,1,22,9,"Male","Non-Black / Non-Hispanic","North Central (IL, IN, IA, KS, MI, MN, MO, NE, OH, ND, SD, WI)","None","In CBSA, in central city","NO","3: Mother","YES","YES","NO","NO","YES","0: 0  CONDITION DOES NOT APPLY","ALWAYS WITH RIGHT HAND","ALWAYS WITH RIGHT HAND","ALWAYS WITH LEFT HAND","ALWAYS WITH RIGHT HAND","ALWAYS WITH LEFT HAND","1: 1  CONDITION APPLIES","1: 1  CONDITION APPLIES","NO","MALE","FEMALE"
1983,64735,2,0,1,33790,5,120,1,1,6,2,3,3,2,2,2,2,1,5,2,7,1,1,31,20,"Male","Non-Black / Non-Hispanic","South (AL, AR, DE, DC, FL, GA, KY, LA, MD, MS, NC, OK, SC, TN , TX, VA, WV)","Bachelor's degree (BA, BS)","In CBSA, in central city","NO","3: Mother","YES","NO","NO","NO","YES","0: 0  CONDITION DOES NOT APPLY","ALWAYS WITH RIGHT HAND","ALWAYS WITH RIGHT HAND","ALWAYS WITH RIGHT HAND","ALWAYS WITH RIGHT HAND","ALWAYS WITH LEFT HAND","1: 1  CONDITION APPLIES","0: 0  CONDITION DOES NOT APPLY","NO","FEMALE","MALE"
1982,64735,4,0,2,33790,5,185,1,2,1,4,2,3,2,1,1,1,1,3,2,9,1,1,29,20,"Female","Non-Black / Non-Hispanic","South (AL, AR, DE, DC, FL, GA, KY, LA, MD, MS, NC, OK, SC, TN , TX, VA, WV)","High school diploma (Regular 12 year program)","In CBSA, not in central city","NO","3: Mother","NO","YES","NO","YES","YES","0: 0  CONDITION DOES NOT APPLY","ALWAYS WITH RIGHT HAND","ALWAYS WITH RIGHT HAND","ALWAYS WITH RIGHT HAND","ALWAYS WITH RIGHT HAND","ALWAYS WITH LEFT HAND","0: 0  CONDITION DOES NOT APPLY","1: 1  CONDITION APPLIES","NO","FEMALE","MALE"
1983,64735,3,1,4,45000,6,184,1,2,3,4,2,5,2,2,1,2,1,6,2,8,2,1,31,21,"Female","Non-Black / Non-Hispanic","North Central (IL, IN, IA, KS, MI, MN, MO, NE, OH, ND, SD, WI)","High school diploma (Regular 12 year program)","In CBSA, in central city","NO","3: Mother","YES","NO","NO","NO","YES","0: 0  CONDITION DOES NOT APPLY","ALWAYS WITH LEFT HAND","ALWAYS WITH RIGHT HAND","ALWAYS WITH LEFT HAND","ALWAYS WITH LEFT HAND","ALWAYS WITH LEFT HAND","1: 1  CONDITION APPLIES","1: 1  CONDITION APPLIES","YES","FEMALE","FEMALE"
1981,64735,4,0,3,5000,6,280,1,2,4,4,2,2,2,2,1,2,1,2,4,7,1,1,33,26,"Male","Non-Black / Non-Hispanic","South (AL, AR, DE, DC, FL, GA, KY, LA, MD, MS, NC, OK, SC, TN , TX, VA, WV)","GED","In CBSA, not in central city","YES","3: Mother","YES","NO","YES","NO","NO","0: 0  CONDITION DOES NOT APPLY","ALWAYS WITH RIGHT HAND","ALWAYS WITH RIGHT HAND","ALWAYS WITH RIGHT HAND","ALWAYS WITH LEFT HAND","ALWAYS WITH RIGHT HAND","1: 1  CONDITION APPLIES","1: 1  CONDITION APPLIES","NO","FEMALE","MALE"
1984,64735,5,0,4,33790,5,181,1,3,1,6,6,3,2,2,1,2,2,3,1,5,1,1,27,18,"Female","Non-Black / Non-Hispanic","North Central (IL, IN, IA, KS, MI, MN, MO, NE, OH, ND, SD, WI)","GED","In CBSA, in central city","NO","3: Mother","NO","YES","NO","NO","NO","0: 0  CONDITION DOES NOT APPLY","ALWAYS WITH RIGHT HAND","ALWAYS WITH RIGHT HAND","ALWAYS WITH RIGHT HAND","ALWAYS WITH RIGHT HAND","ALWAYS WITH LEFT HAND","0: 0  CONDITION DOES NOT APPLY","1: 1  CONDITION APPLIES","NO","FEMALE","MALE"
1981,64735,4,0,1,33790,5,181,2,2,5,3,2,3,2,2,1,2,1,3,3,7,1,1,31,19,"Male","Non-Black / Non-Hispanic","Northeast (CT, ME, MA, NH, NJ, NY, PA, RI, VT)","High school diploma (Regular 12 year program)","In CBSA, in central city","NO","3: Mother","YES","NO","NO","NO","YES","0: 0  CONDITION DOES NOT APPLY","ALWAYS WITH LEFT HAND","ALWAYS WITH LEFT HAND","ALWAYS WITH LEFT HAND","ALWAYS WITH RIGHT HAND","ALWAYS WITH RIGHT HAND","0: 0  CONDITION DOES NOT APPLY","1: 1  CONDITION APPLIES","NO","MALE","FEMALE"
1985,64735,2,1,2,33790,5,140,1,1,3,4,2,5,2,2,2,2,1,6,1,7,1,1,31,22,"Female","Non-Black / Non-Hispanic","North Central (IL, IN, IA, KS, MI, MN, MO, NE, OH, ND, SD, WI)","Bachelor's degree (BA, BS)","In CBSA, in central city","NO","3: Mother","YES","NO","NO","NO","YES","0: 0  CONDITION DOES NOT APPLY","ALWAYS WITH RIGHT HAND","ALWAYS WITH RIGHT HAND","ALWAYS WITH RIGHT HAND","ALWAYS WITH RIGHT HAND","ALWAYS WITH LEFT HAND","1: 1  CONDITION APPLIES","1: 1  CONDITION APPLIES","NO","FEMALE","FEMALE"
1983,64735,4,1,2,33790,5,144,2,1,1,6,6,4,2,2,2,1,1,6,2,7,1,2,32,21,"Female","Non-Black / Non-Hispanic","South (AL, AR, DE, DC, FL, GA, KY, LA, MD, MS, NC, OK, SC, TN , TX, VA, WV)","High school diploma (Regular 12 year program)","In CBSA, in central city","NO","3: Mother","NO","YES","NO","NO","YES","0: 0  CONDITION DOES NOT APPLY","ALWAYS WITH RIGHT HAND","ALWAYS WITH RIGHT HAND","ALWAYS WITH RIGHT HAND","ALWAYS WITH RIGHT HAND","ALWAYS WITH LEFT HAND","1: 1  CONDITION APPLIES","0: 0  CONDITION DOES NOT APPLY","NO","MALE","FEMALE"
1982,72000,4,1,4,33790,5,205,1,2,2,5,5,3,1,2,1,2,2,6,2,6,1,1,31,20,"Male","Hispanic","South (AL, AR, DE, DC, FL, GA, KY, LA, MD, MS, NC, OK, SC, TN , TX, VA, WV)","High school diploma (Regular 12 year program)","In CBSA, not in central city","NO","3: Mother","YES","NO","NO","NO","YES","0: 0  CONDITION DOES NOT APPLY","ALWAYS WITH RIGHT HAND","ALWAYS WITH RIGHT HAND","ALWAYS WITH RIGHT HAND","ALWAYS WITH RIGHT HAND","ALWAYS WITH LEFT HAND","0: 0  CONDITION DOES NOT APPLY","1: 1  CONDITION APPLIES","YES","MALE","FEMALE"
1982,64735,1,0,1,33790,5,260,1,1,9,4,4,4,2,2,1,2,1,5,2,7,1,1,32,25,"Female","Non-Black / Non-Hispanic","South (AL, AR, DE, DC, FL, GA, KY, LA, MD, MS, NC, OK, SC, TN , TX, VA, WV)","Bachelor's degree (BA, BS)","In CBSA, not in central city","NO","3: Mother","YES","NO","NO","NO","YES","0: 0  CONDITION DOES NOT APPLY","ALWAYS WITH RIGHT HAND","ALWAYS WITH RIGHT HAND","ALWAYS WITH RIGHT HAND","ALWAYS WITH RIGHT HAND","ALWAYS WITH LEFT HAND","1: 1  CONDITION APPLIES","1: 1  CONDITION APPLIES","NO","MALE","MALE"
1981,31500,3,0,2,33790,5,181,2,2,3,3,2,6,2,2,2,1,1,4,2,7,1,1,29,19,"Male","Non-Black / Non-Hispanic","North Central (IL, IN, IA, KS, MI, MN, MO, NE, OH, ND, SD, WI)","None","In CBSA, not in central city","NO","3: Mother","NO","NO","NO","NO","NO","0: 0  CONDITION DOES NOT APPLY","ALWAYS WITH LEFT HAND","ALWAYS WITH RIGHT HAND","ALWAYS WITH RIGHT HAND","ALWAYS WITH RIGHT HAND","ALWAYS WITH LEFT HAND","0: 0  CONDITION DOES NOT APPLY","1: 1  CONDITION APPLIES","NO","FEMALE","MALE"
1983,64735,3,1,3,33790,5,182,2,1,1,4,5,4,2,1,1,1,1,5,2,8,1,1,29,19,"Male","Hispanic","North Central (IL, IN, IA, KS, MI, MN, MO, NE, OH, ND, SD, WI)","High school diploma (Regular 12 year program)","In CBSA, not in central city","NO","3: Mother","YES","NO","YES","NO","NO","0: 0  CONDITION DOES NOT APPLY","ALWAYS WITH RIGHT HAND","ALWAYS WITH RIGHT HAND","ALWAYS WITH RIGHT HAND","ALWAYS WITH RIGHT HAND","ALWAYS WITH LEFT HAND","1: 1  CONDITION APPLIES","0: 0  CONDITION DOES NOT APPLY","NO","FEMALE","MALE"
1983,64735,5,1,1,33790,5,177,1,1,3,2,4,7,1,2,1,2,1,6,3,6,1,1,31,19,"Female","Non-Black / Non-Hispanic","North Central (IL, IN, IA, KS, MI, MN, MO, NE, OH, ND, SD, WI)","Associate/Junior college (AA)","In CBSA, in central city","NO","3: Mother","NO","YES","NO","NO","YES","0: 0  CONDITION DOES NOT APPLY","ALWAYS WITH RIGHT HAND","ALWAYS WITH RIGHT HAND","ALWAYS WITH RIGHT HAND","ALWAYS WITH RIGHT HAND","ALWAYS WITH RIGHT HAND","0: 0  CONDITION DOES NOT APPLY","1: 1  CONDITION APPLIES","NO","FEMALE","FEMALE"
1984,64735,3,1,8,33790,6,190,2,2,3,5,2,4,2,2,1,2,2,2,1,5,1,1,35,22,"Male","Black","North Central (IL, IN, IA, KS, MI, MN, MO, NE, OH, ND, SD, WI)","High school diploma (Regular 12 year program)","In CBSA, not in central city","YES","3: Mother","YES","YES","NO","NO","NO","0: 0  CONDITION DOES NOT APPLY","ALWAYS WITH RIGHT HAND","USUALLY WITH RIGHT HAND","ALWAYS WITH RIGHT HAND","ALWAYS WITH LEFT HAND","ALWAYS WITH LEFT HAND","1: 1  CONDITION APPLIES","1: 1  CONDITION APPLIES","NO","FEMALE","FEMALE"
1983,64735,2,0,3,33790,5,130,1,1,3,3,4,3,2,2,1,2,1,6,3,5,1,1,37,25,"Female","Non-Black / Non-Hispanic","North Central (IL, IN, IA, KS, MI, MN, MO, NE, OH, ND, SD, WI)","High school diploma (Regular 12 year program)","In CBSA, in central city","NO","3: Mother","YES","NO","NO","NO","YES","0: 0  CONDITION DOES NOT APPLY","USUALLY WITH RIGHT HAND","ALWAYS WITH RIGHT HAND","USUALLY WITH RIGHT HAND","ALWAYS WITH RIGHT HAND","ALWAYS WITH RIGHT HAND","0: 0  CONDITION DOES NOT APPLY","1: 1  CONDITION APPLIES","NO","MALE","MALE"
1983,64735,3,1,3,54000,6,181,1,1,4,6,1,6,1,1,1,2,1,7,4,6,1,1,32,19,"Male","Non-Black / Non-Hispanic","South (AL, AR, DE, DC, FL, GA, KY, LA, MD, MS, NC, OK, SC, TN , TX, VA, WV)","PhD","In CBSA, not in central city","NO","3: Mother","NO","NO","YES","NO","YES","0: 0  CONDITION DOES NOT APPLY","DON'T DO THIS ACTIVITY","ALWAYS WITH RIGHT HAND","DON'T DO THIS ACTIVITY","DON'T DO THIS ACTIVITY","ALWAYS WITH LEFT HAND","1: 1  CONDITION APPLIES","0: 0  CONDITION DOES NOT APPLY","NO","FEMALE","FEMALE"
1981,64735,2,1,2,33790,5,184,1,1,4,5,3,4,2,2,1,2,2,7,2,7,2,2,29,19,"Male","Non-Black / Non-Hispanic","North Central (IL, IN, IA, KS, MI, MN, MO, NE, OH, ND, SD, WI)","High school diploma (Regular 12 year program)","In CBSA, in central city","NO","3: Mother","NO","NO","NO","NO","YES","0: 0  CONDITION DOES NOT APPLY","ALWAYS WITH RIGHT HAND","ALWAYS WITH RIGHT HAND","USUALLY WITH RIGHT HAND","ALWAYS WITH RIGHT HAND","ALWAYS WITH LEFT HAND","1: 1  CONDITION APPLIES","0: 0  CONDITION DOES NOT APPLY","NO","FEMALE","FEMALE"
1983,64735,4,0,2,33790,5,181,1,1,1,4,4,4,2,2,1,2,1,4,3,7,1,1,31,22,"Female","Non-Black / Non-Hispanic","Northeast (CT, ME, MA, NH, NJ, NY, PA, RI, VT)","Bachelor's degree (BA, BS)","In CBSA, not in central city","NO","3: Mother","NO","NO","NO","NO","YES","0: 0  CONDITION DOES NOT APPLY","ALWAYS WITH RIGHT HAND","ALWAYS WITH RIGHT HAND","ALWAYS WITH RIGHT HAND","ALWAYS WITH RIGHT HAND","ALWAYS WITH LEFT HAND","0: 0  CONDITION DOES NOT APPLY","1: 1  CONDITION APPLIES","NO","MALE","FEMALE"
1983,76500,3,0,2,33790,5,206,1,2,6,3,1,4,2,2,2,2,1,4,1,7,1,1,22,27,"Male","Black","West (AK, AZ, CA, CO, HI, ID, MT, NV, NM, OR, UT, WA, WY)","High school diploma (Regular 12 year program)","In CBSA, not in central city","YES","3: Mother","YES","NO","NO","NO","YES","0: 0  CONDITION DOES NOT APPLY","ALWAYS WITH RIGHT HAND","ALWAYS WITH RIGHT HAND","USUALLY WITH BOTH HANDS EQUALLY","ALWAYS WITH RIGHT HAND","ALWAYS WITH LEFT HAND","0: 0  CONDITION DOES NOT APPLY","1: 1  CONDITION APPLIES","YES","MALE","FEMALE"
1980,37500,3,0,1,33790,5,182,1,1,4,3,4,3,2,2,1,2,1,2,2,6,1,1,32,23,"Male","Non-Black / Non-Hispanic","South (AL, AR, DE, DC, FL, GA, KY, LA, MD, MS, NC, OK, SC, TN , TX, VA, WV)","GED","In CBSA, in central city","NO","3: Mother","YES","NO","NO","NO","YES","0: 0  CONDITION DOES NOT APPLY","ALWAYS WITH RIGHT HAND","ALWAYS WITH RIGHT HAND","USUALLY WITH BOTH HANDS EQUALLY","ALWAYS WITH RIGHT HAND","ALWAYS WITH LEFT HAND","1: 1  CONDITION APPLIES","1: 1  CONDITION APPLIES","NO","MALE","FEMALE"
1983,64735,3,0,1,33790,5,180,1,1,2,3,3,5,1,1,2,1,1,6,2,7,1,1,41,23,"Male","Non-Black / Non-Hispanic","South (AL, AR, DE, DC, FL, GA, KY, LA, MD, MS, NC, OK, SC, TN , TX, VA, WV)","None","In CBSA, not in central city","NO","3: Mother","NO","NO","NO","NO","YES","0: 0  CONDITION DOES NOT APPLY","ALWAYS WITH RIGHT HAND","ALWAYS WITH RIGHT HAND","ALWAYS WITH RIGHT HAND","ALWAYS WITH RIGHT HAND","ALWAYS WITH LEFT HAND","1: 1  CONDITION APPLIES","0: 0  CONDITION DOES NOT APPLY","NO","MALE","FEMALE"
1980,64735,3,0,3,33790,5,185,1,1,3,9,3,4,2,2,2,2,1,6,3,6,1,1,31,21,"Male","Non-Black / Non-Hispanic","Northeast (CT, ME, MA, NH, NJ, NY, PA, RI, VT)","High school diploma (Regular 12 year program)","In CBSA, in central city","NO","3: Mother","NO","NO","YES","NO","YES","1: 1  CONDITION APPLIES","ALWAYS WITH RIGHT HAND","ALWAYS WITH RIGHT HAND","ALWAYS WITH RIGHT HAND","ALWAYS WITH RIGHT HAND","ALWAYS WITH LEFT HAND","1: 1  CONDITION APPLIES","1: 1  CONDITION APPLIES","NO","FEMALE","FEMALE"
1980,64735,3,1,2,33790,5,185,2,1,5,3,1,2,2,1,1,1,1,7,4,7,1,1,27,8,"Male","Non-Black / Non-Hispanic","North Central (IL, IN, IA, KS, MI, MN, MO, NE, OH, ND, SD, WI)","None","In CBSA, not in central city","NO","3: Mother","YES","NO","NO","NO","YES","0: 0  CONDITION DOES NOT APPLY","ALWAYS WITH RIGHT HAND","ALWAYS WITH LEFT HAND","ALWAYS WITH LEFT HAND","ALWAYS WITH RIGHT HAND","ALWAYS WITH LEFT HAND","1: 1  CONDITION APPLIES","1: 1  CONDITION APPLIES","NO","FEMALE","MALE"
1981,64735,3,1,1,33790,5,182,1,2,3,3,2,3,2,2,2,1,1,6,3,6,1,2,32,22,"Female","Black","South (AL, AR, DE, DC, FL, GA, KY, LA, MD, MS, NC, OK, SC, TN , TX, VA, WV)","Associate/Junior college (AA)","In CBSA, in central city","NO","3: Mother","YES","NO","NO","NO","YES","0: 0  CONDITION DOES NOT APPLY","ALWAYS WITH RIGHT HAND","ALWAYS WITH RIGHT HAND","ALWAYS WITH RIGHT HAND","ALWAYS WITH RIGHT HAND","ALWAYS WITH LEFT HAND","1: 1  CONDITION APPLIES","1: 1  CONDITION APPLIES","NO","MALE","MALE"
1985,64735,2,1,1,33790,6,187,1,3,2,3,2,3,2,2,1,2,1,4,2,5,1,1,34,23,"Male","Black","South (AL, AR, DE, DC, FL, GA, KY, LA, MD, MS, NC, OK, SC, TN , TX, VA, WV)","High school diploma (Regular 12 year program)","Not in country","NO","3: Mother","YES","NO","YES","NO","NO","0: 0  CONDITION DOES NOT APPLY","USUALLY WITH RIGHT HAND","ALWAYS WITH RIGHT HAND","ALWAYS WITH RIGHT HAND","ALWAYS WITH RIGHT HAND","ALWAYS WITH LEFT HAND","1: 1  CONDITION APPLIES","1: 1  CONDITION APPLIES","NO","FEMALE","MALE"
1983,64735,2,0,2,33790,5,179,1,1,3,3,1,4,1,2,2,1,1,5,3,8,1,1,24,20,"Female","Black","North Central (IL, IN, IA, KS, MI, MN, MO, NE, OH, ND, SD, WI)","Associate/Junior college (AA)","In CBSA, in central city","NO","3: Mother","YES","YES","NO","NO","NO","0: 0  CONDITION DOES NOT APPLY","ALWAYS WITH RIGHT HAND","ALWAYS WITH RIGHT HAND","ALWAYS WITH RIGHT HAND","ALWAYS WITH RIGHT HAND","ALWAYS WITH LEFT HAND","1: 1  CONDITION APPLIES","1: 1  CONDITION APPLIES","NO","FEMALE","MALE"
1985,64735,4,0,3,33790,5,183,1,2,2,3,3,2,2,2,2,2,1,3,2,5,1,1,65,32,"Male","Non-Black / Non-Hispanic","South (AL, AR, DE, DC, FL, GA, KY, LA, MD, MS, NC, OK, SC, TN , TX, VA, WV)","Bachelor's degree (BA, BS)","In CBSA, not in central city","NO","3: Mother","YES","NO","NO","NO","NO","0: 0  CONDITION DOES NOT APPLY","ALWAYS WITH RIGHT HAND","ALWAYS WITH RIGHT HAND","ALWAYS WITH RIGHT HAND","ALWAYS WITH RIGHT HAND","USUALLY WITH BOTH HANDS EQUALLY","1: 1  CONDITION APPLIES","1: 1  CONDITION APPLIES","NO","FEMALE","MALE"
1982,64735,2,1,1,33790,5,184,2,1,4,5,4,5,2,2,1,2,1,3,2,7,1,1,6,15,"Female","Black","North Central (IL, IN, IA, KS, MI, MN, MO, NE, OH, ND, SD, WI)","None","In CBSA, not in central city","NO","3: Mother","NO","NO","NO","NO","YES","0: 0  CONDITION DOES NOT APPLY","ALWAYS WITH RIGHT HAND","ALWAYS WITH RIGHT HAND","ALWAYS WITH RIGHT HAND","ALWAYS WITH RIGHT HAND","ALWAYS WITH LEFT HAND","1: 1  CONDITION APPLIES","1: 1  CONDITION APPLIES","NO","MALE","FEMALE"
1983,9500,2,0,2,33790,6,184,2,2,3,5,2,2,2,2,1,1,1,6,3,6,1,3,29,23,"Female","Black","Northeast (CT, ME, MA, NH, NJ, NY, PA, RI, VT)","Master's degree (MA, MS)","In CBSA, in central city","YES","3: Mother","NO","NO","NO","NO","YES","0: 0  CONDITION DOES NOT APPLY","ALWAYS WITH RIGHT HAND","USUALLY WITH LEFT HAND","USUALLY WITH BOTH HANDS EQUALLY","USUALLY WITH LEFT HAND","ALWAYS WITH LEFT HAND","1: 1  CONDITION APPLIES","1: 1  CONDITION APPLIES","NO","FEMALE","FEMALE"
1981,64735,4,1,2,33790,5,183,1,1,2,4,1,3,2,2,1,2,1,6,4,7,1,1,28,20,"Female","Non-Black / Non-Hispanic","North Central (IL, IN, IA, KS, MI, MN, MO, NE, OH, ND, SD, WI)","Bachelor's degree (BA, BS)","In CBSA, not in central city","NO","3: Mother","YES","NO","YES","NO","YES","0: 0  CONDITION DOES NOT APPLY","ALWAYS WITH RIGHT HAND","ALWAYS WITH RIGHT HAND","ALWAYS WITH RIGHT HAND","ALWAYS WITH RIGHT HAND","ALWAYS WITH LEFT HAND","1: 1  CONDITION APPLIES","1: 1  CONDITION APPLIES","NO","FEMALE","MALE"
1983,64735,3,2,2,33790,5,183,1,1,2,5,4,4,2,2,1,1,1,3,2,6,1,1,24,12,"Male","Hispanic","North Central (IL, IN, IA, KS, MI, MN, MO, NE, OH, ND, SD, WI)","High school diploma (Regular 12 year program)","In CBSA, in central city","NO","3: Mother","YES","NO","YES","NO","YES","0: 0  CONDITION DOES NOT APPLY","ALWAYS WITH RIGHT HAND","ALWAYS WITH RIGHT HAND","ALWAYS WITH RIGHT HAND","ALWAYS WITH RIGHT HAND","ALWAYS WITH LEFT HAND","1: 1  CONDITION APPLIES","1: 1  CONDITION APPLIES","YES","MALE","MALE"
1982,64735,3,1,2,33790,5,180,1,1,2,3,6,3,2,2,2,2,1,6,2,7,1,1,36,8,"Male","Non-Black / Non-Hispanic","West (AK, AZ, CA, CO, HI, ID, MT, NV, NM, OR, UT, WA, WY)","Associate/Junior college (AA)","In CBSA, not in central city","NO","3: Mother","NO","NO","NO","NO","YES","0: 0  CONDITION DOES NOT APPLY","ALWAYS WITH RIGHT HAND","ALWAYS WITH RIGHT HAND","ALWAYS WITH RIGHT HAND","ALWAYS WITH RIGHT HAND","ALWAYS WITH LEFT HAND","1: 1  CONDITION APPLIES","1: 1  CONDITION APPLIES","NO","MALE","FEMALE"
1982,14501,3,1,1,33790,5,182,2,2,3,4,4,6,2,2,1,1,1,7,2,6,1,1,31,23,"Female","Non-Black / Non-Hispanic","West (AK, AZ, CA, CO, HI, ID, MT, NV, NM, OR, UT, WA, WY)","Bachelor's degree (BA, BS)","In CBSA, not in central city","NO","3: Mother","YES","YES","NO","NO","NO","0: 0  CONDITION DOES NOT APPLY","ALWAYS WITH RIGHT HAND","ALWAYS WITH RIGHT HAND","ALWAYS WITH RIGHT HAND","ALWAYS WITH RIGHT HAND","ALWAYS WITH LEFT HAND","0: 0  CONDITION DOES NOT APPLY","0: 0  CONDITION DOES NOT APPLY","NO","FEMALE","MALE"
1981,64735,4,0,2,33790,5,182,1,3,2,4,3,4,2,2,2,2,2,1,4,8,1,1,34,23,"Male","Non-Black / Non-Hispanic","North Central (IL, IN, IA, KS, MI, MN, MO, NE, OH, ND, SD, WI)","High school diploma (Regular 12 year program)","In CBSA, not in central city","NO","3: Mother","YES","NO","NO","NO","YES","0: 0  CONDITION DOES NOT APPLY","ALWAYS WITH RIGHT HAND","ALWAYS WITH RIGHT HAND","USUALLY WITH BOTH HANDS EQUALLY","ALWAYS WITH RIGHT HAND","ALWAYS WITH LEFT HAND","0: 0  CONDITION DOES NOT APPLY","1: 1  CONDITION APPLIES","NO","FEMALE","MALE"
1983,64735,1,1,2,33790,6,186,1,2,3,4,2,5,2,2,2,1,1,6,3,6,1,1,28,19,"Male","Non-Black / Non-Hispanic","North Central (IL, IN, IA, KS, MI, MN, MO, NE, OH, ND, SD, WI)","Bachelor's degree (BA, BS)","In CBSA, in central city","NO","3: Mother","YES","NO","NO","NO","NO","0: 0  CONDITION DOES NOT APPLY","ALWAYS WITH RIGHT HAND","ALWAYS WITH RIGHT HAND","ALWAYS WITH RIGHT HAND","ALWAYS WITH RIGHT HAND","ALWAYS WITH LEFT HAND","0: 0  CONDITION DOES NOT APPLY","1: 1  CONDITION APPLIES","NO","FEMALE","MALE"
1983,64735,5,0,4,50000,5,179,1,2,2,3,4,4,2,2,2,2,1,5,5,6,1,1,26,5,"Female","Non-Black / Non-Hispanic","Northeast (CT, ME, MA, NH, NJ, NY, PA, RI, VT)","High school diploma (Regular 12 year program)","In CBSA, not in central city","NO","3: Mother","NO","YES","NO","NO","YES","0: 0  CONDITION DOES NOT APPLY","ALWAYS WITH RIGHT HAND","ALWAYS WITH RIGHT HAND","ALWAYS WITH RIGHT HAND","ALWAYS WITH RIGHT HAND","ALWAYS WITH LEFT HAND","1: 1  CONDITION APPLIES","1: 1  CONDITION APPLIES","NO","MALE","FEMALE"
1983,64735,8,2,3,33790,5,181,2,1,3,3,2,7,2,2,2,2,2,1,2,6,1,1,31,14,"Male","Black","West (AK, AZ, CA, CO, HI, ID, MT, NV, NM, OR, UT, WA, WY)","High school diploma (Regular 12 year program)","In CBSA, in central city","NO","3: Mother","YES","NO","NO","NO","YES","0: 0  CONDITION DOES NOT APPLY","ALWAYS WITH RIGHT HAND","ALWAYS WITH RIGHT HAND","ALWAYS WITH RIGHT HAND","USUALLY WITH BOTH HANDS EQUALLY","ALWAYS WITH LEFT HAND","1: 1  CONDITION APPLIES","1: 1  CONDITION APPLIES","NO","FEMALE","FEMALE"
1983,112300,3,0,5,33790,6,183,1,2,1,4,6,3,2,1,1,2,1,4,1,7,1,1,37,29,"Female","Non-Black / Non-Hispanic","South (AL, AR, DE, DC, FL, GA, KY, LA, MD, MS, NC, OK, SC, TN , TX, VA, WV)","Associate/Junior college (AA)","In CBSA, not in central city","YES","3: Mother","NO","YES","NO","NO","YES","0: 0  CONDITION DOES NOT APPLY","ALWAYS WITH RIGHT HAND","ALWAYS WITH RIGHT HAND","ALWAYS WITH RIGHT HAND","ALWAYS WITH RIGHT HAND","ALWAYS WITH LEFT HAND","1: 1  CONDITION APPLIES","1: 1  CONDITION APPLIES","NO","FEMALE","FEMALE"
1984,79000,3,0,2,33790,5,182,1,1,1,5,2,2,2,2,2,2,1,6,3,7,1,1,31,23,"Female","Non-Black / Non-Hispanic","South (AL, AR, DE, DC, FL, GA, KY, LA, MD, MS, NC, OK, SC, TN , TX, VA, WV)","Bachelor's degree (BA, BS)","In CBSA, not in central city","NO","3: Mother","NO","NO","NO","NO","NO","0: 0  CONDITION DOES NOT APPLY","ALWAYS WITH RIGHT HAND","ALWAYS WITH RIGHT HAND","ALWAYS WITH RIGHT HAND","ALWAYS WITH RIGHT HAND","ALWAYS WITH LEFT HAND","1: 1  CONDITION APPLIES","1: 1  CONDITION APPLIES","NO","FEMALE","FEMALE"
1983,64735,1,0,2,30000,5,190,1,1,3,3,2,5,2,2,2,2,2,5,1,8,1,1,37,26,"Female","Non-Black / Non-Hispanic","North Central (IL, IN, IA, KS, MI, MN, MO, NE, OH, ND, SD, WI)","High school diploma (Regular 12 year program)","In CBSA, not in central city","NO","3: Mother","NO","NO","NO","NO","YES","0: 0  CONDITION DOES NOT APPLY","ALWAYS WITH RIGHT HAND","ALWAYS WITH RIGHT HAND","ALWAYS WITH RIGHT HAND","ALWAYS WITH RIGHT HAND","ALWAYS WITH LEFT HAND","1: 1  CONDITION APPLIES","1: 1  CONDITION APPLIES","NO","FEMALE","MALE"
1981,64735,6,2,5,33790,5,183,1,1,2,4,2,5,2,1,2,2,2,3,1,6,1,1,29,13,"Male","Non-Black / Non-Hispanic","North Central (IL, IN, IA, KS, MI, MN, MO, NE, OH, ND, SD, WI)","High school diploma (Regular 12 year program)","In CBSA, not in central city","NO","3: Mother","NO","NO","NO","NO","YES","0: 0  CONDITION DOES NOT APPLY","ALWAYS WITH RIGHT HAND","ALWAYS WITH RIGHT HAND","ALWAYS WITH RIGHT HAND","ALWAYS WITH RIGHT HAND","ALWAYS WITH LEFT HAND","1: 1  CONDITION APPLIES","1: 1  CONDITION APPLIES","NO","FEMALE","MALE"
1982,64735,3,0,3,33790,5,200,1,1,3,1,2,1,2,2,1,2,1,3,2,7,1,1,30,22,"Female","Non-Black / Non-Hispanic","South (AL, AR, DE, DC, FL, GA, KY, LA, MD, MS, NC, OK, SC, TN , TX, VA, WV)","GED","In CBSA, in central city","NO","3: Mother","NO","YES","NO","NO","YES","0: 0  CONDITION DOES NOT APPLY","ALWAYS WITH LEFT HAND","ALWAYS WITH LEFT HAND","ALWAYS WITH LEFT HAND","ALWAYS WITH LEFT HAND","DON'T DO THIS ACTIVITY","1: 1  CONDITION APPLIES","1: 1  CONDITION APPLIES","NO","FEMALE","MALE"
1983,64735,2,1,1,33790,5,182,1,1,2,2,3,4,2,2,1,2,2,2,3,8,1,1,28,19,"Male","Non-Black / Non-Hispanic","South (AL, AR, DE, DC, FL, GA, KY, LA, MD, MS, NC, OK, SC, TN , TX, VA, WV)","None","In CBSA, not in central city","NO","3: Mother","NO","NO","YES","NO","YES","0: 0  CONDITION DOES NOT APPLY","ALWAYS WITH RIGHT HAND","USUALLY WITH LEFT HAND","ALWAYS WITH RIGHT HAND","ALWAYS WITH RIGHT HAND","ALWAYS WITH LEFT HAND","1: 1  CONDITION APPLIES","1: 1  CONDITION APPLIES","NO","FEMALE","MALE"
1982,64735,5,0,4,33790,5,105,1,2,1,1,4,5,2,2,1,2,1,6,1,7,1,1,20,21,"Female","Non-Black / Non-Hispanic","South (AL, AR, DE, DC, FL, GA, KY, LA, MD, MS, NC, OK, SC, TN , TX, VA, WV)","High school diploma (Regular 12 year program)","In CBSA, not in central city","NO","3: Mother","YES","NO","NO","NO","YES","0: 0  CONDITION DOES NOT APPLY","ALWAYS WITH RIGHT HAND","ALWAYS WITH RIGHT HAND","USUALLY WITH RIGHT HAND","USUALLY WITH RIGHT HAND","ALWAYS WITH LEFT HAND","1: 1  CONDITION APPLIES","1: 1  CONDITION APPLIES","NO","FEMALE","MALE"
1981,16250,2,1,3,33790,5,150,2,1,4,5,3,4,2,1,2,2,2,10,1,7,1,1,4,17,"Female","Black","North Central (IL, IN, IA, KS, MI, MN, MO, NE, OH, ND, SD, WI)","None","In CBSA, in central city","NO","3: Mother","YES","NO","NO","NO","YES","0: 0  CONDITION DOES NOT APPLY","ALWAYS WITH RIGHT HAND","ALWAYS WITH RIGHT HAND","ALWAYS WITH RIGHT HAND","ALWAYS WITH RIGHT HAND","ALWAYS WITH LEFT HAND","1: 1  CONDITION APPLIES","1: 1  CONDITION APPLIES","NO","FEMALE","MALE"
1980,28766,3,0,2,33790,5,182,1,1,3,2,6,2,2,2,2,2,1,6,1,8,1,1,31,27,"Male","Non-Black / Non-Hispanic","South (AL, AR, DE, DC, FL, GA, KY, LA, MD, MS, NC, OK, SC, TN , TX, VA, WV)","High school diploma (Regular 12 year program)","In CBSA, not in central city","YES","3: Mother","YES","YES","NO","NO","YES","0: 0  CONDITION DOES NOT APPLY","ALWAYS WITH RIGHT HAND","ALWAYS WITH RIGHT HAND","ALWAYS WITH RIGHT HAND","ALWAYS WITH RIGHT HAND","ALWAYS WITH LEFT HAND","1: 1  CONDITION APPLIES","1: 1  CONDITION APPLIES","YES","FEMALE","MALE"
1981,76000,2,0,4,33790,5,182,1,2,3,4,3,3,2,2,2,3,1,5,3,8,1,1,28,22,"Female","Non-Black / Non-Hispanic","North Central (IL, IN, IA, KS, MI, MN, MO, NE, OH, ND, SD, WI)","Bachelor's degree (BA, BS)","In CBSA, not in central city","NO","3: Mother","YES","NO","YES","NO","YES","0: 0  CONDITION DOES NOT APPLY","ALWAYS WITH RIGHT HAND","ALWAYS WITH RIGHT HAND","ALWAYS WITH RIGHT HAND","ALWAYS WITH RIGHT HAND","ALWAYS WITH LEFT HAND","1: 1  CONDITION APPLIES","1: 1  CONDITION APPLIES","NO","FEMALE","MALE"
1985,17500,2,1,3,33790,5,181,2,1,4,3,3,4,2,2,2,2,2,3,1,7,1,1,31,20,"Male","Non-Black / Non-Hispanic","Northeast (CT, ME, MA, NH, NJ, NY, PA, RI, VT)","Bachelor's degree (BA, BS)","In CBSA, not in central city","NO","3: Mother","YES","NO","NO","NO","NO","0: 0  CONDITION DOES NOT APPLY","ALWAYS WITH RIGHT HAND","ALWAYS WITH RIGHT HAND","ALWAYS WITH RIGHT HAND","ALWAYS WITH RIGHT HAND","ALWAYS WITH LEFT HAND","1: 1  CONDITION APPLIES","1: 1  CONDITION APPLIES","NO","FEMALE","MALE"
1981,64735,3,2,2,33790,5,181,1,1,3,3,6,2,2,2,2,2,2,6,1,7,1,1,30,27,"Female","Black","North Central (IL, IN, IA, KS, MI, MN, MO, NE, OH, ND, SD, WI)","Associate/Junior college (AA)","In CBSA, not in central city","YES","3: Mother","NO","YES","NO","NO","YES","0: 0  CONDITION DOES NOT APPLY","ALWAYS WITH RIGHT HAND","ALWAYS WITH RIGHT HAND","ALWAYS WITH RIGHT HAND","ALWAYS WITH RIGHT HAND","ALWAYS WITH LEFT HAND","1: 1  CONDITION APPLIES","1: 1  CONDITION APPLIES","NO","MALE","MALE"
1984,64735,2,1,1,33790,5,181,1,1,2,3,5,5,1,2,1,1,1,6,3,7,1,1,29,19,"Female","Mixed Race (Non-Hispanic)","Northeast (CT, ME, MA, NH, NJ, NY, PA, RI, VT)","High school diploma (Regular 12 year program)","In CBSA, in central city","NO","3: Mother","NO","YES","NO","NO","YES","0: 0  CONDITION DOES NOT APPLY","ALWAYS WITH RIGHT HAND","ALWAYS WITH RIGHT HAND","ALWAYS WITH RIGHT HAND","ALWAYS WITH RIGHT HAND","ALWAYS WITH LEFT HAND","1: 1  CONDITION APPLIES","0: 0  CONDITION DOES NOT APPLY","NO","MALE","MALE"
1983,64735,3,0,3,33790,6,275,2,3,3,9,3,5,2,1,1,2,1,6,2,5,1,1,31,25,"Male","Non-Black / Non-Hispanic","North Central (IL, IN, IA, KS, MI, MN, MO, NE, OH, ND, SD, WI)","Associate/Junior college (AA)","In CBSA, not in central city","YES","3: Mother","NO","YES","NO","NO","YES","0: 0  CONDITION DOES NOT APPLY","ALWAYS WITH RIGHT HAND","ALWAYS WITH RIGHT HAND","ALWAYS WITH RIGHT HAND","USUALLY WITH BOTH HANDS EQUALLY","ALWAYS WITH LEFT HAND","1: 1  CONDITION APPLIES","1: 1  CONDITION APPLIES","NO","FEMALE","MALE"
1980,64735,2,2,4,33790,6,183,1,2,1,4,1,3,2,2,2,2,1,5,2,6,1,1,35,19,"Female","Non-Black / Non-Hispanic","North Central (IL, IN, IA, KS, MI, MN, MO, NE, OH, ND, SD, WI)","Bachelor's degree (BA, BS)","In CBSA, in central city","NO","3: Mother","NO","YES","NO","NO","NO","0: 0  CONDITION DOES NOT APPLY","ALWAYS WITH RIGHT HAND","ALWAYS WITH RIGHT HAND","ALWAYS WITH LEFT HAND","ALWAYS WITH RIGHT HAND","ALWAYS WITH LEFT HAND","0: 0  CONDITION DOES NOT APPLY","1: 1  CONDITION APPLIES","NO","FEMALE","MALE"
1985,64735,5,0,1,33790,5,184,1,1,5,3,1,2,2,2,2,2,2,6,3,7,1,2,57,52,"Male","Non-Black / Non-Hispanic","North Central (IL, IN, IA, KS, MI, MN, MO, NE, OH, ND, SD, WI)","High school diploma (Regular 12 year program)","In CBSA, not in central city","YES","3: Mother","YES","YES","NO","NO","NO","0: 0  CONDITION DOES NOT APPLY","ALWAYS WITH RIGHT HAND","ALWAYS WITH RIGHT HAND","ALWAYS WITH RIGHT HAND","ALWAYS WITH RIGHT HAND","DON'T DO THIS ACTIVITY","1: 1  CONDITION APPLIES","1: 1  CONDITION APPLIES","NO","FEMALE","MALE"
1980,64735,3,0,2,33790,5,184,1,1,4,4,2,5,2,2,1,2,1,5,2,6,1,1,31,26,"Female","Hispanic","North Central (IL, IN, IA, KS, MI, MN, MO, NE, OH, ND, SD, WI)","Associate/Junior college (AA)","In CBSA, not in central city","YES","3: Mother","YES","NO","NO","NO","YES","0: 0  CONDITION DOES NOT APPLY","ALWAYS WITH RIGHT HAND","ALWAYS WITH RIGHT HAND","ALWAYS WITH RIGHT HAND","ALWAYS WITH RIGHT HAND","ALWAYS WITH LEFT HAND","1: 1  CONDITION APPLIES","1: 1  CONDITION APPLIES","NO","MALE","FEMALE"
1983,64735,2,1,1,33790,6,225,1,1,3,4,3,3,2,2,2,1,1,4,3,6,1,1,29,18,"Male","Non-Black / Non-Hispanic","North Central (IL, IN, IA, KS, MI, MN, MO, NE, OH, ND, SD, WI)","High school diploma (Regular 12 year program)","In CBSA, not in central city","NO","3: Mother","NO","NO","NO","NO","NO","0: 0  CONDITION DOES NOT APPLY","ALWAYS WITH RIGHT HAND","ALWAYS WITH RIGHT HAND","ALWAYS WITH RIGHT HAND","ALWAYS WITH RIGHT HAND","ALWAYS WITH LEFT HAND","1: 1  CONDITION APPLIES","1: 1  CONDITION APPLIES","NO","FEMALE","MALE"
1983,82410,8,1,1,33790,5,180,1,1,6,3,1,3,2,2,2,1,1,6,4,6,1,1,37,22,"Female","Non-Black / Non-Hispanic","North Central (IL, IN, IA, KS, MI, MN, MO, NE, OH, ND, SD, WI)","High school diploma (Regular 12 year program)","In CBSA, not in central city","YES","3: Mother","YES","NO","NO","NO","YES","0: 0  CONDITION DOES NOT APPLY","ALWAYS WITH RIGHT HAND","ALWAYS WITH RIGHT HAND","ALWAYS WITH RIGHT HAND","ALWAYS WITH RIGHT HAND","ALWAYS WITH LEFT HAND","1: 1  CONDITION APPLIES","1: 1  CONDITION APPLIES","NO","FEMALE","FEMALE"
1982,64735,2,1,1,33790,5,184,1,1,3,3,5,5,2,2,2,2,1,6,2,6,1,1,29,21,"Female","Non-Black / Non-Hispanic","North Central (IL, IN, IA, KS, MI, MN, MO, NE, OH, ND, SD, WI)","High school diploma (Regular 12 year program)","In CBSA, not in central city","NO","3: Mother","YES","NO","NO","NO","YES","0: 0  CONDITION DOES NOT APPLY","ALWAYS WITH RIGHT HAND","ALWAYS WITH RIGHT HAND","ALWAYS WITH RIGHT HAND","ALWAYS WITH RIGHT HAND","ALWAYS WITH LEFT HAND","1: 1  CONDITION APPLIES","1: 1  CONDITION APPLIES","NO","FEMALE","MALE"
1982,64735,4,1,1,33790,5,183,1,1,1,2,7,4,1,2,2,2,1,3,2,6,1,1,34,19,"Male","Non-Black / Non-Hispanic","South (AL, AR, DE, DC, FL, GA, KY, LA, MD, MS, NC, OK, SC, TN , TX, VA, WV)","Bachelor's degree (BA, BS)","In CBSA, not in central city","NO","3: Mother","YES","NO","NO","NO","YES","0: 0  CONDITION DOES NOT APPLY","ALWAYS WITH RIGHT HAND","ALWAYS WITH RIGHT HAND","ALWAYS WITH RIGHT HAND","ALWAYS WITH RIGHT HAND","ALWAYS WITH LEFT HAND","1: 1  CONDITION APPLIES","1: 1  CONDITION APPLIES","NO","FEMALE","FEMALE"
1985,64735,4,0,1,33790,5,188,1,2,1,2,2,4,2,2,1,2,1,6,2,6,1,1,36,25,"Female","Black","South (AL, AR, DE, DC, FL, GA, KY, LA, MD, MS, NC, OK, SC, TN , TX, VA, WV)","Master's degree (MA, MS)","In CBSA, not in central city","NO","3: Mother","NO","YES","NO","NO","YES","0: 0  CONDITION DOES NOT APPLY","ALWAYS WITH RIGHT HAND","ALWAYS WITH RIGHT HAND","ALWAYS WITH RIGHT HAND","ALWAYS WITH RIGHT HAND","ALWAYS WITH LEFT HAND","1: 1  CONDITION APPLIES","1: 1  CONDITION APPLIES","NO","MALE","MALE"
1984,64735,4,0,1,33790,6,187,3,2,4,5,1,1,2,2,1,2,1,3,6,3,1,1,27,19,"Female","Non-Black / Non-Hispanic","South (AL, AR, DE, DC, FL, GA, KY, LA, MD, MS, NC, OK, SC, TN , TX, VA, WV)","High school diploma (Regular 12 year program)","In CBSA, not in central city","NO","3: Mother","YES","YES","NO","NO","YES","0: 0  CONDITION DOES NOT APPLY","ALWAYS WITH RIGHT HAND","ALWAYS WITH RIGHT HAND","ALWAYS WITH RIGHT HAND","ALWAYS WITH RIGHT HAND","ALWAYS WITH LEFT HAND","1: 1  CONDITION APPLIES","1: 1  CONDITION APPLIES","NO","MALE","FEMALE"
1984,64735,5,1,1,33790,5,178,1,1,1,3,4,5,2,2,1,2,1,4,1,6,1,1,31,17,"Female","Non-Black / Non-Hispanic","North Central (IL, IN, IA, KS, MI, MN, MO, NE, OH, ND, SD, WI)","High school diploma (Regular 12 year program)","In CBSA, not in central city","NO","3: Mother","YES","NO","NO","NO","YES","0: 0  CONDITION DOES NOT APPLY","ALWAYS WITH RIGHT HAND","ALWAYS WITH RIGHT HAND","ALWAYS WITH RIGHT HAND","ALWAYS WITH RIGHT HAND","ALWAYS WITH LEFT HAND","0: 0  CONDITION DOES NOT APPLY","1: 1  CONDITION APPLIES","YES","FEMALE","FEMALE"
1984,64735,3,0,3,33790,5,183,1,1,5,5,3,5,1,2,1,2,1,5,3,7,1,1,31,22,"Female","Non-Black / Non-Hispanic","South (AL, AR, DE, DC, FL, GA, KY, LA, MD, MS, NC, OK, SC, TN , TX, VA, WV)","Bachelor's degree (BA, BS)","In CBSA, in central city","NO","3: Mother","YES","NO","YES","NO","YES","0: 0  CONDITION DOES NOT APPLY","ALWAYS WITH RIGHT HAND","ALWAYS WITH RIGHT HAND","ALWAYS WITH RIGHT HAND","ALWAYS WITH RIGHT HAND","ALWAYS WITH LEFT HAND","1: 1  CONDITION APPLIES","1: 1  CONDITION APPLIES","NO","FEMALE","MALE"
1981,64735,2,0,1,62215,5,177,1,1,2,2,6,5,1,2,1,2,1,6,1,6,1,2,29,18,"Male","Black","South (AL, AR, DE, DC, FL, GA, KY, LA, MD, MS, NC, OK, SC, TN , TX, VA, WV)","High school diploma (Regular 12 year program)","In CBSA, in central city","NO","3: Mother","NO","NO","YES","NO","YES","0: 0  CONDITION DOES NOT APPLY","ALWAYS WITH RIGHT HAND","ALWAYS WITH RIGHT HAND","ALWAYS WITH RIGHT HAND","ALWAYS WITH RIGHT HAND","ALWAYS WITH LEFT HAND","1: 1  CONDITION APPLIES","0: 0  CONDITION DOES NOT APPLY","YES","FEMALE","FEMALE"
1985,64735,4,1,3,33790,5,181,1,1,2,4,2,3,2,2,2,1,2,6,4,7,1,1,34,23,"Female","Black","South (AL, AR, DE, DC, FL, GA, KY, LA, MD, MS, NC, OK, SC, TN , TX, VA, WV)","Bachelor's degree (BA, BS)","In CBSA, not in central city","NO","3: Mother","NO","NO","NO","NO","YES","0: 0  CONDITION DOES NOT APPLY","USUALLY WITH RIGHT HAND","USUALLY WITH RIGHT HAND","DON'T DO THIS ACTIVITY","ALWAYS WITH RIGHT HAND","ALWAYS WITH LEFT HAND","1: 1  CONDITION APPLIES","1: 1  CONDITION APPLIES","NO","FEMALE","MALE"
1980,64735,4,1,3,33790,5,191,1,2,4,4,5,2,2,1,2,2,2,1,6,7,1,1,28,19,"Male","Hispanic","West (AK, AZ, CA, CO, HI, ID, MT, NV, NM, OR, UT, WA, WY)","GED","In CBSA, in central city","NO","3: Mother","NO","YES","NO","NO","NO","0: 0  CONDITION DOES NOT APPLY","ALWAYS WITH RIGHT HAND","ALWAYS WITH RIGHT HAND","ALWAYS WITH RIGHT HAND","ALWAYS WITH RIGHT HAND","ALWAYS WITH LEFT HAND","1: 1  CONDITION APPLIES","1: 1  CONDITION APPLIES","NO","MALE","FEMALE"
1981,64735,3,0,4,33790,5,181,1,1,2,4,3,4,1,2,2,2,1,6,2,7,1,1,28,4,"Female","Non-Black / Non-Hispanic","Northeast (CT, ME, MA, NH, NJ, NY, PA, RI, VT)","Bachelor's degree (BA, BS)","In CBSA, not in central city","NO","3: Mother","NO","NO","NO","NO","YES","0: 0  CONDITION DOES NOT APPLY","ALWAYS WITH RIGHT HAND","ALWAYS WITH RIGHT HAND","ALWAYS WITH RIGHT HAND","ALWAYS WITH RIGHT HAND","ALWAYS WITH LEFT HAND","1: 1  CONDITION APPLIES","0: 0  CONDITION DOES NOT APPLY","NO","FEMALE","FEMALE"
1981,64735,4,0,3,33790,5,182,1,1,3,4,4,4,1,2,1,1,1,5,2,6,1,1,34,25,"Female","Non-Black / Non-Hispanic","South (AL, AR, DE, DC, FL, GA, KY, LA, MD, MS, NC, OK, SC, TN , TX, VA, WV)","High school diploma (Regular 12 year program)","In CBSA, not in central city","YES","3: Mother","YES","NO","NO","NO","YES","0: 0  CONDITION DOES NOT APPLY","ALWAYS WITH RIGHT HAND","ALWAYS WITH RIGHT HAND","ALWAYS WITH RIGHT HAND","ALWAYS WITH RIGHT HAND","ALWAYS WITH LEFT HAND","1: 1  CONDITION APPLIES","1: 1  CONDITION APPLIES","NO","FEMALE","FEMALE"
1981,64735,5,0,2,33790,5,168,1,2,1,3,1,2,1,2,1,2,1,3,3,6,1,1,56,29,"Female","Non-Black / Non-Hispanic","South (AL, AR, DE, DC, FL, GA, KY, LA, MD, MS, NC, OK, SC, TN , TX, VA, WV)","High school diploma (Regular 12 year program)","In CBSA, not in central city","YES","3: Mother","YES","NO","NO","NO","NO","0: 0  CONDITION DOES NOT APPLY","ALWAYS WITH RIGHT HAND","ALWAYS WITH RIGHT HAND","ALWAYS WITH RIGHT HAND","ALWAYS WITH RIGHT HAND","ALWAYS WITH LEFT HAND","1: 1  CONDITION APPLIES","0: 0  CONDITION DOES NOT APPLY","NO","FEMALE","FEMALE"
1983,64735,3,0,3,33790,5,182,1,2,4,4,3,3,2,2,2,2,1,2,1,7,1,1,29,24,"Female","Non-Black / Non-Hispanic","West (AK, AZ, CA, CO, HI, ID, MT, NV, NM, OR, UT, WA, WY)","High school diploma (Regular 12 year program)","In CBSA, in central city","NO","3: Mother","YES","NO","NO","NO","YES","0: 0  CONDITION DOES NOT APPLY","ALWAYS WITH RIGHT HAND","ALWAYS WITH RIGHT HAND","ALWAYS WITH RIGHT HAND","ALWAYS WITH RIGHT HAND","USUALLY WITH BOTH HANDS EQUALLY","1: 1  CONDITION APPLIES","1: 1  CONDITION APPLIES","NO","FEMALE","MALE"
1984,64735,4,0,1,33790,5,181,1,1,3,3,1,4,2,2,1,2,1,6,2,7,1,1,31,22,"Male","Non-Black / Non-Hispanic","Northeast (CT, ME, MA, NH, NJ, NY, PA, RI, VT)","High school diploma (Regular 12 year program)","In CBSA, not in central city","NO","3: Mother","YES","NO","YES","NO","YES","0: 0  CONDITION DOES NOT APPLY","ALWAYS WITH RIGHT HAND","ALWAYS WITH RIGHT HAND","ALWAYS WITH RIGHT HAND","ALWAYS WITH RIGHT HAND","ALWAYS WITH LEFT HAND","1: 1  CONDITION APPLIES","1: 1  CONDITION APPLIES","NO","FEMALE","FEMALE"
1983,64735,1,1,1,33790,5,130,1,2,2,1,2,1,2,2,2,2,1,4,2,6,1,1,29,17,"Female","Non-Black / Non-Hispanic","North Central (IL, IN, IA, KS, MI, MN, MO, NE, OH, ND, SD, WI)","GED","In CBSA, not in central city","NO","3: Mother","YES","NO","NO","NO","NO","0: 0  CONDITION DOES NOT APPLY","ALWAYS WITH RIGHT HAND","ALWAYS WITH RIGHT HAND","ALWAYS WITH RIGHT HAND","ALWAYS WITH RIGHT HAND","ALWAYS WITH LEFT HAND","0: 0  CONDITION DOES NOT APPLY","1: 1  CONDITION APPLIES","NO","MALE","MALE"
1984,64735,3,0,2,33790,5,181,1,1,3,4,2,3,2,1,1,1,2,1,2,8,1,1,28,18,"Female","Black","North Central (IL, IN, IA, KS, MI, MN, MO, NE, OH, ND, SD, WI)","Associate/Junior college (AA)","In CBSA, not in central city","NO","3: Mother","YES","NO","NO","NO","YES","0: 0  CONDITION DOES NOT APPLY","ALWAYS WITH RIGHT HAND","ALWAYS WITH RIGHT HAND","USUALLY WITH BOTH HANDS EQUALLY","ALWAYS WITH RIGHT HAND","ALWAYS WITH LEFT HAND","1: 1  CONDITION APPLIES","1: 1  CONDITION APPLIES","NO","MALE","MALE"
1983,64735,3,0,2,33790,5,183,2,2,2,2,7,3,2,2,2,2,1,7,4,7,1,1,31,22,"Male","Non-Black / Non-Hispanic","North Central (IL, IN, IA, KS, MI, MN, MO, NE, OH, ND, SD, WI)","High school diploma (Regular 12 year program)","In CBSA, in central city","NO","3: Mother","YES","YES","NO","NO","YES","0: 0  CONDITION DOES NOT APPLY","ALWAYS WITH RIGHT HAND","ALWAYS WITH RIGHT HAND","USUALLY WITH RIGHT HAND","ALWAYS WITH RIGHT HAND","ALWAYS WITH LEFT HAND","1: 1  CONDITION APPLIES","1: 1  CONDITION APPLIES","NO","MALE","MALE"
1982,64735,2,0,2,25000,5,183,3,2,4,4,2,5,2,2,2,2,1,3,2,7,1,1,33,24,"Male","Non-Black / Non-Hispanic","South (AL, AR, DE, DC, FL, GA, KY, LA, MD, MS, NC, OK, SC, TN , TX, VA, WV)","High school diploma (Regular 12 year program)","In CBSA, in central city","NO","3: Mother","NO","NO","NO","NO","NO","0: 0  CONDITION DOES NOT APPLY","ALWAYS WITH RIGHT HAND","ALWAYS WITH RIGHT HAND","ALWAYS WITH RIGHT HAND","ALWAYS WITH RIGHT HAND","ALWAYS WITH LEFT HAND","1: 1  CONDITION APPLIES","1: 1  CONDITION APPLIES","NO","MALE","MALE"
1982,64735,5,1,2,46500,5,181,1,1,2,2,1,4,1,2,2,1,1,4,1,7,1,1,28,19,"Male","Non-Black / Non-Hispanic","South (AL, AR, DE, DC, FL, GA, KY, LA, MD, MS, NC, OK, SC, TN , TX, VA, WV)","High school diploma (Regular 12 year program)","In CBSA, in central city","NO","3: Mother","NO","NO","NO","NO","YES","0: 0  CONDITION DOES NOT APPLY","ALWAYS WITH RIGHT HAND","ALWAYS WITH RIGHT HAND","ALWAYS WITH RIGHT HAND","ALWAYS WITH RIGHT HAND","ALWAYS WITH LEFT HAND","1: 1  CONDITION APPLIES","0: 0  CONDITION DOES NOT APPLY","NO","FEMALE","MALE"
1980,64735,4,0,1,33790,5,165,2,2,3,1,5,3,2,2,2,1,1,6,4,6,1,1,30,18,"Female","Non-Black / Non-Hispanic","South (AL, AR, DE, DC, FL, GA, KY, LA, MD, MS, NC, OK, SC, TN , TX, VA, WV)","High school diploma (Regular 12 year program)","In CBSA, not in central city","NO","3: Mother","YES","YES","NO","NO","YES","0: 0  CONDITION DOES NOT APPLY","ALWAYS WITH RIGHT HAND","ALWAYS WITH RIGHT HAND","ALWAYS WITH RIGHT HAND","ALWAYS WITH RIGHT HAND","ALWAYS WITH LEFT HAND","1: 1  CONDITION APPLIES","0: 0  CONDITION DOES NOT APPLY","NO","MALE","FEMALE"
1983,16250,5,1,5,33790,5,183,1,1,4,3,3,3,1,2,1,1,2,5,4,5,1,1,25,16,"Male","Non-Black / Non-Hispanic","Northeast (CT, ME, MA, NH, NJ, NY, PA, RI, VT)","Associate/Junior college (AA)","In CBSA, not in central city","NO","3: Mother","YES","YES","YES","NO","YES","0: 0  CONDITION DOES NOT APPLY","ALWAYS WITH LEFT HAND","ALWAYS WITH LEFT HAND","ALWAYS WITH RIGHT HAND","ALWAYS WITH RIGHT HAND","ALWAYS WITH LEFT HAND","0: 0  CONDITION DOES NOT APPLY","0: 0  CONDITION DOES NOT APPLY","NO","FEMALE","MALE"
1981,64735,3,0,4,33790,5,179,1,1,3,3,5,5,2,2,1,2,1,6,2,6,1,1,30,19,"Male","Non-Black / Non-Hispanic","West (AK, AZ, CA, CO, HI, ID, MT, NV, NM, OR, UT, WA, WY)","Master's degree (MA, MS)","In CBSA, in central city","NO","3: Mother","YES","NO","NO","NO","YES","0: 0  CONDITION DOES NOT APPLY","ALWAYS WITH RIGHT HAND","ALWAYS WITH RIGHT HAND","ALWAYS WITH RIGHT HAND","ALWAYS WITH RIGHT HAND","ALWAYS WITH LEFT HAND","0: 0  CONDITION DOES NOT APPLY","1: 1  CONDITION APPLIES","NO","FEMALE","FEMALE"
1980,64735,4,1,1,33790,5,128,2,2,3,4,1,3,2,2,1,2,1,6,3,6,1,1,29,24,"Female","Black","North Central (IL, IN, IA, KS, MI, MN, MO, NE, OH, ND, SD, WI)","High school diploma (Regular 12 year program)","In CBSA, in central city","NO","3: Mother","YES","YES","NO","NO","YES","0: 0  CONDITION DOES NOT APPLY","ALWAYS WITH RIGHT HAND","USUALLY WITH LEFT HAND","USUALLY WITH BOTH HANDS EQUALLY","ALWAYS WITH RIGHT HAND","ALWAYS WITH LEFT HAND","1: 1  CONDITION APPLIES","1: 1  CONDITION APPLIES","NO","FEMALE","FEMALE"
1980,64735,3,1,5,33790,5,184,2,2,6,4,2,4,2,2,1,2,1,6,2,8,1,1,2,9,"Female","Non-Black / Non-Hispanic","North Central (IL, IN, IA, KS, MI, MN, MO, NE, OH, ND, SD, WI)","GED","In CBSA, not in central city","NO","3: Mother","YES","YES","NO","NO","YES","0: 0  CONDITION DOES NOT APPLY","ALWAYS WITH RIGHT HAND","ALWAYS WITH RIGHT HAND","ALWAYS WITH RIGHT HAND","ALWAYS WITH RIGHT HAND","ALWAYS WITH LEFT HAND","1: 1  CONDITION APPLIES","1: 1  CONDITION APPLIES","NO","MALE","MALE"
1982,80250,2,1,3,25000,5,182,2,2,2,3,7,6,2,2,1,2,2,4,1,7,2,1,27,24,"Male","Non-Black / Non-Hispanic","South (AL, AR, DE, DC, FL, GA, KY, LA, MD, MS, NC, OK, SC, TN , TX, VA, WV)","High school diploma (Regular 12 year program)","In CBSA, in central city","NO","3: Mother","YES","NO","YES","NO","YES","0: 0  CONDITION DOES NOT APPLY","ALWAYS WITH RIGHT HAND","ALWAYS WITH RIGHT HAND","ALWAYS WITH RIGHT HAND","ALWAYS WITH RIGHT HAND","USUALLY WITH RIGHT HAND","1: 1  CONDITION APPLIES","1: 1  CONDITION APPLIES","NO","FEMALE","MALE"
1980,64735,3,0,2,33790,5,183,1,1,5,5,6,4,2,2,1,2,2,4,2,7,1,1,35,56,"Male","Non-Black / Non-Hispanic","North Central (IL, IN, IA, KS, MI, MN, MO, NE, OH, ND, SD, WI)","High school diploma (Regular 12 year program)","In CBSA, in central city","YES","3: Mother","YES","NO","YES","NO","YES","0: 0  CONDITION DOES NOT APPLY","ALWAYS WITH RIGHT HAND","USUALLY WITH RIGHT HAND","ALWAYS WITH RIGHT HAND","ALWAYS WITH RIGHT HAND","ALWAYS WITH LEFT HAND","1: 1  CONDITION APPLIES","1: 1  CONDITION APPLIES","NO","FEMALE","MALE"
1982,64735,4,1,2,33790,5,184,1,2,3,4,3,7,2,2,1,2,1,6,3,8,1,1,30,21,"Male","Non-Black / Non-Hispanic","West (AK, AZ, CA, CO, HI, ID, MT, NV, NM, OR, UT, WA, WY)","High school diploma (Regular 12 year program)","In CBSA, not in central city","NO","3: Mother","YES","NO","YES","NO","YES","0: 0  CONDITION DOES NOT APPLY","ALWAYS WITH RIGHT HAND","ALWAYS WITH RIGHT HAND","ALWAYS WITH RIGHT HAND","ALWAYS WITH RIGHT HAND","ALWAYS WITH LEFT HAND","1: 1  CONDITION APPLIES","1: 1  CONDITION APPLIES","NO","FEMALE","FEMALE"
1980,64735,5,2,1,33790,5,179,1,2,3,3,2,4,2,2,2,2,1,6,2,8,1,1,34,15,"Female","Non-Black / Non-Hispanic","North Central (IL, IN, IA, KS, MI, MN, MO, NE, OH, ND, SD, WI)","High school diploma (Regular 12 year program)","In CBSA, not in central city","NO","3: Mother","NO","NO","NO","NO","YES","0: 0  CONDITION DOES NOT APPLY","ALWAYS WITH RIGHT HAND","ALWAYS WITH RIGHT HAND","ALWAYS WITH RIGHT HAND","ALWAYS WITH RIGHT HAND","ALWAYS WITH LEFT HAND","1: 1  CONDITION APPLIES","1: 1  CONDITION APPLIES","NO","MALE","FEMALE"
1981,62100,2,0,1,33790,5,235,1,1,6,4,3,6,2,2,1,2,1,5,3,5,1,1,31,20,"Male","Non-Black / Non-Hispanic","South (AL, AR, DE, DC, FL, GA, KY, LA, MD, MS, NC, OK, SC, TN , TX, VA, WV)","High school diploma (Regular 12 year program)","In CBSA, in central city","NO","3: Mother","NO","NO","YES","NO","YES","0: 0  CONDITION DOES NOT APPLY","ALWAYS WITH RIGHT HAND","ALWAYS WITH RIGHT HAND","ALWAYS WITH RIGHT HAND","ALWAYS WITH RIGHT HAND","ALWAYS WITH LEFT HAND","1: 1  CONDITION APPLIES","1: 1  CONDITION APPLIES","NO","FEMALE","FEMALE"
1983,64735,2,1,2,48000,6,196,1,1,2,3,3,2,2,2,2,2,2,6,2,6,1,1,27,0,"Male","Non-Black / Non-Hispanic","Northeast (CT, ME, MA, NH, NJ, NY, PA, RI, VT)","GED","In CBSA, in central city","NO","3: Mother","YES","NO","NO","NO","YES","0: 0  CONDITION DOES NOT APPLY","ALWAYS WITH RIGHT HAND","ALWAYS WITH RIGHT HAND","ALWAYS WITH RIGHT HAND","ALWAYS WITH RIGHT HAND","ALWAYS WITH LEFT HAND","1: 1  CONDITION APPLIES","1: 1  CONDITION APPLIES","NO","MALE","FEMALE"
1981,64735,3,1,2,28000,5,182,1,1,3,4,2,4,2,2,1,2,1,6,2,8,1,1,28,19,"Male","Non-Black / Non-Hispanic","South (AL, AR, DE, DC, FL, GA, KY, LA, MD, MS, NC, OK, SC, TN , TX, VA, WV)","Bachelor's degree (BA, BS)","In CBSA, not in central city","NO","3: Mother","YES","NO","NO","NO","YES","0: 0  CONDITION DOES NOT APPLY","ALWAYS WITH RIGHT HAND","ALWAYS WITH RIGHT HAND","ALWAYS WITH RIGHT HAND","ALWAYS WITH RIGHT HAND","ALWAYS WITH LEFT HAND","1: 1  CONDITION APPLIES","1: 1  CONDITION APPLIES","NO","MALE","FEMALE"
1983,64735,2,1,2,33790,5,181,1,1,3,2,2,3,2,2,1,2,1,6,2,8,1,1,29,21,"Female","Black","North Central (IL, IN, IA, KS, MI, MN, MO, NE, OH, ND, SD, WI)","High school diploma (Regular 12 year program)","In CBSA, not in central city","NO","3: Mother","YES","NO","NO","NO","NO","0: 0  CONDITION DOES NOT APPLY","ALWAYS WITH RIGHT HAND","ALWAYS WITH RIGHT HAND","ALWAYS WITH RIGHT HAND","ALWAYS WITH RIGHT HAND","ALWAYS WITH LEFT HAND","1: 1  CONDITION APPLIES","0: 0  CONDITION DOES NOT APPLY","NO","FEMALE","MALE"
1983,64735,3,0,1,33790,5,184,1,1,4,4,3,3,2,2,1,2,1,4,3,7,1,1,34,21,"Female","Hispanic","North Central (IL, IN, IA, KS, MI, MN, MO, NE, OH, ND, SD, WI)","High school diploma (Regular 12 year program)","In CBSA, in central city","NO","3: Mother","NO","NO","NO","NO","YES","0: 0  CONDITION DOES NOT APPLY","ALWAYS WITH RIGHT HAND","ALWAYS WITH RIGHT HAND","ALWAYS WITH RIGHT HAND","ALWAYS WITH RIGHT HAND","ALWAYS WITH LEFT HAND","1: 1  CONDITION APPLIES","1: 1  CONDITION APPLIES","NO","FEMALE","MALE"
1984,64735,3,1,5,33790,6,215,2,1,2,4,2,5,2,2,2,2,1,6,2,7,1,1,26,18,"Male","Non-Black / Non-Hispanic","North Central (IL, IN, IA, KS, MI, MN, MO, NE, OH, ND, SD, WI)","GED","In CBSA, not known","YES","3: Mother","NO","YES","NO","NO","YES","0: 0  CONDITION DOES NOT APPLY","ALWAYS WITH RIGHT HAND","ALWAYS WITH RIGHT HAND","ALWAYS WITH LEFT HAND","ALWAYS WITH LEFT HAND","ALWAYS WITH LEFT HAND","0: 0  CONDITION DOES NOT APPLY","0: 0  CONDITION DOES NOT APPLY","NO","FEMALE","MALE"
1983,56000,4,1,1,33790,5,184,1,2,4,4,3,3,2,2,2,2,1,6,3,6,1,1,30,16,"Male","Non-Black / Non-Hispanic","North Central (IL, IN, IA, KS, MI, MN, MO, NE, OH, ND, SD, WI)","High school diploma (Regular 12 year program)","In CBSA, not in central city","NO","3: Mother","YES","NO","NO","NO","YES","0: 0  CONDITION DOES NOT APPLY","ALWAYS WITH RIGHT HAND","ALWAYS WITH RIGHT HAND","ALWAYS WITH RIGHT HAND","ALWAYS WITH RIGHT HAND","ALWAYS WITH LEFT HAND","0: 0  CONDITION DOES NOT APPLY","1: 1  CONDITION APPLIES","NO","MALE","MALE"
1982,35343,4,0,2,33790,5,186,1,1,5,4,2,4,2,1,1,1,1,2,4,7,1,1,26,20,"Female","Non-Black / Non-Hispanic","South (AL, AR, DE, DC, FL, GA, KY, LA, MD, MS, NC, OK, SC, TN , TX, VA, WV)","GED","In CBSA, in central city","NO","3: Mother","YES","NO","YES","NO","YES","0: 0  CONDITION DOES NOT APPLY","ALWAYS WITH LEFT HAND","ALWAYS WITH LEFT HAND","ALWAYS WITH LEFT HAND","ALWAYS WITH LEFT HAND","DON'T DO THIS ACTIVITY","1: 1  CONDITION APPLIES","1: 1  CONDITION APPLIES","NO","FEMALE","MALE"
1981,64735,4,0,2,33790,5,183,1,1,3,4,3,5,2,2,1,2,1,6,2,4,1,1,34,19,"Male","Non-Black / Non-Hispanic","South (AL, AR, DE, DC, FL, GA, KY, LA, MD, MS, NC, OK, SC, TN , TX, VA, WV)","High school diploma (Regular 12 year program)","In CBSA, not in central city","NO","3: Mother","NO","NO","NO","NO","YES","0: 0  CONDITION DOES NOT APPLY","ALWAYS WITH RIGHT HAND","ALWAYS WITH RIGHT HAND","ALWAYS WITH RIGHT HAND","ALWAYS WITH RIGHT HAND","USUALLY WITH LEFT HAND","1: 1  CONDITION APPLIES","1: 1  CONDITION APPLIES","NO","MALE","MALE"
1981,64735,4,0,7,33790,5,185,1,2,3,4,3,3,2,2,2,2,1,6,5,5,1,1,31,19,"Female","Non-Black / Non-Hispanic","North Central (IL, IN, IA, KS, MI, MN, MO, NE, OH, ND, SD, WI)","High school diploma (Regular 12 year program)","In CBSA, not in central city","NO","3: Mother","YES","NO","NO","NO","NO","0: 0  CONDITION DOES NOT APPLY","ALWAYS WITH RIGHT HAND","ALWAYS WITH RIGHT HAND","ALWAYS WITH RIGHT HAND","ALWAYS WITH RIGHT HAND","ALWAYS WITH LEFT HAND","1: 1  CONDITION APPLIES","1: 1  CONDITION APPLIES","NO","FEMALE","FEMALE"
1980,64735,1,0,3,33790,5,183,1,2,5,3,1,2,2,2,2,2,1,8,2,6,1,1,34,24,"Male","Non-Black / Non-Hispanic","South (AL, AR, DE, DC, FL, GA, KY, LA, MD, MS, NC, OK, SC, TN , TX, VA, WV)","High school diploma (Regular 12 year program)","In CBSA, in central city","NO","3: Mother","NO","NO","NO","NO","NO","0: 0  CONDITION DOES NOT APPLY","ALWAYS WITH RIGHT HAND","ALWAYS WITH RIGHT HAND","ALWAYS WITH RIGHT HAND","ALWAYS WITH RIGHT HAND","ALWAYS WITH LEFT HAND","1: 1  CONDITION APPLIES","1: 1  CONDITION APPLIES","NO","FEMALE","MALE"
1982,64735,3,0,5,33790,5,180,1,1,3,3,3,5,1,2,1,1,2,5,4,7,1,2,29,20,"Female","Non-Black / Non-Hispanic","South (AL, AR, DE, DC, FL, GA, KY, LA, MD, MS, NC, OK, SC, TN , TX, VA, WV)","Bachelor's degree (BA, BS)","In CBSA, not in central city","YES","3: Mother","YES","NO","NO","NO","YES","0: 0  CONDITION DOES NOT APPLY","ALWAYS WITH RIGHT HAND","ALWAYS WITH RIGHT HAND","ALWAYS WITH RIGHT HAND","ALWAYS WITH RIGHT HAND","ALWAYS WITH RIGHT HAND","1: 1  CONDITION APPLIES","1: 1  CONDITION APPLIES","NO","MALE","MALE"
1982,64735,3,0,2,33790,6,184,1,1,2,5,3,2,2,2,1,1,2,7,3,7,1,1,31,22,"Male","Non-Black / Non-Hispanic","West (AK, AZ, CA, CO, HI, ID, MT, NV, NM, OR, UT, WA, WY)","None","In CBSA, not in central city","NO","3: Mother","YES","NO","NO","NO","YES","0: 0  CONDITION DOES NOT APPLY","ALWAYS WITH RIGHT HAND","ALWAYS WITH RIGHT HAND","ALWAYS WITH RIGHT HAND","USUALLY WITH RIGHT HAND","ALWAYS WITH LEFT HAND","1: 1  CONDITION APPLIES","1: 1  CONDITION APPLIES","NO","FEMALE","FEMALE"
1984,64735,4,0,1,33790,5,150,1,1,3,3,3,2,2,2,2,2,1,6,1,5,1,1,33,18,"Male","Non-Black / Non-Hispanic","South (AL, AR, DE, DC, FL, GA, KY, LA, MD, MS, NC, OK, SC, TN , TX, VA, WV)","Bachelor's degree (BA, BS)","In CBSA, not in central city","NO","3: Mother","YES","YES","NO","NO","YES","0: 0  CONDITION DOES NOT APPLY","ALWAYS WITH RIGHT HAND","ALWAYS WITH RIGHT HAND","USUALLY WITH RIGHT HAND","USUALLY WITH BOTH HANDS EQUALLY","ALWAYS WITH LEFT HAND","0: 0  CONDITION DOES NOT APPLY","1: 1  CONDITION APPLIES","NO","MALE","FEMALE"
1983,64735,1,0,2,24000,5,182,1,1,3,3,3,5,2,2,2,2,2,5,1,7,1,1,28,25,"Male","Non-Black / Non-Hispanic","North Central (IL, IN, IA, KS, MI, MN, MO, NE, OH, ND, SD, WI)","Bachelor's degree (BA, BS)","In CBSA, not in central city","NO","3: Mother","YES","NO","NO","NO","YES","1: 1  CONDITION APPLIES","ALWAYS WITH RIGHT HAND","ALWAYS WITH RIGHT HAND","ALWAYS WITH RIGHT HAND","ALWAYS WITH RIGHT HAND","ALWAYS WITH LEFT HAND","1: 1  CONDITION APPLIES","1: 1  CONDITION APPLIES","NO","FEMALE","MALE"
1984,64735,3,0,4,33790,5,182,1,1,3,1,4,4,2,2,2,1,2,6,3,5,1,1,33,18,"Male","Non-Black / Non-Hispanic","South (AL, AR, DE, DC, FL, GA, KY, LA, MD, MS, NC, OK, SC, TN , TX, VA, WV)","High school diploma (Regular 12 year program)","In CBSA, not in central city","NO","3: Mother","YES","NO","YES","NO","YES","0: 0  CONDITION DOES NOT APPLY","ALWAYS WITH RIGHT HAND","ALWAYS WITH RIGHT HAND","ALWAYS WITH RIGHT HAND","ALWAYS WITH RIGHT HAND","ALWAYS WITH RIGHT HAND","1: 1  CONDITION APPLIES","1: 1  CONDITION APPLIES","NO","FEMALE","FEMALE"
1980,96000,3,0,3,57000,5,182,1,1,3,4,4,1,2,2,2,2,1,6,1,7,2,1,34,29,"Male","Non-Black / Non-Hispanic","South (AL, AR, DE, DC, FL, GA, KY, LA, MD, MS, NC, OK, SC, TN , TX, VA, WV)","High school diploma (Regular 12 year program)","In CBSA, in central city","NO","3: Mother","YES","NO","NO","NO","YES","0: 0  CONDITION DOES NOT APPLY","ALWAYS WITH RIGHT HAND","ALWAYS WITH RIGHT HAND","ALWAYS WITH RIGHT HAND","USUALLY WITH BOTH HANDS EQUALLY","ALWAYS WITH LEFT HAND","1: 1  CONDITION APPLIES","1: 1  CONDITION APPLIES","NO","FEMALE","FEMALE"
1983,64735,2,0,4,33790,5,183,1,1,6,2,3,1,2,2,2,1,1,6,4,7,1,1,5,14,"Male","Non-Black / Non-Hispanic","South (AL, AR, DE, DC, FL, GA, KY, LA, MD, MS, NC, OK, SC, TN , TX, VA, WV)","Bachelor's degree (BA, BS)","In CBSA, not in central city","NO","3: Mother","NO","YES","NO","NO","YES","0: 0  CONDITION DOES NOT APPLY","ALWAYS WITH RIGHT HAND","DON'T DO THIS ACTIVITY","ALWAYS WITH RIGHT HAND","ALWAYS WITH RIGHT HAND","ALWAYS WITH LEFT HAND","1: 1  CONDITION APPLIES","1: 1  CONDITION APPLIES","NO","MALE","FEMALE"
1980,64735,2,0,6,10000,5,183,1,1,5,5,5,5,2,2,1,2,1,6,2,7,1,2,30,21,"Male","Mixed Race (Non-Hispanic)","North Central (IL, IN, IA, KS, MI, MN, MO, NE, OH, ND, SD, WI)","Bachelor's degree (BA, BS)","In CBSA, in central city","NO","3: Mother","NO","NO","YES","NO","NO","0: 0  CONDITION DOES NOT APPLY","ALWAYS WITH RIGHT HAND","ALWAYS WITH RIGHT HAND","ALWAYS WITH RIGHT HAND","ALWAYS WITH RIGHT HAND","ALWAYS WITH LEFT HAND","1: 1  CONDITION APPLIES","1: 1  CONDITION APPLIES","NO","FEMALE","FEMALE"
1980,64735,3,0,2,33790,5,186,1,1,2,3,5,3,2,2,1,1,1,3,2,6,1,1,28,22,"Male","Non-Black / Non-Hispanic","West (AK, AZ, CA, CO, HI, ID, MT, NV, NM, OR, UT, WA, WY)","Associate/Junior college (AA)","In CBSA, in central city","NO","3: Mother","NO","NO","NO","NO","YES","0: 0  CONDITION DOES NOT APPLY","ALWAYS WITH RIGHT HAND","ALWAYS WITH RIGHT HAND","ALWAYS WITH RIGHT HAND","ALWAYS WITH RIGHT HAND","ALWAYS WITH LEFT HAND","0: 0  CONDITION DOES NOT APPLY","1: 1  CONDITION APPLIES","NO","MALE","FEMALE"
1980,64735,4,1,1,33790,6,183,1,1,2,4,3,5,2,2,1,2,1,3,2,7,1,1,31,21,"Female","Non-Black / Non-Hispanic","North Central (IL, IN, IA, KS, MI, MN, MO, NE, OH, ND, SD, WI)","High school diploma (Regular 12 year program)","In CBSA, not in central city","NO","3: Mother","NO","YES","NO","NO","YES","0: 0  CONDITION DOES NOT APPLY","ALWAYS WITH RIGHT HAND","ALWAYS WITH RIGHT HAND","ALWAYS WITH RIGHT HAND","ALWAYS WITH RIGHT HAND","ALWAYS WITH LEFT HAND","1: 1  CONDITION APPLIES","0: 0  CONDITION DOES NOT APPLY","NO","MALE","FEMALE"
1981,64735,3,0,1,33790,5,180,1,1,4,2,4,5,2,2,1,2,1,8,1,7,1,1,29,21,"Female","Non-Black / Non-Hispanic","South (AL, AR, DE, DC, FL, GA, KY, LA, MD, MS, NC, OK, SC, TN , TX, VA, WV)","Bachelor's degree (BA, BS)","In CBSA, not in central city","YES","3: Mother","YES","NO","NO","NO","NO","0: 0  CONDITION DOES NOT APPLY","ALWAYS WITH RIGHT HAND","ALWAYS WITH RIGHT HAND","ALWAYS WITH RIGHT HAND","ALWAYS WITH RIGHT HAND","ALWAYS WITH LEFT HAND","1: 1  CONDITION APPLIES","0: 0  CONDITION DOES NOT APPLY","NO","MALE","MALE"
1982,64735,2,0,2,33790,5,183,1,2,2,3,6,5,2,2,1,2,1,4,2,6,1,1,28,19,"Female","Non-Black / Non-Hispanic","South (AL, AR, DE, DC, FL, GA, KY, LA, MD, MS, NC, OK, SC, TN , TX, VA, WV)","High school diploma (Regular 12 year program)","In CBSA, in central city","NO","3: Mother","YES","NO","NO","NO","YES","0: 0  CONDITION DOES NOT APPLY","ALWAYS WITH RIGHT HAND","ALWAYS WITH RIGHT HAND","ALWAYS WITH RIGHT HAND","ALWAYS WITH RIGHT HAND","ALWAYS WITH LEFT HAND","1: 1  CONDITION APPLIES","1: 1  CONDITION APPLIES","NO","MALE","MALE"
1981,8500,2,0,3,33790,5,181,1,1,2,1,4,4,2,2,2,2,2,6,2,8,1,1,31,20,"Female","Non-Black / Non-Hispanic","South (AL, AR, DE, DC, FL, GA, KY, LA, MD, MS, NC, OK, SC, TN , TX, VA, WV)","High school diploma (Regular 12 year program)","In CBSA, in central city","NO","3: Mother","YES","NO","NO","NO","YES","0: 0  CONDITION DOES NOT APPLY","ALWAYS WITH RIGHT HAND","ALWAYS WITH RIGHT HAND","ALWAYS WITH RIGHT HAND","ALWAYS WITH RIGHT HAND","ALWAYS WITH RIGHT HAND","1: 1  CONDITION APPLIES","0: 0  CONDITION DOES NOT APPLY","NO","FEMALE","MALE"
1983,3189,2,0,1,33790,5,200,1,1,3,5,3,3,2,2,1,2,1,6,1,5,1,1,32,19,"Female","Non-Black / Non-Hispanic","North Central (IL, IN, IA, KS, MI, MN, MO, NE, OH, ND, SD, WI)","High school diploma (Regular 12 year program)","In CBSA, in central city","NO","3: Mother","YES","NO","YES","NO","YES","0: 0  CONDITION DOES NOT APPLY","ALWAYS WITH RIGHT HAND","ALWAYS WITH RIGHT HAND","ALWAYS WITH RIGHT HAND","ALWAYS WITH RIGHT HAND","ALWAYS WITH LEFT HAND","1: 1  CONDITION APPLIES","1: 1  CONDITION APPLIES","NO","FEMALE","FEMALE"
1982,64735,2,0,2,59000,5,182,1,1,4,4,2,4,2,2,1,2,2,6,2,8,1,1,27,18,"Female","Non-Black / Non-Hispanic","Northeast (CT, ME, MA, NH, NJ, NY, PA, RI, VT)","Bachelor's degree (BA, BS)","In CBSA, not in central city","NO","3: Mother","NO","NO","NO","NO","YES","0: 0  CONDITION DOES NOT APPLY","ALWAYS WITH RIGHT HAND","ALWAYS WITH RIGHT HAND","ALWAYS WITH RIGHT HAND","ALWAYS WITH RIGHT HAND","ALWAYS WITH LEFT HAND","1: 1  CONDITION APPLIES","1: 1  CONDITION APPLIES","NO","FEMALE","MALE"
1983,64735,3,1,1,33790,5,180,2,2,3,4,4,5,1,2,1,1,1,5,3,7,1,1,30,18,"Female","Non-Black / Non-Hispanic","North Central (IL, IN, IA, KS, MI, MN, MO, NE, OH, ND, SD, WI)","Bachelor's degree (BA, BS)","In CBSA, not in central city","NO","3: Mother","NO","NO","NO","NO","YES","0: 0  CONDITION DOES NOT APPLY","ALWAYS WITH RIGHT HAND","ALWAYS WITH RIGHT HAND","ALWAYS WITH RIGHT HAND","ALWAYS WITH RIGHT HAND","ALWAYS WITH LEFT HAND","1: 1  CONDITION APPLIES","1: 1  CONDITION APPLIES","NO","MALE","FEMALE"
1982,64735,3,1,4,33790,5,183,1,1,3,4,2,3,2,2,1,2,1,5,2,6,1,1,31,23,"Male","Non-Black / Non-Hispanic","South (AL, AR, DE, DC, FL, GA, KY, LA, MD, MS, NC, OK, SC, TN , TX, VA, WV)","Bachelor's degree (BA, BS)","In CBSA, not in central city","NO","3: Mother","YES","NO","NO","NO","YES","0: 0  CONDITION DOES NOT APPLY","ALWAYS WITH RIGHT HAND","ALWAYS WITH RIGHT HAND","ALWAYS WITH RIGHT HAND","ALWAYS WITH RIGHT HAND","ALWAYS WITH LEFT HAND","1: 1  CONDITION APPLIES","1: 1  CONDITION APPLIES","NO","FEMALE","FEMALE"
1983,150000,4,0,1,33790,5,182,1,1,6,2,3,5,2,2,1,2,1,6,3,5,3,3,35,23,"Male","Hispanic","North Central (IL, IN, IA, KS, MI, MN, MO, NE, OH, ND, SD, WI)","High school diploma (Regular 12 year program)","In CBSA, not in central city","NO","3: Mother","NO","NO","NO","NO","YES","0: 0  CONDITION DOES NOT APPLY","ALWAYS WITH RIGHT HAND","ALWAYS WITH RIGHT HAND","ALWAYS WITH RIGHT HAND","ALWAYS WITH RIGHT HAND","ALWAYS WITH LEFT HAND","1: 1  CONDITION APPLIES","1: 1  CONDITION APPLIES","NO","FEMALE","MALE"
1983,64735,3,0,1,33790,6,187,1,1,3,5,4,3,1,2,1,2,1,7,2,5,1,2,32,21,"Male","Non-Black / Non-Hispanic","South (AL, AR, DE, DC, FL, GA, KY, LA, MD, MS, NC, OK, SC, TN , TX, VA, WV)","High school diploma (Regular 12 year program)","In CBSA, in central city","NO","3: Mother","YES","YES","NO","NO","NO","0: 0  CONDITION DOES NOT APPLY","ALWAYS WITH RIGHT HAND","ALWAYS WITH RIGHT HAND","ALWAYS WITH RIGHT HAND","ALWAYS WITH RIGHT HAND","ALWAYS WITH LEFT HAND","1: 1  CONDITION APPLIES","1: 1  CONDITION APPLIES","NO","FEMALE","FEMALE"
1981,64735,3,0,3,33790,5,182,1,1,9,3,3,2,2,2,2,2,1,4,3,7,1,1,31,21,"Male","Non-Black / Non-Hispanic","North Central (IL, IN, IA, KS, MI, MN, MO, NE, OH, ND, SD, WI)","GED","In CBSA, not in central city","NO","3: Mother","NO","NO","NO","NO","YES","0: 0  CONDITION DOES NOT APPLY","ALWAYS WITH RIGHT HAND","USUALLY WITH BOTH HANDS EQUALLY","ALWAYS WITH RIGHT HAND","ALWAYS WITH RIGHT HAND","ALWAYS WITH LEFT HAND","1: 1  CONDITION APPLIES","1: 1  CONDITION APPLIES","NO","MALE","MALE"
1983,64735,2,0,1,33790,5,183,1,1,1,2,5,4,2,2,1,2,1,7,2,7,1,1,32,22,"Female","Black","South (AL, AR, DE, DC, FL, GA, KY, LA, MD, MS, NC, OK, SC, TN , TX, VA, WV)","High school diploma (Regular 12 year program)","In CBSA, not in central city","NO","3: Mother","NO","YES","NO","NO","YES","0: 0  CONDITION DOES NOT APPLY","ALWAYS WITH RIGHT HAND","ALWAYS WITH RIGHT HAND","ALWAYS WITH RIGHT HAND","ALWAYS WITH RIGHT HAND","ALWAYS WITH LEFT HAND","1: 1  CONDITION APPLIES","1: 1  CONDITION APPLIES","NO","FEMALE","MALE"
1981,40050,3,0,1,33790,5,179,1,1,3,3,6,4,2,2,1,2,1,6,2,6,1,1,30,21,"Female","Black","Northeast (CT, ME, MA, NH, NJ, NY, PA, RI, VT)","Bachelor's degree (BA, BS)","In CBSA, not in central city","NO","3: Mother","YES","NO","NO","NO","YES","0: 0  CONDITION DOES NOT APPLY","ALWAYS WITH RIGHT HAND","ALWAYS WITH RIGHT HAND","ALWAYS WITH RIGHT HAND","ALWAYS WITH RIGHT HAND","ALWAYS WITH LEFT HAND","1: 1  CONDITION APPLIES","1: 1  CONDITION APPLIES","NO","FEMALE","FEMALE"
1980,64735,2,2,1,33790,5,155,1,2,4,4,1,5,2,3,2,2,1,5,1,8,2,1,29,21,"Female","Non-Black / Non-Hispanic","North Central (IL, IN, IA, KS, MI, MN, MO, NE, OH, ND, SD, WI)","Bachelor's degree (BA, BS)","In CBSA, not in central city","NO","3: Mother","YES","NO","NO","NO","NO","0: 0  CONDITION DOES NOT APPLY","ALWAYS WITH RIGHT HAND","ALWAYS WITH RIGHT HAND","ALWAYS WITH RIGHT HAND","ALWAYS WITH RIGHT HAND","ALWAYS WITH LEFT HAND","1: 1  CONDITION APPLIES","1: 1  CONDITION APPLIES","NO","MALE","MALE"
1982,64735,3,0,2,33790,6,183,1,1,1,3,4,5,2,2,1,2,1,6,2,7,1,1,30,23,"Male","Non-Black / Non-Hispanic","North Central (IL, IN, IA, KS, MI, MN, MO, NE, OH, ND, SD, WI)","High school diploma (Regular 12 year program)","In CBSA, not in central city","NO","3: Mother","YES","NO","YES","NO","YES","0: 0  CONDITION DOES NOT APPLY","ALWAYS WITH RIGHT HAND","ALWAYS WITH RIGHT HAND","ALWAYS WITH RIGHT HAND","ALWAYS WITH RIGHT HAND","USUALLY WITH RIGHT HAND","1: 1  CONDITION APPLIES","1: 1  CONDITION APPLIES","NO","FEMALE","FEMALE"
1982,72750,3,1,1,33790,5,145,1,1,2,3,4,5,2,2,1,1,1,4,2,6,1,2,30,22,"Female","Non-Black / Non-Hispanic","South (AL, AR, DE, DC, FL, GA, KY, LA, MD, MS, NC, OK, SC, TN , TX, VA, WV)","High school diploma (Regular 12 year program)","In CBSA, not in central city","NO","3: Mother","NO","NO","NO","NO","YES","0: 0  CONDITION DOES NOT APPLY","ALWAYS WITH RIGHT HAND","ALWAYS WITH RIGHT HAND","ALWAYS WITH RIGHT HAND","ALWAYS WITH RIGHT HAND","ALWAYS WITH LEFT HAND","1: 1  CONDITION APPLIES","1: 1  CONDITION APPLIES","NO","MALE","FEMALE"
1982,64735,3,0,1,33790,5,182,1,1,2,3,4,4,2,2,2,1,1,2,3,7,2,1,34,22,"Female","Non-Black / Non-Hispanic","South (AL, AR, DE, DC, FL, GA, KY, LA, MD, MS, NC, OK, SC, TN , TX, VA, WV)","Bachelor's degree (BA, BS)","In CBSA, not in central city","NO","3: Mother","YES","YES","NO","NO","YES","0: 0  CONDITION DOES NOT APPLY","ALWAYS WITH RIGHT HAND","ALWAYS WITH RIGHT HAND","ALWAYS WITH RIGHT HAND","ALWAYS WITH RIGHT HAND","ALWAYS WITH LEFT HAND","1: 1  CONDITION APPLIES","0: 0  CONDITION DOES NOT APPLY","NO","FEMALE","MALE"
1980,37600,3,1,2,33790,5,183,1,1,2,3,3,6,2,2,2,2,1,3,1,7,1,1,31,22,"Male","Non-Black / Non-Hispanic","South (AL, AR, DE, DC, FL, GA, KY, LA, MD, MS, NC, OK, SC, TN , TX, VA, WV)","High school diploma (Regular 12 year program)","In CBSA, not in central city","NO","3: Mother","YES","NO","NO","NO","NO","0: 0  CONDITION DOES NOT APPLY","ALWAYS WITH RIGHT HAND","ALWAYS WITH RIGHT HAND","ALWAYS WITH RIGHT HAND","ALWAYS WITH RIGHT HAND","ALWAYS WITH LEFT HAND","1: 1  CONDITION APPLIES","1: 1  CONDITION APPLIES","NO","MALE","MALE"
1981,64735,2,0,2,33790,5,181,1,2,5,4,4,5,2,2,1,2,1,6,2,7,1,1,32,23,"Female","Non-Black / Non-Hispanic","North Central (IL, IN, IA, KS, MI, MN, MO, NE, OH, ND, SD, WI)","Bachelor's degree (BA, BS)","In CBSA, in central city","YES","3: Mother","YES","NO","NO","NO","YES","0: 0  CONDITION DOES NOT APPLY","ALWAYS WITH RIGHT HAND","ALWAYS WITH RIGHT HAND","ALWAYS WITH RIGHT HAND","ALWAYS WITH RIGHT HAND","ALWAYS WITH LEFT HAND","0: 0  CONDITION DOES NOT APPLY","1: 1  CONDITION APPLIES","NO","MALE","MALE"
1983,64735,3,0,3,33790,5,117,1,1,1,1,2,5,2,2,1,2,1,6,3,7,1,1,28,20,"Male","Non-Black / Non-Hispanic","Northeast (CT, ME, MA, NH, NJ, NY, PA, RI, VT)","Bachelor's degree (BA, BS)","In CBSA, not in central city","NO","3: Mother","YES","NO","NO","NO","YES","0: 0  CONDITION DOES NOT APPLY","ALWAYS WITH RIGHT HAND","ALWAYS WITH RIGHT HAND","ALWAYS WITH RIGHT HAND","ALWAYS WITH RIGHT HAND","ALWAYS WITH LEFT HAND","0: 0  CONDITION DOES NOT APPLY","1: 1  CONDITION APPLIES","NO","FEMALE","MALE"
1980,55012,3,0,1,33790,5,183,1,1,2,3,4,4,2,2,1,2,1,6,3,8,1,1,25,18,"Male","Non-Black / Non-Hispanic","North Central (IL, IN, IA, KS, MI, MN, MO, NE, OH, ND, SD, WI)","High school diploma (Regular 12 year program)","In CBSA, not in central city","NO","3: Mother","NO","NO","NO","NO","YES","0: 0  CONDITION DOES NOT APPLY","ALWAYS WITH RIGHT HAND","ALWAYS WITH RIGHT HAND","ALWAYS WITH RIGHT HAND","ALWAYS WITH RIGHT HAND","ALWAYS WITH LEFT HAND","1: 1  CONDITION APPLIES","1: 1  CONDITION APPLIES","NO","MALE","FEMALE"
1982,64735,4,1,1,33790,5,179,1,1,2,2,2,8,2,2,1,2,2,4,2,7,1,1,30,18,"Female","Non-Black / Non-Hispanic","South (AL, AR, DE, DC, FL, GA, KY, LA, MD, MS, NC, OK, SC, TN , TX, VA, WV)","Bachelor's degree (BA, BS)","In CBSA, not in central city","NO","3: Mother","YES","YES","NO","NO","YES","0: 0  CONDITION DOES NOT APPLY","ALWAYS WITH RIGHT HAND","ALWAYS WITH RIGHT HAND","ALWAYS WITH RIGHT HAND","ALWAYS WITH RIGHT HAND","ALWAYS WITH RIGHT HAND","1: 1  CONDITION APPLIES","1: 1  CONDITION APPLIES","NO","FEMALE","FEMALE"
1981,64735,2,0,2,33790,5,184,1,1,5,6,3,5,2,2,1,2,2,6,3,7,1,1,30,22,"Female","Black","South (AL, AR, DE, DC, FL, GA, KY, LA, MD, MS, NC, OK, SC, TN , TX, VA, WV)","High school diploma (Regular 12 year program)","In CBSA, in central city","NO","3: Mother","YES","YES","NO","NO","YES","0: 0  CONDITION DOES NOT APPLY","ALWAYS WITH RIGHT HAND","ALWAYS WITH RIGHT HAND","ALWAYS WITH RIGHT HAND","ALWAYS WITH RIGHT HAND","ALWAYS WITH LEFT HAND","1: 1  CONDITION APPLIES","1: 1  CONDITION APPLIES","NO","FEMALE","FEMALE"
1982,64735,3,1,2,33790,6,187,1,2,3,4,1,4,2,2,1,2,1,4,3,5,1,1,34,22,"Male","Non-Black / Non-Hispanic","South (AL, AR, DE, DC, FL, GA, KY, LA, MD, MS, NC, OK, SC, TN , TX, VA, WV)","Bachelor's degree (BA, BS)","In CBSA, in central city","NO","3: Mother","YES","YES","NO","NO","YES","0: 0  CONDITION DOES NOT APPLY","ALWAYS WITH RIGHT HAND","ALWAYS WITH RIGHT HAND","ALWAYS WITH RIGHT HAND","ALWAYS WITH RIGHT HAND","ALWAYS WITH LEFT HAND","1: 1  CONDITION APPLIES","1: 1  CONDITION APPLIES","NO","FEMALE","FEMALE"
1980,64735,2,0,6,33790,6,185,2,1,1,4,3,2,2,2,1,2,1,6,3,6,1,1,34,20,"Male","Non-Black / Non-Hispanic","South (AL, AR, DE, DC, FL, GA, KY, LA, MD, MS, NC, OK, SC, TN , TX, VA, WV)","Bachelor's degree (BA, BS)","In CBSA, in central city","NO","3: Mother","YES","YES","NO","NO","NO","0: 0  CONDITION DOES NOT APPLY","ALWAYS WITH RIGHT HAND","USUALLY WITH BOTH HANDS EQUALLY","ALWAYS WITH RIGHT HAND","ALWAYS WITH RIGHT HAND","ALWAYS WITH LEFT HAND","1: 1  CONDITION APPLIES","1: 1  CONDITION APPLIES","NO","FEMALE","FEMALE"
1983,53750,2,0,3,33790,5,185,1,1,1,3,2,5,2,1,1,2,1,6,1,7,1,2,29,25,"Male","Non-Black / Non-Hispanic","South (AL, AR, DE, DC, FL, GA, KY, LA, MD, MS, NC, OK, SC, TN , TX, VA, WV)","High school diploma (Regular 12 year program)","In CBSA, in central city","NO","3: Mother","NO","NO","NO","NO","NO","0: 0  CONDITION DOES NOT APPLY","ALWAYS WITH RIGHT HAND","ALWAYS WITH RIGHT HAND","ALWAYS WITH RIGHT HAND","ALWAYS WITH RIGHT HAND","ALWAYS WITH LEFT HAND","1: 1  CONDITION APPLIES","1: 1  CONDITION APPLIES","NO","FEMALE","MALE"
1984,64735,5,0,2,33790,5,183,2,1,4,5,1,1,2,2,1,2,2,1,1,7,1,1,30,21,"Male","Non-Black / Non-Hispanic","North Central (IL, IN, IA, KS, MI, MN, MO, NE, OH, ND, SD, WI)","High school diploma (Regular 12 year program)","In CBSA, not in central city","NO","3: Mother","NO","YES","NO","YES","YES","0: 0  CONDITION DOES NOT APPLY","DON'T DO THIS ACTIVITY","DON'T DO THIS ACTIVITY","DON'T DO THIS ACTIVITY","DON'T DO THIS ACTIVITY","ALWAYS WITH LEFT HAND","1: 1  CONDITION APPLIES","1: 1  CONDITION APPLIES","NO","FEMALE","FEMALE"
1981,64735,3,0,1,33790,5,182,1,1,5,1,4,4,2,2,2,1,2,2,4,4,1,1,26,15,"Male","Non-Black / Non-Hispanic","North Central (IL, IN, IA, KS, MI, MN, MO, NE, OH, ND, SD, WI)","GED","In CBSA, not in central city","NO","3: Mother","YES","NO","YES","NO","YES","0: 0  CONDITION DOES NOT APPLY","ALWAYS WITH RIGHT HAND","DON'T DO THIS ACTIVITY","USUALLY WITH RIGHT HAND","ALWAYS WITH RIGHT HAND","ALWAYS WITH LEFT HAND","1: 1  CONDITION APPLIES","1: 1  CONDITION APPLIES","NO","FEMALE","MALE"
1981,64735,2,1,1,33790,5,182,1,1,4,2,4,5,2,2,1,2,1,7,4,7,1,1,30,21,"Male","Non-Black / Non-Hispanic","Northeast (CT, ME, MA, NH, NJ, NY, PA, RI, VT)","Bachelor's degree (BA, BS)","In CBSA, not in central city","NO","3: Mother","YES","NO","NO","NO","YES","0: 0  CONDITION DOES NOT APPLY","ALWAYS WITH RIGHT HAND","ALWAYS WITH RIGHT HAND","ALWAYS WITH RIGHT HAND","ALWAYS WITH RIGHT HAND","ALWAYS WITH RIGHT HAND","0: 0  CONDITION DOES NOT APPLY","1: 1  CONDITION APPLIES","NO","FEMALE","MALE"
1983,64735,3,0,2,29000,5,182,1,1,4,3,6,6,2,2,1,2,1,6,2,6,1,1,29,22,"Female","Non-Black / Non-Hispanic","North Central (IL, IN, IA, KS, MI, MN, MO, NE, OH, ND, SD, WI)","High school diploma (Regular 12 year program)","In CBSA, not in central city","NO","3: Mother","NO","NO","NO","NO","YES","0: 0  CONDITION DOES NOT APPLY","ALWAYS WITH RIGHT HAND","ALWAYS WITH RIGHT HAND","ALWAYS WITH RIGHT HAND","ALWAYS WITH RIGHT HAND","ALWAYS WITH LEFT HAND","1: 1  CONDITION APPLIES","1: 1  CONDITION APPLIES","NO","MALE","MALE"
1983,64735,2,0,2,33790,5,130,1,1,3,3,3,5,2,2,1,2,1,6,2,7,1,1,25,17,"Female","Non-Black / Non-Hispanic","North Central (IL, IN, IA, KS, MI, MN, MO, NE, OH, ND, SD, WI)","Bachelor's degree (BA, BS)","In CBSA, not in central city","NO","3: Mother","NO","NO","NO","NO","YES","0: 0  CONDITION DOES NOT APPLY","ALWAYS WITH RIGHT HAND","ALWAYS WITH RIGHT HAND","ALWAYS WITH RIGHT HAND","ALWAYS WITH RIGHT HAND","ALWAYS WITH LEFT HAND","1: 1  CONDITION APPLIES","1: 1  CONDITION APPLIES","NO","MALE","MALE"
1984,64735,4,1,1,33790,5,183,2,1,2,5,4,4,2,2,1,1,1,5,4,6,1,1,31,21,"Female","Non-Black / Non-Hispanic","West (AK, AZ, CA, CO, HI, ID, MT, NV, NM, OR, UT, WA, WY)","Bachelor's degree (BA, BS)","In CBSA, not in central city","NO","3: Mother","NO","NO","NO","NO","YES","0: 0  CONDITION DOES NOT APPLY","ALWAYS WITH RIGHT HAND","ALWAYS WITH RIGHT HAND","ALWAYS WITH RIGHT HAND","ALWAYS WITH RIGHT HAND","ALWAYS WITH LEFT HAND","1: 1  CONDITION APPLIES","1: 1  CONDITION APPLIES","NO","MALE","FEMALE"
1980,64735,3,0,2,33790,5,181,2,1,1,4,3,3,1,2,1,1,2,4,2,7,1,1,31,22,"Male","Non-Black / Non-Hispanic","South (AL, AR, DE, DC, FL, GA, KY, LA, MD, MS, NC, OK, SC, TN , TX, VA, WV)","High school diploma (Regular 12 year program)","Not in CBSA","NO","3: Mother","NO","NO","NO","NO","YES","0: 0  CONDITION DOES NOT APPLY","ALWAYS WITH RIGHT HAND","ALWAYS WITH RIGHT HAND","ALWAYS WITH RIGHT HAND","ALWAYS WITH RIGHT HAND","ALWAYS WITH LEFT HAND","1: 1  CONDITION APPLIES","1: 1  CONDITION APPLIES","NO","FEMALE","MALE"
1981,66920,5,1,1,33790,5,180,1,1,1,3,2,3,2,1,1,2,1,4,2,6,2,1,27,18,"Female","Non-Black / Non-Hispanic","South (AL, AR, DE, DC, FL, GA, KY, LA, MD, MS, NC, OK, SC, TN , TX, VA, WV)","Bachelor's degree (BA, BS)","In CBSA, not in central city","NO","3: Mother","NO","YES","NO","NO","YES","0: 0  CONDITION DOES NOT APPLY","ALWAYS WITH RIGHT HAND","ALWAYS WITH RIGHT HAND","ALWAYS WITH RIGHT HAND","ALWAYS WITH RIGHT HAND","ALWAYS WITH LEFT HAND","1: 1  CONDITION APPLIES","1: 1  CONDITION APPLIES","NO","FEMALE","MALE"
1984,60750,2,0,1,33790,5,181,1,2,3,3,1,4,2,2,1,2,1,4,1,6,1,1,36,23,"Male","Hispanic","North Central (IL, IN, IA, KS, MI, MN, MO, NE, OH, ND, SD, WI)","High school diploma (Regular 12 year program)","In CBSA, not in central city","YES","3: Mother","YES","NO","NO","NO","YES","0: 0  CONDITION DOES NOT APPLY","ALWAYS WITH RIGHT HAND","ALWAYS WITH RIGHT HAND","ALWAYS WITH RIGHT HAND","ALWAYS WITH RIGHT HAND","ALWAYS WITH LEFT HAND","1: 1  CONDITION APPLIES","1: 1  CONDITION APPLIES","NO","FEMALE","MALE"
1982,64735,2,0,1,33790,6,182,1,1,2,5,2,4,2,2,1,2,1,5,1,8,1,1,26,18,"Female","Mixed Race (Non-Hispanic)","South (AL, AR, DE, DC, FL, GA, KY, LA, MD, MS, NC, OK, SC, TN , TX, VA, WV)","Associate/Junior college (AA)","In CBSA, in central city","NO","3: Mother","NO","NO","NO","NO","YES","0: 0  CONDITION DOES NOT APPLY","ALWAYS WITH RIGHT HAND","ALWAYS WITH RIGHT HAND","ALWAYS WITH RIGHT HAND","ALWAYS WITH RIGHT HAND","ALWAYS WITH LEFT HAND","0: 0  CONDITION DOES NOT APPLY","1: 1  CONDITION APPLIES","NO","FEMALE","MALE"
1980,64735,4,0,2,33790,5,140,1,1,3,4,4,3,2,2,1,1,1,6,2,7,1,1,32,20,"Female","Non-Black / Non-Hispanic","North Central (IL, IN, IA, KS, MI, MN, MO, NE, OH, ND, SD, WI)","Master's degree (MA, MS)","In CBSA, not in central city","NO","3: Mother","YES","NO","NO","NO","YES","0: 0  CONDITION DOES NOT APPLY","ALWAYS WITH RIGHT HAND","ALWAYS WITH RIGHT HAND","ALWAYS WITH RIGHT HAND","ALWAYS WITH RIGHT HAND","ALWAYS WITH RIGHT HAND","1: 1  CONDITION APPLIES","1: 1  CONDITION APPLIES","NO","FEMALE","MALE"
1981,64735,1,0,1,33790,6,181,1,1,3,3,4,9,2,2,1,2,1,8,2,5,1,1,36,26,"Male","Non-Black / Non-Hispanic","West (AK, AZ, CA, CO, HI, ID, MT, NV, NM, OR, UT, WA, WY)","Bachelor's degree (BA, BS)","In CBSA, not in central city","NO","3: Mother","NO","NO","YES","NO","NO","0: 0  CONDITION DOES NOT APPLY","ALWAYS WITH RIGHT HAND","ALWAYS WITH RIGHT HAND","ALWAYS WITH RIGHT HAND","USUALLY WITH LEFT HAND","ALWAYS WITH LEFT HAND","1: 1  CONDITION APPLIES","0: 0  CONDITION DOES NOT APPLY","NO","MALE","MALE"
1981,64735,4,1,1,33790,5,183,1,1,2,4,3,4,1,2,1,2,1,7,4,6,1,1,32,19,"Female","Non-Black / Non-Hispanic","West (AK, AZ, CA, CO, HI, ID, MT, NV, NM, OR, UT, WA, WY)","High school diploma (Regular 12 year program)","In CBSA, not in central city","NO","3: Mother","YES","YES","NO","NO","YES","0: 0  CONDITION DOES NOT APPLY","ALWAYS WITH RIGHT HAND","ALWAYS WITH RIGHT HAND","ALWAYS WITH RIGHT HAND","ALWAYS WITH RIGHT HAND","ALWAYS WITH LEFT HAND","1: 1  CONDITION APPLIES","1: 1  CONDITION APPLIES","NO","MALE","FEMALE"
1984,64735,2,0,2,33790,6,184,1,2,2,3,5,5,2,1,1,2,1,6,1,4,1,1,32,23,"Male","Non-Black / Non-Hispanic","North Central (IL, IN, IA, KS, MI, MN, MO, NE, OH, ND, SD, WI)","Associate/Junior college (AA)","In CBSA, not in central city","NO","3: Mother","YES","YES","NO","NO","NO","0: 0  CONDITION DOES NOT APPLY","ALWAYS WITH RIGHT HAND","ALWAYS WITH RIGHT HAND","ALWAYS WITH RIGHT HAND","ALWAYS WITH RIGHT HAND","ALWAYS WITH LEFT HAND","1: 1  CONDITION APPLIES","1: 1  CONDITION APPLIES","NO","FEMALE","MALE"
1981,25000,3,0,2,33790,6,200,2,1,4,4,3,4,2,2,1,2,1,5,2,7,1,1,31,23,"Male","Non-Black / Non-Hispanic","North Central (IL, IN, IA, KS, MI, MN, MO, NE, OH, ND, SD, WI)","High school diploma (Regular 12 year program)","In CBSA, not in central city","NO","3: Mother","NO","YES","NO","NO","YES","0: 0  CONDITION DOES NOT APPLY","ALWAYS WITH RIGHT HAND","ALWAYS WITH RIGHT HAND","ALWAYS WITH RIGHT HAND","ALWAYS WITH RIGHT HAND","ALWAYS WITH RIGHT HAND","1: 1  CONDITION APPLIES","1: 1  CONDITION APPLIES","NO","FEMALE","FEMALE"
1981,64735,4,0,4,33790,5,184,2,2,2,3,4,5,2,2,2,2,1,4,2,7,1,1,27,17,"Female","Non-Black / Non-Hispanic","Northeast (CT, ME, MA, NH, NJ, NY, PA, RI, VT)","High school diploma (Regular 12 year program)","In CBSA, not in central city","NO","3: Mother","NO","NO","NO","NO","YES","0: 0  CONDITION DOES NOT APPLY","ALWAYS WITH RIGHT HAND","ALWAYS WITH RIGHT HAND","USUALLY WITH BOTH HANDS EQUALLY","ALWAYS WITH RIGHT HAND","ALWAYS WITH LEFT HAND","1: 1  CONDITION APPLIES","1: 1  CONDITION APPLIES","NO","FEMALE","FEMALE"
1985,64735,6,2,1,33790,5,183,2,2,2,4,3,3,2,3,1,1,1,2,2,8,1,1,25,11,"Female","Non-Black / Non-Hispanic","West (AK, AZ, CA, CO, HI, ID, MT, NV, NM, OR, UT, WA, WY)","High school diploma (Regular 12 year program)","In CBSA, not in central city","NO","3: Mother","NO","YES","NO","NO","NO","0: 0  CONDITION DOES NOT APPLY","ALWAYS WITH RIGHT HAND","ALWAYS WITH RIGHT HAND","ALWAYS WITH RIGHT HAND","ALWAYS WITH RIGHT HAND","ALWAYS WITH LEFT HAND","0: 0  CONDITION DOES NOT APPLY","1: 1  CONDITION APPLIES","YES","MALE","FEMALE"
1984,64735,5,1,3,33790,6,181,1,2,3,1,2,3,1,1,2,1,1,4,2,7,1,1,34,21,"Female","Black","North Central (IL, IN, IA, KS, MI, MN, MO, NE, OH, ND, SD, WI)","None","In CBSA, not in central city","NO","3: Mother","YES","YES","NO","NO","YES","0: 0  CONDITION DOES NOT APPLY","ALWAYS WITH RIGHT HAND","ALWAYS WITH RIGHT HAND","ALWAYS WITH RIGHT HAND","ALWAYS WITH RIGHT HAND","ALWAYS WITH LEFT HAND","1: 1  CONDITION APPLIES","1: 1  CONDITION APPLIES","NO","FEMALE","FEMALE"
1981,64735,3,0,5,33790,5,155,1,1,2,1,4,3,1,2,2,2,1,6,4,7,1,1,33,22,"Male","Non-Black / Non-Hispanic","South (AL, AR, DE, DC, FL, GA, KY, LA, MD, MS, NC, OK, SC, TN , TX, VA, WV)","High school diploma (Regular 12 year program)","In CBSA, not in central city","NO","3: Mother","YES","YES","NO","NO","NO","0: 0  CONDITION DOES NOT APPLY","ALWAYS WITH RIGHT HAND","ALWAYS WITH RIGHT HAND","ALWAYS WITH RIGHT HAND","ALWAYS WITH RIGHT HAND","ALWAYS WITH LEFT HAND","0: 0  CONDITION DOES NOT APPLY","1: 1  CONDITION APPLIES","NO","FEMALE","MALE"
1984,64735,2,1,1,33790,6,181,1,1,3,4,6,4,2,2,1,2,1,5,2,6,1,1,28,20,"Female","Non-Black / Non-Hispanic","North Central (IL, IN, IA, KS, MI, MN, MO, NE, OH, ND, SD, WI)","High school diploma (Regular 12 year program)","In CBSA, not in central city","NO","3: Mother","NO","NO","NO","NO","YES","0: 0  CONDITION DOES NOT APPLY","ALWAYS WITH RIGHT HAND","ALWAYS WITH RIGHT HAND","ALWAYS WITH RIGHT HAND","ALWAYS WITH RIGHT HAND","ALWAYS WITH LEFT HAND","1: 1  CONDITION APPLIES","1: 1  CONDITION APPLIES","NO","MALE","FEMALE"
1983,64735,2,0,1,70000,5,182,1,2,1,3,3,3,2,2,1,2,1,6,5,6,1,1,34,23,"Female","Black","Northeast (CT, ME, MA, NH, NJ, NY, PA, RI, VT)","High school diploma (Regular 12 year program)","In CBSA, in central city","NO","3: Mother","YES","NO","YES","NO","YES","0: 0  CONDITION DOES NOT APPLY","ALWAYS WITH RIGHT HAND","ALWAYS WITH RIGHT HAND","ALWAYS WITH RIGHT HAND","ALWAYS WITH RIGHT HAND","ALWAYS WITH LEFT HAND","1: 1  CONDITION APPLIES","1: 1  CONDITION APPLIES","NO","FEMALE","FEMALE"
1983,64735,8,3,2,33790,5,180,2,1,1,5,4,6,2,2,1,1,1,7,2,6,1,1,25,13,"Female","Non-Black / Non-Hispanic","West (AK, AZ, CA, CO, HI, ID, MT, NV, NM, OR, UT, WA, WY)","Bachelor's degree (BA, BS)","In CBSA, not in central city","NO","3: Mother","YES","NO","NO","NO","YES","0: 0  CONDITION DOES NOT APPLY","USUALLY WITH RIGHT HAND","USUALLY WITH RIGHT HAND","ALWAYS WITH RIGHT HAND","USUALLY WITH RIGHT HAND","ALWAYS WITH LEFT HAND","1: 1  CONDITION APPLIES","1: 1  CONDITION APPLIES","NO","MALE","MALE"
1980,64735,3,0,3,33790,5,184,2,2,1,4,2,6,2,2,2,2,1,6,3,6,1,1,30,20,"Male","Non-Black / Non-Hispanic","South (AL, AR, DE, DC, FL, GA, KY, LA, MD, MS, NC, OK, SC, TN , TX, VA, WV)","High school diploma (Regular 12 year program)","In CBSA, in central city","NO","3: Mother","NO","NO","NO","NO","YES","0: 0  CONDITION DOES NOT APPLY","ALWAYS WITH RIGHT HAND","ALWAYS WITH RIGHT HAND","ALWAYS WITH RIGHT HAND","ALWAYS WITH RIGHT HAND","ALWAYS WITH LEFT HAND","1: 1  CONDITION APPLIES","1: 1  CONDITION APPLIES","NO","FEMALE","FEMALE"
1980,64735,4,0,2,33790,5,220,1,2,3,3,4,2,2,1,1,2,1,7,5,6,1,1,33,22,"Male","Non-Black / Non-Hispanic","North Central (IL, IN, IA, KS, MI, MN, MO, NE, OH, ND, SD, WI)","High school diploma (Regular 12 year program)","In CBSA, not in central city","YES","3: Mother","YES","NO","NO","NO","YES","0: 0  CONDITION DOES NOT APPLY","USUALLY WITH RIGHT HAND","ALWAYS WITH RIGHT HAND","ALWAYS WITH RIGHT HAND","ALWAYS WITH RIGHT HAND","ALWAYS WITH RIGHT HAND","0: 0  CONDITION DOES NOT APPLY","1: 1  CONDITION APPLIES","NO","FEMALE","MALE"
1982,64735,6,2,1,33790,5,182,1,1,1,5,6,4,2,2,1,2,1,3,2,6,1,1,29,16,"Male","Non-Black / Non-Hispanic","North Central (IL, IN, IA, KS, MI, MN, MO, NE, OH, ND, SD, WI)","High school diploma (Regular 12 year program)","In CBSA, not in central city","NO","3: Mother","YES","NO","NO","NO","YES","0: 0  CONDITION DOES NOT APPLY","ALWAYS WITH RIGHT HAND","ALWAYS WITH RIGHT HAND","ALWAYS WITH RIGHT HAND","ALWAYS WITH RIGHT HAND","ALWAYS WITH LEFT HAND","1: 1  CONDITION APPLIES","1: 1  CONDITION APPLIES","NO","FEMALE","FEMALE"
1982,64735,3,1,3,33790,5,182,1,3,3,3,4,4,2,1,1,1,2,3,2,6,1,1,27,0,"Female","Non-Black / Non-Hispanic","North Central (IL, IN, IA, KS, MI, MN, MO, NE, OH, ND, SD, WI)","GED","In CBSA, in central city","NO","3: Mother","YES","NO","NO","NO","YES","0: 0  CONDITION DOES NOT APPLY","ALWAYS WITH RIGHT HAND","ALWAYS WITH RIGHT HAND","ALWAYS WITH RIGHT HAND","ALWAYS WITH RIGHT HAND","ALWAYS WITH RIGHT HAND","1: 1  CONDITION APPLIES","1: 1  CONDITION APPLIES","NO","MALE","MALE"
1980,64735,4,0,1,33790,5,182,1,1,1,4,2,2,2,2,2,2,1,6,2,6,1,1,31,22,"Female","Non-Black / Non-Hispanic","South (AL, AR, DE, DC, FL, GA, KY, LA, MD, MS, NC, OK, SC, TN , TX, VA, WV)","High school diploma (Regular 12 year program)","In CBSA, not in central city","NO","3: Mother","NO","YES","NO","NO","YES","0: 0  CONDITION DOES NOT APPLY","ALWAYS WITH RIGHT HAND","ALWAYS WITH RIGHT HAND","ALWAYS WITH RIGHT HAND","ALWAYS WITH RIGHT HAND","ALWAYS WITH LEFT HAND","0: 0  CONDITION DOES NOT APPLY","1: 1  CONDITION APPLIES","NO","FEMALE","MALE"
1983,64735,2,1,3,33790,5,182,1,1,3,2,3,4,2,1,1,1,1,2,2,8,1,1,22,18,"Female","Non-Black / Non-Hispanic","North Central (IL, IN, IA, KS, MI, MN, MO, NE, OH, ND, SD, WI)","GED","In CBSA, not in central city","NO","3: Mother","NO","YES","NO","NO","YES","0: 0  CONDITION DOES NOT APPLY","ALWAYS WITH RIGHT HAND","ALWAYS WITH LEFT HAND","ALWAYS WITH RIGHT HAND","ALWAYS WITH RIGHT HAND","ALWAYS WITH LEFT HAND","1: 1  CONDITION APPLIES","0: 0  CONDITION DOES NOT APPLY","NO","MALE","FEMALE"
1980,64735,3,1,1,33000,5,230,1,2,3,9,2,3,2,2,2,1,2,4,2,7,1,1,26,3,"Female","Non-Black / Non-Hispanic","West (AK, AZ, CA, CO, HI, ID, MT, NV, NM, OR, UT, WA, WY)","High school diploma (Regular 12 year program)","In CBSA, not in central city","NO","3: Mother","NO","NO","NO","NO","YES","0: 0  CONDITION DOES NOT APPLY","ALWAYS WITH RIGHT HAND","ALWAYS WITH RIGHT HAND","ALWAYS WITH RIGHT HAND","ALWAYS WITH RIGHT HAND","ALWAYS WITH LEFT HAND","1: 1  CONDITION APPLIES","1: 1  CONDITION APPLIES","NO","MALE","FEMALE"
1986,64735,4,1,6,33790,6,170,1,2,5,8,2,4,2,2,2,2,1,2,7,7,1,1,1,33,"Female","Non-Black / Non-Hispanic","South (AL, AR, DE, DC, FL, GA, KY, LA, MD, MS, NC, OK, SC, TN , TX, VA, WV)","Bachelor's degree (BA, BS)","In CBSA, not in central city","NO","3: Mother","YES","NO","NO","NO","NO","0: 0  CONDITION DOES NOT APPLY","ALWAYS WITH RIGHT HAND","ALWAYS WITH RIGHT HAND","ALWAYS WITH RIGHT HAND","ALWAYS WITH RIGHT HAND","ALWAYS WITH LEFT HAND","1: 1  CONDITION APPLIES","1: 1  CONDITION APPLIES","NO","FEMALE","MALE"
1983,316618,4,0,3,49000,5,185,1,1,2,2,2,3,2,2,2,2,1,3,2,7,1,1,35,25,"Male","Black","South (AL, AR, DE, DC, FL, GA, KY, LA, MD, MS, NC, OK, SC, TN , TX, VA, WV)","High school diploma (Regular 12 year program)","In CBSA, not in central city","YES","3: Mother","NO","YES","NO","NO","YES","0: 0  CONDITION DOES NOT APPLY","ALWAYS WITH RIGHT HAND","ALWAYS WITH RIGHT HAND","ALWAYS WITH RIGHT HAND","ALWAYS WITH RIGHT HAND","ALWAYS WITH LEFT HAND","1: 1  CONDITION APPLIES","1: 1  CONDITION APPLIES","NO","FEMALE","FEMALE"
1981,64735,4,1,5,33790,5,185,1,3,2,5,5,3,2,2,1,2,1,2,5,6,1,1,2,9,"Female","Black","North Central (IL, IN, IA, KS, MI, MN, MO, NE, OH, ND, SD, WI)","GED","In CBSA, not in central city","NO","3: Mother","NO","YES","NO","NO","NO","0: 0  CONDITION DOES NOT APPLY","USUALLY WITH RIGHT HAND","ALWAYS WITH LEFT HAND","ALWAYS WITH LEFT HAND","ALWAYS WITH RIGHT HAND","ALWAYS WITH LEFT HAND","1: 1  CONDITION APPLIES","1: 1  CONDITION APPLIES","NO","MALE","MALE"
1984,3350,4,0,1,33790,5,182,1,1,8,4,1,5,1,1,1,1,1,3,2,7,1,1,32,20,"Female","Non-Black / Non-Hispanic","North Central (IL, IN, IA, KS, MI, MN, MO, NE, OH, ND, SD, WI)","High school diploma (Regular 12 year program)","In CBSA, not in central city","NO","3: Mother","NO","NO","NO","NO","YES","0: 0  CONDITION DOES NOT APPLY","ALWAYS WITH RIGHT HAND","ALWAYS WITH RIGHT HAND","ALWAYS WITH RIGHT HAND","ALWAYS WITH RIGHT HAND","ALWAYS WITH LEFT HAND","1: 1  CONDITION APPLIES","1: 1  CONDITION APPLIES","NO","FEMALE","MALE"
1982,64735,1,0,1,33790,5,182,3,1,3,6,5,5,2,2,2,2,1,6,5,7,1,1,30,21,"Female","Non-Black / Non-Hispanic","West (AK, AZ, CA, CO, HI, ID, MT, NV, NM, OR, UT, WA, WY)","Associate/Junior college (AA)","In CBSA, in central city","NO","3: Mother","YES","NO","YES","NO","YES","0: 0  CONDITION DOES NOT APPLY","ALWAYS WITH RIGHT HAND","ALWAYS WITH RIGHT HAND","ALWAYS WITH RIGHT HAND","ALWAYS WITH RIGHT HAND","ALWAYS WITH LEFT HAND","1: 1  CONDITION APPLIES","0: 0  CONDITION DOES NOT APPLY","NO","FEMALE","FEMALE"
1980,64735,3,1,2,33790,5,182,1,1,2,3,4,3,2,2,2,2,1,3,4,7,1,1,28,3,"Male","Non-Black / Non-Hispanic","South (AL, AR, DE, DC, FL, GA, KY, LA, MD, MS, NC, OK, SC, TN , TX, VA, WV)","GED","In CBSA, not in central city","NO","3: Mother","YES","NO","YES","NO","YES","0: 0  CONDITION DOES NOT APPLY","ALWAYS WITH RIGHT HAND","ALWAYS WITH RIGHT HAND","USUALLY WITH RIGHT HAND","ALWAYS WITH RIGHT HAND","ALWAYS WITH LEFT HAND","0: 0  CONDITION DOES NOT APPLY","1: 1  CONDITION APPLIES","NO","FEMALE","MALE"
1983,64735,3,1,1,2000,5,183,1,2,3,6,2,3,3,2,1,2,1,5,1,7,1,1,31,21,"Male","Non-Black / Non-Hispanic","West (AK, AZ, CA, CO, HI, ID, MT, NV, NM, OR, UT, WA, WY)","None","In CBSA, in central city","NO","3: Mother","NO","NO","NO","YES","YES","0: 0  CONDITION DOES NOT APPLY","ALWAYS WITH RIGHT HAND","ALWAYS WITH RIGHT HAND","USUALLY WITH RIGHT HAND","ALWAYS WITH RIGHT HAND","ALWAYS WITH LEFT HAND","1: 1  CONDITION APPLIES","1: 1  CONDITION APPLIES","NO","FEMALE","MALE"
1982,69250,2,1,2,7500,5,181,1,1,4,4,3,5,2,2,1,2,1,6,2,6,1,1,28,20,"Male","Non-Black / Non-Hispanic","North Central (IL, IN, IA, KS, MI, MN, MO, NE, OH, ND, SD, WI)","GED","In CBSA, in central city","NO","3: Mother","YES","NO","NO","NO","YES","0: 0  CONDITION DOES NOT APPLY","ALWAYS WITH RIGHT HAND","ALWAYS WITH RIGHT HAND","ALWAYS WITH RIGHT HAND","ALWAYS WITH RIGHT HAND","ALWAYS WITH LEFT HAND","0: 0  CONDITION DOES NOT APPLY","1: 1  CONDITION APPLIES","NO","FEMALE","MALE"
1983,64735,3,0,3,33790,5,182,2,1,5,3,6,3,2,2,2,2,2,6,3,7,1,1,31,21,"Male","Non-Black / Non-Hispanic","North Central (IL, IN, IA, KS, MI, MN, MO, NE, OH, ND, SD, WI)","Bachelor's degree (BA, BS)","In CBSA, in central city","NO","3: Mother","NO","NO","NO","NO","YES","0: 0  CONDITION DOES NOT APPLY","ALWAYS WITH RIGHT HAND","USUALLY WITH BOTH HANDS EQUALLY","ALWAYS WITH RIGHT HAND","ALWAYS WITH RIGHT HAND","ALWAYS WITH LEFT HAND","1: 1  CONDITION APPLIES","1: 1  CONDITION APPLIES","NO","FEMALE","MALE"
1981,64735,3,1,3,33790,5,181,1,1,3,4,1,4,1,2,1,2,2,8,2,8,1,1,31,21,"Female","Non-Black / Non-Hispanic","South (AL, AR, DE, DC, FL, GA, KY, LA, MD, MS, NC, OK, SC, TN , TX, VA, WV)","Bachelor's degree (BA, BS)","In CBSA, in central city","NO","3: Mother","YES","NO","NO","NO","YES","0: 0  CONDITION DOES NOT APPLY","ALWAYS WITH RIGHT HAND","ALWAYS WITH RIGHT HAND","ALWAYS WITH RIGHT HAND","ALWAYS WITH RIGHT HAND","ALWAYS WITH LEFT HAND","1: 1  CONDITION APPLIES","1: 1  CONDITION APPLIES","NO","FEMALE","FEMALE"
1981,64735,4,1,4,33790,5,183,2,1,5,3,1,2,2,2,1,2,1,6,4,7,1,1,1,16,"Male","Non-Black / Non-Hispanic","Northeast (CT, ME, MA, NH, NJ, NY, PA, RI, VT)","GED","In CBSA, in central city","NO","3: Mother","NO","YES","NO","NO","NO","0: 0  CONDITION DOES NOT APPLY","ALWAYS WITH RIGHT HAND","ALWAYS WITH RIGHT HAND","ALWAYS WITH RIGHT HAND","ALWAYS WITH RIGHT HAND","ALWAYS WITH LEFT HAND","1: 1  CONDITION APPLIES","1: 1  CONDITION APPLIES","NO","FEMALE","MALE"
1983,64735,2,1,1,33790,5,191,2,1,5,3,1,3,2,2,2,2,1,3,2,7,1,3,35,23,"Male","Non-Black / Non-Hispanic","North Central (IL, IN, IA, KS, MI, MN, MO, NE, OH, ND, SD, WI)","High school diploma (Regular 12 year program)","In CBSA, not in central city","YES","3: Mother","YES","NO","YES","YES","NO","0: 0  CONDITION DOES NOT APPLY","ALWAYS WITH RIGHT HAND","ALWAYS WITH RIGHT HAND","ALWAYS WITH RIGHT HAND","ALWAYS WITH RIGHT HAND","ALWAYS WITH LEFT HAND","1: 1  CONDITION APPLIES","1: 1  CONDITION APPLIES","NO","FEMALE","MALE"
1981,16000,3,0,2,33790,5,180,1,1,2,4,1,4,1,2,1,2,1,6,2,7,1,1,31,22,"Female","Hispanic","South (AL, AR, DE, DC, FL, GA, KY, LA, MD, MS, NC, OK, SC, TN , TX, VA, WV)","GED","In CBSA, in central city","NO","3: Mother","NO","YES","NO","NO","YES","0: 0  CONDITION DOES NOT APPLY","ALWAYS WITH RIGHT HAND","ALWAYS WITH RIGHT HAND","ALWAYS WITH RIGHT HAND","ALWAYS WITH RIGHT HAND","ALWAYS WITH LEFT HAND","1: 1  CONDITION APPLIES","1: 1  CONDITION APPLIES","YES","FEMALE","FEMALE"
1983,64735,2,0,4,33790,6,187,1,2,2,5,4,7,2,2,2,1,1,7,1,5,1,1,34,23,"Male","Non-Black / Non-Hispanic","South (AL, AR, DE, DC, FL, GA, KY, LA, MD, MS, NC, OK, SC, TN , TX, VA, WV)","GED","In CBSA, in central city","NO","3: Mother","NO","NO","NO","NO","NO","0: 0  CONDITION DOES NOT APPLY","ALWAYS WITH RIGHT HAND","ALWAYS WITH RIGHT HAND","ALWAYS WITH RIGHT HAND","ALWAYS WITH RIGHT HAND","ALWAYS WITH LEFT HAND","1: 1  CONDITION APPLIES","1: 1  CONDITION APPLIES","NO","FEMALE","FEMALE"
1984,64735,3,0,2,33790,5,182,1,1,5,3,2,3,2,2,2,2,1,3,3,7,1,1,33,23,"Male","Non-Black / Non-Hispanic","South (AL, AR, DE, DC, FL, GA, KY, LA, MD, MS, NC, OK, SC, TN , TX, VA, WV)","Bachelor's degree (BA, BS)","In CBSA, in central city","NO","3: Mother","NO","NO","YES","NO","NO","0: 0  CONDITION DOES NOT APPLY","ALWAYS WITH RIGHT HAND","ALWAYS WITH RIGHT HAND","ALWAYS WITH RIGHT HAND","ALWAYS WITH RIGHT HAND","ALWAYS WITH LEFT HAND","1: 1  CONDITION APPLIES","1: 1  CONDITION APPLIES","NO","FEMALE","MALE"
1984,96250,4,0,3,33790,5,186,1,1,2,5,2,3,1,2,1,2,1,7,3,6,1,1,35,26,"Female","Hispanic","North Central (IL, IN, IA, KS, MI, MN, MO, NE, OH, ND, SD, WI)","GED","In CBSA, not in central city","YES","3: Mother","YES","YES","NO","NO","YES","0: 0  CONDITION DOES NOT APPLY","ALWAYS WITH RIGHT HAND","ALWAYS WITH RIGHT HAND","ALWAYS WITH RIGHT HAND","ALWAYS WITH RIGHT HAND","ALWAYS WITH LEFT HAND","1: 1  CONDITION APPLIES","1: 1  CONDITION APPLIES","NO","FEMALE","MALE"
1983,64735,2,1,2,33790,5,182,2,1,2,2,4,4,2,2,1,2,1,6,3,7,1,1,26,18,"Female","Non-Black / Non-Hispanic","North Central (IL, IN, IA, KS, MI, MN, MO, NE, OH, ND, SD, WI)","Bachelor's degree (BA, BS)","In CBSA, not in central city","NO","3: Mother","YES","NO","YES","NO","YES","0: 0  CONDITION DOES NOT APPLY","ALWAYS WITH LEFT HAND","USUALLY WITH RIGHT HAND","ALWAYS WITH LEFT HAND","ALWAYS WITH RIGHT HAND","ALWAYS WITH RIGHT HAND","0: 0  CONDITION DOES NOT APPLY","1: 1  CONDITION APPLIES","NO","MALE","MALE"
1982,64735,5,0,5,33790,5,250,1,1,3,4,2,5,2,2,2,2,1,1,3,8,1,1,28,18,"Male","Non-Black / Non-Hispanic","West (AK, AZ, CA, CO, HI, ID, MT, NV, NM, OR, UT, WA, WY)","High school diploma (Regular 12 year program)","In CBSA, not in central city","NO","3: Mother","YES","NO","YES","NO","NO","0: 0  CONDITION DOES NOT APPLY","ALWAYS WITH RIGHT HAND","ALWAYS WITH RIGHT HAND","USUALLY WITH BOTH HANDS EQUALLY","ALWAYS WITH RIGHT HAND","ALWAYS WITH LEFT HAND","1: 1  CONDITION APPLIES","1: 1  CONDITION APPLIES","NO","FEMALE","FEMALE"
1984,64735,3,1,3,33790,5,181,1,1,3,4,5,1,2,2,2,2,1,5,2,7,1,1,31,22,"Male","Non-Black / Non-Hispanic","North Central (IL, IN, IA, KS, MI, MN, MO, NE, OH, ND, SD, WI)","GED","In CBSA, not in central city","NO","3: Mother","YES","NO","NO","NO","YES","0: 0  CONDITION DOES NOT APPLY","ALWAYS WITH RIGHT HAND","ALWAYS WITH RIGHT HAND","ALWAYS WITH RIGHT HAND","ALWAYS WITH RIGHT HAND","ALWAYS WITH RIGHT HAND","1: 1  CONDITION APPLIES","1: 1  CONDITION APPLIES","NO","FEMALE","FEMALE"
1983,80750,5,1,3,33790,5,130,2,1,1,3,2,2,2,2,2,2,1,1,3,7,1,1,29,21,"Female","Non-Black / Non-Hispanic","South (AL, AR, DE, DC, FL, GA, KY, LA, MD, MS, NC, OK, SC, TN , TX, VA, WV)","High school diploma (Regular 12 year program)","In CBSA, not in central city","NO","3: Mother","NO","YES","NO","NO","YES","0: 0  CONDITION DOES NOT APPLY","ALWAYS WITH RIGHT HAND","ALWAYS WITH RIGHT HAND","ALWAYS WITH RIGHT HAND","ALWAYS WITH RIGHT HAND","ALWAYS WITH LEFT HAND","1: 1  CONDITION APPLIES","1: 1  CONDITION APPLIES","NO","FEMALE","MALE"
1982,64735,2,0,2,33790,6,220,1,2,3,4,4,4,2,2,1,2,1,6,2,7,1,1,25,21,"Female","Non-Black / Non-Hispanic","North Central (IL, IN, IA, KS, MI, MN, MO, NE, OH, ND, SD, WI)","High school diploma (Regular 12 year program)","In CBSA, in central city","NO","3: Mother","NO","NO","NO","NO","YES","0: 0  CONDITION DOES NOT APPLY","ALWAYS WITH RIGHT HAND","ALWAYS WITH RIGHT HAND","ALWAYS WITH RIGHT HAND","ALWAYS WITH RIGHT HAND","ALWAYS WITH LEFT HAND","1: 1  CONDITION APPLIES","1: 1  CONDITION APPLIES","NO","MALE","MALE"
1984,64735,3,1,2,42000,5,183,1,2,2,2,1,3,2,2,1,2,1,5,3,7,1,1,30,18,"Female","Non-Black / Non-Hispanic","West (AK, AZ, CA, CO, HI, ID, MT, NV, NM, OR, UT, WA, WY)","High school diploma (Regular 12 year program)","In CBSA, not in central city","NO","3: Mother","NO","NO","NO","NO","YES","0: 0  CONDITION DOES NOT APPLY","ALWAYS WITH RIGHT HAND","ALWAYS WITH RIGHT HAND","ALWAYS WITH RIGHT HAND","ALWAYS WITH RIGHT HAND","ALWAYS WITH LEFT HAND","1: 1  CONDITION APPLIES","1: 1  CONDITION APPLIES","NO","FEMALE","FEMALE"
1983,64735,4,1,1,33790,5,150,2,2,4,2,2,3,2,2,2,1,1,1,3,7,1,1,31,20,"Male","Non-Black / Non-Hispanic","South (AL, AR, DE, DC, FL, GA, KY, LA, MD, MS, NC, OK, SC, TN , TX, VA, WV)","High school diploma (Regular 12 year program)","In CBSA, not known","YES","3: Mother","NO","YES","NO","NO","YES","0: 0  CONDITION DOES NOT APPLY","ALWAYS WITH RIGHT HAND","ALWAYS WITH RIGHT HAND","ALWAYS WITH RIGHT HAND","ALWAYS WITH RIGHT HAND","ALWAYS WITH LEFT HAND","1: 1  CONDITION APPLIES","0: 0  CONDITION DOES NOT APPLY","NO","MALE","MALE"
1983,64735,3,0,2,33790,5,180,2,1,4,3,3,5,2,2,2,2,1,4,1,7,1,1,26,20,"Female","Non-Black / Non-Hispanic","South (AL, AR, DE, DC, FL, GA, KY, LA, MD, MS, NC, OK, SC, TN , TX, VA, WV)","GED","In CBSA, in central city","NO","3: Mother","YES","NO","NO","YES","YES","0: 0  CONDITION DOES NOT APPLY","ALWAYS WITH RIGHT HAND","ALWAYS WITH RIGHT HAND","ALWAYS WITH RIGHT HAND","ALWAYS WITH RIGHT HAND","ALWAYS WITH LEFT HAND","1: 1  CONDITION APPLIES","0: 0  CONDITION DOES NOT APPLY","NO","MALE","MALE"
1982,64735,4,0,2,33790,5,181,1,1,3,4,1,4,2,2,1,1,1,2,2,7,1,1,29,18,"Female","Non-Black / Non-Hispanic","West (AK, AZ, CA, CO, HI, ID, MT, NV, NM, OR, UT, WA, WY)","High school diploma (Regular 12 year program)","In CBSA, not in central city","NO","3: Mother","YES","NO","NO","NO","YES","0: 0  CONDITION DOES NOT APPLY","ALWAYS WITH RIGHT HAND","ALWAYS WITH RIGHT HAND","ALWAYS WITH RIGHT HAND","ALWAYS WITH RIGHT HAND","ALWAYS WITH RIGHT HAND","1: 1  CONDITION APPLIES","1: 1  CONDITION APPLIES","NO","FEMALE","FEMALE"
1980,64735,3,0,1,33790,5,183,1,2,4,3,3,3,2,2,2,2,2,1,3,6,1,1,35,21,"Male","Black","Northeast (CT, ME, MA, NH, NJ, NY, PA, RI, VT)","None","In CBSA, not in central city","NO","3: Mother","NO","NO","NO","NO","NO","0: 0  CONDITION DOES NOT APPLY","ALWAYS WITH RIGHT HAND","ALWAYS WITH RIGHT HAND","ALWAYS WITH RIGHT HAND","ALWAYS WITH RIGHT HAND","ALWAYS WITH LEFT HAND","1: 1  CONDITION APPLIES","1: 1  CONDITION APPLIES","NO","FEMALE","FEMALE"
1982,64735,3,1,2,33790,5,181,1,1,3,3,2,4,2,2,1,2,1,3,3,8,1,1,29,21,"Male","Black","South (AL, AR, DE, DC, FL, GA, KY, LA, MD, MS, NC, OK, SC, TN , TX, VA, WV)","Bachelor's degree (BA, BS)","In CBSA, not in central city","NO","3: Mother","YES","NO","YES","NO","YES","0: 0  CONDITION DOES NOT APPLY","ALWAYS WITH RIGHT HAND","ALWAYS WITH RIGHT HAND","ALWAYS WITH RIGHT HAND","ALWAYS WITH RIGHT HAND","ALWAYS WITH LEFT HAND","1: 1  CONDITION APPLIES","1: 1  CONDITION APPLIES","NO","FEMALE","MALE"
1984,64735,4,1,5,33790,6,300,1,2,3,4,1,2,2,2,2,2,2,1,4,5,1,1,26,18,"Female","Non-Black / Non-Hispanic","South (AL, AR, DE, DC, FL, GA, KY, LA, MD, MS, NC, OK, SC, TN , TX, VA, WV)","Bachelor's degree (BA, BS)","In CBSA, in central city","NO","3: Mother","YES","NO","NO","NO","NO","0: 0  CONDITION DOES NOT APPLY","ALWAYS WITH RIGHT HAND","ALWAYS WITH RIGHT HAND","ALWAYS WITH RIGHT HAND","ALWAYS WITH RIGHT HAND","ALWAYS WITH LEFT HAND","1: 1  CONDITION APPLIES","1: 1  CONDITION APPLIES","NO","MALE","FEMALE"
1984,64735,4,1,1,33790,6,188,3,1,5,5,2,2,2,2,1,2,1,3,2,5,1,1,34,24,"Male","Black","West (AK, AZ, CA, CO, HI, ID, MT, NV, NM, OR, UT, WA, WY)","High school diploma (Regular 12 year program)","In CBSA, in central city","NO","3: Mother","YES","NO","YES","NO","NO","0: 0  CONDITION DOES NOT APPLY","ALWAYS WITH RIGHT HAND","ALWAYS WITH RIGHT HAND","ALWAYS WITH RIGHT HAND","ALWAYS WITH RIGHT HAND","ALWAYS WITH LEFT HAND","1: 1  CONDITION APPLIES","1: 1  CONDITION APPLIES","NO","MALE","FEMALE"
1981,26317,3,1,5,33790,5,186,2,3,3,5,6,2,2,2,1,2,1,4,6,4,1,1,32,18,"Female","Non-Black / Non-Hispanic","South (AL, AR, DE, DC, FL, GA, KY, LA, MD, MS, NC, OK, SC, TN , TX, VA, WV)","High school diploma (Regular 12 year program)","In CBSA, in central city","NO","3: Mother","NO","YES","NO","NO","NO","0: 0  CONDITION DOES NOT APPLY","ALWAYS WITH RIGHT HAND","USUALLY WITH BOTH HANDS EQUALLY","ALWAYS WITH RIGHT HAND","USUALLY WITH LEFT HAND","ALWAYS WITH RIGHT HAND","1: 1  CONDITION APPLIES","1: 1  CONDITION APPLIES","NO","FEMALE","FEMALE"
1983,64735,3,1,1,33790,5,183,1,1,3,5,5,4,2,2,1,2,1,7,2,7,1,1,33,21,"Male","Black","South (AL, AR, DE, DC, FL, GA, KY, LA, MD, MS, NC, OK, SC, TN , TX, VA, WV)","High school diploma (Regular 12 year program)","In CBSA, not in central city","NO","3: Mother","YES","NO","NO","NO","YES","0: 0  CONDITION DOES NOT APPLY","ALWAYS WITH RIGHT HAND","ALWAYS WITH RIGHT HAND","ALWAYS WITH RIGHT HAND","ALWAYS WITH RIGHT HAND","ALWAYS WITH LEFT HAND","1: 1  CONDITION APPLIES","1: 1  CONDITION APPLIES","NO","FEMALE","MALE"
1982,63500,2,0,2,33790,5,183,1,1,3,4,5,6,2,2,1,2,1,6,2,8,1,1,31,24,"Male","Hispanic","South (AL, AR, DE, DC, FL, GA, KY, LA, MD, MS, NC, OK, SC, TN , TX, VA, WV)","Bachelor's degree (BA, BS)","In CBSA, not in central city","NO","3: Mother","NO","NO","YES","NO","YES","0: 0  CONDITION DOES NOT APPLY","ALWAYS WITH RIGHT HAND","ALWAYS WITH RIGHT HAND","ALWAYS WITH RIGHT HAND","ALWAYS WITH RIGHT HAND","ALWAYS WITH LEFT HAND","1: 1  CONDITION APPLIES","1: 1  CONDITION APPLIES","NO","FEMALE","MALE"
1982,36750,1,0,1,33790,4,165,1,2,3,3,3,8,2,1,2,2,2,4,2,7,1,1,34,22,"Male","Hispanic","Northeast (CT, ME, MA, NH, NJ, NY, PA, RI, VT)","High school diploma (Regular 12 year program)","In CBSA, in central city","NO","3: Mother","NO","NO","NO","NO","YES","0: 0  CONDITION DOES NOT APPLY","ALWAYS WITH RIGHT HAND","ALWAYS WITH RIGHT HAND","ALWAYS WITH RIGHT HAND","ALWAYS WITH RIGHT HAND","ALWAYS WITH LEFT HAND","1: 1  CONDITION APPLIES","1: 1  CONDITION APPLIES","NO","FEMALE","FEMALE"
1984,64735,2,1,1,33790,5,185,1,1,3,6,3,4,2,2,1,2,1,6,4,6,1,1,29,19,"Female","Non-Black / Non-Hispanic","North Central (IL, IN, IA, KS, MI, MN, MO, NE, OH, ND, SD, WI)","Bachelor's degree (BA, BS)","In CBSA, not in central city","NO","3: Mother","NO","NO","NO","NO","YES","0: 0  CONDITION DOES NOT APPLY","ALWAYS WITH RIGHT HAND","ALWAYS WITH RIGHT HAND","ALWAYS WITH RIGHT HAND","ALWAYS WITH RIGHT HAND","USUALLY WITH LEFT HAND","1: 1  CONDITION APPLIES","1: 1  CONDITION APPLIES","NO","FEMALE","FEMALE"
1986,64735,3,0,1,33790,6,183,1,1,5,4,3,3,1,2,1,2,1,5,5,7,1,1,37,26,"Female","Black","North Central (IL, IN, IA, KS, MI, MN, MO, NE, OH, ND, SD, WI)","None","In CBSA, in central city","YES","3: Mother","YES","YES","NO","YES","YES","0: 0  CONDITION DOES NOT APPLY","ALWAYS WITH LEFT HAND","ALWAYS WITH RIGHT HAND","ALWAYS WITH LEFT HAND","ALWAYS WITH LEFT HAND","ALWAYS WITH LEFT HAND","1: 1  CONDITION APPLIES","1: 1  CONDITION APPLIES","NO","FEMALE","FEMALE"
1980,85500,3,1,1,33790,5,182,2,1,2,4,1,4,2,2,1,2,1,6,2,7,1,1,28,21,"Male","Non-Black / Non-Hispanic","North Central (IL, IN, IA, KS, MI, MN, MO, NE, OH, ND, SD, WI)","Bachelor's degree (BA, BS)","In CBSA, not in central city","NO","3: Mother","NO","NO","NO","NO","YES","0: 0  CONDITION DOES NOT APPLY","ALWAYS WITH RIGHT HAND","ALWAYS WITH RIGHT HAND","ALWAYS WITH RIGHT HAND","ALWAYS WITH RIGHT HAND","ALWAYS WITH LEFT HAND","1: 1  CONDITION APPLIES","1: 1  CONDITION APPLIES","NO","FEMALE","MALE"
1981,64735,4,0,2,33790,5,184,1,1,3,4,2,2,1,2,2,1,1,4,2,5,1,1,32,14,"Male","Non-Black / Non-Hispanic","West (AK, AZ, CA, CO, HI, ID, MT, NV, NM, OR, UT, WA, WY)","High school diploma (Regular 12 year program)","Not in CBSA","NO","3: Mother","YES","NO","NO","NO","YES","0: 0  CONDITION DOES NOT APPLY","ALWAYS WITH RIGHT HAND","ALWAYS WITH RIGHT HAND","ALWAYS WITH RIGHT HAND","ALWAYS WITH RIGHT HAND","ALWAYS WITH LEFT HAND","1: 1  CONDITION APPLIES","1: 1  CONDITION APPLIES","NO","MALE","MALE"
1981,51120,5,1,4,33790,5,180,2,1,5,3,1,3,2,2,2,2,1,3,2,7,1,1,28,18,"Male","Non-Black / Non-Hispanic","South (AL, AR, DE, DC, FL, GA, KY, LA, MD, MS, NC, OK, SC, TN , TX, VA, WV)","Bachelor's degree (BA, BS)","In CBSA, not in central city","NO","3: Mother","YES","NO","YES","NO","YES","0: 0  CONDITION DOES NOT APPLY","ALWAYS WITH RIGHT HAND","ALWAYS WITH RIGHT HAND","ALWAYS WITH RIGHT HAND","USUALLY WITH LEFT HAND","ALWAYS WITH LEFT HAND","1: 1  CONDITION APPLIES","1: 1  CONDITION APPLIES","NO","FEMALE","FEMALE"
1986,64735,4,0,2,33790,5,182,1,1,3,3,4,3,1,2,1,2,1,6,3,7,1,1,30,20,"Male","Non-Black / Non-Hispanic","Northeast (CT, ME, MA, NH, NJ, NY, PA, RI, VT)","High school diploma (Regular 12 year program)","In CBSA, not in central city","NO","3: Mother","YES","NO","NO","NO","YES","0: 0  CONDITION DOES NOT APPLY","ALWAYS WITH RIGHT HAND","ALWAYS WITH RIGHT HAND","ALWAYS WITH RIGHT HAND","ALWAYS WITH RIGHT HAND","ALWAYS WITH LEFT HAND","0: 0  CONDITION DOES NOT APPLY","1: 1  CONDITION APPLIES","NO","FEMALE","MALE"
1982,38750,3,1,1,33790,5,183,2,2,3,4,2,6,2,2,1,2,2,6,2,7,1,1,31,21,"Male","Non-Black / Non-Hispanic","South (AL, AR, DE, DC, FL, GA, KY, LA, MD, MS, NC, OK, SC, TN , TX, VA, WV)","High school diploma (Regular 12 year program)","In CBSA, in central city","NO","3: Mother","YES","NO","YES","NO","YES","0: 0  CONDITION DOES NOT APPLY","ALWAYS WITH RIGHT HAND","ALWAYS WITH RIGHT HAND","ALWAYS WITH RIGHT HAND","ALWAYS WITH RIGHT HAND","ALWAYS WITH LEFT HAND","1: 1  CONDITION APPLIES","1: 1  CONDITION APPLIES","NO","FEMALE","MALE"
1980,19250,3,1,2,33790,5,183,1,1,2,6,3,5,2,2,1,2,2,4,2,7,1,1,33,20,"Male","Black","South (AL, AR, DE, DC, FL, GA, KY, LA, MD, MS, NC, OK, SC, TN , TX, VA, WV)","High school diploma (Regular 12 year program)","In CBSA, in central city","NO","3: Mother","YES","NO","YES","NO","YES","0: 0  CONDITION DOES NOT APPLY","ALWAYS WITH RIGHT HAND","ALWAYS WITH RIGHT HAND","ALWAYS WITH RIGHT HAND","ALWAYS WITH RIGHT HAND","ALWAYS WITH LEFT HAND","0: 0  CONDITION DOES NOT APPLY","1: 1  CONDITION APPLIES","NO","FEMALE","FEMALE"
1983,64735,2,1,3,33790,5,180,1,1,3,3,1,1,1,2,1,2,2,6,2,8,1,1,25,16,"Male","Hispanic","South (AL, AR, DE, DC, FL, GA, KY, LA, MD, MS, NC, OK, SC, TN , TX, VA, WV)","Bachelor's degree (BA, BS)","In CBSA, in central city","NO","3: Mother","NO","NO","NO","NO","YES","0: 0  CONDITION DOES NOT APPLY","ALWAYS WITH RIGHT HAND","ALWAYS WITH RIGHT HAND","ALWAYS WITH RIGHT HAND","ALWAYS WITH RIGHT HAND","ALWAYS WITH LEFT HAND","1: 1  CONDITION APPLIES","1: 1  CONDITION APPLIES","YES","MALE","FEMALE"
1982,64735,3,1,2,33790,5,184,1,1,1,5,1,4,1,2,1,1,1,6,3,6,1,1,30,22,"Female","Non-Black / Non-Hispanic","North Central (IL, IN, IA, KS, MI, MN, MO, NE, OH, ND, SD, WI)","Bachelor's degree (BA, BS)","In CBSA, not in central city","NO","3: Mother","YES","NO","NO","NO","YES","0: 0  CONDITION DOES NOT APPLY","ALWAYS WITH RIGHT HAND","ALWAYS WITH RIGHT HAND","ALWAYS WITH RIGHT HAND","ALWAYS WITH RIGHT HAND","ALWAYS WITH RIGHT HAND","1: 1  CONDITION APPLIES","1: 1  CONDITION APPLIES","NO","MALE","MALE"
1982,64735,2,0,1,33790,5,180,1,1,3,5,4,5,2,2,1,2,1,6,3,8,1,1,29,18,"Female","Non-Black / Non-Hispanic","South (AL, AR, DE, DC, FL, GA, KY, LA, MD, MS, NC, OK, SC, TN , TX, VA, WV)","Bachelor's degree (BA, BS)","In CBSA, not in central city","NO","3: Mother","YES","NO","NO","NO","YES","0: 0  CONDITION DOES NOT APPLY","ALWAYS WITH RIGHT HAND","ALWAYS WITH RIGHT HAND","ALWAYS WITH RIGHT HAND","ALWAYS WITH RIGHT HAND","USUALLY WITH BOTH HANDS EQUALLY","1: 1  CONDITION APPLIES","1: 1  CONDITION APPLIES","NO","FEMALE","MALE"
1980,64735,4,0,2,33790,5,184,2,2,1,4,5,3,2,2,1,2,1,5,7,7,1,1,27,20,"Female","Non-Black / Non-Hispanic","South (AL, AR, DE, DC, FL, GA, KY, LA, MD, MS, NC, OK, SC, TN , TX, VA, WV)","High school diploma (Regular 12 year program)","In CBSA, not in central city","NO","3: Mother","NO","YES","NO","NO","YES","0: 0  CONDITION DOES NOT APPLY","ALWAYS WITH RIGHT HAND","ALWAYS WITH RIGHT HAND","ALWAYS WITH RIGHT HAND","ALWAYS WITH RIGHT HAND","ALWAYS WITH LEFT HAND","1: 1  CONDITION APPLIES","1: 1  CONDITION APPLIES","NO","MALE","FEMALE"
1988,64735,2,1,2,33790,5,182,1,1,4,5,2,5,2,2,2,1,1,3,2,7,1,1,6,18,"Female","Non-Black / Non-Hispanic","West (AK, AZ, CA, CO, HI, ID, MT, NV, NM, OR, UT, WA, WY)","GED","In CBSA, in central city","NO","3: Mother","YES","NO","NO","NO","NO","0: 0  CONDITION DOES NOT APPLY","ALWAYS WITH RIGHT HAND","ALWAYS WITH RIGHT HAND","ALWAYS WITH RIGHT HAND","ALWAYS WITH RIGHT HAND","ALWAYS WITH LEFT HAND","1: 1  CONDITION APPLIES","1: 1  CONDITION APPLIES","NO","MALE","MALE"
1982,64735,2,1,2,33790,6,187,2,2,8,3,1,3,1,2,1,1,1,1,3,4,2,1,27,18,"Male","Non-Black / Non-Hispanic","North Central (IL, IN, IA, KS, MI, MN, MO, NE, OH, ND, SD, WI)","None","In CBSA, not in central city","YES","3: Mother","YES","NO","NO","NO","NO","0: 0  CONDITION DOES NOT APPLY","ALWAYS WITH RIGHT HAND","ALWAYS WITH RIGHT HAND","ALWAYS WITH RIGHT HAND","ALWAYS WITH RIGHT HAND","ALWAYS WITH LEFT HAND","1: 1  CONDITION APPLIES","1: 1  CONDITION APPLIES","NO","FEMALE","FEMALE"
1982,64735,3,0,2,33790,5,184,2,2,2,4,3,3,2,2,2,2,1,1,5,7,1,1,30,22,"Male","Non-Black / Non-Hispanic","South (AL, AR, DE, DC, FL, GA, KY, LA, MD, MS, NC, OK, SC, TN , TX, VA, WV)","None","In CBSA, not in central city","YES","3: Mother","NO","YES","NO","NO","YES","0: 0  CONDITION DOES NOT APPLY","ALWAYS WITH RIGHT HAND","ALWAYS WITH RIGHT HAND","ALWAYS WITH RIGHT HAND","ALWAYS WITH RIGHT HAND","ALWAYS WITH LEFT HAND","1: 1  CONDITION APPLIES","1: 1  CONDITION APPLIES","NO","FEMALE","MALE"
1986,64735,3,0,5,33790,5,140,1,2,1,3,2,2,2,2,2,2,1,4,4,7,1,1,32,18,"Female","Hispanic","North Central (IL, IN, IA, KS, MI, MN, MO, NE, OH, ND, SD, WI)","None","In CBSA, not in central city","NO","3: Mother","NO","YES","NO","NO","YES","0: 0  CONDITION DOES NOT APPLY","ALWAYS WITH RIGHT HAND","ALWAYS WITH RIGHT HAND","ALWAYS WITH RIGHT HAND","ALWAYS WITH RIGHT HAND","ALWAYS WITH LEFT HAND","1: 1  CONDITION APPLIES","1: 1  CONDITION APPLIES","NO","MALE","FEMALE"
1982,64735,3,0,1,6800,5,181,2,2,3,3,3,4,2,1,2,1,1,2,4,7,1,1,29,20,"Male","Non-Black / Non-Hispanic","South (AL, AR, DE, DC, FL, GA, KY, LA, MD, MS, NC, OK, SC, TN , TX, VA, WV)","Professional degree (DDS, JD, MD)","In CBSA, not in central city","YES","3: Mother","YES","NO","NO","NO","NO","0: 0  CONDITION DOES NOT APPLY","ALWAYS WITH RIGHT HAND","ALWAYS WITH RIGHT HAND","ALWAYS WITH RIGHT HAND","ALWAYS WITH RIGHT HAND","ALWAYS WITH LEFT HAND","1: 1  CONDITION APPLIES","1: 1  CONDITION APPLIES","NO","FEMALE","MALE"
1983,43750,4,0,2,33790,6,185,1,1,5,3,3,3,2,2,2,2,1,1,2,6,1,1,27,25,"Female","Non-Black / Non-Hispanic","West (AK, AZ, CA, CO, HI, ID, MT, NV, NM, OR, UT, WA, WY)","None","Not in CBSA","YES","3: Mother","NO","YES","NO","NO","YES","0: 0  CONDITION DOES NOT APPLY","ALWAYS WITH RIGHT HAND","ALWAYS WITH RIGHT HAND","ALWAYS WITH RIGHT HAND","ALWAYS WITH RIGHT HAND","ALWAYS WITH LEFT HAND","0: 0  CONDITION DOES NOT APPLY","1: 1  CONDITION APPLIES","NO","FEMALE","MALE"
1984,64735,2,0,1,33790,5,187,1,2,4,5,6,3,2,2,1,2,1,6,2,6,1,1,31,20,"Female","Non-Black / Non-Hispanic","North Central (IL, IN, IA, KS, MI, MN, MO, NE, OH, ND, SD, WI)","Bachelor's degree (BA, BS)","In CBSA, not in central city","NO","3: Mother","NO","NO","NO","NO","YES","0: 0  CONDITION DOES NOT APPLY","ALWAYS WITH RIGHT HAND","ALWAYS WITH RIGHT HAND","ALWAYS WITH RIGHT HAND","ALWAYS WITH RIGHT HAND","ALWAYS WITH LEFT HAND","1: 1  CONDITION APPLIES","1: 1  CONDITION APPLIES","NO","MALE","MALE"
1981,36500,3,0,3,14000,5,180,1,1,3,3,4,6,1,2,1,1,1,7,4,6,1,1,28,16,"Female","Hispanic","North Central (IL, IN, IA, KS, MI, MN, MO, NE, OH, ND, SD, WI)","None","In CBSA, not in central city","NO","3: Mother","YES","NO","NO","NO","YES","0: 0  CONDITION DOES NOT APPLY","ALWAYS WITH RIGHT HAND","ALWAYS WITH RIGHT HAND","ALWAYS WITH RIGHT HAND","ALWAYS WITH RIGHT HAND","ALWAYS WITH LEFT HAND","1: 1  CONDITION APPLIES","1: 1  CONDITION APPLIES","NO","MALE","MALE"
1983,64735,3,0,1,33790,5,181,2,1,3,3,4,5,2,2,1,1,1,6,3,7,1,1,28,21,"Female","Non-Black / Non-Hispanic","South (AL, AR, DE, DC, FL, GA, KY, LA, MD, MS, NC, OK, SC, TN , TX, VA, WV)","High school diploma (Regular 12 year program)","In CBSA, not in central city","NO","3: Mother","YES","NO","NO","NO","NO","0: 0  CONDITION DOES NOT APPLY","ALWAYS WITH RIGHT HAND","ALWAYS WITH LEFT HAND","USUALLY WITH BOTH HANDS EQUALLY","ALWAYS WITH RIGHT HAND","ALWAYS WITH LEFT HAND","1: 1  CONDITION APPLIES","1: 1  CONDITION APPLIES","NO","MALE","MALE"
1981,64735,3,1,3,33790,5,184,1,1,4,5,2,5,2,2,1,2,1,7,4,7,1,1,8,2,"Female","Non-Black / Non-Hispanic","South (AL, AR, DE, DC, FL, GA, KY, LA, MD, MS, NC, OK, SC, TN , TX, VA, WV)","High school diploma (Regular 12 year program)","In CBSA, not in central city","NO","3: Mother","NO","YES","NO","NO","YES","0: 0  CONDITION DOES NOT APPLY","ALWAYS WITH RIGHT HAND","ALWAYS WITH RIGHT HAND","ALWAYS WITH RIGHT HAND","ALWAYS WITH RIGHT HAND","ALWAYS WITH LEFT HAND","1: 1  CONDITION APPLIES","1: 1  CONDITION APPLIES","NO","MALE","FEMALE"
1981,64735,2,1,2,18600,5,225,1,1,4,5,2,2,1,1,1,1,1,3,1,6,1,1,24,0,"Male","Black","Northeast (CT, ME, MA, NH, NJ, NY, PA, RI, VT)","Bachelor's degree (BA, BS)","In CBSA, not in central city","NO","3: Mother","NO","NO","NO","NO","YES","0: 0  CONDITION DOES NOT APPLY","ALWAYS WITH RIGHT HAND","USUALLY WITH BOTH HANDS EQUALLY","ALWAYS WITH RIGHT HAND","ALWAYS WITH LEFT HAND","ALWAYS WITH LEFT HAND","0: 0  CONDITION DOES NOT APPLY","1: 1  CONDITION APPLIES","NO","MALE","FEMALE"
1981,64735,3,0,1,33790,5,182,1,1,3,3,5,3,2,2,1,2,1,2,4,6,1,1,15,21,"Female","Hispanic","Northeast (CT, ME, MA, NH, NJ, NY, PA, RI, VT)","GED","In CBSA, not in central city","NO","3: Mother","NO","NO","NO","NO","YES","0: 0  CONDITION DOES NOT APPLY","ALWAYS WITH RIGHT HAND","ALWAYS WITH RIGHT HAND","USUALLY WITH BOTH HANDS EQUALLY","ALWAYS WITH RIGHT HAND","ALWAYS WITH LEFT HAND","1: 1  CONDITION APPLIES","1: 1  CONDITION APPLIES","YES","FEMALE","FEMALE"
1982,9000,3,1,6,33790,5,181,1,2,1,4,4,2,2,2,1,1,1,3,2,5,1,1,32,20,"Female","Non-Black / Non-Hispanic","South (AL, AR, DE, DC, FL, GA, KY, LA, MD, MS, NC, OK, SC, TN , TX, VA, WV)","Master's degree (MA, MS)","In CBSA, not in central city","NO","3: Mother","NO","YES","NO","NO","NO","0: 0  CONDITION DOES NOT APPLY","ALWAYS WITH RIGHT HAND","ALWAYS WITH RIGHT HAND","ALWAYS WITH RIGHT HAND","ALWAYS WITH RIGHT HAND","ALWAYS WITH RIGHT HAND","1: 1  CONDITION APPLIES","1: 1  CONDITION APPLIES","NO","MALE","MALE"
1981,64735,2,0,3,30000,5,181,1,2,3,4,3,4,1,2,1,2,1,5,2,7,1,1,36,24,"Female","Non-Black / Non-Hispanic","South (AL, AR, DE, DC, FL, GA, KY, LA, MD, MS, NC, OK, SC, TN , TX, VA, WV)","High school diploma (Regular 12 year program)","In CBSA, not in central city","NO","3: Mother","NO","NO","NO","NO","YES","0: 0  CONDITION DOES NOT APPLY","ALWAYS WITH RIGHT HAND","ALWAYS WITH RIGHT HAND","ALWAYS WITH RIGHT HAND","ALWAYS WITH RIGHT HAND","ALWAYS WITH LEFT HAND","0: 0  CONDITION DOES NOT APPLY","0: 0  CONDITION DOES NOT APPLY","NO","MALE","FEMALE"
1982,11750,2,1,3,33790,5,184,1,1,4,4,4,4,2,2,1,2,1,5,2,7,1,1,4,13,"Male","Non-Black / Non-Hispanic","North Central (IL, IN, IA, KS, MI, MN, MO, NE, OH, ND, SD, WI)","Bachelor's degree (BA, BS)","In CBSA, not in central city","NO","3: Mother","YES","YES","NO","NO","YES","0: 0  CONDITION DOES NOT APPLY","ALWAYS WITH RIGHT HAND","ALWAYS WITH RIGHT HAND","ALWAYS WITH RIGHT HAND","ALWAYS WITH RIGHT HAND","ALWAYS WITH LEFT HAND","0: 0  CONDITION DOES NOT APPLY","1: 1  CONDITION APPLIES","NO","MALE","MALE"
1980,64735,3,2,2,33790,5,183,1,2,3,4,3,3,2,2,1,1,1,5,3,7,1,1,31,22,"Male","Non-Black / Non-Hispanic","Northeast (CT, ME, MA, NH, NJ, NY, PA, RI, VT)","High school diploma (Regular 12 year program)","In CBSA, not in central city","NO","3: Mother","YES","NO","NO","NO","YES","0: 0  CONDITION DOES NOT APPLY","ALWAYS WITH RIGHT HAND","ALWAYS WITH RIGHT HAND","ALWAYS WITH RIGHT HAND","ALWAYS WITH RIGHT HAND","ALWAYS WITH LEFT HAND","1: 1  CONDITION APPLIES","1: 1  CONDITION APPLIES","NO","FEMALE","MALE"
1984,64735,2,0,3,33790,5,183,2,2,3,3,8,6,2,2,1,2,1,6,3,7,1,1,25,23,"Female","Hispanic","North Central (IL, IN, IA, KS, MI, MN, MO, NE, OH, ND, SD, WI)","High school diploma (Regular 12 year program)","In CBSA, not in central city","NO","3: Mother","YES","NO","NO","NO","YES","0: 0  CONDITION DOES NOT APPLY","ALWAYS WITH RIGHT HAND","ALWAYS WITH RIGHT HAND","ALWAYS WITH RIGHT HAND","ALWAYS WITH RIGHT HAND","ALWAYS WITH LEFT HAND","1: 1  CONDITION APPLIES","1: 1  CONDITION APPLIES","NO","MALE","MALE"
1980,64735,3,0,1,33790,5,184,1,2,7,4,3,3,2,2,1,2,1,4,3,7,1,1,30,20,"Female","Non-Black / Non-Hispanic","South (AL, AR, DE, DC, FL, GA, KY, LA, MD, MS, NC, OK, SC, TN , TX, VA, WV)","High school diploma (Regular 12 year program)","In CBSA, in central city","NO","3: Mother","NO","NO","NO","NO","YES","0: 0  CONDITION DOES NOT APPLY","ALWAYS WITH RIGHT HAND","ALWAYS WITH RIGHT HAND","ALWAYS WITH RIGHT HAND","ALWAYS WITH RIGHT HAND","ALWAYS WITH LEFT HAND","1: 1  CONDITION APPLIES","1: 1  CONDITION APPLIES","NO","MALE","MALE"
1981,64735,5,1,5,33790,5,194,1,1,3,5,1,4,1,1,1,1,1,5,3,6,1,1,29,18,"Female","Non-Black / Non-Hispanic","South (AL, AR, DE, DC, FL, GA, KY, LA, MD, MS, NC, OK, SC, TN , TX, VA, WV)","None","In CBSA, not in central city","YES","3: Mother","NO","YES","NO","NO","YES","0: 0  CONDITION DOES NOT APPLY","ALWAYS WITH RIGHT HAND","ALWAYS WITH RIGHT HAND","ALWAYS WITH RIGHT HAND","ALWAYS WITH RIGHT HAND","ALWAYS WITH LEFT HAND","1: 1  CONDITION APPLIES","1: 1  CONDITION APPLIES","NO","MALE","MALE"
1981,64735,3,1,2,33790,5,184,1,1,5,2,3,6,2,1,2,2,2,1,1,6,1,1,29,18,"Female","Non-Black / Non-Hispanic","North Central (IL, IN, IA, KS, MI, MN, MO, NE, OH, ND, SD, WI)","High school diploma (Regular 12 year program)","Not in CBSA","NO","3: Mother","YES","NO","NO","NO","NO","0: 0  CONDITION DOES NOT APPLY","ALWAYS WITH LEFT HAND","ALWAYS WITH LEFT HAND","ALWAYS WITH RIGHT HAND","ALWAYS WITH RIGHT HAND","ALWAYS WITH LEFT HAND","1: 1  CONDITION APPLIES","1: 1  CONDITION APPLIES","NO","FEMALE","MALE"
1983,64735,4,0,2,16000,5,245,1,2,4,4,2,2,1,2,2,2,1,4,4,5,1,1,33,22,"Female","Hispanic","Northeast (CT, ME, MA, NH, NJ, NY, PA, RI, VT)","GED","In CBSA, in central city","YES","3: Mother","YES","NO","NO","NO","YES","0: 0  CONDITION DOES NOT APPLY","ALWAYS WITH RIGHT HAND","ALWAYS WITH RIGHT HAND","ALWAYS WITH RIGHT HAND","ALWAYS WITH RIGHT HAND","ALWAYS WITH LEFT HAND","1: 1  CONDITION APPLIES","1: 1  CONDITION APPLIES","NO","MALE","MALE"
1983,64735,3,1,7,20000,5,172,1,2,1,3,2,4,2,2,2,2,1,4,1,7,1,1,33,25,"Female","Non-Black / Non-Hispanic","West (AK, AZ, CA, CO, HI, ID, MT, NV, NM, OR, UT, WA, WY)","High school diploma (Regular 12 year program)","In CBSA, not in central city","NO","3: Mother","YES","NO","NO","NO","NO","0: 0  CONDITION DOES NOT APPLY","USUALLY WITH RIGHT HAND","USUALLY WITH RIGHT HAND","ALWAYS WITH LEFT HAND","ALWAYS WITH RIGHT HAND","ALWAYS WITH LEFT HAND","1: 1  CONDITION APPLIES","1: 1  CONDITION APPLIES","NO","FEMALE","MALE"
1981,64735,3,1,1,33790,5,182,1,1,3,4,5,5,2,2,1,2,1,3,3,6,1,1,28,20,"Female","Non-Black / Non-Hispanic","North Central (IL, IN, IA, KS, MI, MN, MO, NE, OH, ND, SD, WI)","Associate/Junior college (AA)","In CBSA, in central city","NO","3: Mother","YES","NO","NO","NO","YES","0: 0  CONDITION DOES NOT APPLY","ALWAYS WITH RIGHT HAND","ALWAYS WITH RIGHT HAND","ALWAYS WITH RIGHT HAND","ALWAYS WITH RIGHT HAND","ALWAYS WITH RIGHT HAND","1: 1  CONDITION APPLIES","1: 1  CONDITION APPLIES","NO","FEMALE","FEMALE"
1985,30000,3,1,3,30000,5,183,2,1,3,4,1,4,2,2,2,2,1,6,3,6,1,1,28,20,"Female","Hispanic","South (AL, AR, DE, DC, FL, GA, KY, LA, MD, MS, NC, OK, SC, TN , TX, VA, WV)","High school diploma (Regular 12 year program)","In CBSA, in central city","YES","3: Mother","YES","NO","NO","NO","YES","0: 0  CONDITION DOES NOT APPLY","ALWAYS WITH RIGHT HAND","ALWAYS WITH RIGHT HAND","ALWAYS WITH RIGHT HAND","ALWAYS WITH RIGHT HAND","ALWAYS WITH LEFT HAND","1: 1  CONDITION APPLIES","1: 1  CONDITION APPLIES","NO","FEMALE","FEMALE"
1981,64735,3,2,1,33790,5,182,1,2,3,3,3,4,2,1,1,1,1,3,4,8,1,1,29,17,"Female","Hispanic","North Central (IL, IN, IA, KS, MI, MN, MO, NE, OH, ND, SD, WI)","High school diploma (Regular 12 year program)","In CBSA, not in central city","NO","3: Mother","NO","YES","NO","NO","YES","0: 0  CONDITION DOES NOT APPLY","ALWAYS WITH RIGHT HAND","ALWAYS WITH RIGHT HAND","ALWAYS WITH RIGHT HAND","ALWAYS WITH RIGHT HAND","ALWAYS WITH LEFT HAND","1: 1  CONDITION APPLIES","1: 1  CONDITION APPLIES","NO","FEMALE","MALE"
1981,81500,3,0,4,33790,6,175,1,2,5,6,2,5,2,2,1,2,1,7,4,7,1,2,29,21,"Female","Non-Black / Non-Hispanic","South (AL, AR, DE, DC, FL, GA, KY, LA, MD, MS, NC, OK, SC, TN , TX, VA, WV)","High school diploma (Regular 12 year program)","In CBSA, in central city","NO","3: Mother","YES","NO","NO","NO","YES","0: 0  CONDITION DOES NOT APPLY","ALWAYS WITH RIGHT HAND","ALWAYS WITH RIGHT HAND","ALWAYS WITH RIGHT HAND","ALWAYS WITH RIGHT HAND","ALWAYS WITH LEFT HAND","1: 1  CONDITION APPLIES","1: 1  CONDITION APPLIES","NO","MALE","FEMALE"
1984,64735,2,0,3,12000,6,170,2,2,4,6,3,2,2,2,2,2,1,5,4,5,1,1,34,22,"Male","Non-Black / Non-Hispanic","North Central (IL, IN, IA, KS, MI, MN, MO, NE, OH, ND, SD, WI)","Bachelor's degree (BA, BS)","In CBSA, not in central city","NO","3: Mother","YES","NO","YES","NO","NO","0: 0  CONDITION DOES NOT APPLY","ALWAYS WITH RIGHT HAND","ALWAYS WITH RIGHT HAND","ALWAYS WITH RIGHT HAND","ALWAYS WITH RIGHT HAND","ALWAYS WITH LEFT HAND","1: 1  CONDITION APPLIES","1: 1  CONDITION APPLIES","NO","FEMALE","FEMALE"
1980,64735,4,0,3,33790,5,185,1,2,5,1,2,7,2,1,2,1,1,1,3,6,1,1,32,20,"Male","Black","South (AL, AR, DE, DC, FL, GA, KY, LA, MD, MS, NC, OK, SC, TN , TX, VA, WV)","High school diploma (Regular 12 year program)","In CBSA, not in central city","NO","3: Mother","NO","YES","NO","NO","YES","0: 0  CONDITION DOES NOT APPLY","ALWAYS WITH RIGHT HAND","ALWAYS WITH RIGHT HAND","USUALLY WITH BOTH HANDS EQUALLY","ALWAYS WITH RIGHT HAND","ALWAYS WITH LEFT HAND","1: 1  CONDITION APPLIES","1: 1  CONDITION APPLIES","YES","FEMALE","FEMALE"
1982,64735,3,1,2,33790,6,202,1,1,4,3,3,2,2,2,1,2,1,2,2,5,1,1,32,20,"Male","Non-Black / Non-Hispanic","North Central (IL, IN, IA, KS, MI, MN, MO, NE, OH, ND, SD, WI)","High school diploma (Regular 12 year program)","Not in CBSA","NO","3: Mother","NO","YES","NO","NO","YES","0: 0  CONDITION DOES NOT APPLY","ALWAYS WITH RIGHT HAND","ALWAYS WITH RIGHT HAND","ALWAYS WITH RIGHT HAND","ALWAYS WITH RIGHT HAND","ALWAYS WITH LEFT HAND","1: 1  CONDITION APPLIES","1: 1  CONDITION APPLIES","NO","FEMALE","MALE"
1983,64735,5,1,2,33790,5,181,1,3,2,3,2,4,2,2,2,2,1,2,1,7,1,1,32,18,"Female","Non-Black / Non-Hispanic","North Central (IL, IN, IA, KS, MI, MN, MO, NE, OH, ND, SD, WI)","High school diploma (Regular 12 year program)","Not in CBSA","NO","3: Mother","NO","YES","NO","NO","NO","0: 0  CONDITION DOES NOT APPLY","ALWAYS WITH RIGHT HAND","ALWAYS WITH RIGHT HAND","ALWAYS WITH RIGHT HAND","ALWAYS WITH RIGHT HAND","ALWAYS WITH LEFT HAND","0: 0  CONDITION DOES NOT APPLY","0: 0  CONDITION DOES NOT APPLY","NO","FEMALE","FEMALE"
1981,64735,5,1,2,33790,5,179,1,1,2,3,1,5,2,2,1,1,1,5,3,7,1,1,28,19,"Male","Non-Black / Non-Hispanic","North Central (IL, IN, IA, KS, MI, MN, MO, NE, OH, ND, SD, WI)","Associate/Junior college (AA)","In CBSA, not in central city","NO","3: Mother","NO","YES","NO","NO","YES","0: 0  CONDITION DOES NOT APPLY","ALWAYS WITH RIGHT HAND","ALWAYS WITH RIGHT HAND","ALWAYS WITH RIGHT HAND","ALWAYS WITH RIGHT HAND","ALWAYS WITH LEFT HAND","1: 1  CONDITION APPLIES","1: 1  CONDITION APPLIES","NO","FEMALE","MALE"
1983,42600,3,0,1,33790,5,168,1,1,2,2,2,4,2,2,1,2,1,3,2,8,1,1,28,20,"Female","Hispanic","South (AL, AR, DE, DC, FL, GA, KY, LA, MD, MS, NC, OK, SC, TN , TX, VA, WV)","High school diploma (Regular 12 year program)","In CBSA, not in central city","NO","3: Mother","YES","NO","NO","NO","YES","0: 0  CONDITION DOES NOT APPLY","ALWAYS WITH RIGHT HAND","ALWAYS WITH RIGHT HAND","ALWAYS WITH RIGHT HAND","ALWAYS WITH RIGHT HAND","ALWAYS WITH RIGHT HAND","0: 0  CONDITION DOES NOT APPLY","1: 1  CONDITION APPLIES","NO","MALE","MALE"
1981,64735,3,3,2,33790,5,181,1,1,1,4,3,5,2,2,1,2,1,4,3,7,1,1,24,16,"Male","Non-Black / Non-Hispanic","North Central (IL, IN, IA, KS, MI, MN, MO, NE, OH, ND, SD, WI)","High school diploma (Regular 12 year program)","In CBSA, not in central city","NO","3: Mother","NO","NO","NO","NO","YES","0: 0  CONDITION DOES NOT APPLY","ALWAYS WITH RIGHT HAND","ALWAYS WITH RIGHT HAND","USUALLY WITH RIGHT HAND","ALWAYS WITH RIGHT HAND","ALWAYS WITH LEFT HAND","1: 1  CONDITION APPLIES","1: 1  CONDITION APPLIES","NO","FEMALE","FEMALE"
1980,64735,3,1,1,33790,5,184,1,1,3,4,3,5,1,2,1,2,1,3,1,7,1,1,31,20,"Male","Non-Black / Non-Hispanic","Northeast (CT, ME, MA, NH, NJ, NY, PA, RI, VT)","High school diploma (Regular 12 year program)","In CBSA, not known","NO","3: Mother","YES","NO","NO","NO","YES","0: 0  CONDITION DOES NOT APPLY","ALWAYS WITH RIGHT HAND","ALWAYS WITH RIGHT HAND","ALWAYS WITH RIGHT HAND","ALWAYS WITH RIGHT HAND","ALWAYS WITH LEFT HAND","1: 1  CONDITION APPLIES","0: 0  CONDITION DOES NOT APPLY","NO","FEMALE","MALE"
1983,64735,3,1,1,33790,6,182,1,2,7,5,1,4,2,1,1,1,2,9,3,6,1,1,29,18,"Male","Non-Black / Non-Hispanic","North Central (IL, IN, IA, KS, MI, MN, MO, NE, OH, ND, SD, WI)","High school diploma (Regular 12 year program)","In CBSA, in central city","YES","3: Mother","YES","NO","NO","NO","YES","0: 0  CONDITION DOES NOT APPLY","DON'T DO THIS ACTIVITY","DON'T DO THIS ACTIVITY","DON'T DO THIS ACTIVITY","DON'T DO THIS ACTIVITY","ALWAYS WITH LEFT HAND","0: 0  CONDITION DOES NOT APPLY","1: 1  CONDITION APPLIES","NO","FEMALE","FEMALE"
1981,64735,3,0,1,33790,5,183,2,1,3,4,2,3,1,2,1,2,1,6,3,7,1,1,31,21,"Male","Non-Black / Non-Hispanic","North Central (IL, IN, IA, KS, MI, MN, MO, NE, OH, ND, SD, WI)","None","Not in CBSA","NO","3: Mother","NO","NO","NO","NO","NO","0: 0  CONDITION DOES NOT APPLY","ALWAYS WITH RIGHT HAND","ALWAYS WITH RIGHT HAND","ALWAYS WITH RIGHT HAND","ALWAYS WITH RIGHT HAND","ALWAYS WITH LEFT HAND","0: 0  CONDITION DOES NOT APPLY","1: 1  CONDITION APPLIES","NO","MALE","MALE"
1982,64735,3,0,2,33790,5,183,1,2,5,2,2,3,2,1,1,2,1,1,3,6,1,1,28,13,"Female","Non-Black / Non-Hispanic","West (AK, AZ, CA, CO, HI, ID, MT, NV, NM, OR, UT, WA, WY)","High school diploma (Regular 12 year program)","Not in CBSA","NO","3: Mother","NO","NO","YES","NO","YES","0: 0  CONDITION DOES NOT APPLY","ALWAYS WITH RIGHT HAND","USUALLY WITH RIGHT HAND","ALWAYS WITH LEFT HAND","ALWAYS WITH LEFT HAND","ALWAYS WITH LEFT HAND","0: 0  CONDITION DOES NOT APPLY","1: 1  CONDITION APPLIES","NO","MALE","MALE"
1983,64735,4,0,2,33790,5,184,1,1,2,4,2,4,1,1,1,1,1,6,3,6,1,1,36,49,"Male","Non-Black / Non-Hispanic","North Central (IL, IN, IA, KS, MI, MN, MO, NE, OH, ND, SD, WI)","Associate/Junior college (AA)","In CBSA, not in central city","YES","3: Mother","YES","YES","NO","NO","YES","0: 0  CONDITION DOES NOT APPLY","ALWAYS WITH RIGHT HAND","ALWAYS WITH RIGHT HAND","ALWAYS WITH RIGHT HAND","ALWAYS WITH RIGHT HAND","ALWAYS WITH LEFT HAND","1: 1  CONDITION APPLIES","1: 1  CONDITION APPLIES","NO","MALE","MALE"
1983,64735,4,1,2,33790,5,184,1,1,4,2,2,3,2,1,1,1,1,3,2,7,1,1,31,20,"Male","Black","West (AK, AZ, CA, CO, HI, ID, MT, NV, NM, OR, UT, WA, WY)","High school diploma (Regular 12 year program)","In CBSA, not in central city","NO","3: Mother","YES","NO","NO","NO","YES","0: 0  CONDITION DOES NOT APPLY","ALWAYS WITH RIGHT HAND","ALWAYS WITH RIGHT HAND","ALWAYS WITH RIGHT HAND","ALWAYS WITH RIGHT HAND","ALWAYS WITH LEFT HAND","1: 1  CONDITION APPLIES","1: 1  CONDITION APPLIES","NO","FEMALE","FEMALE"
1981,64735,2,0,1,33790,6,186,1,2,3,2,4,4,2,2,1,1,1,2,1,6,1,1,36,23,"Male","Non-Black / Non-Hispanic","North Central (IL, IN, IA, KS, MI, MN, MO, NE, OH, ND, SD, WI)","High school diploma (Regular 12 year program)","In CBSA, not in central city","NO","3: Mother","NO","YES","NO","NO","YES","0: 0  CONDITION DOES NOT APPLY","ALWAYS WITH RIGHT HAND","ALWAYS WITH RIGHT HAND","ALWAYS WITH RIGHT HAND","USUALLY WITH BOTH HANDS EQUALLY","ALWAYS WITH LEFT HAND","1: 1  CONDITION APPLIES","0: 0  CONDITION DOES NOT APPLY","NO","FEMALE","MALE"
1983,64735,5,0,2,33790,3,100,2,2,4,3,1,5,1,1,2,1,1,4,1,8,1,1,21,17,"Male","Non-Black / Non-Hispanic","Northeast (CT, ME, MA, NH, NJ, NY, PA, RI, VT)","GED","In CBSA, in central city","NO","3: Mother","YES","YES","NO","YES","YES","0: 0  CONDITION DOES NOT APPLY","ALWAYS WITH RIGHT HAND","ALWAYS WITH RIGHT HAND","ALWAYS WITH RIGHT HAND","USUALLY WITH BOTH HANDS EQUALLY","ALWAYS WITH LEFT HAND","0: 0  CONDITION DOES NOT APPLY","0: 0  CONDITION DOES NOT APPLY","NO","FEMALE","MALE"
1983,61500,5,1,2,33790,5,183,3,1,1,3,1,5,2,2,1,2,2,6,1,5,1,1,32,25,"Male","Non-Black / Non-Hispanic","South (AL, AR, DE, DC, FL, GA, KY, LA, MD, MS, NC, OK, SC, TN , TX, VA, WV)","High school diploma (Regular 12 year program)","In CBSA, not in central city","YES","3: Mother","NO","NO","NO","NO","YES","0: 0  CONDITION DOES NOT APPLY","ALWAYS WITH RIGHT HAND","ALWAYS WITH RIGHT HAND","ALWAYS WITH RIGHT HAND","ALWAYS WITH RIGHT HAND","USUALLY WITH LEFT HAND","1: 1  CONDITION APPLIES","1: 1  CONDITION APPLIES","NO","FEMALE","FEMALE"
1983,64735,3,0,1,33790,6,184,2,3,4,7,4,5,1,2,1,2,1,3,1,5,1,1,39,22,"Female","Hispanic","North Central (IL, IN, IA, KS, MI, MN, MO, NE, OH, ND, SD, WI)","High school diploma (Regular 12 year program)","In CBSA, in central city","NO","3: Mother","NO","YES","YES","NO","YES","0: 0  CONDITION DOES NOT APPLY","ALWAYS WITH RIGHT HAND","ALWAYS WITH RIGHT HAND","ALWAYS WITH RIGHT HAND","USUALLY WITH BOTH HANDS EQUALLY","ALWAYS WITH LEFT HAND","1: 1  CONDITION APPLIES","1: 1  CONDITION APPLIES","NO","FEMALE","FEMALE"
1981,35400,2,1,1,22000,5,181,1,2,1,1,2,1,2,2,2,2,1,5,2,7,1,1,30,29,"Female","Non-Black / Non-Hispanic","South (AL, AR, DE, DC, FL, GA, KY, LA, MD, MS, NC, OK, SC, TN , TX, VA, WV)","GED","In CBSA, in central city","NO","3: Mother","NO","NO","NO","NO","YES","1: 1  CONDITION APPLIES","ALWAYS WITH LEFT HAND","ALWAYS WITH RIGHT HAND","USUALLY WITH LEFT HAND","ALWAYS WITH RIGHT HAND","ALWAYS WITH LEFT HAND","1: 1  CONDITION APPLIES","0: 0  CONDITION DOES NOT APPLY","NO","MALE","MALE"
1981,33000,4,0,2,33790,6,180,1,1,1,2,3,7,2,2,2,2,1,1,2,7,1,2,30,22,"Female","Non-Black / Non-Hispanic","South (AL, AR, DE, DC, FL, GA, KY, LA, MD, MS, NC, OK, SC, TN , TX, VA, WV)","High school diploma (Regular 12 year program)","In CBSA, not in central city","NO","3: Mother","NO","YES","NO","NO","YES","0: 0  CONDITION DOES NOT APPLY","ALWAYS WITH RIGHT HAND","ALWAYS WITH RIGHT HAND","ALWAYS WITH RIGHT HAND","ALWAYS WITH RIGHT HAND","ALWAYS WITH LEFT HAND","0: 0  CONDITION DOES NOT APPLY","1: 1  CONDITION APPLIES","NO","FEMALE","MALE"
1983,19000,2,0,1,19000,5,183,2,1,2,3,5,5,1,2,1,2,1,2,1,7,1,1,33,30,"Female","Non-Black / Non-Hispanic","North Central (IL, IN, IA, KS, MI, MN, MO, NE, OH, ND, SD, WI)","High school diploma (Regular 12 year program)","In CBSA, in central city","NO","3: Mother","NO","NO","YES","NO","YES","0: 0  CONDITION DOES NOT APPLY","ALWAYS WITH RIGHT HAND","ALWAYS WITH RIGHT HAND","ALWAYS WITH RIGHT HAND","ALWAYS WITH RIGHT HAND","USUALLY WITH RIGHT HAND","1: 1  CONDITION APPLIES","1: 1  CONDITION APPLIES","NO","FEMALE","MALE"
1984,64735,2,1,2,10000,5,184,1,2,1,3,2,4,2,2,1,2,1,4,3,6,1,1,30,16,"Female","Non-Black / Non-Hispanic","North Central (IL, IN, IA, KS, MI, MN, MO, NE, OH, ND, SD, WI)","High school diploma (Regular 12 year program)","Not in CBSA","NO","3: Mother","NO","NO","NO","NO","YES","0: 0  CONDITION DOES NOT APPLY","ALWAYS WITH RIGHT HAND","ALWAYS WITH RIGHT HAND","ALWAYS WITH RIGHT HAND","ALWAYS WITH RIGHT HAND","ALWAYS WITH LEFT HAND","1: 1  CONDITION APPLIES","1: 1  CONDITION APPLIES","NO","MALE","MALE"
1980,64735,3,0,2,33790,5,185,2,1,4,3,3,5,2,2,1,2,1,4,2,7,1,1,33,21,"Female","Non-Black / Non-Hispanic","South (AL, AR, DE, DC, FL, GA, KY, LA, MD, MS, NC, OK, SC, TN , TX, VA, WV)","GED","Not in CBSA","NO","3: Mother","NO","YES","NO","NO","YES","0: 0  CONDITION DOES NOT APPLY","DON'T DO THIS ACTIVITY","ALWAYS WITH LEFT HAND","ALWAYS WITH LEFT HAND","ALWAYS WITH LEFT HAND","ALWAYS WITH LEFT HAND","0: 0  CONDITION DOES NOT APPLY","1: 1  CONDITION APPLIES","NO","MALE","MALE"
1980,64735,4,0,2,33790,4,176,1,1,1,3,4,2,1,2,2,2,1,9,1,10,1,1,26,22,"Female","Black","South (AL, AR, DE, DC, FL, GA, KY, LA, MD, MS, NC, OK, SC, TN , TX, VA, WV)","High school diploma (Regular 12 year program)","In CBSA, in central city","NO","3: Mother","NO","YES","NO","NO","YES","0: 0  CONDITION DOES NOT APPLY","ALWAYS WITH RIGHT HAND","ALWAYS WITH RIGHT HAND","ALWAYS WITH RIGHT HAND","ALWAYS WITH RIGHT HAND","ALWAYS WITH LEFT HAND","1: 1  CONDITION APPLIES","1: 1  CONDITION APPLIES","NO","FEMALE","MALE"
1984,64735,4,0,2,20000,5,185,1,1,3,3,2,3,2,2,2,2,2,3,1,8,1,1,42,54,"Male","Non-Black / Non-Hispanic","South (AL, AR, DE, DC, FL, GA, KY, LA, MD, MS, NC, OK, SC, TN , TX, VA, WV)","Associate/Junior college (AA)","In CBSA, in central city","YES","3: Mother","YES","YES","NO","NO","YES","0: 0  CONDITION DOES NOT APPLY","ALWAYS WITH LEFT HAND","ALWAYS WITH RIGHT HAND","ALWAYS WITH LEFT HAND","ALWAYS WITH RIGHT HAND","ALWAYS WITH LEFT HAND","0: 0  CONDITION DOES NOT APPLY","1: 1  CONDITION APPLIES","NO","MALE","MALE"
1982,64735,3,0,2,33790,6,295,2,2,5,4,2,3,2,2,2,2,1,4,4,7,1,1,37,51,"Female","Black","South (AL, AR, DE, DC, FL, GA, KY, LA, MD, MS, NC, OK, SC, TN , TX, VA, WV)","High school diploma (Regular 12 year program)","In CBSA, not in central city","YES","3: Mother","YES","NO","YES","NO","YES","0: 0  CONDITION DOES NOT APPLY","ALWAYS WITH RIGHT HAND","ALWAYS WITH RIGHT HAND","ALWAYS WITH RIGHT HAND","USUALLY WITH BOTH HANDS EQUALLY","ALWAYS WITH LEFT HAND","1: 1  CONDITION APPLIES","1: 1  CONDITION APPLIES","NO","FEMALE","MALE"
1982,64735,3,1,3,33790,6,183,1,1,3,3,2,1,2,2,1,2,2,3,2,7,1,1,29,19,"Female","Non-Black / Non-Hispanic","West (AK, AZ, CA, CO, HI, ID, MT, NV, NM, OR, UT, WA, WY)","None","Not in CBSA","NO","3: Mother","YES","NO","YES","NO","YES","0: 0  CONDITION DOES NOT APPLY","ALWAYS WITH RIGHT HAND","USUALLY WITH LEFT HAND","ALWAYS WITH RIGHT HAND","ALWAYS WITH LEFT HAND","ALWAYS WITH RIGHT HAND","1: 1  CONDITION APPLIES","1: 1  CONDITION APPLIES","NO","FEMALE","MALE"
1982,21177,3,1,1,33790,5,181,1,1,4,4,2,5,2,2,2,1,1,5,2,5,1,1,34,20,"Male","Non-Black / Non-Hispanic","South (AL, AR, DE, DC, FL, GA, KY, LA, MD, MS, NC, OK, SC, TN , TX, VA, WV)","Bachelor's degree (BA, BS)","In CBSA, not in central city","NO","3: Mother","YES","NO","NO","NO","YES","0: 0  CONDITION DOES NOT APPLY","ALWAYS WITH RIGHT HAND","ALWAYS WITH RIGHT HAND","USUALLY WITH LEFT HAND","ALWAYS WITH LEFT HAND","USUALLY WITH RIGHT HAND","1: 1  CONDITION APPLIES","1: 1  CONDITION APPLIES","NO","FEMALE","MALE"
1982,64735,4,1,1,33790,5,182,1,2,3,3,4,6,2,2,1,2,1,4,2,7,2,1,31,21,"Male","Black","North Central (IL, IN, IA, KS, MI, MN, MO, NE, OH, ND, SD, WI)","High school diploma (Regular 12 year program)","In CBSA, not in central city","NO","3: Mother","NO","YES","NO","NO","NO","0: 0  CONDITION DOES NOT APPLY","ALWAYS WITH RIGHT HAND","ALWAYS WITH RIGHT HAND","ALWAYS WITH RIGHT HAND","ALWAYS WITH RIGHT HAND","ALWAYS WITH LEFT HAND","0: 0  CONDITION DOES NOT APPLY","1: 1  CONDITION APPLIES","NO","MALE","MALE"
1982,64734,2,0,3,33790,5,182,2,1,3,3,4,5,2,2,1,1,1,3,1,7,1,1,24,19,"Female","Non-Black / Non-Hispanic","North Central (IL, IN, IA, KS, MI, MN, MO, NE, OH, ND, SD, WI)","High school diploma (Regular 12 year program)","In CBSA, not in central city","NO","3: Mother","YES","NO","NO","NO","YES","0: 0  CONDITION DOES NOT APPLY","ALWAYS WITH RIGHT HAND","ALWAYS WITH RIGHT HAND","ALWAYS WITH RIGHT HAND","ALWAYS WITH RIGHT HAND","ALWAYS WITH LEFT HAND","1: 1  CONDITION APPLIES","1: 1  CONDITION APPLIES","NO","MALE","MALE"
1980,64735,3,1,2,33790,5,181,2,2,3,7,3,5,2,2,1,1,1,6,1,6,1,1,33,22,"Female","Non-Black / Non-Hispanic","North Central (IL, IN, IA, KS, MI, MN, MO, NE, OH, ND, SD, WI)","Master's degree (MA, MS)","In CBSA, in central city","YES","3: Mother","YES","NO","NO","NO","NO","0: 0  CONDITION DOES NOT APPLY","ALWAYS WITH RIGHT HAND","ALWAYS WITH RIGHT HAND","ALWAYS WITH RIGHT HAND","ALWAYS WITH RIGHT HAND","ALWAYS WITH LEFT HAND","1: 1  CONDITION APPLIES","1: 1  CONDITION APPLIES","NO","FEMALE","FEMALE"
1980,64735,3,0,8,33790,6,183,1,2,2,1,3,3,2,2,2,2,2,3,1,7,1,2,28,21,"Male","Black","South (AL, AR, DE, DC, FL, GA, KY, LA, MD, MS, NC, OK, SC, TN , TX, VA, WV)","Bachelor's degree (BA, BS)","In CBSA, in central city","NO","3: Mother","YES","YES","NO","NO","YES","0: 0  CONDITION DOES NOT APPLY","ALWAYS WITH RIGHT HAND","ALWAYS WITH RIGHT HAND","ALWAYS WITH RIGHT HAND","ALWAYS WITH RIGHT HAND","ALWAYS WITH LEFT HAND","1: 1  CONDITION APPLIES","1: 1  CONDITION APPLIES","NO","FEMALE","MALE"
1982,64735,4,0,3,33790,6,190,2,2,4,4,2,4,2,2,1,2,1,4,2,5,1,1,25,18,"Male","Black","North Central (IL, IN, IA, KS, MI, MN, MO, NE, OH, ND, SD, WI)","High school diploma (Regular 12 year program)","In CBSA, in central city","NO","3: Mother","YES","NO","NO","NO","NO","0: 0  CONDITION DOES NOT APPLY","ALWAYS WITH RIGHT HAND","ALWAYS WITH RIGHT HAND","ALWAYS WITH RIGHT HAND","ALWAYS WITH RIGHT HAND","ALWAYS WITH LEFT HAND","1: 1  CONDITION APPLIES","1: 1  CONDITION APPLIES","NO","FEMALE","MALE"
1984,64735,4,0,2,33790,5,179,1,1,2,3,4,5,2,1,1,1,1,6,1,4,1,1,30,13,"Male","Non-Black / Non-Hispanic","North Central (IL, IN, IA, KS, MI, MN, MO, NE, OH, ND, SD, WI)","High school diploma (Regular 12 year program)","Not in CBSA","NO","3: Mother","NO","NO","NO","NO","YES","0: 0  CONDITION DOES NOT APPLY","ALWAYS WITH RIGHT HAND","ALWAYS WITH RIGHT HAND","ALWAYS WITH RIGHT HAND","USUALLY WITH BOTH HANDS EQUALLY","USUALLY WITH LEFT HAND","0: 0  CONDITION DOES NOT APPLY","1: 1  CONDITION APPLIES","NO","FEMALE","FEMALE"
1981,64735,3,1,2,33790,5,220,1,1,3,3,3,3,2,2,1,2,2,6,2,5,1,1,31,20,"Male","Black","Northeast (CT, ME, MA, NH, NJ, NY, PA, RI, VT)","High school diploma (Regular 12 year program)","In CBSA, not in central city","NO","3: Mother","YES","NO","NO","NO","YES","0: 0  CONDITION DOES NOT APPLY","ALWAYS WITH RIGHT HAND","ALWAYS WITH RIGHT HAND","ALWAYS WITH RIGHT HAND","ALWAYS WITH RIGHT HAND","ALWAYS WITH LEFT HAND","1: 1  CONDITION APPLIES","1: 1  CONDITION APPLIES","NO","FEMALE","FEMALE"
1982,112500,2,0,3,33790,6,186,1,1,4,4,3,2,2,2,1,1,2,6,5,4,1,1,31,20,"Male","Non-Black / Non-Hispanic","West (AK, AZ, CA, CO, HI, ID, MT, NV, NM, OR, UT, WA, WY)","High school diploma (Regular 12 year program)","In CBSA, not in central city","NO","3: Mother","YES","NO","YES","NO","YES","0: 0  CONDITION DOES NOT APPLY","ALWAYS WITH RIGHT HAND","ALWAYS WITH RIGHT HAND","ALWAYS WITH RIGHT HAND","ALWAYS WITH RIGHT HAND","ALWAYS WITH LEFT HAND","1: 1  CONDITION APPLIES","1: 1  CONDITION APPLIES","NO","FEMALE","FEMALE"
1983,50000,3,0,2,50000,5,182,1,1,3,4,4,3,2,2,1,1,1,2,2,6,1,3,31,21,"Female","Non-Black / Non-Hispanic","North Central (IL, IN, IA, KS, MI, MN, MO, NE, OH, ND, SD, WI)","GED","In CBSA, not in central city","NO","3: Mother","YES","NO","NO","NO","YES","0: 0  CONDITION DOES NOT APPLY","ALWAYS WITH RIGHT HAND","ALWAYS WITH RIGHT HAND","ALWAYS WITH RIGHT HAND","ALWAYS WITH RIGHT HAND","ALWAYS WITH LEFT HAND","1: 1  CONDITION APPLIES","1: 1  CONDITION APPLIES","NO","MALE","MALE"
1981,64735,3,0,1,33790,5,182,1,1,7,3,4,7,2,1,2,1,1,3,2,6,1,1,35,23,"Male","Non-Black / Non-Hispanic","West (AK, AZ, CA, CO, HI, ID, MT, NV, NM, OR, UT, WA, WY)","Bachelor's degree (BA, BS)","In CBSA, not in central city","NO","3: Mother","YES","NO","NO","NO","YES","0: 0  CONDITION DOES NOT APPLY","USUALLY WITH RIGHT HAND","ALWAYS WITH RIGHT HAND","ALWAYS WITH RIGHT HAND","ALWAYS WITH RIGHT HAND","ALWAYS WITH LEFT HAND","1: 1  CONDITION APPLIES","1: 1  CONDITION APPLIES","NO","FEMALE","FEMALE"
1983,64735,2,0,3,33790,6,181,1,1,3,3,4,5,2,2,2,2,1,4,3,7,1,1,29,19,"Male","Black","South (AL, AR, DE, DC, FL, GA, KY, LA, MD, MS, NC, OK, SC, TN , TX, VA, WV)","High school diploma (Regular 12 year program)","In CBSA, not in central city","NO","3: Mother","YES","NO","NO","NO","NO","0: 0  CONDITION DOES NOT APPLY","ALWAYS WITH RIGHT HAND","ALWAYS WITH RIGHT HAND","ALWAYS WITH RIGHT HAND","ALWAYS WITH RIGHT HAND","ALWAYS WITH LEFT HAND","1: 1  CONDITION APPLIES","0: 0  CONDITION DOES NOT APPLY","NO","FEMALE","MALE"
1982,64735,4,0,1,146002,5,182,1,1,3,3,3,3,2,1,1,2,1,8,2,4,1,1,34,19,"Male","Black","North Central (IL, IN, IA, KS, MI, MN, MO, NE, OH, ND, SD, WI)","Bachelor's degree (BA, BS)","In CBSA, not in central city","YES","3: Mother","NO","NO","NO","NO","NO","0: 0  CONDITION DOES NOT APPLY","ALWAYS WITH RIGHT HAND","USUALLY WITH RIGHT HAND","USUALLY WITH BOTH HANDS EQUALLY","USUALLY WITH BOTH HANDS EQUALLY","ALWAYS WITH LEFT HAND","1: 1  CONDITION APPLIES","1: 1  CONDITION APPLIES","NO","FEMALE","MALE"
1981,39304,2,1,3,12000,5,184,1,1,1,4,3,4,2,1,1,2,1,6,2,6,1,1,34,21,"Female","Black","South (AL, AR, DE, DC, FL, GA, KY, LA, MD, MS, NC, OK, SC, TN , TX, VA, WV)","Bachelor's degree (BA, BS)","In CBSA, in central city","NO","3: Mother","YES","NO","NO","NO","YES","0: 0  CONDITION DOES NOT APPLY","ALWAYS WITH RIGHT HAND","ALWAYS WITH RIGHT HAND","ALWAYS WITH RIGHT HAND","ALWAYS WITH RIGHT HAND","ALWAYS WITH LEFT HAND","1: 1  CONDITION APPLIES","1: 1  CONDITION APPLIES","NO","MALE","MALE"
1981,64735,4,1,2,33790,5,182,1,2,3,4,2,4,2,2,1,2,1,7,2,8,1,1,9,13,"Female","Non-Black / Non-Hispanic","North Central (IL, IN, IA, KS, MI, MN, MO, NE, OH, ND, SD, WI)","High school diploma (Regular 12 year program)","In CBSA, not in central city","NO","3: Mother","NO","YES","NO","NO","YES","0: 0  CONDITION DOES NOT APPLY","ALWAYS WITH RIGHT HAND","ALWAYS WITH RIGHT HAND","ALWAYS WITH RIGHT HAND","ALWAYS WITH RIGHT HAND","ALWAYS WITH LEFT HAND","1: 1  CONDITION APPLIES","1: 1  CONDITION APPLIES","NO","FEMALE","MALE"
1982,64735,4,0,2,33790,5,150,1,1,3,2,3,3,1,2,2,2,1,7,3,6,1,1,29,21,"Male","Non-Black / Non-Hispanic","North Central (IL, IN, IA, KS, MI, MN, MO, NE, OH, ND, SD, WI)","GED","In CBSA, in central city","NO","3: Mother","NO","YES","NO","NO","YES","0: 0  CONDITION DOES NOT APPLY","ALWAYS WITH RIGHT HAND","ALWAYS WITH RIGHT HAND","ALWAYS WITH RIGHT HAND","ALWAYS WITH RIGHT HAND","ALWAYS WITH LEFT HAND","0: 0  CONDITION DOES NOT APPLY","1: 1  CONDITION APPLIES","NO","FEMALE","FEMALE"
1982,64735,3,0,3,33790,5,180,1,1,3,3,2,2,1,2,2,2,1,4,1,8,1,1,33,29,"Female","Non-Black / Non-Hispanic","Northeast (CT, ME, MA, NH, NJ, NY, PA, RI, VT)","Bachelor's degree (BA, BS)","In CBSA, in central city","NO","3: Mother","YES","NO","NO","NO","YES","0: 0  CONDITION DOES NOT APPLY","ALWAYS WITH RIGHT HAND","ALWAYS WITH RIGHT HAND","ALWAYS WITH RIGHT HAND","ALWAYS WITH RIGHT HAND","ALWAYS WITH LEFT HAND","1: 1  CONDITION APPLIES","0: 0  CONDITION DOES NOT APPLY","NO","MALE","MALE"
1983,64735,2,0,1,33790,5,183,2,2,3,6,2,4,2,2,1,1,1,3,1,7,1,1,28,20,"Female","Mixed Race (Non-Hispanic)","North Central (IL, IN, IA, KS, MI, MN, MO, NE, OH, ND, SD, WI)","High school diploma (Regular 12 year program)","In CBSA, in central city","NO","3: Mother","NO","NO","YES","NO","YES","0: 0  CONDITION DOES NOT APPLY","ALWAYS WITH RIGHT HAND","ALWAYS WITH RIGHT HAND","ALWAYS WITH RIGHT HAND","ALWAYS WITH RIGHT HAND","ALWAYS WITH LEFT HAND","1: 1  CONDITION APPLIES","0: 0  CONDITION DOES NOT APPLY","YES","FEMALE","FEMALE"
1980,49200,4,1,2,33790,5,182,1,1,3,2,3,4,2,1,2,2,2,6,2,7,1,1,24,5,"Male","Non-Black / Non-Hispanic","North Central (IL, IN, IA, KS, MI, MN, MO, NE, OH, ND, SD, WI)","High school diploma (Regular 12 year program)","In CBSA, not in central city","NO","5: Adoptive Mother","NO","NO","NO","NO","YES","0: 0  CONDITION DOES NOT APPLY","ALWAYS WITH RIGHT HAND","ALWAYS WITH RIGHT HAND","ALWAYS WITH RIGHT HAND","ALWAYS WITH RIGHT HAND","ALWAYS WITH LEFT HAND","1: 1  CONDITION APPLIES","1: 1  CONDITION APPLIES","NO","FEMALE","FEMALE"
1980,64735,4,1,4,33790,5,184,1,1,4,6,5,1,2,2,1,2,2,6,2,8,1,1,31,22,"Male","Non-Black / Non-Hispanic","North Central (IL, IN, IA, KS, MI, MN, MO, NE, OH, ND, SD, WI)","High school diploma (Regular 12 year program)","In CBSA, not in central city","NO","3: Mother","YES","NO","YES","NO","YES","0: 0  CONDITION DOES NOT APPLY","ALWAYS WITH RIGHT HAND","ALWAYS WITH RIGHT HAND","ALWAYS WITH RIGHT HAND","ALWAYS WITH RIGHT HAND","ALWAYS WITH LEFT HAND","1: 1  CONDITION APPLIES","1: 1  CONDITION APPLIES","NO","MALE","FEMALE"
1984,64735,2,0,3,33790,5,181,1,1,5,2,3,4,2,2,1,2,1,6,4,7,1,1,34,23,"Male","Non-Black / Non-Hispanic","North Central (IL, IN, IA, KS, MI, MN, MO, NE, OH, ND, SD, WI)","High school diploma (Regular 12 year program)","In CBSA, not in central city","NO","3: Mother","YES","NO","NO","NO","YES","0: 0  CONDITION DOES NOT APPLY","ALWAYS WITH RIGHT HAND","USUALLY WITH BOTH HANDS EQUALLY","ALWAYS WITH RIGHT HAND","ALWAYS WITH RIGHT HAND","ALWAYS WITH LEFT HAND","0: 0  CONDITION DOES NOT APPLY","1: 1  CONDITION APPLIES","NO","FEMALE","MALE"
1982,85750,4,0,4,33790,5,183,1,1,3,3,2,4,2,2,2,2,1,6,2,7,1,1,25,7,"Female","Non-Black / Non-Hispanic","Northeast (CT, ME, MA, NH, NJ, NY, PA, RI, VT)","High school diploma (Regular 12 year program)","In CBSA, not in central city","NO","3: Mother","NO","NO","YES","NO","YES","0: 0  CONDITION DOES NOT APPLY","ALWAYS WITH RIGHT HAND","ALWAYS WITH RIGHT HAND","ALWAYS WITH RIGHT HAND","ALWAYS WITH RIGHT HAND","ALWAYS WITH LEFT HAND","1: 1  CONDITION APPLIES","0: 0  CONDITION DOES NOT APPLY","NO","MALE","FEMALE"
1982,21250,3,1,1,33790,5,183,1,1,4,4,2,3,1,2,1,2,1,6,2,7,1,1,31,22,"Female","Non-Black / Non-Hispanic","South (AL, AR, DE, DC, FL, GA, KY, LA, MD, MS, NC, OK, SC, TN , TX, VA, WV)","Bachelor's degree (BA, BS)","In CBSA, in central city","YES","3: Mother","YES","NO","NO","NO","YES","0: 0  CONDITION DOES NOT APPLY","ALWAYS WITH RIGHT HAND","ALWAYS WITH RIGHT HAND","ALWAYS WITH RIGHT HAND","ALWAYS WITH RIGHT HAND","ALWAYS WITH LEFT HAND","1: 1  CONDITION APPLIES","1: 1  CONDITION APPLIES","NO","FEMALE","FEMALE"
1984,64735,2,0,1,33790,5,183,2,1,4,4,2,3,2,2,2,2,1,6,2,7,1,1,26,19,"Female","Non-Black / Non-Hispanic","Northeast (CT, ME, MA, NH, NJ, NY, PA, RI, VT)","Bachelor's degree (BA, BS)","In CBSA, in central city","NO","3: Mother","YES","NO","NO","NO","YES","0: 0  CONDITION DOES NOT APPLY","ALWAYS WITH RIGHT HAND","ALWAYS WITH RIGHT HAND","ALWAYS WITH RIGHT HAND","ALWAYS WITH RIGHT HAND","USUALLY WITH BOTH HANDS EQUALLY","1: 1  CONDITION APPLIES","1: 1  CONDITION APPLIES","NO","MALE","MALE"
1984,64735,3,0,2,33790,5,183,1,1,2,5,3,3,2,2,1,2,1,6,3,7,1,1,30,21,"Male","Non-Black / Non-Hispanic","South (AL, AR, DE, DC, FL, GA, KY, LA, MD, MS, NC, OK, SC, TN , TX, VA, WV)","High school diploma (Regular 12 year program)","In CBSA, not in central city","NO","3: Mother","YES","NO","YES","NO","NO","0: 0  CONDITION DOES NOT APPLY","ALWAYS WITH RIGHT HAND","ALWAYS WITH RIGHT HAND","ALWAYS WITH RIGHT HAND","ALWAYS WITH RIGHT HAND","ALWAYS WITH LEFT HAND","1: 1  CONDITION APPLIES","1: 1  CONDITION APPLIES","NO","MALE","FEMALE"
1980,64735,3,1,2,33790,5,215,1,1,1,4,3,2,2,1,1,2,2,4,1,7,1,1,30,21,"Female","Hispanic","North Central (IL, IN, IA, KS, MI, MN, MO, NE, OH, ND, SD, WI)","High school diploma (Regular 12 year program)","In CBSA, in central city","NO","3: Mother","NO","NO","NO","NO","YES","0: 0  CONDITION DOES NOT APPLY","ALWAYS WITH RIGHT HAND","ALWAYS WITH RIGHT HAND","ALWAYS WITH RIGHT HAND","ALWAYS WITH RIGHT HAND","ALWAYS WITH LEFT HAND","1: 1  CONDITION APPLIES","1: 1  CONDITION APPLIES","NO","MALE","MALE"
1983,64735,4,1,1,33790,5,182,1,1,4,3,4,7,2,2,2,2,1,2,1,7,1,1,31,20,"Male","Non-Black / Non-Hispanic","South (AL, AR, DE, DC, FL, GA, KY, LA, MD, MS, NC, OK, SC, TN , TX, VA, WV)","None","In CBSA, not in central city","NO","3: Mother","NO","NO","NO","NO","YES","0: 0  CONDITION DOES NOT APPLY","ALWAYS WITH RIGHT HAND","ALWAYS WITH RIGHT HAND","ALWAYS WITH RIGHT HAND","ALWAYS WITH RIGHT HAND","ALWAYS WITH LEFT HAND","1: 1  CONDITION APPLIES","1: 1  CONDITION APPLIES","NO","FEMALE","MALE"
1983,64735,3,0,1,33790,5,183,1,2,3,4,3,8,1,1,2,2,2,2,1,7,1,1,29,20,"Male","Non-Black / Non-Hispanic","North Central (IL, IN, IA, KS, MI, MN, MO, NE, OH, ND, SD, WI)","Professional degree (DDS, JD, MD)","In CBSA, not in central city","NO","3: Mother","YES","NO","NO","NO","YES","0: 0  CONDITION DOES NOT APPLY","ALWAYS WITH RIGHT HAND","ALWAYS WITH RIGHT HAND","ALWAYS WITH RIGHT HAND","ALWAYS WITH RIGHT HAND","ALWAYS WITH LEFT HAND","0: 0  CONDITION DOES NOT APPLY","1: 1  CONDITION APPLIES","NO","FEMALE","FEMALE"
1984,64735,1,1,1,33790,5,184,2,2,4,3,2,2,2,2,2,1,1,4,2,7,1,1,35,18,"Male","Non-Black / Non-Hispanic","South (AL, AR, DE, DC, FL, GA, KY, LA, MD, MS, NC, OK, SC, TN , TX, VA, WV)","High school diploma (Regular 12 year program)","In CBSA, in central city","NO","3: Mother","YES","YES","YES","NO","YES","0: 0  CONDITION DOES NOT APPLY","ALWAYS WITH RIGHT HAND","ALWAYS WITH RIGHT HAND","ALWAYS WITH RIGHT HAND","ALWAYS WITH RIGHT HAND","ALWAYS WITH LEFT HAND","1: 1  CONDITION APPLIES","0: 0  CONDITION DOES NOT APPLY","NO","FEMALE","MALE"
1981,30000,4,0,3,30000,5,182,2,1,3,3,3,2,1,2,2,2,1,3,2,7,1,1,31,24,"Male","Non-Black / Non-Hispanic","South (AL, AR, DE, DC, FL, GA, KY, LA, MD, MS, NC, OK, SC, TN , TX, VA, WV)","None","In CBSA, not in central city","NO","3: Mother","NO","NO","NO","NO","NO","0: 0  CONDITION DOES NOT APPLY","ALWAYS WITH RIGHT HAND","ALWAYS WITH RIGHT HAND","ALWAYS WITH RIGHT HAND","ALWAYS WITH RIGHT HAND","ALWAYS WITH LEFT HAND","1: 1  CONDITION APPLIES","1: 1  CONDITION APPLIES","YES","MALE","MALE"
1981,64735,3,1,3,33790,5,185,3,2,6,1,1,6,2,2,2,2,1,6,2,5,1,1,28,17,"Male","Non-Black / Non-Hispanic","Northeast (CT, ME, MA, NH, NJ, NY, PA, RI, VT)","None","In CBSA, not in central city","NO","3: Mother","YES","NO","YES","NO","YES","0: 0  CONDITION DOES NOT APPLY","ALWAYS WITH RIGHT HAND","ALWAYS WITH RIGHT HAND","ALWAYS WITH RIGHT HAND","ALWAYS WITH RIGHT HAND","ALWAYS WITH LEFT HAND","1: 1  CONDITION APPLIES","0: 0  CONDITION DOES NOT APPLY","NO","MALE","FEMALE"
1982,64735,3,1,2,33790,6,182,1,2,4,4,5,5,1,2,2,2,1,6,3,7,1,1,31,24,"Male","Hispanic","South (AL, AR, DE, DC, FL, GA, KY, LA, MD, MS, NC, OK, SC, TN , TX, VA, WV)","GED","In CBSA, not in central city","NO","3: Mother","NO","YES","NO","NO","YES","0: 0  CONDITION DOES NOT APPLY","ALWAYS WITH RIGHT HAND","ALWAYS WITH RIGHT HAND","ALWAYS WITH RIGHT HAND","ALWAYS WITH RIGHT HAND","ALWAYS WITH LEFT HAND","1: 1  CONDITION APPLIES","1: 1  CONDITION APPLIES","NO","MALE","FEMALE"
1984,64735,1,0,1,19000,5,183,1,1,6,3,2,2,2,1,2,1,2,4,2,6,1,1,28,1,"Male","Non-Black / Non-Hispanic","North Central (IL, IN, IA, KS, MI, MN, MO, NE, OH, ND, SD, WI)","Bachelor's degree (BA, BS)","Not in CBSA","NO","3: Mother","YES","YES","NO","NO","YES","0: 0  CONDITION DOES NOT APPLY","ALWAYS WITH RIGHT HAND","ALWAYS WITH RIGHT HAND","ALWAYS WITH RIGHT HAND","ALWAYS WITH RIGHT HAND","ALWAYS WITH LEFT HAND","1: 1  CONDITION APPLIES","1: 1  CONDITION APPLIES","NO","FEMALE","MALE"
1981,64735,2,0,1,33790,5,183,2,2,3,3,8,6,2,2,2,2,1,5,1,7,1,1,28,10,"Female","Non-Black / Non-Hispanic","West (AK, AZ, CA, CO, HI, ID, MT, NV, NM, OR, UT, WA, WY)","Master's degree (MA, MS)","Not in CBSA","NO","3: Mother","YES","NO","YES","NO","YES","0: 0  CONDITION DOES NOT APPLY","ALWAYS WITH RIGHT HAND","ALWAYS WITH RIGHT HAND","ALWAYS WITH RIGHT HAND","ALWAYS WITH RIGHT HAND","ALWAYS WITH LEFT HAND","1: 1  CONDITION APPLIES","0: 0  CONDITION DOES NOT APPLY","NO","FEMALE","MALE"
1983,64735,2,1,2,23600,5,182,1,1,2,4,5,4,2,1,1,1,1,5,2,7,1,1,26,17,"Female","Non-Black / Non-Hispanic","North Central (IL, IN, IA, KS, MI, MN, MO, NE, OH, ND, SD, WI)","High school diploma (Regular 12 year program)","In CBSA, not in central city","NO","3: Mother","NO","NO","NO","NO","YES","0: 0  CONDITION DOES NOT APPLY","ALWAYS WITH RIGHT HAND","ALWAYS WITH RIGHT HAND","ALWAYS WITH RIGHT HAND","ALWAYS WITH RIGHT HAND","ALWAYS WITH LEFT HAND","1: 1  CONDITION APPLIES","1: 1  CONDITION APPLIES","NO","FEMALE","FEMALE"
1984,64735,1,0,3,33790,6,187,3,2,5,4,3,4,2,2,1,1,1,8,3,6,1,1,22,18,"Female","Non-Black / Non-Hispanic","South (AL, AR, DE, DC, FL, GA, KY, LA, MD, MS, NC, OK, SC, TN , TX, VA, WV)","High school diploma (Regular 12 year program)","In CBSA, not in central city","NO","3: Mother","YES","NO","YES","NO","YES","0: 0  CONDITION DOES NOT APPLY","ALWAYS WITH RIGHT HAND","ALWAYS WITH RIGHT HAND","ALWAYS WITH RIGHT HAND","ALWAYS WITH RIGHT HAND","ALWAYS WITH LEFT HAND","1: 1  CONDITION APPLIES","1: 1  CONDITION APPLIES","NO","FEMALE","FEMALE"
1982,64735,3,1,3,33790,5,185,1,2,4,4,2,1,2,2,1,2,1,4,5,6,1,3,33,24,"Male","Hispanic","South (AL, AR, DE, DC, FL, GA, KY, LA, MD, MS, NC, OK, SC, TN , TX, VA, WV)","High school diploma (Regular 12 year program)","In CBSA, in central city","NO","3: Mother","NO","NO","NO","NO","NO","0: 0  CONDITION DOES NOT APPLY","ALWAYS WITH RIGHT HAND","ALWAYS WITH RIGHT HAND","ALWAYS WITH RIGHT HAND","ALWAYS WITH RIGHT HAND","ALWAYS WITH LEFT HAND","1: 1  CONDITION APPLIES","1: 1  CONDITION APPLIES","NO","FEMALE","FEMALE"
1981,64735,5,0,1,33790,5,130,1,1,1,3,2,5,2,1,2,1,1,1,2,4,1,1,38,23,"Female","Black","South (AL, AR, DE, DC, FL, GA, KY, LA, MD, MS, NC, OK, SC, TN , TX, VA, WV)","GED","In CBSA, in central city","NO","3: Mother","NO","YES","NO","YES","YES","0: 0  CONDITION DOES NOT APPLY","ALWAYS WITH RIGHT HAND","ALWAYS WITH RIGHT HAND","ALWAYS WITH RIGHT HAND","ALWAYS WITH RIGHT HAND","ALWAYS WITH LEFT HAND","1: 1  CONDITION APPLIES","1: 1  CONDITION APPLIES","NO","MALE","MALE"
1984,39350,2,0,1,33790,5,180,1,1,4,3,2,6,2,2,1,2,1,5,1,7,1,1,34,24,"Male","Non-Black / Non-Hispanic","South (AL, AR, DE, DC, FL, GA, KY, LA, MD, MS, NC, OK, SC, TN , TX, VA, WV)","High school diploma (Regular 12 year program)","In CBSA, not in central city","NO","3: Mother","YES","NO","YES","NO","YES","0: 0  CONDITION DOES NOT APPLY","ALWAYS WITH RIGHT HAND","ALWAYS WITH RIGHT HAND","ALWAYS WITH RIGHT HAND","ALWAYS WITH RIGHT HAND","ALWAYS WITH LEFT HAND","1: 1  CONDITION APPLIES","1: 1  CONDITION APPLIES","NO","MALE","FEMALE"
1982,64735,3,1,1,43000,5,155,1,2,3,4,5,4,2,2,1,1,1,6,2,7,1,1,28,18,"Female","Non-Black / Non-Hispanic","Northeast (CT, ME, MA, NH, NJ, NY, PA, RI, VT)","Bachelor's degree (BA, BS)","In CBSA, not in central city","NO","3: Mother","YES","NO","NO","NO","YES","0: 0  CONDITION DOES NOT APPLY","ALWAYS WITH RIGHT HAND","ALWAYS WITH RIGHT HAND","ALWAYS WITH RIGHT HAND","ALWAYS WITH RIGHT HAND","ALWAYS WITH LEFT HAND","1: 1  CONDITION APPLIES","1: 1  CONDITION APPLIES","YES","FEMALE","MALE"
1980,64735,6,3,4,33790,5,182,1,1,2,4,3,3,2,2,1,2,1,6,1,8,1,1,2,5,"Female","Non-Black / Non-Hispanic","West (AK, AZ, CA, CO, HI, ID, MT, NV, NM, OR, UT, WA, WY)","High school diploma (Regular 12 year program)","Not in CBSA","NO","3: Mother","YES","YES","NO","NO","YES","0: 0  CONDITION DOES NOT APPLY","ALWAYS WITH RIGHT HAND","ALWAYS WITH RIGHT HAND","ALWAYS WITH RIGHT HAND","ALWAYS WITH RIGHT HAND","ALWAYS WITH LEFT HAND","0: 0  CONDITION DOES NOT APPLY","1: 1  CONDITION APPLIES","NO","MALE","FEMALE"
1982,64735,1,0,2,33000,5,184,2,2,3,3,3,3,2,2,2,2,2,1,2,6,1,1,30,20,"Male","Non-Black / Non-Hispanic","South (AL, AR, DE, DC, FL, GA, KY, LA, MD, MS, NC, OK, SC, TN , TX, VA, WV)","Associate/Junior college (AA)","In CBSA, in central city","NO","3: Mother","NO","NO","NO","NO","YES","0: 0  CONDITION DOES NOT APPLY","ALWAYS WITH RIGHT HAND","ALWAYS WITH RIGHT HAND","ALWAYS WITH RIGHT HAND","ALWAYS WITH RIGHT HAND","ALWAYS WITH LEFT HAND","1: 1  CONDITION APPLIES","1: 1  CONDITION APPLIES","NO","FEMALE","MALE"
1984,64735,3,0,2,33790,5,183,1,1,3,4,6,5,2,2,1,2,1,5,4,8,1,1,30,24,"Female","Black","South (AL, AR, DE, DC, FL, GA, KY, LA, MD, MS, NC, OK, SC, TN , TX, VA, WV)","High school diploma (Regular 12 year program)","In CBSA, in central city","NO","3: Mother","YES","NO","NO","NO","YES","0: 0  CONDITION DOES NOT APPLY","ALWAYS WITH RIGHT HAND","ALWAYS WITH RIGHT HAND","ALWAYS WITH RIGHT HAND","ALWAYS WITH RIGHT HAND","ALWAYS WITH RIGHT HAND","1: 1  CONDITION APPLIES","1: 1  CONDITION APPLIES","NO","MALE","MALE"
1980,64735,3,0,3,33790,6,185,2,2,4,4,3,5,2,2,1,2,1,6,2,5,1,1,30,20,"Female","Non-Black / Non-Hispanic","West (AK, AZ, CA, CO, HI, ID, MT, NV, NM, OR, UT, WA, WY)","High school diploma (Regular 12 year program)","In CBSA, not in central city","NO","3: Mother","YES","NO","NO","NO","YES","0: 0  CONDITION DOES NOT APPLY","ALWAYS WITH RIGHT HAND","ALWAYS WITH RIGHT HAND","ALWAYS WITH RIGHT HAND","ALWAYS WITH RIGHT HAND","ALWAYS WITH LEFT HAND","1: 1  CONDITION APPLIES","1: 1  CONDITION APPLIES","NO","MALE","FEMALE"
1981,78115,2,1,3,78000,5,185,3,2,5,5,1,5,2,2,1,2,1,6,1,6,1,1,25,19,"Female","Non-Black / Non-Hispanic","South (AL, AR, DE, DC, FL, GA, KY, LA, MD, MS, NC, OK, SC, TN , TX, VA, WV)","High school diploma (Regular 12 year program)","In CBSA, in central city","NO","3: Mother","NO","NO","NO","NO","YES","0: 0  CONDITION DOES NOT APPLY","ALWAYS WITH RIGHT HAND","ALWAYS WITH RIGHT HAND","ALWAYS WITH RIGHT HAND","ALWAYS WITH RIGHT HAND","ALWAYS WITH LEFT HAND","1: 1  CONDITION APPLIES","1: 1  CONDITION APPLIES","NO","FEMALE","FEMALE"
1980,64735,4,0,2,33790,6,184,1,1,3,4,2,2,1,2,1,2,1,5,3,7,1,1,28,23,"Male","Non-Black / Non-Hispanic","Northeast (CT, ME, MA, NH, NJ, NY, PA, RI, VT)","High school diploma (Regular 12 year program)","In CBSA, in central city","NO","3: Mother","YES","NO","NO","NO","YES","0: 0  CONDITION DOES NOT APPLY","ALWAYS WITH LEFT HAND","ALWAYS WITH RIGHT HAND","USUALLY WITH BOTH HANDS EQUALLY","ALWAYS WITH RIGHT HAND","ALWAYS WITH LEFT HAND","1: 1  CONDITION APPLIES","1: 1  CONDITION APPLIES","NO","MALE","FEMALE"
1985,64735,3,1,4,33790,5,181,1,1,3,3,2,4,1,2,1,2,1,9,1,7,1,1,28,20,"Male","Non-Black / Non-Hispanic","South (AL, AR, DE, DC, FL, GA, KY, LA, MD, MS, NC, OK, SC, TN , TX, VA, WV)","High school diploma (Regular 12 year program)","In CBSA, in central city","NO","3: Mother","YES","NO","NO","NO","YES","0: 0  CONDITION DOES NOT APPLY","ALWAYS WITH RIGHT HAND","ALWAYS WITH RIGHT HAND","ALWAYS WITH RIGHT HAND","ALWAYS WITH RIGHT HAND","ALWAYS WITH LEFT HAND","1: 1  CONDITION APPLIES","1: 1  CONDITION APPLIES","NO","FEMALE","FEMALE"
1983,64735,4,1,3,33790,5,185,1,2,4,5,3,6,1,1,1,1,1,7,4,4,1,1,34,18,"Female","Non-Black / Non-Hispanic","North Central (IL, IN, IA, KS, MI, MN, MO, NE, OH, ND, SD, WI)","High school diploma (Regular 12 year program)","In CBSA, not in central city","NO","3: Mother","YES","YES","NO","NO","YES","0: 0  CONDITION DOES NOT APPLY","ALWAYS WITH RIGHT HAND","ALWAYS WITH RIGHT HAND","ALWAYS WITH RIGHT HAND","ALWAYS WITH RIGHT HAND","ALWAYS WITH LEFT HAND","0: 0  CONDITION DOES NOT APPLY","1: 1  CONDITION APPLIES","NO","FEMALE","FEMALE"
1983,64735,4,0,2,33790,5,180,1,1,4,3,2,3,1,1,1,2,1,4,3,8,1,1,32,25,"Female","Non-Black / Non-Hispanic","South (AL, AR, DE, DC, FL, GA, KY, LA, MD, MS, NC, OK, SC, TN , TX, VA, WV)","Associate/Junior college (AA)","In CBSA, not in central city","YES","3: Mother","NO","NO","NO","NO","YES","0: 0  CONDITION DOES NOT APPLY","ALWAYS WITH RIGHT HAND","ALWAYS WITH RIGHT HAND","ALWAYS WITH RIGHT HAND","ALWAYS WITH RIGHT HAND","ALWAYS WITH LEFT HAND","1: 1  CONDITION APPLIES","1: 1  CONDITION APPLIES","NO","MALE","FEMALE"
1983,64735,3,0,3,33790,6,184,1,1,1,3,5,2,2,1,2,2,1,4,1,6,1,1,33,19,"Male","Non-Black / Non-Hispanic","South (AL, AR, DE, DC, FL, GA, KY, LA, MD, MS, NC, OK, SC, TN , TX, VA, WV)","High school diploma (Regular 12 year program)","In CBSA, not in central city","NO","3: Mother","NO","NO","NO","NO","YES","0: 0  CONDITION DOES NOT APPLY","ALWAYS WITH RIGHT HAND","ALWAYS WITH RIGHT HAND","ALWAYS WITH RIGHT HAND","ALWAYS WITH RIGHT HAND","ALWAYS WITH LEFT HAND","1: 1  CONDITION APPLIES","1: 1  CONDITION APPLIES","NO","MALE","FEMALE"
1980,64735,4,1,2,33790,5,220,1,1,2,4,3,4,2,2,1,2,1,6,2,6,1,1,35,22,"Male","Non-Black / Non-Hispanic","West (AK, AZ, CA, CO, HI, ID, MT, NV, NM, OR, UT, WA, WY)","GED","In CBSA, in central city","NO","3: Mother","NO","NO","NO","NO","YES","0: 0  CONDITION DOES NOT APPLY","ALWAYS WITH RIGHT HAND","ALWAYS WITH RIGHT HAND","ALWAYS WITH RIGHT HAND","ALWAYS WITH RIGHT HAND","ALWAYS WITH LEFT HAND","1: 1  CONDITION APPLIES","1: 1  CONDITION APPLIES","NO","FEMALE","FEMALE"
1981,64735,2,0,2,33790,5,180,2,1,2,2,1,4,1,2,1,2,1,8,1,8,2,1,32,24,"Female","Non-Black / Non-Hispanic","South (AL, AR, DE, DC, FL, GA, KY, LA, MD, MS, NC, OK, SC, TN , TX, VA, WV)","Bachelor's degree (BA, BS)","In CBSA, not in central city","NO","3: Mother","YES","NO","NO","NO","YES","0: 0  CONDITION DOES NOT APPLY","ALWAYS WITH RIGHT HAND","ALWAYS WITH RIGHT HAND","ALWAYS WITH RIGHT HAND","ALWAYS WITH RIGHT HAND","ALWAYS WITH LEFT HAND","0: 0  CONDITION DOES NOT APPLY","1: 1  CONDITION APPLIES","NO","FEMALE","MALE"
1980,64735,3,1,3,33790,5,182,2,2,4,6,3,6,2,2,1,2,1,4,1,6,1,1,28,20,"Female","Non-Black / Non-Hispanic","North Central (IL, IN, IA, KS, MI, MN, MO, NE, OH, ND, SD, WI)","High school diploma (Regular 12 year program)","In CBSA, in central city","NO","3: Mother","YES","NO","NO","NO","YES","0: 0  CONDITION DOES NOT APPLY","ALWAYS WITH RIGHT HAND","ALWAYS WITH RIGHT HAND","ALWAYS WITH RIGHT HAND","ALWAYS WITH RIGHT HAND","ALWAYS WITH LEFT HAND","1: 1  CONDITION APPLIES","1: 1  CONDITION APPLIES","NO","MALE","MALE"
1981,66250,3,0,1,33790,6,182,1,2,3,4,2,5,2,2,1,2,1,6,2,6,1,1,29,21,"Male","Non-Black / Non-Hispanic","North Central (IL, IN, IA, KS, MI, MN, MO, NE, OH, ND, SD, WI)","GED","In CBSA, not in central city","NO","3: Mother","NO","YES","NO","NO","YES","0: 0  CONDITION DOES NOT APPLY","ALWAYS WITH RIGHT HAND","ALWAYS WITH RIGHT HAND","ALWAYS WITH RIGHT HAND","ALWAYS WITH RIGHT HAND","ALWAYS WITH RIGHT HAND","1: 1  CONDITION APPLIES","1: 1  CONDITION APPLIES","NO","FEMALE","FEMALE"
1983,64735,4,0,2,33790,5,182,1,2,3,2,2,5,2,2,2,2,1,8,3,7,1,1,33,24,"Female","Non-Black / Non-Hispanic","South (AL, AR, DE, DC, FL, GA, KY, LA, MD, MS, NC, OK, SC, TN , TX, VA, WV)","High school diploma (Regular 12 year program)","In CBSA, not in central city","NO","3: Mother","NO","NO","NO","NO","YES","0: 0  CONDITION DOES NOT APPLY","ALWAYS WITH RIGHT HAND","ALWAYS WITH RIGHT HAND","ALWAYS WITH RIGHT HAND","ALWAYS WITH RIGHT HAND","ALWAYS WITH LEFT HAND","1: 1  CONDITION APPLIES","1: 1  CONDITION APPLIES","NO","FEMALE","FEMALE"
1982,64735,6,2,3,20000,5,183,1,2,4,4,2,2,1,2,1,2,1,4,2,6,1,1,25,14,"Male","Non-Black / Non-Hispanic","North Central (IL, IN, IA, KS, MI, MN, MO, NE, OH, ND, SD, WI)","High school diploma (Regular 12 year program)","In CBSA, not in central city","NO","3: Mother","YES","NO","NO","NO","YES","0: 0  CONDITION DOES NOT APPLY","ALWAYS WITH RIGHT HAND","ALWAYS WITH RIGHT HAND","ALWAYS WITH RIGHT HAND","ALWAYS WITH RIGHT HAND","ALWAYS WITH LEFT HAND","0: 0  CONDITION DOES NOT APPLY","1: 1  CONDITION APPLIES","NO","FEMALE","FEMALE"
1981,64735,3,1,3,39000,5,150,1,1,3,3,3,3,2,2,2,2,1,3,2,7,1,1,29,22,"Male","Non-Black / Non-Hispanic","North Central (IL, IN, IA, KS, MI, MN, MO, NE, OH, ND, SD, WI)","Bachelor's degree (BA, BS)","In CBSA, in central city","NO","3: Mother","YES","NO","NO","NO","YES","0: 0  CONDITION DOES NOT APPLY","ALWAYS WITH RIGHT HAND","ALWAYS WITH RIGHT HAND","ALWAYS WITH RIGHT HAND","ALWAYS WITH RIGHT HAND","ALWAYS WITH LEFT HAND","1: 1  CONDITION APPLIES","1: 1  CONDITION APPLIES","YES","MALE","MALE"
1982,64735,2,1,2,33790,5,183,1,2,5,5,4,3,2,2,2,2,1,3,1,6,1,1,30,21,"Female","Non-Black / Non-Hispanic","North Central (IL, IN, IA, KS, MI, MN, MO, NE, OH, ND, SD, WI)","High school diploma (Regular 12 year program)","In CBSA, in central city","NO","3: Mother","YES","NO","NO","NO","YES","0: 0  CONDITION DOES NOT APPLY","ALWAYS WITH RIGHT HAND","ALWAYS WITH RIGHT HAND","ALWAYS WITH RIGHT HAND","ALWAYS WITH RIGHT HAND","ALWAYS WITH LEFT HAND","0: 0  CONDITION DOES NOT APPLY","1: 1  CONDITION APPLIES","NO","FEMALE","FEMALE"
1984,78000,3,1,4,33790,5,182,1,3,2,4,6,3,1,2,1,2,1,4,2,7,1,1,31,21,"Female","Non-Black / Non-Hispanic","North Central (IL, IN, IA, KS, MI, MN, MO, NE, OH, ND, SD, WI)","High school diploma (Regular 12 year program)","In CBSA, in central city","NO","3: Mother","NO","NO","NO","NO","YES","0: 0  CONDITION DOES NOT APPLY","ALWAYS WITH RIGHT HAND","ALWAYS WITH RIGHT HAND","ALWAYS WITH RIGHT HAND","ALWAYS WITH RIGHT HAND","ALWAYS WITH LEFT HAND","1: 1  CONDITION APPLIES","1: 1  CONDITION APPLIES","NO","MALE","FEMALE"
1984,64735,1,0,1,33790,5,170,1,1,2,3,4,3,2,2,2,2,1,5,3,7,3,2,36,28,"Male","Non-Black / Non-Hispanic","North Central (IL, IN, IA, KS, MI, MN, MO, NE, OH, ND, SD, WI)","High school diploma (Regular 12 year program)","In CBSA, in central city","NO","3: Mother","NO","NO","NO","NO","YES","0: 0  CONDITION DOES NOT APPLY","ALWAYS WITH RIGHT HAND","ALWAYS WITH RIGHT HAND","ALWAYS WITH RIGHT HAND","ALWAYS WITH RIGHT HAND","ALWAYS WITH RIGHT HAND","1: 1  CONDITION APPLIES","1: 1  CONDITION APPLIES","NO","FEMALE","MALE"
1982,64735,3,1,1,33790,5,183,2,1,2,5,2,4,2,2,1,2,2,6,2,7,1,1,30,20,"Female","Non-Black / Non-Hispanic","North Central (IL, IN, IA, KS, MI, MN, MO, NE, OH, ND, SD, WI)","None","In CBSA, not in central city","NO","3: Mother","YES","NO","NO","NO","YES","0: 0  CONDITION DOES NOT APPLY","ALWAYS WITH RIGHT HAND","ALWAYS WITH RIGHT HAND","ALWAYS WITH RIGHT HAND","ALWAYS WITH RIGHT HAND","ALWAYS WITH LEFT HAND","1: 1  CONDITION APPLIES","1: 1  CONDITION APPLIES","NO","MALE","FEMALE"
1985,64735,6,2,1,33790,5,182,1,2,3,4,3,3,2,2,1,2,2,3,4,7,1,1,28,14,"Female","Non-Black / Non-Hispanic","North Central (IL, IN, IA, KS, MI, MN, MO, NE, OH, ND, SD, WI)","GED","In CBSA, not in central city","NO","3: Mother","NO","NO","NO","NO","YES","0: 0  CONDITION DOES NOT APPLY","ALWAYS WITH RIGHT HAND","ALWAYS WITH RIGHT HAND","ALWAYS WITH RIGHT HAND","ALWAYS WITH RIGHT HAND","ALWAYS WITH LEFT HAND","1: 1  CONDITION APPLIES","0: 0  CONDITION DOES NOT APPLY","NO","MALE","FEMALE"
1986,64735,4,0,5,20000,5,184,1,1,5,3,2,5,2,2,2,2,2,5,2,7,1,1,37,36,"Male","Black","South (AL, AR, DE, DC, FL, GA, KY, LA, MD, MS, NC, OK, SC, TN , TX, VA, WV)","High school diploma (Regular 12 year program)","In CBSA, in central city","YES","3: Mother","YES","NO","NO","NO","YES","0: 0  CONDITION DOES NOT APPLY","ALWAYS WITH RIGHT HAND","ALWAYS WITH RIGHT HAND","ALWAYS WITH RIGHT HAND","ALWAYS WITH RIGHT HAND","ALWAYS WITH LEFT HAND","1: 1  CONDITION APPLIES","1: 1  CONDITION APPLIES","NO","FEMALE","MALE"
1983,64735,4,1,4,33790,5,185,2,1,2,5,5,4,2,2,2,2,2,3,3,6,1,1,31,22,"Female","Non-Black / Non-Hispanic","North Central (IL, IN, IA, KS, MI, MN, MO, NE, OH, ND, SD, WI)","None","In CBSA, not in central city","YES","3: Mother","NO","YES","NO","NO","YES","0: 0  CONDITION DOES NOT APPLY","DON'T DO THIS ACTIVITY","DON'T DO THIS ACTIVITY","DON'T DO THIS ACTIVITY","DON'T DO THIS ACTIVITY","ALWAYS WITH LEFT HAND","1: 1  CONDITION APPLIES","1: 1  CONDITION APPLIES","NO","MALE","FEMALE"
1983,64735,4,1,2,33790,6,185,1,1,5,3,4,7,2,2,2,2,2,4,4,6,1,1,33,20,"Male","Non-Black / Non-Hispanic","North Central (IL, IN, IA, KS, MI, MN, MO, NE, OH, ND, SD, WI)","High school diploma (Regular 12 year program)","In CBSA, not in central city","NO","3: Mother","YES","NO","YES","NO","NO","0: 0  CONDITION DOES NOT APPLY","ALWAYS WITH RIGHT HAND","ALWAYS WITH RIGHT HAND","ALWAYS WITH RIGHT HAND","ALWAYS WITH RIGHT HAND","ALWAYS WITH RIGHT HAND","1: 1  CONDITION APPLIES","1: 1  CONDITION APPLIES","NO","FEMALE","FEMALE"
1982,80050,3,0,2,33790,5,182,1,1,3,6,4,2,2,2,1,2,1,6,2,6,1,1,31,19,"Female","Non-Black / Non-Hispanic","North Central (IL, IN, IA, KS, MI, MN, MO, NE, OH, ND, SD, WI)","Bachelor's degree (BA, BS)","In CBSA, not in central city","NO","3: Mother","YES","NO","YES","NO","YES","0: 0  CONDITION DOES NOT APPLY","ALWAYS WITH RIGHT HAND","ALWAYS WITH RIGHT HAND","ALWAYS WITH RIGHT HAND","ALWAYS WITH RIGHT HAND","ALWAYS WITH LEFT HAND","1: 1  CONDITION APPLIES","1: 1  CONDITION APPLIES","NO","FEMALE","FEMALE"
1983,64735,6,1,1,33790,5,184,1,2,3,3,3,3,2,1,1,1,2,3,2,5,1,1,29,16,"Male","Non-Black / Non-Hispanic","South (AL, AR, DE, DC, FL, GA, KY, LA, MD, MS, NC, OK, SC, TN , TX, VA, WV)","High school diploma (Regular 12 year program)","In CBSA, not in central city","NO","3: Mother","YES","NO","YES","NO","YES","0: 0  CONDITION DOES NOT APPLY","ALWAYS WITH RIGHT HAND","ALWAYS WITH RIGHT HAND","ALWAYS WITH RIGHT HAND","ALWAYS WITH RIGHT HAND","ALWAYS WITH LEFT HAND","1: 1  CONDITION APPLIES","1: 1  CONDITION APPLIES","NO","FEMALE","FEMALE"
1981,64735,3,0,2,33790,5,183,1,1,2,4,3,5,1,2,2,2,1,6,1,7,1,1,35,20,"Female","Hispanic","South (AL, AR, DE, DC, FL, GA, KY, LA, MD, MS, NC, OK, SC, TN , TX, VA, WV)","High school diploma (Regular 12 year program)","Not in CBSA","NO","3: Mother","NO","NO","NO","NO","YES","0: 0  CONDITION DOES NOT APPLY","ALWAYS WITH RIGHT HAND","ALWAYS WITH RIGHT HAND","ALWAYS WITH RIGHT HAND","USUALLY WITH BOTH HANDS EQUALLY","ALWAYS WITH RIGHT HAND","0: 0  CONDITION DOES NOT APPLY","1: 1  CONDITION APPLIES","NO","FEMALE","MALE"
1983,3750,3,1,1,33790,6,178,2,2,2,1,4,3,1,1,1,2,1,5,1,8,1,1,27,21,"Male","Non-Black / Non-Hispanic","North Central (IL, IN, IA, KS, MI, MN, MO, NE, OH, ND, SD, WI)","Bachelor's degree (BA, BS)","In CBSA, not in central city","NO","3: Mother","NO","NO","NO","NO","YES","0: 0  CONDITION DOES NOT APPLY","ALWAYS WITH RIGHT HAND","ALWAYS WITH RIGHT HAND","ALWAYS WITH RIGHT HAND","ALWAYS WITH RIGHT HAND","ALWAYS WITH LEFT HAND","1: 1  CONDITION APPLIES","1: 1  CONDITION APPLIES","NO","FEMALE","FEMALE"
1980,56400,2,0,2,33790,5,185,1,1,7,5,2,4,2,1,1,1,1,6,2,6,1,1,23,2,"Male","Non-Black / Non-Hispanic","North Central (IL, IN, IA, KS, MI, MN, MO, NE, OH, ND, SD, WI)","GED","Not in country","NO","3: Mother","YES","NO","NO","NO","YES","0: 0  CONDITION DOES NOT APPLY","ALWAYS WITH RIGHT HAND","ALWAYS WITH RIGHT HAND","ALWAYS WITH RIGHT HAND","ALWAYS WITH RIGHT HAND","ALWAYS WITH LEFT HAND","0: 0  CONDITION DOES NOT APPLY","0: 0  CONDITION DOES NOT APPLY","NO","MALE","FEMALE"
1981,31509,4,0,4,31509,6,180,1,3,1,4,4,5,2,1,1,1,1,6,1,5,1,1,31,17,"Male","Non-Black / Non-Hispanic","North Central (IL, IN, IA, KS, MI, MN, MO, NE, OH, ND, SD, WI)","High school diploma (Regular 12 year program)","In CBSA, not in central city","NO","3: Mother","YES","NO","YES","NO","YES","0: 0  CONDITION DOES NOT APPLY","ALWAYS WITH RIGHT HAND","ALWAYS WITH RIGHT HAND","ALWAYS WITH RIGHT HAND","ALWAYS WITH RIGHT HAND","ALWAYS WITH LEFT HAND","1: 1  CONDITION APPLIES","1: 1  CONDITION APPLIES","NO","FEMALE","FEMALE"
1980,64735,3,1,2,33790,5,182,1,2,2,3,7,3,2,2,2,2,1,6,1,7,1,1,32,24,"Female","Hispanic","South (AL, AR, DE, DC, FL, GA, KY, LA, MD, MS, NC, OK, SC, TN , TX, VA, WV)","High school diploma (Regular 12 year program)","In CBSA, not in central city","NO","3: Mother","YES","NO","NO","NO","YES","0: 0  CONDITION DOES NOT APPLY","ALWAYS WITH RIGHT HAND","ALWAYS WITH RIGHT HAND","ALWAYS WITH RIGHT HAND","ALWAYS WITH RIGHT HAND","ALWAYS WITH LEFT HAND","1: 1  CONDITION APPLIES","1: 1  CONDITION APPLIES","NO","FEMALE","FEMALE"
1981,70000,4,0,1,33790,6,270,1,2,2,4,2,1,2,2,2,1,1,4,2,6,1,1,31,18,"Male","Black","West (AK, AZ, CA, CO, HI, ID, MT, NV, NM, OR, UT, WA, WY)","High school diploma (Regular 12 year program)","In CBSA, not in central city","NO","5: Adoptive Mother","YES","YES","NO","NO","YES","0: 0  CONDITION DOES NOT APPLY","ALWAYS WITH RIGHT HAND","ALWAYS WITH RIGHT HAND","ALWAYS WITH RIGHT HAND","ALWAYS WITH RIGHT HAND","ALWAYS WITH LEFT HAND","0: 0  CONDITION DOES NOT APPLY","1: 1  CONDITION APPLIES","NO","FEMALE","FEMALE"
1982,64735,4,1,2,33790,5,182,1,1,3,5,3,5,2,2,2,1,2,6,3,8,1,1,31,24,"Female","Non-Black / Non-Hispanic","North Central (IL, IN, IA, KS, MI, MN, MO, NE, OH, ND, SD, WI)","High school diploma (Regular 12 year program)","In CBSA, not in central city","NO","3: Mother","YES","YES","NO","NO","YES","0: 0  CONDITION DOES NOT APPLY","ALWAYS WITH RIGHT HAND","ALWAYS WITH RIGHT HAND","USUALLY WITH RIGHT HAND","ALWAYS WITH RIGHT HAND","ALWAYS WITH LEFT HAND","1: 1  CONDITION APPLIES","1: 1  CONDITION APPLIES","NO","FEMALE","MALE"
1980,59965,4,1,3,33790,5,150,1,2,3,3,5,3,2,2,1,2,1,5,2,7,1,1,29,19,"Male","Non-Black / Non-Hispanic","North Central (IL, IN, IA, KS, MI, MN, MO, NE, OH, ND, SD, WI)","High school diploma (Regular 12 year program)","In CBSA, not in central city","NO","3: Mother","YES","NO","NO","NO","YES","0: 0  CONDITION DOES NOT APPLY","ALWAYS WITH RIGHT HAND","ALWAYS WITH RIGHT HAND","ALWAYS WITH RIGHT HAND","ALWAYS WITH RIGHT HAND","ALWAYS WITH LEFT HAND","1: 1  CONDITION APPLIES","1: 1  CONDITION APPLIES","NO","FEMALE","FEMALE"
1982,64735,4,0,1,33790,5,184,1,1,4,4,3,4,2,1,1,1,1,4,3,7,1,1,30,21,"Male","Hispanic","West (AK, AZ, CA, CO, HI, ID, MT, NV, NM, OR, UT, WA, WY)","High school diploma (Regular 12 year program)","In CBSA, in central city","NO","3: Mother","YES","NO","NO","NO","YES","0: 0  CONDITION DOES NOT APPLY","ALWAYS WITH RIGHT HAND","USUALLY WITH BOTH HANDS EQUALLY","ALWAYS WITH RIGHT HAND","ALWAYS WITH RIGHT HAND","ALWAYS WITH LEFT HAND","1: 1  CONDITION APPLIES","1: 1  CONDITION APPLIES","NO","FEMALE","MALE"
1981,64735,1,0,2,30000,5,184,2,1,5,4,2,6,2,2,2,2,2,6,2,5,2,1,27,21,"Male","Non-Black / Non-Hispanic","North Central (IL, IN, IA, KS, MI, MN, MO, NE, OH, ND, SD, WI)","GED","In CBSA, not in central city","NO","3: Mother","NO","NO","NO","NO","NO","0: 0  CONDITION DOES NOT APPLY","ALWAYS WITH RIGHT HAND","ALWAYS WITH RIGHT HAND","ALWAYS WITH RIGHT HAND","ALWAYS WITH RIGHT HAND","ALWAYS WITH LEFT HAND","0: 0  CONDITION DOES NOT APPLY","1: 1  CONDITION APPLIES","NO","FEMALE","MALE"
1982,64735,3,0,1,33790,5,183,1,1,2,2,3,3,2,2,1,2,1,6,3,6,1,1,59,30,"Male","Non-Black / Non-Hispanic","South (AL, AR, DE, DC, FL, GA, KY, LA, MD, MS, NC, OK, SC, TN , TX, VA, WV)","GED","In CBSA, not in central city","YES","3: Mother","NO","NO","NO","NO","YES","0: 0  CONDITION DOES NOT APPLY","ALWAYS WITH RIGHT HAND","ALWAYS WITH RIGHT HAND","ALWAYS WITH RIGHT HAND","USUALLY WITH BOTH HANDS EQUALLY","ALWAYS WITH LEFT HAND","0: 0  CONDITION DOES NOT APPLY","1: 1  CONDITION APPLIES","NO","MALE","FEMALE"
1984,64735,6,2,1,33790,5,183,1,1,3,4,2,2,2,2,1,1,1,3,2,8,1,1,25,12,"Male","Non-Black / Non-Hispanic","North Central (IL, IN, IA, KS, MI, MN, MO, NE, OH, ND, SD, WI)","Bachelor's degree (BA, BS)","In CBSA, not in central city","NO","3: Mother","YES","NO","NO","NO","YES","0: 0  CONDITION DOES NOT APPLY","ALWAYS WITH LEFT HAND","ALWAYS WITH LEFT HAND","ALWAYS WITH LEFT HAND","DON'T DO THIS ACTIVITY","ALWAYS WITH RIGHT HAND","0: 0  CONDITION DOES NOT APPLY","1: 1  CONDITION APPLIES","NO","FEMALE","FEMALE"
1983,64735,4,0,3,33790,5,181,1,2,3,3,4,3,2,2,2,2,1,6,1,7,1,1,27,21,"Female","Non-Black / Non-Hispanic","West (AK, AZ, CA, CO, HI, ID, MT, NV, NM, OR, UT, WA, WY)","Associate/Junior college (AA)","In CBSA, in central city","NO","3: Mother","YES","YES","YES","NO","YES","0: 0  CONDITION DOES NOT APPLY","ALWAYS WITH RIGHT HAND","USUALLY WITH RIGHT HAND","USUALLY WITH RIGHT HAND","ALWAYS WITH RIGHT HAND","ALWAYS WITH LEFT HAND","1: 1  CONDITION APPLIES","1: 1  CONDITION APPLIES","NO","FEMALE","FEMALE"
1985,64735,6,2,2,33790,5,172,1,1,3,6,2,5,2,1,1,2,1,3,3,8,1,1,26,18,"Male","Black","North Central (IL, IN, IA, KS, MI, MN, MO, NE, OH, ND, SD, WI)","GED","In CBSA, not in central city","YES","3: Mother","YES","NO","NO","NO","NO","0: 0  CONDITION DOES NOT APPLY","ALWAYS WITH RIGHT HAND","ALWAYS WITH RIGHT HAND","ALWAYS WITH RIGHT HAND","ALWAYS WITH RIGHT HAND","ALWAYS WITH LEFT HAND","1: 1  CONDITION APPLIES","1: 1  CONDITION APPLIES","NO","FEMALE","FEMALE"
1985,64735,1,0,2,33790,6,184,1,1,4,2,2,4,2,2,1,1,1,3,2,4,1,2,32,24,"Male","Non-Black / Non-Hispanic","North Central (IL, IN, IA, KS, MI, MN, MO, NE, OH, ND, SD, WI)","Bachelor's degree (BA, BS)","In CBSA, in central city","YES","3: Mother","NO","YES","NO","NO","NO","0: 0  CONDITION DOES NOT APPLY","ALWAYS WITH RIGHT HAND","ALWAYS WITH RIGHT HAND","ALWAYS WITH RIGHT HAND","USUALLY WITH LEFT HAND","ALWAYS WITH LEFT HAND","1: 1  CONDITION APPLIES","1: 1  CONDITION APPLIES","NO","FEMALE","MALE"
1980,64735,2,0,3,33790,5,183,1,1,2,3,7,4,2,2,1,1,1,7,2,7,1,1,24,22,"Male","Non-Black / Non-Hispanic","North Central (IL, IN, IA, KS, MI, MN, MO, NE, OH, ND, SD, WI)","Associate/Junior college (AA)","In CBSA, not in central city","NO","3: Mother","NO","NO","NO","NO","YES","0: 0  CONDITION DOES NOT APPLY","ALWAYS WITH RIGHT HAND","ALWAYS WITH RIGHT HAND","ALWAYS WITH RIGHT HAND","USUALLY WITH RIGHT HAND","ALWAYS WITH LEFT HAND","1: 1  CONDITION APPLIES","1: 1  CONDITION APPLIES","NO","MALE","MALE"
1982,120000,5,1,2,55000,5,180,2,1,6,3,1,3,2,1,1,2,1,3,2,7,2,1,34,20,"Female","Black","North Central (IL, IN, IA, KS, MI, MN, MO, NE, OH, ND, SD, WI)","High school diploma (Regular 12 year program)","In CBSA, not in central city","NO","3: Mother","NO","YES","NO","NO","YES","0: 0  CONDITION DOES NOT APPLY","DON'T DO THIS ACTIVITY","USUALLY WITH LEFT HAND","ALWAYS WITH RIGHT HAND","ALWAYS WITH RIGHT HAND","ALWAYS WITH LEFT HAND","1: 1  CONDITION APPLIES","1: 1  CONDITION APPLIES","NO","FEMALE","FEMALE"
1983,64735,2,1,3,33790,5,183,2,1,2,4,4,4,2,2,1,2,1,3,2,7,1,1,31,20,"Male","Non-Black / Non-Hispanic","South (AL, AR, DE, DC, FL, GA, KY, LA, MD, MS, NC, OK, SC, TN , TX, VA, WV)","High school diploma (Regular 12 year program)","In CBSA, not in central city","NO","3: Mother","NO","NO","NO","NO","YES","0: 0  CONDITION DOES NOT APPLY","ALWAYS WITH RIGHT HAND","ALWAYS WITH RIGHT HAND","USUALLY WITH LEFT HAND","ALWAYS WITH RIGHT HAND","USUALLY WITH BOTH HANDS EQUALLY","0: 0  CONDITION DOES NOT APPLY","1: 1  CONDITION APPLIES","NO","FEMALE","MALE"
1984,64735,4,1,1,33790,5,185,1,1,1,5,3,2,2,2,1,2,1,5,2,6,1,1,56,24,"Male","Non-Black / Non-Hispanic","South (AL, AR, DE, DC, FL, GA, KY, LA, MD, MS, NC, OK, SC, TN , TX, VA, WV)","None","In CBSA, in central city","YES","3: Mother","NO","NO","NO","NO","YES","0: 0  CONDITION DOES NOT APPLY","ALWAYS WITH RIGHT HAND","ALWAYS WITH RIGHT HAND","ALWAYS WITH RIGHT HAND","ALWAYS WITH RIGHT HAND","ALWAYS WITH LEFT HAND","1: 1  CONDITION APPLIES","1: 1  CONDITION APPLIES","NO","MALE","MALE"
1984,64735,4,1,1,33790,5,180,1,1,3,3,3,6,2,2,1,2,1,2,2,6,1,1,31,19,"Female","Hispanic","South (AL, AR, DE, DC, FL, GA, KY, LA, MD, MS, NC, OK, SC, TN , TX, VA, WV)","Bachelor's degree (BA, BS)","In CBSA, in central city","NO","3: Mother","YES","NO","NO","NO","YES","0: 0  CONDITION DOES NOT APPLY","ALWAYS WITH RIGHT HAND","ALWAYS WITH RIGHT HAND","ALWAYS WITH RIGHT HAND","ALWAYS WITH RIGHT HAND","ALWAYS WITH LEFT HAND","1: 1  CONDITION APPLIES","1: 1  CONDITION APPLIES","NO","MALE","FEMALE"
1984,147800,3,0,2,33790,5,182,1,1,2,1,2,3,2,1,1,1,1,6,2,7,1,1,44,52,"Male","Black","South (AL, AR, DE, DC, FL, GA, KY, LA, MD, MS, NC, OK, SC, TN , TX, VA, WV)","High school diploma (Regular 12 year program)","In CBSA, not in central city","YES","3: Mother","NO","NO","NO","NO","YES","0: 0  CONDITION DOES NOT APPLY","ALWAYS WITH RIGHT HAND","ALWAYS WITH RIGHT HAND","ALWAYS WITH RIGHT HAND","ALWAYS WITH RIGHT HAND","ALWAYS WITH LEFT HAND","1: 1  CONDITION APPLIES","1: 1  CONDITION APPLIES","NO","FEMALE","MALE"
1981,64735,1,0,2,33790,5,185,3,2,6,3,1,3,2,2,1,2,1,1,4,6,1,1,25,19,"Female","Non-Black / Non-Hispanic","West (AK, AZ, CA, CO, HI, ID, MT, NV, NM, OR, UT, WA, WY)","High school diploma (Regular 12 year program)","In CBSA, not in central city","NO","3: Mother","YES","NO","YES","NO","YES","0: 0  CONDITION DOES NOT APPLY","ALWAYS WITH RIGHT HAND","ALWAYS WITH RIGHT HAND","ALWAYS WITH RIGHT HAND","ALWAYS WITH RIGHT HAND","ALWAYS WITH LEFT HAND","1: 1  CONDITION APPLIES","1: 1  CONDITION APPLIES","NO","MALE","FEMALE"
1983,64735,1,0,2,33790,6,186,1,2,3,4,2,3,2,2,1,2,1,4,3,6,1,1,33,25,"Male","Non-Black / Non-Hispanic","South (AL, AR, DE, DC, FL, GA, KY, LA, MD, MS, NC, OK, SC, TN , TX, VA, WV)","Bachelor's degree (BA, BS)","In CBSA, not in central city","NO","3: Mother","YES","NO","NO","NO","YES","0: 0  CONDITION DOES NOT APPLY","ALWAYS WITH RIGHT HAND","ALWAYS WITH RIGHT HAND","ALWAYS WITH RIGHT HAND","ALWAYS WITH RIGHT HAND","ALWAYS WITH LEFT HAND","1: 1  CONDITION APPLIES","1: 1  CONDITION APPLIES","NO","FEMALE","MALE"
1981,64735,5,1,2,33790,5,183,2,1,4,2,2,3,2,3,1,2,1,6,2,8,1,1,3,16,"Female","Non-Black / Non-Hispanic","South (AL, AR, DE, DC, FL, GA, KY, LA, MD, MS, NC, OK, SC, TN , TX, VA, WV)","High school diploma (Regular 12 year program)","In CBSA, not in central city","NO","3: Mother","YES","YES","NO","NO","NO","0: 0  CONDITION DOES NOT APPLY","ALWAYS WITH RIGHT HAND","ALWAYS WITH RIGHT HAND","ALWAYS WITH RIGHT HAND","ALWAYS WITH RIGHT HAND","ALWAYS WITH LEFT HAND","1: 1  CONDITION APPLIES","1: 1  CONDITION APPLIES","YES","MALE","MALE"
1980,64735,3,0,3,33790,5,182,2,2,3,4,3,5,2,1,1,1,1,1,2,7,1,1,30,20,"Male","Black","North Central (IL, IN, IA, KS, MI, MN, MO, NE, OH, ND, SD, WI)","High school diploma (Regular 12 year program)","In CBSA, in central city","NO","3: Mother","YES","YES","NO","NO","YES","0: 0  CONDITION DOES NOT APPLY","ALWAYS WITH RIGHT HAND","ALWAYS WITH RIGHT HAND","ALWAYS WITH RIGHT HAND","ALWAYS WITH RIGHT HAND","ALWAYS WITH LEFT HAND","0: 0  CONDITION DOES NOT APPLY","1: 1  CONDITION APPLIES","NO","FEMALE","MALE"
1987,64735,2,1,1,33790,5,184,1,1,3,5,2,4,2,2,1,2,1,5,3,7,1,1,30,19,"Female","Non-Black / Non-Hispanic","North Central (IL, IN, IA, KS, MI, MN, MO, NE, OH, ND, SD, WI)","Bachelor's degree (BA, BS)","In CBSA, not in central city","NO","3: Mother","NO","NO","NO","NO","YES","0: 0  CONDITION DOES NOT APPLY","ALWAYS WITH RIGHT HAND","ALWAYS WITH RIGHT HAND","ALWAYS WITH RIGHT HAND","ALWAYS WITH RIGHT HAND","ALWAYS WITH LEFT HAND","1: 1  CONDITION APPLIES","1: 1  CONDITION APPLIES","NO","FEMALE","MALE"
1984,64735,4,0,1,33790,5,182,2,2,3,4,5,4,2,2,1,1,2,4,2,7,1,1,32,25,"Female","Non-Black / Non-Hispanic","North Central (IL, IN, IA, KS, MI, MN, MO, NE, OH, ND, SD, WI)","Associate/Junior college (AA)","In CBSA, not in central city","YES","3: Mother","YES","NO","NO","NO","NO","0: 0  CONDITION DOES NOT APPLY","ALWAYS WITH RIGHT HAND","USUALLY WITH RIGHT HAND","ALWAYS WITH RIGHT HAND","ALWAYS WITH RIGHT HAND","ALWAYS WITH LEFT HAND","1: 1  CONDITION APPLIES","1: 1  CONDITION APPLIES","NO","MALE","MALE"
1983,64735,3,1,1,33790,5,179,1,2,2,2,3,5,2,2,1,2,1,6,3,8,1,1,27,21,"Female","Non-Black / Non-Hispanic","North Central (IL, IN, IA, KS, MI, MN, MO, NE, OH, ND, SD, WI)","High school diploma (Regular 12 year program)","In CBSA, not in central city","NO","3: Mother","YES","NO","NO","NO","YES","0: 0  CONDITION DOES NOT APPLY","ALWAYS WITH RIGHT HAND","ALWAYS WITH RIGHT HAND","ALWAYS WITH RIGHT HAND","ALWAYS WITH RIGHT HAND","ALWAYS WITH LEFT HAND","0: 0  CONDITION DOES NOT APPLY","1: 1  CONDITION APPLIES","NO","MALE","MALE"
1983,96017,3,0,2,33790,5,183,1,1,5,1,3,2,2,2,1,2,1,4,3,7,1,1,29,21,"Male","Black","South (AL, AR, DE, DC, FL, GA, KY, LA, MD, MS, NC, OK, SC, TN , TX, VA, WV)","High school diploma (Regular 12 year program)","In CBSA, not in central city","NO","3: Mother","YES","NO","YES","NO","YES","0: 0  CONDITION DOES NOT APPLY","ALWAYS WITH RIGHT HAND","ALWAYS WITH RIGHT HAND","ALWAYS WITH RIGHT HAND","ALWAYS WITH RIGHT HAND","ALWAYS WITH LEFT HAND","1: 1  CONDITION APPLIES","1: 1  CONDITION APPLIES","NO","MALE","MALE"
1980,64735,2,0,1,33790,5,182,2,2,3,2,4,6,2,2,1,2,1,5,3,5,1,1,33,25,"Male","Black","South (AL, AR, DE, DC, FL, GA, KY, LA, MD, MS, NC, OK, SC, TN , TX, VA, WV)","GED","In CBSA, in central city","YES","3: Mother","YES","YES","NO","NO","NO","0: 0  CONDITION DOES NOT APPLY","ALWAYS WITH RIGHT HAND","ALWAYS WITH RIGHT HAND","ALWAYS WITH RIGHT HAND","ALWAYS WITH RIGHT HAND","ALWAYS WITH LEFT HAND","1: 1  CONDITION APPLIES","1: 1  CONDITION APPLIES","NO","MALE","FEMALE"
1983,64735,6,2,2,33790,5,182,1,2,2,4,4,5,2,2,1,1,1,3,2,5,1,1,27,13,"Male","Non-Black / Non-Hispanic","North Central (IL, IN, IA, KS, MI, MN, MO, NE, OH, ND, SD, WI)","None","In CBSA, not in central city","NO","3: Mother","YES","NO","NO","NO","YES","0: 0  CONDITION DOES NOT APPLY","ALWAYS WITH RIGHT HAND","ALWAYS WITH RIGHT HAND","ALWAYS WITH RIGHT HAND","ALWAYS WITH RIGHT HAND","ALWAYS WITH LEFT HAND","0: 0  CONDITION DOES NOT APPLY","1: 1  CONDITION APPLIES","NO","FEMALE","FEMALE"
1980,72000,3,0,5,33790,5,182,1,1,3,5,4,2,2,2,2,2,1,5,3,5,1,1,31,20,"Male","Non-Black / Non-Hispanic","North Central (IL, IN, IA, KS, MI, MN, MO, NE, OH, ND, SD, WI)","Master's degree (MA, MS)","In CBSA, in central city","NO","3: Mother","NO","NO","YES","NO","YES","0: 0  CONDITION DOES NOT APPLY","ALWAYS WITH RIGHT HAND","ALWAYS WITH RIGHT HAND","ALWAYS WITH RIGHT HAND","ALWAYS WITH RIGHT HAND","ALWAYS WITH LEFT HAND","1: 1  CONDITION APPLIES","1: 1  CONDITION APPLIES","NO","FEMALE","FEMALE"
1982,64735,3,1,2,33790,5,182,2,1,2,4,2,2,2,1,1,1,1,5,3,7,1,1,31,21,"Female","Non-Black / Non-Hispanic","West (AK, AZ, CA, CO, HI, ID, MT, NV, NM, OR, UT, WA, WY)","High school diploma (Regular 12 year program)","In CBSA, not in central city","NO","3: Mother","YES","NO","NO","NO","NO","0: 0  CONDITION DOES NOT APPLY","ALWAYS WITH RIGHT HAND","ALWAYS WITH RIGHT HAND","ALWAYS WITH RIGHT HAND","ALWAYS WITH RIGHT HAND","ALWAYS WITH LEFT HAND","1: 1  CONDITION APPLIES","1: 1  CONDITION APPLIES","NO","MALE","MALE"
1983,64735,4,2,1,33790,5,178,1,2,2,2,1,3,2,2,1,1,1,3,1,7,1,1,30,19,"Female","Non-Black / Non-Hispanic","North Central (IL, IN, IA, KS, MI, MN, MO, NE, OH, ND, SD, WI)","High school diploma (Regular 12 year program)","In CBSA, in central city","NO","3: Mother","NO","YES","NO","NO","YES","0: 0  CONDITION DOES NOT APPLY","DON'T DO THIS ACTIVITY","DON'T DO THIS ACTIVITY","DON'T DO THIS ACTIVITY","DON'T DO THIS ACTIVITY","USUALLY WITH LEFT HAND","0: 0  CONDITION DOES NOT APPLY","1: 1  CONDITION APPLIES","NO","FEMALE","MALE"
1982,58993,2,0,2,33790,5,180,1,1,3,1,1,2,2,1,1,1,1,3,2,7,1,1,32,23,"Female","Non-Black / Non-Hispanic","North Central (IL, IN, IA, KS, MI, MN, MO, NE, OH, ND, SD, WI)","High school diploma (Regular 12 year program)","In CBSA, not in central city","YES","3: Mother","YES","NO","NO","NO","YES","0: 0  CONDITION DOES NOT APPLY","ALWAYS WITH RIGHT HAND","ALWAYS WITH RIGHT HAND","ALWAYS WITH RIGHT HAND","ALWAYS WITH RIGHT HAND","ALWAYS WITH LEFT HAND","0: 0  CONDITION DOES NOT APPLY","1: 1  CONDITION APPLIES","YES","FEMALE","MALE"
1980,64735,3,0,2,33790,5,184,1,1,2,2,5,3,2,2,1,1,2,3,3,7,1,1,32,22,"Male","Non-Black / Non-Hispanic","South (AL, AR, DE, DC, FL, GA, KY, LA, MD, MS, NC, OK, SC, TN , TX, VA, WV)","High school diploma (Regular 12 year program)","In CBSA, not in central city","NO","3: Mother","NO","YES","NO","NO","NO","0: 0  CONDITION DOES NOT APPLY","ALWAYS WITH RIGHT HAND","ALWAYS WITH RIGHT HAND","ALWAYS WITH RIGHT HAND","ALWAYS WITH RIGHT HAND","ALWAYS WITH LEFT HAND","1: 1  CONDITION APPLIES","1: 1  CONDITION APPLIES","NO","FEMALE","FEMALE"
1982,64735,5,2,2,33790,5,180,1,1,3,4,4,4,2,2,1,2,1,2,3,8,1,1,21,11,"Female","Non-Black / Non-Hispanic","Northeast (CT, ME, MA, NH, NJ, NY, PA, RI, VT)","GED","In CBSA, in central city","NO","3: Mother","NO","NO","NO","NO","YES","0: 0  CONDITION DOES NOT APPLY","ALWAYS WITH LEFT HAND","ALWAYS WITH RIGHT HAND","USUALLY WITH LEFT HAND","ALWAYS WITH RIGHT HAND","ALWAYS WITH LEFT HAND","1: 1  CONDITION APPLIES","1: 1  CONDITION APPLIES","YES","MALE","FEMALE"
1980,64735,4,0,1,33790,5,183,1,1,2,3,2,1,2,2,1,2,1,5,3,6,1,1,64,27,"Male","Non-Black / Non-Hispanic","West (AK, AZ, CA, CO, HI, ID, MT, NV, NM, OR, UT, WA, WY)","High school diploma (Regular 12 year program)","In CBSA, in central city","YES","3: Mother","YES","NO","NO","NO","YES","0: 0  CONDITION DOES NOT APPLY","ALWAYS WITH RIGHT HAND","ALWAYS WITH LEFT HAND","USUALLY WITH RIGHT HAND","USUALLY WITH BOTH HANDS EQUALLY","ALWAYS WITH LEFT HAND","0: 0  CONDITION DOES NOT APPLY","1: 1  CONDITION APPLIES","NO","FEMALE","MALE"
1981,64735,3,0,3,33790,5,183,2,3,2,4,1,6,2,1,1,2,1,4,3,6,1,1,27,18,"Female","Black","South (AL, AR, DE, DC, FL, GA, KY, LA, MD, MS, NC, OK, SC, TN , TX, VA, WV)","High school diploma (Regular 12 year program)","In CBSA, not in central city","NO","3: Mother","YES","NO","NO","NO","NO","0: 0  CONDITION DOES NOT APPLY","ALWAYS WITH LEFT HAND","ALWAYS WITH LEFT HAND","USUALLY WITH BOTH HANDS EQUALLY","ALWAYS WITH RIGHT HAND","ALWAYS WITH LEFT HAND","0: 0  CONDITION DOES NOT APPLY","1: 1  CONDITION APPLIES","NO","MALE","FEMALE"
1980,64735,7,2,3,33790,5,182,3,1,1,1,3,7,2,1,2,2,1,3,1,8,1,1,8,12,"Male","Hispanic","Northeast (CT, ME, MA, NH, NJ, NY, PA, RI, VT)","Associate/Junior college (AA)","In CBSA, in central city","NO","3: Mother","NO","YES","NO","NO","YES","0: 0  CONDITION DOES NOT APPLY","ALWAYS WITH RIGHT HAND","ALWAYS WITH RIGHT HAND","ALWAYS WITH RIGHT HAND","ALWAYS WITH RIGHT HAND","ALWAYS WITH LEFT HAND","1: 1  CONDITION APPLIES","1: 1  CONDITION APPLIES","NO","FEMALE","FEMALE"
1982,64735,3,1,4,33790,5,183,1,1,4,4,4,5,2,1,2,2,1,5,2,6,1,1,30,18,"Male","Non-Black / Non-Hispanic","South (AL, AR, DE, DC, FL, GA, KY, LA, MD, MS, NC, OK, SC, TN , TX, VA, WV)","Bachelor's degree (BA, BS)","In CBSA, in central city","NO","3: Mother","NO","YES","NO","NO","NO","0: 0  CONDITION DOES NOT APPLY","ALWAYS WITH RIGHT HAND","ALWAYS WITH RIGHT HAND","ALWAYS WITH RIGHT HAND","ALWAYS WITH RIGHT HAND","ALWAYS WITH LEFT HAND","1: 1  CONDITION APPLIES","1: 1  CONDITION APPLIES","NO","MALE","MALE"
1980,64735,3,0,2,33790,6,184,2,1,2,4,4,3,2,2,1,2,1,6,2,5,1,1,52,28,"Female","Non-Black / Non-Hispanic","North Central (IL, IN, IA, KS, MI, MN, MO, NE, OH, ND, SD, WI)","High school diploma (Regular 12 year program)","In CBSA, in central city","YES","3: Mother","YES","NO","NO","NO","YES","0: 0  CONDITION DOES NOT APPLY","ALWAYS WITH RIGHT HAND","ALWAYS WITH RIGHT HAND","ALWAYS WITH RIGHT HAND","ALWAYS WITH RIGHT HAND","ALWAYS WITH LEFT HAND","0: 0  CONDITION DOES NOT APPLY","0: 0  CONDITION DOES NOT APPLY","NO","FEMALE","FEMALE"
1981,77000,3,1,3,33790,5,182,1,1,2,2,3,3,2,2,1,2,1,5,6,6,1,1,37,25,"Male","Black","North Central (IL, IN, IA, KS, MI, MN, MO, NE, OH, ND, SD, WI)","GED","In CBSA, in central city","YES","3: Mother","NO","NO","NO","NO","NO","0: 0  CONDITION DOES NOT APPLY","ALWAYS WITH RIGHT HAND","ALWAYS WITH RIGHT HAND","ALWAYS WITH RIGHT HAND","ALWAYS WITH RIGHT HAND","ALWAYS WITH LEFT HAND","1: 1  CONDITION APPLIES","1: 1  CONDITION APPLIES","YES","FEMALE","FEMALE"
1984,64735,2,1,1,33790,5,185,2,1,5,4,1,2,2,2,1,1,1,3,3,7,1,1,29,19,"Female","Non-Black / Non-Hispanic","North Central (IL, IN, IA, KS, MI, MN, MO, NE, OH, ND, SD, WI)","GED","In CBSA, not in central city","YES","3: Mother","YES","NO","NO","NO","YES","0: 0  CONDITION DOES NOT APPLY","ALWAYS WITH RIGHT HAND","ALWAYS WITH RIGHT HAND","ALWAYS WITH RIGHT HAND","ALWAYS WITH RIGHT HAND","ALWAYS WITH LEFT HAND","1: 1  CONDITION APPLIES","1: 1  CONDITION APPLIES","NO","FEMALE","MALE"
1983,64735,2,0,2,33790,5,183,1,2,3,6,4,3,2,2,1,2,2,6,2,7,1,1,30,21,"Male","Non-Black / Non-Hispanic","North Central (IL, IN, IA, KS, MI, MN, MO, NE, OH, ND, SD, WI)","Bachelor's degree (BA, BS)","In CBSA, not in central city","NO","3: Mother","YES","NO","NO","NO","YES","0: 0  CONDITION DOES NOT APPLY","ALWAYS WITH RIGHT HAND","ALWAYS WITH RIGHT HAND","ALWAYS WITH RIGHT HAND","USUALLY WITH RIGHT HAND","ALWAYS WITH LEFT HAND","1: 1  CONDITION APPLIES","1: 1  CONDITION APPLIES","NO","MALE","FEMALE"
1983,64735,4,1,2,51000,5,181,1,1,3,5,3,5,1,2,1,2,1,6,3,7,1,1,32,21,"Male","Non-Black / Non-Hispanic","North Central (IL, IN, IA, KS, MI, MN, MO, NE, OH, ND, SD, WI)","None","In CBSA, not in central city","NO","3: Mother","YES","NO","NO","NO","YES","0: 0  CONDITION DOES NOT APPLY","ALWAYS WITH RIGHT HAND","ALWAYS WITH RIGHT HAND","ALWAYS WITH RIGHT HAND","ALWAYS WITH RIGHT HAND","ALWAYS WITH LEFT HAND","0: 0  CONDITION DOES NOT APPLY","1: 1  CONDITION APPLIES","NO","MALE","MALE"
1982,64735,4,0,1,33790,5,117,1,1,1,3,1,2,2,2,1,2,1,6,2,7,1,1,26,21,"Female","Non-Black / Non-Hispanic","Northeast (CT, ME, MA, NH, NJ, NY, PA, RI, VT)","Bachelor's degree (BA, BS)","In CBSA, not in central city","NO","3: Mother","NO","NO","NO","NO","NO","0: 0  CONDITION DOES NOT APPLY","ALWAYS WITH RIGHT HAND","ALWAYS WITH RIGHT HAND","ALWAYS WITH RIGHT HAND","ALWAYS WITH RIGHT HAND","ALWAYS WITH LEFT HAND","1: 1  CONDITION APPLIES","1: 1  CONDITION APPLIES","NO","MALE","FEMALE"
1984,64735,2,1,1,33790,5,184,1,2,3,5,3,3,2,2,1,2,2,5,1,7,1,1,28,21,"Female","Non-Black / Non-Hispanic","North Central (IL, IN, IA, KS, MI, MN, MO, NE, OH, ND, SD, WI)","Bachelor's degree (BA, BS)","In CBSA, in central city","YES","3: Mother","NO","NO","NO","NO","NO","0: 0  CONDITION DOES NOT APPLY","ALWAYS WITH RIGHT HAND","ALWAYS WITH RIGHT HAND","ALWAYS WITH RIGHT HAND","ALWAYS WITH RIGHT HAND","ALWAYS WITH LEFT HAND","1: 1  CONDITION APPLIES","0: 0  CONDITION DOES NOT APPLY","NO","FEMALE","FEMALE"
1984,64735,3,0,1,33790,5,182,1,1,1,3,3,4,2,1,1,2,1,3,4,7,1,1,32,23,"Female","Non-Black / Non-Hispanic","North Central (IL, IN, IA, KS, MI, MN, MO, NE, OH, ND, SD, WI)","High school diploma (Regular 12 year program)","In CBSA, in central city","NO","3: Mother","NO","YES","NO","NO","YES","0: 0  CONDITION DOES NOT APPLY","ALWAYS WITH RIGHT HAND","ALWAYS WITH RIGHT HAND","ALWAYS WITH RIGHT HAND","ALWAYS WITH RIGHT HAND","ALWAYS WITH LEFT HAND","1: 1  CONDITION APPLIES","1: 1  CONDITION APPLIES","NO","MALE","MALE"
1981,146114,3,0,3,33790,5,182,2,1,2,3,2,3,2,2,1,2,1,6,3,8,1,1,30,22,"Female","Non-Black / Non-Hispanic","West (AK, AZ, CA, CO, HI, ID, MT, NV, NM, OR, UT, WA, WY)","High school diploma (Regular 12 year program)","In CBSA, in central city","NO","3: Mother","NO","YES","NO","NO","YES","0: 0  CONDITION DOES NOT APPLY","ALWAYS WITH RIGHT HAND","ALWAYS WITH RIGHT HAND","ALWAYS WITH RIGHT HAND","ALWAYS WITH RIGHT HAND","ALWAYS WITH LEFT HAND","0: 0  CONDITION DOES NOT APPLY","1: 1  CONDITION APPLIES","NO","FEMALE","MALE"
1981,64735,4,1,2,33790,5,183,1,2,1,4,2,2,1,2,2,2,1,7,3,6,1,1,32,21,"Female","Black","South (AL, AR, DE, DC, FL, GA, KY, LA, MD, MS, NC, OK, SC, TN , TX, VA, WV)","None","In CBSA, not in central city","NO","3: Mother","NO","YES","NO","NO","YES","0: 0  CONDITION DOES NOT APPLY","DON'T DO THIS ACTIVITY","DON'T DO THIS ACTIVITY","DON'T DO THIS ACTIVITY","DON'T DO THIS ACTIVITY","ALWAYS WITH LEFT HAND","1: 1  CONDITION APPLIES","1: 1  CONDITION APPLIES","NO","MALE","FEMALE"
1982,64735,3,1,1,33790,5,181,1,1,4,3,6,4,2,1,1,2,2,8,2,7,1,1,30,22,"Male","Non-Black / Non-Hispanic","Northeast (CT, ME, MA, NH, NJ, NY, PA, RI, VT)","High school diploma (Regular 12 year program)","In CBSA, not in central city","NO","3: Mother","YES","NO","NO","NO","YES","0: 0  CONDITION DOES NOT APPLY","ALWAYS WITH RIGHT HAND","ALWAYS WITH RIGHT HAND","ALWAYS WITH RIGHT HAND","ALWAYS WITH RIGHT HAND","ALWAYS WITH LEFT HAND","0: 0  CONDITION DOES NOT APPLY","1: 1  CONDITION APPLIES","NO","FEMALE","MALE"
1985,64735,2,1,1,33790,5,183,1,1,2,3,4,4,2,2,1,2,1,4,3,4,1,1,35,16,"Female","Non-Black / Non-Hispanic","North Central (IL, IN, IA, KS, MI, MN, MO, NE, OH, ND, SD, WI)","High school diploma (Regular 12 year program)","In CBSA, in central city","NO","3: Mother","YES","NO","NO","NO","YES","0: 0  CONDITION DOES NOT APPLY","ALWAYS WITH RIGHT HAND","ALWAYS WITH RIGHT HAND","ALWAYS WITH RIGHT HAND","ALWAYS WITH RIGHT HAND","ALWAYS WITH LEFT HAND","0: 0  CONDITION DOES NOT APPLY","1: 1  CONDITION APPLIES","NO","MALE","FEMALE"
1980,64735,1,0,3,33790,5,247,1,1,3,4,1,4,2,2,1,2,1,6,2,7,1,1,32,25,"Male","Non-Black / Non-Hispanic","South (AL, AR, DE, DC, FL, GA, KY, LA, MD, MS, NC, OK, SC, TN , TX, VA, WV)","GED","In CBSA, not in central city","NO","3: Mother","YES","NO","NO","NO","YES","0: 0  CONDITION DOES NOT APPLY","ALWAYS WITH RIGHT HAND","ALWAYS WITH RIGHT HAND","ALWAYS WITH RIGHT HAND","ALWAYS WITH RIGHT HAND","ALWAYS WITH LEFT HAND","1: 1  CONDITION APPLIES","1: 1  CONDITION APPLIES","NO","FEMALE","FEMALE"
1983,64735,4,1,3,33790,5,184,2,2,1,4,3,3,2,2,1,2,1,6,2,7,1,1,30,20,"Female","Non-Black / Non-Hispanic","South (AL, AR, DE, DC, FL, GA, KY, LA, MD, MS, NC, OK, SC, TN , TX, VA, WV)","High school diploma (Regular 12 year program)","In CBSA, not in central city","NO","3: Mother","NO","YES","NO","NO","YES","0: 0  CONDITION DOES NOT APPLY","ALWAYS WITH RIGHT HAND","ALWAYS WITH RIGHT HAND","ALWAYS WITH RIGHT HAND","USUALLY WITH RIGHT HAND","ALWAYS WITH RIGHT HAND","1: 1  CONDITION APPLIES","1: 1  CONDITION APPLIES","NO","MALE","FEMALE"
1986,64735,2,1,2,22000,6,186,1,1,5,5,2,5,2,2,1,2,1,6,3,7,1,1,29,21,"Male","Non-Black / Non-Hispanic","North Central (IL, IN, IA, KS, MI, MN, MO, NE, OH, ND, SD, WI)","Master's degree (MA, MS)","In CBSA, not in central city","NO","3: Mother","YES","NO","YES","NO","YES","0: 0  CONDITION DOES NOT APPLY","ALWAYS WITH RIGHT HAND","ALWAYS WITH RIGHT HAND","ALWAYS WITH RIGHT HAND","ALWAYS WITH RIGHT HAND","ALWAYS WITH LEFT HAND","1: 1  CONDITION APPLIES","1: 1  CONDITION APPLIES","NO","MALE","MALE"
1982,64735,2,0,1,33790,5,183,1,2,3,2,3,4,2,2,1,2,2,2,1,6,1,1,26,19,"Female","Non-Black / Non-Hispanic","North Central (IL, IN, IA, KS, MI, MN, MO, NE, OH, ND, SD, WI)","None","In CBSA, not in central city","NO","3: Mother","NO","NO","NO","NO","YES","0: 0  CONDITION DOES NOT APPLY","ALWAYS WITH RIGHT HAND","ALWAYS WITH RIGHT HAND","USUALLY WITH BOTH HANDS EQUALLY","ALWAYS WITH RIGHT HAND","ALWAYS WITH LEFT HAND","1: 1  CONDITION APPLIES","1: 1  CONDITION APPLIES","NO","FEMALE","MALE"
1980,64735,4,0,2,10000,5,184,1,2,2,4,4,1,2,1,1,1,2,3,1,7,1,1,31,21,"Female","Non-Black / Non-Hispanic","South (AL, AR, DE, DC, FL, GA, KY, LA, MD, MS, NC, OK, SC, TN , TX, VA, WV)","High school diploma (Regular 12 year program)","In CBSA, not in central city","NO","3: Mother","NO","NO","NO","NO","YES","0: 0  CONDITION DOES NOT APPLY","ALWAYS WITH RIGHT HAND","USUALLY WITH LEFT HAND","ALWAYS WITH RIGHT HAND","ALWAYS WITH RIGHT HAND","USUALLY WITH LEFT HAND","0: 0  CONDITION DOES NOT APPLY","1: 1  CONDITION APPLIES","NO","MALE","FEMALE"
1982,42000,2,0,2,33790,5,125,1,1,1,2,5,3,2,2,2,1,1,6,2,7,1,2,34,26,"Male","Non-Black / Non-Hispanic","West (AK, AZ, CA, CO, HI, ID, MT, NV, NM, OR, UT, WA, WY)","Bachelor's degree (BA, BS)","In CBSA, not in central city","NO","3: Mother","NO","NO","NO","NO","NO","0: 0  CONDITION DOES NOT APPLY","ALWAYS WITH RIGHT HAND","ALWAYS WITH RIGHT HAND","ALWAYS WITH RIGHT HAND","ALWAYS WITH RIGHT HAND","ALWAYS WITH LEFT HAND","1: 1  CONDITION APPLIES","1: 1  CONDITION APPLIES","NO","FEMALE","MALE"
1983,80690,3,4,2,55000,5,181,1,1,2,2,2,4,1,2,1,2,1,5,3,8,1,1,25,19,"Female","Black","South (AL, AR, DE, DC, FL, GA, KY, LA, MD, MS, NC, OK, SC, TN , TX, VA, WV)","High school diploma (Regular 12 year program)","In CBSA, not in central city","NO","3: Mother","NO","NO","NO","NO","YES","0: 0  CONDITION DOES NOT APPLY","ALWAYS WITH RIGHT HAND","ALWAYS WITH RIGHT HAND","ALWAYS WITH RIGHT HAND","ALWAYS WITH RIGHT HAND","ALWAYS WITH LEFT HAND","1: 1  CONDITION APPLIES","0: 0  CONDITION DOES NOT APPLY","NO","FEMALE","FEMALE"
1982,64735,3,0,1,33790,5,182,1,2,1,3,2,4,2,2,1,2,1,6,2,7,1,1,35,23,"Male","Non-Black / Non-Hispanic","North Central (IL, IN, IA, KS, MI, MN, MO, NE, OH, ND, SD, WI)","Associate/Junior college (AA)","In CBSA, not in central city","YES","3: Mother","NO","NO","NO","NO","NO","0: 0  CONDITION DOES NOT APPLY","ALWAYS WITH RIGHT HAND","ALWAYS WITH RIGHT HAND","ALWAYS WITH RIGHT HAND","USUALLY WITH BOTH HANDS EQUALLY","ALWAYS WITH LEFT HAND","1: 1  CONDITION APPLIES","1: 1  CONDITION APPLIES","NO","FEMALE","MALE"
1983,64735,3,1,1,33790,5,182,1,1,3,4,3,2,2,2,2,2,1,4,3,5,1,1,42,19,"Male","Non-Black / Non-Hispanic","North Central (IL, IN, IA, KS, MI, MN, MO, NE, OH, ND, SD, WI)","None","In CBSA, in central city","YES","3: Mother","YES","NO","NO","NO","YES","0: 0  CONDITION DOES NOT APPLY","USUALLY WITH BOTH HANDS EQUALLY","USUALLY WITH BOTH HANDS EQUALLY","ALWAYS WITH RIGHT HAND","ALWAYS WITH RIGHT HAND","USUALLY WITH BOTH HANDS EQUALLY","1: 1  CONDITION APPLIES","1: 1  CONDITION APPLIES","NO","MALE","FEMALE"
1981,0,1,0,1,33790,5,183,1,1,2,2,2,3,1,2,1,2,2,5,3,7,1,1,38,25,"Male","Black","South (AL, AR, DE, DC, FL, GA, KY, LA, MD, MS, NC, OK, SC, TN , TX, VA, WV)","High school diploma (Regular 12 year program)","In CBSA, in central city","NO","3: Mother","YES","NO","YES","NO","NO","0: 0  CONDITION DOES NOT APPLY","ALWAYS WITH RIGHT HAND","ALWAYS WITH LEFT HAND","ALWAYS WITH LEFT HAND","ALWAYS WITH LEFT HAND","ALWAYS WITH RIGHT HAND","1: 1  CONDITION APPLIES","1: 1  CONDITION APPLIES","NO","FEMALE","MALE"
1981,64735,4,0,2,33790,5,136,2,1,5,3,2,3,2,1,1,1,1,2,2,7,1,1,29,20,"Female","Non-Black / Non-Hispanic","North Central (IL, IN, IA, KS, MI, MN, MO, NE, OH, ND, SD, WI)","High school diploma (Regular 12 year program)","Not in CBSA","NO","3: Mother","NO","YES","NO","NO","YES","0: 0  CONDITION DOES NOT APPLY","ALWAYS WITH RIGHT HAND","ALWAYS WITH RIGHT HAND","ALWAYS WITH RIGHT HAND","ALWAYS WITH RIGHT HAND","ALWAYS WITH LEFT HAND","1: 1  CONDITION APPLIES","1: 1  CONDITION APPLIES","NO","MALE","FEMALE"
1981,64735,6,2,1,33790,5,180,1,1,3,4,3,3,2,2,2,2,1,6,2,6,1,1,27,12,"Female","Non-Black / Non-Hispanic","West (AK, AZ, CA, CO, HI, ID, MT, NV, NM, OR, UT, WA, WY)","Bachelor's degree (BA, BS)","In CBSA, not in central city","NO","3: Mother","NO","NO","NO","NO","NO","0: 0  CONDITION DOES NOT APPLY","ALWAYS WITH RIGHT HAND","ALWAYS WITH RIGHT HAND","ALWAYS WITH RIGHT HAND","ALWAYS WITH RIGHT HAND","ALWAYS WITH LEFT HAND","0: 0  CONDITION DOES NOT APPLY","1: 1  CONDITION APPLIES","NO","FEMALE","FEMALE"
1981,64735,3,0,3,33790,5,182,2,1,4,4,8,3,2,2,1,2,1,6,2,7,1,1,29,21,"Female","Non-Black / Non-Hispanic","South (AL, AR, DE, DC, FL, GA, KY, LA, MD, MS, NC, OK, SC, TN , TX, VA, WV)","High school diploma (Regular 12 year program)","In CBSA, not in central city","NO","3: Mother","YES","NO","YES","NO","YES","0: 0  CONDITION DOES NOT APPLY","ALWAYS WITH RIGHT HAND","ALWAYS WITH RIGHT HAND","ALWAYS WITH RIGHT HAND","ALWAYS WITH RIGHT HAND","ALWAYS WITH LEFT HAND","1: 1  CONDITION APPLIES","1: 1  CONDITION APPLIES","NO","FEMALE","FEMALE"
1981,64735,3,0,3,23000,5,187,1,1,6,5,5,2,2,1,1,1,2,3,1,5,1,1,30,20,"Female","Non-Black / Non-Hispanic","West (AK, AZ, CA, CO, HI, ID, MT, NV, NM, OR, UT, WA, WY)","High school diploma (Regular 12 year program)","Not in CBSA","NO","3: Mother","NO","NO","NO","NO","YES","0: 0  CONDITION DOES NOT APPLY","USUALLY WITH RIGHT HAND","USUALLY WITH RIGHT HAND","ALWAYS WITH RIGHT HAND","ALWAYS WITH RIGHT HAND","ALWAYS WITH LEFT HAND","1: 1  CONDITION APPLIES","1: 1  CONDITION APPLIES","NO","MALE","MALE"
1981,64735,2,1,2,33790,5,185,1,2,4,2,1,1,2,2,1,2,1,4,3,5,1,1,1,11,"Male","Non-Black / Non-Hispanic","South (AL, AR, DE, DC, FL, GA, KY, LA, MD, MS, NC, OK, SC, TN , TX, VA, WV)","GED","In CBSA, not in central city","NO","3: Mother","NO","NO","NO","NO","NO","0: 0  CONDITION DOES NOT APPLY","ALWAYS WITH LEFT HAND","ALWAYS WITH RIGHT HAND","ALWAYS WITH RIGHT HAND","ALWAYS WITH RIGHT HAND","ALWAYS WITH LEFT HAND","1: 1  CONDITION APPLIES","1: 1  CONDITION APPLIES","NO","MALE","FEMALE"
1982,64735,3,0,3,33790,6,186,1,2,4,2,2,7,2,2,2,2,1,2,4,4,1,2,45,24,"Male","Non-Black / Non-Hispanic","South (AL, AR, DE, DC, FL, GA, KY, LA, MD, MS, NC, OK, SC, TN , TX, VA, WV)","High school diploma (Regular 12 year program)","Not in CBSA","YES","3: Mother","YES","NO","YES","NO","YES","0: 0  CONDITION DOES NOT APPLY","ALWAYS WITH RIGHT HAND","ALWAYS WITH RIGHT HAND","ALWAYS WITH RIGHT HAND","ALWAYS WITH RIGHT HAND","ALWAYS WITH LEFT HAND","1: 1  CONDITION APPLIES","1: 1  CONDITION APPLIES","NO","FEMALE","MALE"
1982,64735,2,1,1,33790,5,180,1,2,3,3,5,4,2,2,1,1,1,3,2,7,1,1,29,6,"Female","Non-Black / Non-Hispanic","West (AK, AZ, CA, CO, HI, ID, MT, NV, NM, OR, UT, WA, WY)","High school diploma (Regular 12 year program)","In CBSA, not in central city","NO","3: Mother","YES","NO","NO","NO","YES","0: 0  CONDITION DOES NOT APPLY","ALWAYS WITH RIGHT HAND","ALWAYS WITH RIGHT HAND","ALWAYS WITH RIGHT HAND","ALWAYS WITH RIGHT HAND","ALWAYS WITH LEFT HAND","0: 0  CONDITION DOES NOT APPLY","0: 0  CONDITION DOES NOT APPLY","NO","MALE","FEMALE"
1981,67500,2,0,3,33790,6,195,1,1,2,4,2,3,2,2,1,2,1,4,2,7,1,1,33,23,"Male","Black","South (AL, AR, DE, DC, FL, GA, KY, LA, MD, MS, NC, OK, SC, TN , TX, VA, WV)","Bachelor's degree (BA, BS)","In CBSA, not in central city","NO","3: Mother","NO","NO","NO","NO","YES","0: 0  CONDITION DOES NOT APPLY","ALWAYS WITH RIGHT HAND","ALWAYS WITH RIGHT HAND","ALWAYS WITH RIGHT HAND","ALWAYS WITH RIGHT HAND","ALWAYS WITH LEFT HAND","1: 1  CONDITION APPLIES","1: 1  CONDITION APPLIES","NO","FEMALE","MALE"
1983,64735,3,0,2,26000,5,183,2,1,5,7,3,5,2,2,2,2,1,6,4,7,1,2,29,25,"Female","Hispanic","West (AK, AZ, CA, CO, HI, ID, MT, NV, NM, OR, UT, WA, WY)","Professional degree (DDS, JD, MD)","In CBSA, in central city","NO","3: Mother","YES","NO","YES","NO","YES","0: 0  CONDITION DOES NOT APPLY","ALWAYS WITH RIGHT HAND","ALWAYS WITH RIGHT HAND","ALWAYS WITH RIGHT HAND","ALWAYS WITH RIGHT HAND","ALWAYS WITH LEFT HAND","1: 1  CONDITION APPLIES","1: 1  CONDITION APPLIES","NO","FEMALE","MALE"
1984,64735,1,0,3,33790,5,182,1,1,5,2,4,4,2,2,1,1,1,5,1,7,1,1,33,23,"Female","Non-Black / Non-Hispanic","North Central (IL, IN, IA, KS, MI, MN, MO, NE, OH, ND, SD, WI)","None","In CBSA, not in central city","NO","3: Mother","YES","NO","NO","NO","YES","0: 0  CONDITION DOES NOT APPLY","ALWAYS WITH RIGHT HAND","ALWAYS WITH RIGHT HAND","ALWAYS WITH RIGHT HAND","USUALLY WITH BOTH HANDS EQUALLY","ALWAYS WITH LEFT HAND","1: 1  CONDITION APPLIES","1: 1  CONDITION APPLIES","NO","FEMALE","MALE"
1980,18715,4,1,3,10000,5,182,2,2,4,3,2,5,2,2,1,2,1,2,1,7,1,1,31,21,"Female","Black","South (AL, AR, DE, DC, FL, GA, KY, LA, MD, MS, NC, OK, SC, TN , TX, VA, WV)","High school diploma (Regular 12 year program)","In CBSA, not in central city","NO","3: Mother","NO","YES","NO","NO","YES","0: 0  CONDITION DOES NOT APPLY","DON'T DO THIS ACTIVITY","DON'T DO THIS ACTIVITY","DON'T DO THIS ACTIVITY","DON'T DO THIS ACTIVITY","ALWAYS WITH LEFT HAND","1: 1  CONDITION APPLIES","1: 1  CONDITION APPLIES","NO","FEMALE","MALE"
1983,64735,3,0,1,33790,5,163,1,1,3,4,2,3,2,2,1,2,1,6,3,7,1,1,34,27,"Female","Non-Black / Non-Hispanic","North Central (IL, IN, IA, KS, MI, MN, MO, NE, OH, ND, SD, WI)","Bachelor's degree (BA, BS)","In CBSA, not in central city","NO","3: Mother","YES","NO","NO","NO","YES","0: 0  CONDITION DOES NOT APPLY","ALWAYS WITH RIGHT HAND","ALWAYS WITH RIGHT HAND","ALWAYS WITH RIGHT HAND","ALWAYS WITH RIGHT HAND","ALWAYS WITH LEFT HAND","1: 1  CONDITION APPLIES","1: 1  CONDITION APPLIES","NO","MALE","MALE"
1982,64735,3,0,2,33790,5,181,2,2,2,2,5,3,1,2,2,2,1,3,3,7,1,1,30,23,"Female","Non-Black / Non-Hispanic","South (AL, AR, DE, DC, FL, GA, KY, LA, MD, MS, NC, OK, SC, TN , TX, VA, WV)","None","In CBSA, not in central city","YES","3: Mother","NO","YES","NO","NO","NO","0: 0  CONDITION DOES NOT APPLY","ALWAYS WITH RIGHT HAND","ALWAYS WITH RIGHT HAND","USUALLY WITH BOTH HANDS EQUALLY","ALWAYS WITH RIGHT HAND","ALWAYS WITH LEFT HAND","1: 1  CONDITION APPLIES","1: 1  CONDITION APPLIES","NO","FEMALE","FEMALE"
1981,64735,4,1,1,33790,5,183,2,2,4,4,2,7,2,2,1,2,1,4,1,7,1,1,36,23,"Female","Black","Northeast (CT, ME, MA, NH, NJ, NY, PA, RI, VT)","High school diploma (Regular 12 year program)","In CBSA, in central city","NO","3: Mother","NO","NO","NO","NO","YES","0: 0  CONDITION DOES NOT APPLY","ALWAYS WITH RIGHT HAND","ALWAYS WITH RIGHT HAND","ALWAYS WITH RIGHT HAND","ALWAYS WITH RIGHT HAND","ALWAYS WITH LEFT HAND","1: 1  CONDITION APPLIES","1: 1  CONDITION APPLIES","NO","FEMALE","FEMALE"
1982,64735,3,0,2,33790,6,186,1,2,3,5,7,6,1,2,1,2,1,6,1,5,1,1,28,22,"Male","Black","North Central (IL, IN, IA, KS, MI, MN, MO, NE, OH, ND, SD, WI)","Associate/Junior college (AA)","Not in CBSA","NO","3: Mother","NO","YES","NO","NO","YES","1: 1  CONDITION APPLIES","ALWAYS WITH RIGHT HAND","ALWAYS WITH RIGHT HAND","ALWAYS WITH RIGHT HAND","ALWAYS WITH RIGHT HAND","ALWAYS WITH RIGHT HAND","1: 1  CONDITION APPLIES","1: 1  CONDITION APPLIES","NO","FEMALE","MALE"
1983,64735,3,0,3,33790,5,183,1,1,2,4,1,3,2,2,2,2,2,3,2,8,2,3,31,25,"Male","Black","North Central (IL, IN, IA, KS, MI, MN, MO, NE, OH, ND, SD, WI)","High school diploma (Regular 12 year program)","In CBSA, not in central city","NO","3: Mother","NO","NO","NO","NO","YES","0: 0  CONDITION DOES NOT APPLY","ALWAYS WITH RIGHT HAND","ALWAYS WITH RIGHT HAND","ALWAYS WITH RIGHT HAND","ALWAYS WITH RIGHT HAND","ALWAYS WITH LEFT HAND","1: 1  CONDITION APPLIES","1: 1  CONDITION APPLIES","NO","FEMALE","MALE"
1982,64735,2,1,5,33790,5,178,2,2,3,4,2,4,1,2,2,1,2,4,4,8,1,1,30,19,"Male","Non-Black / Non-Hispanic","North Central (IL, IN, IA, KS, MI, MN, MO, NE, OH, ND, SD, WI)","Master's degree (MA, MS)","In CBSA, not in central city","NO","3: Mother","NO","NO","NO","NO","YES","0: 0  CONDITION DOES NOT APPLY","USUALLY WITH RIGHT HAND","USUALLY WITH LEFT HAND","DON'T DO THIS ACTIVITY","DON'T DO THIS ACTIVITY","ALWAYS WITH LEFT HAND","1: 1  CONDITION APPLIES","0: 0  CONDITION DOES NOT APPLY","NO","FEMALE","MALE"
1984,64735,2,0,3,33790,5,183,1,1,10,3,1,4,2,2,1,2,1,6,4,8,1,1,33,25,"Female","Non-Black / Non-Hispanic","South (AL, AR, DE, DC, FL, GA, KY, LA, MD, MS, NC, OK, SC, TN , TX, VA, WV)","High school diploma (Regular 12 year program)","Not in CBSA","NO","3: Mother","YES","NO","NO","NO","YES","0: 0  CONDITION DOES NOT APPLY","ALWAYS WITH RIGHT HAND","ALWAYS WITH RIGHT HAND","ALWAYS WITH RIGHT HAND","ALWAYS WITH RIGHT HAND","ALWAYS WITH LEFT HAND","1: 1  CONDITION APPLIES","0: 0  CONDITION DOES NOT APPLY","YES","FEMALE","FEMALE"
1980,51326,2,2,3,33790,5,189,1,1,2,3,4,4,2,1,1,1,1,3,2,7,1,1,4,12,"Male","Black","North Central (IL, IN, IA, KS, MI, MN, MO, NE, OH, ND, SD, WI)","Associate/Junior college (AA)","In CBSA, not in central city","NO","3: Mother","NO","YES","NO","NO","NO","0: 0  CONDITION DOES NOT APPLY","ALWAYS WITH RIGHT HAND","ALWAYS WITH RIGHT HAND","ALWAYS WITH RIGHT HAND","ALWAYS WITH RIGHT HAND","ALWAYS WITH LEFT HAND","1: 1  CONDITION APPLIES","1: 1  CONDITION APPLIES","NO","MALE","MALE"
1981,64735,4,1,5,33790,5,210,1,2,3,6,2,2,1,2,1,2,2,1,2,6,1,1,31,21,"Male","Non-Black / Non-Hispanic","North Central (IL, IN, IA, KS, MI, MN, MO, NE, OH, ND, SD, WI)","Master's degree (MA, MS)","In CBSA, not in central city","NO","3: Mother","YES","NO","NO","NO","YES","0: 0  CONDITION DOES NOT APPLY","ALWAYS WITH RIGHT HAND","ALWAYS WITH RIGHT HAND","ALWAYS WITH RIGHT HAND","ALWAYS WITH RIGHT HAND","ALWAYS WITH LEFT HAND","1: 1  CONDITION APPLIES","1: 1  CONDITION APPLIES","NO","FEMALE","FEMALE"
1981,64735,4,1,4,33790,5,182,1,1,2,2,2,3,2,2,1,2,1,6,2,6,1,1,30,19,"Male","Non-Black / Non-Hispanic","South (AL, AR, DE, DC, FL, GA, KY, LA, MD, MS, NC, OK, SC, TN , TX, VA, WV)","High school diploma (Regular 12 year program)","In CBSA, in central city","NO","3: Mother","YES","NO","NO","NO","YES","1: 1  CONDITION APPLIES","ALWAYS WITH RIGHT HAND","ALWAYS WITH RIGHT HAND","ALWAYS WITH RIGHT HAND","ALWAYS WITH RIGHT HAND","ALWAYS WITH LEFT HAND","1: 1  CONDITION APPLIES","1: 1  CONDITION APPLIES","NO","FEMALE","MALE"
1980,64735,1,0,1,33790,6,184,2,1,2,5,4,2,2,1,1,2,1,1,1,6,1,1,29,18,"Male","Non-Black / Non-Hispanic","North Central (IL, IN, IA, KS, MI, MN, MO, NE, OH, ND, SD, WI)","GED","Not in CBSA","NO","3: Mother","YES","NO","NO","NO","NO","0: 0  CONDITION DOES NOT APPLY","ALWAYS WITH RIGHT HAND","ALWAYS WITH RIGHT HAND","ALWAYS WITH RIGHT HAND","ALWAYS WITH RIGHT HAND","ALWAYS WITH LEFT HAND","1: 1  CONDITION APPLIES","1: 1  CONDITION APPLIES","NO","FEMALE","MALE"
1982,64735,3,0,4,33790,5,190,2,2,2,3,2,2,2,2,1,2,1,8,3,6,1,1,26,22,"Male","Non-Black / Non-Hispanic","South (AL, AR, DE, DC, FL, GA, KY, LA, MD, MS, NC, OK, SC, TN , TX, VA, WV)","High school diploma (Regular 12 year program)","In CBSA, not in central city","NO","3: Mother","YES","NO","NO","NO","YES","0: 0  CONDITION DOES NOT APPLY","ALWAYS WITH RIGHT HAND","ALWAYS WITH RIGHT HAND","ALWAYS WITH RIGHT HAND","ALWAYS WITH RIGHT HAND","ALWAYS WITH LEFT HAND","1: 1  CONDITION APPLIES","1: 1  CONDITION APPLIES","NO","FEMALE","FEMALE"
1983,64735,2,1,2,33790,5,183,1,1,2,3,4,3,2,2,2,2,1,5,2,7,1,1,29,20,"Male","Non-Black / Non-Hispanic","North Central (IL, IN, IA, KS, MI, MN, MO, NE, OH, ND, SD, WI)","High school diploma (Regular 12 year program)","In CBSA, in central city","YES","3: Mother","NO","NO","NO","NO","YES","0: 0  CONDITION DOES NOT APPLY","ALWAYS WITH RIGHT HAND","ALWAYS WITH RIGHT HAND","ALWAYS WITH RIGHT HAND","ALWAYS WITH RIGHT HAND","ALWAYS WITH LEFT HAND","0: 0  CONDITION DOES NOT APPLY","1: 1  CONDITION APPLIES","NO","FEMALE","MALE"
1981,64735,4,1,3,33790,5,181,1,3,2,1,2,5,1,2,2,2,2,2,2,6,1,1,33,19,"Female","Black","North Central (IL, IN, IA, KS, MI, MN, MO, NE, OH, ND, SD, WI)","High school diploma (Regular 12 year program)","In CBSA, in central city","NO","3: Mother","YES","YES","NO","NO","YES","0: 0  CONDITION DOES NOT APPLY","ALWAYS WITH RIGHT HAND","ALWAYS WITH RIGHT HAND","ALWAYS WITH LEFT HAND","ALWAYS WITH RIGHT HAND","ALWAYS WITH LEFT HAND","1: 1  CONDITION APPLIES","1: 1  CONDITION APPLIES","NO","FEMALE","FEMALE"
1984,64735,4,0,2,33790,5,184,1,1,1,4,3,2,2,2,1,2,1,2,6,7,1,1,32,22,"Male","Non-Black / Non-Hispanic","South (AL, AR, DE, DC, FL, GA, KY, LA, MD, MS, NC, OK, SC, TN , TX, VA, WV)","High school diploma (Regular 12 year program)","In CBSA, not in central city","NO","3: Mother","NO","YES","NO","NO","YES","0: 0  CONDITION DOES NOT APPLY","ALWAYS WITH RIGHT HAND","ALWAYS WITH RIGHT HAND","ALWAYS WITH RIGHT HAND","ALWAYS WITH RIGHT HAND","ALWAYS WITH LEFT HAND","0: 0  CONDITION DOES NOT APPLY","1: 1  CONDITION APPLIES","NO","FEMALE","MALE"
1984,64735,6,3,1,33790,6,186,1,2,3,5,2,4,2,2,1,2,1,2,5,4,1,1,31,14,"Male","Non-Black / Non-Hispanic","North Central (IL, IN, IA, KS, MI, MN, MO, NE, OH, ND, SD, WI)","High school diploma (Regular 12 year program)","In CBSA, not in central city","NO","3: Mother","YES","NO","NO","NO","YES","0: 0  CONDITION DOES NOT APPLY","ALWAYS WITH RIGHT HAND","ALWAYS WITH RIGHT HAND","ALWAYS WITH RIGHT HAND","ALWAYS WITH RIGHT HAND","ALWAYS WITH LEFT HAND","0: 0  CONDITION DOES NOT APPLY","1: 1  CONDITION APPLIES","NO","FEMALE","FEMALE"
1981,64735,1,0,3,33790,5,184,1,1,3,5,4,2,2,2,1,2,1,6,3,6,1,1,31,22,"Female","Non-Black / Non-Hispanic","North Central (IL, IN, IA, KS, MI, MN, MO, NE, OH, ND, SD, WI)","High school diploma (Regular 12 year program)","Not in CBSA","NO","3: Mother","YES","NO","NO","NO","YES","0: 0  CONDITION DOES NOT APPLY","ALWAYS WITH RIGHT HAND","ALWAYS WITH RIGHT HAND","ALWAYS WITH RIGHT HAND","ALWAYS WITH RIGHT HAND","ALWAYS WITH LEFT HAND","1: 1  CONDITION APPLIES","1: 1  CONDITION APPLIES","NO","MALE","MALE"
1980,63286,3,2,2,33790,5,220,1,2,3,5,3,5,1,2,1,2,1,6,3,6,1,1,30,22,"Female","Non-Black / Non-Hispanic","West (AK, AZ, CA, CO, HI, ID, MT, NV, NM, OR, UT, WA, WY)","Bachelor's degree (BA, BS)","Not in CBSA","NO","3: Mother","YES","NO","NO","NO","YES","0: 0  CONDITION DOES NOT APPLY","ALWAYS WITH RIGHT HAND","ALWAYS WITH RIGHT HAND","USUALLY WITH RIGHT HAND","ALWAYS WITH RIGHT HAND","ALWAYS WITH RIGHT HAND","0: 0  CONDITION DOES NOT APPLY","1: 1  CONDITION APPLIES","NO","MALE","MALE"
1980,64735,4,0,3,45000,6,181,2,1,4,2,2,2,2,2,2,2,2,5,3,7,1,1,29,20,"Male","Non-Black / Non-Hispanic","North Central (IL, IN, IA, KS, MI, MN, MO, NE, OH, ND, SD, WI)","High school diploma (Regular 12 year program)","In CBSA, not in central city","NO","3: Mother","NO","NO","YES","NO","YES","0: 0  CONDITION DOES NOT APPLY","ALWAYS WITH RIGHT HAND","DON'T DO THIS ACTIVITY","DON'T DO THIS ACTIVITY","ALWAYS WITH RIGHT HAND","ALWAYS WITH LEFT HAND","1: 1  CONDITION APPLIES","1: 1  CONDITION APPLIES","NO","MALE","MALE"
1980,64735,5,0,3,33790,5,215,2,1,5,2,3,5,2,2,2,1,1,5,2,8,2,1,29,25,"Female","Non-Black / Non-Hispanic","North Central (IL, IN, IA, KS, MI, MN, MO, NE, OH, ND, SD, WI)","High school diploma (Regular 12 year program)","In CBSA, not in central city","YES","3: Mother","NO","NO","NO","NO","YES","0: 0  CONDITION DOES NOT APPLY","ALWAYS WITH RIGHT HAND","ALWAYS WITH RIGHT HAND","ALWAYS WITH RIGHT HAND","ALWAYS WITH RIGHT HAND","ALWAYS WITH LEFT HAND","1: 1  CONDITION APPLIES","1: 1  CONDITION APPLIES","NO","MALE","MALE"
1981,64735,4,1,3,33790,5,160,2,2,2,4,4,4,1,2,1,1,1,6,2,7,1,1,32,20,"Female","Non-Black / Non-Hispanic","West (AK, AZ, CA, CO, HI, ID, MT, NV, NM, OR, UT, WA, WY)","High school diploma (Regular 12 year program)","In CBSA, not in central city","NO","3: Mother","YES","YES","NO","NO","YES","0: 0  CONDITION DOES NOT APPLY","ALWAYS WITH RIGHT HAND","ALWAYS WITH RIGHT HAND","ALWAYS WITH RIGHT HAND","ALWAYS WITH RIGHT HAND","ALWAYS WITH LEFT HAND","0: 0  CONDITION DOES NOT APPLY","0: 0  CONDITION DOES NOT APPLY","NO","MALE","FEMALE"
1981,64735,5,1,2,33790,6,150,1,1,5,2,4,1,2,2,2,2,2,1,1,5,5,2,35,25,"Male","Non-Black / Non-Hispanic","South (AL, AR, DE, DC, FL, GA, KY, LA, MD, MS, NC, OK, SC, TN , TX, VA, WV)","High school diploma (Regular 12 year program)","Not in CBSA","YES","3: Mother","NO","NO","NO","NO","YES","0: 0  CONDITION DOES NOT APPLY","ALWAYS WITH RIGHT HAND","ALWAYS WITH RIGHT HAND","ALWAYS WITH LEFT HAND","ALWAYS WITH RIGHT HAND","ALWAYS WITH LEFT HAND","1: 1  CONDITION APPLIES","1: 1  CONDITION APPLIES","NO","FEMALE","MALE"
1981,64735,4,0,2,33790,6,184,2,1,2,4,2,2,1,2,2,2,1,8,4,7,1,1,23,18,"Female","Non-Black / Non-Hispanic","North Central (IL, IN, IA, KS, MI, MN, MO, NE, OH, ND, SD, WI)","High school diploma (Regular 12 year program)","In CBSA, not in central city","NO","3: Mother","YES","YES","NO","NO","YES","0: 0  CONDITION DOES NOT APPLY","ALWAYS WITH RIGHT HAND","ALWAYS WITH RIGHT HAND","ALWAYS WITH RIGHT HAND","ALWAYS WITH RIGHT HAND","ALWAYS WITH LEFT HAND","1: 1  CONDITION APPLIES","1: 1  CONDITION APPLIES","NO","MALE","FEMALE"
1981,64735,2,0,3,33790,5,280,1,2,2,5,3,5,2,2,1,2,1,4,1,6,1,1,29,8,"Female","Black","South (AL, AR, DE, DC, FL, GA, KY, LA, MD, MS, NC, OK, SC, TN , TX, VA, WV)","Associate/Junior college (AA)","In CBSA, in central city","NO","3: Mother","NO","NO","NO","NO","YES","0: 0  CONDITION DOES NOT APPLY","ALWAYS WITH RIGHT HAND","ALWAYS WITH RIGHT HAND","ALWAYS WITH RIGHT HAND","ALWAYS WITH RIGHT HAND","ALWAYS WITH LEFT HAND","1: 1  CONDITION APPLIES","1: 1  CONDITION APPLIES","NO","MALE","MALE"
1984,64735,3,0,1,33790,5,184,1,1,6,3,3,5,2,1,2,1,1,1,2,5,1,1,32,19,"Female","Non-Black / Non-Hispanic","North Central (IL, IN, IA, KS, MI, MN, MO, NE, OH, ND, SD, WI)","High school diploma (Regular 12 year program)","Not in CBSA","NO","3: Mother","NO","NO","NO","NO","YES","0: 0  CONDITION DOES NOT APPLY","ALWAYS WITH RIGHT HAND","ALWAYS WITH RIGHT HAND","ALWAYS WITH RIGHT HAND","ALWAYS WITH RIGHT HAND","ALWAYS WITH LEFT HAND","1: 1  CONDITION APPLIES","1: 1  CONDITION APPLIES","NO","FEMALE","MALE"
1984,64735,2,0,2,33790,4,180,2,1,2,2,2,4,2,2,1,2,1,6,1,7,1,1,34,24,"Male","Hispanic","South (AL, AR, DE, DC, FL, GA, KY, LA, MD, MS, NC, OK, SC, TN , TX, VA, WV)","Associate/Junior college (AA)","In CBSA, in central city","NO","3: Mother","YES","NO","NO","NO","YES","0: 0  CONDITION DOES NOT APPLY","ALWAYS WITH RIGHT HAND","ALWAYS WITH RIGHT HAND","ALWAYS WITH RIGHT HAND","ALWAYS WITH RIGHT HAND","ALWAYS WITH LEFT HAND","1: 1  CONDITION APPLIES","0: 0  CONDITION DOES NOT APPLY","YES","FEMALE","MALE"
1983,64735,3,0,3,33790,5,183,1,1,1,5,2,6,2,2,2,2,1,6,2,6,1,2,62,29,"Female","Non-Black / Non-Hispanic","South (AL, AR, DE, DC, FL, GA, KY, LA, MD, MS, NC, OK, SC, TN , TX, VA, WV)","High school diploma (Regular 12 year program)","In CBSA, not in central city","YES","3: Mother","YES","NO","NO","NO","YES","0: 0  CONDITION DOES NOT APPLY","ALWAYS WITH RIGHT HAND","ALWAYS WITH RIGHT HAND","ALWAYS WITH RIGHT HAND","ALWAYS WITH RIGHT HAND","ALWAYS WITH LEFT HAND","0: 0  CONDITION DOES NOT APPLY","1: 1  CONDITION APPLIES","NO","FEMALE","MALE"
1982,64735,3,0,1,33790,5,184,1,1,4,5,4,3,2,2,1,1,1,6,1,7,1,1,30,21,"Female","Non-Black / Non-Hispanic","West (AK, AZ, CA, CO, HI, ID, MT, NV, NM, OR, UT, WA, WY)","High school diploma (Regular 12 year program)","In CBSA, not in central city","NO","3: Mother","YES","NO","YES","NO","YES","0: 0  CONDITION DOES NOT APPLY","ALWAYS WITH RIGHT HAND","ALWAYS WITH RIGHT HAND","ALWAYS WITH RIGHT HAND","ALWAYS WITH RIGHT HAND","ALWAYS WITH LEFT HAND","1: 1  CONDITION APPLIES","1: 1  CONDITION APPLIES","NO","FEMALE","FEMALE"
1983,64735,6,2,2,33790,5,181,1,1,4,4,4,3,2,2,1,2,1,6,4,7,1,1,24,13,"Female","Non-Black / Non-Hispanic","North Central (IL, IN, IA, KS, MI, MN, MO, NE, OH, ND, SD, WI)","Bachelor's degree (BA, BS)","In CBSA, not in central city","NO","3: Mother","YES","NO","NO","NO","YES","0: 0  CONDITION DOES NOT APPLY","ALWAYS WITH RIGHT HAND","ALWAYS WITH RIGHT HAND","ALWAYS WITH RIGHT HAND","ALWAYS WITH RIGHT HAND","ALWAYS WITH LEFT HAND","1: 1  CONDITION APPLIES","1: 1  CONDITION APPLIES","NO","MALE","MALE"
1981,64735,3,0,2,33790,5,184,1,1,4,4,3,3,2,2,1,1,1,6,5,7,1,1,27,21,"Male","Hispanic","Northeast (CT, ME, MA, NH, NJ, NY, PA, RI, VT)","High school diploma (Regular 12 year program)","In CBSA, not in central city","NO","3: Mother","YES","NO","YES","NO","YES","0: 0  CONDITION DOES NOT APPLY","ALWAYS WITH RIGHT HAND","ALWAYS WITH RIGHT HAND","ALWAYS WITH RIGHT HAND","ALWAYS WITH RIGHT HAND","ALWAYS WITH LEFT HAND","0: 0  CONDITION DOES NOT APPLY","1: 1  CONDITION APPLIES","NO","FEMALE","MALE"
1984,64735,1,0,3,33790,6,185,1,1,8,4,1,2,2,2,1,2,2,6,4,5,4,3,37,28,"Male","Non-Black / Non-Hispanic","North Central (IL, IN, IA, KS, MI, MN, MO, NE, OH, ND, SD, WI)","Bachelor's degree (BA, BS)","In CBSA, in central city","NO","3: Mother","YES","NO","NO","NO","NO","0: 0  CONDITION DOES NOT APPLY","ALWAYS WITH RIGHT HAND","ALWAYS WITH RIGHT HAND","ALWAYS WITH RIGHT HAND","ALWAYS WITH RIGHT HAND","ALWAYS WITH RIGHT HAND","0: 0  CONDITION DOES NOT APPLY","1: 1  CONDITION APPLIES","NO","FEMALE","MALE"
1982,64735,3,0,1,33790,5,181,1,2,3,2,4,4,2,2,1,2,1,6,1,6,1,1,30,19,"Female","Non-Black / Non-Hispanic","North Central (IL, IN, IA, KS, MI, MN, MO, NE, OH, ND, SD, WI)","Bachelor's degree (BA, BS)","In CBSA, not in central city","NO","3: Mother","YES","NO","NO","NO","YES","0: 0  CONDITION DOES NOT APPLY","ALWAYS WITH RIGHT HAND","ALWAYS WITH RIGHT HAND","ALWAYS WITH RIGHT HAND","ALWAYS WITH RIGHT HAND","ALWAYS WITH LEFT HAND","0: 0  CONDITION DOES NOT APPLY","1: 1  CONDITION APPLIES","NO","FEMALE","MALE"
1982,64735,3,1,1,33790,6,182,1,1,5,4,4,4,2,2,1,2,1,6,2,5,1,1,32,22,"Male","Non-Black / Non-Hispanic","West (AK, AZ, CA, CO, HI, ID, MT, NV, NM, OR, UT, WA, WY)","Bachelor's degree (BA, BS)","In CBSA, not in central city","NO","3: Mother","YES","NO","YES","NO","YES","0: 0  CONDITION DOES NOT APPLY","ALWAYS WITH RIGHT HAND","USUALLY WITH RIGHT HAND","ALWAYS WITH RIGHT HAND","ALWAYS WITH RIGHT HAND","ALWAYS WITH LEFT HAND","1: 1  CONDITION APPLIES","1: 1  CONDITION APPLIES","NO","FEMALE","MALE"
1982,64735,4,0,2,35000,5,183,1,1,4,4,2,4,2,2,1,1,1,4,4,9,1,1,32,20,"Female","Non-Black / Non-Hispanic","South (AL, AR, DE, DC, FL, GA, KY, LA, MD, MS, NC, OK, SC, TN , TX, VA, WV)","High school diploma (Regular 12 year program)","In CBSA, not in central city","NO","3: Mother","NO","NO","NO","NO","YES","0: 0  CONDITION DOES NOT APPLY","ALWAYS WITH RIGHT HAND","ALWAYS WITH RIGHT HAND","ALWAYS WITH RIGHT HAND","ALWAYS WITH RIGHT HAND","ALWAYS WITH LEFT HAND","1: 1  CONDITION APPLIES","1: 1  CONDITION APPLIES","NO","FEMALE","MALE"
1983,64735,1,1,1,33790,5,181,2,2,3,3,2,8,2,2,1,2,2,4,3,7,1,3,32,21,"Male","Non-Black / Non-Hispanic","North Central (IL, IN, IA, KS, MI, MN, MO, NE, OH, ND, SD, WI)","High school diploma (Regular 12 year program)","Not in CBSA","YES","3: Mother","NO","NO","NO","NO","YES","0: 0  CONDITION DOES NOT APPLY","ALWAYS WITH RIGHT HAND","ALWAYS WITH RIGHT HAND","ALWAYS WITH RIGHT HAND","ALWAYS WITH RIGHT HAND","DON'T DO THIS ACTIVITY","1: 1  CONDITION APPLIES","0: 0  CONDITION DOES NOT APPLY","NO","MALE","MALE"
1982,64735,5,0,1,33790,5,183,2,1,3,4,4,6,2,2,2,2,1,5,2,6,1,1,31,22,"Female","Non-Black / Non-Hispanic","South (AL, AR, DE, DC, FL, GA, KY, LA, MD, MS, NC, OK, SC, TN , TX, VA, WV)","Bachelor's degree (BA, BS)","In CBSA, not in central city","NO","3: Mother","YES","NO","YES","NO","YES","0: 0  CONDITION DOES NOT APPLY","ALWAYS WITH RIGHT HAND","ALWAYS WITH RIGHT HAND","ALWAYS WITH RIGHT HAND","ALWAYS WITH RIGHT HAND","ALWAYS WITH LEFT HAND","1: 1  CONDITION APPLIES","1: 1  CONDITION APPLIES","NO","FEMALE","MALE"
1982,64735,3,0,3,33790,5,182,3,2,3,3,1,5,2,2,2,2,1,3,1,8,1,1,30,24,"Male","Non-Black / Non-Hispanic","South (AL, AR, DE, DC, FL, GA, KY, LA, MD, MS, NC, OK, SC, TN , TX, VA, WV)","GED","In CBSA, in central city","NO","3: Mother","NO","NO","NO","NO","YES","0: 0  CONDITION DOES NOT APPLY","ALWAYS WITH RIGHT HAND","ALWAYS WITH RIGHT HAND","ALWAYS WITH RIGHT HAND","ALWAYS WITH RIGHT HAND","ALWAYS WITH LEFT HAND","1: 1  CONDITION APPLIES","1: 1  CONDITION APPLIES","NO","FEMALE","MALE"
1983,64735,3,1,2,25000,5,183,1,1,5,7,2,4,2,1,1,1,1,2,1,7,2,1,32,21,"Male","Non-Black / Non-Hispanic","North Central (IL, IN, IA, KS, MI, MN, MO, NE, OH, ND, SD, WI)","High school diploma (Regular 12 year program)","In CBSA, not in central city","NO","3: Mother","YES","NO","NO","NO","YES","0: 0  CONDITION DOES NOT APPLY","ALWAYS WITH RIGHT HAND","ALWAYS WITH RIGHT HAND","ALWAYS WITH RIGHT HAND","ALWAYS WITH RIGHT HAND","ALWAYS WITH LEFT HAND","0: 0  CONDITION DOES NOT APPLY","1: 1  CONDITION APPLIES","NO","MALE","MALE"
1981,64735,3,0,1,33790,5,184,3,1,3,4,4,5,2,2,1,2,1,4,6,6,1,1,27,7,"Female","Non-Black / Non-Hispanic","North Central (IL, IN, IA, KS, MI, MN, MO, NE, OH, ND, SD, WI)","High school diploma (Regular 12 year program)","In CBSA, not in central city","NO","3: Mother","YES","NO","NO","NO","YES","0: 0  CONDITION DOES NOT APPLY","ALWAYS WITH RIGHT HAND","ALWAYS WITH RIGHT HAND","ALWAYS WITH RIGHT HAND","ALWAYS WITH RIGHT HAND","ALWAYS WITH LEFT HAND","1: 1  CONDITION APPLIES","1: 1  CONDITION APPLIES","NO","MALE","FEMALE"
1982,64735,1,0,3,33790,5,184,1,2,3,3,4,3,1,2,1,2,2,4,4,6,1,1,28,19,"Male","Non-Black / Non-Hispanic","North Central (IL, IN, IA, KS, MI, MN, MO, NE, OH, ND, SD, WI)","Bachelor's degree (BA, BS)","Not in CBSA","NO","3: Mother","NO","NO","NO","NO","NO","0: 0  CONDITION DOES NOT APPLY","ALWAYS WITH RIGHT HAND","ALWAYS WITH RIGHT HAND","USUALLY WITH BOTH HANDS EQUALLY","ALWAYS WITH RIGHT HAND","ALWAYS WITH LEFT HAND","0: 0  CONDITION DOES NOT APPLY","1: 1  CONDITION APPLIES","NO","MALE","MALE"
1983,64735,4,1,4,33790,6,187,1,1,5,4,2,4,2,2,1,2,2,7,6,6,1,1,4,8,"Male","Black","North Central (IL, IN, IA, KS, MI, MN, MO, NE, OH, ND, SD, WI)","High school diploma (Regular 12 year program)","In CBSA, in central city","NO","3: Mother","NO","NO","NO","NO","YES","0: 0  CONDITION DOES NOT APPLY","ALWAYS WITH RIGHT HAND","DON'T DO THIS ACTIVITY","DON'T DO THIS ACTIVITY","DON'T DO THIS ACTIVITY","ALWAYS WITH LEFT HAND","0: 0  CONDITION DOES NOT APPLY","1: 1  CONDITION APPLIES","NO","FEMALE","FEMALE"
1981,64735,3,1,3,33790,5,190,1,2,2,3,3,3,2,1,1,1,2,4,4,6,1,1,28,20,"Female","Black","Northeast (CT, ME, MA, NH, NJ, NY, PA, RI, VT)","High school diploma (Regular 12 year program)","In CBSA, not in central city","NO","3: Mother","NO","NO","NO","NO","YES","0: 0  CONDITION DOES NOT APPLY","ALWAYS WITH RIGHT HAND","ALWAYS WITH RIGHT HAND","ALWAYS WITH RIGHT HAND","ALWAYS WITH RIGHT HAND","ALWAYS WITH LEFT HAND","1: 1  CONDITION APPLIES","1: 1  CONDITION APPLIES","NO","FEMALE","FEMALE"
1981,64735,2,0,2,33790,5,220,1,1,2,1,3,3,2,2,1,2,1,5,2,7,1,1,30,22,"Female","Black","South (AL, AR, DE, DC, FL, GA, KY, LA, MD, MS, NC, OK, SC, TN , TX, VA, WV)","Bachelor's degree (BA, BS)","In CBSA, not in central city","NO","3: Mother","NO","NO","NO","NO","NO","0: 0  CONDITION DOES NOT APPLY","ALWAYS WITH RIGHT HAND","ALWAYS WITH RIGHT HAND","ALWAYS WITH RIGHT HAND","ALWAYS WITH RIGHT HAND","ALWAYS WITH LEFT HAND","1: 1  CONDITION APPLIES","1: 1  CONDITION APPLIES","NO","FEMALE","MALE"
1980,64735,5,0,1,33790,5,181,1,2,3,3,2,2,2,2,1,1,1,6,2,5,1,1,27,19,"Female","Black","North Central (IL, IN, IA, KS, MI, MN, MO, NE, OH, ND, SD, WI)","GED","Not in CBSA","NO","3: Mother","NO","YES","NO","NO","YES","0: 0  CONDITION DOES NOT APPLY","ALWAYS WITH RIGHT HAND","ALWAYS WITH RIGHT HAND","ALWAYS WITH RIGHT HAND","ALWAYS WITH RIGHT HAND","ALWAYS WITH LEFT HAND","1: 1  CONDITION APPLIES","1: 1  CONDITION APPLIES","NO","MALE","MALE"
1980,85500,3,1,2,33790,6,181,1,2,4,4,2,3,2,4,2,4,2,2,5,9,1,1,31,27,"Female","Non-Black / Non-Hispanic","South (AL, AR, DE, DC, FL, GA, KY, LA, MD, MS, NC, OK, SC, TN , TX, VA, WV)","High school diploma (Regular 12 year program)","In CBSA, not in central city","NO","3: Mother","YES","NO","NO","NO","NO","0: 0  CONDITION DOES NOT APPLY","ALWAYS WITH RIGHT HAND","ALWAYS WITH RIGHT HAND","ALWAYS WITH RIGHT HAND","ALWAYS WITH RIGHT HAND","ALWAYS WITH LEFT HAND","1: 1  CONDITION APPLIES","1: 1  CONDITION APPLIES","NO","FEMALE","FEMALE"
1980,64735,3,1,1,33790,5,180,1,2,2,5,1,4,2,2,2,2,1,5,4,7,1,1,34,19,"Female","Black","South (AL, AR, DE, DC, FL, GA, KY, LA, MD, MS, NC, OK, SC, TN , TX, VA, WV)","Bachelor's degree (BA, BS)","Not in CBSA","NO","3: Mother","YES","YES","NO","NO","YES","0: 0  CONDITION DOES NOT APPLY","ALWAYS WITH RIGHT HAND","ALWAYS WITH RIGHT HAND","ALWAYS WITH RIGHT HAND","ALWAYS WITH RIGHT HAND","ALWAYS WITH LEFT HAND","1: 1  CONDITION APPLIES","1: 1  CONDITION APPLIES","NO","MALE","FEMALE"
1983,64735,3,1,1,33790,5,124,1,1,1,3,3,4,2,2,1,1,1,5,3,8,1,1,25,1,"Female","Non-Black / Non-Hispanic","West (AK, AZ, CA, CO, HI, ID, MT, NV, NM, OR, UT, WA, WY)","Professional degree (DDS, JD, MD)","In CBSA, not in central city","NO","3: Mother","YES","YES","NO","NO","YES","0: 0  CONDITION DOES NOT APPLY","ALWAYS WITH RIGHT HAND","ALWAYS WITH RIGHT HAND","ALWAYS WITH RIGHT HAND","ALWAYS WITH RIGHT HAND","ALWAYS WITH LEFT HAND","0: 0  CONDITION DOES NOT APPLY","1: 1  CONDITION APPLIES","NO","MALE","MALE"
1981,64735,4,1,3,33790,6,184,1,1,3,2,2,4,2,1,2,1,1,4,2,6,1,1,32,19,"Female","Non-Black / Non-Hispanic","West (AK, AZ, CA, CO, HI, ID, MT, NV, NM, OR, UT, WA, WY)","None","Not in CBSA","NO","3: Mother","YES","NO","NO","NO","NO","0: 0  CONDITION DOES NOT APPLY","ALWAYS WITH RIGHT HAND","ALWAYS WITH RIGHT HAND","ALWAYS WITH RIGHT HAND","ALWAYS WITH RIGHT HAND","ALWAYS WITH LEFT HAND","1: 1  CONDITION APPLIES","1: 1  CONDITION APPLIES","NO","FEMALE","FEMALE"
1986,64735,4,1,2,33790,5,182,1,1,3,3,4,4,2,2,1,2,1,3,2,7,1,1,33,21,"Male","Non-Black / Non-Hispanic","South (AL, AR, DE, DC, FL, GA, KY, LA, MD, MS, NC, OK, SC, TN , TX, VA, WV)","High school diploma (Regular 12 year program)","In CBSA, not in central city","NO","3: Mother","YES","NO","NO","NO","YES","0: 0  CONDITION DOES NOT APPLY","ALWAYS WITH LEFT HAND","ALWAYS WITH LEFT HAND","ALWAYS WITH LEFT HAND","ALWAYS WITH RIGHT HAND","ALWAYS WITH LEFT HAND","0: 0  CONDITION DOES NOT APPLY","1: 1  CONDITION APPLIES","NO","MALE","FEMALE"
1981,64735,1,0,4,33790,5,183,2,1,5,2,1,1,2,2,1,1,1,3,1,5,1,1,30,22,"Male","Non-Black / Non-Hispanic","South (AL, AR, DE, DC, FL, GA, KY, LA, MD, MS, NC, OK, SC, TN , TX, VA, WV)","High school diploma (Regular 12 year program)","Not in CBSA","NO","3: Mother","YES","NO","NO","YES","YES","0: 0  CONDITION DOES NOT APPLY","ALWAYS WITH RIGHT HAND","ALWAYS WITH RIGHT HAND","USUALLY WITH BOTH HANDS EQUALLY","ALWAYS WITH RIGHT HAND","ALWAYS WITH LEFT HAND","1: 1  CONDITION APPLIES","1: 1  CONDITION APPLIES","YES","FEMALE","MALE"
1980,64735,1,0,3,33790,6,340,1,2,1,5,3,4,2,2,1,2,1,4,3,6,1,1,23,17,"Male","Non-Black / Non-Hispanic","North Central (IL, IN, IA, KS, MI, MN, MO, NE, OH, ND, SD, WI)","High school diploma (Regular 12 year program)","In CBSA, not in central city","NO","3: Mother","NO","NO","NO","YES","YES","0: 0  CONDITION DOES NOT APPLY","ALWAYS WITH RIGHT HAND","ALWAYS WITH RIGHT HAND","ALWAYS WITH RIGHT HAND","ALWAYS WITH RIGHT HAND","ALWAYS WITH LEFT HAND","1: 1  CONDITION APPLIES","1: 1  CONDITION APPLIES","NO","FEMALE","FEMALE"
1983,64735,4,0,3,33790,5,183,1,1,2,2,3,4,2,2,2,1,1,4,1,8,1,1,30,23,"Male","Black","South (AL, AR, DE, DC, FL, GA, KY, LA, MD, MS, NC, OK, SC, TN , TX, VA, WV)","High school diploma (Regular 12 year program)","Not in CBSA","NO","3: Mother","NO","YES","NO","NO","YES","0: 0  CONDITION DOES NOT APPLY","ALWAYS WITH RIGHT HAND","ALWAYS WITH LEFT HAND","ALWAYS WITH RIGHT HAND","ALWAYS WITH LEFT HAND","ALWAYS WITH LEFT HAND","1: 1  CONDITION APPLIES","1: 1  CONDITION APPLIES","NO","MALE","MALE"
1980,64735,2,0,3,33790,5,183,1,1,3,4,3,5,2,2,1,2,1,5,3,5,1,1,33,24,"Male","Black","South (AL, AR, DE, DC, FL, GA, KY, LA, MD, MS, NC, OK, SC, TN , TX, VA, WV)","Bachelor's degree (BA, BS)","In CBSA, not in central city","NO","3: Mother","YES","YES","NO","NO","YES","0: 0  CONDITION DOES NOT APPLY","ALWAYS WITH RIGHT HAND","ALWAYS WITH RIGHT HAND","ALWAYS WITH RIGHT HAND","USUALLY WITH BOTH HANDS EQUALLY","ALWAYS WITH LEFT HAND","1: 1  CONDITION APPLIES","1: 1  CONDITION APPLIES","NO","FEMALE","MALE"
1983,64735,4,1,2,33790,5,182,1,1,2,4,4,4,2,2,1,2,1,3,2,9,1,1,32,21,"Male","Non-Black / Non-Hispanic","North Central (IL, IN, IA, KS, MI, MN, MO, NE, OH, ND, SD, WI)","High school diploma (Regular 12 year program)","In CBSA, not in central city","NO","3: Mother","YES","NO","NO","NO","YES","0: 0  CONDITION DOES NOT APPLY","ALWAYS WITH RIGHT HAND","ALWAYS WITH RIGHT HAND","ALWAYS WITH LEFT HAND","ALWAYS WITH RIGHT HAND","ALWAYS WITH RIGHT HAND","1: 1  CONDITION APPLIES","1: 1  CONDITION APPLIES","NO","FEMALE","FEMALE"
1982,87000,3,0,4,33790,5,184,2,1,3,4,3,5,2,1,1,1,1,6,2,4,1,1,31,19,"Female","Non-Black / Non-Hispanic","North Central (IL, IN, IA, KS, MI, MN, MO, NE, OH, ND, SD, WI)","Associate/Junior college (AA)","In CBSA, not in central city","NO","3: Mother","NO","YES","NO","NO","YES","0: 0  CONDITION DOES NOT APPLY","ALWAYS WITH RIGHT HAND","ALWAYS WITH RIGHT HAND","ALWAYS WITH RIGHT HAND","ALWAYS WITH RIGHT HAND","ALWAYS WITH LEFT HAND","1: 1  CONDITION APPLIES","1: 1  CONDITION APPLIES","YES","FEMALE","MALE"
1983,64735,3,0,2,33790,5,173,1,1,3,5,2,5,2,2,1,1,2,4,2,6,1,1,30,21,"Female","Black","South (AL, AR, DE, DC, FL, GA, KY, LA, MD, MS, NC, OK, SC, TN , TX, VA, WV)","High school diploma (Regular 12 year program)","In CBSA, not in central city","NO","3: Mother","NO","YES","NO","NO","YES","0: 0  CONDITION DOES NOT APPLY","ALWAYS WITH RIGHT HAND","ALWAYS WITH RIGHT HAND","ALWAYS WITH RIGHT HAND","ALWAYS WITH RIGHT HAND","ALWAYS WITH LEFT HAND","1: 1  CONDITION APPLIES","1: 1  CONDITION APPLIES","NO","MALE","MALE"
1982,64735,3,0,1,33790,5,183,1,2,2,1,3,3,2,2,1,1,1,6,3,6,1,1,38,28,"Male","Black","South (AL, AR, DE, DC, FL, GA, KY, LA, MD, MS, NC, OK, SC, TN , TX, VA, WV)","High school diploma (Regular 12 year program)","In CBSA, not in central city","YES","3: Mother","NO","NO","NO","NO","YES","0: 0  CONDITION DOES NOT APPLY","ALWAYS WITH RIGHT HAND","ALWAYS WITH RIGHT HAND","ALWAYS WITH RIGHT HAND","ALWAYS WITH RIGHT HAND","ALWAYS WITH LEFT HAND","1: 1  CONDITION APPLIES","1: 1  CONDITION APPLIES","NO","FEMALE","FEMALE"
1981,64735,3,1,2,33790,6,184,1,2,2,4,2,2,2,2,2,2,1,6,3,6,1,1,31,27,"Male","Black","West (AK, AZ, CA, CO, HI, ID, MT, NV, NM, OR, UT, WA, WY)","High school diploma (Regular 12 year program)","In CBSA, not in central city","NO","3: Mother","NO","YES","NO","NO","NO","0: 0  CONDITION DOES NOT APPLY","ALWAYS WITH RIGHT HAND","ALWAYS WITH RIGHT HAND","USUALLY WITH BOTH HANDS EQUALLY","ALWAYS WITH RIGHT HAND","ALWAYS WITH LEFT HAND","1: 1  CONDITION APPLIES","1: 1  CONDITION APPLIES","NO","FEMALE","FEMALE"
1983,64735,2,0,3,33790,5,183,2,2,1,6,4,3,2,2,1,2,1,5,1,5,1,1,32,19,"Female","Black","South (AL, AR, DE, DC, FL, GA, KY, LA, MD, MS, NC, OK, SC, TN , TX, VA, WV)","High school diploma (Regular 12 year program)","In CBSA, not in central city","NO","3: Mother","NO","YES","NO","NO","YES","0: 0  CONDITION DOES NOT APPLY","ALWAYS WITH RIGHT HAND","ALWAYS WITH RIGHT HAND","ALWAYS WITH RIGHT HAND","ALWAYS WITH RIGHT HAND","ALWAYS WITH LEFT HAND","1: 1  CONDITION APPLIES","1: 1  CONDITION APPLIES","NO","MALE","FEMALE"
1981,64735,3,1,2,33790,5,205,1,2,1,3,1,4,2,2,1,2,1,4,3,7,1,1,28,7,"Female","Non-Black / Non-Hispanic","South (AL, AR, DE, DC, FL, GA, KY, LA, MD, MS, NC, OK, SC, TN , TX, VA, WV)","High school diploma (Regular 12 year program)","In CBSA, not in central city","NO","3: Mother","NO","YES","NO","NO","YES","0: 0  CONDITION DOES NOT APPLY","ALWAYS WITH RIGHT HAND","ALWAYS WITH RIGHT HAND","ALWAYS WITH RIGHT HAND","ALWAYS WITH RIGHT HAND","ALWAYS WITH LEFT HAND","1: 1  CONDITION APPLIES","1: 1  CONDITION APPLIES","NO","MALE","FEMALE"
1981,64735,5,0,1,33790,5,160,1,1,1,3,4,4,2,2,1,2,1,7,6,8,1,1,30,21,"Male","Black","South (AL, AR, DE, DC, FL, GA, KY, LA, MD, MS, NC, OK, SC, TN , TX, VA, WV)","Master's degree (MA, MS)","In CBSA, in central city","NO","3: Mother","NO","YES","NO","NO","YES","0: 0  CONDITION DOES NOT APPLY","ALWAYS WITH RIGHT HAND","ALWAYS WITH RIGHT HAND","ALWAYS WITH RIGHT HAND","ALWAYS WITH RIGHT HAND","ALWAYS WITH LEFT HAND","1: 1  CONDITION APPLIES","1: 1  CONDITION APPLIES","NO","FEMALE","FEMALE"
1980,64735,2,0,1,33790,5,183,2,2,2,3,2,4,2,2,1,1,1,4,2,6,1,1,32,23,"Female","Black","South (AL, AR, DE, DC, FL, GA, KY, LA, MD, MS, NC, OK, SC, TN , TX, VA, WV)","High school diploma (Regular 12 year program)","In CBSA, in central city","NO","3: Mother","NO","YES","NO","NO","YES","0: 0  CONDITION DOES NOT APPLY","ALWAYS WITH RIGHT HAND","ALWAYS WITH RIGHT HAND","ALWAYS WITH RIGHT HAND","ALWAYS WITH RIGHT HAND","ALWAYS WITH LEFT HAND","1: 1  CONDITION APPLIES","1: 1  CONDITION APPLIES","NO","MALE","FEMALE"
1982,64735,3,0,3,33790,5,180,1,1,3,4,3,4,2,1,1,1,1,2,2,7,1,1,26,18,"Female","Non-Black / Non-Hispanic","South (AL, AR, DE, DC, FL, GA, KY, LA, MD, MS, NC, OK, SC, TN , TX, VA, WV)","Bachelor's degree (BA, BS)","In CBSA, not in central city","NO","3: Mother","YES","YES","NO","NO","YES","0: 0  CONDITION DOES NOT APPLY","ALWAYS WITH RIGHT HAND","ALWAYS WITH RIGHT HAND","ALWAYS WITH RIGHT HAND","ALWAYS WITH RIGHT HAND","ALWAYS WITH LEFT HAND","1: 1  CONDITION APPLIES","1: 1  CONDITION APPLIES","NO","FEMALE","FEMALE"
1982,64735,4,0,2,33790,5,183,1,2,1,4,3,4,2,2,2,2,1,3,3,7,2,1,35,22,"Male","Non-Black / Non-Hispanic","South (AL, AR, DE, DC, FL, GA, KY, LA, MD, MS, NC, OK, SC, TN , TX, VA, WV)","Bachelor's degree (BA, BS)","In CBSA, not in central city","NO","3: Mother","YES","NO","NO","NO","YES","0: 0  CONDITION DOES NOT APPLY","ALWAYS WITH RIGHT HAND","ALWAYS WITH RIGHT HAND","USUALLY WITH RIGHT HAND","USUALLY WITH RIGHT HAND","ALWAYS WITH LEFT HAND","1: 1  CONDITION APPLIES","1: 1  CONDITION APPLIES","NO","MALE","MALE"
1980,64735,4,1,1,33790,5,183,1,2,4,5,1,5,2,2,1,2,2,1,4,7,2,1,33,21,"Male","Hispanic","South (AL, AR, DE, DC, FL, GA, KY, LA, MD, MS, NC, OK, SC, TN , TX, VA, WV)","High school diploma (Regular 12 year program)","In CBSA, not in central city","NO","3: Mother","YES","NO","NO","NO","YES","0: 0  CONDITION DOES NOT APPLY","ALWAYS WITH LEFT HAND","ALWAYS WITH RIGHT HAND","ALWAYS WITH RIGHT HAND","ALWAYS WITH RIGHT HAND","ALWAYS WITH LEFT HAND","1: 1  CONDITION APPLIES","1: 1  CONDITION APPLIES","NO","FEMALE","FEMALE"
1981,64735,3,1,2,33790,5,183,1,1,3,4,3,3,2,2,2,1,2,3,1,7,1,1,26,8,"Male","Non-Black / Non-Hispanic","North Central (IL, IN, IA, KS, MI, MN, MO, NE, OH, ND, SD, WI)","High school diploma (Regular 12 year program)","In CBSA, in central city","NO","3: Mother","NO","NO","NO","NO","YES","0: 0  CONDITION DOES NOT APPLY","ALWAYS WITH RIGHT HAND","ALWAYS WITH RIGHT HAND","ALWAYS WITH RIGHT HAND","ALWAYS WITH RIGHT HAND","ALWAYS WITH LEFT HAND","1: 1  CONDITION APPLIES","0: 0  CONDITION DOES NOT APPLY","NO","FEMALE","MALE"
1981,64735,4,0,2,33790,5,181,1,1,1,3,5,5,2,2,1,1,1,6,2,7,1,1,31,20,"Male","Non-Black / Non-Hispanic","West (AK, AZ, CA, CO, HI, ID, MT, NV, NM, OR, UT, WA, WY)","High school diploma (Regular 12 year program)","Not in CBSA","YES","3: Mother","NO","YES","NO","NO","YES","0: 0  CONDITION DOES NOT APPLY","ALWAYS WITH RIGHT HAND","ALWAYS WITH RIGHT HAND","ALWAYS WITH RIGHT HAND","ALWAYS WITH RIGHT HAND","ALWAYS WITH LEFT HAND","0: 0  CONDITION DOES NOT APPLY","0: 0  CONDITION DOES NOT APPLY","YES","FEMALE","FEMALE"
1981,64735,2,0,1,33790,5,181,1,1,2,4,6,6,2,2,1,2,2,7,3,6,2,1,29,21,"Female","Non-Black / Non-Hispanic","South (AL, AR, DE, DC, FL, GA, KY, LA, MD, MS, NC, OK, SC, TN , TX, VA, WV)","High school diploma (Regular 12 year program)","In CBSA, not in central city","NO","3: Mother","NO","YES","NO","NO","YES","0: 0  CONDITION DOES NOT APPLY","ALWAYS WITH RIGHT HAND","ALWAYS WITH RIGHT HAND","ALWAYS WITH RIGHT HAND","ALWAYS WITH RIGHT HAND","ALWAYS WITH LEFT HAND","1: 1  CONDITION APPLIES","1: 1  CONDITION APPLIES","NO","MALE","FEMALE"
1984,64735,3,1,3,33790,6,183,1,1,5,3,5,5,2,2,2,2,1,2,2,7,1,1,31,19,"Male","Non-Black / Non-Hispanic","West (AK, AZ, CA, CO, HI, ID, MT, NV, NM, OR, UT, WA, WY)","High school diploma (Regular 12 year program)","In CBSA, not in central city","NO","3: Mother","YES","NO","NO","NO","NO","0: 0  CONDITION DOES NOT APPLY","ALWAYS WITH RIGHT HAND","ALWAYS WITH LEFT HAND","ALWAYS WITH RIGHT HAND","ALWAYS WITH RIGHT HAND","ALWAYS WITH LEFT HAND","0: 0  CONDITION DOES NOT APPLY","1: 1  CONDITION APPLIES","NO","MALE","FEMALE"
1982,64735,4,1,1,33790,5,179,1,2,2,3,2,2,1,1,2,1,1,4,3,7,1,1,31,19,"Male","Black","South (AL, AR, DE, DC, FL, GA, KY, LA, MD, MS, NC, OK, SC, TN , TX, VA, WV)","GED","In CBSA, not in central city","NO","3: Mother","YES","NO","NO","NO","NO","0: 0  CONDITION DOES NOT APPLY","ALWAYS WITH RIGHT HAND","ALWAYS WITH RIGHT HAND","ALWAYS WITH RIGHT HAND","ALWAYS WITH RIGHT HAND","USUALLY WITH LEFT HAND","1: 1  CONDITION APPLIES","1: 1  CONDITION APPLIES","NO","FEMALE","FEMALE"
1983,64735,4,1,4,33790,5,185,1,1,3,4,2,3,2,2,1,2,1,5,2,5,1,1,10,15,"Female","Black","South (AL, AR, DE, DC, FL, GA, KY, LA, MD, MS, NC, OK, SC, TN , TX, VA, WV)","Bachelor's degree (BA, BS)","In CBSA, not in central city","NO","3: Mother","NO","NO","NO","NO","YES","0: 0  CONDITION DOES NOT APPLY","ALWAYS WITH RIGHT HAND","ALWAYS WITH RIGHT HAND","ALWAYS WITH RIGHT HAND","ALWAYS WITH RIGHT HAND","ALWAYS WITH LEFT HAND","1: 1  CONDITION APPLIES","1: 1  CONDITION APPLIES","NO","MALE","MALE"
1983,64735,6,1,2,27000,5,182,1,1,8,2,1,3,1,2,2,2,1,7,3,8,1,1,32,24,"Male","Non-Black / Non-Hispanic","South (AL, AR, DE, DC, FL, GA, KY, LA, MD, MS, NC, OK, SC, TN , TX, VA, WV)","High school diploma (Regular 12 year program)","In CBSA, not in central city","YES","3: Mother","YES","NO","NO","NO","YES","0: 0  CONDITION DOES NOT APPLY","ALWAYS WITH RIGHT HAND","ALWAYS WITH RIGHT HAND","ALWAYS WITH RIGHT HAND","ALWAYS WITH RIGHT HAND","ALWAYS WITH LEFT HAND","1: 1  CONDITION APPLIES","1: 1  CONDITION APPLIES","NO","FEMALE","MALE"
1983,64735,4,1,7,33790,5,182,1,2,1,5,4,3,2,2,1,2,1,6,6,7,1,1,28,20,"Male","Black","South (AL, AR, DE, DC, FL, GA, KY, LA, MD, MS, NC, OK, SC, TN , TX, VA, WV)","High school diploma (Regular 12 year program)","In CBSA, not in central city","NO","3: Mother","NO","NO","NO","NO","YES","0: 0  CONDITION DOES NOT APPLY","ALWAYS WITH RIGHT HAND","ALWAYS WITH RIGHT HAND","ALWAYS WITH RIGHT HAND","ALWAYS WITH RIGHT HAND","ALWAYS WITH LEFT HAND","1: 1  CONDITION APPLIES","1: 1  CONDITION APPLIES","NO","FEMALE","MALE"
1984,64735,3,0,1,50000,6,220,2,2,3,3,2,2,1,2,2,1,1,5,2,5,1,1,32,21,"Male","Non-Black / Non-Hispanic","South (AL, AR, DE, DC, FL, GA, KY, LA, MD, MS, NC, OK, SC, TN , TX, VA, WV)","High school diploma (Regular 12 year program)","In CBSA, not in central city","NO","3: Mother","YES","NO","NO","NO","NO","0: 0  CONDITION DOES NOT APPLY","ALWAYS WITH RIGHT HAND","ALWAYS WITH RIGHT HAND","ALWAYS WITH RIGHT HAND","ALWAYS WITH RIGHT HAND","ALWAYS WITH LEFT HAND","1: 1  CONDITION APPLIES","1: 1  CONDITION APPLIES","NO","FEMALE","FEMALE"
1982,64735,3,0,2,33790,5,182,2,1,3,3,1,5,2,2,1,2,1,7,4,7,1,1,28,22,"Male","Non-Black / Non-Hispanic","South (AL, AR, DE, DC, FL, GA, KY, LA, MD, MS, NC, OK, SC, TN , TX, VA, WV)","High school diploma (Regular 12 year program)","In CBSA, in central city","NO","3: Mother","NO","YES","NO","NO","NO","0: 0  CONDITION DOES NOT APPLY","ALWAYS WITH RIGHT HAND","ALWAYS WITH RIGHT HAND","USUALLY WITH BOTH HANDS EQUALLY","ALWAYS WITH RIGHT HAND","ALWAYS WITH LEFT HAND","1: 1  CONDITION APPLIES","1: 1  CONDITION APPLIES","NO","FEMALE","MALE"
1984,64735,3,0,5,33790,5,182,2,1,5,4,4,4,2,2,1,2,1,3,3,8,1,1,28,24,"Male","Non-Black / Non-Hispanic","South (AL, AR, DE, DC, FL, GA, KY, LA, MD, MS, NC, OK, SC, TN , TX, VA, WV)","Bachelor's degree (BA, BS)","In CBSA, not in central city","YES","3: Mother","YES","YES","NO","NO","NO","0: 0  CONDITION DOES NOT APPLY","ALWAYS WITH RIGHT HAND","ALWAYS WITH RIGHT HAND","ALWAYS WITH RIGHT HAND","ALWAYS WITH RIGHT HAND","ALWAYS WITH LEFT HAND","1: 1  CONDITION APPLIES","1: 1  CONDITION APPLIES","NO","FEMALE","MALE"
1980,64735,4,1,3,70000,5,184,2,2,3,3,3,2,2,1,1,1,2,1,1,5,1,1,31,16,"Male","Non-Black / Non-Hispanic","South (AL, AR, DE, DC, FL, GA, KY, LA, MD, MS, NC, OK, SC, TN , TX, VA, WV)","High school diploma (Regular 12 year program)","Not in CBSA","NO","3: Mother","YES","NO","NO","NO","YES","0: 0  CONDITION DOES NOT APPLY","ALWAYS WITH RIGHT HAND","ALWAYS WITH RIGHT HAND","ALWAYS WITH RIGHT HAND","ALWAYS WITH RIGHT HAND","ALWAYS WITH LEFT HAND","1: 1  CONDITION APPLIES","1: 1  CONDITION APPLIES","NO","FEMALE","FEMALE"
1983,64735,3,1,2,33790,6,187,1,1,1,5,2,3,2,2,2,2,1,6,2,5,1,1,33,23,"Male","Black","South (AL, AR, DE, DC, FL, GA, KY, LA, MD, MS, NC, OK, SC, TN , TX, VA, WV)","High school diploma (Regular 12 year program)","In CBSA, in central city","NO","3: Mother","NO","YES","NO","NO","NO","0: 0  CONDITION DOES NOT APPLY","ALWAYS WITH RIGHT HAND","ALWAYS WITH RIGHT HAND","ALWAYS WITH RIGHT HAND","ALWAYS WITH RIGHT HAND","ALWAYS WITH LEFT HAND","1: 1  CONDITION APPLIES","1: 1  CONDITION APPLIES","NO","FEMALE","MALE"
1983,64735,5,1,4,33790,5,186,2,2,5,1,2,2,2,2,2,2,1,1,3,6,1,1,5,13,"Female","Non-Black / Non-Hispanic","South (AL, AR, DE, DC, FL, GA, KY, LA, MD, MS, NC, OK, SC, TN , TX, VA, WV)","Associate/Junior college (AA)","In CBSA, in central city","NO","3: Mother","NO","YES","NO","NO","NO","0: 0  CONDITION DOES NOT APPLY","ALWAYS WITH RIGHT HAND","ALWAYS WITH RIGHT HAND","ALWAYS WITH RIGHT HAND","ALWAYS WITH RIGHT HAND","ALWAYS WITH LEFT HAND","1: 1  CONDITION APPLIES","1: 1  CONDITION APPLIES","YES","FEMALE","FEMALE"
1981,64735,3,0,2,33790,5,186,2,2,4,4,2,4,2,2,1,2,2,1,3,7,1,1,27,19,"Male","Non-Black / Non-Hispanic","South (AL, AR, DE, DC, FL, GA, KY, LA, MD, MS, NC, OK, SC, TN , TX, VA, WV)","Associate/Junior college (AA)","In CBSA, not in central city","NO","3: Mother","NO","NO","NO","NO","YES","0: 0  CONDITION DOES NOT APPLY","ALWAYS WITH RIGHT HAND","ALWAYS WITH RIGHT HAND","ALWAYS WITH RIGHT HAND","ALWAYS WITH RIGHT HAND","ALWAYS WITH LEFT HAND","1: 1  CONDITION APPLIES","1: 1  CONDITION APPLIES","NO","FEMALE","MALE"
1982,64735,2,0,1,33790,5,182,1,2,2,3,4,4,2,2,2,2,2,7,3,7,1,1,34,24,"Male","Non-Black / Non-Hispanic","South (AL, AR, DE, DC, FL, GA, KY, LA, MD, MS, NC, OK, SC, TN , TX, VA, WV)","High school diploma (Regular 12 year program)","In CBSA, not in central city","NO","3: Mother","YES","NO","NO","NO","NO","0: 0  CONDITION DOES NOT APPLY","ALWAYS WITH RIGHT HAND","ALWAYS WITH RIGHT HAND","ALWAYS WITH RIGHT HAND","ALWAYS WITH RIGHT HAND","ALWAYS WITH LEFT HAND","1: 1  CONDITION APPLIES","1: 1  CONDITION APPLIES","NO","FEMALE","FEMALE"
1980,64735,4,0,2,33790,6,185,1,1,1,3,3,3,2,2,1,2,1,4,5,3,1,1,29,20,"Female","Non-Black / Non-Hispanic","South (AL, AR, DE, DC, FL, GA, KY, LA, MD, MS, NC, OK, SC, TN , TX, VA, WV)","GED","In CBSA, in central city","NO","3: Mother","YES","YES","NO","YES","NO","0: 0  CONDITION DOES NOT APPLY","ALWAYS WITH RIGHT HAND","ALWAYS WITH RIGHT HAND","USUALLY WITH RIGHT HAND","ALWAYS WITH RIGHT HAND","ALWAYS WITH LEFT HAND","1: 1  CONDITION APPLIES","1: 1  CONDITION APPLIES","NO","FEMALE","MALE"
1980,64735,5,0,2,33790,5,178,1,1,4,4,2,4,2,2,2,1,2,2,4,7,1,1,35,21,"Female","Black","South (AL, AR, DE, DC, FL, GA, KY, LA, MD, MS, NC, OK, SC, TN , TX, VA, WV)","None","Not in CBSA","NO","3: Mother","NO","YES","NO","NO","YES","0: 0  CONDITION DOES NOT APPLY","ALWAYS WITH RIGHT HAND","ALWAYS WITH RIGHT HAND","USUALLY WITH BOTH HANDS EQUALLY","ALWAYS WITH RIGHT HAND","ALWAYS WITH LEFT HAND","1: 1  CONDITION APPLIES","1: 1  CONDITION APPLIES","NO","FEMALE","FEMALE"
1980,64735,2,0,1,33790,5,184,1,1,1,3,3,4,2,1,1,1,1,2,3,6,1,1,33,21,"Male","Black","South (AL, AR, DE, DC, FL, GA, KY, LA, MD, MS, NC, OK, SC, TN , TX, VA, WV)","High school diploma (Regular 12 year program)","In CBSA, in central city","NO","3: Mother","YES","NO","NO","NO","YES","0: 0  CONDITION DOES NOT APPLY","ALWAYS WITH RIGHT HAND","ALWAYS WITH RIGHT HAND","ALWAYS WITH RIGHT HAND","ALWAYS WITH RIGHT HAND","ALWAYS WITH LEFT HAND","1: 1  CONDITION APPLIES","1: 1  CONDITION APPLIES","NO","MALE","MALE"
1980,64735,2,0,1,33790,5,183,1,2,2,4,5,4,2,2,1,1,1,6,3,7,1,1,27,23,"Female","Non-Black / Non-Hispanic","South (AL, AR, DE, DC, FL, GA, KY, LA, MD, MS, NC, OK, SC, TN , TX, VA, WV)","High school diploma (Regular 12 year program)","In CBSA, in central city","NO","3: Mother","YES","YES","NO","NO","YES","0: 0  CONDITION DOES NOT APPLY","ALWAYS WITH RIGHT HAND","ALWAYS WITH RIGHT HAND","ALWAYS WITH RIGHT HAND","ALWAYS WITH RIGHT HAND","ALWAYS WITH RIGHT HAND","1: 1  CONDITION APPLIES","1: 1  CONDITION APPLIES","NO","MALE","MALE"
1983,64735,5,0,3,33790,5,183,2,1,4,1,2,1,2,2,2,2,1,5,1,7,1,1,29,23,"Male","Black","South (AL, AR, DE, DC, FL, GA, KY, LA, MD, MS, NC, OK, SC, TN , TX, VA, WV)","None","Not in CBSA","NO","3: Mother","NO","YES","NO","NO","YES","0: 0  CONDITION DOES NOT APPLY","ALWAYS WITH RIGHT HAND","ALWAYS WITH RIGHT HAND","ALWAYS WITH RIGHT HAND","ALWAYS WITH RIGHT HAND","ALWAYS WITH LEFT HAND","1: 1  CONDITION APPLIES","1: 1  CONDITION APPLIES","NO","MALE","MALE"
1981,64735,4,0,3,33790,5,183,1,2,5,5,4,2,2,2,1,2,1,7,1,7,1,1,30,24,"Male","Black","South (AL, AR, DE, DC, FL, GA, KY, LA, MD, MS, NC, OK, SC, TN , TX, VA, WV)","High school diploma (Regular 12 year program)","In CBSA, not in central city","NO","3: Mother","YES","NO","NO","NO","YES","0: 0  CONDITION DOES NOT APPLY","ALWAYS WITH RIGHT HAND","ALWAYS WITH RIGHT HAND","ALWAYS WITH RIGHT HAND","ALWAYS WITH RIGHT HAND","ALWAYS WITH LEFT HAND","1: 1  CONDITION APPLIES","1: 1  CONDITION APPLIES","NO","FEMALE","FEMALE"
1983,64735,7,3,2,33790,5,115,1,2,3,4,2,3,2,2,1,2,1,6,6,6,1,1,24,9,"Female","Non-Black / Non-Hispanic","North Central (IL, IN, IA, KS, MI, MN, MO, NE, OH, ND, SD, WI)","High school diploma (Regular 12 year program)","Not in CBSA","NO","3: Mother","YES","NO","NO","NO","NO","0: 0  CONDITION DOES NOT APPLY","ALWAYS WITH RIGHT HAND","ALWAYS WITH RIGHT HAND","ALWAYS WITH RIGHT HAND","ALWAYS WITH RIGHT HAND","ALWAYS WITH LEFT HAND","1: 1  CONDITION APPLIES","1: 1  CONDITION APPLIES","NO","MALE","FEMALE"
1984,64735,3,0,1,33790,5,182,1,1,1,3,3,8,2,1,1,2,1,2,2,7,1,1,31,19,"Female","Black","West (AK, AZ, CA, CO, HI, ID, MT, NV, NM, OR, UT, WA, WY)","High school diploma (Regular 12 year program)","In CBSA, in central city","NO","3: Mother","NO","NO","NO","NO","YES","0: 0  CONDITION DOES NOT APPLY","ALWAYS WITH RIGHT HAND","ALWAYS WITH RIGHT HAND","ALWAYS WITH RIGHT HAND","ALWAYS WITH RIGHT HAND","USUALLY WITH BOTH HANDS EQUALLY","1: 1  CONDITION APPLIES","1: 1  CONDITION APPLIES","NO","FEMALE","FEMALE"
1984,64735,2,1,2,33790,5,184,2,1,4,4,1,3,2,2,2,2,1,2,5,7,1,1,1,14,"Male","Hispanic","West (AK, AZ, CA, CO, HI, ID, MT, NV, NM, OR, UT, WA, WY)","High school diploma (Regular 12 year program)","In CBSA, in central city","NO","3: Mother","NO","NO","NO","NO","YES","0: 0  CONDITION DOES NOT APPLY","ALWAYS WITH RIGHT HAND","ALWAYS WITH RIGHT HAND","ALWAYS WITH RIGHT HAND","ALWAYS WITH RIGHT HAND","ALWAYS WITH LEFT HAND","1: 1  CONDITION APPLIES","1: 1  CONDITION APPLIES","NO","FEMALE","FEMALE"
1983,64735,2,0,2,33790,5,184,1,1,1,4,5,4,2,2,1,2,1,5,2,6,1,1,32,23,"Male","Black","South (AL, AR, DE, DC, FL, GA, KY, LA, MD, MS, NC, OK, SC, TN , TX, VA, WV)","High school diploma (Regular 12 year program)","In CBSA, in central city","NO","3: Mother","NO","NO","NO","NO","YES","0: 0  CONDITION DOES NOT APPLY","ALWAYS WITH RIGHT HAND","ALWAYS WITH RIGHT HAND","ALWAYS WITH RIGHT HAND","ALWAYS WITH RIGHT HAND","ALWAYS WITH LEFT HAND","1: 1  CONDITION APPLIES","1: 1  CONDITION APPLIES","NO","FEMALE","FEMALE"
1981,64735,1,0,1,33790,5,183,1,1,6,3,2,4,2,2,2,2,1,6,1,5,2,1,29,25,"Male","Non-Black / Non-Hispanic","South (AL, AR, DE, DC, FL, GA, KY, LA, MD, MS, NC, OK, SC, TN , TX, VA, WV)","Bachelor's degree (BA, BS)","In CBSA, in central city","NO","3: Mother","NO","YES","NO","NO","NO","0: 0  CONDITION DOES NOT APPLY","USUALLY WITH BOTH HANDS EQUALLY","ALWAYS WITH RIGHT HAND","ALWAYS WITH LEFT HAND","USUALLY WITH LEFT HAND","ALWAYS WITH LEFT HAND","1: 1  CONDITION APPLIES","1: 1  CONDITION APPLIES","NO","FEMALE","MALE"
1983,64735,4,0,5,33790,5,187,2,2,2,2,2,7,2,2,2,2,2,1,2,8,2,1,28,18,"Male","Hispanic","West (AK, AZ, CA, CO, HI, ID, MT, NV, NM, OR, UT, WA, WY)","High school diploma (Regular 12 year program)","In CBSA, not in central city","NO","3: Mother","NO","YES","NO","NO","YES","0: 0  CONDITION DOES NOT APPLY","ALWAYS WITH LEFT HAND","ALWAYS WITH LEFT HAND","ALWAYS WITH RIGHT HAND","ALWAYS WITH LEFT HAND","ALWAYS WITH LEFT HAND","1: 1  CONDITION APPLIES","1: 1  CONDITION APPLIES","NO","FEMALE","FEMALE"
1981,64735,3,1,2,33790,5,182,2,1,4,4,1,3,2,2,1,2,2,7,6,7,1,1,20,17,"Female","Black","South (AL, AR, DE, DC, FL, GA, KY, LA, MD, MS, NC, OK, SC, TN , TX, VA, WV)","Bachelor's degree (BA, BS)","In CBSA, not in central city","NO","3: Mother","YES","NO","NO","NO","NO","0: 0  CONDITION DOES NOT APPLY","DON'T DO THIS ACTIVITY","DON'T DO THIS ACTIVITY","DON'T DO THIS ACTIVITY","ALWAYS WITH RIGHT HAND","ALWAYS WITH LEFT HAND","1: 1  CONDITION APPLIES","1: 1  CONDITION APPLIES","NO","FEMALE","FEMALE"
1982,64735,2,0,3,33790,5,181,1,1,3,2,1,1,2,2,2,2,1,3,3,4,1,1,24,20,"Male","Non-Black / Non-Hispanic","South (AL, AR, DE, DC, FL, GA, KY, LA, MD, MS, NC, OK, SC, TN , TX, VA, WV)","High school diploma (Regular 12 year program)","In CBSA, not in central city","NO","3: Mother","YES","NO","NO","NO","NO","0: 0  CONDITION DOES NOT APPLY","ALWAYS WITH RIGHT HAND","ALWAYS WITH RIGHT HAND","ALWAYS WITH RIGHT HAND","ALWAYS WITH RIGHT HAND","ALWAYS WITH LEFT HAND","1: 1  CONDITION APPLIES","1: 1  CONDITION APPLIES","NO","FEMALE","MALE"
1982,64735,3,1,3,33790,5,184,1,1,2,5,4,3,2,2,1,2,2,3,4,7,1,1,9,17,"Male","Non-Black / Non-Hispanic","South (AL, AR, DE, DC, FL, GA, KY, LA, MD, MS, NC, OK, SC, TN , TX, VA, WV)","GED","In CBSA, not in central city","NO","3: Mother","NO","YES","NO","YES","NO","0: 0  CONDITION DOES NOT APPLY","ALWAYS WITH RIGHT HAND","ALWAYS WITH RIGHT HAND","ALWAYS WITH RIGHT HAND","ALWAYS WITH RIGHT HAND","ALWAYS WITH LEFT HAND","1: 1  CONDITION APPLIES","1: 1  CONDITION APPLIES","NO","MALE","MALE"
1982,64735,3,1,2,33790,5,183,2,2,5,5,3,2,2,2,2,2,2,6,3,6,1,1,30,3,"Male","Non-Black / Non-Hispanic","South (AL, AR, DE, DC, FL, GA, KY, LA, MD, MS, NC, OK, SC, TN , TX, VA, WV)","Bachelor's degree (BA, BS)","In CBSA, not in central city","NO","3: Mother","NO","NO","NO","NO","YES","0: 0  CONDITION DOES NOT APPLY","ALWAYS WITH RIGHT HAND","ALWAYS WITH RIGHT HAND","ALWAYS WITH RIGHT HAND","ALWAYS WITH RIGHT HAND","ALWAYS WITH LEFT HAND","1: 1  CONDITION APPLIES","1: 1  CONDITION APPLIES","NO","MALE","FEMALE"
1983,64735,4,0,3,32000,5,184,2,2,3,2,2,4,2,2,2,2,2,1,3,5,1,1,30,2,"Male","Non-Black / Non-Hispanic","South (AL, AR, DE, DC, FL, GA, KY, LA, MD, MS, NC, OK, SC, TN , TX, VA, WV)","High school diploma (Regular 12 year program)","Not in CBSA","NO","3: Mother","NO","NO","NO","NO","NO","0: 0  CONDITION DOES NOT APPLY","ALWAYS WITH RIGHT HAND","ALWAYS WITH RIGHT HAND","ALWAYS WITH RIGHT HAND","ALWAYS WITH RIGHT HAND","USUALLY WITH BOTH HANDS EQUALLY","1: 1  CONDITION APPLIES","1: 1  CONDITION APPLIES","NO","MALE","FEMALE"
1981,64735,2,0,3,33790,5,183,3,1,5,3,3,3,2,2,1,2,1,5,1,6,1,1,31,22,"Female","Non-Black / Non-Hispanic","South (AL, AR, DE, DC, FL, GA, KY, LA, MD, MS, NC, OK, SC, TN , TX, VA, WV)","High school diploma (Regular 12 year program)","In CBSA, not in central city","NO","3: Mother","YES","YES","NO","NO","NO","0: 0  CONDITION DOES NOT APPLY","ALWAYS WITH RIGHT HAND","USUALLY WITH BOTH HANDS EQUALLY","ALWAYS WITH RIGHT HAND","ALWAYS WITH RIGHT HAND","ALWAYS WITH LEFT HAND","1: 1  CONDITION APPLIES","1: 1  CONDITION APPLIES","NO","FEMALE","FEMALE"
1982,64735,2,1,3,33790,5,183,2,1,2,5,2,1,2,2,2,1,2,2,6,7,1,1,5,14,"Female","Hispanic","South (AL, AR, DE, DC, FL, GA, KY, LA, MD, MS, NC, OK, SC, TN , TX, VA, WV)","GED","In CBSA, in central city","NO","3: Mother","NO","YES","NO","NO","NO","0: 0  CONDITION DOES NOT APPLY","ALWAYS WITH RIGHT HAND","ALWAYS WITH RIGHT HAND","ALWAYS WITH RIGHT HAND","ALWAYS WITH RIGHT HAND","USUALLY WITH BOTH HANDS EQUALLY","1: 1  CONDITION APPLIES","1: 1  CONDITION APPLIES","NO","MALE","MALE"
1985,64735,2,0,1,33790,5,179,1,2,1,4,1,4,2,2,1,2,1,6,4,8,1,1,32,25,"Female","Black","South (AL, AR, DE, DC, FL, GA, KY, LA, MD, MS, NC, OK, SC, TN , TX, VA, WV)","Bachelor's degree (BA, BS)","In CBSA, not in central city","NO","3: Mother","NO","YES","NO","NO","NO","0: 0  CONDITION DOES NOT APPLY","ALWAYS WITH LEFT HAND","USUALLY WITH RIGHT HAND","ALWAYS WITH LEFT HAND","ALWAYS WITH RIGHT HAND","ALWAYS WITH RIGHT HAND","1: 1  CONDITION APPLIES","1: 1  CONDITION APPLIES","NO","FEMALE","FEMALE"
1982,64735,5,1,1,33790,5,184,1,2,1,3,2,2,2,2,1,2,1,5,3,4,1,1,34,24,"Female","Black","North Central (IL, IN, IA, KS, MI, MN, MO, NE, OH, ND, SD, WI)","High school diploma (Regular 12 year program)","In CBSA, not in central city","YES","3: Mother","NO","YES","NO","NO","YES","0: 0  CONDITION DOES NOT APPLY","ALWAYS WITH RIGHT HAND","ALWAYS WITH RIGHT HAND","ALWAYS WITH RIGHT HAND","ALWAYS WITH RIGHT HAND","USUALLY WITH RIGHT HAND","1: 1  CONDITION APPLIES","1: 1  CONDITION APPLIES","NO","FEMALE","MALE"
1981,20002,4,1,3,33790,5,184,1,1,1,3,3,5,2,1,2,1,1,3,4,7,1,1,8,16,"Male","Black","South (AL, AR, DE, DC, FL, GA, KY, LA, MD, MS, NC, OK, SC, TN , TX, VA, WV)","High school diploma (Regular 12 year program)","In CBSA, not in central city","NO","3: Mother","NO","NO","NO","NO","YES","0: 0  CONDITION DOES NOT APPLY","ALWAYS WITH RIGHT HAND","ALWAYS WITH RIGHT HAND","ALWAYS WITH RIGHT HAND","ALWAYS WITH RIGHT HAND","ALWAYS WITH LEFT HAND","1: 1  CONDITION APPLIES","1: 1  CONDITION APPLIES","NO","FEMALE","MALE"
1982,64735,2,0,5,30000,5,181,1,1,1,4,3,5,2,2,1,1,1,6,2,7,2,1,31,20,"Male","Non-Black / Non-Hispanic","South (AL, AR, DE, DC, FL, GA, KY, LA, MD, MS, NC, OK, SC, TN , TX, VA, WV)","Bachelor's degree (BA, BS)","In CBSA, not in central city","NO","3: Mother","NO","YES","NO","NO","YES","0: 0  CONDITION DOES NOT APPLY","ALWAYS WITH RIGHT HAND","ALWAYS WITH RIGHT HAND","ALWAYS WITH RIGHT HAND","ALWAYS WITH RIGHT HAND","ALWAYS WITH LEFT HAND","1: 1  CONDITION APPLIES","1: 1  CONDITION APPLIES","NO","FEMALE","MALE"
1980,64735,4,0,1,33790,5,181,1,1,3,3,4,5,2,2,1,1,1,6,1,7,1,1,34,51,"Male","Non-Black / Non-Hispanic","West (AK, AZ, CA, CO, HI, ID, MT, NV, NM, OR, UT, WA, WY)","High school diploma (Regular 12 year program)","In CBSA, not in central city","YES","3: Mother","YES","YES","YES","NO","YES","0: 0  CONDITION DOES NOT APPLY","ALWAYS WITH RIGHT HAND","ALWAYS WITH RIGHT HAND","ALWAYS WITH RIGHT HAND","ALWAYS WITH LEFT HAND","ALWAYS WITH LEFT HAND","0: 0  CONDITION DOES NOT APPLY","1: 1  CONDITION APPLIES","NO","FEMALE","MALE"
1981,64735,5,1,1,33790,5,182,1,2,1,3,6,7,2,1,1,1,1,3,1,6,1,1,33,18,"Male","Black","South (AL, AR, DE, DC, FL, GA, KY, LA, MD, MS, NC, OK, SC, TN , TX, VA, WV)","None","In CBSA, not in central city","NO","3: Mother","NO","YES","NO","NO","YES","0: 0  CONDITION DOES NOT APPLY","ALWAYS WITH RIGHT HAND","ALWAYS WITH RIGHT HAND","USUALLY WITH RIGHT HAND","USUALLY WITH RIGHT HAND","USUALLY WITH LEFT HAND","1: 1  CONDITION APPLIES","1: 1  CONDITION APPLIES","NO","FEMALE","FEMALE"
1984,64735,3,1,3,33790,5,187,1,1,2,5,4,2,2,2,1,2,1,1,3,7,1,1,32,21,"Female","Non-Black / Non-Hispanic","South (AL, AR, DE, DC, FL, GA, KY, LA, MD, MS, NC, OK, SC, TN , TX, VA, WV)","High school diploma (Regular 12 year program)","In CBSA, not in central city","NO","3: Mother","NO","NO","NO","NO","YES","0: 0  CONDITION DOES NOT APPLY","ALWAYS WITH RIGHT HAND","ALWAYS WITH RIGHT HAND","ALWAYS WITH RIGHT HAND","ALWAYS WITH RIGHT HAND","USUALLY WITH LEFT HAND","1: 1  CONDITION APPLIES","0: 0  CONDITION DOES NOT APPLY","NO","MALE","FEMALE"
1984,15000,3,0,2,33790,5,184,1,1,1,2,2,2,2,1,1,1,2,2,2,6,1,1,35,23,"Male","Black","South (AL, AR, DE, DC, FL, GA, KY, LA, MD, MS, NC, OK, SC, TN , TX, VA, WV)","High school diploma (Regular 12 year program)","In CBSA, not in central city","NO","3: Mother","NO","YES","NO","NO","YES","0: 0  CONDITION DOES NOT APPLY","ALWAYS WITH RIGHT HAND","ALWAYS WITH RIGHT HAND","ALWAYS WITH RIGHT HAND","ALWAYS WITH RIGHT HAND","ALWAYS WITH LEFT HAND","1: 1  CONDITION APPLIES","1: 1  CONDITION APPLIES","NO","FEMALE","MALE"
1981,77000,5,2,4,33790,5,180,1,1,1,2,6,5,2,3,2,2,1,4,2,6,1,1,23,13,"Female","Non-Black / Non-Hispanic","North Central (IL, IN, IA, KS, MI, MN, MO, NE, OH, ND, SD, WI)","High school diploma (Regular 12 year program)","In CBSA, not in central city","NO","3: Mother","NO","YES","NO","NO","YES","1: 1  CONDITION APPLIES","ALWAYS WITH LEFT HAND","ALWAYS WITH RIGHT HAND","USUALLY WITH LEFT HAND","ALWAYS WITH RIGHT HAND","ALWAYS WITH LEFT HAND","1: 1  CONDITION APPLIES","1: 1  CONDITION APPLIES","NO","FEMALE","MALE"
1983,64735,4,0,8,33790,5,125,1,1,1,4,2,2,2,2,1,1,2,5,3,5,1,1,28,20,"Male","Mixed Race (Non-Hispanic)","South (AL, AR, DE, DC, FL, GA, KY, LA, MD, MS, NC, OK, SC, TN , TX, VA, WV)","GED","In CBSA, in central city","NO","3: Mother","NO","YES","NO","NO","NO","1: 1  CONDITION APPLIES","ALWAYS WITH RIGHT HAND","ALWAYS WITH RIGHT HAND","USUALLY WITH BOTH HANDS EQUALLY","ALWAYS WITH RIGHT HAND","ALWAYS WITH LEFT HAND","1: 1  CONDITION APPLIES","1: 1  CONDITION APPLIES","NO","MALE","FEMALE"
1983,76500,5,0,3,33790,5,184,2,2,2,3,4,4,2,2,1,2,2,1,5,7,1,1,30,20,"Female","Black","Northeast (CT, ME, MA, NH, NJ, NY, PA, RI, VT)","High school diploma (Regular 12 year program)","In CBSA, not in central city","NO","3: Mother","NO","YES","NO","NO","YES","0: 0  CONDITION DOES NOT APPLY","ALWAYS WITH RIGHT HAND","ALWAYS WITH LEFT HAND","ALWAYS WITH RIGHT HAND","ALWAYS WITH RIGHT HAND","ALWAYS WITH RIGHT HAND","1: 1  CONDITION APPLIES","1: 1  CONDITION APPLIES","NO","FEMALE","FEMALE"
1983,64735,4,0,1,33790,5,184,1,1,2,4,2,2,2,2,1,2,1,5,4,6,1,2,31,20,"Female","Hispanic","South (AL, AR, DE, DC, FL, GA, KY, LA, MD, MS, NC, OK, SC, TN , TX, VA, WV)","High school diploma (Regular 12 year program)","In CBSA, not in central city","NO","3: Mother","NO","NO","NO","NO","YES","0: 0  CONDITION DOES NOT APPLY","ALWAYS WITH RIGHT HAND","ALWAYS WITH RIGHT HAND","ALWAYS WITH RIGHT HAND","ALWAYS WITH RIGHT HAND","ALWAYS WITH LEFT HAND","1: 1  CONDITION APPLIES","1: 1  CONDITION APPLIES","NO","MALE","FEMALE"
1983,64735,3,1,3,40000,5,183,1,2,2,4,3,2,2,2,1,2,2,5,4,7,1,1,8,14,"Female","Black","West (AK, AZ, CA, CO, HI, ID, MT, NV, NM, OR, UT, WA, WY)","Bachelor's degree (BA, BS)","In CBSA, not in central city","NO","3: Mother","NO","YES","NO","NO","YES","0: 0  CONDITION DOES NOT APPLY","ALWAYS WITH RIGHT HAND","ALWAYS WITH RIGHT HAND","ALWAYS WITH RIGHT HAND","ALWAYS WITH RIGHT HAND","ALWAYS WITH LEFT HAND","1: 1  CONDITION APPLIES","1: 1  CONDITION APPLIES","NO","FEMALE","MALE"
1980,64735,4,0,2,24000,5,185,1,1,2,4,2,2,2,2,1,2,1,4,4,7,1,1,33,18,"Female","Non-Black / Non-Hispanic","South (AL, AR, DE, DC, FL, GA, KY, LA, MD, MS, NC, OK, SC, TN , TX, VA, WV)","High school diploma (Regular 12 year program)","In CBSA, not in central city","NO","3: Mother","YES","NO","NO","NO","YES","0: 0  CONDITION DOES NOT APPLY","ALWAYS WITH RIGHT HAND","ALWAYS WITH RIGHT HAND","ALWAYS WITH RIGHT HAND","ALWAYS WITH RIGHT HAND","ALWAYS WITH LEFT HAND","1: 1  CONDITION APPLIES","1: 1  CONDITION APPLIES","NO","FEMALE","FEMALE"
1981,21012,6,2,2,33790,5,179,2,1,4,3,2,5,2,2,1,1,1,2,4,7,1,2,31,23,"Female","Black","South (AL, AR, DE, DC, FL, GA, KY, LA, MD, MS, NC, OK, SC, TN , TX, VA, WV)","High school diploma (Regular 12 year program)","In CBSA, not in central city","NO","3: Mother","NO","YES","NO","NO","YES","0: 0  CONDITION DOES NOT APPLY","ALWAYS WITH RIGHT HAND","USUALLY WITH RIGHT HAND","ALWAYS WITH LEFT HAND","ALWAYS WITH RIGHT HAND","USUALLY WITH RIGHT HAND","1: 1  CONDITION APPLIES","1: 1  CONDITION APPLIES","YES","MALE","MALE"
1980,64735,6,2,1,33790,5,184,2,1,1,4,2,3,2,2,2,2,2,5,4,6,1,1,29,14,"Male","Non-Black / Non-Hispanic","South (AL, AR, DE, DC, FL, GA, KY, LA, MD, MS, NC, OK, SC, TN , TX, VA, WV)","Bachelor's degree (BA, BS)","In CBSA, in central city","NO","3: Mother","NO","YES","NO","NO","YES","0: 0  CONDITION DOES NOT APPLY","ALWAYS WITH RIGHT HAND","ALWAYS WITH RIGHT HAND","USUALLY WITH RIGHT HAND","ALWAYS WITH RIGHT HAND","USUALLY WITH LEFT HAND","1: 1  CONDITION APPLIES","1: 1  CONDITION APPLIES","NO","MALE","FEMALE"
1981,64735,3,0,2,33790,5,180,1,2,2,1,4,4,2,2,1,2,1,7,2,7,1,1,25,20,"Female","Black","South (AL, AR, DE, DC, FL, GA, KY, LA, MD, MS, NC, OK, SC, TN , TX, VA, WV)","High school diploma (Regular 12 year program)","In CBSA, not in central city","YES","3: Mother","NO","NO","NO","NO","NO","0: 0  CONDITION DOES NOT APPLY","ALWAYS WITH RIGHT HAND","ALWAYS WITH RIGHT HAND","ALWAYS WITH RIGHT HAND","ALWAYS WITH RIGHT HAND","ALWAYS WITH LEFT HAND","1: 1  CONDITION APPLIES","1: 1  CONDITION APPLIES","NO","FEMALE","MALE"
1984,64735,3,1,1,33790,5,183,1,1,5,2,2,4,2,2,1,2,2,4,5,6,1,1,34,25,"Male","Non-Black / Non-Hispanic","South (AL, AR, DE, DC, FL, GA, KY, LA, MD, MS, NC, OK, SC, TN , TX, VA, WV)","GED","In CBSA, not in central city","NO","3: Mother","YES","NO","YES","YES","YES","0: 0  CONDITION DOES NOT APPLY","ALWAYS WITH RIGHT HAND","ALWAYS WITH RIGHT HAND","ALWAYS WITH RIGHT HAND","ALWAYS WITH RIGHT HAND","ALWAYS WITH LEFT HAND","1: 1  CONDITION APPLIES","1: 1  CONDITION APPLIES","NO","MALE","FEMALE"
1981,64735,5,0,1,33790,5,179,1,1,1,3,3,4,2,1,1,1,1,3,1,7,1,1,30,23,"Female","Black","Northeast (CT, ME, MA, NH, NJ, NY, PA, RI, VT)","High school diploma (Regular 12 year program)","In CBSA, in central city","NO","3: Mother","YES","YES","NO","NO","YES","0: 0  CONDITION DOES NOT APPLY","ALWAYS WITH RIGHT HAND","USUALLY WITH BOTH HANDS EQUALLY","ALWAYS WITH RIGHT HAND","ALWAYS WITH RIGHT HAND","ALWAYS WITH LEFT HAND","1: 1  CONDITION APPLIES","1: 1  CONDITION APPLIES","NO","FEMALE","FEMALE"
1983,50877,5,1,5,33790,5,147,1,2,4,2,5,7,1,2,2,1,1,7,3,7,2,1,28,14,"Female","Non-Black / Non-Hispanic","West (AK, AZ, CA, CO, HI, ID, MT, NV, NM, OR, UT, WA, WY)","Bachelor's degree (BA, BS)","In CBSA, not in central city","NO","3: Mother","YES","NO","NO","NO","YES","0: 0  CONDITION DOES NOT APPLY","ALWAYS WITH RIGHT HAND","ALWAYS WITH RIGHT HAND","ALWAYS WITH RIGHT HAND","ALWAYS WITH RIGHT HAND","ALWAYS WITH RIGHT HAND","1: 1  CONDITION APPLIES","1: 1  CONDITION APPLIES","NO","MALE","FEMALE"
1983,64735,3,1,3,33790,5,183,1,2,1,1,3,3,2,2,1,2,1,6,1,6,1,1,24,2,"Female","Non-Black / Non-Hispanic","South (AL, AR, DE, DC, FL, GA, KY, LA, MD, MS, NC, OK, SC, TN , TX, VA, WV)","High school diploma (Regular 12 year program)","In CBSA, in central city","NO","3: Mother","YES","NO","NO","NO","YES","0: 0  CONDITION DOES NOT APPLY","ALWAYS WITH RIGHT HAND","ALWAYS WITH RIGHT HAND","ALWAYS WITH RIGHT HAND","ALWAYS WITH RIGHT HAND","ALWAYS WITH LEFT HAND","1: 1  CONDITION APPLIES","1: 1  CONDITION APPLIES","NO","MALE","FEMALE"
1982,64735,3,0,1,33790,5,181,1,2,1,6,2,6,2,2,1,2,1,3,3,7,1,1,27,18,"Female","Non-Black / Non-Hispanic","South (AL, AR, DE, DC, FL, GA, KY, LA, MD, MS, NC, OK, SC, TN , TX, VA, WV)","High school diploma (Regular 12 year program)","In CBSA, not in central city","NO","3: Mother","YES","NO","NO","NO","YES","0: 0  CONDITION DOES NOT APPLY","ALWAYS WITH RIGHT HAND","ALWAYS WITH RIGHT HAND","USUALLY WITH BOTH HANDS EQUALLY","ALWAYS WITH RIGHT HAND","ALWAYS WITH LEFT HAND","1: 1  CONDITION APPLIES","1: 1  CONDITION APPLIES","NO","MALE","FEMALE"
1982,64735,4,1,1,33790,5,182,2,2,2,3,1,4,2,2,1,2,1,5,4,6,1,1,34,21,"Female","Non-Black / Non-Hispanic","North Central (IL, IN, IA, KS, MI, MN, MO, NE, OH, ND, SD, WI)","GED","In CBSA, not in central city","NO","3: Mother","YES","NO","NO","YES","NO","0: 0  CONDITION DOES NOT APPLY","ALWAYS WITH RIGHT HAND","ALWAYS WITH RIGHT HAND","ALWAYS WITH RIGHT HAND","ALWAYS WITH RIGHT HAND","ALWAYS WITH LEFT HAND","1: 1  CONDITION APPLIES","1: 1  CONDITION APPLIES","NO","FEMALE","MALE"
1983,64735,2,0,1,33790,5,185,2,1,5,5,5,6,2,2,1,2,1,6,4,8,1,1,27,20,"Female","Non-Black / Non-Hispanic","South (AL, AR, DE, DC, FL, GA, KY, LA, MD, MS, NC, OK, SC, TN , TX, VA, WV)","High school diploma (Regular 12 year program)","In CBSA, not in central city","NO","3: Mother","YES","NO","NO","NO","YES","0: 0  CONDITION DOES NOT APPLY","ALWAYS WITH RIGHT HAND","ALWAYS WITH RIGHT HAND","ALWAYS WITH RIGHT HAND","ALWAYS WITH RIGHT HAND","ALWAYS WITH LEFT HAND","1: 1  CONDITION APPLIES","1: 1  CONDITION APPLIES","NO","MALE","MALE"
1982,19640,4,0,2,33790,5,184,2,3,1,5,6,1,2,1,1,2,1,4,1,6,1,1,38,51,"Male","Black","South (AL, AR, DE, DC, FL, GA, KY, LA, MD, MS, NC, OK, SC, TN , TX, VA, WV)","GED","In CBSA, not in central city","NO","3: Mother","YES","YES","NO","NO","NO","0: 0  CONDITION DOES NOT APPLY","ALWAYS WITH RIGHT HAND","USUALLY WITH RIGHT HAND","ALWAYS WITH RIGHT HAND","ALWAYS WITH RIGHT HAND","ALWAYS WITH LEFT HAND","1: 1  CONDITION APPLIES","1: 1  CONDITION APPLIES","NO","FEMALE","FEMALE"
1981,64735,2,0,1,33790,5,183,1,1,4,3,3,3,2,2,2,2,2,3,3,6,1,1,37,24,"Male","Non-Black / Non-Hispanic","South (AL, AR, DE, DC, FL, GA, KY, LA, MD, MS, NC, OK, SC, TN , TX, VA, WV)","Bachelor's degree (BA, BS)","In CBSA, in central city","YES","3: Mother","NO","NO","NO","NO","YES","0: 0  CONDITION DOES NOT APPLY","ALWAYS WITH RIGHT HAND","DON'T DO THIS ACTIVITY","ALWAYS WITH RIGHT HAND","USUALLY WITH BOTH HANDS EQUALLY","ALWAYS WITH LEFT HAND","1: 1  CONDITION APPLIES","1: 1  CONDITION APPLIES","NO","FEMALE","FEMALE"
1985,64735,2,1,2,33790,5,185,1,1,4,5,2,3,2,2,1,1,1,7,3,8,1,1,32,22,"Male","Hispanic","West (AK, AZ, CA, CO, HI, ID, MT, NV, NM, OR, UT, WA, WY)","High school diploma (Regular 12 year program)","In CBSA, not in central city","NO","3: Mother","NO","NO","YES","NO","NO","0: 0  CONDITION DOES NOT APPLY","ALWAYS WITH RIGHT HAND","ALWAYS WITH RIGHT HAND","ALWAYS WITH RIGHT HAND","ALWAYS WITH RIGHT HAND","ALWAYS WITH LEFT HAND","1: 1  CONDITION APPLIES","1: 1  CONDITION APPLIES","NO","FEMALE","FEMALE"
1981,250,3,0,1,33790,5,182,1,1,2,3,3,3,1,2,1,2,1,1,2,7,1,1,29,24,"Male","Black","South (AL, AR, DE, DC, FL, GA, KY, LA, MD, MS, NC, OK, SC, TN , TX, VA, WV)","GED","In CBSA, in central city","NO","3: Mother","YES","YES","YES","NO","YES","0: 0  CONDITION DOES NOT APPLY","ALWAYS WITH RIGHT HAND","USUALLY WITH BOTH HANDS EQUALLY","ALWAYS WITH LEFT HAND","USUALLY WITH BOTH HANDS EQUALLY","ALWAYS WITH LEFT HAND","1: 1  CONDITION APPLIES","1: 1  CONDITION APPLIES","NO","FEMALE","FEMALE"
1983,64735,2,0,2,75000,5,183,1,1,3,2,3,4,2,2,1,2,1,2,3,7,1,1,28,21,"Female","Non-Black / Non-Hispanic","South (AL, AR, DE, DC, FL, GA, KY, LA, MD, MS, NC, OK, SC, TN , TX, VA, WV)","GED","In CBSA, in central city","NO","3: Mother","YES","NO","NO","NO","YES","0: 0  CONDITION DOES NOT APPLY","ALWAYS WITH RIGHT HAND","ALWAYS WITH RIGHT HAND","ALWAYS WITH RIGHT HAND","ALWAYS WITH RIGHT HAND","ALWAYS WITH LEFT HAND","1: 1  CONDITION APPLIES","0: 0  CONDITION DOES NOT APPLY","NO","MALE","MALE"
1983,64735,3,0,1,33790,5,213,3,2,5,4,1,2,2,2,2,2,1,3,3,7,1,1,24,18,"Female","Hispanic","West (AK, AZ, CA, CO, HI, ID, MT, NV, NM, OR, UT, WA, WY)","None","In CBSA, not in central city","NO","3: Mother","YES","NO","YES","NO","YES","0: 0  CONDITION DOES NOT APPLY","ALWAYS WITH RIGHT HAND","ALWAYS WITH RIGHT HAND","ALWAYS WITH RIGHT HAND","ALWAYS WITH RIGHT HAND","ALWAYS WITH LEFT HAND","1: 1  CONDITION APPLIES","1: 1  CONDITION APPLIES","NO","FEMALE","FEMALE"
1982,64735,5,1,2,33790,5,186,2,3,3,3,3,3,2,1,1,1,1,5,2,5,1,1,31,16,"Female","Non-Black / Non-Hispanic","South (AL, AR, DE, DC, FL, GA, KY, LA, MD, MS, NC, OK, SC, TN , TX, VA, WV)","High school diploma (Regular 12 year program)","In CBSA, not in central city","NO","3: Mother","NO","YES","NO","NO","NO","0: 0  CONDITION DOES NOT APPLY","ALWAYS WITH RIGHT HAND","ALWAYS WITH RIGHT HAND","ALWAYS WITH RIGHT HAND","ALWAYS WITH RIGHT HAND","ALWAYS WITH LEFT HAND","1: 1  CONDITION APPLIES","1: 1  CONDITION APPLIES","NO","MALE","FEMALE"
1982,64735,4,0,1,33790,5,183,1,2,1,2,3,2,2,2,2,3,1,7,2,5,1,1,32,21,"Male","Non-Black / Non-Hispanic","South (AL, AR, DE, DC, FL, GA, KY, LA, MD, MS, NC, OK, SC, TN , TX, VA, WV)","Professional degree (DDS, JD, MD)","In CBSA, not in central city","NO","3: Mother","NO","YES","NO","NO","NO","0: 0  CONDITION DOES NOT APPLY","ALWAYS WITH RIGHT HAND","ALWAYS WITH RIGHT HAND","ALWAYS WITH RIGHT HAND","ALWAYS WITH RIGHT HAND","ALWAYS WITH LEFT HAND","1: 1  CONDITION APPLIES","1: 1  CONDITION APPLIES","NO","FEMALE","FEMALE"
1982,64735,4,0,2,33790,5,181,1,2,3,3,3,4,2,2,2,2,1,5,3,7,1,1,31,19,"Female","Black","South (AL, AR, DE, DC, FL, GA, KY, LA, MD, MS, NC, OK, SC, TN , TX, VA, WV)","High school diploma (Regular 12 year program)","In CBSA, not in central city","NO","3: Mother","YES","NO","YES","NO","YES","0: 0  CONDITION DOES NOT APPLY","ALWAYS WITH RIGHT HAND","ALWAYS WITH RIGHT HAND","ALWAYS WITH RIGHT HAND","ALWAYS WITH RIGHT HAND","ALWAYS WITH LEFT HAND","1: 1  CONDITION APPLIES","1: 1  CONDITION APPLIES","NO","FEMALE","MALE"
1982,64735,5,1,3,33790,6,180,2,2,3,5,1,2,2,2,1,2,2,1,4,5,1,1,33,24,"Male","Black","South (AL, AR, DE, DC, FL, GA, KY, LA, MD, MS, NC, OK, SC, TN , TX, VA, WV)","High school diploma (Regular 12 year program)","In CBSA, not in central city","YES","3: Mother","YES","YES","YES","NO","NO","0: 0  CONDITION DOES NOT APPLY","ALWAYS WITH RIGHT HAND","ALWAYS WITH RIGHT HAND","ALWAYS WITH RIGHT HAND","ALWAYS WITH RIGHT HAND","DON'T DO THIS ACTIVITY","1: 1  CONDITION APPLIES","1: 1  CONDITION APPLIES","NO","FEMALE","FEMALE"
1980,64735,8,1,3,33790,5,180,1,2,2,1,2,3,2,2,2,2,2,3,4,6,1,1,32,14,"Male","Black","South (AL, AR, DE, DC, FL, GA, KY, LA, MD, MS, NC, OK, SC, TN , TX, VA, WV)","High school diploma (Regular 12 year program)","In CBSA, not in central city","NO","3: Mother","NO","YES","NO","NO","YES","0: 0  CONDITION DOES NOT APPLY","ALWAYS WITH RIGHT HAND","ALWAYS WITH RIGHT HAND","ALWAYS WITH RIGHT HAND","ALWAYS WITH RIGHT HAND","ALWAYS WITH LEFT HAND","1: 1  CONDITION APPLIES","1: 1  CONDITION APPLIES","NO","FEMALE","MALE"
1982,24500,4,1,1,33790,5,184,1,2,3,4,2,2,2,2,1,2,1,4,4,6,1,1,29,2,"Female","Black","Northeast (CT, ME, MA, NH, NJ, NY, PA, RI, VT)","None","Not in country","NO","3: Mother","NO","YES","NO","NO","YES","0: 0  CONDITION DOES NOT APPLY","ALWAYS WITH RIGHT HAND","ALWAYS WITH RIGHT HAND","ALWAYS WITH RIGHT HAND","ALWAYS WITH RIGHT HAND","USUALLY WITH LEFT HAND","1: 1  CONDITION APPLIES","1: 1  CONDITION APPLIES","NO","MALE","FEMALE"
1984,63250,4,1,2,33790,6,182,2,1,3,2,3,2,2,2,2,2,1,8,3,8,1,1,30,22,"Female","Non-Black / Non-Hispanic","West (AK, AZ, CA, CO, HI, ID, MT, NV, NM, OR, UT, WA, WY)","High school diploma (Regular 12 year program)","In CBSA, not in central city","YES","3: Mother","NO","NO","NO","NO","YES","0: 0  CONDITION DOES NOT APPLY","ALWAYS WITH RIGHT HAND","ALWAYS WITH RIGHT HAND","ALWAYS WITH RIGHT HAND","ALWAYS WITH RIGHT HAND","ALWAYS WITH LEFT HAND","1: 1  CONDITION APPLIES","1: 1  CONDITION APPLIES","NO","FEMALE","MALE"
1986,64735,4,0,2,33790,5,185,1,2,1,3,1,2,2,2,1,2,1,1,1,7,1,1,33,29,"Male","Hispanic","South (AL, AR, DE, DC, FL, GA, KY, LA, MD, MS, NC, OK, SC, TN , TX, VA, WV)","Bachelor's degree (BA, BS)","In CBSA, not in central city","YES","3: Mother","NO","YES","NO","NO","NO","0: 0  CONDITION DOES NOT APPLY","ALWAYS WITH RIGHT HAND","ALWAYS WITH RIGHT HAND","ALWAYS WITH RIGHT HAND","ALWAYS WITH RIGHT HAND","ALWAYS WITH LEFT HAND","1: 1  CONDITION APPLIES","1: 1  CONDITION APPLIES","NO","FEMALE","FEMALE"
1983,64735,3,0,3,33790,5,184,1,1,3,4,4,2,2,2,2,2,1,2,3,7,1,1,30,22,"Female","Black","West (AK, AZ, CA, CO, HI, ID, MT, NV, NM, OR, UT, WA, WY)","None","In CBSA, not in central city","YES","3: Mother","NO","YES","NO","NO","YES","0: 0  CONDITION DOES NOT APPLY","ALWAYS WITH RIGHT HAND","ALWAYS WITH RIGHT HAND","ALWAYS WITH RIGHT HAND","ALWAYS WITH RIGHT HAND","ALWAYS WITH LEFT HAND","1: 1  CONDITION APPLIES","1: 1  CONDITION APPLIES","NO","FEMALE","MALE"
1982,64735,4,0,2,33790,5,184,1,2,2,3,3,3,2,2,1,2,1,3,3,3,1,1,30,6,"Female","Non-Black / Non-Hispanic","North Central (IL, IN, IA, KS, MI, MN, MO, NE, OH, ND, SD, WI)","High school diploma (Regular 12 year program)","In CBSA, not in central city","NO","3: Mother","NO","YES","NO","YES","NO","0: 0  CONDITION DOES NOT APPLY","ALWAYS WITH RIGHT HAND","ALWAYS WITH RIGHT HAND","ALWAYS WITH RIGHT HAND","ALWAYS WITH RIGHT HAND","ALWAYS WITH LEFT HAND","1: 1  CONDITION APPLIES","1: 1  CONDITION APPLIES","NO","FEMALE","FEMALE"
1983,64735,4,0,2,33790,5,183,1,1,3,4,1,2,2,2,1,2,1,6,3,8,1,1,39,70,"Female","Non-Black / Non-Hispanic","South (AL, AR, DE, DC, FL, GA, KY, LA, MD, MS, NC, OK, SC, TN , TX, VA, WV)","High school diploma (Regular 12 year program)","In CBSA, in central city","YES","3: Mother","YES","YES","NO","NO","YES","0: 0  CONDITION DOES NOT APPLY","ALWAYS WITH RIGHT HAND","ALWAYS WITH RIGHT HAND","ALWAYS WITH RIGHT HAND","ALWAYS WITH RIGHT HAND","ALWAYS WITH LEFT HAND","1: 1  CONDITION APPLIES","1: 1  CONDITION APPLIES","NO","FEMALE","MALE"
1982,13250,3,1,2,33790,5,225,1,1,5,4,4,3,2,2,1,2,1,4,2,6,1,1,32,22,"Male","Non-Black / Non-Hispanic","South (AL, AR, DE, DC, FL, GA, KY, LA, MD, MS, NC, OK, SC, TN , TX, VA, WV)","Bachelor's degree (BA, BS)","In CBSA, not in central city","NO","3: Mother","YES","NO","YES","NO","NO","0: 0  CONDITION DOES NOT APPLY","ALWAYS WITH RIGHT HAND","ALWAYS WITH RIGHT HAND","ALWAYS WITH RIGHT HAND","ALWAYS WITH RIGHT HAND","ALWAYS WITH LEFT HAND","1: 1  CONDITION APPLIES","1: 1  CONDITION APPLIES","NO","MALE","FEMALE"
1983,64735,2,0,1,33790,5,181,1,1,4,3,4,5,2,2,2,2,1,5,2,6,1,1,28,22,"Male","Non-Black / Non-Hispanic","South (AL, AR, DE, DC, FL, GA, KY, LA, MD, MS, NC, OK, SC, TN , TX, VA, WV)","High school diploma (Regular 12 year program)","In CBSA, not in central city","NO","3: Mother","YES","NO","NO","NO","YES","0: 0  CONDITION DOES NOT APPLY","ALWAYS WITH LEFT HAND","ALWAYS WITH RIGHT HAND","USUALLY WITH BOTH HANDS EQUALLY","ALWAYS WITH RIGHT HAND","ALWAYS WITH LEFT HAND","1: 1  CONDITION APPLIES","0: 0  CONDITION DOES NOT APPLY","NO","MALE","MALE"
1981,64735,5,0,1,33790,5,183,1,1,1,2,5,5,2,2,1,2,2,5,2,6,2,1,35,22,"Male","Non-Black / Non-Hispanic","South (AL, AR, DE, DC, FL, GA, KY, LA, MD, MS, NC, OK, SC, TN , TX, VA, WV)","Associate/Junior college (AA)","In CBSA, in central city","YES","3: Mother","NO","YES","NO","NO","NO","0: 0  CONDITION DOES NOT APPLY","ALWAYS WITH RIGHT HAND","ALWAYS WITH RIGHT HAND","ALWAYS WITH RIGHT HAND","ALWAYS WITH RIGHT HAND","ALWAYS WITH LEFT HAND","1: 1  CONDITION APPLIES","1: 1  CONDITION APPLIES","NO","MALE","FEMALE"
1983,64735,3,0,2,33790,6,187,2,2,6,4,2,4,2,1,1,1,2,5,1,5,1,1,32,23,"Male","Non-Black / Non-Hispanic","North Central (IL, IN, IA, KS, MI, MN, MO, NE, OH, ND, SD, WI)","High school diploma (Regular 12 year program)","In CBSA, not in central city","NO","3: Mother","YES","NO","NO","NO","NO","0: 0  CONDITION DOES NOT APPLY","ALWAYS WITH RIGHT HAND","ALWAYS WITH RIGHT HAND","ALWAYS WITH RIGHT HAND","ALWAYS WITH RIGHT HAND","ALWAYS WITH LEFT HAND","1: 1  CONDITION APPLIES","1: 1  CONDITION APPLIES","NO","FEMALE","MALE"
1980,64735,3,0,1,33790,6,187,1,2,3,4,1,5,2,2,2,2,1,3,4,5,1,1,34,23,"Male","Black","Northeast (CT, ME, MA, NH, NJ, NY, PA, RI, VT)","High school diploma (Regular 12 year program)","In CBSA, in central city","NO","3: Mother","YES","YES","NO","NO","YES","0: 0  CONDITION DOES NOT APPLY","ALWAYS WITH RIGHT HAND","ALWAYS WITH RIGHT HAND","ALWAYS WITH RIGHT HAND","ALWAYS WITH RIGHT HAND","ALWAYS WITH LEFT HAND","1: 1  CONDITION APPLIES","1: 1  CONDITION APPLIES","NO","FEMALE","MALE"
1982,50000,3,1,3,50000,5,181,1,1,2,4,1,4,1,2,1,2,1,5,2,7,1,1,2,15,"Female","Black","Northeast (CT, ME, MA, NH, NJ, NY, PA, RI, VT)","GED","In CBSA, not in central city","NO","3: Mother","YES","NO","NO","NO","YES","0: 0  CONDITION DOES NOT APPLY","ALWAYS WITH RIGHT HAND","ALWAYS WITH RIGHT HAND","USUALLY WITH BOTH HANDS EQUALLY","ALWAYS WITH RIGHT HAND","ALWAYS WITH LEFT HAND","1: 1  CONDITION APPLIES","1: 1  CONDITION APPLIES","NO","MALE","FEMALE"
1982,64735,3,0,1,33790,5,183,1,1,4,3,1,5,2,2,1,2,1,5,2,7,2,1,41,55,"Male","Non-Black / Non-Hispanic","South (AL, AR, DE, DC, FL, GA, KY, LA, MD, MS, NC, OK, SC, TN , TX, VA, WV)","None","In CBSA, not in central city","YES","3: Mother","YES","NO","YES","NO","YES","0: 0  CONDITION DOES NOT APPLY","ALWAYS WITH RIGHT HAND","ALWAYS WITH RIGHT HAND","ALWAYS WITH RIGHT HAND","ALWAYS WITH RIGHT HAND","ALWAYS WITH LEFT HAND","1: 1  CONDITION APPLIES","1: 1  CONDITION APPLIES","NO","FEMALE","MALE"
1982,57200,4,1,1,21000,5,182,2,2,2,4,6,9,2,2,2,2,2,3,3,8,1,2,26,17,"Female","Non-Black / Non-Hispanic","South (AL, AR, DE, DC, FL, GA, KY, LA, MD, MS, NC, OK, SC, TN , TX, VA, WV)","High school diploma (Regular 12 year program)","In CBSA, in central city","NO","3: Mother","YES","NO","YES","NO","YES","0: 0  CONDITION DOES NOT APPLY","ALWAYS WITH RIGHT HAND","ALWAYS WITH RIGHT HAND","ALWAYS WITH RIGHT HAND","ALWAYS WITH RIGHT HAND","ALWAYS WITH LEFT HAND","1: 1  CONDITION APPLIES","1: 1  CONDITION APPLIES","NO","MALE","MALE"
1982,64735,4,0,3,33790,5,184,1,1,4,4,1,3,2,2,2,2,1,5,3,5,1,1,31,22,"Male","Hispanic","South (AL, AR, DE, DC, FL, GA, KY, LA, MD, MS, NC, OK, SC, TN , TX, VA, WV)","GED","In CBSA, not in central city","NO","3: Mother","NO","YES","NO","NO","YES","0: 0  CONDITION DOES NOT APPLY","ALWAYS WITH RIGHT HAND","ALWAYS WITH RIGHT HAND","ALWAYS WITH RIGHT HAND","ALWAYS WITH RIGHT HAND","ALWAYS WITH RIGHT HAND","1: 1  CONDITION APPLIES","0: 0  CONDITION DOES NOT APPLY","NO","FEMALE","MALE"
1984,23759,3,0,3,33790,6,181,1,1,3,3,2,4,2,2,1,2,1,6,3,6,1,1,29,22,"Female","Non-Black / Non-Hispanic","South (AL, AR, DE, DC, FL, GA, KY, LA, MD, MS, NC, OK, SC, TN , TX, VA, WV)","High school diploma (Regular 12 year program)","In CBSA, not in central city","YES","3: Mother","YES","NO","YES","NO","NO","0: 0  CONDITION DOES NOT APPLY","USUALLY WITH RIGHT HAND","USUALLY WITH RIGHT HAND","DON'T DO THIS ACTIVITY","ALWAYS WITH RIGHT HAND","ALWAYS WITH LEFT HAND","1: 1  CONDITION APPLIES","1: 1  CONDITION APPLIES","NO","MALE","MALE"
1981,64735,3,1,1,33790,5,183,1,1,4,3,4,6,2,2,1,1,1,5,4,5,1,1,26,5,"Female","Non-Black / Non-Hispanic","Northeast (CT, ME, MA, NH, NJ, NY, PA, RI, VT)","Bachelor's degree (BA, BS)","In CBSA, not in central city","NO","3: Mother","YES","NO","NO","NO","YES","0: 0  CONDITION DOES NOT APPLY","ALWAYS WITH RIGHT HAND","ALWAYS WITH RIGHT HAND","ALWAYS WITH RIGHT HAND","ALWAYS WITH RIGHT HAND","ALWAYS WITH LEFT HAND","1: 1  CONDITION APPLIES","1: 1  CONDITION APPLIES","NO","FEMALE","FEMALE"
1984,104200,3,0,1,33790,5,183,1,1,3,4,5,2,2,2,1,2,1,3,1,6,1,1,34,21,"Male","Non-Black / Non-Hispanic","Northeast (CT, ME, MA, NH, NJ, NY, PA, RI, VT)","GED","In CBSA, in central city","NO","3: Mother","YES","YES","NO","NO","YES","0: 0  CONDITION DOES NOT APPLY","ALWAYS WITH RIGHT HAND","ALWAYS WITH RIGHT HAND","ALWAYS WITH RIGHT HAND","ALWAYS WITH RIGHT HAND","ALWAYS WITH LEFT HAND","0: 0  CONDITION DOES NOT APPLY","1: 1  CONDITION APPLIES","NO","MALE","FEMALE"
1986,64735,6,1,3,33790,5,108,1,1,2,1,4,3,1,2,2,1,1,6,4,7,1,1,39,76,"Female","Non-Black / Non-Hispanic","South (AL, AR, DE, DC, FL, GA, KY, LA, MD, MS, NC, OK, SC, TN , TX, VA, WV)","Associate/Junior college (AA)","Not in CBSA","YES","3: Mother","YES","YES","NO","NO","YES","0: 0  CONDITION DOES NOT APPLY","ALWAYS WITH RIGHT HAND","ALWAYS WITH RIGHT HAND","ALWAYS WITH RIGHT HAND","ALWAYS WITH RIGHT HAND","ALWAYS WITH LEFT HAND","1: 1  CONDITION APPLIES","1: 1  CONDITION APPLIES","NO","MALE","MALE"
1981,64735,5,0,2,33790,5,217,1,1,1,4,2,3,2,2,1,2,1,4,2,6,1,1,30,20,"Male","Non-Black / Non-Hispanic","South (AL, AR, DE, DC, FL, GA, KY, LA, MD, MS, NC, OK, SC, TN , TX, VA, WV)","None","In CBSA, in central city","NO","3: Mother","YES","YES","NO","NO","YES","0: 0  CONDITION DOES NOT APPLY","ALWAYS WITH LEFT HAND","ALWAYS WITH RIGHT HAND","ALWAYS WITH RIGHT HAND","ALWAYS WITH RIGHT HAND","ALWAYS WITH LEFT HAND","1: 1  CONDITION APPLIES","1: 1  CONDITION APPLIES","NO","FEMALE","FEMALE"
1981,64735,4,1,2,33790,5,181,2,1,3,1,5,2,1,2,1,2,1,2,4,7,1,1,36,21,"Female","Non-Black / Non-Hispanic","North Central (IL, IN, IA, KS, MI, MN, MO, NE, OH, ND, SD, WI)","High school diploma (Regular 12 year program)","Not in CBSA","NO","3: Mother","YES","NO","YES","NO","YES","0: 0  CONDITION DOES NOT APPLY","ALWAYS WITH RIGHT HAND","ALWAYS WITH RIGHT HAND","ALWAYS WITH LEFT HAND","ALWAYS WITH RIGHT HAND","ALWAYS WITH LEFT HAND","1: 1  CONDITION APPLIES","1: 1  CONDITION APPLIES","NO","MALE","FEMALE"
1984,35000,2,0,6,20000,5,184,2,2,2,4,4,2,2,2,2,2,1,1,2,6,1,1,30,18,"Female","Non-Black / Non-Hispanic","South (AL, AR, DE, DC, FL, GA, KY, LA, MD, MS, NC, OK, SC, TN , TX, VA, WV)","High school diploma (Regular 12 year program)","Not in CBSA","NO","3: Mother","NO","NO","NO","NO","YES","0: 0  CONDITION DOES NOT APPLY","ALWAYS WITH RIGHT HAND","ALWAYS WITH RIGHT HAND","ALWAYS WITH RIGHT HAND","ALWAYS WITH RIGHT HAND","ALWAYS WITH LEFT HAND","1: 1  CONDITION APPLIES","0: 0  CONDITION DOES NOT APPLY","NO","MALE","MALE"
1982,64735,5,0,2,33790,5,180,1,2,3,3,3,5,2,2,1,2,1,9,2,7,1,1,31,23,"Female","Black","South (AL, AR, DE, DC, FL, GA, KY, LA, MD, MS, NC, OK, SC, TN , TX, VA, WV)","High school diploma (Regular 12 year program)","In CBSA, in central city","NO","3: Mother","NO","YES","NO","NO","YES","0: 0  CONDITION DOES NOT APPLY","ALWAYS WITH RIGHT HAND","ALWAYS WITH RIGHT HAND","ALWAYS WITH RIGHT HAND","ALWAYS WITH RIGHT HAND","ALWAYS WITH LEFT HAND","1: 1  CONDITION APPLIES","1: 1  CONDITION APPLIES","NO","FEMALE","MALE"
1982,64735,2,0,2,33790,5,230,1,1,7,4,2,2,2,2,2,2,1,2,2,5,1,1,27,8,"Female","Non-Black / Non-Hispanic","North Central (IL, IN, IA, KS, MI, MN, MO, NE, OH, ND, SD, WI)","High school diploma (Regular 12 year program)","Not in CBSA","NO","3: Mother","NO","NO","NO","NO","YES","0: 0  CONDITION DOES NOT APPLY","ALWAYS WITH RIGHT HAND","ALWAYS WITH RIGHT HAND","ALWAYS WITH RIGHT HAND","ALWAYS WITH RIGHT HAND","ALWAYS WITH LEFT HAND","1: 1  CONDITION APPLIES","0: 0  CONDITION DOES NOT APPLY","NO","FEMALE","FEMALE"
1983,64735,6,0,1,33790,5,181,1,1,1,4,2,2,2,1,2,1,1,7,4,7,1,1,52,28,"Male","Black","South (AL, AR, DE, DC, FL, GA, KY, LA, MD, MS, NC, OK, SC, TN , TX, VA, WV)","High school diploma (Regular 12 year program)","In CBSA, not in central city","YES","3: Mother","NO","YES","NO","NO","YES","0: 0  CONDITION DOES NOT APPLY","ALWAYS WITH RIGHT HAND","ALWAYS WITH RIGHT HAND","ALWAYS WITH RIGHT HAND","ALWAYS WITH RIGHT HAND","ALWAYS WITH LEFT HAND","1: 1  CONDITION APPLIES","1: 1  CONDITION APPLIES","NO","FEMALE","MALE"
1982,64735,3,1,2,33790,6,184,3,1,3,4,1,2,2,2,1,2,1,3,3,7,1,1,25,10,"Male","Hispanic","South (AL, AR, DE, DC, FL, GA, KY, LA, MD, MS, NC, OK, SC, TN , TX, VA, WV)","None","In CBSA, not in central city","YES","3: Mother","NO","YES","YES","NO","YES","0: 0  CONDITION DOES NOT APPLY","DON'T DO THIS ACTIVITY","DON'T DO THIS ACTIVITY","DON'T DO THIS ACTIVITY","DON'T DO THIS ACTIVITY","ALWAYS WITH LEFT HAND","1: 1  CONDITION APPLIES","1: 1  CONDITION APPLIES","NO","FEMALE","FEMALE"
1981,64735,2,1,1,33790,5,181,1,1,2,1,4,3,1,2,1,2,1,6,1,7,1,1,34,23,"Male","Non-Black / Non-Hispanic","West (AK, AZ, CA, CO, HI, ID, MT, NV, NM, OR, UT, WA, WY)","Bachelor's degree (BA, BS)","In CBSA, not in central city","NO","3: Mother","NO","NO","NO","NO","YES","0: 0  CONDITION DOES NOT APPLY","ALWAYS WITH RIGHT HAND","ALWAYS WITH RIGHT HAND","ALWAYS WITH RIGHT HAND","ALWAYS WITH RIGHT HAND","ALWAYS WITH LEFT HAND","1: 1  CONDITION APPLIES","1: 1  CONDITION APPLIES","NO","FEMALE","FEMALE"
1981,64735,5,1,3,24000,6,245,1,1,1,4,2,2,2,1,1,2,2,1,3,6,1,1,30,18,"Male","Black","South (AL, AR, DE, DC, FL, GA, KY, LA, MD, MS, NC, OK, SC, TN , TX, VA, WV)","High school diploma (Regular 12 year program)","Not in CBSA","NO","3: Mother","NO","NO","NO","NO","YES","0: 0  CONDITION DOES NOT APPLY","ALWAYS WITH RIGHT HAND","ALWAYS WITH RIGHT HAND","ALWAYS WITH RIGHT HAND","ALWAYS WITH RIGHT HAND","USUALLY WITH BOTH HANDS EQUALLY","1: 1  CONDITION APPLIES","1: 1  CONDITION APPLIES","YES","FEMALE","MALE"
1983,64735,2,1,1,33790,5,185,2,2,2,1,1,2,2,2,2,2,1,4,2,6,1,1,29,18,"Female","Non-Black / Non-Hispanic","North Central (IL, IN, IA, KS, MI, MN, MO, NE, OH, ND, SD, WI)","Bachelor's degree (BA, BS)","In CBSA, not in central city","NO","3: Mother","NO","NO","NO","NO","YES","0: 0  CONDITION DOES NOT APPLY","ALWAYS WITH RIGHT HAND","ALWAYS WITH RIGHT HAND","ALWAYS WITH RIGHT HAND","ALWAYS WITH RIGHT HAND","ALWAYS WITH LEFT HAND","1: 1  CONDITION APPLIES","1: 1  CONDITION APPLIES","NO","MALE","FEMALE"
1982,64735,4,1,2,33790,5,182,1,1,3,3,2,5,2,2,1,2,1,3,2,6,1,1,25,1,"Female","Non-Black / Non-Hispanic","North Central (IL, IN, IA, KS, MI, MN, MO, NE, OH, ND, SD, WI)","High school diploma (Regular 12 year program)","Not in CBSA","NO","3: Mother","NO","NO","NO","NO","YES","0: 0  CONDITION DOES NOT APPLY","ALWAYS WITH LEFT HAND","ALWAYS WITH RIGHT HAND","USUALLY WITH BOTH HANDS EQUALLY","ALWAYS WITH RIGHT HAND","ALWAYS WITH LEFT HAND","0: 0  CONDITION DOES NOT APPLY","1: 1  CONDITION APPLIES","YES","FEMALE","FEMALE"
1980,64735,4,0,1,33790,5,183,1,1,5,4,3,5,2,2,2,2,1,4,3,6,1,1,31,22,"Male","Non-Black / Non-Hispanic","West (AK, AZ, CA, CO, HI, ID, MT, NV, NM, OR, UT, WA, WY)","High school diploma (Regular 12 year program)","In CBSA, not in central city","NO","3: Mother","YES","NO","NO","NO","YES","0: 0  CONDITION DOES NOT APPLY","ALWAYS WITH RIGHT HAND","ALWAYS WITH RIGHT HAND","ALWAYS WITH RIGHT HAND","ALWAYS WITH RIGHT HAND","ALWAYS WITH LEFT HAND","1: 1  CONDITION APPLIES","1: 1  CONDITION APPLIES","NO","MALE","MALE"
1983,64735,4,1,2,33790,5,145,1,1,4,2,2,1,2,2,2,2,2,4,3,6,1,1,26,0,"Male","Non-Black / Non-Hispanic","North Central (IL, IN, IA, KS, MI, MN, MO, NE, OH, ND, SD, WI)","High school diploma (Regular 12 year program)","Not in CBSA","NO","3: Mother","YES","NO","NO","NO","YES","0: 0  CONDITION DOES NOT APPLY","ALWAYS WITH RIGHT HAND","ALWAYS WITH RIGHT HAND","ALWAYS WITH RIGHT HAND","ALWAYS WITH RIGHT HAND","ALWAYS WITH LEFT HAND","1: 1  CONDITION APPLIES","1: 1  CONDITION APPLIES","NO","FEMALE","MALE"
1984,65000,3,1,3,33790,5,182,1,2,5,4,5,2,2,2,2,2,1,4,1,8,2,1,29,20,"Female","Non-Black / Non-Hispanic","West (AK, AZ, CA, CO, HI, ID, MT, NV, NM, OR, UT, WA, WY)","Bachelor's degree (BA, BS)","In CBSA, not in central city","NO","3: Mother","NO","YES","NO","NO","YES","0: 0  CONDITION DOES NOT APPLY","ALWAYS WITH RIGHT HAND","ALWAYS WITH RIGHT HAND","ALWAYS WITH RIGHT HAND","ALWAYS WITH RIGHT HAND","ALWAYS WITH LEFT HAND","1: 1  CONDITION APPLIES","1: 1  CONDITION APPLIES","NO","MALE","FEMALE"
1983,64735,4,1,2,33790,5,180,1,1,1,3,4,3,2,2,1,2,1,3,2,6,2,1,30,3,"Male","Black","North Central (IL, IN, IA, KS, MI, MN, MO, NE, OH, ND, SD, WI)","GED","Not in CBSA","NO","3: Mother","NO","YES","NO","NO","NO","0: 0  CONDITION DOES NOT APPLY","ALWAYS WITH RIGHT HAND","ALWAYS WITH RIGHT HAND","ALWAYS WITH RIGHT HAND","ALWAYS WITH RIGHT HAND","ALWAYS WITH LEFT HAND","0: 0  CONDITION DOES NOT APPLY","1: 1  CONDITION APPLIES","NO","MALE","MALE"
1982,64735,4,0,2,33790,5,182,1,3,3,3,2,3,2,2,2,2,1,3,2,5,1,1,34,24,"Female","Non-Black / Non-Hispanic","South (AL, AR, DE, DC, FL, GA, KY, LA, MD, MS, NC, OK, SC, TN , TX, VA, WV)","High school diploma (Regular 12 year program)","In CBSA, not in central city","YES","3: Mother","YES","NO","NO","NO","YES","0: 0  CONDITION DOES NOT APPLY","ALWAYS WITH RIGHT HAND","ALWAYS WITH RIGHT HAND","ALWAYS WITH RIGHT HAND","ALWAYS WITH RIGHT HAND","ALWAYS WITH LEFT HAND","1: 1  CONDITION APPLIES","1: 1  CONDITION APPLIES","YES","MALE","MALE"
1984,64735,3,1,2,30000,5,181,1,1,3,4,4,1,1,1,1,2,1,6,1,6,1,1,32,22,"Female","Non-Black / Non-Hispanic","South (AL, AR, DE, DC, FL, GA, KY, LA, MD, MS, NC, OK, SC, TN , TX, VA, WV)","High school diploma (Regular 12 year program)","In CBSA, in central city","YES","3: Mother","YES","NO","NO","NO","YES","0: 0  CONDITION DOES NOT APPLY","ALWAYS WITH RIGHT HAND","ALWAYS WITH RIGHT HAND","ALWAYS WITH RIGHT HAND","ALWAYS WITH RIGHT HAND","ALWAYS WITH LEFT HAND","1: 1  CONDITION APPLIES","1: 1  CONDITION APPLIES","NO","FEMALE","MALE"
1980,64735,2,0,3,33790,5,187,1,3,4,5,6,3,2,2,1,2,1,6,1,7,1,1,30,20,"Female","Non-Black / Non-Hispanic","North Central (IL, IN, IA, KS, MI, MN, MO, NE, OH, ND, SD, WI)","Associate/Junior college (AA)","In CBSA, in central city","NO","3: Mother","NO","NO","NO","NO","YES","0: 0  CONDITION DOES NOT APPLY","ALWAYS WITH RIGHT HAND","ALWAYS WITH RIGHT HAND","ALWAYS WITH RIGHT HAND","USUALLY WITH RIGHT HAND","ALWAYS WITH LEFT HAND","1: 1  CONDITION APPLIES","1: 1  CONDITION APPLIES","NO","MALE","MALE"
1983,98200,2,1,1,33790,5,184,1,2,3,4,2,3,2,2,1,2,1,4,3,7,1,1,34,20,"Male","Non-Black / Non-Hispanic","North Central (IL, IN, IA, KS, MI, MN, MO, NE, OH, ND, SD, WI)","High school diploma (Regular 12 year program)","In CBSA, in central city","YES","3: Mother","NO","NO","NO","NO","YES","0: 0  CONDITION DOES NOT APPLY","ALWAYS WITH RIGHT HAND","ALWAYS WITH RIGHT HAND","ALWAYS WITH RIGHT HAND","ALWAYS WITH RIGHT HAND","ALWAYS WITH RIGHT HAND","1: 1  CONDITION APPLIES","1: 1  CONDITION APPLIES","NO","MALE","FEMALE"
1982,64735,3,1,2,33790,5,181,1,1,3,3,4,5,1,2,1,1,1,2,1,5,1,1,35,19,"Female","Non-Black / Non-Hispanic","South (AL, AR, DE, DC, FL, GA, KY, LA, MD, MS, NC, OK, SC, TN , TX, VA, WV)","High school diploma (Regular 12 year program)","Not in CBSA","YES","3: Mother","YES","NO","NO","NO","NO","0: 0  CONDITION DOES NOT APPLY","ALWAYS WITH RIGHT HAND","ALWAYS WITH RIGHT HAND","ALWAYS WITH RIGHT HAND","ALWAYS WITH RIGHT HAND","ALWAYS WITH LEFT HAND","0: 0  CONDITION DOES NOT APPLY","1: 1  CONDITION APPLIES","NO","FEMALE","MALE"
1983,47000,2,1,2,33790,5,179,1,1,1,4,2,5,2,2,1,2,1,6,3,9,1,1,29,21,"Male","Non-Black / Non-Hispanic","South (AL, AR, DE, DC, FL, GA, KY, LA, MD, MS, NC, OK, SC, TN , TX, VA, WV)","Bachelor's degree (BA, BS)","In CBSA, not in central city","NO","3: Mother","NO","YES","NO","YES","YES","0: 0  CONDITION DOES NOT APPLY","ALWAYS WITH RIGHT HAND","ALWAYS WITH RIGHT HAND","ALWAYS WITH RIGHT HAND","ALWAYS WITH RIGHT HAND","ALWAYS WITH LEFT HAND","1: 1  CONDITION APPLIES","1: 1  CONDITION APPLIES","NO","FEMALE","MALE"
1982,64735,3,0,1,33790,5,183,1,1,2,3,6,4,2,2,1,2,1,5,3,6,1,1,30,22,"Male","Non-Black / Non-Hispanic","South (AL, AR, DE, DC, FL, GA, KY, LA, MD, MS, NC, OK, SC, TN , TX, VA, WV)","High school diploma (Regular 12 year program)","In CBSA, not in central city","NO","3: Mother","YES","NO","NO","NO","YES","0: 0  CONDITION DOES NOT APPLY","ALWAYS WITH RIGHT HAND","ALWAYS WITH RIGHT HAND","ALWAYS WITH RIGHT HAND","ALWAYS WITH RIGHT HAND","ALWAYS WITH LEFT HAND","1: 1  CONDITION APPLIES","1: 1  CONDITION APPLIES","NO","MALE","FEMALE"
1984,37500,4,1,5,33790,6,188,1,1,1,6,2,2,2,1,1,2,2,2,4,5,1,1,33,21,"Male","Non-Black / Non-Hispanic","South (AL, AR, DE, DC, FL, GA, KY, LA, MD, MS, NC, OK, SC, TN , TX, VA, WV)","High school diploma (Regular 12 year program)","In CBSA, not in central city","NO","3: Mother","NO","NO","NO","NO","YES","0: 0  CONDITION DOES NOT APPLY","ALWAYS WITH RIGHT HAND","ALWAYS WITH RIGHT HAND","ALWAYS WITH RIGHT HAND","ALWAYS WITH RIGHT HAND","ALWAYS WITH LEFT HAND","1: 1  CONDITION APPLIES","1: 1  CONDITION APPLIES","NO","FEMALE","MALE"
1988,64735,3,1,2,33790,5,135,1,1,4,3,4,5,2,2,2,1,1,6,2,7,1,1,8,4,"Male","Hispanic","South (AL, AR, DE, DC, FL, GA, KY, LA, MD, MS, NC, OK, SC, TN , TX, VA, WV)","Bachelor's degree (BA, BS)","Not in CBSA","NO","3: Mother","NO","YES","NO","NO","YES","1: 1  CONDITION APPLIES","ALWAYS WITH RIGHT HAND","ALWAYS WITH RIGHT HAND","ALWAYS WITH RIGHT HAND","ALWAYS WITH RIGHT HAND","ALWAYS WITH LEFT HAND","1: 1  CONDITION APPLIES","1: 1  CONDITION APPLIES","NO","FEMALE","FEMALE"
1981,64735,2,0,2,33790,5,280,1,1,4,6,3,5,1,2,1,1,1,3,2,7,1,1,31,15,"Female","Non-Black / Non-Hispanic","South (AL, AR, DE, DC, FL, GA, KY, LA, MD, MS, NC, OK, SC, TN , TX, VA, WV)","High school diploma (Regular 12 year program)","Not in CBSA","NO","3: Mother","NO","NO","NO","YES","YES","0: 0  CONDITION DOES NOT APPLY","ALWAYS WITH RIGHT HAND","ALWAYS WITH RIGHT HAND","ALWAYS WITH RIGHT HAND","ALWAYS WITH RIGHT HAND","ALWAYS WITH LEFT HAND","1: 1  CONDITION APPLIES","1: 1  CONDITION APPLIES","NO","FEMALE","MALE"
1980,64735,4,1,2,33790,5,182,2,1,3,4,4,4,1,2,1,1,1,10,2,8,1,1,31,23,"Female","Non-Black / Non-Hispanic","South (AL, AR, DE, DC, FL, GA, KY, LA, MD, MS, NC, OK, SC, TN , TX, VA, WV)","High school diploma (Regular 12 year program)","In CBSA, not in central city","NO","3: Mother","NO","YES","NO","NO","YES","0: 0  CONDITION DOES NOT APPLY","ALWAYS WITH RIGHT HAND","ALWAYS WITH RIGHT HAND","ALWAYS WITH RIGHT HAND","ALWAYS WITH RIGHT HAND","ALWAYS WITH LEFT HAND","0: 0  CONDITION DOES NOT APPLY","0: 0  CONDITION DOES NOT APPLY","NO","MALE","FEMALE"
1985,64735,2,0,1,33790,5,140,1,2,2,3,1,2,2,2,1,1,1,3,2,8,1,1,34,20,"Female","Non-Black / Non-Hispanic","North Central (IL, IN, IA, KS, MI, MN, MO, NE, OH, ND, SD, WI)","GED","In CBSA, in central city","NO","3: Mother","NO","YES","NO","NO","YES","0: 0  CONDITION DOES NOT APPLY","ALWAYS WITH RIGHT HAND","ALWAYS WITH LEFT HAND","ALWAYS WITH RIGHT HAND","ALWAYS WITH RIGHT HAND","ALWAYS WITH LEFT HAND","1: 1  CONDITION APPLIES","0: 0  CONDITION DOES NOT APPLY","NO","FEMALE","MALE"
1981,64735,3,1,1,40000,5,184,1,1,6,3,5,1,2,2,1,2,1,2,2,5,1,1,30,19,"Male","Non-Black / Non-Hispanic","South (AL, AR, DE, DC, FL, GA, KY, LA, MD, MS, NC, OK, SC, TN , TX, VA, WV)","Master's degree (MA, MS)","Not in CBSA","NO","3: Mother","NO","YES","NO","NO","YES","0: 0  CONDITION DOES NOT APPLY","ALWAYS WITH RIGHT HAND","ALWAYS WITH RIGHT HAND","ALWAYS WITH RIGHT HAND","ALWAYS WITH RIGHT HAND","USUALLY WITH RIGHT HAND","1: 1  CONDITION APPLIES","1: 1  CONDITION APPLIES","NO","MALE","MALE"
1980,64735,2,1,1,33790,5,181,1,1,1,3,4,4,2,2,2,2,1,4,2,8,2,1,28,20,"Male","Non-Black / Non-Hispanic","South (AL, AR, DE, DC, FL, GA, KY, LA, MD, MS, NC, OK, SC, TN , TX, VA, WV)","High school diploma (Regular 12 year program)","In CBSA, in central city","NO","3: Mother","NO","YES","NO","NO","YES","0: 0  CONDITION DOES NOT APPLY","ALWAYS WITH RIGHT HAND","ALWAYS WITH RIGHT HAND","DON'T DO THIS ACTIVITY","ALWAYS WITH RIGHT HAND","ALWAYS WITH LEFT HAND","1: 1  CONDITION APPLIES","1: 1  CONDITION APPLIES","NO","FEMALE","MALE"
1981,64735,3,0,3,33790,5,181,1,2,1,3,1,2,1,2,1,2,1,6,1,7,1,1,28,28,"Male","Non-Black / Non-Hispanic","Northeast (CT, ME, MA, NH, NJ, NY, PA, RI, VT)","High school diploma (Regular 12 year program)","In CBSA, not in central city","NO","3: Mother","YES","YES","NO","NO","YES","0: 0  CONDITION DOES NOT APPLY","ALWAYS WITH RIGHT HAND","ALWAYS WITH RIGHT HAND","ALWAYS WITH RIGHT HAND","ALWAYS WITH RIGHT HAND","ALWAYS WITH LEFT HAND","1: 1  CONDITION APPLIES","1: 1  CONDITION APPLIES","NO","FEMALE","FEMALE"
1981,58839,4,1,6,33790,5,185,1,2,2,4,2,5,2,2,2,2,1,4,2,7,1,1,24,19,"Male","Black","North Central (IL, IN, IA, KS, MI, MN, MO, NE, OH, ND, SD, WI)","Associate/Junior college (AA)","In CBSA, not in central city","NO","3: Mother","NO","YES","NO","NO","YES","0: 0  CONDITION DOES NOT APPLY","ALWAYS WITH RIGHT HAND","ALWAYS WITH RIGHT HAND","ALWAYS WITH RIGHT HAND","ALWAYS WITH RIGHT HAND","ALWAYS WITH LEFT HAND","1: 1  CONDITION APPLIES","1: 1  CONDITION APPLIES","NO","FEMALE","MALE"
1983,64735,5,0,1,33790,6,188,1,1,5,3,2,3,2,2,2,2,2,2,3,6,1,1,32,18,"Male","Black","South (AL, AR, DE, DC, FL, GA, KY, LA, MD, MS, NC, OK, SC, TN , TX, VA, WV)","High school diploma (Regular 12 year program)","In CBSA, not in central city","NO","3: Mother","NO","YES","YES","NO","NO","0: 0  CONDITION DOES NOT APPLY","ALWAYS WITH LEFT HAND","ALWAYS WITH RIGHT HAND","USUALLY WITH BOTH HANDS EQUALLY","ALWAYS WITH LEFT HAND","ALWAYS WITH RIGHT HAND","1: 1  CONDITION APPLIES","1: 1  CONDITION APPLIES","NO","FEMALE","FEMALE"
1984,10500,3,1,1,33790,5,183,3,1,2,4,1,2,2,2,1,2,2,3,2,7,1,1,33,22,"Female","Black","South (AL, AR, DE, DC, FL, GA, KY, LA, MD, MS, NC, OK, SC, TN , TX, VA, WV)","GED","In CBSA, not in central city","NO","3: Mother","NO","YES","YES","NO","YES","0: 0  CONDITION DOES NOT APPLY","ALWAYS WITH LEFT HAND","ALWAYS WITH RIGHT HAND","ALWAYS WITH RIGHT HAND","ALWAYS WITH RIGHT HAND","ALWAYS WITH LEFT HAND","1: 1  CONDITION APPLIES","1: 1  CONDITION APPLIES","NO","MALE","MALE"
1982,64735,4,0,2,33790,6,183,1,1,2,2,2,2,1,1,1,2,1,2,2,6,1,1,31,19,"Female","Black","North Central (IL, IN, IA, KS, MI, MN, MO, NE, OH, ND, SD, WI)","High school diploma (Regular 12 year program)","Not in CBSA","NO","3: Mother","NO","YES","YES","NO","YES","0: 0  CONDITION DOES NOT APPLY","ALWAYS WITH RIGHT HAND","ALWAYS WITH RIGHT HAND","ALWAYS WITH RIGHT HAND","ALWAYS WITH RIGHT HAND","ALWAYS WITH LEFT HAND","1: 1  CONDITION APPLIES","1: 1  CONDITION APPLIES","NO","FEMALE","MALE"
1983,64735,2,0,7,33790,5,182,2,2,5,3,6,2,1,2,2,2,1,6,4,7,1,1,33,26,"Female","Non-Black / Non-Hispanic","Northeast (CT, ME, MA, NH, NJ, NY, PA, RI, VT)","None","In CBSA, in central city","YES","3: Mother","YES","NO","YES","NO","YES","0: 0  CONDITION DOES NOT APPLY","ALWAYS WITH RIGHT HAND","ALWAYS WITH RIGHT HAND","ALWAYS WITH RIGHT HAND","USUALLY WITH LEFT HAND","ALWAYS WITH LEFT HAND","1: 1  CONDITION APPLIES","1: 1  CONDITION APPLIES","NO","FEMALE","MALE"
1981,64735,4,0,2,33790,6,184,2,3,3,2,5,3,2,1,2,1,2,2,1,6,1,1,38,31,"Male","Hispanic","West (AK, AZ, CA, CO, HI, ID, MT, NV, NM, OR, UT, WA, WY)","High school diploma (Regular 12 year program)","In CBSA, not in central city","YES","3: Mother","YES","NO","NO","NO","YES","0: 0  CONDITION DOES NOT APPLY","ALWAYS WITH RIGHT HAND","ALWAYS WITH RIGHT HAND","ALWAYS WITH RIGHT HAND","ALWAYS WITH RIGHT HAND","ALWAYS WITH LEFT HAND","1: 1  CONDITION APPLIES","0: 0  CONDITION DOES NOT APPLY","NO","FEMALE","FEMALE"
1982,64735,3,0,3,33790,6,185,1,1,1,3,3,4,2,2,2,2,2,7,4,5,1,1,32,19,"Male","Black","South (AL, AR, DE, DC, FL, GA, KY, LA, MD, MS, NC, OK, SC, TN , TX, VA, WV)","High school diploma (Regular 12 year program)","In CBSA, not in central city","NO","3: Mother","NO","YES","NO","NO","YES","0: 0  CONDITION DOES NOT APPLY","ALWAYS WITH RIGHT HAND","ALWAYS WITH RIGHT HAND","ALWAYS WITH RIGHT HAND","ALWAYS WITH RIGHT HAND","ALWAYS WITH LEFT HAND","1: 1  CONDITION APPLIES","1: 1  CONDITION APPLIES","NO","FEMALE","FEMALE"
1982,15750,3,1,2,33790,4,145,1,2,6,6,4,4,2,2,1,2,2,1,2,5,1,1,28,0,"Male","Black","North Central (IL, IN, IA, KS, MI, MN, MO, NE, OH, ND, SD, WI)","None","In CBSA, not in central city","NO","3: Mother","NO","NO","NO","NO","YES","0: 0  CONDITION DOES NOT APPLY","ALWAYS WITH RIGHT HAND","ALWAYS WITH RIGHT HAND","ALWAYS WITH RIGHT HAND","ALWAYS WITH RIGHT HAND","ALWAYS WITH LEFT HAND","1: 1  CONDITION APPLIES","1: 1  CONDITION APPLIES","NO","MALE","FEMALE"
1983,64735,1,1,2,33790,5,178,1,1,3,3,1,5,1,2,1,2,1,4,1,10,1,1,5,14,"Female","Black","South (AL, AR, DE, DC, FL, GA, KY, LA, MD, MS, NC, OK, SC, TN , TX, VA, WV)","Bachelor's degree (BA, BS)","In CBSA, not in central city","NO","3: Mother","NO","YES","NO","NO","YES","0: 0  CONDITION DOES NOT APPLY","ALWAYS WITH RIGHT HAND","ALWAYS WITH RIGHT HAND","ALWAYS WITH RIGHT HAND","ALWAYS WITH RIGHT HAND","USUALLY WITH LEFT HAND","1: 1  CONDITION APPLIES","1: 1  CONDITION APPLIES","NO","MALE","MALE"
1981,64735,3,0,1,700,6,185,1,2,2,4,2,6,2,1,2,2,1,3,2,4,1,1,36,20,"Male","Black","South (AL, AR, DE, DC, FL, GA, KY, LA, MD, MS, NC, OK, SC, TN , TX, VA, WV)","High school diploma (Regular 12 year program)","In CBSA, in central city","NO","3: Mother","NO","YES","NO","NO","NO","0: 0  CONDITION DOES NOT APPLY","ALWAYS WITH RIGHT HAND","USUALLY WITH BOTH HANDS EQUALLY","ALWAYS WITH RIGHT HAND","ALWAYS WITH RIGHT HAND","ALWAYS WITH LEFT HAND","1: 1  CONDITION APPLIES","1: 1  CONDITION APPLIES","NO","MALE","FEMALE"
1983,64735,3,0,2,33790,5,182,1,2,2,5,6,5,2,2,1,1,1,3,2,6,1,1,30,19,"Male","Non-Black / Non-Hispanic","South (AL, AR, DE, DC, FL, GA, KY, LA, MD, MS, NC, OK, SC, TN , TX, VA, WV)","GED","In CBSA, not in central city","NO","3: Mother","YES","NO","NO","NO","YES","0: 0  CONDITION DOES NOT APPLY","ALWAYS WITH RIGHT HAND","ALWAYS WITH RIGHT HAND","ALWAYS WITH RIGHT HAND","ALWAYS WITH RIGHT HAND","ALWAYS WITH LEFT HAND","1: 1  CONDITION APPLIES","1: 1  CONDITION APPLIES","NO","MALE","FEMALE"
1983,64735,4,0,3,33790,5,180,1,1,3,1,1,2,2,1,1,1,2,8,2,7,1,1,28,23,"Male","Non-Black / Non-Hispanic","South (AL, AR, DE, DC, FL, GA, KY, LA, MD, MS, NC, OK, SC, TN , TX, VA, WV)","Associate/Junior college (AA)","In CBSA, in central city","NO","3: Mother","NO","NO","NO","NO","YES","0: 0  CONDITION DOES NOT APPLY","ALWAYS WITH RIGHT HAND","ALWAYS WITH RIGHT HAND","ALWAYS WITH RIGHT HAND","ALWAYS WITH RIGHT HAND","ALWAYS WITH LEFT HAND","1: 1  CONDITION APPLIES","1: 1  CONDITION APPLIES","NO","FEMALE","MALE"
1980,64735,5,1,1,33790,5,180,1,1,1,3,2,4,1,2,1,2,1,5,3,7,1,1,32,22,"Male","Non-Black / Non-Hispanic","South (AL, AR, DE, DC, FL, GA, KY, LA, MD, MS, NC, OK, SC, TN , TX, VA, WV)","High school diploma (Regular 12 year program)","Not in CBSA","NO","3: Mother","NO","YES","NO","NO","YES","0: 0  CONDITION DOES NOT APPLY","ALWAYS WITH RIGHT HAND","ALWAYS WITH RIGHT HAND","USUALLY WITH BOTH HANDS EQUALLY","ALWAYS WITH RIGHT HAND","ALWAYS WITH LEFT HAND","1: 1  CONDITION APPLIES","1: 1  CONDITION APPLIES","NO","MALE","FEMALE"
1983,64735,4,0,2,33790,5,183,1,2,3,4,5,3,2,2,1,2,1,4,2,7,1,1,33,21,"Female","Non-Black / Non-Hispanic","South (AL, AR, DE, DC, FL, GA, KY, LA, MD, MS, NC, OK, SC, TN , TX, VA, WV)","Associate/Junior college (AA)","In CBSA, not in central city","NO","3: Mother","YES","NO","YES","NO","YES","0: 0  CONDITION DOES NOT APPLY","ALWAYS WITH RIGHT HAND","ALWAYS WITH RIGHT HAND","ALWAYS WITH RIGHT HAND","ALWAYS WITH RIGHT HAND","ALWAYS WITH LEFT HAND","1: 1  CONDITION APPLIES","0: 0  CONDITION DOES NOT APPLY","NO","FEMALE","FEMALE"
1984,64735,2,0,4,33790,5,183,1,1,5,4,4,5,1,1,1,1,2,6,6,6,1,2,31,17,"Male","Hispanic","South (AL, AR, DE, DC, FL, GA, KY, LA, MD, MS, NC, OK, SC, TN , TX, VA, WV)","High school diploma (Regular 12 year program)","In CBSA, not in central city","NO","3: Mother","YES","NO","NO","NO","YES","0: 0  CONDITION DOES NOT APPLY","ALWAYS WITH RIGHT HAND","ALWAYS WITH RIGHT HAND","ALWAYS WITH RIGHT HAND","ALWAYS WITH RIGHT HAND","ALWAYS WITH LEFT HAND","1: 1  CONDITION APPLIES","1: 1  CONDITION APPLIES","NO","FEMALE","FEMALE"
1982,64735,5,1,3,33790,5,183,2,1,2,4,1,6,2,2,2,2,1,5,3,7,1,1,25,17,"Female","Black","South (AL, AR, DE, DC, FL, GA, KY, LA, MD, MS, NC, OK, SC, TN , TX, VA, WV)","High school diploma (Regular 12 year program)","In CBSA, in central city","NO","3: Mother","NO","YES","NO","NO","YES","0: 0  CONDITION DOES NOT APPLY","ALWAYS WITH RIGHT HAND","ALWAYS WITH RIGHT HAND","ALWAYS WITH RIGHT HAND","ALWAYS WITH RIGHT HAND","ALWAYS WITH LEFT HAND","1: 1  CONDITION APPLIES","1: 1  CONDITION APPLIES","NO","MALE","MALE"
1980,64735,3,1,5,20000,5,183,1,2,3,3,2,6,2,2,1,2,1,5,2,6,1,1,32,20,"Male","Non-Black / Non-Hispanic","South (AL, AR, DE, DC, FL, GA, KY, LA, MD, MS, NC, OK, SC, TN , TX, VA, WV)","GED","Not in CBSA","NO","3: Mother","YES","NO","NO","YES","NO","0: 0  CONDITION DOES NOT APPLY","ALWAYS WITH RIGHT HAND","ALWAYS WITH RIGHT HAND","ALWAYS WITH RIGHT HAND","ALWAYS WITH RIGHT HAND","ALWAYS WITH RIGHT HAND","0: 0  CONDITION DOES NOT APPLY","0: 0  CONDITION DOES NOT APPLY","YES","FEMALE","FEMALE"
1981,64735,3,0,1,33790,5,180,1,1,3,5,4,5,2,2,2,2,1,6,4,7,2,1,29,20,"Female","Non-Black / Non-Hispanic","Northeast (CT, ME, MA, NH, NJ, NY, PA, RI, VT)","Master's degree (MA, MS)","In CBSA, not in central city","NO","3: Mother","NO","NO","NO","NO","YES","0: 0  CONDITION DOES NOT APPLY","ALWAYS WITH RIGHT HAND","ALWAYS WITH RIGHT HAND","ALWAYS WITH RIGHT HAND","ALWAYS WITH RIGHT HAND","ALWAYS WITH LEFT HAND","1: 1  CONDITION APPLIES","1: 1  CONDITION APPLIES","NO","MALE","MALE"
1983,64735,3,1,2,33790,5,183,1,1,1,5,3,5,1,2,2,2,2,1,7,7,1,1,24,0,"Male","Black","North Central (IL, IN, IA, KS, MI, MN, MO, NE, OH, ND, SD, WI)","Associate/Junior college (AA)","In CBSA, not in central city","NO","3: Mother","NO","YES","NO","NO","YES","0: 0  CONDITION DOES NOT APPLY","ALWAYS WITH RIGHT HAND","ALWAYS WITH RIGHT HAND","ALWAYS WITH RIGHT HAND","ALWAYS WITH RIGHT HAND","ALWAYS WITH LEFT HAND","1: 1  CONDITION APPLIES","1: 1  CONDITION APPLIES","NO","FEMALE","FEMALE"
1982,64735,4,1,2,33790,5,184,1,1,1,4,3,2,2,2,1,2,1,4,2,6,1,1,29,15,"Male","Black","South (AL, AR, DE, DC, FL, GA, KY, LA, MD, MS, NC, OK, SC, TN , TX, VA, WV)","Associate/Junior college (AA)","In CBSA, not in central city","NO","3: Mother","NO","YES","NO","NO","YES","0: 0  CONDITION DOES NOT APPLY","ALWAYS WITH RIGHT HAND","ALWAYS WITH RIGHT HAND","ALWAYS WITH RIGHT HAND","ALWAYS WITH RIGHT HAND","ALWAYS WITH LEFT HAND","1: 1  CONDITION APPLIES","1: 1  CONDITION APPLIES","NO","FEMALE","MALE"
1980,64735,3,1,1,26000,5,220,1,2,1,4,2,3,1,2,2,2,1,5,1,6,1,1,46,23,"Male","Black","South (AL, AR, DE, DC, FL, GA, KY, LA, MD, MS, NC, OK, SC, TN , TX, VA, WV)","High school diploma (Regular 12 year program)","In CBSA, not in central city","NO","3: Mother","NO","NO","NO","NO","YES","0: 0  CONDITION DOES NOT APPLY","ALWAYS WITH RIGHT HAND","ALWAYS WITH RIGHT HAND","ALWAYS WITH RIGHT HAND","USUALLY WITH LEFT HAND","ALWAYS WITH LEFT HAND","1: 1  CONDITION APPLIES","1: 1  CONDITION APPLIES","NO","FEMALE","FEMALE"
1983,64735,2,0,3,33790,5,180,1,1,2,2,5,3,1,2,2,1,1,1,4,7,1,1,34,25,"Female","Non-Black / Non-Hispanic","South (AL, AR, DE, DC, FL, GA, KY, LA, MD, MS, NC, OK, SC, TN , TX, VA, WV)","High school diploma (Regular 12 year program)","In CBSA, not in central city","YES","3: Mother","NO","YES","NO","NO","YES","0: 0  CONDITION DOES NOT APPLY","ALWAYS WITH RIGHT HAND","ALWAYS WITH RIGHT HAND","ALWAYS WITH RIGHT HAND","ALWAYS WITH RIGHT HAND","ALWAYS WITH LEFT HAND","1: 1  CONDITION APPLIES","1: 1  CONDITION APPLIES","NO","FEMALE","MALE"
1984,64735,3,0,2,32000,5,185,2,2,4,3,2,4,2,2,2,2,1,1,2,6,1,1,33,24,"Male","Non-Black / Non-Hispanic","South (AL, AR, DE, DC, FL, GA, KY, LA, MD, MS, NC, OK, SC, TN , TX, VA, WV)","High school diploma (Regular 12 year program)","In CBSA, in central city","NO","3: Mother","NO","YES","NO","NO","NO","0: 0  CONDITION DOES NOT APPLY","ALWAYS WITH RIGHT HAND","ALWAYS WITH RIGHT HAND","ALWAYS WITH RIGHT HAND","ALWAYS WITH RIGHT HAND","ALWAYS WITH LEFT HAND","1: 1  CONDITION APPLIES","1: 1  CONDITION APPLIES","NO","FEMALE","MALE"
1983,64735,3,1,2,33790,6,200,1,2,1,4,1,2,2,2,1,2,1,3,5,7,1,1,32,21,"Male","Non-Black / Non-Hispanic","South (AL, AR, DE, DC, FL, GA, KY, LA, MD, MS, NC, OK, SC, TN , TX, VA, WV)","High school diploma (Regular 12 year program)","In CBSA, not in central city","NO","3: Mother","NO","NO","NO","NO","NO","0: 0  CONDITION DOES NOT APPLY","ALWAYS WITH RIGHT HAND","ALWAYS WITH RIGHT HAND","ALWAYS WITH RIGHT HAND","ALWAYS WITH RIGHT HAND","ALWAYS WITH LEFT HAND","1: 1  CONDITION APPLIES","1: 1  CONDITION APPLIES","NO","FEMALE","MALE"
1983,89000,3,1,3,33790,5,183,2,2,3,4,2,7,1,1,1,1,2,1,3,7,1,2,30,19,"Male","Hispanic","Northeast (CT, ME, MA, NH, NJ, NY, PA, RI, VT)","None","In CBSA, in central city","NO","3: Mother","YES","YES","YES","NO","YES","0: 0  CONDITION DOES NOT APPLY","ALWAYS WITH RIGHT HAND","ALWAYS WITH RIGHT HAND","ALWAYS WITH RIGHT HAND","ALWAYS WITH RIGHT HAND","ALWAYS WITH LEFT HAND","1: 1  CONDITION APPLIES","1: 1  CONDITION APPLIES","NO","MALE","MALE"
1982,64735,3,0,3,33790,5,185,1,2,1,4,2,4,2,2,1,2,2,3,2,6,1,1,34,19,"Male","Non-Black / Non-Hispanic","South (AL, AR, DE, DC, FL, GA, KY, LA, MD, MS, NC, OK, SC, TN , TX, VA, WV)","High school diploma (Regular 12 year program)","In CBSA, not in central city","NO","3: Mother","NO","NO","NO","NO","YES","0: 0  CONDITION DOES NOT APPLY","ALWAYS WITH RIGHT HAND","ALWAYS WITH RIGHT HAND","ALWAYS WITH RIGHT HAND","ALWAYS WITH RIGHT HAND","ALWAYS WITH LEFT HAND","1: 1  CONDITION APPLIES","1: 1  CONDITION APPLIES","NO","MALE","FEMALE"
1983,64735,4,1,6,33790,5,183,1,2,2,4,4,1,2,2,2,2,1,3,2,5,1,1,30,18,"Male","Hispanic","South (AL, AR, DE, DC, FL, GA, KY, LA, MD, MS, NC, OK, SC, TN , TX, VA, WV)","High school diploma (Regular 12 year program)","In CBSA, not in central city","NO","3: Mother","YES","YES","NO","NO","NO","0: 0  CONDITION DOES NOT APPLY","ALWAYS WITH RIGHT HAND","ALWAYS WITH RIGHT HAND","ALWAYS WITH RIGHT HAND","ALWAYS WITH RIGHT HAND","ALWAYS WITH LEFT HAND","1: 1  CONDITION APPLIES","0: 0  CONDITION DOES NOT APPLY","NO","FEMALE","MALE"
1982,64735,4,1,1,33790,5,184,1,1,2,3,4,3,1,2,1,2,2,1,2,7,1,1,63,29,"Male","Non-Black / Non-Hispanic","South (AL, AR, DE, DC, FL, GA, KY, LA, MD, MS, NC, OK, SC, TN , TX, VA, WV)","High school diploma (Regular 12 year program)","In CBSA, not in central city","YES","3: Mother","YES","NO","NO","NO","NO","0: 0  CONDITION DOES NOT APPLY","ALWAYS WITH RIGHT HAND","ALWAYS WITH RIGHT HAND","ALWAYS WITH RIGHT HAND","ALWAYS WITH RIGHT HAND","ALWAYS WITH LEFT HAND","1: 1  CONDITION APPLIES","1: 1  CONDITION APPLIES","NO","MALE","MALE"
1984,64735,3,2,2,33790,5,185,1,1,2,4,2,3,1,2,1,2,2,2,2,8,1,1,30,19,"Male","Black","South (AL, AR, DE, DC, FL, GA, KY, LA, MD, MS, NC, OK, SC, TN , TX, VA, WV)","High school diploma (Regular 12 year program)","In CBSA, not in central city","NO","3: Mother","NO","NO","NO","NO","YES","0: 0  CONDITION DOES NOT APPLY","ALWAYS WITH RIGHT HAND","ALWAYS WITH RIGHT HAND","ALWAYS WITH RIGHT HAND","ALWAYS WITH RIGHT HAND","ALWAYS WITH LEFT HAND","1: 1  CONDITION APPLIES","1: 1  CONDITION APPLIES","NO","FEMALE","FEMALE"
1981,64735,3,0,4,33790,5,181,2,2,1,3,1,5,2,2,1,2,1,5,2,7,1,1,29,16,"Female","Black","South (AL, AR, DE, DC, FL, GA, KY, LA, MD, MS, NC, OK, SC, TN , TX, VA, WV)","Bachelor's degree (BA, BS)","In CBSA, not in central city","NO","3: Mother","NO","NO","NO","NO","YES","0: 0  CONDITION DOES NOT APPLY","ALWAYS WITH RIGHT HAND","ALWAYS WITH RIGHT HAND","ALWAYS WITH RIGHT HAND","ALWAYS WITH RIGHT HAND","ALWAYS WITH LEFT HAND","1: 1  CONDITION APPLIES","1: 1  CONDITION APPLIES","NO","FEMALE","FEMALE"
1984,32450,2,1,2,33790,5,157,1,2,2,4,9,5,2,2,1,2,2,3,2,7,1,2,29,16,"Male","Hispanic","North Central (IL, IN, IA, KS, MI, MN, MO, NE, OH, ND, SD, WI)","High school diploma (Regular 12 year program)","In CBSA, in central city","NO","3: Mother","YES","NO","YES","NO","YES","0: 0  CONDITION DOES NOT APPLY","ALWAYS WITH RIGHT HAND","ALWAYS WITH RIGHT HAND","ALWAYS WITH RIGHT HAND","USUALLY WITH BOTH HANDS EQUALLY","ALWAYS WITH LEFT HAND","1: 1  CONDITION APPLIES","1: 1  CONDITION APPLIES","NO","MALE","FEMALE"
1983,41750,3,1,4,33790,5,179,1,2,2,2,2,3,2,2,2,2,1,3,6,8,1,1,29,20,"Male","Black","West (AK, AZ, CA, CO, HI, ID, MT, NV, NM, OR, UT, WA, WY)","Master's degree (MA, MS)","In CBSA, not in central city","YES","3: Mother","YES","NO","NO","NO","YES","0: 0  CONDITION DOES NOT APPLY","USUALLY WITH RIGHT HAND","DON'T DO THIS ACTIVITY","DON'T DO THIS ACTIVITY","USUALLY WITH RIGHT HAND","ALWAYS WITH LEFT HAND","1: 1  CONDITION APPLIES","1: 1  CONDITION APPLIES","NO","FEMALE","MALE"
1981,64735,4,1,2,33790,5,181,2,1,4,4,2,4,1,2,1,2,1,3,3,7,1,1,29,20,"Female","Hispanic","South (AL, AR, DE, DC, FL, GA, KY, LA, MD, MS, NC, OK, SC, TN , TX, VA, WV)","None","In CBSA, not in central city","NO","3: Mother","YES","NO","NO","NO","YES","0: 0  CONDITION DOES NOT APPLY","DON'T DO THIS ACTIVITY","USUALLY WITH LEFT HAND","ALWAYS WITH RIGHT HAND","USUALLY WITH RIGHT HAND","ALWAYS WITH LEFT HAND","1: 1  CONDITION APPLIES","1: 1  CONDITION APPLIES","NO","FEMALE","FEMALE"
1983,64735,4,1,7,33790,5,180,2,1,5,2,2,4,2,2,2,2,1,6,2,6,1,1,27,20,"Female","Non-Black / Non-Hispanic","Northeast (CT, ME, MA, NH, NJ, NY, PA, RI, VT)","High school diploma (Regular 12 year program)","In CBSA, not in central city","NO","3: Mother","YES","NO","NO","NO","YES","0: 0  CONDITION DOES NOT APPLY","ALWAYS WITH RIGHT HAND","ALWAYS WITH RIGHT HAND","ALWAYS WITH RIGHT HAND","ALWAYS WITH RIGHT HAND","ALWAYS WITH LEFT HAND","1: 1  CONDITION APPLIES","1: 1  CONDITION APPLIES","NO","FEMALE","FEMALE"
1982,64735,8,3,4,33790,5,181,1,1,1,4,4,3,2,2,1,2,1,6,2,7,1,1,28,12,"Female","Black","North Central (IL, IN, IA, KS, MI, MN, MO, NE, OH, ND, SD, WI)","High school diploma (Regular 12 year program)","In CBSA, not in central city","NO","3: Mother","NO","YES","NO","NO","NO","0: 0  CONDITION DOES NOT APPLY","USUALLY WITH RIGHT HAND","ALWAYS WITH RIGHT HAND","ALWAYS WITH RIGHT HAND","ALWAYS WITH RIGHT HAND","ALWAYS WITH LEFT HAND","1: 1  CONDITION APPLIES","1: 1  CONDITION APPLIES","NO","MALE","MALE"
1983,64735,8,0,5,33790,5,180,1,2,1,2,2,3,2,2,2,2,2,7,1,6,1,1,38,27,"Female","Black","South (AL, AR, DE, DC, FL, GA, KY, LA, MD, MS, NC, OK, SC, TN , TX, VA, WV)","High school diploma (Regular 12 year program)","In CBSA, not in central city","NO","3: Mother","NO","YES","NO","NO","YES","0: 0  CONDITION DOES NOT APPLY","ALWAYS WITH RIGHT HAND","ALWAYS WITH RIGHT HAND","USUALLY WITH RIGHT HAND","USUALLY WITH RIGHT HAND","USUALLY WITH RIGHT HAND","1: 1  CONDITION APPLIES","1: 1  CONDITION APPLIES","NO","FEMALE","MALE"
1981,64735,5,0,1,53000,5,183,1,2,1,3,3,2,2,2,1,1,1,4,2,7,3,1,29,21,"Female","Black","South (AL, AR, DE, DC, FL, GA, KY, LA, MD, MS, NC, OK, SC, TN , TX, VA, WV)","Bachelor's degree (BA, BS)","In CBSA, not in central city","NO","3: Mother","NO","YES","NO","NO","YES","0: 0  CONDITION DOES NOT APPLY","ALWAYS WITH RIGHT HAND","ALWAYS WITH LEFT HAND","ALWAYS WITH RIGHT HAND","ALWAYS WITH RIGHT HAND","ALWAYS WITH LEFT HAND","1: 1  CONDITION APPLIES","1: 1  CONDITION APPLIES","NO","FEMALE","MALE"
1981,64735,4,1,2,33790,5,183,1,1,2,3,4,5,2,2,1,2,1,2,1,7,1,1,33,20,"Female","Non-Black / Non-Hispanic","North Central (IL, IN, IA, KS, MI, MN, MO, NE, OH, ND, SD, WI)","High school diploma (Regular 12 year program)","In CBSA, not in central city","NO","3: Mother","NO","NO","NO","NO","YES","0: 0  CONDITION DOES NOT APPLY","ALWAYS WITH RIGHT HAND","ALWAYS WITH LEFT HAND","ALWAYS WITH LEFT HAND","ALWAYS WITH LEFT HAND","ALWAYS WITH LEFT HAND","1: 1  CONDITION APPLIES","1: 1  CONDITION APPLIES","NO","MALE","MALE"
1982,64735,3,0,3,33790,5,180,1,2,2,3,4,3,1,2,1,2,1,5,1,6,1,1,34,23,"Female","Non-Black / Non-Hispanic","South (AL, AR, DE, DC, FL, GA, KY, LA, MD, MS, NC, OK, SC, TN , TX, VA, WV)","Bachelor's degree (BA, BS)","In CBSA, not in central city","YES","3: Mother","YES","YES","NO","NO","NO","0: 0  CONDITION DOES NOT APPLY","ALWAYS WITH RIGHT HAND","ALWAYS WITH RIGHT HAND","ALWAYS WITH RIGHT HAND","ALWAYS WITH RIGHT HAND","ALWAYS WITH LEFT HAND","1: 1  CONDITION APPLIES","1: 1  CONDITION APPLIES","NO","FEMALE","FEMALE"
1982,64735,6,2,2,33790,5,182,2,1,2,5,1,2,2,2,1,2,2,4,2,6,1,1,26,14,"Female","Non-Black / Non-Hispanic","South (AL, AR, DE, DC, FL, GA, KY, LA, MD, MS, NC, OK, SC, TN , TX, VA, WV)","Master's degree (MA, MS)","In CBSA, in central city","NO","3: Mother","YES","YES","NO","NO","YES","0: 0  CONDITION DOES NOT APPLY","ALWAYS WITH RIGHT HAND","ALWAYS WITH RIGHT HAND","ALWAYS WITH RIGHT HAND","ALWAYS WITH RIGHT HAND","ALWAYS WITH LEFT HAND","1: 1  CONDITION APPLIES","1: 1  CONDITION APPLIES","NO","FEMALE","FEMALE"
1983,64735,5,0,2,33790,6,184,1,1,1,3,2,4,1,2,1,1,1,6,4,5,1,1,35,61,"Male","Non-Black / Non-Hispanic","Northeast (CT, ME, MA, NH, NJ, NY, PA, RI, VT)","High school diploma (Regular 12 year program)","In CBSA, not in central city","YES","3: Mother","YES","YES","NO","NO","YES","0: 0  CONDITION DOES NOT APPLY","ALWAYS WITH RIGHT HAND","ALWAYS WITH RIGHT HAND","ALWAYS WITH RIGHT HAND","ALWAYS WITH RIGHT HAND","ALWAYS WITH LEFT HAND","1: 1  CONDITION APPLIES","1: 1  CONDITION APPLIES","NO","MALE","MALE"
1980,64735,5,1,1,33790,5,180,1,2,2,4,2,2,1,2,1,2,1,3,2,6,1,1,29,18,"Female","Black","West (AK, AZ, CA, CO, HI, ID, MT, NV, NM, OR, UT, WA, WY)","High school diploma (Regular 12 year program)","In CBSA, in central city","NO","3: Mother","YES","YES","NO","NO","YES","0: 0  CONDITION DOES NOT APPLY","ALWAYS WITH RIGHT HAND","ALWAYS WITH RIGHT HAND","ALWAYS WITH RIGHT HAND","ALWAYS WITH RIGHT HAND","ALWAYS WITH LEFT HAND","1: 1  CONDITION APPLIES","1: 1  CONDITION APPLIES","NO","FEMALE","FEMALE"
1982,64735,3,0,3,33790,5,182,1,2,1,2,4,3,2,2,1,1,1,6,2,6,1,1,34,26,"Male","Black","South (AL, AR, DE, DC, FL, GA, KY, LA, MD, MS, NC, OK, SC, TN , TX, VA, WV)","GED","In CBSA, not in central city","YES","3: Mother","NO","YES","NO","NO","NO","0: 0  CONDITION DOES NOT APPLY","ALWAYS WITH RIGHT HAND","ALWAYS WITH RIGHT HAND","ALWAYS WITH RIGHT HAND","ALWAYS WITH RIGHT HAND","ALWAYS WITH LEFT HAND","1: 1  CONDITION APPLIES","1: 1  CONDITION APPLIES","NO","FEMALE","MALE"
1983,64735,4,0,1,33790,5,182,1,1,2,5,4,2,2,1,2,1,2,1,1,6,1,1,33,22,"Female","Hispanic","South (AL, AR, DE, DC, FL, GA, KY, LA, MD, MS, NC, OK, SC, TN , TX, VA, WV)","High school diploma (Regular 12 year program)","In CBSA, in central city","NO","3: Mother","NO","YES","NO","NO","NO","0: 0  CONDITION DOES NOT APPLY","ALWAYS WITH RIGHT HAND","ALWAYS WITH RIGHT HAND","ALWAYS WITH RIGHT HAND","ALWAYS WITH RIGHT HAND","ALWAYS WITH LEFT HAND","1: 1  CONDITION APPLIES","1: 1  CONDITION APPLIES","NO","FEMALE","MALE"
1982,64735,4,0,3,33790,5,182,1,2,2,4,6,2,2,1,1,2,1,2,3,7,1,1,61,24,"Male","Black","South (AL, AR, DE, DC, FL, GA, KY, LA, MD, MS, NC, OK, SC, TN , TX, VA, WV)","None","In CBSA, not in central city","NO","3: Mother","NO","NO","NO","NO","YES","0: 0  CONDITION DOES NOT APPLY","USUALLY WITH RIGHT HAND","ALWAYS WITH RIGHT HAND","USUALLY WITH BOTH HANDS EQUALLY","ALWAYS WITH RIGHT HAND","USUALLY WITH BOTH HANDS EQUALLY","1: 1  CONDITION APPLIES","1: 1  CONDITION APPLIES","NO","MALE","FEMALE"
1981,64735,4,0,3,33790,5,181,1,2,3,4,2,2,2,2,1,1,1,5,1,8,1,1,57,48,"Female","Non-Black / Non-Hispanic","South (AL, AR, DE, DC, FL, GA, KY, LA, MD, MS, NC, OK, SC, TN , TX, VA, WV)","Associate/Junior college (AA)","In CBSA, in central city","YES","3: Mother","YES","NO","NO","YES","YES","0: 0  CONDITION DOES NOT APPLY","ALWAYS WITH RIGHT HAND","ALWAYS WITH RIGHT HAND","ALWAYS WITH RIGHT HAND","USUALLY WITH BOTH HANDS EQUALLY","ALWAYS WITH LEFT HAND","1: 1  CONDITION APPLIES","1: 1  CONDITION APPLIES","NO","FEMALE","MALE"
1982,54000,4,0,3,33790,5,180,1,2,3,2,3,4,2,2,2,2,1,2,3,6,1,1,29,7,"Male","Hispanic","South (AL, AR, DE, DC, FL, GA, KY, LA, MD, MS, NC, OK, SC, TN , TX, VA, WV)","High school diploma (Regular 12 year program)","In CBSA, in central city","NO","3: Mother","NO","NO","NO","NO","NO","0: 0  CONDITION DOES NOT APPLY","ALWAYS WITH RIGHT HAND","ALWAYS WITH RIGHT HAND","ALWAYS WITH RIGHT HAND","ALWAYS WITH RIGHT HAND","ALWAYS WITH LEFT HAND","1: 1  CONDITION APPLIES","1: 1  CONDITION APPLIES","NO","FEMALE","FEMALE"
1981,64735,4,0,2,33790,5,182,1,1,5,4,1,6,1,2,2,1,1,6,2,7,1,2,31,22,"Male","Non-Black / Non-Hispanic","North Central (IL, IN, IA, KS, MI, MN, MO, NE, OH, ND, SD, WI)","High school diploma (Regular 12 year program)","In CBSA, not in central city","YES","3: Mother","YES","NO","NO","NO","YES","0: 0  CONDITION DOES NOT APPLY","ALWAYS WITH RIGHT HAND","USUALLY WITH BOTH HANDS EQUALLY","ALWAYS WITH RIGHT HAND","ALWAYS WITH RIGHT HAND","ALWAYS WITH LEFT HAND","1: 1  CONDITION APPLIES","1: 1  CONDITION APPLIES","NO","FEMALE","MALE"
1983,64735,4,1,2,33790,5,116,1,3,3,3,2,4,2,2,1,1,1,6,1,7,1,1,5,17,"Female","Non-Black / Non-Hispanic","North Central (IL, IN, IA, KS, MI, MN, MO, NE, OH, ND, SD, WI)","Master's degree (MA, MS)","In CBSA, not in central city","NO","3: Mother","YES","NO","NO","NO","YES","0: 0  CONDITION DOES NOT APPLY","ALWAYS WITH RIGHT HAND","ALWAYS WITH RIGHT HAND","ALWAYS WITH RIGHT HAND","ALWAYS WITH RIGHT HAND","ALWAYS WITH LEFT HAND","1: 1  CONDITION APPLIES","1: 1  CONDITION APPLIES","NO","MALE","FEMALE"
1982,64735,3,1,3,33790,5,180,1,2,3,3,5,4,2,2,1,2,1,6,5,6,1,1,27,1,"Male","Non-Black / Non-Hispanic","South (AL, AR, DE, DC, FL, GA, KY, LA, MD, MS, NC, OK, SC, TN , TX, VA, WV)","High school diploma (Regular 12 year program)","In CBSA, not in central city","NO","3: Mother","YES","NO","NO","NO","YES","0: 0  CONDITION DOES NOT APPLY","ALWAYS WITH RIGHT HAND","ALWAYS WITH RIGHT HAND","ALWAYS WITH RIGHT HAND","ALWAYS WITH RIGHT HAND","ALWAYS WITH LEFT HAND","0: 0  CONDITION DOES NOT APPLY","1: 1  CONDITION APPLIES","NO","FEMALE","FEMALE"
1984,64735,3,2,3,33790,6,184,1,1,2,3,2,3,1,2,2,2,2,3,2,8,1,1,26,22,"Male","Black","South (AL, AR, DE, DC, FL, GA, KY, LA, MD, MS, NC, OK, SC, TN , TX, VA, WV)","High school diploma (Regular 12 year program)","In CBSA, in central city","YES","3: Mother","NO","NO","NO","NO","YES","0: 0  CONDITION DOES NOT APPLY","ALWAYS WITH RIGHT HAND","ALWAYS WITH RIGHT HAND","ALWAYS WITH RIGHT HAND","ALWAYS WITH RIGHT HAND","ALWAYS WITH LEFT HAND","1: 1  CONDITION APPLIES","1: 1  CONDITION APPLIES","NO","FEMALE","MALE"
1980,64735,3,0,2,33790,5,185,1,1,3,8,5,2,1,1,1,2,1,6,2,6,3,1,34,23,"Male","Non-Black / Non-Hispanic","Northeast (CT, ME, MA, NH, NJ, NY, PA, RI, VT)","None","In CBSA, not in central city","NO","3: Mother","YES","NO","NO","NO","YES","0: 0  CONDITION DOES NOT APPLY","ALWAYS WITH RIGHT HAND","ALWAYS WITH RIGHT HAND","USUALLY WITH RIGHT HAND","ALWAYS WITH RIGHT HAND","ALWAYS WITH LEFT HAND","1: 1  CONDITION APPLIES","1: 1  CONDITION APPLIES","NO","FEMALE","FEMALE"
1984,64735,2,0,3,15000,5,182,1,1,2,4,3,3,1,2,2,1,1,2,2,9,1,1,32,19,"Female","Black","South (AL, AR, DE, DC, FL, GA, KY, LA, MD, MS, NC, OK, SC, TN , TX, VA, WV)","None","In CBSA, in central city","NO","3: Mother","NO","YES","NO","NO","YES","0: 0  CONDITION DOES NOT APPLY","ALWAYS WITH LEFT HAND","ALWAYS WITH LEFT HAND","ALWAYS WITH LEFT HAND","ALWAYS WITH LEFT HAND","ALWAYS WITH LEFT HAND","1: 1  CONDITION APPLIES","1: 1  CONDITION APPLIES","NO","MALE","FEMALE"
1981,64735,3,0,1,33790,5,183,2,2,4,4,4,5,1,2,1,2,2,3,2,4,1,1,39,23,"Male","Non-Black / Non-Hispanic","South (AL, AR, DE, DC, FL, GA, KY, LA, MD, MS, NC, OK, SC, TN , TX, VA, WV)","High school diploma (Regular 12 year program)","In CBSA, not in central city","NO","3: Mother","NO","NO","NO","NO","YES","1: 1  CONDITION APPLIES","ALWAYS WITH RIGHT HAND","ALWAYS WITH RIGHT HAND","USUALLY WITH BOTH HANDS EQUALLY","USUALLY WITH BOTH HANDS EQUALLY","ALWAYS WITH LEFT HAND","1: 1  CONDITION APPLIES","1: 1  CONDITION APPLIES","NO","FEMALE","FEMALE"
1982,64735,5,0,1,33790,5,181,1,2,2,3,3,5,2,2,1,1,1,6,3,6,1,1,32,19,"Male","Non-Black / Non-Hispanic","South (AL, AR, DE, DC, FL, GA, KY, LA, MD, MS, NC, OK, SC, TN , TX, VA, WV)","Bachelor's degree (BA, BS)","In CBSA, not in central city","NO","3: Mother","YES","YES","NO","NO","YES","0: 0  CONDITION DOES NOT APPLY","ALWAYS WITH RIGHT HAND","ALWAYS WITH RIGHT HAND","ALWAYS WITH LEFT HAND","ALWAYS WITH RIGHT HAND","ALWAYS WITH LEFT HAND","1: 1  CONDITION APPLIES","1: 1  CONDITION APPLIES","NO","FEMALE","FEMALE"
1981,64735,3,0,2,33790,6,182,1,2,1,3,3,5,2,1,1,2,1,3,3,9,1,1,24,19,"Male","Black","South (AL, AR, DE, DC, FL, GA, KY, LA, MD, MS, NC, OK, SC, TN , TX, VA, WV)","High school diploma (Regular 12 year program)","In CBSA, not in central city","NO","3: Mother","NO","YES","NO","NO","YES","0: 0  CONDITION DOES NOT APPLY","ALWAYS WITH RIGHT HAND","ALWAYS WITH RIGHT HAND","ALWAYS WITH RIGHT HAND","ALWAYS WITH RIGHT HAND","ALWAYS WITH LEFT HAND","1: 1  CONDITION APPLIES","1: 1  CONDITION APPLIES","NO","FEMALE","MALE"
1981,64735,5,0,2,33790,5,183,2,2,2,4,2,2,2,2,2,2,1,7,2,6,1,1,41,24,"Female","Non-Black / Non-Hispanic","South (AL, AR, DE, DC, FL, GA, KY, LA, MD, MS, NC, OK, SC, TN , TX, VA, WV)","None","In CBSA, not in central city","YES","3: Mother","YES","YES","NO","YES","NO","0: 0  CONDITION DOES NOT APPLY","ALWAYS WITH RIGHT HAND","USUALLY WITH RIGHT HAND","ALWAYS WITH RIGHT HAND","ALWAYS WITH RIGHT HAND","ALWAYS WITH LEFT HAND","1: 1  CONDITION APPLIES","1: 1  CONDITION APPLIES","NO","MALE","MALE"
1988,64735,2,0,2,33790,5,184,2,1,5,4,3,5,2,2,2,2,2,4,3,8,1,2,31,18,"Male","Non-Black / Non-Hispanic","South (AL, AR, DE, DC, FL, GA, KY, LA, MD, MS, NC, OK, SC, TN , TX, VA, WV)","High school diploma (Regular 12 year program)","In CBSA, in central city","NO","3: Mother","NO","NO","YES","NO","YES","0: 0  CONDITION DOES NOT APPLY","ALWAYS WITH RIGHT HAND","ALWAYS WITH RIGHT HAND","ALWAYS WITH RIGHT HAND","ALWAYS WITH RIGHT HAND","ALWAYS WITH LEFT HAND","1: 1  CONDITION APPLIES","1: 1  CONDITION APPLIES","NO","MALE","FEMALE"
1980,64735,3,1,3,33790,5,180,2,2,4,5,4,4,1,1,1,2,1,6,1,7,1,1,25,25,"Male","Non-Black / Non-Hispanic","South (AL, AR, DE, DC, FL, GA, KY, LA, MD, MS, NC, OK, SC, TN , TX, VA, WV)","Master's degree (MA, MS)","In CBSA, in central city","NO","3: Mother","YES","NO","YES","NO","YES","0: 0  CONDITION DOES NOT APPLY","ALWAYS WITH RIGHT HAND","ALWAYS WITH RIGHT HAND","ALWAYS WITH RIGHT HAND","ALWAYS WITH RIGHT HAND","ALWAYS WITH LEFT HAND","1: 1  CONDITION APPLIES","1: 1  CONDITION APPLIES","NO","MALE","FEMALE"
1980,64735,4,1,2,33790,5,182,1,1,3,4,2,7,1,1,1,1,1,1,2,7,1,1,32,21,"Female","Non-Black / Non-Hispanic","Northeast (CT, ME, MA, NH, NJ, NY, PA, RI, VT)","None","In CBSA, in central city","NO","3: Mother","YES","YES","NO","NO","YES","0: 0  CONDITION DOES NOT APPLY","ALWAYS WITH RIGHT HAND","ALWAYS WITH RIGHT HAND","ALWAYS WITH RIGHT HAND","ALWAYS WITH RIGHT HAND","ALWAYS WITH LEFT HAND","1: 1  CONDITION APPLIES","1: 1  CONDITION APPLIES","NO","MALE","FEMALE"
1984,5500,3,0,2,33790,5,183,3,2,3,4,2,1,1,2,1,2,1,1,2,8,1,1,28,19,"Female","Non-Black / Non-Hispanic","West (AK, AZ, CA, CO, HI, ID, MT, NV, NM, OR, UT, WA, WY)","None","In CBSA, not in central city","NO","3: Mother","NO","NO","NO","NO","YES","0: 0  CONDITION DOES NOT APPLY","ALWAYS WITH RIGHT HAND","ALWAYS WITH RIGHT HAND","ALWAYS WITH RIGHT HAND","ALWAYS WITH RIGHT HAND","USUALLY WITH BOTH HANDS EQUALLY","1: 1  CONDITION APPLIES","1: 1  CONDITION APPLIES","NO","MALE","FEMALE"
1981,64735,2,0,2,27000,5,184,1,1,1,5,3,4,2,2,1,2,1,6,2,5,1,1,31,20,"Female","Non-Black / Non-Hispanic","South (AL, AR, DE, DC, FL, GA, KY, LA, MD, MS, NC, OK, SC, TN , TX, VA, WV)","High school diploma (Regular 12 year program)","In CBSA, not in central city","NO","3: Mother","NO","NO","NO","NO","YES","0: 0  CONDITION DOES NOT APPLY","ALWAYS WITH RIGHT HAND","ALWAYS WITH RIGHT HAND","ALWAYS WITH RIGHT HAND","ALWAYS WITH RIGHT HAND","ALWAYS WITH LEFT HAND","1: 1  CONDITION APPLIES","1: 1  CONDITION APPLIES","NO","FEMALE","MALE"
1984,64735,3,0,1,33790,6,188,2,2,3,4,2,6,2,1,1,1,1,4,2,5,1,1,32,15,"Male","Non-Black / Non-Hispanic","South (AL, AR, DE, DC, FL, GA, KY, LA, MD, MS, NC, OK, SC, TN , TX, VA, WV)","High school diploma (Regular 12 year program)","In CBSA, in central city","NO","3: Mother","NO","YES","NO","NO","YES","0: 0  CONDITION DOES NOT APPLY","ALWAYS WITH RIGHT HAND","ALWAYS WITH RIGHT HAND","ALWAYS WITH RIGHT HAND","ALWAYS WITH RIGHT HAND","ALWAYS WITH LEFT HAND","1: 1  CONDITION APPLIES","1: 1  CONDITION APPLIES","NO","FEMALE","MALE"
1984,74000,3,1,3,33790,5,182,1,2,1,4,3,9,2,2,1,2,1,4,2,8,1,1,27,10,"Female","Non-Black / Non-Hispanic","Northeast (CT, ME, MA, NH, NJ, NY, PA, RI, VT)","GED","In CBSA, in central city","NO","3: Mother","NO","NO","NO","NO","YES","0: 0  CONDITION DOES NOT APPLY","ALWAYS WITH RIGHT HAND","ALWAYS WITH RIGHT HAND","ALWAYS WITH RIGHT HAND","ALWAYS WITH RIGHT HAND","ALWAYS WITH LEFT HAND","1: 1  CONDITION APPLIES","1: 1  CONDITION APPLIES","NO","MALE","MALE"
1981,64735,1,0,1,33790,5,183,1,1,8,3,3,5,2,2,2,1,1,5,1,5,1,1,26,13,"Male","Non-Black / Non-Hispanic","South (AL, AR, DE, DC, FL, GA, KY, LA, MD, MS, NC, OK, SC, TN , TX, VA, WV)","High school diploma (Regular 12 year program)","In CBSA, not in central city","NO","3: Mother","NO","NO","NO","NO","NO","0: 0  CONDITION DOES NOT APPLY","ALWAYS WITH LEFT HAND","ALWAYS WITH RIGHT HAND","USUALLY WITH BOTH HANDS EQUALLY","ALWAYS WITH RIGHT HAND","USUALLY WITH BOTH HANDS EQUALLY","1: 1  CONDITION APPLIES","1: 1  CONDITION APPLIES","NO","FEMALE","MALE"
1988,64735,4,0,2,33790,5,182,1,1,2,3,4,7,1,2,1,2,1,4,2,7,1,1,31,20,"Female","Hispanic","North Central (IL, IN, IA, KS, MI, MN, MO, NE, OH, ND, SD, WI)","None","In CBSA, not in central city","NO","3: Mother","YES","YES","NO","NO","YES","0: 0  CONDITION DOES NOT APPLY","ALWAYS WITH RIGHT HAND","ALWAYS WITH RIGHT HAND","ALWAYS WITH RIGHT HAND","ALWAYS WITH RIGHT HAND","ALWAYS WITH LEFT HAND","1: 1  CONDITION APPLIES","1: 1  CONDITION APPLIES","NO","MALE","MALE"
1983,64735,3,0,4,33790,5,179,1,1,1,4,2,5,1,2,1,1,1,6,3,7,1,1,28,18,"Female","Non-Black / Non-Hispanic","South (AL, AR, DE, DC, FL, GA, KY, LA, MD, MS, NC, OK, SC, TN , TX, VA, WV)","High school diploma (Regular 12 year program)","In CBSA, in central city","NO","3: Mother","NO","YES","NO","NO","YES","0: 0  CONDITION DOES NOT APPLY","ALWAYS WITH RIGHT HAND","ALWAYS WITH RIGHT HAND","ALWAYS WITH RIGHT HAND","ALWAYS WITH RIGHT HAND","ALWAYS WITH LEFT HAND","1: 1  CONDITION APPLIES","0: 0  CONDITION DOES NOT APPLY","NO","MALE","FEMALE"
1984,64735,3,1,3,33790,5,183,2,3,2,3,3,3,2,2,1,2,1,4,2,7,1,1,27,2,"Male","Non-Black / Non-Hispanic","South (AL, AR, DE, DC, FL, GA, KY, LA, MD, MS, NC, OK, SC, TN , TX, VA, WV)","High school diploma (Regular 12 year program)","In CBSA, not in central city","NO","3: Mother","NO","NO","NO","NO","YES","0: 0  CONDITION DOES NOT APPLY","ALWAYS WITH RIGHT HAND","ALWAYS WITH RIGHT HAND","ALWAYS WITH RIGHT HAND","ALWAYS WITH RIGHT HAND","ALWAYS WITH RIGHT HAND","0: 0  CONDITION DOES NOT APPLY","1: 1  CONDITION APPLIES","NO","FEMALE","FEMALE"
1981,64735,3,0,3,33790,6,285,2,1,1,4,2,3,2,2,1,2,1,2,3,5,1,1,30,22,"Male","Non-Black / Non-Hispanic","South (AL, AR, DE, DC, FL, GA, KY, LA, MD, MS, NC, OK, SC, TN , TX, VA, WV)","High school diploma (Regular 12 year program)","In CBSA, not in central city","YES","3: Mother","NO","NO","NO","NO","NO","0: 0  CONDITION DOES NOT APPLY","ALWAYS WITH RIGHT HAND","ALWAYS WITH RIGHT HAND","ALWAYS WITH RIGHT HAND","ALWAYS WITH RIGHT HAND","ALWAYS WITH LEFT HAND","1: 1  CONDITION APPLIES","1: 1  CONDITION APPLIES","NO","MALE","MALE"
1980,55000,3,0,2,33790,5,103,1,1,2,3,3,3,2,1,2,1,2,5,2,7,1,1,30,9,"Male","Non-Black / Non-Hispanic","South (AL, AR, DE, DC, FL, GA, KY, LA, MD, MS, NC, OK, SC, TN , TX, VA, WV)","Bachelor's degree (BA, BS)","In CBSA, not in central city","NO","3: Mother","NO","NO","NO","NO","YES","0: 0  CONDITION DOES NOT APPLY","ALWAYS WITH RIGHT HAND","ALWAYS WITH RIGHT HAND","ALWAYS WITH RIGHT HAND","ALWAYS WITH RIGHT HAND","ALWAYS WITH LEFT HAND","1: 1  CONDITION APPLIES","1: 1  CONDITION APPLIES","NO","FEMALE","MALE"
1981,64735,4,1,3,33790,5,182,1,1,4,1,2,2,2,2,1,2,2,6,3,8,1,1,1,18,"Male","Hispanic","South (AL, AR, DE, DC, FL, GA, KY, LA, MD, MS, NC, OK, SC, TN , TX, VA, WV)","High school diploma (Regular 12 year program)","In CBSA, not in central city","NO","3: Mother","NO","YES","NO","NO","YES","0: 0  CONDITION DOES NOT APPLY","ALWAYS WITH RIGHT HAND","ALWAYS WITH RIGHT HAND","ALWAYS WITH RIGHT HAND","ALWAYS WITH RIGHT HAND","ALWAYS WITH LEFT HAND","1: 1  CONDITION APPLIES","1: 1  CONDITION APPLIES","NO","FEMALE","MALE"
1984,64735,3,0,3,15000,6,183,1,2,2,4,2,4,2,2,2,2,1,4,2,6,1,1,34,26,"Female","Black","South (AL, AR, DE, DC, FL, GA, KY, LA, MD, MS, NC, OK, SC, TN , TX, VA, WV)","High school diploma (Regular 12 year program)","In CBSA, not in central city","NO","3: Mother","YES","YES","NO","NO","YES","0: 0  CONDITION DOES NOT APPLY","ALWAYS WITH RIGHT HAND","ALWAYS WITH RIGHT HAND","ALWAYS WITH RIGHT HAND","ALWAYS WITH RIGHT HAND","ALWAYS WITH LEFT HAND","1: 1  CONDITION APPLIES","1: 1  CONDITION APPLIES","NO","FEMALE","MALE"
1981,64735,4,0,2,33790,5,181,1,2,2,4,6,8,2,2,2,2,2,5,6,8,1,1,29,22,"Female","Black","South (AL, AR, DE, DC, FL, GA, KY, LA, MD, MS, NC, OK, SC, TN , TX, VA, WV)","High school diploma (Regular 12 year program)","In CBSA, not in central city","NO","3: Mother","NO","YES","NO","NO","YES","0: 0  CONDITION DOES NOT APPLY","ALWAYS WITH RIGHT HAND","ALWAYS WITH RIGHT HAND","ALWAYS WITH RIGHT HAND","ALWAYS WITH RIGHT HAND","ALWAYS WITH LEFT HAND","1: 1  CONDITION APPLIES","1: 1  CONDITION APPLIES","NO","FEMALE","MALE"
1980,64735,5,1,1,4000,5,182,1,1,5,4,2,2,2,2,2,2,1,5,2,4,1,1,30,14,"Male","Non-Black / Non-Hispanic","North Central (IL, IN, IA, KS, MI, MN, MO, NE, OH, ND, SD, WI)","High school diploma (Regular 12 year program)","In CBSA, not in central city","NO","3: Mother","NO","YES","NO","NO","YES","0: 0  CONDITION DOES NOT APPLY","DON'T DO THIS ACTIVITY","DON'T DO THIS ACTIVITY","DON'T DO THIS ACTIVITY","DON'T DO THIS ACTIVITY","ALWAYS WITH LEFT HAND","1: 1  CONDITION APPLIES","1: 1  CONDITION APPLIES","NO","FEMALE","FEMALE"
1982,64735,4,1,3,33790,5,186,1,1,1,1,2,3,2,1,1,1,1,5,2,6,1,1,34,20,"Male","Black","South (AL, AR, DE, DC, FL, GA, KY, LA, MD, MS, NC, OK, SC, TN , TX, VA, WV)","High school diploma (Regular 12 year program)","In CBSA, not in central city","NO","3: Mother","NO","YES","NO","NO","YES","0: 0  CONDITION DOES NOT APPLY","ALWAYS WITH RIGHT HAND","ALWAYS WITH RIGHT HAND","ALWAYS WITH LEFT HAND","ALWAYS WITH RIGHT HAND","ALWAYS WITH LEFT HAND","1: 1  CONDITION APPLIES","1: 1  CONDITION APPLIES","NO","FEMALE","FEMALE"
1980,64735,5,0,2,33790,6,248,1,2,4,4,3,4,2,2,1,2,1,3,2,6,1,1,40,15,"Male","Non-Black / Non-Hispanic","North Central (IL, IN, IA, KS, MI, MN, MO, NE, OH, ND, SD, WI)","High school diploma (Regular 12 year program)","In CBSA, not in central city","NO","3: Mother","NO","YES","NO","YES","NO","0: 0  CONDITION DOES NOT APPLY","ALWAYS WITH LEFT HAND","ALWAYS WITH LEFT HAND","ALWAYS WITH LEFT HAND","ALWAYS WITH RIGHT HAND","USUALLY WITH LEFT HAND","1: 1  CONDITION APPLIES","1: 1  CONDITION APPLIES","NO","FEMALE","FEMALE"
1980,38250,3,1,4,33790,5,181,1,1,5,2,5,4,2,2,1,1,1,6,3,6,1,1,29,20,"Female","Hispanic","West (AK, AZ, CA, CO, HI, ID, MT, NV, NM, OR, UT, WA, WY)","Master's degree (MA, MS)","In CBSA, not in central city","NO","3: Mother","YES","NO","YES","NO","NO","0: 0  CONDITION DOES NOT APPLY","ALWAYS WITH RIGHT HAND","ALWAYS WITH RIGHT HAND","ALWAYS WITH RIGHT HAND","ALWAYS WITH RIGHT HAND","ALWAYS WITH LEFT HAND","0: 0  CONDITION DOES NOT APPLY","1: 1  CONDITION APPLIES","NO","MALE","FEMALE"
1982,64735,3,1,4,33790,5,180,3,2,3,1,2,5,1,2,1,2,2,1,6,6,1,1,29,16,"Male","Non-Black / Non-Hispanic","North Central (IL, IN, IA, KS, MI, MN, MO, NE, OH, ND, SD, WI)","Bachelor's degree (BA, BS)","Not in CBSA","YES","3: Mother","YES","NO","NO","NO","YES","0: 0  CONDITION DOES NOT APPLY","ALWAYS WITH RIGHT HAND","ALWAYS WITH RIGHT HAND","ALWAYS WITH RIGHT HAND","ALWAYS WITH RIGHT HAND","ALWAYS WITH LEFT HAND","1: 1  CONDITION APPLIES","1: 1  CONDITION APPLIES","NO","FEMALE","MALE"
1982,64735,4,1,1,33790,5,186,1,2,5,5,2,5,2,2,1,2,1,6,1,8,1,1,29,20,"Female","Black","South (AL, AR, DE, DC, FL, GA, KY, LA, MD, MS, NC, OK, SC, TN , TX, VA, WV)","High school diploma (Regular 12 year program)","In CBSA, not in central city","NO","3: Mother","NO","YES","NO","NO","NO","0: 0  CONDITION DOES NOT APPLY","ALWAYS WITH RIGHT HAND","ALWAYS WITH RIGHT HAND","ALWAYS WITH RIGHT HAND","ALWAYS WITH RIGHT HAND","ALWAYS WITH RIGHT HAND","1: 1  CONDITION APPLIES","1: 1  CONDITION APPLIES","NO","FEMALE","MALE"
1981,64735,4,0,3,33790,5,183,1,2,2,3,2,4,2,2,2,2,1,2,2,6,1,1,32,22,"Male","Hispanic","North Central (IL, IN, IA, KS, MI, MN, MO, NE, OH, ND, SD, WI)","None","In CBSA, not in central city","YES","3: Mother","YES","YES","NO","NO","NO","0: 0  CONDITION DOES NOT APPLY","ALWAYS WITH RIGHT HAND","ALWAYS WITH RIGHT HAND","ALWAYS WITH RIGHT HAND","ALWAYS WITH RIGHT HAND","ALWAYS WITH LEFT HAND","1: 1  CONDITION APPLIES","1: 1  CONDITION APPLIES","NO","MALE","MALE"
1984,64735,4,1,3,33790,5,184,1,1,3,2,2,3,2,2,2,2,2,3,2,7,1,1,32,19,"Male","Black","South (AL, AR, DE, DC, FL, GA, KY, LA, MD, MS, NC, OK, SC, TN , TX, VA, WV)","Professional degree (DDS, JD, MD)","In CBSA, not in central city","NO","3: Mother","NO","YES","YES","NO","YES","0: 0  CONDITION DOES NOT APPLY","ALWAYS WITH RIGHT HAND","ALWAYS WITH RIGHT HAND","ALWAYS WITH RIGHT HAND","ALWAYS WITH RIGHT HAND","ALWAYS WITH RIGHT HAND","1: 1  CONDITION APPLIES","1: 1  CONDITION APPLIES","NO","FEMALE","MALE"
1981,64735,3,1,2,33790,5,182,1,2,2,4,2,3,2,2,1,2,1,6,3,7,1,1,29,15,"Female","Non-Black / Non-Hispanic","Northeast (CT, ME, MA, NH, NJ, NY, PA, RI, VT)","High school diploma (Regular 12 year program)","In CBSA, in central city","NO","3: Mother","NO","NO","NO","YES","NO","0: 0  CONDITION DOES NOT APPLY","USUALLY WITH BOTH HANDS EQUALLY","ALWAYS WITH RIGHT HAND","ALWAYS WITH RIGHT HAND","ALWAYS WITH RIGHT HAND","ALWAYS WITH LEFT HAND","1: 1  CONDITION APPLIES","1: 1  CONDITION APPLIES","NO","MALE","MALE"
1980,26300,2,0,3,22800,5,182,1,1,2,5,3,6,2,2,1,2,1,6,2,7,1,2,30,22,"Female","Non-Black / Non-Hispanic","South (AL, AR, DE, DC, FL, GA, KY, LA, MD, MS, NC, OK, SC, TN , TX, VA, WV)","High school diploma (Regular 12 year program)","In CBSA, not in central city","NO","3: Mother","YES","NO","NO","NO","YES","0: 0  CONDITION DOES NOT APPLY","ALWAYS WITH RIGHT HAND","ALWAYS WITH RIGHT HAND","ALWAYS WITH RIGHT HAND","ALWAYS WITH RIGHT HAND","ALWAYS WITH LEFT HAND","1: 1  CONDITION APPLIES","1: 1  CONDITION APPLIES","NO","FEMALE","MALE"
1984,64734,3,0,1,33790,5,181,1,2,2,4,2,3,2,2,2,2,1,7,1,7,1,1,29,23,"Male","Black","South (AL, AR, DE, DC, FL, GA, KY, LA, MD, MS, NC, OK, SC, TN , TX, VA, WV)","High school diploma (Regular 12 year program)","In CBSA, not in central city","NO","3: Mother","NO","YES","NO","NO","NO","0: 0  CONDITION DOES NOT APPLY","ALWAYS WITH RIGHT HAND","ALWAYS WITH RIGHT HAND","ALWAYS WITH RIGHT HAND","ALWAYS WITH RIGHT HAND","ALWAYS WITH LEFT HAND","1: 1  CONDITION APPLIES","1: 1  CONDITION APPLIES","NO","MALE","MALE"
1984,64735,1,0,1,33790,5,184,2,1,2,3,4,2,1,2,1,2,1,3,1,7,1,1,31,22,"Female","Black","South (AL, AR, DE, DC, FL, GA, KY, LA, MD, MS, NC, OK, SC, TN , TX, VA, WV)","High school diploma (Regular 12 year program)","In CBSA, in central city","NO","3: Mother","NO","YES","NO","NO","YES","0: 0  CONDITION DOES NOT APPLY","ALWAYS WITH LEFT HAND","ALWAYS WITH LEFT HAND","ALWAYS WITH LEFT HAND","ALWAYS WITH LEFT HAND","ALWAYS WITH LEFT HAND","1: 1  CONDITION APPLIES","1: 1  CONDITION APPLIES","NO","MALE","MALE"
1982,64735,3,1,2,33790,5,185,1,2,2,3,3,3,2,2,2,2,1,6,2,6,1,1,30,22,"Female","Black","South (AL, AR, DE, DC, FL, GA, KY, LA, MD, MS, NC, OK, SC, TN , TX, VA, WV)","GED","In CBSA, not in central city","NO","3: Mother","NO","NO","NO","NO","YES","0: 0  CONDITION DOES NOT APPLY","ALWAYS WITH RIGHT HAND","ALWAYS WITH RIGHT HAND","ALWAYS WITH RIGHT HAND","ALWAYS WITH RIGHT HAND","ALWAYS WITH LEFT HAND","1: 1  CONDITION APPLIES","1: 1  CONDITION APPLIES","NO","FEMALE","FEMALE"
1982,64735,2,0,2,33790,5,184,1,2,2,3,2,2,2,2,2,1,1,5,5,7,1,1,34,21,"Male","Hispanic","South (AL, AR, DE, DC, FL, GA, KY, LA, MD, MS, NC, OK, SC, TN , TX, VA, WV)","High school diploma (Regular 12 year program)","In CBSA, in central city","YES","3: Mother","NO","YES","NO","NO","YES","0: 0  CONDITION DOES NOT APPLY","ALWAYS WITH RIGHT HAND","USUALLY WITH BOTH HANDS EQUALLY","ALWAYS WITH RIGHT HAND","ALWAYS WITH RIGHT HAND","ALWAYS WITH RIGHT HAND","1: 1  CONDITION APPLIES","0: 0  CONDITION DOES NOT APPLY","NO","FEMALE","MALE"
1986,64735,3,1,5,33790,5,183,1,1,1,5,2,3,2,2,2,2,1,6,3,6,1,1,30,20,"Male","Black","Northeast (CT, ME, MA, NH, NJ, NY, PA, RI, VT)","GED","In CBSA, not in central city","NO","3: Mother","NO","NO","NO","NO","NO","0: 0  CONDITION DOES NOT APPLY","ALWAYS WITH RIGHT HAND","ALWAYS WITH RIGHT HAND","ALWAYS WITH RIGHT HAND","ALWAYS WITH RIGHT HAND","ALWAYS WITH RIGHT HAND","1: 1  CONDITION APPLIES","1: 1  CONDITION APPLIES","NO","MALE","MALE"
1982,64735,3,0,2,33790,6,182,1,2,2,3,4,5,2,2,2,2,2,3,2,6,1,1,28,20,"Female","Hispanic","South (AL, AR, DE, DC, FL, GA, KY, LA, MD, MS, NC, OK, SC, TN , TX, VA, WV)","None","In CBSA, in central city","NO","3: Mother","YES","NO","NO","NO","YES","0: 0  CONDITION DOES NOT APPLY","ALWAYS WITH RIGHT HAND","ALWAYS WITH RIGHT HAND","ALWAYS WITH RIGHT HAND","ALWAYS WITH RIGHT HAND","USUALLY WITH BOTH HANDS EQUALLY","1: 1  CONDITION APPLIES","1: 1  CONDITION APPLIES","NO","MALE","MALE"
1984,64735,3,1,5,33790,5,184,1,1,2,1,5,3,2,2,1,2,1,1,1,8,1,1,4,15,"Female","Black","South (AL, AR, DE, DC, FL, GA, KY, LA, MD, MS, NC, OK, SC, TN , TX, VA, WV)","Bachelor's degree (BA, BS)","In CBSA, not in central city","NO","3: Mother","NO","YES","YES","NO","NO","0: 0  CONDITION DOES NOT APPLY","ALWAYS WITH RIGHT HAND","ALWAYS WITH RIGHT HAND","ALWAYS WITH RIGHT HAND","ALWAYS WITH RIGHT HAND","ALWAYS WITH LEFT HAND","1: 1  CONDITION APPLIES","1: 1  CONDITION APPLIES","NO","FEMALE","MALE"
1984,64735,3,0,3,33790,5,182,1,1,5,4,3,1,2,2,2,2,1,6,1,5,1,1,28,20,"Male","Hispanic","South (AL, AR, DE, DC, FL, GA, KY, LA, MD, MS, NC, OK, SC, TN , TX, VA, WV)","GED","In CBSA, in central city","YES","3: Mother","YES","NO","NO","NO","NO","0: 0  CONDITION DOES NOT APPLY","ALWAYS WITH RIGHT HAND","ALWAYS WITH RIGHT HAND","ALWAYS WITH RIGHT HAND","ALWAYS WITH RIGHT HAND","ALWAYS WITH LEFT HAND","1: 1  CONDITION APPLIES","1: 1  CONDITION APPLIES","NO","MALE","MALE"
1981,64735,2,0,2,33790,5,181,1,1,1,1,3,4,2,2,1,2,1,4,2,6,1,1,26,21,"Male","Black","South (AL, AR, DE, DC, FL, GA, KY, LA, MD, MS, NC, OK, SC, TN , TX, VA, WV)","Associate/Junior college (AA)","In CBSA, not in central city","NO","3: Mother","YES","NO","NO","NO","YES","0: 0  CONDITION DOES NOT APPLY","ALWAYS WITH RIGHT HAND","ALWAYS WITH RIGHT HAND","ALWAYS WITH RIGHT HAND","ALWAYS WITH RIGHT HAND","ALWAYS WITH RIGHT HAND","0: 0  CONDITION DOES NOT APPLY","0: 0  CONDITION DOES NOT APPLY","NO","FEMALE","MALE"
1982,64735,5,0,3,33790,6,181,2,1,1,4,2,2,1,1,2,1,1,4,2,5,1,1,54,9,"Male","Black","South (AL, AR, DE, DC, FL, GA, KY, LA, MD, MS, NC, OK, SC, TN , TX, VA, WV)","None","In CBSA, in central city","YES","3: Mother","NO","YES","NO","NO","NO","0: 0  CONDITION DOES NOT APPLY","USUALLY WITH BOTH HANDS EQUALLY","ALWAYS WITH RIGHT HAND","USUALLY WITH BOTH HANDS EQUALLY","USUALLY WITH BOTH HANDS EQUALLY","USUALLY WITH RIGHT HAND","1: 1  CONDITION APPLIES","1: 1  CONDITION APPLIES","NO","FEMALE","FEMALE"
1986,64735,4,0,2,33790,5,181,1,2,2,2,3,5,2,2,1,1,1,1,3,6,1,1,32,23,"Male","Black","West (AK, AZ, CA, CO, HI, ID, MT, NV, NM, OR, UT, WA, WY)","High school diploma (Regular 12 year program)","In CBSA, not in central city","NO","3: Mother","YES","NO","NO","NO","NO","0: 0  CONDITION DOES NOT APPLY","ALWAYS WITH RIGHT HAND","USUALLY WITH RIGHT HAND","ALWAYS WITH RIGHT HAND","ALWAYS WITH RIGHT HAND","ALWAYS WITH LEFT HAND","1: 1  CONDITION APPLIES","0: 0  CONDITION DOES NOT APPLY","NO","FEMALE","MALE"
1983,64735,2,1,2,33790,5,185,2,1,6,2,2,4,1,2,2,2,2,3,1,8,1,1,10,16,"Female","Non-Black / Non-Hispanic","North Central (IL, IN, IA, KS, MI, MN, MO, NE, OH, ND, SD, WI)","GED","In CBSA, not known","NO","3: Mother","YES","YES","YES","NO","YES","0: 0  CONDITION DOES NOT APPLY","ALWAYS WITH RIGHT HAND","ALWAYS WITH RIGHT HAND","ALWAYS WITH RIGHT HAND","ALWAYS WITH RIGHT HAND","ALWAYS WITH LEFT HAND","0: 0  CONDITION DOES NOT APPLY","1: 1  CONDITION APPLIES","NO","FEMALE","MALE"
1984,64735,3,1,4,33790,5,180,1,1,1,4,2,1,2,2,1,2,1,5,2,7,1,1,31,25,"Female","Non-Black / Non-Hispanic","South (AL, AR, DE, DC, FL, GA, KY, LA, MD, MS, NC, OK, SC, TN , TX, VA, WV)","GED","In CBSA, in central city","YES","3: Mother","NO","YES","NO","NO","NO","1: 1  CONDITION APPLIES","USUALLY WITH RIGHT HAND","USUALLY WITH RIGHT HAND","USUALLY WITH BOTH HANDS EQUALLY","ALWAYS WITH RIGHT HAND","ALWAYS WITH LEFT HAND","1: 1  CONDITION APPLIES","1: 1  CONDITION APPLIES","NO","FEMALE","MALE"
1983,64735,4,1,1,33790,5,183,1,2,1,5,7,4,1,2,1,2,2,3,2,7,1,1,58,29,"Female","Non-Black / Non-Hispanic","South (AL, AR, DE, DC, FL, GA, KY, LA, MD, MS, NC, OK, SC, TN , TX, VA, WV)","High school diploma (Regular 12 year program)","In CBSA, in central city","YES","3: Mother","YES","NO","NO","NO","YES","0: 0  CONDITION DOES NOT APPLY","ALWAYS WITH RIGHT HAND","ALWAYS WITH RIGHT HAND","ALWAYS WITH RIGHT HAND","ALWAYS WITH RIGHT HAND","USUALLY WITH LEFT HAND","0: 0  CONDITION DOES NOT APPLY","1: 1  CONDITION APPLIES","NO","FEMALE","MALE"
1981,64735,2,0,2,33790,5,184,1,1,1,4,7,2,1,2,2,1,1,1,3,7,1,1,31,25,"Male","Non-Black / Non-Hispanic","North Central (IL, IN, IA, KS, MI, MN, MO, NE, OH, ND, SD, WI)","None","In CBSA, not in central city","YES","3: Mother","NO","YES","NO","NO","NO","0: 0  CONDITION DOES NOT APPLY","ALWAYS WITH RIGHT HAND","ALWAYS WITH RIGHT HAND","ALWAYS WITH RIGHT HAND","ALWAYS WITH RIGHT HAND","ALWAYS WITH LEFT HAND","1: 1  CONDITION APPLIES","1: 1  CONDITION APPLIES","NO","FEMALE","FEMALE"
1981,64735,3,1,3,32000,5,184,2,2,3,4,3,3,2,2,1,2,1,6,1,6,2,1,30,23,"Female","Non-Black / Non-Hispanic","South (AL, AR, DE, DC, FL, GA, KY, LA, MD, MS, NC, OK, SC, TN , TX, VA, WV)","None","In CBSA, not in central city","NO","3: Mother","YES","YES","NO","NO","YES","0: 0  CONDITION DOES NOT APPLY","ALWAYS WITH RIGHT HAND","ALWAYS WITH RIGHT HAND","ALWAYS WITH RIGHT HAND","ALWAYS WITH RIGHT HAND","ALWAYS WITH RIGHT HAND","1: 1  CONDITION APPLIES","1: 1  CONDITION APPLIES","NO","FEMALE","MALE"
1983,64735,4,1,7,33790,5,183,1,1,3,3,2,3,1,2,2,2,2,3,1,7,1,1,52,24,"Male","Black","West (AK, AZ, CA, CO, HI, ID, MT, NV, NM, OR, UT, WA, WY)","None","In CBSA, not in central city","NO","3: Mother","YES","NO","NO","YES","YES","0: 0  CONDITION DOES NOT APPLY","ALWAYS WITH RIGHT HAND","ALWAYS WITH RIGHT HAND","ALWAYS WITH RIGHT HAND","USUALLY WITH BOTH HANDS EQUALLY","ALWAYS WITH LEFT HAND","1: 1  CONDITION APPLIES","1: 1  CONDITION APPLIES","NO","FEMALE","MALE"
1983,64735,3,0,2,33790,5,184,1,1,1,2,4,4,2,2,1,2,1,6,1,7,3,1,30,18,"Female","Non-Black / Non-Hispanic","South (AL, AR, DE, DC, FL, GA, KY, LA, MD, MS, NC, OK, SC, TN , TX, VA, WV)","Bachelor's degree (BA, BS)","In CBSA, not in central city","NO","3: Mother","YES","NO","NO","NO","YES","0: 0  CONDITION DOES NOT APPLY","ALWAYS WITH RIGHT HAND","ALWAYS WITH LEFT HAND","ALWAYS WITH LEFT HAND","ALWAYS WITH LEFT HAND","ALWAYS WITH RIGHT HAND","1: 1  CONDITION APPLIES","1: 1  CONDITION APPLIES","NO","FEMALE","FEMALE"
1981,64735,3,1,2,33790,5,182,1,2,4,4,3,4,2,2,1,2,1,8,2,7,1,1,27,19,"Female","Non-Black / Non-Hispanic","South (AL, AR, DE, DC, FL, GA, KY, LA, MD, MS, NC, OK, SC, TN , TX, VA, WV)","High school diploma (Regular 12 year program)","In CBSA, in central city","NO","3: Mother","YES","NO","NO","NO","YES","0: 0  CONDITION DOES NOT APPLY","ALWAYS WITH RIGHT HAND","ALWAYS WITH RIGHT HAND","ALWAYS WITH RIGHT HAND","ALWAYS WITH RIGHT HAND","ALWAYS WITH LEFT HAND","1: 1  CONDITION APPLIES","1: 1  CONDITION APPLIES","NO","MALE","MALE"
1984,64735,5,0,5,33790,5,180,1,2,2,3,1,5,2,2,2,2,1,5,1,7,1,1,30,21,"Female","Black","South (AL, AR, DE, DC, FL, GA, KY, LA, MD, MS, NC, OK, SC, TN , TX, VA, WV)","High school diploma (Regular 12 year program)","In CBSA, not in central city","NO","3: Mother","NO","YES","YES","NO","YES","0: 0  CONDITION DOES NOT APPLY","ALWAYS WITH RIGHT HAND","ALWAYS WITH RIGHT HAND","ALWAYS WITH RIGHT HAND","ALWAYS WITH RIGHT HAND","USUALLY WITH BOTH HANDS EQUALLY","1: 1  CONDITION APPLIES","1: 1  CONDITION APPLIES","NO","FEMALE","MALE"
1981,78750,3,0,1,33790,5,185,1,2,1,4,2,5,2,2,2,2,1,3,5,8,1,1,38,33,"Female","Non-Black / Non-Hispanic","South (AL, AR, DE, DC, FL, GA, KY, LA, MD, MS, NC, OK, SC, TN , TX, VA, WV)","High school diploma (Regular 12 year program)","In CBSA, in central city","NO","3: Mother","YES","YES","YES","NO","YES","0: 0  CONDITION DOES NOT APPLY","ALWAYS WITH LEFT HAND","ALWAYS WITH LEFT HAND","ALWAYS WITH LEFT HAND","ALWAYS WITH RIGHT HAND","ALWAYS WITH LEFT HAND","1: 1  CONDITION APPLIES","1: 1  CONDITION APPLIES","NO","FEMALE","MALE"
1982,64735,2,1,1,33790,5,180,1,1,5,5,3,3,2,1,1,1,1,7,3,7,1,1,29,21,"Male","Non-Black / Non-Hispanic","South (AL, AR, DE, DC, FL, GA, KY, LA, MD, MS, NC, OK, SC, TN , TX, VA, WV)","High school diploma (Regular 12 year program)","In CBSA, in central city","NO","3: Mother","YES","NO","NO","NO","YES","0: 0  CONDITION DOES NOT APPLY","ALWAYS WITH RIGHT HAND","ALWAYS WITH RIGHT HAND","ALWAYS WITH RIGHT HAND","ALWAYS WITH RIGHT HAND","ALWAYS WITH LEFT HAND","1: 1  CONDITION APPLIES","1: 1  CONDITION APPLIES","NO","FEMALE","FEMALE"
1982,64735,3,0,2,30000,5,181,1,1,1,5,2,4,2,2,1,2,1,3,4,6,1,1,27,20,"Male","Black","South (AL, AR, DE, DC, FL, GA, KY, LA, MD, MS, NC, OK, SC, TN , TX, VA, WV)","High school diploma (Regular 12 year program)","In CBSA, not in central city","NO","3: Mother","NO","YES","NO","NO","YES","0: 0  CONDITION DOES NOT APPLY","ALWAYS WITH RIGHT HAND","ALWAYS WITH RIGHT HAND","USUALLY WITH BOTH HANDS EQUALLY","ALWAYS WITH RIGHT HAND","ALWAYS WITH LEFT HAND","1: 1  CONDITION APPLIES","1: 1  CONDITION APPLIES","NO","FEMALE","MALE"
1980,64735,4,1,1,33790,5,150,1,2,1,4,7,3,2,1,1,2,1,6,2,9,1,1,30,22,"Female","Black","South (AL, AR, DE, DC, FL, GA, KY, LA, MD, MS, NC, OK, SC, TN , TX, VA, WV)","Associate/Junior college (AA)","In CBSA, not in central city","YES","3: Mother","NO","YES","NO","NO","YES","0: 0  CONDITION DOES NOT APPLY","ALWAYS WITH RIGHT HAND","ALWAYS WITH RIGHT HAND","ALWAYS WITH RIGHT HAND","ALWAYS WITH RIGHT HAND","ALWAYS WITH LEFT HAND","1: 1  CONDITION APPLIES","1: 1  CONDITION APPLIES","NO","FEMALE","MALE"
1983,64735,4,1,3,33790,5,181,1,2,3,4,5,1,1,2,2,2,2,6,1,7,1,1,29,20,"Female","Black","West (AK, AZ, CA, CO, HI, ID, MT, NV, NM, OR, UT, WA, WY)","Master's degree (MA, MS)","In CBSA, not in central city","NO","3: Mother","YES","NO","YES","NO","NO","0: 0  CONDITION DOES NOT APPLY","ALWAYS WITH RIGHT HAND","ALWAYS WITH RIGHT HAND","ALWAYS WITH RIGHT HAND","ALWAYS WITH RIGHT HAND","ALWAYS WITH LEFT HAND","1: 1  CONDITION APPLIES","1: 1  CONDITION APPLIES","NO","FEMALE","MALE"
1982,28452,3,0,1,33790,5,209,1,1,1,4,5,5,1,2,1,1,1,2,2,7,1,1,32,18,"Female","Black","South (AL, AR, DE, DC, FL, GA, KY, LA, MD, MS, NC, OK, SC, TN , TX, VA, WV)","High school diploma (Regular 12 year program)","In CBSA, in central city","NO","3: Mother","NO","YES","NO","NO","NO","0: 0  CONDITION DOES NOT APPLY","ALWAYS WITH RIGHT HAND","ALWAYS WITH RIGHT HAND","ALWAYS WITH RIGHT HAND","ALWAYS WITH RIGHT HAND","USUALLY WITH LEFT HAND","1: 1  CONDITION APPLIES","1: 1  CONDITION APPLIES","NO","FEMALE","FEMALE"
1980,64735,1,0,2,33790,5,183,1,1,1,3,6,4,1,2,2,2,1,3,3,12,1,1,32,23,"Female","Non-Black / Non-Hispanic","West (AK, AZ, CA, CO, HI, ID, MT, NV, NM, OR, UT, WA, WY)","Associate/Junior college (AA)","In CBSA, in central city","NO","3: Mother","YES","YES","NO","NO","NO","0: 0  CONDITION DOES NOT APPLY","ALWAYS WITH RIGHT HAND","USUALLY WITH BOTH HANDS EQUALLY","ALWAYS WITH LEFT HAND","ALWAYS WITH RIGHT HAND","ALWAYS WITH LEFT HAND","1: 1  CONDITION APPLIES","1: 1  CONDITION APPLIES","NO","MALE","FEMALE"
1980,64735,1,1,4,33790,5,180,1,1,5,3,3,3,2,2,1,2,1,1,2,6,1,1,29,20,"Male","Mixed Race (Non-Hispanic)","West (AK, AZ, CA, CO, HI, ID, MT, NV, NM, OR, UT, WA, WY)","GED","In CBSA, in central city","NO","3: Mother","YES","YES","NO","NO","NO","0: 0  CONDITION DOES NOT APPLY","ALWAYS WITH LEFT HAND","ALWAYS WITH RIGHT HAND","ALWAYS WITH RIGHT HAND","ALWAYS WITH RIGHT HAND","ALWAYS WITH LEFT HAND","1: 1  CONDITION APPLIES","1: 1  CONDITION APPLIES","YES","FEMALE","MALE"
1982,64735,4,0,1,33790,5,183,1,1,3,4,2,2,2,2,2,2,2,1,1,6,1,1,34,26,"Male","Hispanic","South (AL, AR, DE, DC, FL, GA, KY, LA, MD, MS, NC, OK, SC, TN , TX, VA, WV)","GED","In CBSA, not in central city","YES","3: Mother","YES","YES","NO","NO","NO","0: 0  CONDITION DOES NOT APPLY","ALWAYS WITH RIGHT HAND","ALWAYS WITH RIGHT HAND","ALWAYS WITH RIGHT HAND","ALWAYS WITH RIGHT HAND","ALWAYS WITH LEFT HAND","1: 1  CONDITION APPLIES","1: 1  CONDITION APPLIES","NO","FEMALE","FEMALE"
1981,64735,2,1,1,33790,6,300,1,1,3,5,2,4,2,2,1,2,1,7,2,5,1,1,32,23,"Male","Non-Black / Non-Hispanic","South (AL, AR, DE, DC, FL, GA, KY, LA, MD, MS, NC, OK, SC, TN , TX, VA, WV)","High school diploma (Regular 12 year program)","In CBSA, not in central city","NO","3: Mother","YES","NO","NO","NO","YES","0: 0  CONDITION DOES NOT APPLY","ALWAYS WITH RIGHT HAND","ALWAYS WITH RIGHT HAND","ALWAYS WITH RIGHT HAND","ALWAYS WITH RIGHT HAND","ALWAYS WITH LEFT HAND","1: 1  CONDITION APPLIES","1: 1  CONDITION APPLIES","NO","MALE","FEMALE"
1982,64735,5,0,3,33790,5,181,1,1,2,2,4,2,2,1,2,1,2,1,3,8,1,1,31,24,"Male","Hispanic","South (AL, AR, DE, DC, FL, GA, KY, LA, MD, MS, NC, OK, SC, TN , TX, VA, WV)","None","In CBSA, not in central city","NO","3: Mother","NO","YES","NO","NO","NO","0: 0  CONDITION DOES NOT APPLY","ALWAYS WITH RIGHT HAND","ALWAYS WITH RIGHT HAND","ALWAYS WITH RIGHT HAND","ALWAYS WITH RIGHT HAND","USUALLY WITH BOTH HANDS EQUALLY","1: 1  CONDITION APPLIES","1: 1  CONDITION APPLIES","NO","FEMALE","MALE"
1981,64735,2,0,2,33790,5,183,1,2,3,5,5,2,2,2,1,1,1,5,2,6,1,1,33,26,"Female","Hispanic","West (AK, AZ, CA, CO, HI, ID, MT, NV, NM, OR, UT, WA, WY)","Bachelor's degree (BA, BS)","In CBSA, not in central city","NO","3: Mother","NO","NO","NO","NO","NO","0: 0  CONDITION DOES NOT APPLY","ALWAYS WITH RIGHT HAND","ALWAYS WITH RIGHT HAND","ALWAYS WITH RIGHT HAND","ALWAYS WITH RIGHT HAND","ALWAYS WITH LEFT HAND","1: 1  CONDITION APPLIES","0: 0  CONDITION DOES NOT APPLY","NO","FEMALE","MALE"
1982,5000,1,0,3,33790,5,182,1,2,3,3,3,4,2,2,1,2,1,5,4,7,1,1,30,21,"Female","Black","South (AL, AR, DE, DC, FL, GA, KY, LA, MD, MS, NC, OK, SC, TN , TX, VA, WV)","Master's degree (MA, MS)","In CBSA, in central city","NO","3: Mother","NO","NO","NO","NO","YES","0: 0  CONDITION DOES NOT APPLY","ALWAYS WITH RIGHT HAND","ALWAYS WITH RIGHT HAND","ALWAYS WITH RIGHT HAND","ALWAYS WITH RIGHT HAND","ALWAYS WITH LEFT HAND","1: 1  CONDITION APPLIES","1: 1  CONDITION APPLIES","NO","FEMALE","MALE"
1982,64735,3,1,3,12000,5,183,1,1,1,3,5,2,2,2,1,2,1,6,1,7,1,1,34,26,"Male","Black","South (AL, AR, DE, DC, FL, GA, KY, LA, MD, MS, NC, OK, SC, TN , TX, VA, WV)","High school diploma (Regular 12 year program)","In CBSA, not in central city","YES","3: Mother","NO","NO","NO","NO","YES","0: 0  CONDITION DOES NOT APPLY","ALWAYS WITH RIGHT HAND","ALWAYS WITH RIGHT HAND","ALWAYS WITH RIGHT HAND","ALWAYS WITH RIGHT HAND","USUALLY WITH LEFT HAND","1: 1  CONDITION APPLIES","1: 1  CONDITION APPLIES","NO","FEMALE","FEMALE"
1981,64735,6,0,2,33790,5,183,1,2,5,4,2,4,2,2,1,2,1,6,3,6,1,1,32,22,"Female","Non-Black / Non-Hispanic","South (AL, AR, DE, DC, FL, GA, KY, LA, MD, MS, NC, OK, SC, TN , TX, VA, WV)","High school diploma (Regular 12 year program)","In CBSA, not in central city","NO","3: Mother","YES","NO","NO","NO","YES","0: 0  CONDITION DOES NOT APPLY","ALWAYS WITH RIGHT HAND","ALWAYS WITH RIGHT HAND","ALWAYS WITH RIGHT HAND","ALWAYS WITH RIGHT HAND","ALWAYS WITH LEFT HAND","1: 1  CONDITION APPLIES","1: 1  CONDITION APPLIES","NO","MALE","FEMALE"
1981,64735,2,0,1,33790,5,184,1,1,1,3,2,3,2,1,2,1,2,1,3,6,1,1,32,21,"Male","Non-Black / Non-Hispanic","South (AL, AR, DE, DC, FL, GA, KY, LA, MD, MS, NC, OK, SC, TN , TX, VA, WV)","GED","In CBSA, in central city","NO","3: Mother","YES","YES","NO","NO","NO","0: 0  CONDITION DOES NOT APPLY","ALWAYS WITH RIGHT HAND","ALWAYS WITH RIGHT HAND","USUALLY WITH RIGHT HAND","ALWAYS WITH RIGHT HAND","ALWAYS WITH LEFT HAND","1: 1  CONDITION APPLIES","1: 1  CONDITION APPLIES","NO","FEMALE","MALE"
1986,64735,3,0,4,33790,5,181,1,1,2,4,3,3,1,2,2,2,1,8,3,7,1,1,39,57,"Male","Hispanic","South (AL, AR, DE, DC, FL, GA, KY, LA, MD, MS, NC, OK, SC, TN , TX, VA, WV)","Bachelor's degree (BA, BS)","In CBSA, in central city","YES","3: Mother","YES","NO","YES","NO","YES","0: 0  CONDITION DOES NOT APPLY","ALWAYS WITH RIGHT HAND","ALWAYS WITH RIGHT HAND","ALWAYS WITH RIGHT HAND","ALWAYS WITH RIGHT HAND","ALWAYS WITH LEFT HAND","1: 1  CONDITION APPLIES","1: 1  CONDITION APPLIES","NO","FEMALE","MALE"
1981,64735,3,0,1,24000,5,175,1,1,2,4,5,1,2,2,2,1,1,7,2,7,1,1,32,21,"Female","Non-Black / Non-Hispanic","South (AL, AR, DE, DC, FL, GA, KY, LA, MD, MS, NC, OK, SC, TN , TX, VA, WV)","High school diploma (Regular 12 year program)","In CBSA, not in central city","NO","3: Mother","NO","YES","NO","NO","YES","0: 0  CONDITION DOES NOT APPLY","ALWAYS WITH RIGHT HAND","ALWAYS WITH RIGHT HAND","ALWAYS WITH RIGHT HAND","ALWAYS WITH RIGHT HAND","ALWAYS WITH LEFT HAND","1: 1  CONDITION APPLIES","1: 1  CONDITION APPLIES","NO","FEMALE","FEMALE"
1982,22000,2,0,5,33790,5,230,1,2,1,5,3,7,2,2,1,2,1,4,2,8,1,1,34,23,"Female","Non-Black / Non-Hispanic","South (AL, AR, DE, DC, FL, GA, KY, LA, MD, MS, NC, OK, SC, TN , TX, VA, WV)","Bachelor's degree (BA, BS)","In CBSA, not in central city","NO","3: Mother","NO","NO","NO","NO","YES","0: 0  CONDITION DOES NOT APPLY","ALWAYS WITH RIGHT HAND","ALWAYS WITH RIGHT HAND","USUALLY WITH BOTH HANDS EQUALLY","ALWAYS WITH RIGHT HAND","ALWAYS WITH LEFT HAND","1: 1  CONDITION APPLIES","1: 1  CONDITION APPLIES","NO","FEMALE","FEMALE"
1983,110000,2,1,2,33790,5,183,1,1,2,4,1,2,2,2,1,2,1,8,3,7,1,1,30,22,"Male","Non-Black / Non-Hispanic","Northeast (CT, ME, MA, NH, NJ, NY, PA, RI, VT)","Bachelor's degree (BA, BS)","In CBSA, not in central city","NO","3: Mother","YES","NO","NO","NO","YES","0: 0  CONDITION DOES NOT APPLY","ALWAYS WITH RIGHT HAND","ALWAYS WITH RIGHT HAND","ALWAYS WITH RIGHT HAND","USUALLY WITH RIGHT HAND","ALWAYS WITH LEFT HAND","1: 1  CONDITION APPLIES","1: 1  CONDITION APPLIES","YES","FEMALE","MALE"
1981,64735,3,0,1,33790,5,182,1,1,2,4,4,5,2,2,1,2,1,7,1,7,1,1,31,19,"Female","Non-Black / Non-Hispanic","West (AK, AZ, CA, CO, HI, ID, MT, NV, NM, OR, UT, WA, WY)","Bachelor's degree (BA, BS)","Not in CBSA","YES","3: Mother","YES","YES","NO","NO","YES","0: 0  CONDITION DOES NOT APPLY","ALWAYS WITH RIGHT HAND","ALWAYS WITH RIGHT HAND","USUALLY WITH RIGHT HAND","ALWAYS WITH RIGHT HAND","ALWAYS WITH LEFT HAND","1: 1  CONDITION APPLIES","1: 1  CONDITION APPLIES","NO","MALE","FEMALE"
1982,64735,3,1,1,33790,5,182,2,2,1,4,2,2,1,2,2,2,2,6,2,7,1,1,27,14,"Female","Non-Black / Non-Hispanic","West (AK, AZ, CA, CO, HI, ID, MT, NV, NM, OR, UT, WA, WY)","Bachelor's degree (BA, BS)","In CBSA, in central city","NO","3: Mother","NO","YES","NO","NO","YES","0: 0  CONDITION DOES NOT APPLY","ALWAYS WITH RIGHT HAND","ALWAYS WITH RIGHT HAND","ALWAYS WITH RIGHT HAND","ALWAYS WITH RIGHT HAND","ALWAYS WITH RIGHT HAND","1: 1  CONDITION APPLIES","1: 1  CONDITION APPLIES","NO","FEMALE","FEMALE"
1987,25750,4,1,2,33790,5,170,1,1,2,3,2,3,2,2,1,2,2,7,1,7,1,1,34,36,"Female","Black","West (AK, AZ, CA, CO, HI, ID, MT, NV, NM, OR, UT, WA, WY)","Associate/Junior college (AA)","In CBSA, not in central city","NO","3: Mother","YES","YES","NO","NO","YES","0: 0  CONDITION DOES NOT APPLY","ALWAYS WITH RIGHT HAND","ALWAYS WITH RIGHT HAND","ALWAYS WITH LEFT HAND","ALWAYS WITH RIGHT HAND","ALWAYS WITH LEFT HAND","1: 1  CONDITION APPLIES","1: 1  CONDITION APPLIES","NO","FEMALE","FEMALE"
1982,64735,3,0,1,33790,5,180,1,1,4,3,2,4,2,2,2,2,1,6,3,4,1,1,34,19,"Male","Non-Black / Non-Hispanic","North Central (IL, IN, IA, KS, MI, MN, MO, NE, OH, ND, SD, WI)","High school diploma (Regular 12 year program)","In CBSA, not in central city","NO","3: Mother","YES","NO","NO","NO","YES","0: 0  CONDITION DOES NOT APPLY","ALWAYS WITH RIGHT HAND","ALWAYS WITH RIGHT HAND","ALWAYS WITH RIGHT HAND","ALWAYS WITH RIGHT HAND","ALWAYS WITH LEFT HAND","1: 1  CONDITION APPLIES","1: 1  CONDITION APPLIES","NO","MALE","FEMALE"
1982,64735,4,1,5,33790,5,183,1,1,1,4,3,2,2,2,1,2,1,6,3,6,1,1,31,23,"Male","Non-Black / Non-Hispanic","South (AL, AR, DE, DC, FL, GA, KY, LA, MD, MS, NC, OK, SC, TN , TX, VA, WV)","High school diploma (Regular 12 year program)","In CBSA, in central city","NO","3: Mother","NO","YES","NO","NO","NO","0: 0  CONDITION DOES NOT APPLY","ALWAYS WITH RIGHT HAND","ALWAYS WITH RIGHT HAND","ALWAYS WITH RIGHT HAND","ALWAYS WITH RIGHT HAND","ALWAYS WITH LEFT HAND","1: 1  CONDITION APPLIES","1: 1  CONDITION APPLIES","NO","FEMALE","FEMALE"
1984,64735,3,0,4,33790,5,183,2,2,1,3,2,4,2,2,1,2,2,2,5,7,1,1,30,20,"Female","Non-Black / Non-Hispanic","South (AL, AR, DE, DC, FL, GA, KY, LA, MD, MS, NC, OK, SC, TN , TX, VA, WV)","High school diploma (Regular 12 year program)","In CBSA, in central city","NO","3: Mother","NO","NO","NO","NO","YES","0: 0  CONDITION DOES NOT APPLY","ALWAYS WITH RIGHT HAND","ALWAYS WITH RIGHT HAND","ALWAYS WITH RIGHT HAND","ALWAYS WITH RIGHT HAND","ALWAYS WITH LEFT HAND","1: 1  CONDITION APPLIES","1: 1  CONDITION APPLIES","NO","MALE","MALE"
1982,64735,2,0,3,33790,5,184,1,1,3,5,2,2,2,2,1,2,2,6,2,7,1,1,31,21,"Male","Non-Black / Non-Hispanic","West (AK, AZ, CA, CO, HI, ID, MT, NV, NM, OR, UT, WA, WY)","High school diploma (Regular 12 year program)","In CBSA, in central city","NO","3: Mother","YES","NO","NO","NO","YES","0: 0  CONDITION DOES NOT APPLY","ALWAYS WITH RIGHT HAND","ALWAYS WITH RIGHT HAND","ALWAYS WITH RIGHT HAND","ALWAYS WITH RIGHT HAND","ALWAYS WITH LEFT HAND","1: 1  CONDITION APPLIES","1: 1  CONDITION APPLIES","NO","FEMALE","MALE"
1984,64735,4,0,2,33790,5,183,2,2,6,3,2,5,2,2,1,1,1,7,2,7,1,1,32,22,"Female","Non-Black / Non-Hispanic","Northeast (CT, ME, MA, NH, NJ, NY, PA, RI, VT)","High school diploma (Regular 12 year program)","In CBSA, not in central city","NO","3: Mother","YES","NO","NO","YES","YES","0: 0  CONDITION DOES NOT APPLY","ALWAYS WITH RIGHT HAND","ALWAYS WITH RIGHT HAND","USUALLY WITH RIGHT HAND","ALWAYS WITH RIGHT HAND","ALWAYS WITH LEFT HAND","1: 1  CONDITION APPLIES","1: 1  CONDITION APPLIES","NO","FEMALE","MALE"
1984,58350,3,0,1,33790,5,184,2,1,2,3,1,5,2,1,1,2,2,6,3,6,2,1,29,20,"Female","Non-Black / Non-Hispanic","North Central (IL, IN, IA, KS, MI, MN, MO, NE, OH, ND, SD, WI)","None","In CBSA, in central city","NO","3: Mother","YES","NO","NO","NO","YES","0: 0  CONDITION DOES NOT APPLY","ALWAYS WITH RIGHT HAND","ALWAYS WITH RIGHT HAND","ALWAYS WITH RIGHT HAND","ALWAYS WITH RIGHT HAND","USUALLY WITH LEFT HAND","1: 1  CONDITION APPLIES","1: 1  CONDITION APPLIES","NO","MALE","FEMALE"
1983,64735,4,0,6,33790,5,141,1,2,1,2,5,3,2,1,2,2,1,7,3,7,1,1,33,25,"Male","Black","South (AL, AR, DE, DC, FL, GA, KY, LA, MD, MS, NC, OK, SC, TN , TX, VA, WV)","Bachelor's degree (BA, BS)","In CBSA, not in central city","NO","3: Mother","NO","YES","NO","NO","NO","0: 0  CONDITION DOES NOT APPLY","ALWAYS WITH RIGHT HAND","ALWAYS WITH RIGHT HAND","ALWAYS WITH RIGHT HAND","ALWAYS WITH RIGHT HAND","ALWAYS WITH LEFT HAND","1: 1  CONDITION APPLIES","1: 1  CONDITION APPLIES","NO","FEMALE","MALE"
1981,64735,5,0,5,33790,5,182,1,1,1,6,2,5,2,2,1,2,1,2,1,6,1,1,26,16,"Female","Black","South (AL, AR, DE, DC, FL, GA, KY, LA, MD, MS, NC, OK, SC, TN , TX, VA, WV)","Bachelor's degree (BA, BS)","In CBSA, in central city","NO","3: Mother","YES","YES","NO","NO","NO","0: 0  CONDITION DOES NOT APPLY","ALWAYS WITH RIGHT HAND","USUALLY WITH RIGHT HAND","ALWAYS WITH RIGHT HAND","ALWAYS WITH RIGHT HAND","ALWAYS WITH LEFT HAND","1: 1  CONDITION APPLIES","1: 1  CONDITION APPLIES","NO","FEMALE","MALE"
1984,64735,3,0,3,33000,5,182,1,1,1,2,5,4,2,2,1,2,2,6,1,7,1,1,31,20,"Female","Non-Black / Non-Hispanic","Northeast (CT, ME, MA, NH, NJ, NY, PA, RI, VT)","Bachelor's degree (BA, BS)","In CBSA, not in central city","NO","3: Mother","NO","NO","NO","NO","YES","0: 0  CONDITION DOES NOT APPLY","ALWAYS WITH RIGHT HAND","ALWAYS WITH RIGHT HAND","ALWAYS WITH RIGHT HAND","ALWAYS WITH RIGHT HAND","ALWAYS WITH RIGHT HAND","1: 1  CONDITION APPLIES","0: 0  CONDITION DOES NOT APPLY","NO","FEMALE","MALE"
1980,90270,2,0,7,33790,5,183,1,1,4,3,4,3,2,2,1,2,1,8,2,7,1,1,32,24,"Female","Non-Black / Non-Hispanic","South (AL, AR, DE, DC, FL, GA, KY, LA, MD, MS, NC, OK, SC, TN , TX, VA, WV)","High school diploma (Regular 12 year program)","In CBSA, not in central city","NO","3: Mother","YES","NO","YES","NO","YES","0: 0  CONDITION DOES NOT APPLY","ALWAYS WITH RIGHT HAND","ALWAYS WITH RIGHT HAND","ALWAYS WITH RIGHT HAND","ALWAYS WITH RIGHT HAND","ALWAYS WITH LEFT HAND","1: 1  CONDITION APPLIES","1: 1  CONDITION APPLIES","NO","MALE","MALE"
1980,64735,3,1,2,33790,5,185,1,1,3,5,2,6,2,2,1,2,1,1,2,7,1,1,29,24,"Male","Non-Black / Non-Hispanic","Northeast (CT, ME, MA, NH, NJ, NY, PA, RI, VT)","Associate/Junior college (AA)","In CBSA, not in central city","NO","3: Mother","NO","NO","NO","NO","YES","0: 0  CONDITION DOES NOT APPLY","ALWAYS WITH RIGHT HAND","ALWAYS WITH RIGHT HAND","ALWAYS WITH RIGHT HAND","ALWAYS WITH RIGHT HAND","ALWAYS WITH LEFT HAND","0: 0  CONDITION DOES NOT APPLY","1: 1  CONDITION APPLIES","NO","FEMALE","MALE"
1984,64735,2,1,3,33790,5,182,1,2,3,1,4,2,2,2,1,2,2,2,1,7,1,1,30,20,"Male","Black","Northeast (CT, ME, MA, NH, NJ, NY, PA, RI, VT)","Bachelor's degree (BA, BS)","In CBSA, in central city","NO","3: Mother","YES","NO","NO","NO","YES","0: 0  CONDITION DOES NOT APPLY","ALWAYS WITH RIGHT HAND","ALWAYS WITH RIGHT HAND","ALWAYS WITH RIGHT HAND","ALWAYS WITH RIGHT HAND","ALWAYS WITH LEFT HAND","1: 1  CONDITION APPLIES","1: 1  CONDITION APPLIES","NO","FEMALE","FEMALE"
1982,64735,4,0,2,33790,5,181,2,1,5,3,2,7,2,4,2,2,1,6,1,6,1,1,30,22,"Male","Non-Black / Non-Hispanic","North Central (IL, IN, IA, KS, MI, MN, MO, NE, OH, ND, SD, WI)","Bachelor's degree (BA, BS)","In CBSA, not in central city","NO","3: Mother","YES","NO","YES","NO","YES","0: 0  CONDITION DOES NOT APPLY","ALWAYS WITH RIGHT HAND","ALWAYS WITH RIGHT HAND","ALWAYS WITH RIGHT HAND","ALWAYS WITH RIGHT HAND","ALWAYS WITH LEFT HAND","1: 1  CONDITION APPLIES","1: 1  CONDITION APPLIES","NO","FEMALE","MALE"
1982,64735,2,2,3,33790,5,181,1,1,4,4,2,3,2,2,1,2,2,6,2,8,3,1,28,20,"Female","Non-Black / Non-Hispanic","South (AL, AR, DE, DC, FL, GA, KY, LA, MD, MS, NC, OK, SC, TN , TX, VA, WV)","High school diploma (Regular 12 year program)","In CBSA, in central city","NO","3: Mother","YES","NO","NO","NO","YES","0: 0  CONDITION DOES NOT APPLY","ALWAYS WITH RIGHT HAND","ALWAYS WITH RIGHT HAND","ALWAYS WITH RIGHT HAND","ALWAYS WITH RIGHT HAND","ALWAYS WITH LEFT HAND","1: 1  CONDITION APPLIES","1: 1  CONDITION APPLIES","NO","MALE","MALE"
1981,64735,3,0,1,33790,6,182,1,1,2,2,4,3,2,1,1,1,1,6,2,7,1,1,33,22,"Female","Black","South (AL, AR, DE, DC, FL, GA, KY, LA, MD, MS, NC, OK, SC, TN , TX, VA, WV)","None","In CBSA, not in central city","YES","3: Mother","YES","NO","NO","NO","YES","0: 0  CONDITION DOES NOT APPLY","ALWAYS WITH LEFT HAND","ALWAYS WITH LEFT HAND","ALWAYS WITH LEFT HAND","ALWAYS WITH LEFT HAND","ALWAYS WITH LEFT HAND","1: 1  CONDITION APPLIES","1: 1  CONDITION APPLIES","NO","MALE","MALE"
1981,79670,4,1,2,33790,5,182,1,2,1,4,4,5,2,2,1,2,1,6,3,8,1,1,27,9,"Female","Black","South (AL, AR, DE, DC, FL, GA, KY, LA, MD, MS, NC, OK, SC, TN , TX, VA, WV)","Bachelor's degree (BA, BS)","In CBSA, not in central city","NO","3: Mother","YES","NO","NO","NO","YES","0: 0  CONDITION DOES NOT APPLY","ALWAYS WITH RIGHT HAND","ALWAYS WITH RIGHT HAND","ALWAYS WITH RIGHT HAND","ALWAYS WITH RIGHT HAND","ALWAYS WITH LEFT HAND","1: 1  CONDITION APPLIES","1: 1  CONDITION APPLIES","NO","MALE","FEMALE"
1983,64735,3,0,1,33790,5,180,1,2,3,4,4,2,2,2,1,1,1,6,2,7,1,1,29,20,"Female","Non-Black / Non-Hispanic","South (AL, AR, DE, DC, FL, GA, KY, LA, MD, MS, NC, OK, SC, TN , TX, VA, WV)","Master's degree (MA, MS)","In CBSA, not in central city","NO","3: Mother","NO","NO","NO","NO","YES","0: 0  CONDITION DOES NOT APPLY","ALWAYS WITH RIGHT HAND","ALWAYS WITH RIGHT HAND","ALWAYS WITH RIGHT HAND","DON'T DO THIS ACTIVITY","ALWAYS WITH LEFT HAND","1: 1  CONDITION APPLIES","0: 0  CONDITION DOES NOT APPLY","NO","MALE","FEMALE"
1982,64735,3,0,1,18000,5,182,1,1,2,3,2,3,2,1,1,2,1,2,3,7,1,1,32,21,"Male","Black","South (AL, AR, DE, DC, FL, GA, KY, LA, MD, MS, NC, OK, SC, TN , TX, VA, WV)","High school diploma (Regular 12 year program)","In CBSA, not in central city","NO","3: Mother","NO","YES","NO","NO","NO","0: 0  CONDITION DOES NOT APPLY","DON'T DO THIS ACTIVITY","ALWAYS WITH RIGHT HAND","ALWAYS WITH RIGHT HAND","ALWAYS WITH RIGHT HAND","ALWAYS WITH LEFT HAND","1: 1  CONDITION APPLIES","1: 1  CONDITION APPLIES","NO","FEMALE","FEMALE"
1982,64735,1,0,3,33790,5,184,2,1,3,6,2,4,2,2,2,1,1,4,1,7,1,1,9,17,"Male","Black","South (AL, AR, DE, DC, FL, GA, KY, LA, MD, MS, NC, OK, SC, TN , TX, VA, WV)","Bachelor's degree (BA, BS)","In CBSA, in central city","NO","3: Mother","NO","YES","NO","NO","NO","0: 0  CONDITION DOES NOT APPLY","ALWAYS WITH RIGHT HAND","ALWAYS WITH RIGHT HAND","ALWAYS WITH RIGHT HAND","ALWAYS WITH RIGHT HAND","ALWAYS WITH LEFT HAND","1: 1  CONDITION APPLIES","1: 1  CONDITION APPLIES","NO","MALE","MALE"
1982,64735,2,0,4,33790,5,181,1,1,1,3,1,2,2,2,2,1,1,5,4,6,1,2,28,22,"Male","Black","South (AL, AR, DE, DC, FL, GA, KY, LA, MD, MS, NC, OK, SC, TN , TX, VA, WV)","None","In CBSA, not in central city","YES","3: Mother","YES","YES","NO","NO","NO","0: 0  CONDITION DOES NOT APPLY","ALWAYS WITH RIGHT HAND","ALWAYS WITH RIGHT HAND","ALWAYS WITH RIGHT HAND","ALWAYS WITH RIGHT HAND","ALWAYS WITH LEFT HAND","1: 1  CONDITION APPLIES","1: 1  CONDITION APPLIES","NO","FEMALE","MALE"
1983,64735,5,1,1,4000,5,184,1,1,2,4,3,4,2,2,1,1,1,3,2,5,1,1,27,18,"Female","Non-Black / Non-Hispanic","North Central (IL, IN, IA, KS, MI, MN, MO, NE, OH, ND, SD, WI)","GED","In CBSA, not in central city","NO","3: Mother","NO","YES","NO","NO","YES","0: 0  CONDITION DOES NOT APPLY","ALWAYS WITH RIGHT HAND","ALWAYS WITH RIGHT HAND","ALWAYS WITH RIGHT HAND","ALWAYS WITH RIGHT HAND","ALWAYS WITH LEFT HAND","1: 1  CONDITION APPLIES","1: 1  CONDITION APPLIES","NO","FEMALE","MALE"
1983,64735,5,0,1,33790,5,182,1,2,1,3,2,3,2,2,1,2,2,2,2,8,2,1,32,24,"Male","Hispanic","West (AK, AZ, CA, CO, HI, ID, MT, NV, NM, OR, UT, WA, WY)","GED","In CBSA, not in central city","YES","3: Mother","NO","NO","NO","NO","NO","0: 0  CONDITION DOES NOT APPLY","ALWAYS WITH RIGHT HAND","ALWAYS WITH RIGHT HAND","ALWAYS WITH RIGHT HAND","ALWAYS WITH RIGHT HAND","ALWAYS WITH LEFT HAND","1: 1  CONDITION APPLIES","1: 1  CONDITION APPLIES","NO","FEMALE","MALE"
1981,64735,3,1,2,33790,5,230,2,2,2,4,2,4,2,2,2,2,1,6,2,7,1,1,29,21,"Male","Hispanic","South (AL, AR, DE, DC, FL, GA, KY, LA, MD, MS, NC, OK, SC, TN , TX, VA, WV)","High school diploma (Regular 12 year program)","In CBSA, in central city","NO","3: Mother","NO","NO","NO","NO","YES","0: 0  CONDITION DOES NOT APPLY","ALWAYS WITH RIGHT HAND","ALWAYS WITH RIGHT HAND","DON'T DO THIS ACTIVITY","ALWAYS WITH RIGHT HAND","ALWAYS WITH LEFT HAND","1: 1  CONDITION APPLIES","1: 1  CONDITION APPLIES","NO","MALE","MALE"
1984,75001,2,1,1,33790,6,280,2,1,1,5,2,2,2,2,1,3,1,7,3,6,1,1,28,21,"Female","Non-Black / Non-Hispanic","West (AK, AZ, CA, CO, HI, ID, MT, NV, NM, OR, UT, WA, WY)","High school diploma (Regular 12 year program)","In CBSA, not in central city","NO","3: Mother","YES","NO","NO","NO","YES","0: 0  CONDITION DOES NOT APPLY","ALWAYS WITH RIGHT HAND","ALWAYS WITH RIGHT HAND","ALWAYS WITH RIGHT HAND","ALWAYS WITH RIGHT HAND","ALWAYS WITH LEFT HAND","1: 1  CONDITION APPLIES","1: 1  CONDITION APPLIES","NO","FEMALE","MALE"
1982,64735,4,0,2,33790,5,143,1,1,5,3,5,3,2,2,1,2,1,5,4,7,1,1,37,53,"Male","Non-Black / Non-Hispanic","South (AL, AR, DE, DC, FL, GA, KY, LA, MD, MS, NC, OK, SC, TN , TX, VA, WV)","Bachelor's degree (BA, BS)","In CBSA, not in central city","YES","3: Mother","YES","NO","NO","NO","YES","0: 0  CONDITION DOES NOT APPLY","ALWAYS WITH RIGHT HAND","ALWAYS WITH RIGHT HAND","ALWAYS WITH RIGHT HAND","ALWAYS WITH RIGHT HAND","ALWAYS WITH LEFT HAND","1: 1  CONDITION APPLIES","1: 1  CONDITION APPLIES","NO","MALE","MALE"
1980,64735,2,0,3,33790,5,185,1,2,3,7,3,5,1,2,1,2,1,5,2,5,1,1,30,19,"Female","Black","North Central (IL, IN, IA, KS, MI, MN, MO, NE, OH, ND, SD, WI)","High school diploma (Regular 12 year program)","In CBSA, in central city","NO","3: Mother","YES","NO","NO","NO","YES","0: 0  CONDITION DOES NOT APPLY","ALWAYS WITH RIGHT HAND","ALWAYS WITH RIGHT HAND","ALWAYS WITH RIGHT HAND","ALWAYS WITH RIGHT HAND","ALWAYS WITH LEFT HAND","1: 1  CONDITION APPLIES","1: 1  CONDITION APPLIES","NO","FEMALE","FEMALE"
1983,64735,3,0,5,33790,5,150,1,1,4,4,4,3,1,2,2,2,2,3,6,9,1,1,27,19,"Female","Non-Black / Non-Hispanic","Northeast (CT, ME, MA, NH, NJ, NY, PA, RI, VT)","GED","Not in country","NO","3: Mother","YES","NO","YES","NO","YES","0: 0  CONDITION DOES NOT APPLY","ALWAYS WITH LEFT HAND","ALWAYS WITH LEFT HAND","ALWAYS WITH LEFT HAND","ALWAYS WITH LEFT HAND","ALWAYS WITH LEFT HAND","1: 1  CONDITION APPLIES","1: 1  CONDITION APPLIES","NO","FEMALE","FEMALE"
1982,64735,2,0,3,31000,5,183,1,1,1,4,4,5,2,2,1,1,2,3,2,7,1,1,24,13,"Male","Non-Black / Non-Hispanic","South (AL, AR, DE, DC, FL, GA, KY, LA, MD, MS, NC, OK, SC, TN , TX, VA, WV)","High school diploma (Regular 12 year program)","In CBSA, in central city","NO","3: Mother","NO","NO","NO","NO","YES","0: 0  CONDITION DOES NOT APPLY","ALWAYS WITH RIGHT HAND","ALWAYS WITH RIGHT HAND","ALWAYS WITH RIGHT HAND","ALWAYS WITH RIGHT HAND","ALWAYS WITH LEFT HAND","1: 1  CONDITION APPLIES","1: 1  CONDITION APPLIES","NO","MALE","FEMALE"
1984,6250,3,0,1,33790,5,183,2,2,1,3,6,3,2,2,1,2,2,4,2,7,1,1,34,19,"Female","Non-Black / Non-Hispanic","South (AL, AR, DE, DC, FL, GA, KY, LA, MD, MS, NC, OK, SC, TN , TX, VA, WV)","High school diploma (Regular 12 year program)","In CBSA, not in central city","NO","3: Mother","NO","YES","NO","NO","YES","1: 1  CONDITION APPLIES","ALWAYS WITH RIGHT HAND","ALWAYS WITH RIGHT HAND","ALWAYS WITH RIGHT HAND","ALWAYS WITH RIGHT HAND","USUALLY WITH LEFT HAND","1: 1  CONDITION APPLIES","1: 1  CONDITION APPLIES","NO","MALE","MALE"
1980,64735,4,0,1,14000,5,184,1,1,3,3,2,5,2,2,1,1,1,6,3,6,1,1,31,21,"Male","Hispanic","West (AK, AZ, CA, CO, HI, ID, MT, NV, NM, OR, UT, WA, WY)","GED","In CBSA, in central city","YES","3: Mother","YES","YES","NO","NO","NO","0: 0  CONDITION DOES NOT APPLY","ALWAYS WITH RIGHT HAND","ALWAYS WITH RIGHT HAND","ALWAYS WITH RIGHT HAND","ALWAYS WITH RIGHT HAND","ALWAYS WITH LEFT HAND","1: 1  CONDITION APPLIES","1: 1  CONDITION APPLIES","NO","MALE","MALE"
1982,64735,3,2,2,33790,5,183,1,1,2,1,4,2,2,2,2,2,2,3,2,7,1,1,32,19,"Female","Non-Black / Non-Hispanic","South (AL, AR, DE, DC, FL, GA, KY, LA, MD, MS, NC, OK, SC, TN , TX, VA, WV)","GED","In CBSA, not in central city","NO","3: Mother","YES","NO","YES","NO","YES","0: 0  CONDITION DOES NOT APPLY","ALWAYS WITH RIGHT HAND","ALWAYS WITH RIGHT HAND","ALWAYS WITH RIGHT HAND","ALWAYS WITH RIGHT HAND","ALWAYS WITH LEFT HAND","1: 1  CONDITION APPLIES","0: 0  CONDITION DOES NOT APPLY","NO","MALE","FEMALE"
1981,64735,3,0,3,33790,5,184,2,2,2,3,3,5,2,1,2,2,1,8,6,6,1,1,32,24,"Male","Non-Black / Non-Hispanic","South (AL, AR, DE, DC, FL, GA, KY, LA, MD, MS, NC, OK, SC, TN , TX, VA, WV)","Associate/Junior college (AA)","In CBSA, not in central city","YES","3: Mother","NO","YES","NO","NO","YES","0: 0  CONDITION DOES NOT APPLY","ALWAYS WITH RIGHT HAND","ALWAYS WITH RIGHT HAND","ALWAYS WITH RIGHT HAND","ALWAYS WITH RIGHT HAND","ALWAYS WITH LEFT HAND","1: 1  CONDITION APPLIES","1: 1  CONDITION APPLIES","NO","FEMALE","FEMALE"
1982,18250,3,0,3,33790,5,210,1,3,2,1,6,3,2,2,2,2,2,6,3,7,1,1,31,22,"Female","Black","North Central (IL, IN, IA, KS, MI, MN, MO, NE, OH, ND, SD, WI)","High school diploma (Regular 12 year program)","In CBSA, in central city","NO","3: Mother","NO","YES","NO","NO","NO","0: 0  CONDITION DOES NOT APPLY","ALWAYS WITH RIGHT HAND","ALWAYS WITH RIGHT HAND","ALWAYS WITH RIGHT HAND","ALWAYS WITH RIGHT HAND","ALWAYS WITH LEFT HAND","1: 1  CONDITION APPLIES","0: 0  CONDITION DOES NOT APPLY","NO","MALE","MALE"
1984,64735,3,0,3,33790,6,185,1,1,2,4,2,4,2,2,1,2,1,6,3,6,1,1,37,66,"Male","Black","South (AL, AR, DE, DC, FL, GA, KY, LA, MD, MS, NC, OK, SC, TN , TX, VA, WV)","High school diploma (Regular 12 year program)","In CBSA, not in central city","YES","3: Mother","NO","YES","NO","NO","YES","0: 0  CONDITION DOES NOT APPLY","ALWAYS WITH RIGHT HAND","ALWAYS WITH RIGHT HAND","ALWAYS WITH RIGHT HAND","ALWAYS WITH RIGHT HAND","ALWAYS WITH RIGHT HAND","1: 1  CONDITION APPLIES","0: 0  CONDITION DOES NOT APPLY","NO","FEMALE","MALE"
1981,64735,3,1,1,35000,6,184,1,1,4,2,3,4,2,2,1,2,1,4,2,6,1,1,30,22,"Male","Mixed Race (Non-Hispanic)","South (AL, AR, DE, DC, FL, GA, KY, LA, MD, MS, NC, OK, SC, TN , TX, VA, WV)","High school diploma (Regular 12 year program)","In CBSA, not in central city","NO","3: Mother","YES","NO","YES","NO","YES","0: 0  CONDITION DOES NOT APPLY","ALWAYS WITH RIGHT HAND","ALWAYS WITH RIGHT HAND","ALWAYS WITH RIGHT HAND","ALWAYS WITH RIGHT HAND","ALWAYS WITH LEFT HAND","1: 1  CONDITION APPLIES","1: 1  CONDITION APPLIES","NO","FEMALE","FEMALE"
1983,64735,3,1,4,33790,6,186,1,1,5,5,2,4,2,2,1,2,1,6,3,5,1,1,28,2,"Female","Non-Black / Non-Hispanic","South (AL, AR, DE, DC, FL, GA, KY, LA, MD, MS, NC, OK, SC, TN , TX, VA, WV)","Bachelor's degree (BA, BS)","In CBSA, not in central city","NO","3: Mother","NO","NO","NO","NO","YES","0: 0  CONDITION DOES NOT APPLY","ALWAYS WITH RIGHT HAND","ALWAYS WITH RIGHT HAND","ALWAYS WITH RIGHT HAND","ALWAYS WITH RIGHT HAND","USUALLY WITH RIGHT HAND","1: 1  CONDITION APPLIES","1: 1  CONDITION APPLIES","NO","FEMALE","FEMALE"
1980,92500,3,1,1,33790,5,181,1,1,1,3,4,3,2,2,1,2,1,5,2,7,1,1,33,21,"Male","Non-Black / Non-Hispanic","West (AK, AZ, CA, CO, HI, ID, MT, NV, NM, OR, UT, WA, WY)","Bachelor's degree (BA, BS)","In CBSA, not in central city","NO","3: Mother","YES","NO","NO","NO","YES","0: 0  CONDITION DOES NOT APPLY","ALWAYS WITH RIGHT HAND","ALWAYS WITH RIGHT HAND","USUALLY WITH RIGHT HAND","USUALLY WITH RIGHT HAND","USUALLY WITH LEFT HAND","1: 1  CONDITION APPLIES","1: 1  CONDITION APPLIES","NO","FEMALE","FEMALE"
1983,52200,4,1,2,33790,5,185,1,1,2,4,2,5,1,2,1,2,2,5,3,6,1,1,30,20,"Female","Non-Black / Non-Hispanic","North Central (IL, IN, IA, KS, MI, MN, MO, NE, OH, ND, SD, WI)","High school diploma (Regular 12 year program)","In CBSA, not in central city","NO","3: Mother","YES","NO","YES","NO","YES","0: 0  CONDITION DOES NOT APPLY","ALWAYS WITH RIGHT HAND","ALWAYS WITH RIGHT HAND","ALWAYS WITH RIGHT HAND","ALWAYS WITH LEFT HAND","ALWAYS WITH LEFT HAND","1: 1  CONDITION APPLIES","1: 1  CONDITION APPLIES","NO","FEMALE","FEMALE"
1981,64735,2,1,3,33790,6,184,3,1,4,5,1,6,2,2,1,1,1,1,3,6,2,1,3,15,"Female","Black","South (AL, AR, DE, DC, FL, GA, KY, LA, MD, MS, NC, OK, SC, TN , TX, VA, WV)","High school diploma (Regular 12 year program)","In CBSA, not in central city","NO","3: Mother","NO","NO","YES","NO","YES","0: 0  CONDITION DOES NOT APPLY","ALWAYS WITH RIGHT HAND","ALWAYS WITH RIGHT HAND","USUALLY WITH BOTH HANDS EQUALLY","ALWAYS WITH RIGHT HAND","ALWAYS WITH LEFT HAND","1: 1  CONDITION APPLIES","1: 1  CONDITION APPLIES","NO","MALE","FEMALE"
1982,64735,5,1,5,33790,5,215,1,2,2,4,2,4,2,2,1,2,1,2,1,7,1,1,29,22,"Female","Black","South (AL, AR, DE, DC, FL, GA, KY, LA, MD, MS, NC, OK, SC, TN , TX, VA, WV)","None","In CBSA, in central city","NO","3: Mother","YES","YES","NO","NO","YES","0: 0  CONDITION DOES NOT APPLY","ALWAYS WITH RIGHT HAND","ALWAYS WITH RIGHT HAND","ALWAYS WITH RIGHT HAND","ALWAYS WITH RIGHT HAND","ALWAYS WITH LEFT HAND","1: 1  CONDITION APPLIES","1: 1  CONDITION APPLIES","NO","MALE","MALE"
1981,64735,4,0,1,33790,5,181,1,1,1,4,3,5,1,2,1,1,1,6,3,5,1,1,31,18,"Female","Black","South (AL, AR, DE, DC, FL, GA, KY, LA, MD, MS, NC, OK, SC, TN , TX, VA, WV)","Master's degree (MA, MS)","In CBSA, not in central city","NO","3: Mother","YES","NO","YES","NO","YES","0: 0  CONDITION DOES NOT APPLY","ALWAYS WITH RIGHT HAND","ALWAYS WITH RIGHT HAND","ALWAYS WITH RIGHT HAND","ALWAYS WITH RIGHT HAND","USUALLY WITH RIGHT HAND","1: 1  CONDITION APPLIES","1: 1  CONDITION APPLIES","NO","MALE","FEMALE"
1983,64735,3,1,2,33790,5,181,1,2,3,3,5,5,2,2,2,2,1,6,1,8,1,1,24,21,"Male","Non-Black / Non-Hispanic","South (AL, AR, DE, DC, FL, GA, KY, LA, MD, MS, NC, OK, SC, TN , TX, VA, WV)","High school diploma (Regular 12 year program)","In CBSA, not in central city","NO","3: Mother","YES","YES","NO","NO","YES","0: 0  CONDITION DOES NOT APPLY","ALWAYS WITH RIGHT HAND","ALWAYS WITH RIGHT HAND","ALWAYS WITH RIGHT HAND","ALWAYS WITH RIGHT HAND","ALWAYS WITH LEFT HAND","1: 1  CONDITION APPLIES","1: 1  CONDITION APPLIES","NO","MALE","MALE"
1982,64735,5,1,1,33790,5,183,1,1,1,4,2,3,1,2,1,2,1,2,3,7,1,1,36,51,"Male","Black","South (AL, AR, DE, DC, FL, GA, KY, LA, MD, MS, NC, OK, SC, TN , TX, VA, WV)","None","In CBSA, not in central city","NO","3: Mother","YES","NO","NO","NO","NO","0: 0  CONDITION DOES NOT APPLY","ALWAYS WITH RIGHT HAND","ALWAYS WITH RIGHT HAND","ALWAYS WITH RIGHT HAND","USUALLY WITH LEFT HAND","ALWAYS WITH LEFT HAND","1: 1  CONDITION APPLIES","1: 1  CONDITION APPLIES","NO","FEMALE","MALE"
1982,64735,3,1,2,1100,5,181,1,1,2,3,2,5,2,2,1,2,1,1,2,7,1,1,30,20,"Male","Non-Black / Non-Hispanic","South (AL, AR, DE, DC, FL, GA, KY, LA, MD, MS, NC, OK, SC, TN , TX, VA, WV)","Bachelor's degree (BA, BS)","In CBSA, in central city","NO","3: Mother","YES","NO","NO","NO","YES","0: 0  CONDITION DOES NOT APPLY","ALWAYS WITH RIGHT HAND","ALWAYS WITH RIGHT HAND","ALWAYS WITH RIGHT HAND","ALWAYS WITH RIGHT HAND","ALWAYS WITH RIGHT HAND","1: 1  CONDITION APPLIES","1: 1  CONDITION APPLIES","NO","MALE","FEMALE"
1983,64735,3,1,3,33790,5,150,1,1,2,3,3,5,2,2,1,2,1,6,2,10,1,1,3,12,"Male","Black","North Central (IL, IN, IA, KS, MI, MN, MO, NE, OH, ND, SD, WI)","None","In CBSA, not in central city","NO","3: Mother","NO","YES","NO","NO","NO","0: 0  CONDITION DOES NOT APPLY","ALWAYS WITH RIGHT HAND","ALWAYS WITH RIGHT HAND","ALWAYS WITH RIGHT HAND","ALWAYS WITH RIGHT HAND","ALWAYS WITH RIGHT HAND","1: 1  CONDITION APPLIES","1: 1  CONDITION APPLIES","NO","MALE","MALE"
1980,64735,5,1,2,33790,5,181,1,1,3,3,2,5,2,1,1,2,1,6,3,7,1,2,34,20,"Male","Non-Black / Non-Hispanic","South (AL, AR, DE, DC, FL, GA, KY, LA, MD, MS, NC, OK, SC, TN , TX, VA, WV)","High school diploma (Regular 12 year program)","In CBSA, not in central city","NO","3: Mother","YES","NO","NO","NO","YES","0: 0  CONDITION DOES NOT APPLY","ALWAYS WITH RIGHT HAND","ALWAYS WITH RIGHT HAND","USUALLY WITH RIGHT HAND","USUALLY WITH RIGHT HAND","ALWAYS WITH LEFT HAND","1: 1  CONDITION APPLIES","1: 1  CONDITION APPLIES","NO","FEMALE","MALE"
1981,64735,4,1,2,33790,6,210,1,2,2,4,4,2,2,2,2,2,1,2,3,7,1,1,30,21,"Female","Non-Black / Non-Hispanic","South (AL, AR, DE, DC, FL, GA, KY, LA, MD, MS, NC, OK, SC, TN , TX, VA, WV)","Bachelor's degree (BA, BS)","In CBSA, not in central city","NO","3: Mother","NO","YES","NO","NO","YES","0: 0  CONDITION DOES NOT APPLY","ALWAYS WITH RIGHT HAND","ALWAYS WITH RIGHT HAND","USUALLY WITH BOTH HANDS EQUALLY","USUALLY WITH RIGHT HAND","ALWAYS WITH LEFT HAND","1: 1  CONDITION APPLIES","1: 1  CONDITION APPLIES","NO","FEMALE","MALE"
1984,75000,3,0,2,33790,6,182,1,2,3,2,4,6,2,2,1,1,1,10,4,6,1,1,31,22,"Male","Black","South (AL, AR, DE, DC, FL, GA, KY, LA, MD, MS, NC, OK, SC, TN , TX, VA, WV)","Associate/Junior college (AA)","In CBSA, not in central city","NO","3: Mother","YES","NO","YES","NO","YES","0: 0  CONDITION DOES NOT APPLY","ALWAYS WITH RIGHT HAND","ALWAYS WITH RIGHT HAND","ALWAYS WITH RIGHT HAND","ALWAYS WITH RIGHT HAND","ALWAYS WITH RIGHT HAND","1: 1  CONDITION APPLIES","1: 1  CONDITION APPLIES","NO","FEMALE","FEMALE"
1980,64735,5,1,3,33790,5,250,1,1,1,6,3,3,2,2,1,2,1,6,1,6,1,1,28,19,"Male","Black","North Central (IL, IN, IA, KS, MI, MN, MO, NE, OH, ND, SD, WI)","High school diploma (Regular 12 year program)","In CBSA, in central city","NO","3: Mother","NO","YES","NO","NO","YES","0: 0  CONDITION DOES NOT APPLY","USUALLY WITH RIGHT HAND","DON'T DO THIS ACTIVITY","DON'T DO THIS ACTIVITY","ALWAYS WITH RIGHT HAND","ALWAYS WITH LEFT HAND","1: 1  CONDITION APPLIES","1: 1  CONDITION APPLIES","NO","FEMALE","FEMALE"
1983,64735,5,0,3,21700,5,184,1,2,1,4,2,2,2,2,1,2,2,3,2,7,1,1,32,19,"Male","Non-Black / Non-Hispanic","South (AL, AR, DE, DC, FL, GA, KY, LA, MD, MS, NC, OK, SC, TN , TX, VA, WV)","Bachelor's degree (BA, BS)","In CBSA, in central city","NO","3: Mother","NO","YES","NO","NO","YES","0: 0  CONDITION DOES NOT APPLY","ALWAYS WITH RIGHT HAND","ALWAYS WITH RIGHT HAND","ALWAYS WITH LEFT HAND","ALWAYS WITH RIGHT HAND","ALWAYS WITH LEFT HAND","1: 1  CONDITION APPLIES","1: 1  CONDITION APPLIES","NO","FEMALE","MALE"
1983,64735,4,1,2,33790,5,184,1,1,3,3,2,3,2,2,1,2,2,5,2,4,1,1,32,20,"Female","Black","West (AK, AZ, CA, CO, HI, ID, MT, NV, NM, OR, UT, WA, WY)","Bachelor's degree (BA, BS)","In CBSA, in central city","NO","3: Mother","YES","NO","NO","NO","YES","0: 0  CONDITION DOES NOT APPLY","ALWAYS WITH RIGHT HAND","ALWAYS WITH RIGHT HAND","ALWAYS WITH RIGHT HAND","ALWAYS WITH RIGHT HAND","ALWAYS WITH RIGHT HAND","1: 1  CONDITION APPLIES","1: 1  CONDITION APPLIES","NO","FEMALE","MALE"
1981,64735,3,1,1,33790,5,182,1,1,1,4,10,7,2,2,1,2,1,8,2,7,1,1,31,22,"Female","Non-Black / Non-Hispanic","South (AL, AR, DE, DC, FL, GA, KY, LA, MD, MS, NC, OK, SC, TN , TX, VA, WV)","High school diploma (Regular 12 year program)","In CBSA, not in central city","NO","3: Mother","YES","NO","NO","NO","NO","0: 0  CONDITION DOES NOT APPLY","USUALLY WITH RIGHT HAND","ALWAYS WITH RIGHT HAND","ALWAYS WITH RIGHT HAND","ALWAYS WITH RIGHT HAND","ALWAYS WITH LEFT HAND","1: 1  CONDITION APPLIES","1: 1  CONDITION APPLIES","NO","FEMALE","FEMALE"
1982,64735,3,0,1,33790,5,183,1,2,1,4,2,2,2,1,1,2,1,5,2,7,1,1,32,23,"Male","Black","West (AK, AZ, CA, CO, HI, ID, MT, NV, NM, OR, UT, WA, WY)","High school diploma (Regular 12 year program)","In CBSA, not in central city","NO","3: Mother","NO","NO","NO","NO","YES","0: 0  CONDITION DOES NOT APPLY","ALWAYS WITH RIGHT HAND","ALWAYS WITH RIGHT HAND","ALWAYS WITH RIGHT HAND","ALWAYS WITH RIGHT HAND","ALWAYS WITH LEFT HAND","1: 1  CONDITION APPLIES","1: 1  CONDITION APPLIES","NO","FEMALE","MALE"
1981,64735,3,1,4,33790,5,289,3,2,5,5,2,5,2,2,2,2,1,9,4,5,1,1,23,15,"Female","Black","South (AL, AR, DE, DC, FL, GA, KY, LA, MD, MS, NC, OK, SC, TN , TX, VA, WV)","High school diploma (Regular 12 year program)","In CBSA, in central city","NO","3: Mother","NO","YES","NO","NO","YES","0: 0  CONDITION DOES NOT APPLY","ALWAYS WITH RIGHT HAND","ALWAYS WITH RIGHT HAND","ALWAYS WITH RIGHT HAND","ALWAYS WITH RIGHT HAND","ALWAYS WITH LEFT HAND","1: 1  CONDITION APPLIES","1: 1  CONDITION APPLIES","NO","FEMALE","FEMALE"
1980,64735,3,0,5,33790,5,184,2,2,2,2,2,2,1,2,2,1,1,6,2,6,1,1,34,23,"Male","Non-Black / Non-Hispanic","South (AL, AR, DE, DC, FL, GA, KY, LA, MD, MS, NC, OK, SC, TN , TX, VA, WV)","None","In CBSA, in central city","NO","3: Mother","YES","YES","NO","NO","YES","0: 0  CONDITION DOES NOT APPLY","ALWAYS WITH RIGHT HAND","ALWAYS WITH RIGHT HAND","ALWAYS WITH RIGHT HAND","ALWAYS WITH RIGHT HAND","ALWAYS WITH LEFT HAND","1: 1  CONDITION APPLIES","1: 1  CONDITION APPLIES","NO","FEMALE","FEMALE"
1983,64735,3,0,3,33790,5,183,1,2,3,4,7,2,2,2,1,1,1,3,2,10,1,1,30,19,"Female","Non-Black / Non-Hispanic","South (AL, AR, DE, DC, FL, GA, KY, LA, MD, MS, NC, OK, SC, TN , TX, VA, WV)","High school diploma (Regular 12 year program)","In CBSA, not in central city","NO","3: Mother","YES","NO","NO","NO","YES","0: 0  CONDITION DOES NOT APPLY","ALWAYS WITH RIGHT HAND","ALWAYS WITH RIGHT HAND","ALWAYS WITH RIGHT HAND","ALWAYS WITH RIGHT HAND","ALWAYS WITH LEFT HAND","1: 1  CONDITION APPLIES","1: 1  CONDITION APPLIES","NO","MALE","MALE"
1981,64735,3,0,2,33790,5,200,1,2,2,4,3,2,2,2,2,2,2,4,8,6,1,1,31,22,"Female","Black","South (AL, AR, DE, DC, FL, GA, KY, LA, MD, MS, NC, OK, SC, TN , TX, VA, WV)","High school diploma (Regular 12 year program)","In CBSA, in central city","NO","3: Mother","NO","YES","NO","NO","NO","0: 0  CONDITION DOES NOT APPLY","ALWAYS WITH RIGHT HAND","DON'T DO THIS ACTIVITY","ALWAYS WITH RIGHT HAND","ALWAYS WITH RIGHT HAND","ALWAYS WITH LEFT HAND","1: 1  CONDITION APPLIES","1: 1  CONDITION APPLIES","NO","FEMALE","FEMALE"
1980,64735,2,0,3,33790,5,182,1,1,2,4,5,4,2,2,1,1,1,4,4,7,1,1,32,21,"Female","Black","North Central (IL, IN, IA, KS, MI, MN, MO, NE, OH, ND, SD, WI)","High school diploma (Regular 12 year program)","In CBSA, in central city","NO","3: Mother","NO","NO","NO","NO","YES","0: 0  CONDITION DOES NOT APPLY","ALWAYS WITH RIGHT HAND","ALWAYS WITH RIGHT HAND","ALWAYS WITH RIGHT HAND","ALWAYS WITH RIGHT HAND","ALWAYS WITH RIGHT HAND","1: 1  CONDITION APPLIES","1: 1  CONDITION APPLIES","NO","FEMALE","MALE"
1980,25750,7,1,3,33790,5,140,1,1,3,3,4,3,2,2,2,2,1,8,2,7,1,1,26,24,"Male","Black","South (AL, AR, DE, DC, FL, GA, KY, LA, MD, MS, NC, OK, SC, TN , TX, VA, WV)","GED","In CBSA, not in central city","NO","3: Mother","NO","YES","YES","NO","YES","0: 0  CONDITION DOES NOT APPLY","ALWAYS WITH RIGHT HAND","ALWAYS WITH RIGHT HAND","ALWAYS WITH RIGHT HAND","ALWAYS WITH RIGHT HAND","ALWAYS WITH LEFT HAND","1: 1  CONDITION APPLIES","1: 1  CONDITION APPLIES","NO","MALE","MALE"
1982,64735,3,0,2,30000,5,181,1,2,2,4,3,4,2,1,2,2,1,5,2,8,1,1,29,23,"Female","Hispanic","South (AL, AR, DE, DC, FL, GA, KY, LA, MD, MS, NC, OK, SC, TN , TX, VA, WV)","None","In CBSA, in central city","NO","3: Mother","YES","YES","NO","NO","YES","0: 0  CONDITION DOES NOT APPLY","ALWAYS WITH RIGHT HAND","ALWAYS WITH RIGHT HAND","ALWAYS WITH RIGHT HAND","ALWAYS WITH RIGHT HAND","ALWAYS WITH LEFT HAND","1: 1  CONDITION APPLIES","1: 1  CONDITION APPLIES","YES","FEMALE","MALE"
1983,64735,4,0,2,33790,5,183,1,2,2,4,2,3,2,2,2,1,1,3,2,6,1,1,34,27,"Male","Black","South (AL, AR, DE, DC, FL, GA, KY, LA, MD, MS, NC, OK, SC, TN , TX, VA, WV)","High school diploma (Regular 12 year program)","In CBSA, not in central city","YES","3: Mother","YES","YES","YES","NO","YES","0: 0  CONDITION DOES NOT APPLY","ALWAYS WITH RIGHT HAND","ALWAYS WITH RIGHT HAND","ALWAYS WITH RIGHT HAND","ALWAYS WITH RIGHT HAND","ALWAYS WITH LEFT HAND","1: 1  CONDITION APPLIES","1: 1  CONDITION APPLIES","NO","FEMALE","FEMALE"
1984,64735,3,0,2,33790,6,184,1,1,3,6,3,4,2,2,1,2,1,6,5,6,1,1,31,20,"Female","Black","South (AL, AR, DE, DC, FL, GA, KY, LA, MD, MS, NC, OK, SC, TN , TX, VA, WV)","High school diploma (Regular 12 year program)","In CBSA, not in central city","NO","3: Mother","NO","NO","NO","NO","YES","0: 0  CONDITION DOES NOT APPLY","ALWAYS WITH RIGHT HAND","ALWAYS WITH RIGHT HAND","ALWAYS WITH RIGHT HAND","ALWAYS WITH RIGHT HAND","ALWAYS WITH LEFT HAND","1: 1  CONDITION APPLIES","1: 1  CONDITION APPLIES","NO","MALE","MALE"
1982,64735,4,0,2,33790,5,182,1,2,1,4,3,4,2,1,2,2,1,4,1,6,1,2,34,21,"Male","Black","South (AL, AR, DE, DC, FL, GA, KY, LA, MD, MS, NC, OK, SC, TN , TX, VA, WV)","High school diploma (Regular 12 year program)","In CBSA, in central city","NO","3: Mother","NO","YES","NO","NO","YES","0: 0  CONDITION DOES NOT APPLY","ALWAYS WITH RIGHT HAND","USUALLY WITH BOTH HANDS EQUALLY","ALWAYS WITH RIGHT HAND","ALWAYS WITH RIGHT HAND","USUALLY WITH BOTH HANDS EQUALLY","1: 1  CONDITION APPLIES","1: 1  CONDITION APPLIES","YES","FEMALE","FEMALE"
1982,64735,4,1,2,33790,5,182,1,2,1,5,2,4,2,2,1,1,1,2,2,6,1,1,36,24,"Male","Black","South (AL, AR, DE, DC, FL, GA, KY, LA, MD, MS, NC, OK, SC, TN , TX, VA, WV)","High school diploma (Regular 12 year program)","In CBSA, not in central city","YES","3: Mother","YES","YES","NO","NO","YES","0: 0  CONDITION DOES NOT APPLY","ALWAYS WITH RIGHT HAND","USUALLY WITH BOTH HANDS EQUALLY","ALWAYS WITH RIGHT HAND","USUALLY WITH BOTH HANDS EQUALLY","ALWAYS WITH LEFT HAND","1: 1  CONDITION APPLIES","1: 1  CONDITION APPLIES","NO","FEMALE","MALE"
1984,64735,4,0,1,33790,5,181,1,1,2,5,3,4,1,1,1,1,1,9,2,7,1,1,31,23,"Female","Black","South (AL, AR, DE, DC, FL, GA, KY, LA, MD, MS, NC, OK, SC, TN , TX, VA, WV)","None","In CBSA, not in central city","YES","3: Mother","YES","YES","NO","NO","NO","0: 0  CONDITION DOES NOT APPLY","ALWAYS WITH RIGHT HAND","ALWAYS WITH RIGHT HAND","ALWAYS WITH RIGHT HAND","ALWAYS WITH RIGHT HAND","ALWAYS WITH LEFT HAND","1: 1  CONDITION APPLIES","1: 1  CONDITION APPLIES","NO","MALE","MALE"
1983,64735,4,1,4,33790,5,184,2,2,2,4,1,2,2,2,1,2,2,6,5,6,1,1,51,26,"Female","Black","South (AL, AR, DE, DC, FL, GA, KY, LA, MD, MS, NC, OK, SC, TN , TX, VA, WV)","High school diploma (Regular 12 year program)","In CBSA, not in central city","NO","3: Mother","NO","NO","NO","NO","YES","0: 0  CONDITION DOES NOT APPLY","ALWAYS WITH RIGHT HAND","ALWAYS WITH RIGHT HAND","USUALLY WITH BOTH HANDS EQUALLY","ALWAYS WITH RIGHT HAND","ALWAYS WITH LEFT HAND","1: 1  CONDITION APPLIES","1: 1  CONDITION APPLIES","NO","FEMALE","MALE"
1984,64735,4,1,1,33790,5,182,1,1,2,1,3,4,2,1,2,2,1,6,2,6,1,1,32,23,"Male","Black","North Central (IL, IN, IA, KS, MI, MN, MO, NE, OH, ND, SD, WI)","High school diploma (Regular 12 year program)","In CBSA, in central city","NO","3: Mother","NO","YES","NO","NO","NO","0: 0  CONDITION DOES NOT APPLY","ALWAYS WITH RIGHT HAND","ALWAYS WITH RIGHT HAND","ALWAYS WITH RIGHT HAND","ALWAYS WITH RIGHT HAND","ALWAYS WITH LEFT HAND","1: 1  CONDITION APPLIES","1: 1  CONDITION APPLIES","NO","FEMALE","MALE"
1984,64735,5,1,2,33790,5,184,1,1,1,2,1,2,2,2,1,2,1,6,1,7,1,1,35,51,"Male","Non-Black / Non-Hispanic","South (AL, AR, DE, DC, FL, GA, KY, LA, MD, MS, NC, OK, SC, TN , TX, VA, WV)","High school diploma (Regular 12 year program)","In CBSA, not in central city","YES","3: Mother","YES","YES","NO","NO","NO","0: 0  CONDITION DOES NOT APPLY","ALWAYS WITH RIGHT HAND","ALWAYS WITH RIGHT HAND","ALWAYS WITH RIGHT HAND","ALWAYS WITH RIGHT HAND","ALWAYS WITH LEFT HAND","1: 1  CONDITION APPLIES","1: 1  CONDITION APPLIES","NO","MALE","FEMALE"
1983,64735,4,0,2,36000,5,183,1,2,2,6,4,2,2,2,1,2,2,3,6,6,1,1,26,8,"Male","Black","South (AL, AR, DE, DC, FL, GA, KY, LA, MD, MS, NC, OK, SC, TN , TX, VA, WV)","High school diploma (Regular 12 year program)","In CBSA, in central city","NO","3: Mother","YES","YES","NO","NO","NO","0: 0  CONDITION DOES NOT APPLY","ALWAYS WITH RIGHT HAND","ALWAYS WITH RIGHT HAND","ALWAYS WITH RIGHT HAND","ALWAYS WITH RIGHT HAND","ALWAYS WITH RIGHT HAND","1: 1  CONDITION APPLIES","1: 1  CONDITION APPLIES","NO","FEMALE","MALE"
1983,64735,3,0,3,33790,5,181,1,1,5,3,3,4,1,2,1,1,1,6,4,7,1,1,32,19,"Male","Non-Black / Non-Hispanic","North Central (IL, IN, IA, KS, MI, MN, MO, NE, OH, ND, SD, WI)","High school diploma (Regular 12 year program)","In CBSA, not in central city","NO","3: Mother","NO","NO","NO","NO","YES","0: 0  CONDITION DOES NOT APPLY","DON'T DO THIS ACTIVITY","DON'T DO THIS ACTIVITY","DON'T DO THIS ACTIVITY","ALWAYS WITH RIGHT HAND","ALWAYS WITH LEFT HAND","1: 1  CONDITION APPLIES","1: 1  CONDITION APPLIES","NO","FEMALE","MALE"
1982,64735,1,0,3,33790,5,185,1,2,5,2,3,10,2,1,1,2,1,8,3,7,1,1,31,21,"Female","Non-Black / Non-Hispanic","North Central (IL, IN, IA, KS, MI, MN, MO, NE, OH, ND, SD, WI)","High school diploma (Regular 12 year program)","In CBSA, in central city","NO","3: Mother","YES","NO","NO","NO","YES","0: 0  CONDITION DOES NOT APPLY","ALWAYS WITH LEFT HAND","ALWAYS WITH RIGHT HAND","ALWAYS WITH LEFT HAND","ALWAYS WITH RIGHT HAND","ALWAYS WITH RIGHT HAND","1: 1  CONDITION APPLIES","1: 1  CONDITION APPLIES","NO","FEMALE","FEMALE"
1980,64735,3,1,3,45000,6,188,2,1,3,4,3,3,2,2,1,1,1,6,2,5,1,1,30,19,"Male","Black","North Central (IL, IN, IA, KS, MI, MN, MO, NE, OH, ND, SD, WI)","Bachelor's degree (BA, BS)","In CBSA, not in central city","NO","3: Mother","NO","YES","NO","NO","NO","0: 0  CONDITION DOES NOT APPLY","ALWAYS WITH RIGHT HAND","ALWAYS WITH RIGHT HAND","ALWAYS WITH RIGHT HAND","ALWAYS WITH RIGHT HAND","ALWAYS WITH LEFT HAND","1: 1  CONDITION APPLIES","1: 1  CONDITION APPLIES","NO","FEMALE","FEMALE"
1982,64735,4,1,2,33790,5,182,1,1,2,5,6,4,2,1,1,1,1,6,1,6,1,1,28,21,"Male","Black","South (AL, AR, DE, DC, FL, GA, KY, LA, MD, MS, NC, OK, SC, TN , TX, VA, WV)","High school diploma (Regular 12 year program)","In CBSA, not in central city","NO","3: Mother","NO","NO","NO","NO","YES","0: 0  CONDITION DOES NOT APPLY","ALWAYS WITH RIGHT HAND","ALWAYS WITH RIGHT HAND","USUALLY WITH BOTH HANDS EQUALLY","ALWAYS WITH RIGHT HAND","ALWAYS WITH LEFT HAND","1: 1  CONDITION APPLIES","0: 0  CONDITION DOES NOT APPLY","YES","MALE","FEMALE"
1984,64735,2,0,2,33790,5,180,1,2,2,1,4,2,1,2,2,2,2,1,4,7,1,1,29,21,"Male","Black","South (AL, AR, DE, DC, FL, GA, KY, LA, MD, MS, NC, OK, SC, TN , TX, VA, WV)","GED","In CBSA, in central city","NO","3: Mother","NO","YES","NO","NO","NO","0: 0  CONDITION DOES NOT APPLY","ALWAYS WITH RIGHT HAND","ALWAYS WITH RIGHT HAND","ALWAYS WITH RIGHT HAND","ALWAYS WITH RIGHT HAND","ALWAYS WITH RIGHT HAND","1: 1  CONDITION APPLIES","1: 1  CONDITION APPLIES","NO","FEMALE","FEMALE"
1982,5669,5,0,3,33790,5,181,2,3,1,4,2,1,1,2,1,2,1,6,1,7,1,1,34,24,"Female","Hispanic","Northeast (CT, ME, MA, NH, NJ, NY, PA, RI, VT)","High school diploma (Regular 12 year program)","In CBSA, in central city","NO","3: Mother","NO","YES","NO","NO","NO","0: 0  CONDITION DOES NOT APPLY","DON'T DO THIS ACTIVITY","ALWAYS WITH RIGHT HAND","ALWAYS WITH RIGHT HAND","USUALLY WITH BOTH HANDS EQUALLY","ALWAYS WITH LEFT HAND","1: 1  CONDITION APPLIES","1: 1  CONDITION APPLIES","NO","FEMALE","FEMALE"
1981,64735,1,0,2,33790,5,195,2,2,1,3,5,3,2,2,1,2,1,6,3,6,1,1,28,18,"Female","Non-Black / Non-Hispanic","South (AL, AR, DE, DC, FL, GA, KY, LA, MD, MS, NC, OK, SC, TN , TX, VA, WV)","Bachelor's degree (BA, BS)","In CBSA, in central city","NO","3: Mother","NO","NO","NO","NO","NO","0: 0  CONDITION DOES NOT APPLY","ALWAYS WITH RIGHT HAND","ALWAYS WITH RIGHT HAND","ALWAYS WITH RIGHT HAND","ALWAYS WITH RIGHT HAND","ALWAYS WITH LEFT HAND","1: 1  CONDITION APPLIES","1: 1  CONDITION APPLIES","NO","FEMALE","FEMALE"
1986,64735,3,1,3,33790,5,217,2,1,3,5,5,7,2,2,1,1,1,6,1,6,1,1,29,22,"Male","Black","South (AL, AR, DE, DC, FL, GA, KY, LA, MD, MS, NC, OK, SC, TN , TX, VA, WV)","High school diploma (Regular 12 year program)","In CBSA, in central city","NO","3: Mother","YES","NO","NO","NO","YES","0: 0  CONDITION DOES NOT APPLY","ALWAYS WITH RIGHT HAND","ALWAYS WITH RIGHT HAND","ALWAYS WITH RIGHT HAND","ALWAYS WITH RIGHT HAND","ALWAYS WITH LEFT HAND","1: 1  CONDITION APPLIES","0: 0  CONDITION DOES NOT APPLY","NO","FEMALE","MALE"
1980,7000,5,0,2,33790,5,160,1,1,2,3,5,3,1,2,1,1,1,5,1,8,1,1,32,26,"Male","Black","South (AL, AR, DE, DC, FL, GA, KY, LA, MD, MS, NC, OK, SC, TN , TX, VA, WV)","High school diploma (Regular 12 year program)","In CBSA, in central city","NO","3: Mother","NO","YES","NO","NO","YES","0: 0  CONDITION DOES NOT APPLY","DON'T DO THIS ACTIVITY","ALWAYS WITH RIGHT HAND","ALWAYS WITH RIGHT HAND","ALWAYS WITH RIGHT HAND","ALWAYS WITH RIGHT HAND","1: 1  CONDITION APPLIES","1: 1  CONDITION APPLIES","NO","FEMALE","MALE"
1985,64735,3,0,2,33790,5,183,1,1,1,3,2,5,2,2,2,2,2,7,3,6,1,1,33,25,"Male","Black","South (AL, AR, DE, DC, FL, GA, KY, LA, MD, MS, NC, OK, SC, TN , TX, VA, WV)","None","In CBSA, in central city","NO","3: Mother","NO","YES","NO","NO","YES","0: 0  CONDITION DOES NOT APPLY","ALWAYS WITH RIGHT HAND","ALWAYS WITH RIGHT HAND","ALWAYS WITH RIGHT HAND","ALWAYS WITH RIGHT HAND","ALWAYS WITH LEFT HAND","1: 1  CONDITION APPLIES","1: 1  CONDITION APPLIES","NO","MALE","MALE"
1982,64735,2,0,2,33790,5,184,1,1,4,4,2,4,2,2,1,2,1,5,2,7,1,1,27,20,"Male","Non-Black / Non-Hispanic","South (AL, AR, DE, DC, FL, GA, KY, LA, MD, MS, NC, OK, SC, TN , TX, VA, WV)","High school diploma (Regular 12 year program)","In CBSA, not in central city","NO","3: Mother","YES","NO","NO","NO","YES","0: 0  CONDITION DOES NOT APPLY","ALWAYS WITH RIGHT HAND","ALWAYS WITH RIGHT HAND","ALWAYS WITH RIGHT HAND","ALWAYS WITH RIGHT HAND","ALWAYS WITH LEFT HAND","1: 1  CONDITION APPLIES","1: 1  CONDITION APPLIES","NO","MALE","FEMALE"
1982,64735,3,1,3,33790,5,185,1,1,3,3,2,4,2,1,1,2,1,3,2,6,1,2,31,21,"Female","Black","South (AL, AR, DE, DC, FL, GA, KY, LA, MD, MS, NC, OK, SC, TN , TX, VA, WV)","GED","In CBSA, not in central city","NO","3: Mother","NO","NO","NO","NO","YES","0: 0  CONDITION DOES NOT APPLY","ALWAYS WITH RIGHT HAND","ALWAYS WITH RIGHT HAND","ALWAYS WITH RIGHT HAND","ALWAYS WITH RIGHT HAND","USUALLY WITH BOTH HANDS EQUALLY","1: 1  CONDITION APPLIES","1: 1  CONDITION APPLIES","NO","MALE","FEMALE"
1984,64735,2,0,2,33790,6,160,1,1,1,4,4,3,2,2,1,1,1,6,2,7,2,1,29,22,"Male","Non-Black / Non-Hispanic","Northeast (CT, ME, MA, NH, NJ, NY, PA, RI, VT)","GED","In CBSA, in central city","NO","3: Mother","NO","YES","YES","NO","YES","0: 0  CONDITION DOES NOT APPLY","DON'T DO THIS ACTIVITY","ALWAYS WITH RIGHT HAND","DON'T DO THIS ACTIVITY","ALWAYS WITH RIGHT HAND","ALWAYS WITH LEFT HAND","1: 1  CONDITION APPLIES","0: 0  CONDITION DOES NOT APPLY","NO","MALE","MALE"
1984,64735,4,1,2,33790,5,183,1,2,1,4,2,2,2,2,1,2,1,4,2,7,1,1,32,24,"Male","Non-Black / Non-Hispanic","South (AL, AR, DE, DC, FL, GA, KY, LA, MD, MS, NC, OK, SC, TN , TX, VA, WV)","GED","In CBSA, not in central city","NO","3: Mother","NO","NO","YES","NO","NO","0: 0  CONDITION DOES NOT APPLY","ALWAYS WITH RIGHT HAND","ALWAYS WITH RIGHT HAND","ALWAYS WITH RIGHT HAND","ALWAYS WITH RIGHT HAND","ALWAYS WITH LEFT HAND","1: 1  CONDITION APPLIES","1: 1  CONDITION APPLIES","NO","FEMALE","FEMALE"
1980,64735,2,0,2,33790,6,181,1,2,2,5,5,3,1,2,1,2,1,6,2,7,1,1,35,22,"Female","Non-Black / Non-Hispanic","South (AL, AR, DE, DC, FL, GA, KY, LA, MD, MS, NC, OK, SC, TN , TX, VA, WV)","High school diploma (Regular 12 year program)","In CBSA, in central city","NO","3: Mother","NO","NO","NO","NO","YES","0: 0  CONDITION DOES NOT APPLY","ALWAYS WITH RIGHT HAND","ALWAYS WITH RIGHT HAND","ALWAYS WITH RIGHT HAND","ALWAYS WITH RIGHT HAND","ALWAYS WITH RIGHT HAND","1: 1  CONDITION APPLIES","1: 1  CONDITION APPLIES","NO","MALE","FEMALE"
1984,57000,2,0,3,33790,6,200,1,1,2,5,1,5,2,2,1,2,1,6,3,8,1,1,31,23,"Male","Non-Black / Non-Hispanic","South (AL, AR, DE, DC, FL, GA, KY, LA, MD, MS, NC, OK, SC, TN , TX, VA, WV)","Bachelor's degree (BA, BS)","In CBSA, not in central city","NO","3: Mother","YES","NO","YES","NO","YES","0: 0  CONDITION DOES NOT APPLY","ALWAYS WITH RIGHT HAND","ALWAYS WITH RIGHT HAND","ALWAYS WITH RIGHT HAND","ALWAYS WITH RIGHT HAND","ALWAYS WITH RIGHT HAND","1: 1  CONDITION APPLIES","1: 1  CONDITION APPLIES","NO","FEMALE","MALE"
1985,64735,1,0,1,33790,5,182,1,1,3,3,6,4,2,2,1,2,1,5,5,7,1,1,31,21,"Female","Hispanic","West (AK, AZ, CA, CO, HI, ID, MT, NV, NM, OR, UT, WA, WY)","High school diploma (Regular 12 year program)","In CBSA, in central city","NO","3: Mother","YES","NO","NO","NO","YES","0: 0  CONDITION DOES NOT APPLY","ALWAYS WITH RIGHT HAND","ALWAYS WITH RIGHT HAND","ALWAYS WITH RIGHT HAND","ALWAYS WITH RIGHT HAND","ALWAYS WITH LEFT HAND","1: 1  CONDITION APPLIES","1: 1  CONDITION APPLIES","NO","MALE","FEMALE"
1980,64735,3,0,2,33790,5,184,1,1,6,3,2,4,2,2,1,2,1,6,3,7,1,1,29,20,"Female","Non-Black / Non-Hispanic","South (AL, AR, DE, DC, FL, GA, KY, LA, MD, MS, NC, OK, SC, TN , TX, VA, WV)","Associate/Junior college (AA)","In CBSA, not in central city","NO","3: Mother","YES","NO","NO","NO","YES","0: 0  CONDITION DOES NOT APPLY","ALWAYS WITH LEFT HAND","ALWAYS WITH LEFT HAND","ALWAYS WITH LEFT HAND","ALWAYS WITH RIGHT HAND","ALWAYS WITH RIGHT HAND","1: 1  CONDITION APPLIES","0: 0  CONDITION DOES NOT APPLY","NO","MALE","FEMALE"
1983,550,2,0,2,33790,5,179,1,1,4,3,2,4,2,2,1,2,1,6,2,7,1,1,28,22,"Male","Non-Black / Non-Hispanic","South (AL, AR, DE, DC, FL, GA, KY, LA, MD, MS, NC, OK, SC, TN , TX, VA, WV)","High school diploma (Regular 12 year program)","In CBSA, in central city","NO","3: Mother","NO","NO","NO","NO","YES","0: 0  CONDITION DOES NOT APPLY","ALWAYS WITH RIGHT HAND","ALWAYS WITH RIGHT HAND","ALWAYS WITH RIGHT HAND","ALWAYS WITH RIGHT HAND","ALWAYS WITH RIGHT HAND","1: 1  CONDITION APPLIES","1: 1  CONDITION APPLIES","NO","FEMALE","MALE"
1983,64735,2,0,3,33790,5,178,1,1,2,3,1,3,2,1,1,2,1,3,2,9,1,1,24,18,"Male","Non-Black / Non-Hispanic","South (AL, AR, DE, DC, FL, GA, KY, LA, MD, MS, NC, OK, SC, TN , TX, VA, WV)","Associate/Junior college (AA)","In CBSA, not in central city","NO","3: Mother","NO","YES","NO","NO","YES","0: 0  CONDITION DOES NOT APPLY","ALWAYS WITH RIGHT HAND","ALWAYS WITH RIGHT HAND","ALWAYS WITH RIGHT HAND","ALWAYS WITH RIGHT HAND","ALWAYS WITH LEFT HAND","1: 1  CONDITION APPLIES","1: 1  CONDITION APPLIES","NO","MALE","FEMALE"
1981,64735,3,1,1,33790,5,183,1,2,1,4,3,3,2,1,1,2,1,8,2,8,1,2,25,23,"Female","Black","South (AL, AR, DE, DC, FL, GA, KY, LA, MD, MS, NC, OK, SC, TN , TX, VA, WV)","Associate/Junior college (AA)","In CBSA, not in central city","NO","3: Mother","NO","NO","NO","NO","YES","0: 0  CONDITION DOES NOT APPLY","ALWAYS WITH RIGHT HAND","ALWAYS WITH RIGHT HAND","ALWAYS WITH RIGHT HAND","ALWAYS WITH RIGHT HAND","ALWAYS WITH LEFT HAND","1: 1  CONDITION APPLIES","1: 1  CONDITION APPLIES","NO","MALE","MALE"
1983,64735,4,0,1,33790,5,225,1,1,2,4,6,5,2,2,1,1,1,7,1,7,1,1,36,57,"Male","Non-Black / Non-Hispanic","South (AL, AR, DE, DC, FL, GA, KY, LA, MD, MS, NC, OK, SC, TN , TX, VA, WV)","High school diploma (Regular 12 year program)","In CBSA, not in central city","YES","3: Mother","YES","YES","NO","NO","YES","0: 0  CONDITION DOES NOT APPLY","ALWAYS WITH RIGHT HAND","ALWAYS WITH RIGHT HAND","ALWAYS WITH RIGHT HAND","ALWAYS WITH RIGHT HAND","ALWAYS WITH LEFT HAND","1: 1  CONDITION APPLIES","1: 1  CONDITION APPLIES","NO","FEMALE","MALE"
1984,64735,3,0,2,33790,5,182,1,1,2,2,3,4,2,2,1,2,1,4,3,7,1,1,30,21,"Female","Black","South (AL, AR, DE, DC, FL, GA, KY, LA, MD, MS, NC, OK, SC, TN , TX, VA, WV)","Professional degree (DDS, JD, MD)","In CBSA, in central city","NO","3: Mother","NO","NO","NO","NO","YES","0: 0  CONDITION DOES NOT APPLY","ALWAYS WITH RIGHT HAND","ALWAYS WITH RIGHT HAND","ALWAYS WITH RIGHT HAND","ALWAYS WITH RIGHT HAND","ALWAYS WITH LEFT HAND","1: 1  CONDITION APPLIES","1: 1  CONDITION APPLIES","NO","FEMALE","FEMALE"
1983,64735,5,0,2,33790,5,181,1,2,1,3,5,4,1,2,1,2,1,4,3,6,1,1,26,1,"Female","Black","South (AL, AR, DE, DC, FL, GA, KY, LA, MD, MS, NC, OK, SC, TN , TX, VA, WV)","High school diploma (Regular 12 year program)","In CBSA, not in central city","NO","3: Mother","NO","YES","NO","NO","YES","0: 0  CONDITION DOES NOT APPLY","ALWAYS WITH RIGHT HAND","ALWAYS WITH RIGHT HAND","ALWAYS WITH RIGHT HAND","ALWAYS WITH RIGHT HAND","ALWAYS WITH LEFT HAND","1: 1  CONDITION APPLIES","0: 0  CONDITION DOES NOT APPLY","NO","FEMALE","FEMALE"
1982,64735,3,0,2,33790,5,182,1,1,3,2,3,6,2,2,1,2,1,5,3,7,1,1,29,20,"Female","Non-Black / Non-Hispanic","South (AL, AR, DE, DC, FL, GA, KY, LA, MD, MS, NC, OK, SC, TN , TX, VA, WV)","GED","In CBSA, not in central city","NO","3: Mother","YES","NO","NO","NO","YES","0: 0  CONDITION DOES NOT APPLY","ALWAYS WITH RIGHT HAND","ALWAYS WITH RIGHT HAND","ALWAYS WITH RIGHT HAND","ALWAYS WITH RIGHT HAND","ALWAYS WITH RIGHT HAND","0: 0  CONDITION DOES NOT APPLY","1: 1  CONDITION APPLIES","NO","FEMALE","MALE"
1980,64735,4,0,4,33790,5,182,1,2,5,3,2,6,2,2,1,2,1,6,4,6,1,1,30,20,"Female","Non-Black / Non-Hispanic","South (AL, AR, DE, DC, FL, GA, KY, LA, MD, MS, NC, OK, SC, TN , TX, VA, WV)","GED","In CBSA, not in central city","NO","3: Mother","YES","NO","NO","NO","YES","0: 0  CONDITION DOES NOT APPLY","ALWAYS WITH RIGHT HAND","ALWAYS WITH RIGHT HAND","ALWAYS WITH RIGHT HAND","ALWAYS WITH RIGHT HAND","ALWAYS WITH LEFT HAND","1: 1  CONDITION APPLIES","1: 1  CONDITION APPLIES","YES","MALE","MALE"
1985,122000,6,0,5,33790,5,210,1,2,1,4,3,3,1,2,2,2,1,4,7,7,1,1,59,23,"Male","Black","South (AL, AR, DE, DC, FL, GA, KY, LA, MD, MS, NC, OK, SC, TN , TX, VA, WV)","High school diploma (Regular 12 year program)","In CBSA, in central city","YES","3: Mother","YES","YES","NO","NO","YES","0: 0  CONDITION DOES NOT APPLY","ALWAYS WITH RIGHT HAND","ALWAYS WITH RIGHT HAND","ALWAYS WITH RIGHT HAND","ALWAYS WITH RIGHT HAND","ALWAYS WITH LEFT HAND","0: 0  CONDITION DOES NOT APPLY","1: 1  CONDITION APPLIES","NO","MALE","MALE"
1982,64735,4,1,1,33790,5,184,1,3,3,4,2,4,1,2,1,1,1,1,4,7,1,1,29,22,"Male","Hispanic","South (AL, AR, DE, DC, FL, GA, KY, LA, MD, MS, NC, OK, SC, TN , TX, VA, WV)","GED","Not in CBSA","NO","3: Mother","NO","YES","NO","NO","NO","0: 0  CONDITION DOES NOT APPLY","ALWAYS WITH RIGHT HAND","ALWAYS WITH RIGHT HAND","ALWAYS WITH RIGHT HAND","ALWAYS WITH RIGHT HAND","ALWAYS WITH LEFT HAND","1: 1  CONDITION APPLIES","1: 1  CONDITION APPLIES","NO","FEMALE","MALE"
1984,35948,3,1,1,33790,5,186,1,2,3,5,2,4,2,2,1,2,1,5,1,7,1,1,31,21,"Female","Black","South (AL, AR, DE, DC, FL, GA, KY, LA, MD, MS, NC, OK, SC, TN , TX, VA, WV)","High school diploma (Regular 12 year program)","In CBSA, not in central city","NO","3: Mother","NO","NO","NO","NO","YES","0: 0  CONDITION DOES NOT APPLY","ALWAYS WITH RIGHT HAND","ALWAYS WITH RIGHT HAND","ALWAYS WITH RIGHT HAND","ALWAYS WITH RIGHT HAND","ALWAYS WITH LEFT HAND","1: 1  CONDITION APPLIES","0: 0  CONDITION DOES NOT APPLY","NO","FEMALE","MALE"
1983,64735,2,1,1,25000,5,182,1,1,1,2,8,2,2,2,1,2,1,5,6,7,1,1,34,19,"Female","Hispanic","North Central (IL, IN, IA, KS, MI, MN, MO, NE, OH, ND, SD, WI)","Associate/Junior college (AA)","In CBSA, not in central city","NO","3: Mother","NO","NO","NO","NO","NO","0: 0  CONDITION DOES NOT APPLY","ALWAYS WITH RIGHT HAND","ALWAYS WITH RIGHT HAND","ALWAYS WITH RIGHT HAND","ALWAYS WITH RIGHT HAND","USUALLY WITH LEFT HAND","1: 1  CONDITION APPLIES","1: 1  CONDITION APPLIES","NO","MALE","MALE"
1983,64735,5,0,3,33790,5,184,2,2,2,5,2,4,2,2,1,1,1,3,3,6,1,1,35,24,"Female","Black","South (AL, AR, DE, DC, FL, GA, KY, LA, MD, MS, NC, OK, SC, TN , TX, VA, WV)","None","In CBSA, not in central city","YES","3: Mother","YES","YES","NO","NO","YES","0: 0  CONDITION DOES NOT APPLY","ALWAYS WITH RIGHT HAND","ALWAYS WITH RIGHT HAND","ALWAYS WITH RIGHT HAND","ALWAYS WITH RIGHT HAND","ALWAYS WITH LEFT HAND","1: 1  CONDITION APPLIES","1: 1  CONDITION APPLIES","NO","FEMALE","FEMALE"
1981,64735,3,0,1,33790,5,182,1,2,1,4,2,7,2,2,1,1,1,6,2,6,1,1,31,20,"Female","Non-Black / Non-Hispanic","South (AL, AR, DE, DC, FL, GA, KY, LA, MD, MS, NC, OK, SC, TN , TX, VA, WV)","Bachelor's degree (BA, BS)","In CBSA, not in central city","NO","3: Mother","NO","NO","YES","NO","YES","0: 0  CONDITION DOES NOT APPLY","ALWAYS WITH RIGHT HAND","ALWAYS WITH LEFT HAND","ALWAYS WITH RIGHT HAND","ALWAYS WITH RIGHT HAND","ALWAYS WITH LEFT HAND","1: 1  CONDITION APPLIES","1: 1  CONDITION APPLIES","NO","MALE","MALE"
1980,64735,4,0,3,33790,5,184,1,3,3,3,4,4,1,2,2,2,1,7,2,5,1,1,31,20,"Male","Black","West (AK, AZ, CA, CO, HI, ID, MT, NV, NM, OR, UT, WA, WY)","High school diploma (Regular 12 year program)","In CBSA, not in central city","NO","3: Mother","YES","NO","NO","NO","NO","0: 0  CONDITION DOES NOT APPLY","ALWAYS WITH RIGHT HAND","ALWAYS WITH RIGHT HAND","USUALLY WITH BOTH HANDS EQUALLY","ALWAYS WITH RIGHT HAND","ALWAYS WITH LEFT HAND","1: 1  CONDITION APPLIES","1: 1  CONDITION APPLIES","NO","FEMALE","FEMALE"
1981,64735,3,1,4,33790,5,189,1,3,2,5,3,1,2,2,1,2,2,8,1,7,1,1,31,17,"Male","Black","West (AK, AZ, CA, CO, HI, ID, MT, NV, NM, OR, UT, WA, WY)","High school diploma (Regular 12 year program)","In CBSA, not in central city","NO","3: Mother","YES","YES","NO","NO","NO","0: 0  CONDITION DOES NOT APPLY","ALWAYS WITH RIGHT HAND","ALWAYS WITH RIGHT HAND","ALWAYS WITH RIGHT HAND","ALWAYS WITH RIGHT HAND","ALWAYS WITH LEFT HAND","1: 1  CONDITION APPLIES","1: 1  CONDITION APPLIES","NO","FEMALE","FEMALE"
1983,64735,4,1,2,33790,5,225,1,1,4,4,2,2,2,2,2,1,1,4,2,6,1,1,32,24,"Male","Black","South (AL, AR, DE, DC, FL, GA, KY, LA, MD, MS, NC, OK, SC, TN , TX, VA, WV)","High school diploma (Regular 12 year program)","In CBSA, not in central city","YES","3: Mother","NO","YES","NO","NO","NO","0: 0  CONDITION DOES NOT APPLY","ALWAYS WITH RIGHT HAND","ALWAYS WITH RIGHT HAND","ALWAYS WITH RIGHT HAND","ALWAYS WITH RIGHT HAND","ALWAYS WITH RIGHT HAND","1: 1  CONDITION APPLIES","1: 1  CONDITION APPLIES","NO","MALE","FEMALE"
1982,64735,4,0,3,33790,5,181,2,2,1,3,3,4,2,1,1,2,1,3,9,8,1,1,9,16,"Male","Black","South (AL, AR, DE, DC, FL, GA, KY, LA, MD, MS, NC, OK, SC, TN , TX, VA, WV)","GED","In CBSA, not in central city","NO","3: Mother","NO","YES","NO","NO","NO","0: 0  CONDITION DOES NOT APPLY","ALWAYS WITH RIGHT HAND","ALWAYS WITH RIGHT HAND","ALWAYS WITH RIGHT HAND","ALWAYS WITH RIGHT HAND","ALWAYS WITH LEFT HAND","1: 1  CONDITION APPLIES","0: 0  CONDITION DOES NOT APPLY","NO","FEMALE","MALE"
1983,64735,5,1,2,33790,5,180,1,1,3,3,7,4,2,2,2,2,1,2,3,8,1,1,10,17,"Female","Black","Northeast (CT, ME, MA, NH, NJ, NY, PA, RI, VT)","GED","In CBSA, not in central city","NO","3: Mother","NO","YES","NO","NO","YES","0: 0  CONDITION DOES NOT APPLY","ALWAYS WITH RIGHT HAND","ALWAYS WITH RIGHT HAND","ALWAYS WITH RIGHT HAND","ALWAYS WITH RIGHT HAND","ALWAYS WITH LEFT HAND","1: 1  CONDITION APPLIES","1: 1  CONDITION APPLIES","YES","FEMALE","FEMALE"
1982,64735,5,2,3,33790,5,182,2,2,1,6,3,2,1,2,1,2,1,6,2,6,1,1,25,14,"Female","Non-Black / Non-Hispanic","North Central (IL, IN, IA, KS, MI, MN, MO, NE, OH, ND, SD, WI)","Bachelor's degree (BA, BS)","In CBSA, in central city","NO","3: Mother","NO","NO","NO","NO","YES","0: 0  CONDITION DOES NOT APPLY","ALWAYS WITH RIGHT HAND","ALWAYS WITH RIGHT HAND","ALWAYS WITH RIGHT HAND","ALWAYS WITH RIGHT HAND","ALWAYS WITH LEFT HAND","1: 1  CONDITION APPLIES","1: 1  CONDITION APPLIES","NO","FEMALE","FEMALE"
1984,64735,3,0,2,33790,6,187,1,1,1,5,4,3,2,2,1,2,2,4,6,5,1,1,32,20,"Male","Black","South (AL, AR, DE, DC, FL, GA, KY, LA, MD, MS, NC, OK, SC, TN , TX, VA, WV)","High school diploma (Regular 12 year program)","In CBSA, in central city","YES","3: Mother","NO","YES","NO","NO","NO","0: 0  CONDITION DOES NOT APPLY","ALWAYS WITH RIGHT HAND","ALWAYS WITH RIGHT HAND","ALWAYS WITH LEFT HAND","ALWAYS WITH RIGHT HAND","ALWAYS WITH LEFT HAND","1: 1  CONDITION APPLIES","1: 1  CONDITION APPLIES","NO","FEMALE","FEMALE"
1982,64735,3,1,1,33790,5,183,1,2,4,4,3,1,2,2,2,2,1,6,3,7,1,1,27,5,"Female","Black","North Central (IL, IN, IA, KS, MI, MN, MO, NE, OH, ND, SD, WI)","Associate/Junior college (AA)","In CBSA, not in central city","NO","3: Mother","NO","NO","NO","NO","NO","0: 0  CONDITION DOES NOT APPLY","ALWAYS WITH RIGHT HAND","ALWAYS WITH RIGHT HAND","ALWAYS WITH RIGHT HAND","ALWAYS WITH RIGHT HAND","ALWAYS WITH LEFT HAND","1: 1  CONDITION APPLIES","1: 1  CONDITION APPLIES","NO","FEMALE","MALE"
1984,64735,5,0,1,33790,5,178,1,1,1,1,2,4,2,2,1,1,1,3,2,6,1,1,35,27,"Male","Non-Black / Non-Hispanic","South (AL, AR, DE, DC, FL, GA, KY, LA, MD, MS, NC, OK, SC, TN , TX, VA, WV)","Bachelor's degree (BA, BS)","In CBSA, not in central city","YES","3: Mother","NO","YES","NO","NO","YES","0: 0  CONDITION DOES NOT APPLY","ALWAYS WITH RIGHT HAND","USUALLY WITH RIGHT HAND","ALWAYS WITH RIGHT HAND","USUALLY WITH RIGHT HAND","ALWAYS WITH LEFT HAND","1: 1  CONDITION APPLIES","1: 1  CONDITION APPLIES","NO","FEMALE","MALE"
1984,70000,2,0,4,33790,6,185,1,3,1,3,2,2,2,2,2,3,2,5,1,6,1,5,30,29,"Female","Black","South (AL, AR, DE, DC, FL, GA, KY, LA, MD, MS, NC, OK, SC, TN , TX, VA, WV)","High school diploma (Regular 12 year program)","In CBSA, in central city","NO","3: Mother","YES","YES","NO","NO","YES","0: 0  CONDITION DOES NOT APPLY","ALWAYS WITH RIGHT HAND","ALWAYS WITH RIGHT HAND","ALWAYS WITH RIGHT HAND","ALWAYS WITH RIGHT HAND","ALWAYS WITH LEFT HAND","1: 1  CONDITION APPLIES","1: 1  CONDITION APPLIES","YES","FEMALE","FEMALE"
1982,64735,4,1,4,33790,5,183,1,1,1,3,2,3,2,2,2,2,2,6,2,6,1,1,26,7,"Male","Black","North Central (IL, IN, IA, KS, MI, MN, MO, NE, OH, ND, SD, WI)","Bachelor's degree (BA, BS)","In CBSA, not in central city","NO","3: Mother","NO","NO","NO","NO","YES","0: 0  CONDITION DOES NOT APPLY","ALWAYS WITH RIGHT HAND","ALWAYS WITH RIGHT HAND","ALWAYS WITH RIGHT HAND","ALWAYS WITH RIGHT HAND","ALWAYS WITH LEFT HAND","1: 1  CONDITION APPLIES","1: 1  CONDITION APPLIES","NO","FEMALE","FEMALE"
1984,64735,4,2,1,33790,5,170,2,1,1,4,2,4,2,2,2,1,1,6,3,6,1,1,34,22,"Female","Non-Black / Non-Hispanic","North Central (IL, IN, IA, KS, MI, MN, MO, NE, OH, ND, SD, WI)","High school diploma (Regular 12 year program)","In CBSA, not in central city","NO","3: Mother","NO","NO","NO","NO","YES","0: 0  CONDITION DOES NOT APPLY","ALWAYS WITH RIGHT HAND","ALWAYS WITH RIGHT HAND","ALWAYS WITH RIGHT HAND","ALWAYS WITH RIGHT HAND","ALWAYS WITH LEFT HAND","1: 1  CONDITION APPLIES","1: 1  CONDITION APPLIES","NO","FEMALE","FEMALE"
1984,64735,3,0,3,33790,5,185,1,1,3,3,2,4,2,2,1,1,2,3,2,8,1,1,2,13,"Male","Non-Black / Non-Hispanic","Northeast (CT, ME, MA, NH, NJ, NY, PA, RI, VT)","High school diploma (Regular 12 year program)","In CBSA, not in central city","NO","3: Mother","YES","YES","NO","NO","NO","0: 0  CONDITION DOES NOT APPLY","ALWAYS WITH RIGHT HAND","ALWAYS WITH RIGHT HAND","ALWAYS WITH RIGHT HAND","ALWAYS WITH RIGHT HAND","ALWAYS WITH LEFT HAND","1: 1  CONDITION APPLIES","1: 1  CONDITION APPLIES","NO","FEMALE","MALE"
1982,64735,3,0,3,4600,5,180,1,1,2,4,5,5,1,2,1,1,1,7,2,6,1,1,78,31,"Female","Non-Black / Non-Hispanic","South (AL, AR, DE, DC, FL, GA, KY, LA, MD, MS, NC, OK, SC, TN , TX, VA, WV)","High school diploma (Regular 12 year program)","In CBSA, not in central city","YES","3: Mother","NO","NO","NO","NO","YES","0: 0  CONDITION DOES NOT APPLY","ALWAYS WITH RIGHT HAND","ALWAYS WITH RIGHT HAND","ALWAYS WITH RIGHT HAND","ALWAYS WITH RIGHT HAND","ALWAYS WITH RIGHT HAND","1: 1  CONDITION APPLIES","1: 1  CONDITION APPLIES","NO","FEMALE","MALE"
1981,64735,5,1,2,33790,5,175,1,1,5,4,2,3,2,2,2,1,1,5,2,8,1,1,28,20,"Male","Hispanic","West (AK, AZ, CA, CO, HI, ID, MT, NV, NM, OR, UT, WA, WY)","High school diploma (Regular 12 year program)","In CBSA, not in central city","NO","3: Mother","YES","NO","YES","NO","NO","0: 0  CONDITION DOES NOT APPLY","ALWAYS WITH RIGHT HAND","ALWAYS WITH RIGHT HAND","ALWAYS WITH RIGHT HAND","ALWAYS WITH RIGHT HAND","ALWAYS WITH LEFT HAND","1: 1  CONDITION APPLIES","1: 1  CONDITION APPLIES","YES","FEMALE","MALE"
1982,64735,2,0,1,33790,5,183,1,1,2,5,2,2,2,1,2,1,1,2,3,7,1,1,31,20,"Male","Black","South (AL, AR, DE, DC, FL, GA, KY, LA, MD, MS, NC, OK, SC, TN , TX, VA, WV)","High school diploma (Regular 12 year program)","In CBSA, not in central city","NO","3: Mother","NO","YES","NO","NO","YES","0: 0  CONDITION DOES NOT APPLY","ALWAYS WITH RIGHT HAND","ALWAYS WITH RIGHT HAND","ALWAYS WITH RIGHT HAND","ALWAYS WITH RIGHT HAND","ALWAYS WITH LEFT HAND","1: 1  CONDITION APPLIES","1: 1  CONDITION APPLIES","NO","FEMALE","MALE"
1981,64735,4,1,1,33790,5,182,2,2,4,4,4,2,1,2,1,2,1,4,2,6,1,1,31,22,"Female","Non-Black / Non-Hispanic","Northeast (CT, ME, MA, NH, NJ, NY, PA, RI, VT)","High school diploma (Regular 12 year program)","In CBSA, not in central city","NO","3: Mother","YES","NO","NO","NO","YES","0: 0  CONDITION DOES NOT APPLY","ALWAYS WITH RIGHT HAND","ALWAYS WITH RIGHT HAND","ALWAYS WITH RIGHT HAND","ALWAYS WITH RIGHT HAND","ALWAYS WITH LEFT HAND","1: 1  CONDITION APPLIES","1: 1  CONDITION APPLIES","NO","FEMALE","MALE"
1982,64735,4,0,4,33790,5,135,1,1,2,5,2,5,2,2,1,2,1,3,2,7,1,1,32,27,"Female","Non-Black / Non-Hispanic","South (AL, AR, DE, DC, FL, GA, KY, LA, MD, MS, NC, OK, SC, TN , TX, VA, WV)","None","In CBSA, not in central city","YES","3: Mother","NO","NO","NO","NO","YES","0: 0  CONDITION DOES NOT APPLY","ALWAYS WITH RIGHT HAND","ALWAYS WITH RIGHT HAND","ALWAYS WITH RIGHT HAND","ALWAYS WITH RIGHT HAND","ALWAYS WITH RIGHT HAND","1: 1  CONDITION APPLIES","1: 1  CONDITION APPLIES","NO","FEMALE","MALE"
1980,64735,3,0,3,33790,5,198,2,1,2,2,2,4,2,1,1,2,1,2,1,7,1,2,5,19,"Female","Black","South (AL, AR, DE, DC, FL, GA, KY, LA, MD, MS, NC, OK, SC, TN , TX, VA, WV)","High school diploma (Regular 12 year program)","In CBSA, in central city","NO","3: Mother","YES","YES","NO","NO","YES","0: 0  CONDITION DOES NOT APPLY","DON'T DO THIS ACTIVITY","ALWAYS WITH RIGHT HAND","ALWAYS WITH RIGHT HAND","ALWAYS WITH RIGHT HAND","ALWAYS WITH LEFT HAND","1: 1  CONDITION APPLIES","1: 1  CONDITION APPLIES","NO","MALE","MALE"
1987,64735,3,0,3,33790,5,181,1,1,1,3,2,4,2,2,2,2,1,5,2,7,1,2,34,24,"Male","Black","South (AL, AR, DE, DC, FL, GA, KY, LA, MD, MS, NC, OK, SC, TN , TX, VA, WV)","High school diploma (Regular 12 year program)","In CBSA, not in central city","NO","3: Mother","YES","NO","YES","NO","NO","0: 0  CONDITION DOES NOT APPLY","ALWAYS WITH RIGHT HAND","ALWAYS WITH RIGHT HAND","ALWAYS WITH RIGHT HAND","ALWAYS WITH RIGHT HAND","ALWAYS WITH LEFT HAND","1: 1  CONDITION APPLIES","1: 1  CONDITION APPLIES","NO","FEMALE","FEMALE"
1984,64735,3,0,2,33790,5,184,1,1,1,3,2,1,2,1,1,1,1,2,2,7,1,1,48,56,"Female","Hispanic","South (AL, AR, DE, DC, FL, GA, KY, LA, MD, MS, NC, OK, SC, TN , TX, VA, WV)","None","In CBSA, in central city","YES","3: Mother","NO","YES","NO","NO","NO","0: 0  CONDITION DOES NOT APPLY","ALWAYS WITH RIGHT HAND","USUALLY WITH BOTH HANDS EQUALLY","ALWAYS WITH RIGHT HAND","ALWAYS WITH RIGHT HAND","USUALLY WITH BOTH HANDS EQUALLY","1: 1  CONDITION APPLIES","1: 1  CONDITION APPLIES","NO","FEMALE","MALE"
1981,64735,3,0,4,33790,7,193,1,2,3,6,3,5,2,1,1,1,1,3,2,3,1,1,38,29,"Male","Black","South (AL, AR, DE, DC, FL, GA, KY, LA, MD, MS, NC, OK, SC, TN , TX, VA, WV)","High school diploma (Regular 12 year program)","In CBSA, not in central city","YES","3: Mother","NO","YES","YES","NO","NO","0: 0  CONDITION DOES NOT APPLY","ALWAYS WITH LEFT HAND","ALWAYS WITH RIGHT HAND","ALWAYS WITH RIGHT HAND","USUALLY WITH BOTH HANDS EQUALLY","ALWAYS WITH LEFT HAND","1: 1  CONDITION APPLIES","1: 1  CONDITION APPLIES","NO","FEMALE","MALE"
1983,64735,3,1,1,33790,5,179,1,1,2,2,3,2,2,2,1,1,1,2,2,8,1,1,33,23,"Female","Black","South (AL, AR, DE, DC, FL, GA, KY, LA, MD, MS, NC, OK, SC, TN , TX, VA, WV)","High school diploma (Regular 12 year program)","In CBSA, not in central city","NO","3: Mother","NO","YES","NO","NO","YES","0: 0  CONDITION DOES NOT APPLY","ALWAYS WITH RIGHT HAND","ALWAYS WITH RIGHT HAND","ALWAYS WITH RIGHT HAND","ALWAYS WITH RIGHT HAND","ALWAYS WITH LEFT HAND","1: 1  CONDITION APPLIES","1: 1  CONDITION APPLIES","NO","MALE","MALE"
1980,64735,7,1,2,33790,5,182,1,2,2,3,2,5,2,2,1,2,1,6,2,5,1,1,32,17,"Female","Black","South (AL, AR, DE, DC, FL, GA, KY, LA, MD, MS, NC, OK, SC, TN , TX, VA, WV)","High school diploma (Regular 12 year program)","In CBSA, not in central city","NO","5: Adoptive Mother","YES","YES","NO","NO","NO","0: 0  CONDITION DOES NOT APPLY","ALWAYS WITH RIGHT HAND","ALWAYS WITH RIGHT HAND","ALWAYS WITH RIGHT HAND","ALWAYS WITH RIGHT HAND","ALWAYS WITH LEFT HAND","1: 1  CONDITION APPLIES","1: 1  CONDITION APPLIES","NO","FEMALE","MALE"
1984,64735,2,0,2,33790,5,184,1,1,1,5,3,5,2,1,2,2,2,6,3,5,1,1,33,21,"Female","Black","South (AL, AR, DE, DC, FL, GA, KY, LA, MD, MS, NC, OK, SC, TN , TX, VA, WV)","High school diploma (Regular 12 year program)","In CBSA, in central city","NO","3: Mother","NO","YES","NO","NO","YES","0: 0  CONDITION DOES NOT APPLY","ALWAYS WITH RIGHT HAND","ALWAYS WITH RIGHT HAND","ALWAYS WITH RIGHT HAND","ALWAYS WITH RIGHT HAND","ALWAYS WITH LEFT HAND","1: 1  CONDITION APPLIES","1: 1  CONDITION APPLIES","NO","MALE","MALE"
1983,64735,4,0,2,33790,5,181,1,2,1,4,5,6,2,2,1,2,1,1,5,7,1,1,55,29,"Male","Non-Black / Non-Hispanic","South (AL, AR, DE, DC, FL, GA, KY, LA, MD, MS, NC, OK, SC, TN , TX, VA, WV)","None","In CBSA, in central city","YES","3: Mother","YES","YES","NO","NO","NO","0: 0  CONDITION DOES NOT APPLY","ALWAYS WITH RIGHT HAND","ALWAYS WITH RIGHT HAND","ALWAYS WITH RIGHT HAND","ALWAYS WITH RIGHT HAND","ALWAYS WITH LEFT HAND","1: 1  CONDITION APPLIES","1: 1  CONDITION APPLIES","NO","FEMALE","MALE"
1983,64735,2,0,1,33790,5,167,2,1,3,3,2,6,2,2,2,1,1,4,2,6,1,1,32,24,"Female","Black","South (AL, AR, DE, DC, FL, GA, KY, LA, MD, MS, NC, OK, SC, TN , TX, VA, WV)","High school diploma (Regular 12 year program)","In CBSA, in central city","NO","3: Mother","NO","YES","NO","NO","NO","0: 0  CONDITION DOES NOT APPLY","ALWAYS WITH RIGHT HAND","ALWAYS WITH RIGHT HAND","ALWAYS WITH RIGHT HAND","ALWAYS WITH RIGHT HAND","ALWAYS WITH LEFT HAND","1: 1  CONDITION APPLIES","1: 1  CONDITION APPLIES","NO","FEMALE","MALE"
1981,64735,3,0,2,33790,5,184,1,2,3,4,2,3,2,2,1,2,2,1,6,7,1,1,27,22,"Male","Black","West (AK, AZ, CA, CO, HI, ID, MT, NV, NM, OR, UT, WA, WY)","GED","In CBSA, not in central city","NO","3: Mother","YES","YES","NO","NO","YES","0: 0  CONDITION DOES NOT APPLY","ALWAYS WITH RIGHT HAND","ALWAYS WITH RIGHT HAND","ALWAYS WITH RIGHT HAND","ALWAYS WITH RIGHT HAND","ALWAYS WITH LEFT HAND","1: 1  CONDITION APPLIES","1: 1  CONDITION APPLIES","NO","FEMALE","MALE"
1984,64735,5,1,3,33790,6,184,1,1,1,3,3,5,2,2,1,2,1,2,2,7,1,1,35,30,"Male","Black","South (AL, AR, DE, DC, FL, GA, KY, LA, MD, MS, NC, OK, SC, TN , TX, VA, WV)","Professional degree (DDS, JD, MD)","In CBSA, not in central city","YES","3: Mother","NO","NO","NO","NO","YES","0: 0  CONDITION DOES NOT APPLY","ALWAYS WITH RIGHT HAND","ALWAYS WITH RIGHT HAND","ALWAYS WITH RIGHT HAND","ALWAYS WITH RIGHT HAND","ALWAYS WITH LEFT HAND","1: 1  CONDITION APPLIES","1: 1  CONDITION APPLIES","NO","MALE","MALE"
1982,64735,1,0,3,33790,6,183,1,1,2,3,1,4,2,1,1,1,1,4,2,8,1,1,28,9,"Male","Non-Black / Non-Hispanic","South (AL, AR, DE, DC, FL, GA, KY, LA, MD, MS, NC, OK, SC, TN , TX, VA, WV)","High school diploma (Regular 12 year program)","In CBSA, not in central city","NO","3: Mother","NO","NO","YES","NO","YES","0: 0  CONDITION DOES NOT APPLY","ALWAYS WITH RIGHT HAND","ALWAYS WITH RIGHT HAND","ALWAYS WITH RIGHT HAND","ALWAYS WITH RIGHT HAND","ALWAYS WITH LEFT HAND","0: 0  CONDITION DOES NOT APPLY","1: 1  CONDITION APPLIES","NO","MALE","MALE"
1981,64735,4,0,1,33790,5,135,2,2,3,3,4,5,2,2,1,2,1,5,1,7,1,1,32,21,"Male","Non-Black / Non-Hispanic","South (AL, AR, DE, DC, FL, GA, KY, LA, MD, MS, NC, OK, SC, TN , TX, VA, WV)","Bachelor's degree (BA, BS)","In CBSA, not in central city","NO","3: Mother","YES","NO","NO","NO","YES","0: 0  CONDITION DOES NOT APPLY","ALWAYS WITH RIGHT HAND","ALWAYS WITH RIGHT HAND","ALWAYS WITH RIGHT HAND","ALWAYS WITH RIGHT HAND","ALWAYS WITH LEFT HAND","1: 1  CONDITION APPLIES","1: 1  CONDITION APPLIES","NO","FEMALE","FEMALE"
1982,64735,3,0,2,33790,6,181,1,1,4,3,3,4,2,1,1,2,1,5,3,7,1,1,32,24,"Male","Black","West (AK, AZ, CA, CO, HI, ID, MT, NV, NM, OR, UT, WA, WY)","GED","In CBSA, not in central city","NO","3: Mother","YES","NO","NO","NO","NO","0: 0  CONDITION DOES NOT APPLY","ALWAYS WITH RIGHT HAND","ALWAYS WITH RIGHT HAND","ALWAYS WITH RIGHT HAND","ALWAYS WITH RIGHT HAND","ALWAYS WITH LEFT HAND","1: 1  CONDITION APPLIES","1: 1  CONDITION APPLIES","NO","MALE","MALE"
1981,64735,3,1,4,1000,6,187,2,2,2,5,5,1,2,1,2,2,1,4,4,4,1,2,37,20,"Male","Non-Black / Non-Hispanic","North Central (IL, IN, IA, KS, MI, MN, MO, NE, OH, ND, SD, WI)","High school diploma (Regular 12 year program)","Not in CBSA","NO","3: Mother","NO","YES","NO","YES","YES","0: 0  CONDITION DOES NOT APPLY","ALWAYS WITH RIGHT HAND","USUALLY WITH BOTH HANDS EQUALLY","USUALLY WITH RIGHT HAND","ALWAYS WITH RIGHT HAND","ALWAYS WITH LEFT HAND","1: 1  CONDITION APPLIES","1: 1  CONDITION APPLIES","NO","FEMALE","MALE"
1982,64735,4,1,2,33790,5,182,1,1,4,4,3,3,2,2,2,2,1,6,1,7,1,1,30,21,"Female","Non-Black / Non-Hispanic","South (AL, AR, DE, DC, FL, GA, KY, LA, MD, MS, NC, OK, SC, TN , TX, VA, WV)","High school diploma (Regular 12 year program)","In CBSA, not in central city","NO","3: Mother","YES","NO","NO","NO","YES","0: 0  CONDITION DOES NOT APPLY","ALWAYS WITH RIGHT HAND","ALWAYS WITH RIGHT HAND","ALWAYS WITH RIGHT HAND","ALWAYS WITH RIGHT HAND","ALWAYS WITH LEFT HAND","1: 1  CONDITION APPLIES","1: 1  CONDITION APPLIES","NO","FEMALE","MALE"
1982,64735,4,0,3,33790,5,180,1,2,3,2,5,3,1,2,1,1,1,3,3,7,1,1,26,20,"Male","Hispanic","South (AL, AR, DE, DC, FL, GA, KY, LA, MD, MS, NC, OK, SC, TN , TX, VA, WV)","GED","In CBSA, not in central city","NO","3: Mother","YES","YES","NO","NO","NO","0: 0  CONDITION DOES NOT APPLY","ALWAYS WITH RIGHT HAND","ALWAYS WITH RIGHT HAND","ALWAYS WITH RIGHT HAND","ALWAYS WITH RIGHT HAND","ALWAYS WITH LEFT HAND","1: 1  CONDITION APPLIES","1: 1  CONDITION APPLIES","NO","FEMALE","MALE"
1981,64735,5,0,1,33790,5,180,1,1,1,3,1,3,2,2,1,2,1,3,4,5,1,1,72,36,"Female","Non-Black / Non-Hispanic","South (AL, AR, DE, DC, FL, GA, KY, LA, MD, MS, NC, OK, SC, TN , TX, VA, WV)","High school diploma (Regular 12 year program)","In CBSA, not in central city","YES","3: Mother","YES","NO","YES","NO","YES","0: 0  CONDITION DOES NOT APPLY","ALWAYS WITH RIGHT HAND","ALWAYS WITH RIGHT HAND","ALWAYS WITH RIGHT HAND","USUALLY WITH RIGHT HAND","ALWAYS WITH LEFT HAND","1: 1  CONDITION APPLIES","1: 1  CONDITION APPLIES","NO","FEMALE","FEMALE"
1985,98000,2,0,1,33790,5,179,1,2,3,4,2,4,1,2,1,2,1,6,9,6,2,1,61,30,"Female","Non-Black / Non-Hispanic","South (AL, AR, DE, DC, FL, GA, KY, LA, MD, MS, NC, OK, SC, TN , TX, VA, WV)","High school diploma (Regular 12 year program)","In CBSA, in central city","YES","3: Mother","NO","NO","NO","NO","YES","0: 0  CONDITION DOES NOT APPLY","USUALLY WITH RIGHT HAND","DON'T DO THIS ACTIVITY","DON'T DO THIS ACTIVITY","USUALLY WITH BOTH HANDS EQUALLY","ALWAYS WITH LEFT HAND","1: 1  CONDITION APPLIES","1: 1  CONDITION APPLIES","NO","FEMALE","MALE"
1982,64735,5,1,1,33790,5,156,1,1,2,3,2,7,2,1,2,2,1,3,3,7,1,1,35,25,"Female","Non-Black / Non-Hispanic","Northeast (CT, ME, MA, NH, NJ, NY, PA, RI, VT)","GED","In CBSA, not in central city","YES","3: Mother","NO","YES","NO","NO","YES","0: 0  CONDITION DOES NOT APPLY","ALWAYS WITH RIGHT HAND","ALWAYS WITH RIGHT HAND","ALWAYS WITH RIGHT HAND","ALWAYS WITH RIGHT HAND","ALWAYS WITH LEFT HAND","1: 1  CONDITION APPLIES","1: 1  CONDITION APPLIES","NO","MALE","FEMALE"
1982,64735,4,1,3,33790,5,179,1,1,2,4,2,5,2,2,1,2,1,3,1,7,1,1,26,17,"Male","Non-Black / Non-Hispanic","South (AL, AR, DE, DC, FL, GA, KY, LA, MD, MS, NC, OK, SC, TN , TX, VA, WV)","GED","In CBSA, not in central city","NO","3: Mother","NO","YES","NO","NO","NO","0: 0  CONDITION DOES NOT APPLY","ALWAYS WITH RIGHT HAND","ALWAYS WITH RIGHT HAND","ALWAYS WITH RIGHT HAND","USUALLY WITH BOTH HANDS EQUALLY","ALWAYS WITH LEFT HAND","0: 0  CONDITION DOES NOT APPLY","0: 0  CONDITION DOES NOT APPLY","NO","FEMALE","FEMALE"
1983,64735,6,1,3,33790,5,182,1,2,1,4,2,4,2,2,2,2,2,6,5,8,1,1,28,16,"Male","Non-Black / Non-Hispanic","South (AL, AR, DE, DC, FL, GA, KY, LA, MD, MS, NC, OK, SC, TN , TX, VA, WV)","None","In CBSA, not in central city","NO","3: Mother","NO","YES","NO","NO","NO","0: 0  CONDITION DOES NOT APPLY","ALWAYS WITH RIGHT HAND","ALWAYS WITH RIGHT HAND","ALWAYS WITH RIGHT HAND","ALWAYS WITH RIGHT HAND","ALWAYS WITH LEFT HAND","1: 1  CONDITION APPLIES","1: 1  CONDITION APPLIES","NO","MALE","FEMALE"
1983,64734,5,2,5,17500,5,183,3,2,3,4,3,4,1,2,2,1,1,7,2,7,1,1,14,7,"Female","Non-Black / Non-Hispanic","South (AL, AR, DE, DC, FL, GA, KY, LA, MD, MS, NC, OK, SC, TN , TX, VA, WV)","None","In CBSA, not in central city","NO","3: Mother","YES","YES","NO","NO","NO","0: 0  CONDITION DOES NOT APPLY","ALWAYS WITH RIGHT HAND","ALWAYS WITH RIGHT HAND","ALWAYS WITH RIGHT HAND","ALWAYS WITH RIGHT HAND","ALWAYS WITH LEFT HAND","1: 1  CONDITION APPLIES","1: 1  CONDITION APPLIES","NO","MALE","FEMALE"
1983,64735,4,0,1,33790,5,181,1,1,3,3,4,5,2,2,2,1,1,1,2,7,1,1,31,21,"Female","Non-Black / Non-Hispanic","West (AK, AZ, CA, CO, HI, ID, MT, NV, NM, OR, UT, WA, WY)","Bachelor's degree (BA, BS)","In CBSA, not in central city","NO","3: Mother","YES","NO","NO","NO","YES","1: 1  CONDITION APPLIES","ALWAYS WITH RIGHT HAND","ALWAYS WITH RIGHT HAND","ALWAYS WITH RIGHT HAND","ALWAYS WITH RIGHT HAND","ALWAYS WITH LEFT HAND","1: 1  CONDITION APPLIES","1: 1  CONDITION APPLIES","NO","FEMALE","FEMALE"
1985,64735,2,0,2,33790,6,189,1,1,1,3,1,4,2,1,1,1,1,1,3,7,1,1,35,26,"Male","Non-Black / Non-Hispanic","South (AL, AR, DE, DC, FL, GA, KY, LA, MD, MS, NC, OK, SC, TN , TX, VA, WV)","High school diploma (Regular 12 year program)","In CBSA, not in central city","NO","3: Mother","NO","YES","NO","NO","YES","0: 0  CONDITION DOES NOT APPLY","ALWAYS WITH LEFT HAND","ALWAYS WITH LEFT HAND","ALWAYS WITH RIGHT HAND","ALWAYS WITH LEFT HAND","ALWAYS WITH LEFT HAND","1: 1  CONDITION APPLIES","1: 1  CONDITION APPLIES","NO","FEMALE","FEMALE"
1982,64735,4,0,3,33790,5,180,3,2,3,4,1,2,2,2,1,1,1,5,3,6,1,1,28,23,"Male","Non-Black / Non-Hispanic","South (AL, AR, DE, DC, FL, GA, KY, LA, MD, MS, NC, OK, SC, TN , TX, VA, WV)","None","In CBSA, not in central city","NO","3: Mother","NO","YES","YES","NO","YES","0: 0  CONDITION DOES NOT APPLY","ALWAYS WITH RIGHT HAND","ALWAYS WITH RIGHT HAND","ALWAYS WITH RIGHT HAND","DON'T DO THIS ACTIVITY","ALWAYS WITH LEFT HAND","1: 1  CONDITION APPLIES","1: 1  CONDITION APPLIES","NO","FEMALE","FEMALE"
1984,64735,4,1,2,33790,5,170,2,2,3,4,4,4,1,2,1,2,1,5,4,7,1,1,28,18,"Female","Non-Black / Non-Hispanic","North Central (IL, IN, IA, KS, MI, MN, MO, NE, OH, ND, SD, WI)","High school diploma (Regular 12 year program)","In CBSA, not in central city","NO","3: Mother","YES","NO","NO","NO","YES","0: 0  CONDITION DOES NOT APPLY","ALWAYS WITH LEFT HAND","ALWAYS WITH RIGHT HAND","ALWAYS WITH RIGHT HAND","ALWAYS WITH RIGHT HAND","ALWAYS WITH LEFT HAND","1: 1  CONDITION APPLIES","1: 1  CONDITION APPLIES","NO","MALE","FEMALE"
1982,64735,3,0,3,33790,5,185,1,2,2,2,1,4,2,2,2,1,1,3,2,6,1,1,35,20,"Male","Non-Black / Non-Hispanic","South (AL, AR, DE, DC, FL, GA, KY, LA, MD, MS, NC, OK, SC, TN , TX, VA, WV)","High school diploma (Regular 12 year program)","In CBSA, not in central city","NO","3: Mother","NO","NO","NO","NO","YES","0: 0  CONDITION DOES NOT APPLY","ALWAYS WITH RIGHT HAND","ALWAYS WITH RIGHT HAND","ALWAYS WITH RIGHT HAND","ALWAYS WITH RIGHT HAND","ALWAYS WITH LEFT HAND","1: 1  CONDITION APPLIES","1: 1  CONDITION APPLIES","NO","MALE","FEMALE"
1981,64735,3,1,4,33790,5,185,2,1,2,5,1,6,2,2,1,2,1,5,1,6,1,1,27,6,"Male","Non-Black / Non-Hispanic","West (AK, AZ, CA, CO, HI, ID, MT, NV, NM, OR, UT, WA, WY)","Associate/Junior college (AA)","In CBSA, not in central city","NO","3: Mother","NO","NO","NO","NO","YES","0: 0  CONDITION DOES NOT APPLY","ALWAYS WITH RIGHT HAND","ALWAYS WITH RIGHT HAND","ALWAYS WITH RIGHT HAND","ALWAYS WITH RIGHT HAND","ALWAYS WITH RIGHT HAND","1: 1  CONDITION APPLIES","1: 1  CONDITION APPLIES","NO","MALE","FEMALE"
1980,64735,3,1,2,33790,5,185,3,2,5,4,1,6,2,2,1,2,1,2,7,6,1,2,26,20,"Female","Black","South (AL, AR, DE, DC, FL, GA, KY, LA, MD, MS, NC, OK, SC, TN , TX, VA, WV)","Bachelor's degree (BA, BS)","In CBSA, in central city","YES","3: Mother","NO","YES","YES","NO","YES","0: 0  CONDITION DOES NOT APPLY","ALWAYS WITH RIGHT HAND","ALWAYS WITH RIGHT HAND","ALWAYS WITH RIGHT HAND","ALWAYS WITH RIGHT HAND","ALWAYS WITH LEFT HAND","1: 1  CONDITION APPLIES","1: 1  CONDITION APPLIES","NO","MALE","FEMALE"
1980,64735,3,0,3,33790,5,184,1,1,1,5,3,5,2,2,2,1,1,7,2,6,1,1,29,25,"Female","Non-Black / Non-Hispanic","South (AL, AR, DE, DC, FL, GA, KY, LA, MD, MS, NC, OK, SC, TN , TX, VA, WV)","Associate/Junior college (AA)","In CBSA, in central city","NO","3: Mother","NO","YES","NO","NO","YES","0: 0  CONDITION DOES NOT APPLY","ALWAYS WITH RIGHT HAND","ALWAYS WITH RIGHT HAND","ALWAYS WITH RIGHT HAND","ALWAYS WITH RIGHT HAND","ALWAYS WITH LEFT HAND","1: 1  CONDITION APPLIES","1: 1  CONDITION APPLIES","NO","MALE","FEMALE"
1985,64735,4,0,3,33790,5,182,2,2,4,4,6,5,2,1,2,2,1,6,1,6,1,2,36,54,"Male","Non-Black / Non-Hispanic","South (AL, AR, DE, DC, FL, GA, KY, LA, MD, MS, NC, OK, SC, TN , TX, VA, WV)","Bachelor's degree (BA, BS)","In CBSA, not in central city","YES","3: Mother","YES","NO","NO","NO","YES","0: 0  CONDITION DOES NOT APPLY","ALWAYS WITH RIGHT HAND","ALWAYS WITH RIGHT HAND","ALWAYS WITH RIGHT HAND","ALWAYS WITH RIGHT HAND","USUALLY WITH LEFT HAND","1: 1  CONDITION APPLIES","1: 1  CONDITION APPLIES","NO","FEMALE","MALE"
1983,64735,5,2,1,33790,5,182,1,1,1,3,7,5,2,2,1,2,1,6,2,6,1,1,25,14,"Male","Non-Black / Non-Hispanic","North Central (IL, IN, IA, KS, MI, MN, MO, NE, OH, ND, SD, WI)","Bachelor's degree (BA, BS)","In CBSA, not in central city","NO","3: Mother","NO","YES","NO","NO","YES","0: 0  CONDITION DOES NOT APPLY","ALWAYS WITH RIGHT HAND","ALWAYS WITH RIGHT HAND","ALWAYS WITH RIGHT HAND","ALWAYS WITH RIGHT HAND","ALWAYS WITH LEFT HAND","1: 1  CONDITION APPLIES","1: 1  CONDITION APPLIES","NO","MALE","FEMALE"
1983,64735,3,1,4,34000,5,180,1,1,4,3,2,5,2,2,1,1,1,1,2,7,1,1,28,20,"Female","Black","South (AL, AR, DE, DC, FL, GA, KY, LA, MD, MS, NC, OK, SC, TN , TX, VA, WV)","High school diploma (Regular 12 year program)","In CBSA, not in central city","NO","3: Mother","NO","YES","NO","NO","YES","0: 0  CONDITION DOES NOT APPLY","ALWAYS WITH RIGHT HAND","ALWAYS WITH RIGHT HAND","ALWAYS WITH RIGHT HAND","ALWAYS WITH RIGHT HAND","ALWAYS WITH LEFT HAND","1: 1  CONDITION APPLIES","1: 1  CONDITION APPLIES","NO","FEMALE","MALE"
1982,25000,5,1,2,10000,4,177,1,1,1,4,4,4,2,2,1,1,1,6,1,10,1,1,25,20,"Female","Non-Black / Non-Hispanic","South (AL, AR, DE, DC, FL, GA, KY, LA, MD, MS, NC, OK, SC, TN , TX, VA, WV)","High school diploma (Regular 12 year program)","In CBSA, not in central city","NO","3: Mother","NO","YES","NO","NO","YES","0: 0  CONDITION DOES NOT APPLY","ALWAYS WITH RIGHT HAND","ALWAYS WITH RIGHT HAND","USUALLY WITH BOTH HANDS EQUALLY","ALWAYS WITH RIGHT HAND","ALWAYS WITH LEFT HAND","1: 1  CONDITION APPLIES","1: 1  CONDITION APPLIES","YES","MALE","FEMALE"
1983,64735,2,0,1,33790,5,203,1,1,2,3,2,2,2,2,1,1,1,2,2,7,1,1,35,23,"Female","Non-Black / Non-Hispanic","South (AL, AR, DE, DC, FL, GA, KY, LA, MD, MS, NC, OK, SC, TN , TX, VA, WV)","GED","In CBSA, in central city","NO","3: Mother","NO","YES","NO","NO","YES","0: 0  CONDITION DOES NOT APPLY","ALWAYS WITH RIGHT HAND","ALWAYS WITH RIGHT HAND","ALWAYS WITH LEFT HAND","ALWAYS WITH RIGHT HAND","ALWAYS WITH LEFT HAND","1: 1  CONDITION APPLIES","1: 1  CONDITION APPLIES","NO","FEMALE","FEMALE"
1981,64735,4,0,2,33790,5,190,1,1,6,3,2,4,2,2,1,2,1,6,3,7,1,1,32,22,"Male","Non-Black / Non-Hispanic","South (AL, AR, DE, DC, FL, GA, KY, LA, MD, MS, NC, OK, SC, TN , TX, VA, WV)","High school diploma (Regular 12 year program)","In CBSA, not in central city","NO","3: Mother","NO","NO","NO","NO","YES","0: 0  CONDITION DOES NOT APPLY","ALWAYS WITH RIGHT HAND","ALWAYS WITH RIGHT HAND","ALWAYS WITH RIGHT HAND","ALWAYS WITH RIGHT HAND","ALWAYS WITH LEFT HAND","1: 1  CONDITION APPLIES","1: 1  CONDITION APPLIES","NO","MALE","MALE"
1981,64000,4,1,3,6000,5,183,2,1,3,5,2,4,2,2,2,2,1,5,2,6,1,1,34,21,"Female","Non-Black / Non-Hispanic","South (AL, AR, DE, DC, FL, GA, KY, LA, MD, MS, NC, OK, SC, TN , TX, VA, WV)","High school diploma (Regular 12 year program)","In CBSA, not in central city","YES","3: Mother","NO","NO","NO","NO","YES","0: 0  CONDITION DOES NOT APPLY","DON'T DO THIS ACTIVITY","DON'T DO THIS ACTIVITY","DON'T DO THIS ACTIVITY","DON'T DO THIS ACTIVITY","ALWAYS WITH LEFT HAND","1: 1  CONDITION APPLIES","1: 1  CONDITION APPLIES","NO","FEMALE","FEMALE"
1983,64735,3,0,1,33790,5,183,2,1,2,4,4,4,2,2,1,2,1,6,1,7,1,1,26,19,"Female","Non-Black / Non-Hispanic","South (AL, AR, DE, DC, FL, GA, KY, LA, MD, MS, NC, OK, SC, TN , TX, VA, WV)","Bachelor's degree (BA, BS)","In CBSA, not in central city","NO","3: Mother","NO","NO","NO","NO","YES","0: 0  CONDITION DOES NOT APPLY","ALWAYS WITH RIGHT HAND","ALWAYS WITH RIGHT HAND","ALWAYS WITH RIGHT HAND","ALWAYS WITH RIGHT HAND","ALWAYS WITH LEFT HAND","1: 1  CONDITION APPLIES","1: 1  CONDITION APPLIES","NO","FEMALE","MALE"
1981,64735,3,0,2,33790,5,184,3,2,1,4,1,2,2,2,1,2,1,1,3,6,2,1,29,18,"Female","Non-Black / Non-Hispanic","South (AL, AR, DE, DC, FL, GA, KY, LA, MD, MS, NC, OK, SC, TN , TX, VA, WV)","High school diploma (Regular 12 year program)","In CBSA, not in central city","NO","3: Mother","YES","NO","YES","YES","YES","1: 1  CONDITION APPLIES","ALWAYS WITH RIGHT HAND","ALWAYS WITH RIGHT HAND","DON'T DO THIS ACTIVITY","USUALLY WITH RIGHT HAND","ALWAYS WITH LEFT HAND","1: 1  CONDITION APPLIES","1: 1  CONDITION APPLIES","NO","MALE","FEMALE"
1981,64735,5,1,1,33790,5,181,1,2,3,3,2,4,2,2,1,2,1,3,1,6,1,1,32,20,"Male","Black","West (AK, AZ, CA, CO, HI, ID, MT, NV, NM, OR, UT, WA, WY)","GED","In CBSA, not in central city","NO","3: Mother","YES","NO","NO","NO","NO","0: 0  CONDITION DOES NOT APPLY","ALWAYS WITH RIGHT HAND","ALWAYS WITH RIGHT HAND","ALWAYS WITH RIGHT HAND","ALWAYS WITH RIGHT HAND","ALWAYS WITH LEFT HAND","1: 1  CONDITION APPLIES","1: 1  CONDITION APPLIES","NO","FEMALE","FEMALE"
1982,64735,5,1,4,33790,5,185,1,1,3,4,2,5,2,2,2,2,1,7,4,8,1,1,28,18,"Male","Hispanic","Northeast (CT, ME, MA, NH, NJ, NY, PA, RI, VT)","Associate/Junior college (AA)","In CBSA, in central city","NO","3: Mother","NO","NO","NO","YES","YES","0: 0  CONDITION DOES NOT APPLY","ALWAYS WITH RIGHT HAND","ALWAYS WITH RIGHT HAND","ALWAYS WITH RIGHT HAND","ALWAYS WITH RIGHT HAND","ALWAYS WITH LEFT HAND","1: 1  CONDITION APPLIES","1: 1  CONDITION APPLIES","YES","FEMALE","FEMALE"
1982,64735,4,0,1,33790,5,184,1,3,1,4,4,4,2,1,1,1,1,5,4,7,1,1,35,21,"Male","Mixed Race (Non-Hispanic)","West (AK, AZ, CA, CO, HI, ID, MT, NV, NM, OR, UT, WA, WY)","High school diploma (Regular 12 year program)","In CBSA, not in central city","YES","3: Mother","YES","NO","NO","NO","YES","0: 0  CONDITION DOES NOT APPLY","ALWAYS WITH RIGHT HAND","ALWAYS WITH RIGHT HAND","ALWAYS WITH RIGHT HAND","ALWAYS WITH RIGHT HAND","USUALLY WITH BOTH HANDS EQUALLY","1: 1  CONDITION APPLIES","1: 1  CONDITION APPLIES","NO","FEMALE","MALE"
1983,64735,3,1,2,33790,5,183,1,2,1,1,3,2,1,2,1,2,2,3,3,8,1,1,33,21,"Female","Hispanic","South (AL, AR, DE, DC, FL, GA, KY, LA, MD, MS, NC, OK, SC, TN , TX, VA, WV)","High school diploma (Regular 12 year program)","In CBSA, not in central city","NO","3: Mother","NO","YES","NO","NO","YES","0: 0  CONDITION DOES NOT APPLY","ALWAYS WITH RIGHT HAND","ALWAYS WITH RIGHT HAND","ALWAYS WITH RIGHT HAND","ALWAYS WITH RIGHT HAND","ALWAYS WITH LEFT HAND","1: 1  CONDITION APPLIES","1: 1  CONDITION APPLIES","NO","FEMALE","MALE"
1981,64735,2,0,1,33790,5,187,1,1,1,5,4,6,2,2,2,2,1,5,3,7,1,1,34,20,"Female","Black","South (AL, AR, DE, DC, FL, GA, KY, LA, MD, MS, NC, OK, SC, TN , TX, VA, WV)","High school diploma (Regular 12 year program)","In CBSA, in central city","NO","3: Mother","NO","YES","NO","NO","YES","0: 0  CONDITION DOES NOT APPLY","ALWAYS WITH RIGHT HAND","ALWAYS WITH RIGHT HAND","ALWAYS WITH RIGHT HAND","ALWAYS WITH RIGHT HAND","USUALLY WITH BOTH HANDS EQUALLY","1: 1  CONDITION APPLIES","1: 1  CONDITION APPLIES","NO","FEMALE","MALE"
1983,64735,4,0,1,33790,5,183,1,1,4,3,1,2,2,2,2,2,1,3,3,7,1,1,61,65,"Male","Non-Black / Non-Hispanic","South (AL, AR, DE, DC, FL, GA, KY, LA, MD, MS, NC, OK, SC, TN , TX, VA, WV)","Master's degree (MA, MS)","In CBSA, not in central city","YES","3: Mother","YES","NO","YES","NO","YES","0: 0  CONDITION DOES NOT APPLY","ALWAYS WITH RIGHT HAND","ALWAYS WITH RIGHT HAND","ALWAYS WITH RIGHT HAND","ALWAYS WITH RIGHT HAND","ALWAYS WITH LEFT HAND","1: 1  CONDITION APPLIES","1: 1  CONDITION APPLIES","YES","FEMALE","MALE"
1982,64735,3,1,2,33790,5,180,1,2,2,6,2,6,2,2,1,2,2,4,2,7,1,1,29,20,"Female","Non-Black / Non-Hispanic","Northeast (CT, ME, MA, NH, NJ, NY, PA, RI, VT)","High school diploma (Regular 12 year program)","In CBSA, not in central city","NO","3: Mother","YES","NO","NO","NO","NO","0: 0  CONDITION DOES NOT APPLY","ALWAYS WITH RIGHT HAND","ALWAYS WITH RIGHT HAND","ALWAYS WITH RIGHT HAND","ALWAYS WITH RIGHT HAND","ALWAYS WITH LEFT HAND","0: 0  CONDITION DOES NOT APPLY","0: 0  CONDITION DOES NOT APPLY","YES","MALE","FEMALE"
1984,316618,2,1,4,33790,6,186,1,1,3,6,2,5,2,2,2,2,2,5,2,6,1,1,32,19,"Male","Non-Black / Non-Hispanic","South (AL, AR, DE, DC, FL, GA, KY, LA, MD, MS, NC, OK, SC, TN , TX, VA, WV)","Bachelor's degree (BA, BS)","In CBSA, in central city","YES","3: Mother","YES","NO","NO","NO","YES","0: 0  CONDITION DOES NOT APPLY","ALWAYS WITH RIGHT HAND","ALWAYS WITH RIGHT HAND","USUALLY WITH RIGHT HAND","ALWAYS WITH RIGHT HAND","ALWAYS WITH LEFT HAND","1: 1  CONDITION APPLIES","1: 1  CONDITION APPLIES","NO","FEMALE","FEMALE"
1980,64735,3,0,2,52000,5,182,1,1,3,4,2,4,2,2,1,2,1,6,1,7,1,1,33,22,"Female","Non-Black / Non-Hispanic","South (AL, AR, DE, DC, FL, GA, KY, LA, MD, MS, NC, OK, SC, TN , TX, VA, WV)","High school diploma (Regular 12 year program)","In CBSA, not in central city","NO","3: Mother","YES","NO","NO","NO","YES","0: 0  CONDITION DOES NOT APPLY","ALWAYS WITH RIGHT HAND","ALWAYS WITH RIGHT HAND","ALWAYS WITH RIGHT HAND","ALWAYS WITH RIGHT HAND","ALWAYS WITH LEFT HAND","1: 1  CONDITION APPLIES","1: 1  CONDITION APPLIES","NO","FEMALE","FEMALE"
1983,64735,3,1,1,40000,5,125,1,1,4,4,4,5,1,2,1,1,1,7,3,7,1,1,31,22,"Male","Non-Black / Non-Hispanic","South (AL, AR, DE, DC, FL, GA, KY, LA, MD, MS, NC, OK, SC, TN , TX, VA, WV)","Bachelor's degree (BA, BS)","In CBSA, in central city","NO","3: Mother","NO","NO","NO","NO","NO","0: 0  CONDITION DOES NOT APPLY","ALWAYS WITH RIGHT HAND","ALWAYS WITH RIGHT HAND","ALWAYS WITH RIGHT HAND","ALWAYS WITH RIGHT HAND","ALWAYS WITH LEFT HAND","1: 1  CONDITION APPLIES","1: 1  CONDITION APPLIES","NO","FEMALE","MALE"
1983,64735,2,0,1,33790,5,184,1,1,3,3,5,3,2,2,1,1,1,6,2,6,1,1,31,23,"Male","Non-Black / Non-Hispanic","South (AL, AR, DE, DC, FL, GA, KY, LA, MD, MS, NC, OK, SC, TN , TX, VA, WV)","Bachelor's degree (BA, BS)","In CBSA, not in central city","NO","3: Mother","YES","YES","YES","NO","NO","0: 0  CONDITION DOES NOT APPLY","ALWAYS WITH RIGHT HAND","ALWAYS WITH RIGHT HAND","ALWAYS WITH RIGHT HAND","ALWAYS WITH RIGHT HAND","ALWAYS WITH LEFT HAND","1: 1  CONDITION APPLIES","1: 1  CONDITION APPLIES","NO","FEMALE","MALE"
1982,64735,3,1,4,22000,5,181,2,1,1,2,2,3,2,2,2,1,1,3,4,7,1,1,30,21,"Male","Hispanic","South (AL, AR, DE, DC, FL, GA, KY, LA, MD, MS, NC, OK, SC, TN , TX, VA, WV)","GED","In CBSA, in central city","NO","3: Mother","YES","YES","NO","NO","NO","0: 0  CONDITION DOES NOT APPLY","ALWAYS WITH RIGHT HAND","ALWAYS WITH RIGHT HAND","ALWAYS WITH RIGHT HAND","ALWAYS WITH RIGHT HAND","USUALLY WITH LEFT HAND","0: 0  CONDITION DOES NOT APPLY","1: 1  CONDITION APPLIES","NO","FEMALE","MALE"
1980,64735,4,1,2,1000,5,184,1,2,3,4,2,5,2,2,1,1,1,4,8,7,1,1,25,4,"Female","Non-Black / Non-Hispanic","South (AL, AR, DE, DC, FL, GA, KY, LA, MD, MS, NC, OK, SC, TN , TX, VA, WV)","High school diploma (Regular 12 year program)","In CBSA, not in central city","NO","3: Mother","YES","NO","NO","NO","YES","0: 0  CONDITION DOES NOT APPLY","ALWAYS WITH RIGHT HAND","ALWAYS WITH RIGHT HAND","ALWAYS WITH RIGHT HAND","ALWAYS WITH RIGHT HAND","ALWAYS WITH LEFT HAND","1: 1  CONDITION APPLIES","1: 1  CONDITION APPLIES","NO","FEMALE","FEMALE"
1984,0,1,0,2,33790,5,182,1,2,3,3,2,2,2,2,2,1,1,7,1,8,2,1,31,21,"Male","Non-Black / Non-Hispanic","North Central (IL, IN, IA, KS, MI, MN, MO, NE, OH, ND, SD, WI)","High school diploma (Regular 12 year program)","In CBSA, in central city","NO","3: Mother","YES","NO","NO","NO","YES","1: 1  CONDITION APPLIES","ALWAYS WITH RIGHT HAND","ALWAYS WITH RIGHT HAND","ALWAYS WITH RIGHT HAND","ALWAYS WITH RIGHT HAND","ALWAYS WITH LEFT HAND","1: 1  CONDITION APPLIES","0: 0  CONDITION DOES NOT APPLY","NO","FEMALE","MALE"
1983,64735,4,1,2,33790,5,181,1,1,2,4,2,5,2,2,2,1,1,5,3,8,1,1,27,20,"Female","Non-Black / Non-Hispanic","South (AL, AR, DE, DC, FL, GA, KY, LA, MD, MS, NC, OK, SC, TN , TX, VA, WV)","High school diploma (Regular 12 year program)","In CBSA, in central city","NO","3: Mother","NO","YES","NO","NO","YES","0: 0  CONDITION DOES NOT APPLY","ALWAYS WITH RIGHT HAND","ALWAYS WITH RIGHT HAND","ALWAYS WITH RIGHT HAND","ALWAYS WITH RIGHT HAND","ALWAYS WITH LEFT HAND","1: 1  CONDITION APPLIES","1: 1  CONDITION APPLIES","NO","FEMALE","MALE"
1984,64735,2,1,5,33790,6,186,1,2,2,3,3,7,2,2,2,2,2,2,6,6,1,1,33,22,"Male","Non-Black / Non-Hispanic","South (AL, AR, DE, DC, FL, GA, KY, LA, MD, MS, NC, OK, SC, TN , TX, VA, WV)","High school diploma (Regular 12 year program)","In CBSA, in central city","NO","3: Mother","YES","YES","NO","NO","NO","1: 1  CONDITION APPLIES","ALWAYS WITH RIGHT HAND","ALWAYS WITH RIGHT HAND","ALWAYS WITH RIGHT HAND","ALWAYS WITH RIGHT HAND","ALWAYS WITH LEFT HAND","1: 1  CONDITION APPLIES","1: 1  CONDITION APPLIES","NO","FEMALE","MALE"
1984,64735,1,0,4,33790,5,179,1,2,2,3,5,4,2,2,1,2,2,6,2,6,1,1,32,19,"Female","Non-Black / Non-Hispanic","South (AL, AR, DE, DC, FL, GA, KY, LA, MD, MS, NC, OK, SC, TN , TX, VA, WV)","Bachelor's degree (BA, BS)","In CBSA, in central city","NO","3: Mother","YES","NO","NO","NO","YES","0: 0  CONDITION DOES NOT APPLY","ALWAYS WITH RIGHT HAND","ALWAYS WITH RIGHT HAND","ALWAYS WITH RIGHT HAND","ALWAYS WITH RIGHT HAND","ALWAYS WITH LEFT HAND","1: 1  CONDITION APPLIES","1: 1  CONDITION APPLIES","NO","FEMALE","FEMALE"
1984,64735,5,1,2,33790,5,182,1,1,1,3,3,4,2,2,1,2,1,5,5,6,1,1,31,19,"Male","Hispanic","West (AK, AZ, CA, CO, HI, ID, MT, NV, NM, OR, UT, WA, WY)","GED","In CBSA, not in central city","NO","3: Mother","NO","NO","NO","NO","YES","0: 0  CONDITION DOES NOT APPLY","ALWAYS WITH RIGHT HAND","ALWAYS WITH RIGHT HAND","ALWAYS WITH RIGHT HAND","ALWAYS WITH LEFT HAND","ALWAYS WITH RIGHT HAND","1: 1  CONDITION APPLIES","1: 1  CONDITION APPLIES","YES","MALE","FEMALE"
1981,64735,4,1,2,33790,5,184,2,2,3,5,3,1,1,2,1,2,1,3,9,7,1,1,27,19,"Male","Hispanic","South (AL, AR, DE, DC, FL, GA, KY, LA, MD, MS, NC, OK, SC, TN , TX, VA, WV)","High school diploma (Regular 12 year program)","In CBSA, not in central city","NO","3: Mother","YES","YES","NO","NO","NO","0: 0  CONDITION DOES NOT APPLY","ALWAYS WITH RIGHT HAND","ALWAYS WITH RIGHT HAND","ALWAYS WITH RIGHT HAND","ALWAYS WITH RIGHT HAND","ALWAYS WITH RIGHT HAND","1: 1  CONDITION APPLIES","1: 1  CONDITION APPLIES","NO","FEMALE","FEMALE"
1980,64735,4,0,2,33790,5,181,1,1,3,3,2,2,2,2,2,1,1,6,1,7,1,1,33,23,"Female","Black","South (AL, AR, DE, DC, FL, GA, KY, LA, MD, MS, NC, OK, SC, TN , TX, VA, WV)","High school diploma (Regular 12 year program)","In CBSA, in central city","NO","3: Mother","NO","NO","NO","NO","YES","0: 0  CONDITION DOES NOT APPLY","ALWAYS WITH RIGHT HAND","DON'T DO THIS ACTIVITY","ALWAYS WITH LEFT HAND","ALWAYS WITH RIGHT HAND","ALWAYS WITH LEFT HAND","1: 1  CONDITION APPLIES","1: 1  CONDITION APPLIES","YES","FEMALE","MALE"
1982,64735,2,0,1,33790,5,184,1,1,3,3,2,3,1,1,1,2,1,7,2,7,1,1,36,25,"Female","Hispanic","West (AK, AZ, CA, CO, HI, ID, MT, NV, NM, OR, UT, WA, WY)","High school diploma (Regular 12 year program)","In CBSA, not in central city","NO","3: Mother","YES","NO","NO","NO","YES","0: 0  CONDITION DOES NOT APPLY","ALWAYS WITH RIGHT HAND","ALWAYS WITH RIGHT HAND","ALWAYS WITH RIGHT HAND","ALWAYS WITH RIGHT HAND","ALWAYS WITH LEFT HAND","1: 1  CONDITION APPLIES","1: 1  CONDITION APPLIES","YES","FEMALE","MALE"
1982,64735,3,1,1,33790,5,182,1,2,4,4,3,1,2,2,1,1,1,7,2,5,1,1,50,25,"Male","Black","South (AL, AR, DE, DC, FL, GA, KY, LA, MD, MS, NC, OK, SC, TN , TX, VA, WV)","High school diploma (Regular 12 year program)","In CBSA, not in central city","NO","3: Mother","YES","NO","NO","NO","YES","0: 0  CONDITION DOES NOT APPLY","ALWAYS WITH RIGHT HAND","ALWAYS WITH RIGHT HAND","ALWAYS WITH RIGHT HAND","ALWAYS WITH RIGHT HAND","ALWAYS WITH LEFT HAND","1: 1  CONDITION APPLIES","1: 1  CONDITION APPLIES","NO","MALE","FEMALE"
1982,64735,4,1,3,33790,5,184,2,1,2,4,3,4,2,2,2,2,2,4,1,7,1,1,33,28,"Male","Black","South (AL, AR, DE, DC, FL, GA, KY, LA, MD, MS, NC, OK, SC, TN , TX, VA, WV)","High school diploma (Regular 12 year program)","In CBSA, in central city","NO","3: Mother","NO","YES","NO","YES","YES","0: 0  CONDITION DOES NOT APPLY","ALWAYS WITH RIGHT HAND","ALWAYS WITH RIGHT HAND","ALWAYS WITH RIGHT HAND","ALWAYS WITH RIGHT HAND","ALWAYS WITH LEFT HAND","1: 1  CONDITION APPLIES","1: 1  CONDITION APPLIES","NO","MALE","MALE"
1983,64735,7,2,5,33790,5,179,1,2,2,2,2,5,2,2,2,2,2,2,5,7,1,1,25,1,"Male","Non-Black / Non-Hispanic","South (AL, AR, DE, DC, FL, GA, KY, LA, MD, MS, NC, OK, SC, TN , TX, VA, WV)","High school diploma (Regular 12 year program)","In CBSA, in central city","NO","3: Mother","YES","YES","NO","NO","NO","0: 0  CONDITION DOES NOT APPLY","ALWAYS WITH RIGHT HAND","ALWAYS WITH RIGHT HAND","ALWAYS WITH RIGHT HAND","ALWAYS WITH RIGHT HAND","USUALLY WITH LEFT HAND","1: 1  CONDITION APPLIES","1: 1  CONDITION APPLIES","NO","FEMALE","FEMALE"
1981,64735,3,0,1,33790,5,182,1,2,3,3,5,2,2,2,2,1,1,5,2,6,1,1,34,21,"Female","Non-Black / Non-Hispanic","South (AL, AR, DE, DC, FL, GA, KY, LA, MD, MS, NC, OK, SC, TN , TX, VA, WV)","High school diploma (Regular 12 year program)","In CBSA, not in central city","NO","3: Mother","NO","NO","NO","NO","YES","0: 0  CONDITION DOES NOT APPLY","ALWAYS WITH RIGHT HAND","ALWAYS WITH RIGHT HAND","ALWAYS WITH RIGHT HAND","USUALLY WITH BOTH HANDS EQUALLY","ALWAYS WITH LEFT HAND","1: 1  CONDITION APPLIES","1: 1  CONDITION APPLIES","NO","FEMALE","MALE"
1983,64735,5,0,3,33790,5,179,1,2,2,3,5,6,2,2,2,1,1,3,1,7,1,1,30,22,"Female","Non-Black / Non-Hispanic","South (AL, AR, DE, DC, FL, GA, KY, LA, MD, MS, NC, OK, SC, TN , TX, VA, WV)","Bachelor's degree (BA, BS)","In CBSA, not in central city","NO","3: Mother","YES","YES","NO","NO","YES","0: 0  CONDITION DOES NOT APPLY","ALWAYS WITH RIGHT HAND","ALWAYS WITH RIGHT HAND","ALWAYS WITH RIGHT HAND","ALWAYS WITH RIGHT HAND","ALWAYS WITH LEFT HAND","1: 1  CONDITION APPLIES","1: 1  CONDITION APPLIES","YES","MALE","FEMALE"
1982,64735,5,1,1,33790,5,182,1,2,3,4,4,3,1,2,2,1,1,7,3,5,1,1,31,20,"Male","Mixed Race (Non-Hispanic)","West (AK, AZ, CA, CO, HI, ID, MT, NV, NM, OR, UT, WA, WY)","GED","In CBSA, not in central city","NO","3: Mother","YES","NO","NO","NO","NO","0: 0  CONDITION DOES NOT APPLY","ALWAYS WITH RIGHT HAND","ALWAYS WITH RIGHT HAND","ALWAYS WITH RIGHT HAND","ALWAYS WITH RIGHT HAND","ALWAYS WITH LEFT HAND","1: 1  CONDITION APPLIES","0: 0  CONDITION DOES NOT APPLY","NO","FEMALE","FEMALE"
1981,64735,5,1,2,33790,4,270,1,1,2,5,3,4,2,1,1,2,2,2,2,4,1,1,27,3,"Female","Mixed Race (Non-Hispanic)","South (AL, AR, DE, DC, FL, GA, KY, LA, MD, MS, NC, OK, SC, TN , TX, VA, WV)","High school diploma (Regular 12 year program)","In CBSA, not in central city","NO","3: Mother","NO","YES","NO","NO","YES","0: 0  CONDITION DOES NOT APPLY","ALWAYS WITH RIGHT HAND","ALWAYS WITH RIGHT HAND","ALWAYS WITH RIGHT HAND","ALWAYS WITH RIGHT HAND","USUALLY WITH LEFT HAND","1: 1  CONDITION APPLIES","1: 1  CONDITION APPLIES","NO","FEMALE","FEMALE"
1982,64735,3,2,1,33790,6,182,1,2,3,4,4,7,2,2,1,2,2,6,1,6,1,1,30,21,"Female","Non-Black / Non-Hispanic","South (AL, AR, DE, DC, FL, GA, KY, LA, MD, MS, NC, OK, SC, TN , TX, VA, WV)","High school diploma (Regular 12 year program)","Not in country","NO","3: Mother","YES","YES","NO","NO","YES","0: 0  CONDITION DOES NOT APPLY","ALWAYS WITH RIGHT HAND","ALWAYS WITH RIGHT HAND","ALWAYS WITH RIGHT HAND","ALWAYS WITH RIGHT HAND","ALWAYS WITH LEFT HAND","1: 1  CONDITION APPLIES","1: 1  CONDITION APPLIES","NO","MALE","MALE"
1983,64735,4,0,1,33790,5,180,1,1,4,3,4,5,2,2,1,1,1,3,2,6,1,1,32,20,"Male","Non-Black / Non-Hispanic","West (AK, AZ, CA, CO, HI, ID, MT, NV, NM, OR, UT, WA, WY)","Bachelor's degree (BA, BS)","In CBSA, not in central city","NO","3: Mother","YES","NO","NO","NO","YES","0: 0  CONDITION DOES NOT APPLY","ALWAYS WITH RIGHT HAND","ALWAYS WITH RIGHT HAND","ALWAYS WITH LEFT HAND","ALWAYS WITH RIGHT HAND","ALWAYS WITH LEFT HAND","1: 1  CONDITION APPLIES","1: 1  CONDITION APPLIES","NO","MALE","FEMALE"
1982,64735,3,0,2,33790,5,182,1,2,2,3,5,5,2,2,2,2,1,5,2,6,1,1,32,18,"Female","Hispanic","West (AK, AZ, CA, CO, HI, ID, MT, NV, NM, OR, UT, WA, WY)","Bachelor's degree (BA, BS)","In CBSA, in central city","NO","3: Mother","NO","NO","NO","NO","NO","0: 0  CONDITION DOES NOT APPLY","ALWAYS WITH RIGHT HAND","ALWAYS WITH RIGHT HAND","ALWAYS WITH RIGHT HAND","ALWAYS WITH RIGHT HAND","ALWAYS WITH LEFT HAND","1: 1  CONDITION APPLIES","1: 1  CONDITION APPLIES","NO","FEMALE","MALE"
1985,64735,4,1,1,33790,6,182,1,1,5,4,2,5,1,2,1,1,1,3,2,6,1,1,33,21,"Male","Non-Black / Non-Hispanic","North Central (IL, IN, IA, KS, MI, MN, MO, NE, OH, ND, SD, WI)","Bachelor's degree (BA, BS)","In CBSA, not in central city","NO","3: Mother","YES","NO","YES","NO","NO","0: 0  CONDITION DOES NOT APPLY","ALWAYS WITH RIGHT HAND","ALWAYS WITH RIGHT HAND","ALWAYS WITH RIGHT HAND","ALWAYS WITH RIGHT HAND","ALWAYS WITH LEFT HAND","1: 1  CONDITION APPLIES","1: 1  CONDITION APPLIES","NO","FEMALE","FEMALE"
1983,64735,3,0,2,35000,5,184,2,2,3,2,2,3,1,1,2,1,2,1,3,7,1,1,28,21,"Female","Non-Black / Non-Hispanic","West (AK, AZ, CA, CO, HI, ID, MT, NV, NM, OR, UT, WA, WY)","GED","In CBSA, in central city","NO","3: Mother","YES","NO","NO","NO","YES","0: 0  CONDITION DOES NOT APPLY","ALWAYS WITH RIGHT HAND","ALWAYS WITH RIGHT HAND","ALWAYS WITH RIGHT HAND","ALWAYS WITH RIGHT HAND","ALWAYS WITH LEFT HAND","1: 1  CONDITION APPLIES","1: 1  CONDITION APPLIES","NO","FEMALE","MALE"
1984,64735,3,2,1,33790,5,150,2,1,3,3,4,3,1,1,1,2,1,4,1,6,1,1,33,17,"Female","Non-Black / Non-Hispanic","North Central (IL, IN, IA, KS, MI, MN, MO, NE, OH, ND, SD, WI)","GED","Not in CBSA","NO","3: Mother","NO","NO","NO","NO","YES","0: 0  CONDITION DOES NOT APPLY","ALWAYS WITH RIGHT HAND","ALWAYS WITH RIGHT HAND","ALWAYS WITH LEFT HAND","ALWAYS WITH RIGHT HAND","USUALLY WITH LEFT HAND","1: 1  CONDITION APPLIES","0: 0  CONDITION DOES NOT APPLY","NO","FEMALE","FEMALE"
1984,64735,3,0,3,33790,5,184,1,1,2,4,1,1,2,2,1,1,1,4,4,7,1,1,29,18,"Male","Black","South (AL, AR, DE, DC, FL, GA, KY, LA, MD, MS, NC, OK, SC, TN , TX, VA, WV)","High school diploma (Regular 12 year program)","In CBSA, not in central city","NO","3: Mother","YES","YES","NO","NO","NO","0: 0  CONDITION DOES NOT APPLY","ALWAYS WITH RIGHT HAND","ALWAYS WITH RIGHT HAND","ALWAYS WITH RIGHT HAND","ALWAYS WITH RIGHT HAND","ALWAYS WITH LEFT HAND","1: 1  CONDITION APPLIES","1: 1  CONDITION APPLIES","YES","MALE","FEMALE"
1981,64735,4,1,3,33790,5,184,2,1,1,4,2,1,2,2,2,2,2,4,3,5,1,1,31,19,"Male","Hispanic","South (AL, AR, DE, DC, FL, GA, KY, LA, MD, MS, NC, OK, SC, TN , TX, VA, WV)","High school diploma (Regular 12 year program)","In CBSA, not in central city","YES","3: Mother","YES","NO","NO","NO","YES","0: 0  CONDITION DOES NOT APPLY","ALWAYS WITH RIGHT HAND","ALWAYS WITH RIGHT HAND","ALWAYS WITH RIGHT HAND","ALWAYS WITH RIGHT HAND","ALWAYS WITH LEFT HAND","1: 1  CONDITION APPLIES","1: 1  CONDITION APPLIES","NO","FEMALE","FEMALE"
1983,64735,2,1,2,33790,5,179,1,1,3,3,5,6,2,2,1,2,2,6,3,7,1,1,29,20,"Female","Non-Black / Non-Hispanic","South (AL, AR, DE, DC, FL, GA, KY, LA, MD, MS, NC, OK, SC, TN , TX, VA, WV)","High school diploma (Regular 12 year program)","In CBSA, in central city","NO","3: Mother","YES","NO","NO","NO","YES","0: 0  CONDITION DOES NOT APPLY","ALWAYS WITH RIGHT HAND","ALWAYS WITH RIGHT HAND","ALWAYS WITH LEFT HAND","ALWAYS WITH RIGHT HAND","ALWAYS WITH LEFT HAND","0: 0  CONDITION DOES NOT APPLY","1: 1  CONDITION APPLIES","NO","MALE","FEMALE"
1984,64735,4,0,3,33790,5,183,1,1,3,1,3,4,2,2,1,2,1,6,2,6,1,1,37,44,"Male","Non-Black / Non-Hispanic","South (AL, AR, DE, DC, FL, GA, KY, LA, MD, MS, NC, OK, SC, TN , TX, VA, WV)","Master's degree (MA, MS)","In CBSA, in central city","YES","3: Mother","YES","NO","YES","NO","YES","0: 0  CONDITION DOES NOT APPLY","ALWAYS WITH RIGHT HAND","ALWAYS WITH RIGHT HAND","ALWAYS WITH RIGHT HAND","ALWAYS WITH RIGHT HAND","ALWAYS WITH LEFT HAND","1: 1  CONDITION APPLIES","1: 1  CONDITION APPLIES","NO","MALE","FEMALE"
1982,64735,4,0,2,33790,6,165,1,1,3,1,4,2,1,2,1,2,1,3,3,6,1,1,29,18,"Female","Non-Black / Non-Hispanic","South (AL, AR, DE, DC, FL, GA, KY, LA, MD, MS, NC, OK, SC, TN , TX, VA, WV)","Master's degree (MA, MS)","Not in CBSA","NO","3: Mother","NO","YES","NO","NO","YES","0: 0  CONDITION DOES NOT APPLY","ALWAYS WITH RIGHT HAND","ALWAYS WITH RIGHT HAND","ALWAYS WITH RIGHT HAND","ALWAYS WITH RIGHT HAND","ALWAYS WITH LEFT HAND","1: 1  CONDITION APPLIES","1: 1  CONDITION APPLIES","NO","FEMALE","FEMALE"
1981,64735,2,0,7,146002,5,184,1,2,4,6,1,4,2,2,2,2,1,3,4,7,1,1,34,21,"Male","Non-Black / Non-Hispanic","South (AL, AR, DE, DC, FL, GA, KY, LA, MD, MS, NC, OK, SC, TN , TX, VA, WV)","High school diploma (Regular 12 year program)","In CBSA, not in central city","NO","3: Mother","YES","NO","NO","NO","YES","0: 0  CONDITION DOES NOT APPLY","ALWAYS WITH RIGHT HAND","ALWAYS WITH RIGHT HAND","ALWAYS WITH RIGHT HAND","ALWAYS WITH RIGHT HAND","ALWAYS WITH LEFT HAND","1: 1  CONDITION APPLIES","1: 1  CONDITION APPLIES","NO","FEMALE","FEMALE"
1981,64735,3,0,3,33790,5,163,1,2,2,5,4,3,2,2,1,2,1,5,2,7,1,1,29,20,"Male","Hispanic","South (AL, AR, DE, DC, FL, GA, KY, LA, MD, MS, NC, OK, SC, TN , TX, VA, WV)","High school diploma (Regular 12 year program)","In CBSA, not in central city","YES","3: Mother","YES","NO","YES","NO","NO","0: 0  CONDITION DOES NOT APPLY","ALWAYS WITH RIGHT HAND","ALWAYS WITH RIGHT HAND","ALWAYS WITH RIGHT HAND","ALWAYS WITH RIGHT HAND","ALWAYS WITH LEFT HAND","1: 1  CONDITION APPLIES","1: 1  CONDITION APPLIES","NO","FEMALE","MALE"
1984,64735,4,0,3,42000,5,185,1,1,3,2,2,1,2,2,1,2,1,3,3,6,1,1,31,23,"Female","Hispanic","South (AL, AR, DE, DC, FL, GA, KY, LA, MD, MS, NC, OK, SC, TN , TX, VA, WV)","None","In CBSA, not in central city","YES","3: Mother","NO","YES","NO","NO","NO","0: 0  CONDITION DOES NOT APPLY","ALWAYS WITH RIGHT HAND","ALWAYS WITH RIGHT HAND","ALWAYS WITH RIGHT HAND","ALWAYS WITH RIGHT HAND","ALWAYS WITH LEFT HAND","1: 1  CONDITION APPLIES","1: 1  CONDITION APPLIES","NO","FEMALE","FEMALE"
1980,64735,2,0,2,33790,6,165,1,1,3,3,4,5,2,2,2,2,2,6,3,8,1,1,26,21,"Male","Non-Black / Non-Hispanic","South (AL, AR, DE, DC, FL, GA, KY, LA, MD, MS, NC, OK, SC, TN , TX, VA, WV)","Master's degree (MA, MS)","In CBSA, in central city","NO","3: Mother","NO","NO","NO","NO","YES","0: 0  CONDITION DOES NOT APPLY","ALWAYS WITH RIGHT HAND","USUALLY WITH RIGHT HAND","ALWAYS WITH RIGHT HAND","ALWAYS WITH RIGHT HAND","ALWAYS WITH LEFT HAND","1: 1  CONDITION APPLIES","1: 1  CONDITION APPLIES","NO","FEMALE","MALE"
1981,60420,2,0,2,33790,4,183,1,2,1,4,5,5,2,2,1,2,1,6,5,7,1,1,30,21,"Female","Non-Black / Non-Hispanic","South (AL, AR, DE, DC, FL, GA, KY, LA, MD, MS, NC, OK, SC, TN , TX, VA, WV)","GED","In CBSA, not in central city","NO","3: Mother","YES","NO","YES","NO","NO","0: 0  CONDITION DOES NOT APPLY","ALWAYS WITH RIGHT HAND","ALWAYS WITH RIGHT HAND","ALWAYS WITH RIGHT HAND","ALWAYS WITH RIGHT HAND","ALWAYS WITH LEFT HAND","1: 1  CONDITION APPLIES","1: 1  CONDITION APPLIES","NO","MALE","FEMALE"
1981,64735,2,0,1,33790,5,184,1,2,3,2,4,1,2,2,1,2,1,5,2,6,1,1,30,22,"Female","Non-Black / Non-Hispanic","Northeast (CT, ME, MA, NH, NJ, NY, PA, RI, VT)","Associate/Junior college (AA)","In CBSA, not in central city","NO","3: Mother","NO","NO","YES","NO","YES","0: 0  CONDITION DOES NOT APPLY","ALWAYS WITH RIGHT HAND","ALWAYS WITH RIGHT HAND","ALWAYS WITH RIGHT HAND","ALWAYS WITH RIGHT HAND","ALWAYS WITH LEFT HAND","0: 0  CONDITION DOES NOT APPLY","1: 1  CONDITION APPLIES","NO","FEMALE","MALE"
1981,110000,3,0,1,33790,5,181,1,2,2,4,4,6,2,2,1,2,2,6,3,7,1,1,31,22,"Female","Mixed Race (Non-Hispanic)","South (AL, AR, DE, DC, FL, GA, KY, LA, MD, MS, NC, OK, SC, TN , TX, VA, WV)","High school diploma (Regular 12 year program)","In CBSA, not in central city","NO","3: Mother","NO","YES","NO","NO","YES","0: 0  CONDITION DOES NOT APPLY","ALWAYS WITH RIGHT HAND","ALWAYS WITH RIGHT HAND","ALWAYS WITH RIGHT HAND","ALWAYS WITH RIGHT HAND","ALWAYS WITH RIGHT HAND","1: 1  CONDITION APPLIES","1: 1  CONDITION APPLIES","NO","MALE","MALE"
1982,92000,3,0,5,33790,5,230,1,1,4,4,3,4,2,2,2,2,1,2,3,7,1,1,35,24,"Female","Non-Black / Non-Hispanic","South (AL, AR, DE, DC, FL, GA, KY, LA, MD, MS, NC, OK, SC, TN , TX, VA, WV)","High school diploma (Regular 12 year program)","In CBSA, not in central city","NO","3: Mother","NO","YES","NO","NO","YES","0: 0  CONDITION DOES NOT APPLY","ALWAYS WITH RIGHT HAND","ALWAYS WITH RIGHT HAND","ALWAYS WITH RIGHT HAND","ALWAYS WITH RIGHT HAND","ALWAYS WITH LEFT HAND","1: 1  CONDITION APPLIES","1: 1  CONDITION APPLIES","NO","FEMALE","MALE"
1981,207000,4,2,2,32000,6,255,1,2,4,4,2,2,1,2,1,1,2,1,3,5,1,1,33,25,"Male","Black","South (AL, AR, DE, DC, FL, GA, KY, LA, MD, MS, NC, OK, SC, TN , TX, VA, WV)","GED","Not in CBSA","YES","3: Mother","NO","YES","NO","NO","YES","0: 0  CONDITION DOES NOT APPLY","ALWAYS WITH RIGHT HAND","ALWAYS WITH RIGHT HAND","ALWAYS WITH RIGHT HAND","ALWAYS WITH RIGHT HAND","ALWAYS WITH LEFT HAND","1: 1  CONDITION APPLIES","1: 1  CONDITION APPLIES","NO","FEMALE","FEMALE"
1980,64735,3,0,4,33790,5,183,1,1,1,2,5,5,2,2,2,2,1,4,1,7,1,1,30,22,"Female","Non-Black / Non-Hispanic","North Central (IL, IN, IA, KS, MI, MN, MO, NE, OH, ND, SD, WI)","High school diploma (Regular 12 year program)","In CBSA, in central city","NO","3: Mother","NO","NO","NO","NO","YES","0: 0  CONDITION DOES NOT APPLY","ALWAYS WITH RIGHT HAND","ALWAYS WITH LEFT HAND","ALWAYS WITH RIGHT HAND","ALWAYS WITH RIGHT HAND","ALWAYS WITH LEFT HAND","1: 1  CONDITION APPLIES","1: 1  CONDITION APPLIES","NO","MALE","MALE"
1982,64735,3,0,3,33790,5,181,2,2,2,4,2,1,1,1,1,2,2,3,6,7,1,1,27,18,"Female","Non-Black / Non-Hispanic","South (AL, AR, DE, DC, FL, GA, KY, LA, MD, MS, NC, OK, SC, TN , TX, VA, WV)","None","Not in CBSA","NO","3: Mother","YES","NO","NO","NO","YES","0: 0  CONDITION DOES NOT APPLY","ALWAYS WITH RIGHT HAND","ALWAYS WITH RIGHT HAND","ALWAYS WITH RIGHT HAND","ALWAYS WITH RIGHT HAND","USUALLY WITH LEFT HAND","1: 1  CONDITION APPLIES","1: 1  CONDITION APPLIES","NO","MALE","FEMALE"
1982,64735,3,1,3,33790,5,175,2,3,2,2,2,4,1,2,1,1,1,1,4,5,1,1,17,14,"Male","Hispanic","South (AL, AR, DE, DC, FL, GA, KY, LA, MD, MS, NC, OK, SC, TN , TX, VA, WV)","High school diploma (Regular 12 year program)","In CBSA, in central city","NO","3: Mother","YES","YES","NO","NO","YES","0: 0  CONDITION DOES NOT APPLY","ALWAYS WITH RIGHT HAND","DON'T DO THIS ACTIVITY","ALWAYS WITH RIGHT HAND","ALWAYS WITH RIGHT HAND","USUALLY WITH BOTH HANDS EQUALLY","1: 1  CONDITION APPLIES","1: 1  CONDITION APPLIES","NO","FEMALE","FEMALE"
1984,64735,3,1,1,15000,5,183,1,2,1,5,2,4,2,2,2,2,1,6,4,8,1,1,26,21,"Female","Black","South (AL, AR, DE, DC, FL, GA, KY, LA, MD, MS, NC, OK, SC, TN , TX, VA, WV)","High school diploma (Regular 12 year program)","In CBSA, in central city","NO","3: Mother","YES","YES","NO","NO","NO","0: 0  CONDITION DOES NOT APPLY","ALWAYS WITH LEFT HAND","ALWAYS WITH RIGHT HAND","ALWAYS WITH RIGHT HAND","ALWAYS WITH RIGHT HAND","ALWAYS WITH LEFT HAND","1: 1  CONDITION APPLIES","1: 1  CONDITION APPLIES","NO","MALE","MALE"
1983,64735,4,0,5,33790,5,210,1,2,4,4,2,6,2,2,2,1,2,2,3,6,1,1,52,24,"Male","Hispanic","North Central (IL, IN, IA, KS, MI, MN, MO, NE, OH, ND, SD, WI)","High school diploma (Regular 12 year program)","In CBSA, not in central city","YES","3: Mother","NO","NO","NO","NO","NO","0: 0  CONDITION DOES NOT APPLY","ALWAYS WITH RIGHT HAND","ALWAYS WITH RIGHT HAND","ALWAYS WITH RIGHT HAND","ALWAYS WITH RIGHT HAND","ALWAYS WITH LEFT HAND","1: 1  CONDITION APPLIES","1: 1  CONDITION APPLIES","NO","FEMALE","FEMALE"
1983,74000,5,0,1,50000,5,170,2,1,1,3,2,2,1,2,1,1,1,5,3,7,1,1,34,20,"Female","Non-Black / Non-Hispanic","South (AL, AR, DE, DC, FL, GA, KY, LA, MD, MS, NC, OK, SC, TN , TX, VA, WV)","None","In CBSA, in central city","NO","3: Mother","NO","YES","NO","NO","YES","0: 0  CONDITION DOES NOT APPLY","ALWAYS WITH RIGHT HAND","ALWAYS WITH RIGHT HAND","ALWAYS WITH RIGHT HAND","ALWAYS WITH RIGHT HAND","ALWAYS WITH LEFT HAND","1: 1  CONDITION APPLIES","1: 1  CONDITION APPLIES","NO","FEMALE","FEMALE"
1981,64735,3,0,1,33790,5,183,1,1,6,1,4,3,2,2,2,1,1,6,3,7,1,1,29,20,"Male","Non-Black / Non-Hispanic","South (AL, AR, DE, DC, FL, GA, KY, LA, MD, MS, NC, OK, SC, TN , TX, VA, WV)","High school diploma (Regular 12 year program)","In CBSA, not in central city","YES","3: Mother","YES","NO","NO","NO","YES","0: 0  CONDITION DOES NOT APPLY","ALWAYS WITH RIGHT HAND","ALWAYS WITH RIGHT HAND","ALWAYS WITH RIGHT HAND","ALWAYS WITH RIGHT HAND","ALWAYS WITH LEFT HAND","1: 1  CONDITION APPLIES","1: 1  CONDITION APPLIES","NO","MALE","MALE"
1985,64735,4,0,2,33790,5,184,2,1,3,4,2,1,1,2,1,1,1,4,2,8,1,1,58,33,"Female","Non-Black / Non-Hispanic","South (AL, AR, DE, DC, FL, GA, KY, LA, MD, MS, NC, OK, SC, TN , TX, VA, WV)","High school diploma (Regular 12 year program)","In CBSA, in central city","YES","3: Mother","YES","YES","NO","NO","YES","0: 0  CONDITION DOES NOT APPLY","ALWAYS WITH RIGHT HAND","ALWAYS WITH RIGHT HAND","ALWAYS WITH RIGHT HAND","ALWAYS WITH RIGHT HAND","ALWAYS WITH LEFT HAND","1: 1  CONDITION APPLIES","1: 1  CONDITION APPLIES","NO","FEMALE","MALE"
1982,140000,3,0,2,33790,5,182,1,1,2,2,2,7,2,2,1,2,2,6,1,7,1,1,41,58,"Female","Non-Black / Non-Hispanic","South (AL, AR, DE, DC, FL, GA, KY, LA, MD, MS, NC, OK, SC, TN , TX, VA, WV)","Associate/Junior college (AA)","In CBSA, not in central city","YES","3: Mother","YES","NO","NO","NO","YES","0: 0  CONDITION DOES NOT APPLY","ALWAYS WITH RIGHT HAND","ALWAYS WITH RIGHT HAND","ALWAYS WITH RIGHT HAND","ALWAYS WITH RIGHT HAND","ALWAYS WITH LEFT HAND","1: 1  CONDITION APPLIES","1: 1  CONDITION APPLIES","NO","FEMALE","MALE"
1984,64735,2,0,1,60000,6,186,2,1,4,8,1,4,2,2,1,2,1,7,3,8,1,1,34,29,"Male","Non-Black / Non-Hispanic","South (AL, AR, DE, DC, FL, GA, KY, LA, MD, MS, NC, OK, SC, TN , TX, VA, WV)","High school diploma (Regular 12 year program)","In CBSA, not in central city","YES","3: Mother","YES","NO","NO","NO","YES","0: 0  CONDITION DOES NOT APPLY","ALWAYS WITH RIGHT HAND","ALWAYS WITH RIGHT HAND","ALWAYS WITH RIGHT HAND","ALWAYS WITH RIGHT HAND","ALWAYS WITH LEFT HAND","1: 1  CONDITION APPLIES","1: 1  CONDITION APPLIES","NO","MALE","MALE"
1982,64735,4,1,3,33790,5,182,1,3,1,4,1,4,1,2,2,2,1,6,3,8,1,1,32,21,"Male","Black","West (AK, AZ, CA, CO, HI, ID, MT, NV, NM, OR, UT, WA, WY)","High school diploma (Regular 12 year program)","In CBSA, not in central city","NO","3: Mother","NO","YES","YES","NO","YES","0: 0  CONDITION DOES NOT APPLY","ALWAYS WITH RIGHT HAND","ALWAYS WITH RIGHT HAND","ALWAYS WITH RIGHT HAND","ALWAYS WITH RIGHT HAND","ALWAYS WITH LEFT HAND","1: 1  CONDITION APPLIES","1: 1  CONDITION APPLIES","NO","FEMALE","MALE"
1983,64735,1,0,1,33790,5,183,1,3,3,2,2,3,2,2,2,1,2,1,3,7,1,2,32,21,"Male","Black","South (AL, AR, DE, DC, FL, GA, KY, LA, MD, MS, NC, OK, SC, TN , TX, VA, WV)","None","In CBSA, not in central city","NO","3: Mother","NO","YES","NO","NO","NO","0: 0  CONDITION DOES NOT APPLY","ALWAYS WITH RIGHT HAND","ALWAYS WITH RIGHT HAND","ALWAYS WITH RIGHT HAND","ALWAYS WITH RIGHT HAND","ALWAYS WITH LEFT HAND","1: 1  CONDITION APPLIES","0: 0  CONDITION DOES NOT APPLY","NO","FEMALE","MALE"
1982,64735,2,0,2,33790,5,182,2,1,2,3,3,4,1,2,1,2,1,6,2,7,1,1,12,15,"Female","Black","North Central (IL, IN, IA, KS, MI, MN, MO, NE, OH, ND, SD, WI)","GED","In CBSA, not in central city","NO","3: Mother","NO","NO","NO","NO","YES","0: 0  CONDITION DOES NOT APPLY","ALWAYS WITH RIGHT HAND","ALWAYS WITH RIGHT HAND","ALWAYS WITH RIGHT HAND","ALWAYS WITH RIGHT HAND","ALWAYS WITH LEFT HAND","1: 1  CONDITION APPLIES","1: 1  CONDITION APPLIES","YES","MALE","FEMALE"
1982,64735,4,0,1,24000,5,166,1,1,4,3,4,4,1,2,1,2,1,5,1,6,1,1,26,4,"Female","Non-Black / Non-Hispanic","South (AL, AR, DE, DC, FL, GA, KY, LA, MD, MS, NC, OK, SC, TN , TX, VA, WV)","Bachelor's degree (BA, BS)","In CBSA, not in central city","NO","3: Mother","YES","NO","NO","NO","YES","0: 0  CONDITION DOES NOT APPLY","ALWAYS WITH RIGHT HAND","ALWAYS WITH RIGHT HAND","ALWAYS WITH RIGHT HAND","ALWAYS WITH RIGHT HAND","ALWAYS WITH LEFT HAND","1: 1  CONDITION APPLIES","1: 1  CONDITION APPLIES","NO","MALE","MALE"
1984,64735,3,0,1,33790,5,181,1,1,3,3,4,7,2,2,2,2,1,4,2,6,3,3,33,24,"Female","Black","South (AL, AR, DE, DC, FL, GA, KY, LA, MD, MS, NC, OK, SC, TN , TX, VA, WV)","Bachelor's degree (BA, BS)","In CBSA, not in central city","NO","3: Mother","NO","NO","NO","NO","YES","0: 0  CONDITION DOES NOT APPLY","ALWAYS WITH RIGHT HAND","ALWAYS WITH RIGHT HAND","ALWAYS WITH RIGHT HAND","ALWAYS WITH RIGHT HAND","ALWAYS WITH LEFT HAND","1: 1  CONDITION APPLIES","1: 1  CONDITION APPLIES","NO","MALE","MALE"
1984,64735,2,1,1,33790,5,183,1,1,2,4,6,2,2,2,1,2,2,6,3,6,1,1,35,22,"Female","Non-Black / Non-Hispanic","South (AL, AR, DE, DC, FL, GA, KY, LA, MD, MS, NC, OK, SC, TN , TX, VA, WV)","High school diploma (Regular 12 year program)","In CBSA, in central city","NO","3: Mother","NO","NO","YES","NO","YES","0: 0  CONDITION DOES NOT APPLY","ALWAYS WITH RIGHT HAND","ALWAYS WITH RIGHT HAND","ALWAYS WITH RIGHT HAND","ALWAYS WITH RIGHT HAND","ALWAYS WITH LEFT HAND","1: 1  CONDITION APPLIES","1: 1  CONDITION APPLIES","NO","FEMALE","FEMALE"
1981,64735,2,1,3,33790,5,183,2,2,4,4,8,4,1,1,1,2,1,4,1,6,1,1,25,17,"Female","Non-Black / Non-Hispanic","Northeast (CT, ME, MA, NH, NJ, NY, PA, RI, VT)","High school diploma (Regular 12 year program)","In CBSA, not in central city","NO","3: Mother","YES","NO","NO","NO","YES","0: 0  CONDITION DOES NOT APPLY","ALWAYS WITH RIGHT HAND","ALWAYS WITH RIGHT HAND","ALWAYS WITH RIGHT HAND","ALWAYS WITH RIGHT HAND","ALWAYS WITH LEFT HAND","0: 0  CONDITION DOES NOT APPLY","1: 1  CONDITION APPLIES","NO","MALE","FEMALE"
1983,16000,2,1,2,33790,5,181,1,2,5,2,5,5,1,2,2,2,2,6,5,6,1,1,29,17,"Male","Hispanic","South (AL, AR, DE, DC, FL, GA, KY, LA, MD, MS, NC, OK, SC, TN , TX, VA, WV)","Associate/Junior college (AA)","In CBSA, not in central city","NO","3: Mother","NO","NO","NO","NO","YES","0: 0  CONDITION DOES NOT APPLY","ALWAYS WITH RIGHT HAND","ALWAYS WITH RIGHT HAND","ALWAYS WITH RIGHT HAND","ALWAYS WITH RIGHT HAND","USUALLY WITH BOTH HANDS EQUALLY","0: 0  CONDITION DOES NOT APPLY","1: 1  CONDITION APPLIES","NO","MALE","FEMALE"
1983,64735,3,1,1,33790,5,177,1,1,2,1,2,2,2,2,2,1,2,4,2,8,1,1,30,10,"Female","Non-Black / Non-Hispanic","North Central (IL, IN, IA, KS, MI, MN, MO, NE, OH, ND, SD, WI)","High school diploma (Regular 12 year program)","In CBSA, not in central city","YES","3: Mother","NO","YES","NO","YES","YES","0: 0  CONDITION DOES NOT APPLY","ALWAYS WITH RIGHT HAND","ALWAYS WITH RIGHT HAND","ALWAYS WITH RIGHT HAND","ALWAYS WITH RIGHT HAND","ALWAYS WITH LEFT HAND","1: 1  CONDITION APPLIES","1: 1  CONDITION APPLIES","NO","MALE","MALE"
1983,64735,1,1,5,33790,6,186,1,1,2,3,1,4,2,2,1,2,1,3,3,6,1,1,31,19,"Male","Non-Black / Non-Hispanic","South (AL, AR, DE, DC, FL, GA, KY, LA, MD, MS, NC, OK, SC, TN , TX, VA, WV)","Bachelor's degree (BA, BS)","In CBSA, not in central city","NO","3: Mother","NO","YES","NO","NO","YES","0: 0  CONDITION DOES NOT APPLY","ALWAYS WITH RIGHT HAND","ALWAYS WITH RIGHT HAND","ALWAYS WITH RIGHT HAND","ALWAYS WITH RIGHT HAND","ALWAYS WITH LEFT HAND","1: 1  CONDITION APPLIES","1: 1  CONDITION APPLIES","NO","FEMALE","MALE"
1980,64735,4,0,2,33790,5,181,2,1,3,2,2,4,2,1,1,1,1,3,3,6,1,1,29,22,"Male","Non-Black / Non-Hispanic","South (AL, AR, DE, DC, FL, GA, KY, LA, MD, MS, NC, OK, SC, TN , TX, VA, WV)","High school diploma (Regular 12 year program)","In CBSA, in central city","NO","3: Mother","YES","NO","NO","YES","YES","0: 0  CONDITION DOES NOT APPLY","ALWAYS WITH RIGHT HAND","ALWAYS WITH RIGHT HAND","ALWAYS WITH RIGHT HAND","ALWAYS WITH RIGHT HAND","ALWAYS WITH LEFT HAND","1: 1  CONDITION APPLIES","1: 1  CONDITION APPLIES","NO","FEMALE","MALE"
1981,94000,3,1,1,58000,6,182,1,2,3,4,6,6,2,2,1,1,1,7,2,7,1,1,1,16,"Male","Non-Black / Non-Hispanic","West (AK, AZ, CA, CO, HI, ID, MT, NV, NM, OR, UT, WA, WY)","Associate/Junior college (AA)","In CBSA, in central city","NO","3: Mother","NO","YES","NO","NO","YES","0: 0  CONDITION DOES NOT APPLY","ALWAYS WITH RIGHT HAND","ALWAYS WITH RIGHT HAND","USUALLY WITH BOTH HANDS EQUALLY","ALWAYS WITH RIGHT HAND","ALWAYS WITH LEFT HAND","1: 1  CONDITION APPLIES","0: 0  CONDITION DOES NOT APPLY","NO","MALE","MALE"
1982,64735,4,1,1,33790,5,124,2,2,1,4,1,5,1,2,1,2,1,2,2,7,1,1,32,20,"Female","Black","South (AL, AR, DE, DC, FL, GA, KY, LA, MD, MS, NC, OK, SC, TN , TX, VA, WV)","High school diploma (Regular 12 year program)","In CBSA, not in central city","NO","3: Mother","NO","NO","NO","NO","YES","0: 0  CONDITION DOES NOT APPLY","DON'T DO THIS ACTIVITY","USUALLY WITH RIGHT HAND","DON'T DO THIS ACTIVITY","ALWAYS WITH RIGHT HAND","ALWAYS WITH LEFT HAND","1: 1  CONDITION APPLIES","1: 1  CONDITION APPLIES","NO","MALE","MALE"
1983,21750,1,0,3,33790,5,185,1,2,4,3,3,5,1,2,1,1,2,7,2,7,1,1,10,33,"Male","Black","South (AL, AR, DE, DC, FL, GA, KY, LA, MD, MS, NC, OK, SC, TN , TX, VA, WV)","Associate/Junior college (AA)","In CBSA, in central city","NO","3: Mother","YES","YES","NO","NO","YES","0: 0  CONDITION DOES NOT APPLY","ALWAYS WITH RIGHT HAND","ALWAYS WITH RIGHT HAND","ALWAYS WITH RIGHT HAND","ALWAYS WITH RIGHT HAND","ALWAYS WITH LEFT HAND","1: 1  CONDITION APPLIES","1: 1  CONDITION APPLIES","NO","FEMALE","MALE"
1983,36250,3,0,1,33790,5,182,1,1,2,3,3,6,2,2,1,1,1,5,2,6,1,1,34,46,"Female","Non-Black / Non-Hispanic","Northeast (CT, ME, MA, NH, NJ, NY, PA, RI, VT)","Bachelor's degree (BA, BS)","In CBSA, not in central city","NO","3: Mother","YES","NO","NO","NO","NO","0: 0  CONDITION DOES NOT APPLY","ALWAYS WITH RIGHT HAND","ALWAYS WITH RIGHT HAND","ALWAYS WITH RIGHT HAND","ALWAYS WITH RIGHT HAND","ALWAYS WITH LEFT HAND","1: 1  CONDITION APPLIES","1: 1  CONDITION APPLIES","NO","FEMALE","FEMALE"
1980,64735,3,1,2,33790,5,182,1,1,3,4,2,2,2,2,1,2,1,5,4,7,1,1,30,20,"Female","Non-Black / Non-Hispanic","South (AL, AR, DE, DC, FL, GA, KY, LA, MD, MS, NC, OK, SC, TN , TX, VA, WV)","High school diploma (Regular 12 year program)","Not in CBSA","NO","3: Mother","YES","NO","YES","NO","YES","0: 0  CONDITION DOES NOT APPLY","ALWAYS WITH RIGHT HAND","ALWAYS WITH RIGHT HAND","ALWAYS WITH RIGHT HAND","ALWAYS WITH RIGHT HAND","ALWAYS WITH RIGHT HAND","1: 1  CONDITION APPLIES","1: 1  CONDITION APPLIES","NO","MALE","MALE"
1981,64735,5,0,1,33790,5,180,1,2,2,3,4,5,2,1,2,1,1,5,1,7,1,1,37,23,"Female","Non-Black / Non-Hispanic","South (AL, AR, DE, DC, FL, GA, KY, LA, MD, MS, NC, OK, SC, TN , TX, VA, WV)","High school diploma (Regular 12 year program)","In CBSA, not in central city","NO","3: Mother","NO","YES","NO","NO","NO","0: 0  CONDITION DOES NOT APPLY","ALWAYS WITH LEFT HAND","ALWAYS WITH RIGHT HAND","ALWAYS WITH RIGHT HAND","ALWAYS WITH LEFT HAND","ALWAYS WITH RIGHT HAND","1: 1  CONDITION APPLIES","0: 0  CONDITION DOES NOT APPLY","NO","FEMALE","MALE"
1983,64735,4,0,2,33790,5,181,1,1,1,3,6,6,2,2,1,2,1,2,2,6,1,1,53,33,"Male","Hispanic","South (AL, AR, DE, DC, FL, GA, KY, LA, MD, MS, NC, OK, SC, TN , TX, VA, WV)","Bachelor's degree (BA, BS)","In CBSA, in central city","YES","3: Mother","NO","YES","NO","NO","YES","0: 0  CONDITION DOES NOT APPLY","ALWAYS WITH RIGHT HAND","ALWAYS WITH RIGHT HAND","ALWAYS WITH RIGHT HAND","ALWAYS WITH RIGHT HAND","ALWAYS WITH LEFT HAND","1: 1  CONDITION APPLIES","1: 1  CONDITION APPLIES","YES","FEMALE","MALE"
1980,64735,3,0,2,33790,5,182,1,1,2,4,2,6,2,1,2,1,1,6,2,5,1,4,36,32,"Male","Black","South (AL, AR, DE, DC, FL, GA, KY, LA, MD, MS, NC, OK, SC, TN , TX, VA, WV)","High school diploma (Regular 12 year program)","In CBSA, in central city","NO","3: Mother","NO","NO","NO","NO","NO","0: 0  CONDITION DOES NOT APPLY","ALWAYS WITH RIGHT HAND","ALWAYS WITH RIGHT HAND","USUALLY WITH RIGHT HAND","ALWAYS WITH RIGHT HAND","ALWAYS WITH LEFT HAND","1: 1  CONDITION APPLIES","1: 1  CONDITION APPLIES","NO","MALE","FEMALE"
1982,64735,3,0,3,33790,5,135,1,2,1,4,2,2,1,2,1,1,2,3,3,8,1,1,31,21,"Male","Non-Black / Non-Hispanic","South (AL, AR, DE, DC, FL, GA, KY, LA, MD, MS, NC, OK, SC, TN , TX, VA, WV)","High school diploma (Regular 12 year program)","In CBSA, not in central city","NO","3: Mother","YES","YES","NO","NO","YES","0: 0  CONDITION DOES NOT APPLY","ALWAYS WITH RIGHT HAND","ALWAYS WITH RIGHT HAND","ALWAYS WITH LEFT HAND","ALWAYS WITH RIGHT HAND","ALWAYS WITH RIGHT HAND","1: 1  CONDITION APPLIES","1: 1  CONDITION APPLIES","NO","FEMALE","MALE"
1983,64735,3,0,6,33790,5,185,1,2,4,3,3,7,2,2,2,2,2,4,3,6,1,1,29,18,"Male","Non-Black / Non-Hispanic","South (AL, AR, DE, DC, FL, GA, KY, LA, MD, MS, NC, OK, SC, TN , TX, VA, WV)","High school diploma (Regular 12 year program)","In CBSA, in central city","NO","3: Mother","YES","YES","YES","NO","YES","0: 0  CONDITION DOES NOT APPLY","ALWAYS WITH RIGHT HAND","ALWAYS WITH RIGHT HAND","ALWAYS WITH RIGHT HAND","ALWAYS WITH RIGHT HAND","ALWAYS WITH LEFT HAND","1: 1  CONDITION APPLIES","1: 1  CONDITION APPLIES","NO","FEMALE","FEMALE"
1981,64735,4,1,3,33790,5,183,1,1,2,4,2,5,2,2,2,2,1,6,2,6,1,1,26,18,"Female","Non-Black / Non-Hispanic","South (AL, AR, DE, DC, FL, GA, KY, LA, MD, MS, NC, OK, SC, TN , TX, VA, WV)","High school diploma (Regular 12 year program)","In CBSA, not in central city","NO","3: Mother","NO","NO","NO","NO","YES","0: 0  CONDITION DOES NOT APPLY","ALWAYS WITH RIGHT HAND","ALWAYS WITH RIGHT HAND","ALWAYS WITH RIGHT HAND","ALWAYS WITH RIGHT HAND","ALWAYS WITH LEFT HAND","1: 1  CONDITION APPLIES","1: 1  CONDITION APPLIES","NO","FEMALE","MALE"
1984,64735,3,0,1,33790,5,182,2,2,2,5,5,4,2,2,1,2,1,6,3,5,1,1,27,22,"Female","Hispanic","South (AL, AR, DE, DC, FL, GA, KY, LA, MD, MS, NC, OK, SC, TN , TX, VA, WV)","High school diploma (Regular 12 year program)","In CBSA, not in central city","NO","3: Mother","YES","YES","NO","NO","YES","0: 0  CONDITION DOES NOT APPLY","USUALLY WITH RIGHT HAND","ALWAYS WITH RIGHT HAND","USUALLY WITH BOTH HANDS EQUALLY","USUALLY WITH RIGHT HAND","ALWAYS WITH LEFT HAND","1: 1  CONDITION APPLIES","1: 1  CONDITION APPLIES","YES","MALE","MALE"
1981,64735,6,2,3,33790,5,183,1,2,1,4,2,1,2,2,1,1,1,6,2,6,1,1,25,5,"Female","Black","South (AL, AR, DE, DC, FL, GA, KY, LA, MD, MS, NC, OK, SC, TN , TX, VA, WV)","Bachelor's degree (BA, BS)","In CBSA, not in central city","NO","3: Mother","YES","NO","NO","NO","NO","0: 0  CONDITION DOES NOT APPLY","ALWAYS WITH RIGHT HAND","ALWAYS WITH RIGHT HAND","ALWAYS WITH RIGHT HAND","ALWAYS WITH RIGHT HAND","ALWAYS WITH LEFT HAND","1: 1  CONDITION APPLIES","1: 1  CONDITION APPLIES","NO","FEMALE","FEMALE"
1981,64735,3,0,3,33790,6,182,1,2,1,1,3,4,1,1,2,2,1,6,4,6,1,1,33,21,"Female","Black","South (AL, AR, DE, DC, FL, GA, KY, LA, MD, MS, NC, OK, SC, TN , TX, VA, WV)","High school diploma (Regular 12 year program)","In CBSA, not in central city","NO","3: Mother","NO","YES","NO","NO","NO","0: 0  CONDITION DOES NOT APPLY","ALWAYS WITH RIGHT HAND","ALWAYS WITH RIGHT HAND","ALWAYS WITH LEFT HAND","ALWAYS WITH RIGHT HAND","ALWAYS WITH LEFT HAND","1: 1  CONDITION APPLIES","1: 1  CONDITION APPLIES","NO","FEMALE","FEMALE"
1985,64735,3,0,4,35000,5,182,1,1,5,4,5,3,2,2,2,2,2,5,3,6,1,1,29,21,"Male","Non-Black / Non-Hispanic","South (AL, AR, DE, DC, FL, GA, KY, LA, MD, MS, NC, OK, SC, TN , TX, VA, WV)","Bachelor's degree (BA, BS)","In CBSA, not in central city","NO","3: Mother","YES","NO","YES","NO","YES","0: 0  CONDITION DOES NOT APPLY","ALWAYS WITH RIGHT HAND","ALWAYS WITH RIGHT HAND","ALWAYS WITH RIGHT HAND","ALWAYS WITH RIGHT HAND","ALWAYS WITH LEFT HAND","1: 1  CONDITION APPLIES","1: 1  CONDITION APPLIES","NO","MALE","FEMALE"
1984,64735,4,1,1,33790,5,180,3,1,3,4,4,4,2,2,2,2,1,3,2,7,1,1,29,17,"Female","Non-Black / Non-Hispanic","South (AL, AR, DE, DC, FL, GA, KY, LA, MD, MS, NC, OK, SC, TN , TX, VA, WV)","High school diploma (Regular 12 year program)","In CBSA, in central city","NO","3: Mother","YES","NO","NO","NO","YES","0: 0  CONDITION DOES NOT APPLY","ALWAYS WITH RIGHT HAND","ALWAYS WITH RIGHT HAND","ALWAYS WITH RIGHT HAND","ALWAYS WITH LEFT HAND","ALWAYS WITH LEFT HAND","0: 0  CONDITION DOES NOT APPLY","1: 1  CONDITION APPLIES","NO","MALE","MALE"
1982,64735,4,0,2,33790,5,181,1,1,2,2,4,2,1,1,2,2,1,6,2,5,1,1,36,22,"Female","Non-Black / Non-Hispanic","South (AL, AR, DE, DC, FL, GA, KY, LA, MD, MS, NC, OK, SC, TN , TX, VA, WV)","High school diploma (Regular 12 year program)","In CBSA, in central city","NO","3: Mother","NO","YES","NO","NO","YES","0: 0  CONDITION DOES NOT APPLY","ALWAYS WITH RIGHT HAND","ALWAYS WITH RIGHT HAND","USUALLY WITH RIGHT HAND","ALWAYS WITH RIGHT HAND","ALWAYS WITH LEFT HAND","1: 1  CONDITION APPLIES","1: 1  CONDITION APPLIES","NO","MALE","MALE"
1984,64735,1,0,2,33790,5,140,1,1,3,2,3,4,2,2,2,2,2,7,2,8,1,1,33,28,"Male","Non-Black / Non-Hispanic","South (AL, AR, DE, DC, FL, GA, KY, LA, MD, MS, NC, OK, SC, TN , TX, VA, WV)","High school diploma (Regular 12 year program)","In CBSA, in central city","NO","3: Mother","NO","NO","NO","NO","YES","0: 0  CONDITION DOES NOT APPLY","ALWAYS WITH RIGHT HAND","ALWAYS WITH RIGHT HAND","ALWAYS WITH RIGHT HAND","ALWAYS WITH RIGHT HAND","ALWAYS WITH LEFT HAND","1: 1  CONDITION APPLIES","1: 1  CONDITION APPLIES","NO","MALE","MALE"
1980,64735,2,1,1,33790,5,181,2,1,1,1,5,3,2,2,2,2,1,6,1,7,1,1,35,22,"Female","Non-Black / Non-Hispanic","North Central (IL, IN, IA, KS, MI, MN, MO, NE, OH, ND, SD, WI)","Bachelor's degree (BA, BS)","Not in CBSA","NO","3: Mother","NO","NO","YES","NO","YES","0: 0  CONDITION DOES NOT APPLY","ALWAYS WITH RIGHT HAND","ALWAYS WITH RIGHT HAND","ALWAYS WITH RIGHT HAND","ALWAYS WITH RIGHT HAND","ALWAYS WITH LEFT HAND","1: 1  CONDITION APPLIES","1: 1  CONDITION APPLIES","NO","FEMALE","FEMALE"
1982,64735,2,0,1,33790,5,186,1,1,1,4,4,4,2,2,1,2,1,7,2,7,1,1,35,23,"Female","Black","South (AL, AR, DE, DC, FL, GA, KY, LA, MD, MS, NC, OK, SC, TN , TX, VA, WV)","High school diploma (Regular 12 year program)","In CBSA, not in central city","NO","3: Mother","NO","NO","NO","NO","YES","0: 0  CONDITION DOES NOT APPLY","ALWAYS WITH LEFT HAND","ALWAYS WITH RIGHT HAND","ALWAYS WITH LEFT HAND","ALWAYS WITH LEFT HAND","ALWAYS WITH RIGHT HAND","1: 1  CONDITION APPLIES","1: 1  CONDITION APPLIES","NO","FEMALE","MALE"
1982,64735,3,0,2,24000,5,185,1,1,2,3,4,5,2,2,2,2,2,3,4,8,1,1,26,20,"Female","Non-Black / Non-Hispanic","North Central (IL, IN, IA, KS, MI, MN, MO, NE, OH, ND, SD, WI)","High school diploma (Regular 12 year program)","In CBSA, not in central city","NO","3: Mother","NO","NO","YES","NO","YES","0: 0  CONDITION DOES NOT APPLY","ALWAYS WITH LEFT HAND","ALWAYS WITH LEFT HAND","ALWAYS WITH LEFT HAND","ALWAYS WITH LEFT HAND","ALWAYS WITH LEFT HAND","1: 1  CONDITION APPLIES","1: 1  CONDITION APPLIES","NO","FEMALE","MALE"
1982,64735,4,0,4,33790,5,184,1,1,3,5,3,4,2,2,1,1,1,4,1,6,4,2,34,27,"Female","Non-Black / Non-Hispanic","South (AL, AR, DE, DC, FL, GA, KY, LA, MD, MS, NC, OK, SC, TN , TX, VA, WV)","Bachelor's degree (BA, BS)","In CBSA, in central city","YES","3: Mother","NO","NO","YES","NO","NO","0: 0  CONDITION DOES NOT APPLY","ALWAYS WITH RIGHT HAND","USUALLY WITH RIGHT HAND","USUALLY WITH BOTH HANDS EQUALLY","ALWAYS WITH RIGHT HAND","ALWAYS WITH LEFT HAND","1: 1  CONDITION APPLIES","1: 1  CONDITION APPLIES","NO","FEMALE","MALE"
1982,64735,5,1,1,33790,5,182,1,1,1,4,2,5,2,2,2,2,1,6,2,6,1,1,28,18,"Female","Black","South (AL, AR, DE, DC, FL, GA, KY, LA, MD, MS, NC, OK, SC, TN , TX, VA, WV)","High school diploma (Regular 12 year program)","In CBSA, not in central city","NO","3: Mother","NO","NO","NO","NO","YES","0: 0  CONDITION DOES NOT APPLY","ALWAYS WITH RIGHT HAND","ALWAYS WITH RIGHT HAND","ALWAYS WITH RIGHT HAND","ALWAYS WITH RIGHT HAND","ALWAYS WITH LEFT HAND","1: 1  CONDITION APPLIES","1: 1  CONDITION APPLIES","NO","FEMALE","FEMALE"
1982,64735,3,1,1,33790,5,183,1,2,3,6,5,4,1,2,1,2,1,5,3,7,1,1,5,15,"Male","Black","South (AL, AR, DE, DC, FL, GA, KY, LA, MD, MS, NC, OK, SC, TN , TX, VA, WV)","Bachelor's degree (BA, BS)","In CBSA, in central city","NO","3: Mother","NO","NO","NO","NO","YES","0: 0  CONDITION DOES NOT APPLY","ALWAYS WITH RIGHT HAND","ALWAYS WITH RIGHT HAND","ALWAYS WITH RIGHT HAND","ALWAYS WITH RIGHT HAND","ALWAYS WITH LEFT HAND","1: 1  CONDITION APPLIES","0: 0  CONDITION DOES NOT APPLY","NO","MALE","MALE"
1984,18750,3,1,3,33790,6,184,1,2,5,6,2,3,2,2,2,2,1,6,4,6,1,4,31,21,"Male","Non-Black / Non-Hispanic","North Central (IL, IN, IA, KS, MI, MN, MO, NE, OH, ND, SD, WI)","High school diploma (Regular 12 year program)","In CBSA, not in central city","NO","3: Mother","NO","NO","NO","NO","YES","0: 0  CONDITION DOES NOT APPLY","ALWAYS WITH RIGHT HAND","ALWAYS WITH RIGHT HAND","ALWAYS WITH RIGHT HAND","ALWAYS WITH RIGHT HAND","ALWAYS WITH LEFT HAND","1: 1  CONDITION APPLIES","1: 1  CONDITION APPLIES","NO","MALE","FEMALE"
1984,64735,3,1,1,33790,6,183,1,3,2,3,1,4,2,2,2,2,2,7,4,6,1,5,33,25,"Male","Black","South (AL, AR, DE, DC, FL, GA, KY, LA, MD, MS, NC, OK, SC, TN , TX, VA, WV)","High school diploma (Regular 12 year program)","In CBSA, in central city","NO","3: Mother","YES","YES","NO","NO","NO","0: 0  CONDITION DOES NOT APPLY","ALWAYS WITH RIGHT HAND","ALWAYS WITH RIGHT HAND","USUALLY WITH BOTH HANDS EQUALLY","ALWAYS WITH RIGHT HAND","ALWAYS WITH LEFT HAND","1: 1  CONDITION APPLIES","1: 1  CONDITION APPLIES","NO","FEMALE","FEMALE"
1981,64735,3,0,6,33790,6,200,1,1,1,4,2,2,2,2,1,1,1,7,3,8,1,1,28,20,"Male","Black","South (AL, AR, DE, DC, FL, GA, KY, LA, MD, MS, NC, OK, SC, TN , TX, VA, WV)","High school diploma (Regular 12 year program)","In CBSA, not in central city","NO","3: Mother","NO","YES","NO","NO","NO","0: 0  CONDITION DOES NOT APPLY","ALWAYS WITH RIGHT HAND","ALWAYS WITH RIGHT HAND","ALWAYS WITH RIGHT HAND","ALWAYS WITH RIGHT HAND","ALWAYS WITH LEFT HAND","1: 1  CONDITION APPLIES","1: 1  CONDITION APPLIES","NO","FEMALE","MALE"
1981,64735,2,1,4,33790,5,183,1,2,2,4,2,5,2,2,1,2,2,4,3,7,1,1,5,13,"Female","Black","South (AL, AR, DE, DC, FL, GA, KY, LA, MD, MS, NC, OK, SC, TN , TX, VA, WV)","High school diploma (Regular 12 year program)","In CBSA, in central city","NO","3: Mother","NO","YES","NO","NO","YES","0: 0  CONDITION DOES NOT APPLY","ALWAYS WITH RIGHT HAND","ALWAYS WITH RIGHT HAND","ALWAYS WITH RIGHT HAND","ALWAYS WITH RIGHT HAND","ALWAYS WITH LEFT HAND","1: 1  CONDITION APPLIES","1: 1  CONDITION APPLIES","NO","FEMALE","MALE"
1982,64735,1,0,5,33790,5,122,1,1,2,4,2,2,1,1,1,2,1,1,1,8,1,1,30,21,"Male","Non-Black / Non-Hispanic","South (AL, AR, DE, DC, FL, GA, KY, LA, MD, MS, NC, OK, SC, TN , TX, VA, WV)","None","In CBSA, in central city","NO","3: Mother","NO","YES","NO","NO","NO","0: 0  CONDITION DOES NOT APPLY","ALWAYS WITH RIGHT HAND","ALWAYS WITH RIGHT HAND","ALWAYS WITH RIGHT HAND","ALWAYS WITH RIGHT HAND","ALWAYS WITH LEFT HAND","1: 1  CONDITION APPLIES","1: 1  CONDITION APPLIES","NO","FEMALE","MALE"
1982,64735,3,0,3,33790,6,181,1,2,3,3,2,6,1,2,1,2,1,5,3,7,1,1,30,20,"Female","Non-Black / Non-Hispanic","North Central (IL, IN, IA, KS, MI, MN, MO, NE, OH, ND, SD, WI)","Associate/Junior college (AA)","In CBSA, in central city","NO","3: Mother","YES","NO","NO","NO","NO","0: 0  CONDITION DOES NOT APPLY","ALWAYS WITH RIGHT HAND","USUALLY WITH BOTH HANDS EQUALLY","ALWAYS WITH RIGHT HAND","ALWAYS WITH RIGHT HAND","ALWAYS WITH LEFT HAND","1: 1  CONDITION APPLIES","1: 1  CONDITION APPLIES","NO","MALE","FEMALE"
1982,64735,2,1,3,33790,5,185,2,2,3,4,1,2,2,2,1,1,1,2,5,5,1,1,29,17,"Female","Non-Black / Non-Hispanic","South (AL, AR, DE, DC, FL, GA, KY, LA, MD, MS, NC, OK, SC, TN , TX, VA, WV)","High school diploma (Regular 12 year program)","Not in CBSA","YES","3: Mother","NO","NO","NO","NO","NO","0: 0  CONDITION DOES NOT APPLY","ALWAYS WITH RIGHT HAND","USUALLY WITH BOTH HANDS EQUALLY","ALWAYS WITH RIGHT HAND","ALWAYS WITH RIGHT HAND","ALWAYS WITH LEFT HAND","1: 1  CONDITION APPLIES","1: 1  CONDITION APPLIES","NO","FEMALE","FEMALE"
1981,64735,4,1,2,33790,5,183,1,1,2,4,2,10,1,1,1,2,1,3,1,7,1,1,31,20,"Male","Non-Black / Non-Hispanic","West (AK, AZ, CA, CO, HI, ID, MT, NV, NM, OR, UT, WA, WY)","High school diploma (Regular 12 year program)","In CBSA, not in central city","NO","3: Mother","NO","NO","NO","NO","YES","0: 0  CONDITION DOES NOT APPLY","ALWAYS WITH RIGHT HAND","ALWAYS WITH RIGHT HAND","ALWAYS WITH RIGHT HAND","ALWAYS WITH RIGHT HAND","ALWAYS WITH LEFT HAND","1: 1  CONDITION APPLIES","0: 0  CONDITION DOES NOT APPLY","NO","MALE","MALE"
1983,64735,4,2,3,33790,5,122,3,2,3,5,2,6,2,2,1,1,1,6,1,7,1,1,20,5,"Female","Non-Black / Non-Hispanic","South (AL, AR, DE, DC, FL, GA, KY, LA, MD, MS, NC, OK, SC, TN , TX, VA, WV)","GED","In CBSA, in central city","NO","3: Mother","NO","NO","NO","NO","YES","0: 0  CONDITION DOES NOT APPLY","ALWAYS WITH RIGHT HAND","ALWAYS WITH RIGHT HAND","ALWAYS WITH RIGHT HAND","ALWAYS WITH RIGHT HAND","ALWAYS WITH LEFT HAND","1: 1  CONDITION APPLIES","1: 1  CONDITION APPLIES","NO","MALE","MALE"
1984,64735,6,2,1,30000,5,182,2,2,3,3,3,5,2,2,2,1,2,2,4,3,1,1,27,13,"Female","Black","North Central (IL, IN, IA, KS, MI, MN, MO, NE, OH, ND, SD, WI)","High school diploma (Regular 12 year program)","Not in CBSA","NO","3: Mother","YES","NO","NO","NO","YES","0: 0  CONDITION DOES NOT APPLY","ALWAYS WITH RIGHT HAND","ALWAYS WITH RIGHT HAND","ALWAYS WITH RIGHT HAND","ALWAYS WITH RIGHT HAND","ALWAYS WITH LEFT HAND","0: 0  CONDITION DOES NOT APPLY","1: 1  CONDITION APPLIES","NO","FEMALE","FEMALE"
1984,64735,3,0,2,33790,5,185,1,2,1,3,1,2,2,2,1,2,2,4,1,6,4,4,37,28,"Male","Black","North Central (IL, IN, IA, KS, MI, MN, MO, NE, OH, ND, SD, WI)","High school diploma (Regular 12 year program)","In CBSA, not in central city","YES","3: Mother","YES","NO","NO","NO","NO","0: 0  CONDITION DOES NOT APPLY","ALWAYS WITH RIGHT HAND","ALWAYS WITH RIGHT HAND","ALWAYS WITH RIGHT HAND","ALWAYS WITH RIGHT HAND","ALWAYS WITH LEFT HAND","1: 1  CONDITION APPLIES","1: 1  CONDITION APPLIES","YES","FEMALE","MALE"
1980,64735,2,1,2,33790,5,182,1,1,1,6,4,1,2,2,2,2,1,4,2,7,1,1,31,15,"Female","Non-Black / Non-Hispanic","South (AL, AR, DE, DC, FL, GA, KY, LA, MD, MS, NC, OK, SC, TN , TX, VA, WV)","Bachelor's degree (BA, BS)","In CBSA, in central city","NO","3: Mother","NO","YES","NO","NO","YES","0: 0  CONDITION DOES NOT APPLY","ALWAYS WITH RIGHT HAND","ALWAYS WITH RIGHT HAND","ALWAYS WITH RIGHT HAND","ALWAYS WITH RIGHT HAND","ALWAYS WITH LEFT HAND","1: 1  CONDITION APPLIES","1: 1  CONDITION APPLIES","NO","FEMALE","FEMALE"
1984,64735,3,0,2,20000,5,184,1,1,4,3,3,1,1,2,1,2,1,6,2,6,1,1,37,35,"Male","Black","North Central (IL, IN, IA, KS, MI, MN, MO, NE, OH, ND, SD, WI)","Bachelor's degree (BA, BS)","In CBSA, not in central city","YES","3: Mother","NO","NO","YES","NO","NO","0: 0  CONDITION DOES NOT APPLY","ALWAYS WITH RIGHT HAND","ALWAYS WITH RIGHT HAND","ALWAYS WITH RIGHT HAND","ALWAYS WITH RIGHT HAND","ALWAYS WITH LEFT HAND","1: 1  CONDITION APPLIES","1: 1  CONDITION APPLIES","NO","FEMALE","FEMALE"
1984,64735,2,1,2,33790,5,183,1,1,3,3,4,1,2,2,1,2,1,7,2,5,1,1,29,12,"Male","Non-Black / Non-Hispanic","West (AK, AZ, CA, CO, HI, ID, MT, NV, NM, OR, UT, WA, WY)","High school diploma (Regular 12 year program)","In CBSA, not in central city","NO","3: Mother","YES","NO","NO","NO","NO","0: 0  CONDITION DOES NOT APPLY","ALWAYS WITH RIGHT HAND","ALWAYS WITH LEFT HAND","ALWAYS WITH RIGHT HAND","ALWAYS WITH RIGHT HAND","ALWAYS WITH LEFT HAND","0: 0  CONDITION DOES NOT APPLY","1: 1  CONDITION APPLIES","NO","FEMALE","MALE"
1981,65000,2,0,4,25000,5,184,1,1,2,5,3,3,1,2,1,1,1,5,2,6,1,1,32,9,"Female","Black","South (AL, AR, DE, DC, FL, GA, KY, LA, MD, MS, NC, OK, SC, TN , TX, VA, WV)","High school diploma (Regular 12 year program)","In CBSA, not in central city","NO","3: Mother","NO","NO","NO","NO","YES","0: 0  CONDITION DOES NOT APPLY","ALWAYS WITH RIGHT HAND","ALWAYS WITH RIGHT HAND","ALWAYS WITH RIGHT HAND","ALWAYS WITH RIGHT HAND","ALWAYS WITH RIGHT HAND","1: 1  CONDITION APPLIES","1: 1  CONDITION APPLIES","NO","MALE","MALE"
1983,64735,4,1,2,25000,5,150,2,1,3,4,3,4,2,2,1,2,1,5,3,8,1,1,4,12,"Female","Non-Black / Non-Hispanic","West (AK, AZ, CA, CO, HI, ID, MT, NV, NM, OR, UT, WA, WY)","None","In CBSA, not in central city","NO","3: Mother","YES","YES","NO","NO","NO","0: 0  CONDITION DOES NOT APPLY","ALWAYS WITH RIGHT HAND","ALWAYS WITH RIGHT HAND","ALWAYS WITH RIGHT HAND","ALWAYS WITH RIGHT HAND","ALWAYS WITH LEFT HAND","1: 1  CONDITION APPLIES","1: 1  CONDITION APPLIES","NO","MALE","FEMALE"
1981,64735,3,1,1,33790,5,181,1,2,3,4,6,5,2,1,1,2,1,4,1,6,1,1,28,20,"Female","Black","Northeast (CT, ME, MA, NH, NJ, NY, PA, RI, VT)","Bachelor's degree (BA, BS)","Not in CBSA","NO","3: Mother","NO","NO","NO","NO","YES","0: 0  CONDITION DOES NOT APPLY","USUALLY WITH RIGHT HAND","ALWAYS WITH RIGHT HAND","ALWAYS WITH RIGHT HAND","ALWAYS WITH RIGHT HAND","ALWAYS WITH LEFT HAND","1: 1  CONDITION APPLIES","0: 0  CONDITION DOES NOT APPLY","NO","MALE","FEMALE"
1983,64735,3,0,3,33790,6,186,2,1,1,3,1,4,2,1,2,1,2,5,1,6,1,1,30,20,"Female","Black","South (AL, AR, DE, DC, FL, GA, KY, LA, MD, MS, NC, OK, SC, TN , TX, VA, WV)","None","In CBSA, not in central city","NO","3: Mother","NO","NO","NO","NO","YES","0: 0  CONDITION DOES NOT APPLY","ALWAYS WITH RIGHT HAND","USUALLY WITH RIGHT HAND","ALWAYS WITH LEFT HAND","USUALLY WITH RIGHT HAND","ALWAYS WITH LEFT HAND","1: 1  CONDITION APPLIES","1: 1  CONDITION APPLIES","NO","FEMALE","MALE"
1981,64735,5,0,2,33790,5,183,1,2,2,4,2,5,2,2,1,2,1,2,2,6,1,1,32,24,"Female","Non-Black / Non-Hispanic","South (AL, AR, DE, DC, FL, GA, KY, LA, MD, MS, NC, OK, SC, TN , TX, VA, WV)","High school diploma (Regular 12 year program)","In CBSA, not in central city","YES","3: Mother","NO","YES","NO","NO","YES","0: 0  CONDITION DOES NOT APPLY","ALWAYS WITH RIGHT HAND","ALWAYS WITH RIGHT HAND","ALWAYS WITH RIGHT HAND","ALWAYS WITH RIGHT HAND","ALWAYS WITH LEFT HAND","1: 1  CONDITION APPLIES","1: 1  CONDITION APPLIES","NO","MALE","FEMALE"
1981,25000,3,0,1,33790,6,140,1,2,1,3,4,2,2,2,2,2,1,5,2,6,1,1,56,30,"Male","Non-Black / Non-Hispanic","South (AL, AR, DE, DC, FL, GA, KY, LA, MD, MS, NC, OK, SC, TN , TX, VA, WV)","High school diploma (Regular 12 year program)","In CBSA, not in central city","YES","3: Mother","YES","NO","NO","NO","NO","0: 0  CONDITION DOES NOT APPLY","ALWAYS WITH RIGHT HAND","ALWAYS WITH RIGHT HAND","ALWAYS WITH RIGHT HAND","ALWAYS WITH RIGHT HAND","ALWAYS WITH LEFT HAND","1: 1  CONDITION APPLIES","0: 0  CONDITION DOES NOT APPLY","NO","MALE","FEMALE"
1981,64735,3,0,2,11000,6,185,1,1,5,4,3,5,2,2,2,1,1,4,2,6,1,1,52,24,"Female","Non-Black / Non-Hispanic","South (AL, AR, DE, DC, FL, GA, KY, LA, MD, MS, NC, OK, SC, TN , TX, VA, WV)","None","In CBSA, in central city","YES","3: Mother","NO","NO","YES","NO","YES","0: 0  CONDITION DOES NOT APPLY","ALWAYS WITH RIGHT HAND","ALWAYS WITH RIGHT HAND","ALWAYS WITH RIGHT HAND","ALWAYS WITH RIGHT HAND","ALWAYS WITH LEFT HAND","0: 0  CONDITION DOES NOT APPLY","0: 0  CONDITION DOES NOT APPLY","NO","MALE","MALE"
1982,64735,2,0,2,33790,5,225,1,1,2,3,2,2,2,2,1,2,1,4,2,6,1,1,34,25,"Male","Non-Black / Non-Hispanic","West (AK, AZ, CA, CO, HI, ID, MT, NV, NM, OR, UT, WA, WY)","High school diploma (Regular 12 year program)","In CBSA, not in central city","NO","3: Mother","YES","NO","NO","NO","YES","0: 0  CONDITION DOES NOT APPLY","ALWAYS WITH RIGHT HAND","ALWAYS WITH RIGHT HAND","ALWAYS WITH RIGHT HAND","ALWAYS WITH RIGHT HAND","ALWAYS WITH LEFT HAND","1: 1  CONDITION APPLIES","1: 1  CONDITION APPLIES","YES","FEMALE","FEMALE"
1984,64735,2,0,2,33790,5,185,2,1,4,5,3,4,1,2,2,2,2,5,2,7,1,1,31,20,"Male","Non-Black / Non-Hispanic","South (AL, AR, DE, DC, FL, GA, KY, LA, MD, MS, NC, OK, SC, TN , TX, VA, WV)","Master's degree (MA, MS)","In CBSA, in central city","YES","3: Mother","YES","NO","NO","NO","YES","0: 0  CONDITION DOES NOT APPLY","ALWAYS WITH RIGHT HAND","ALWAYS WITH RIGHT HAND","ALWAYS WITH RIGHT HAND","ALWAYS WITH RIGHT HAND","ALWAYS WITH LEFT HAND","1: 1  CONDITION APPLIES","1: 1  CONDITION APPLIES","NO","MALE","FEMALE"
1982,64735,4,0,3,33790,5,181,1,2,6,2,5,5,2,2,1,2,1,7,3,6,1,1,28,20,"Male","Non-Black / Non-Hispanic","South (AL, AR, DE, DC, FL, GA, KY, LA, MD, MS, NC, OK, SC, TN , TX, VA, WV)","High school diploma (Regular 12 year program)","In CBSA, in central city","NO","3: Mother","YES","NO","NO","NO","YES","0: 0  CONDITION DOES NOT APPLY","ALWAYS WITH RIGHT HAND","ALWAYS WITH RIGHT HAND","ALWAYS WITH RIGHT HAND","ALWAYS WITH RIGHT HAND","ALWAYS WITH LEFT HAND","1: 1  CONDITION APPLIES","1: 1  CONDITION APPLIES","NO","MALE","FEMALE"
1980,64735,3,0,2,33790,5,184,2,1,1,5,3,3,2,2,1,2,1,4,1,6,1,1,27,19,"Female","Non-Black / Non-Hispanic","South (AL, AR, DE, DC, FL, GA, KY, LA, MD, MS, NC, OK, SC, TN , TX, VA, WV)","High school diploma (Regular 12 year program)","In CBSA, in central city","NO","3: Mother","YES","NO","YES","NO","YES","0: 0  CONDITION DOES NOT APPLY","ALWAYS WITH RIGHT HAND","ALWAYS WITH RIGHT HAND","ALWAYS WITH RIGHT HAND","ALWAYS WITH RIGHT HAND","USUALLY WITH BOTH HANDS EQUALLY","1: 1  CONDITION APPLIES","1: 1  CONDITION APPLIES","NO","MALE","FEMALE"
1980,28000,3,0,3,33790,5,183,1,1,1,4,1,3,2,1,2,1,1,6,2,5,1,1,32,25,"Male","Black","South (AL, AR, DE, DC, FL, GA, KY, LA, MD, MS, NC, OK, SC, TN , TX, VA, WV)","High school diploma (Regular 12 year program)","In CBSA, in central city","NO","3: Mother","NO","YES","NO","NO","YES","0: 0  CONDITION DOES NOT APPLY","ALWAYS WITH RIGHT HAND","ALWAYS WITH RIGHT HAND","USUALLY WITH RIGHT HAND","ALWAYS WITH RIGHT HAND","ALWAYS WITH LEFT HAND","1: 1  CONDITION APPLIES","1: 1  CONDITION APPLIES","NO","FEMALE","MALE"
1982,64735,3,1,2,33790,5,184,1,1,3,4,1,4,2,2,1,2,1,4,2,8,1,1,22,4,"Male","Non-Black / Non-Hispanic","South (AL, AR, DE, DC, FL, GA, KY, LA, MD, MS, NC, OK, SC, TN , TX, VA, WV)","High school diploma (Regular 12 year program)","In CBSA, not in central city","NO","3: Mother","YES","NO","NO","NO","YES","0: 0  CONDITION DOES NOT APPLY","ALWAYS WITH RIGHT HAND","ALWAYS WITH RIGHT HAND","ALWAYS WITH RIGHT HAND","ALWAYS WITH RIGHT HAND","ALWAYS WITH LEFT HAND","1: 1  CONDITION APPLIES","1: 1  CONDITION APPLIES","NO","MALE","FEMALE"
1982,33064,2,1,1,33790,5,185,1,1,3,4,3,2,2,2,1,2,1,5,2,6,1,1,30,19,"Male","Black","Northeast (CT, ME, MA, NH, NJ, NY, PA, RI, VT)","High school diploma (Regular 12 year program)","In CBSA, not in central city","NO","3: Mother","YES","NO","NO","NO","YES","0: 0  CONDITION DOES NOT APPLY","ALWAYS WITH RIGHT HAND","ALWAYS WITH RIGHT HAND","ALWAYS WITH RIGHT HAND","ALWAYS WITH RIGHT HAND","ALWAYS WITH LEFT HAND","1: 1  CONDITION APPLIES","1: 1  CONDITION APPLIES","NO","FEMALE","MALE"
1984,64735,4,1,2,33790,5,185,1,1,1,4,2,4,2,2,1,2,1,4,3,8,1,1,7,14,"Male","Non-Black / Non-Hispanic","South (AL, AR, DE, DC, FL, GA, KY, LA, MD, MS, NC, OK, SC, TN , TX, VA, WV)","Bachelor's degree (BA, BS)","In CBSA, not in central city","NO","3: Mother","NO","YES","NO","NO","YES","0: 0  CONDITION DOES NOT APPLY","ALWAYS WITH RIGHT HAND","ALWAYS WITH RIGHT HAND","ALWAYS WITH RIGHT HAND","ALWAYS WITH RIGHT HAND","ALWAYS WITH LEFT HAND","1: 1  CONDITION APPLIES","1: 1  CONDITION APPLIES","NO","MALE","FEMALE"
1983,64735,2,0,2,33790,5,180,1,1,2,4,5,5,2,2,1,2,1,7,2,6,1,1,29,19,"Male","Hispanic","Northeast (CT, ME, MA, NH, NJ, NY, PA, RI, VT)","High school diploma (Regular 12 year program)","In CBSA, in central city","NO","3: Mother","YES","NO","YES","NO","NO","0: 0  CONDITION DOES NOT APPLY","ALWAYS WITH RIGHT HAND","ALWAYS WITH LEFT HAND","USUALLY WITH RIGHT HAND","ALWAYS WITH RIGHT HAND","USUALLY WITH BOTH HANDS EQUALLY","0: 0  CONDITION DOES NOT APPLY","1: 1  CONDITION APPLIES","NO","FEMALE","FEMALE"
1981,60400,2,0,3,33790,5,182,2,1,3,3,1,3,2,2,2,2,1,4,2,8,1,1,27,22,"Male","Non-Black / Non-Hispanic","South (AL, AR, DE, DC, FL, GA, KY, LA, MD, MS, NC, OK, SC, TN , TX, VA, WV)","High school diploma (Regular 12 year program)","In CBSA, in central city","NO","3: Mother","NO","NO","NO","NO","YES","0: 0  CONDITION DOES NOT APPLY","ALWAYS WITH RIGHT HAND","ALWAYS WITH RIGHT HAND","ALWAYS WITH RIGHT HAND","ALWAYS WITH RIGHT HAND","ALWAYS WITH LEFT HAND","1: 1  CONDITION APPLIES","1: 1  CONDITION APPLIES","NO","MALE","MALE"
1981,64735,4,0,3,33790,4,175,1,2,2,4,4,4,1,1,1,1,1,6,1,9,1,1,28,20,"Female","Non-Black / Non-Hispanic","South (AL, AR, DE, DC, FL, GA, KY, LA, MD, MS, NC, OK, SC, TN , TX, VA, WV)","None","In CBSA, not in central city","NO","3: Mother","NO","NO","NO","NO","YES","0: 0  CONDITION DOES NOT APPLY","ALWAYS WITH RIGHT HAND","ALWAYS WITH RIGHT HAND","ALWAYS WITH RIGHT HAND","ALWAYS WITH RIGHT HAND","USUALLY WITH LEFT HAND","0: 0  CONDITION DOES NOT APPLY","1: 1  CONDITION APPLIES","NO","MALE","FEMALE"
1983,64735,5,0,1,33790,6,182,1,1,2,4,4,4,2,2,1,1,1,5,3,6,1,1,67,29,"Female","Non-Black / Non-Hispanic","South (AL, AR, DE, DC, FL, GA, KY, LA, MD, MS, NC, OK, SC, TN , TX, VA, WV)","High school diploma (Regular 12 year program)","In CBSA, not in central city","YES","3: Mother","NO","YES","NO","NO","YES","0: 0  CONDITION DOES NOT APPLY","ALWAYS WITH RIGHT HAND","ALWAYS WITH RIGHT HAND","ALWAYS WITH RIGHT HAND","ALWAYS WITH RIGHT HAND","ALWAYS WITH LEFT HAND","1: 1  CONDITION APPLIES","1: 1  CONDITION APPLIES","NO","FEMALE","MALE"
1984,64735,4,0,3,33790,5,183,1,1,4,1,4,2,2,2,1,2,1,7,2,7,1,1,29,24,"Male","Non-Black / Non-Hispanic","West (AK, AZ, CA, CO, HI, ID, MT, NV, NM, OR, UT, WA, WY)","Associate/Junior college (AA)","In CBSA, not in central city","NO","3: Mother","NO","NO","NO","NO","YES","0: 0  CONDITION DOES NOT APPLY","ALWAYS WITH LEFT HAND","ALWAYS WITH LEFT HAND","ALWAYS WITH LEFT HAND","ALWAYS WITH LEFT HAND","DON'T DO THIS ACTIVITY","1: 1  CONDITION APPLIES","1: 1  CONDITION APPLIES","NO","MALE","MALE"
1983,64735,4,0,2,33790,5,182,1,2,2,4,3,4,2,2,1,1,1,6,1,8,1,1,25,21,"Female","Non-Black / Non-Hispanic","South (AL, AR, DE, DC, FL, GA, KY, LA, MD, MS, NC, OK, SC, TN , TX, VA, WV)","High school diploma (Regular 12 year program)","In CBSA, not in central city","NO","3: Mother","NO","YES","NO","NO","YES","0: 0  CONDITION DOES NOT APPLY","ALWAYS WITH RIGHT HAND","ALWAYS WITH RIGHT HAND","ALWAYS WITH RIGHT HAND","ALWAYS WITH RIGHT HAND","ALWAYS WITH LEFT HAND","1: 1  CONDITION APPLIES","1: 1  CONDITION APPLIES","NO","FEMALE","MALE"
1984,64735,3,1,6,33790,5,183,2,2,2,4,2,4,2,2,1,2,1,1,3,7,1,2,9,16,"Female","Non-Black / Non-Hispanic","South (AL, AR, DE, DC, FL, GA, KY, LA, MD, MS, NC, OK, SC, TN , TX, VA, WV)","High school diploma (Regular 12 year program)","In CBSA, not in central city","NO","3: Mother","NO","NO","NO","NO","YES","0: 0  CONDITION DOES NOT APPLY","ALWAYS WITH RIGHT HAND","ALWAYS WITH RIGHT HAND","ALWAYS WITH RIGHT HAND","ALWAYS WITH RIGHT HAND","ALWAYS WITH LEFT HAND","1: 1  CONDITION APPLIES","1: 1  CONDITION APPLIES","NO","MALE","FEMALE"
1983,64735,4,1,5,30000,6,187,1,1,1,2,4,3,2,2,2,2,1,3,3,4,1,1,34,23,"Male","Black","South (AL, AR, DE, DC, FL, GA, KY, LA, MD, MS, NC, OK, SC, TN , TX, VA, WV)","High school diploma (Regular 12 year program)","In CBSA, not in central city","NO","3: Mother","NO","YES","NO","NO","YES","0: 0  CONDITION DOES NOT APPLY","DON'T DO THIS ACTIVITY","DON'T DO THIS ACTIVITY","ALWAYS WITH RIGHT HAND","USUALLY WITH LEFT HAND","ALWAYS WITH LEFT HAND","1: 1  CONDITION APPLIES","1: 1  CONDITION APPLIES","NO","FEMALE","MALE"
1983,64735,3,1,3,38000,5,183,1,1,1,2,6,4,2,2,1,2,1,5,2,6,1,1,29,22,"Female","Black","South (AL, AR, DE, DC, FL, GA, KY, LA, MD, MS, NC, OK, SC, TN , TX, VA, WV)","GED","In CBSA, not in central city","NO","3: Mother","NO","NO","NO","NO","YES","0: 0  CONDITION DOES NOT APPLY","ALWAYS WITH RIGHT HAND","ALWAYS WITH RIGHT HAND","ALWAYS WITH RIGHT HAND","ALWAYS WITH RIGHT HAND","ALWAYS WITH LEFT HAND","1: 1  CONDITION APPLIES","1: 1  CONDITION APPLIES","NO","FEMALE","MALE"
1981,64735,5,1,3,33790,5,179,1,1,2,3,4,5,2,1,2,2,1,2,1,6,1,1,30,16,"Male","Non-Black / Non-Hispanic","South (AL, AR, DE, DC, FL, GA, KY, LA, MD, MS, NC, OK, SC, TN , TX, VA, WV)","High school diploma (Regular 12 year program)","In CBSA, not in central city","NO","3: Mother","YES","NO","YES","NO","YES","0: 0  CONDITION DOES NOT APPLY","ALWAYS WITH RIGHT HAND","ALWAYS WITH RIGHT HAND","DON'T DO THIS ACTIVITY","USUALLY WITH RIGHT HAND","USUALLY WITH LEFT HAND","1: 1  CONDITION APPLIES","1: 1  CONDITION APPLIES","NO","FEMALE","FEMALE"
1984,1750,4,0,2,33790,6,181,1,1,4,3,2,5,2,2,2,2,1,6,2,7,1,1,33,26,"Male","Non-Black / Non-Hispanic","South (AL, AR, DE, DC, FL, GA, KY, LA, MD, MS, NC, OK, SC, TN , TX, VA, WV)","Bachelor's degree (BA, BS)","In CBSA, not in central city","YES","3: Mother","YES","NO","NO","NO","YES","0: 0  CONDITION DOES NOT APPLY","ALWAYS WITH RIGHT HAND","ALWAYS WITH RIGHT HAND","ALWAYS WITH RIGHT HAND","USUALLY WITH BOTH HANDS EQUALLY","ALWAYS WITH LEFT HAND","1: 1  CONDITION APPLIES","1: 1  CONDITION APPLIES","NO","FEMALE","MALE"
1981,64735,6,1,2,33790,6,170,1,1,2,3,2,7,2,1,1,2,2,5,4,6,1,1,36,49,"Female","Non-Black / Non-Hispanic","North Central (IL, IN, IA, KS, MI, MN, MO, NE, OH, ND, SD, WI)","High school diploma (Regular 12 year program)","In CBSA, not in central city","YES","3: Mother","YES","NO","NO","NO","YES","0: 0  CONDITION DOES NOT APPLY","ALWAYS WITH RIGHT HAND","ALWAYS WITH RIGHT HAND","ALWAYS WITH RIGHT HAND","ALWAYS WITH RIGHT HAND","ALWAYS WITH LEFT HAND","1: 1  CONDITION APPLIES","1: 1  CONDITION APPLIES","NO","MALE","FEMALE"
1980,91800,5,1,2,33790,6,184,2,2,2,4,6,2,2,2,1,2,1,9,2,4,1,1,31,21,"Male","Non-Black / Non-Hispanic","South (AL, AR, DE, DC, FL, GA, KY, LA, MD, MS, NC, OK, SC, TN , TX, VA, WV)","GED","In CBSA, not in central city","NO","3: Mother","NO","YES","NO","NO","NO","0: 0  CONDITION DOES NOT APPLY","ALWAYS WITH RIGHT HAND","ALWAYS WITH RIGHT HAND","ALWAYS WITH RIGHT HAND","ALWAYS WITH RIGHT HAND","ALWAYS WITH LEFT HAND","1: 1  CONDITION APPLIES","1: 1  CONDITION APPLIES","NO","MALE","FEMALE"
1986,64735,4,1,1,33790,5,166,1,1,3,4,2,3,2,2,1,2,2,3,3,6,1,1,30,20,"Male","Non-Black / Non-Hispanic","North Central (IL, IN, IA, KS, MI, MN, MO, NE, OH, ND, SD, WI)","GED","In CBSA, not in central city","NO","3: Mother","YES","NO","NO","NO","YES","0: 0  CONDITION DOES NOT APPLY","ALWAYS WITH RIGHT HAND","ALWAYS WITH RIGHT HAND","ALWAYS WITH RIGHT HAND","ALWAYS WITH RIGHT HAND","ALWAYS WITH LEFT HAND","1: 1  CONDITION APPLIES","1: 1  CONDITION APPLIES","NO","FEMALE","MALE"
1980,64735,3,1,1,33790,5,155,2,2,2,2,6,5,2,2,1,1,2,6,6,7,1,1,31,21,"Male","Non-Black / Non-Hispanic","South (AL, AR, DE, DC, FL, GA, KY, LA, MD, MS, NC, OK, SC, TN , TX, VA, WV)","Bachelor's degree (BA, BS)","In CBSA, not in central city","NO","3: Mother","YES","NO","NO","NO","YES","0: 0  CONDITION DOES NOT APPLY","ALWAYS WITH RIGHT HAND","ALWAYS WITH RIGHT HAND","ALWAYS WITH RIGHT HAND","ALWAYS WITH RIGHT HAND","ALWAYS WITH LEFT HAND","1: 1  CONDITION APPLIES","1: 1  CONDITION APPLIES","NO","MALE","MALE"
1984,64735,4,0,2,33790,6,185,1,2,3,3,2,4,1,2,1,1,1,6,4,5,1,1,35,22,"Male","Black","South (AL, AR, DE, DC, FL, GA, KY, LA, MD, MS, NC, OK, SC, TN , TX, VA, WV)","None","In CBSA, not in central city","YES","3: Mother","YES","YES","NO","NO","YES","0: 0  CONDITION DOES NOT APPLY","ALWAYS WITH RIGHT HAND","ALWAYS WITH RIGHT HAND","ALWAYS WITH RIGHT HAND","ALWAYS WITH RIGHT HAND","ALWAYS WITH LEFT HAND","1: 1  CONDITION APPLIES","1: 1  CONDITION APPLIES","NO","FEMALE","MALE"
1980,64735,3,0,2,33790,5,183,1,1,1,4,2,3,2,3,1,3,1,6,2,6,1,1,32,20,"Male","Non-Black / Non-Hispanic","South (AL, AR, DE, DC, FL, GA, KY, LA, MD, MS, NC, OK, SC, TN , TX, VA, WV)","High school diploma (Regular 12 year program)","In CBSA, in central city","NO","3: Mother","NO","NO","NO","NO","YES","0: 0  CONDITION DOES NOT APPLY","ALWAYS WITH RIGHT HAND","ALWAYS WITH RIGHT HAND","ALWAYS WITH RIGHT HAND","ALWAYS WITH RIGHT HAND","ALWAYS WITH LEFT HAND","1: 1  CONDITION APPLIES","1: 1  CONDITION APPLIES","NO","FEMALE","MALE"
1983,29000,4,0,2,33790,5,140,1,2,1,2,2,3,2,2,2,2,2,6,2,6,1,1,28,20,"Male","Black","South (AL, AR, DE, DC, FL, GA, KY, LA, MD, MS, NC, OK, SC, TN , TX, VA, WV)","High school diploma (Regular 12 year program)","In CBSA, not in central city","NO","3: Mother","YES","YES","NO","NO","NO","0: 0  CONDITION DOES NOT APPLY","ALWAYS WITH RIGHT HAND","ALWAYS WITH RIGHT HAND","USUALLY WITH BOTH HANDS EQUALLY","ALWAYS WITH RIGHT HAND","ALWAYS WITH LEFT HAND","1: 1  CONDITION APPLIES","1: 1  CONDITION APPLIES","NO","MALE","FEMALE"
1983,64735,5,1,2,33790,6,181,1,1,2,4,2,3,1,2,2,1,1,3,2,8,1,1,28,16,"Male","Black","South (AL, AR, DE, DC, FL, GA, KY, LA, MD, MS, NC, OK, SC, TN , TX, VA, WV)","Master's degree (MA, MS)","In CBSA, not in central city","NO","3: Mother","NO","NO","NO","NO","YES","0: 0  CONDITION DOES NOT APPLY","DON'T DO THIS ACTIVITY","DON'T DO THIS ACTIVITY","ALWAYS WITH RIGHT HAND","ALWAYS WITH RIGHT HAND","ALWAYS WITH LEFT HAND","1: 1  CONDITION APPLIES","1: 1  CONDITION APPLIES","NO","FEMALE","FEMALE"
1983,64735,1,0,3,33790,5,181,1,1,4,2,4,5,2,2,2,2,2,2,2,7,1,1,33,26,"Female","Non-Black / Non-Hispanic","South (AL, AR, DE, DC, FL, GA, KY, LA, MD, MS, NC, OK, SC, TN , TX, VA, WV)","None","In CBSA, not in central city","NO","3: Mother","NO","YES","NO","NO","YES","0: 0  CONDITION DOES NOT APPLY","ALWAYS WITH RIGHT HAND","ALWAYS WITH RIGHT HAND","ALWAYS WITH RIGHT HAND","ALWAYS WITH RIGHT HAND","ALWAYS WITH LEFT HAND","1: 1  CONDITION APPLIES","1: 1  CONDITION APPLIES","NO","FEMALE","MALE"
1982,64735,4,1,1,33790,5,156,2,1,1,3,2,5,1,1,2,1,1,2,2,7,1,2,37,26,"Male","Non-Black / Non-Hispanic","West (AK, AZ, CA, CO, HI, ID, MT, NV, NM, OR, UT, WA, WY)","None","In CBSA, in central city","YES","3: Mother","NO","YES","YES","YES","NO","0: 0  CONDITION DOES NOT APPLY","ALWAYS WITH RIGHT HAND","ALWAYS WITH RIGHT HAND","ALWAYS WITH RIGHT HAND","ALWAYS WITH RIGHT HAND","ALWAYS WITH LEFT HAND","1: 1  CONDITION APPLIES","0: 0  CONDITION DOES NOT APPLY","NO","MALE","MALE"
1983,64735,3,0,2,33790,5,184,1,1,3,6,3,4,2,1,1,2,1,6,3,6,1,1,28,19,"Male","Non-Black / Non-Hispanic","South (AL, AR, DE, DC, FL, GA, KY, LA, MD, MS, NC, OK, SC, TN , TX, VA, WV)","High school diploma (Regular 12 year program)","In CBSA, in central city","NO","3: Mother","YES","NO","NO","NO","YES","0: 0  CONDITION DOES NOT APPLY","ALWAYS WITH RIGHT HAND","ALWAYS WITH RIGHT HAND","ALWAYS WITH RIGHT HAND","ALWAYS WITH RIGHT HAND","ALWAYS WITH LEFT HAND","1: 1  CONDITION APPLIES","1: 1  CONDITION APPLIES","NO","FEMALE","MALE"
1983,64735,3,1,2,25000,6,182,2,1,1,3,2,5,2,1,1,2,1,3,1,6,1,1,31,22,"Female","Non-Black / Non-Hispanic","North Central (IL, IN, IA, KS, MI, MN, MO, NE, OH, ND, SD, WI)","High school diploma (Regular 12 year program)","In CBSA, not in central city","NO","3: Mother","YES","NO","NO","NO","YES","0: 0  CONDITION DOES NOT APPLY","USUALLY WITH RIGHT HAND","ALWAYS WITH RIGHT HAND","ALWAYS WITH RIGHT HAND","ALWAYS WITH RIGHT HAND","ALWAYS WITH LEFT HAND","1: 1  CONDITION APPLIES","1: 1  CONDITION APPLIES","NO","MALE","FEMALE"
1983,64735,4,0,2,33790,5,185,1,2,2,6,4,3,2,2,1,2,1,5,3,7,1,2,28,21,"Female","Non-Black / Non-Hispanic","South (AL, AR, DE, DC, FL, GA, KY, LA, MD, MS, NC, OK, SC, TN , TX, VA, WV)","High school diploma (Regular 12 year program)","In CBSA, in central city","NO","3: Mother","NO","YES","NO","YES","YES","0: 0  CONDITION DOES NOT APPLY","ALWAYS WITH RIGHT HAND","ALWAYS WITH RIGHT HAND","ALWAYS WITH RIGHT HAND","ALWAYS WITH RIGHT HAND","ALWAYS WITH LEFT HAND","1: 1  CONDITION APPLIES","1: 1  CONDITION APPLIES","NO","FEMALE","FEMALE"
1984,64735,3,0,3,33790,5,184,2,1,2,4,5,3,2,2,2,2,2,5,4,7,1,1,34,27,"Female","Non-Black / Non-Hispanic","North Central (IL, IN, IA, KS, MI, MN, MO, NE, OH, ND, SD, WI)","High school diploma (Regular 12 year program)","In CBSA, not in central city","YES","3: Mother","NO","YES","NO","NO","NO","0: 0  CONDITION DOES NOT APPLY","ALWAYS WITH RIGHT HAND","DON'T DO THIS ACTIVITY","ALWAYS WITH RIGHT HAND","DON'T DO THIS ACTIVITY","ALWAYS WITH LEFT HAND","1: 1  CONDITION APPLIES","1: 1  CONDITION APPLIES","NO","MALE","MALE"
1984,64735,3,1,1,33790,6,182,1,1,3,4,6,5,2,2,2,2,1,2,1,7,1,1,30,22,"Female","Non-Black / Non-Hispanic","North Central (IL, IN, IA, KS, MI, MN, MO, NE, OH, ND, SD, WI)","GED","In CBSA, not in central city","YES","3: Mother","YES","NO","NO","NO","YES","0: 0  CONDITION DOES NOT APPLY","ALWAYS WITH RIGHT HAND","ALWAYS WITH RIGHT HAND","ALWAYS WITH RIGHT HAND","ALWAYS WITH RIGHT HAND","ALWAYS WITH LEFT HAND","1: 1  CONDITION APPLIES","1: 1  CONDITION APPLIES","NO","MALE","FEMALE"
1981,64735,4,1,5,33790,5,180,2,1,1,3,6,8,2,2,1,2,1,6,2,6,1,1,37,20,"Female","Non-Black / Non-Hispanic","South (AL, AR, DE, DC, FL, GA, KY, LA, MD, MS, NC, OK, SC, TN , TX, VA, WV)","High school diploma (Regular 12 year program)","In CBSA, in central city","NO","3: Mother","YES","NO","NO","NO","YES","0: 0  CONDITION DOES NOT APPLY","ALWAYS WITH RIGHT HAND","ALWAYS WITH RIGHT HAND","ALWAYS WITH LEFT HAND","ALWAYS WITH LEFT HAND","ALWAYS WITH RIGHT HAND","1: 1  CONDITION APPLIES","1: 1  CONDITION APPLIES","NO","MALE","FEMALE"
1981,64735,5,0,3,33790,5,182,1,2,1,3,5,3,2,1,2,2,1,6,1,8,1,1,30,22,"Male","Black","North Central (IL, IN, IA, KS, MI, MN, MO, NE, OH, ND, SD, WI)","High school diploma (Regular 12 year program)","In CBSA, not in central city","NO","3: Mother","YES","YES","NO","NO","YES","0: 0  CONDITION DOES NOT APPLY","ALWAYS WITH RIGHT HAND","ALWAYS WITH RIGHT HAND","ALWAYS WITH LEFT HAND","ALWAYS WITH LEFT HAND","ALWAYS WITH LEFT HAND","1: 1  CONDITION APPLIES","1: 1  CONDITION APPLIES","NO","MALE","MALE"
1983,64735,4,0,1,33790,5,184,1,1,1,4,5,3,1,2,1,2,1,2,2,6,1,1,37,27,"Male","Black","South (AL, AR, DE, DC, FL, GA, KY, LA, MD, MS, NC, OK, SC, TN , TX, VA, WV)","High school diploma (Regular 12 year program)","In CBSA, not in central city","YES","3: Mother","NO","YES","NO","NO","YES","0: 0  CONDITION DOES NOT APPLY","ALWAYS WITH RIGHT HAND","ALWAYS WITH RIGHT HAND","ALWAYS WITH RIGHT HAND","ALWAYS WITH RIGHT HAND","ALWAYS WITH LEFT HAND","1: 1  CONDITION APPLIES","1: 1  CONDITION APPLIES","NO","FEMALE","FEMALE"
1981,64735,4,1,2,25000,5,184,1,2,2,3,2,3,2,2,2,2,2,3,4,8,1,1,29,19,"Male","Non-Black / Non-Hispanic","South (AL, AR, DE, DC, FL, GA, KY, LA, MD, MS, NC, OK, SC, TN , TX, VA, WV)","None","In CBSA, in central city","NO","3: Mother","NO","NO","NO","NO","YES","0: 0  CONDITION DOES NOT APPLY","ALWAYS WITH RIGHT HAND","ALWAYS WITH RIGHT HAND","ALWAYS WITH RIGHT HAND","ALWAYS WITH RIGHT HAND","ALWAYS WITH LEFT HAND","1: 1  CONDITION APPLIES","1: 1  CONDITION APPLIES","NO","FEMALE","MALE"
1981,64735,3,1,3,33790,5,183,2,2,1,3,3,4,2,2,1,1,1,1,3,7,1,1,19,15,"Female","Mixed Race (Non-Hispanic)","South (AL, AR, DE, DC, FL, GA, KY, LA, MD, MS, NC, OK, SC, TN , TX, VA, WV)","None","In CBSA, not in central city","NO","3: Mother","YES","YES","NO","NO","YES","0: 0  CONDITION DOES NOT APPLY","ALWAYS WITH RIGHT HAND","USUALLY WITH RIGHT HAND","ALWAYS WITH RIGHT HAND","ALWAYS WITH RIGHT HAND","ALWAYS WITH LEFT HAND","1: 1  CONDITION APPLIES","1: 1  CONDITION APPLIES","NO","FEMALE","FEMALE"
1983,64735,4,1,3,33790,5,185,1,1,4,5,2,2,2,2,1,2,1,6,2,6,1,1,31,15,"Female","Non-Black / Non-Hispanic","Northeast (CT, ME, MA, NH, NJ, NY, PA, RI, VT)","High school diploma (Regular 12 year program)","In CBSA, not in central city","NO","3: Mother","NO","NO","NO","NO","YES","0: 0  CONDITION DOES NOT APPLY","ALWAYS WITH RIGHT HAND","USUALLY WITH RIGHT HAND","ALWAYS WITH RIGHT HAND","ALWAYS WITH RIGHT HAND","ALWAYS WITH LEFT HAND","1: 1  CONDITION APPLIES","1: 1  CONDITION APPLIES","NO","MALE","FEMALE"
1986,47000,5,1,2,33790,5,186,1,2,2,5,2,1,2,2,1,2,1,4,3,6,1,1,32,19,"Female","Hispanic","South (AL, AR, DE, DC, FL, GA, KY, LA, MD, MS, NC, OK, SC, TN , TX, VA, WV)","High school diploma (Regular 12 year program)","In CBSA, not in central city","NO","3: Mother","NO","NO","NO","NO","YES","0: 0  CONDITION DOES NOT APPLY","ALWAYS WITH RIGHT HAND","ALWAYS WITH RIGHT HAND","ALWAYS WITH RIGHT HAND","ALWAYS WITH RIGHT HAND","ALWAYS WITH LEFT HAND","1: 1  CONDITION APPLIES","1: 1  CONDITION APPLIES","NO","MALE","MALE"
1981,56250,4,0,3,33790,6,181,1,2,4,3,2,4,2,1,1,1,1,6,2,5,1,1,26,17,"Male","Black","South (AL, AR, DE, DC, FL, GA, KY, LA, MD, MS, NC, OK, SC, TN , TX, VA, WV)","High school diploma (Regular 12 year program)","In CBSA, not in central city","YES","3: Mother","NO","NO","NO","NO","YES","0: 0  CONDITION DOES NOT APPLY","ALWAYS WITH RIGHT HAND","ALWAYS WITH RIGHT HAND","ALWAYS WITH RIGHT HAND","ALWAYS WITH RIGHT HAND","ALWAYS WITH LEFT HAND","1: 1  CONDITION APPLIES","1: 1  CONDITION APPLIES","NO","FEMALE","FEMALE"
1981,64735,4,0,2,33790,5,182,3,1,1,4,3,2,2,2,1,2,1,8,3,7,1,1,27,4,"Male","Black","West (AK, AZ, CA, CO, HI, ID, MT, NV, NM, OR, UT, WA, WY)","High school diploma (Regular 12 year program)","In CBSA, not in central city","NO","3: Mother","YES","NO","NO","NO","YES","0: 0  CONDITION DOES NOT APPLY","ALWAYS WITH RIGHT HAND","ALWAYS WITH RIGHT HAND","ALWAYS WITH RIGHT HAND","ALWAYS WITH RIGHT HAND","ALWAYS WITH LEFT HAND","1: 1  CONDITION APPLIES","1: 1  CONDITION APPLIES","NO","MALE","FEMALE"
1983,64735,3,1,2,33790,5,184,1,1,1,5,4,4,2,2,1,2,1,4,1,5,1,1,32,15,"Male","Non-Black / Non-Hispanic","South (AL, AR, DE, DC, FL, GA, KY, LA, MD, MS, NC, OK, SC, TN , TX, VA, WV)","High school diploma (Regular 12 year program)","In CBSA, not in central city","NO","3: Mother","YES","NO","NO","NO","YES","0: 0  CONDITION DOES NOT APPLY","ALWAYS WITH RIGHT HAND","ALWAYS WITH RIGHT HAND","ALWAYS WITH RIGHT HAND","ALWAYS WITH RIGHT HAND","ALWAYS WITH LEFT HAND","1: 1  CONDITION APPLIES","1: 1  CONDITION APPLIES","NO","FEMALE","MALE"
1984,64735,5,1,1,33790,5,181,1,1,2,1,7,6,2,2,1,2,1,6,2,6,1,1,28,18,"Female","Black","West (AK, AZ, CA, CO, HI, ID, MT, NV, NM, OR, UT, WA, WY)","High school diploma (Regular 12 year program)","In CBSA, in central city","NO","5: Adoptive Mother","NO","YES","NO","NO","YES","0: 0  CONDITION DOES NOT APPLY","ALWAYS WITH RIGHT HAND","ALWAYS WITH RIGHT HAND","USUALLY WITH BOTH HANDS EQUALLY","ALWAYS WITH RIGHT HAND","ALWAYS WITH LEFT HAND","0: 0  CONDITION DOES NOT APPLY","1: 1  CONDITION APPLIES","YES","FEMALE","FEMALE"
1984,64735,2,0,2,33790,6,185,1,1,4,3,4,5,1,2,2,2,2,7,1,5,1,1,32,23,"Male","Non-Black / Non-Hispanic","South (AL, AR, DE, DC, FL, GA, KY, LA, MD, MS, NC, OK, SC, TN , TX, VA, WV)","High school diploma (Regular 12 year program)","In CBSA, in central city","NO","3: Mother","YES","NO","YES","NO","NO","0: 0  CONDITION DOES NOT APPLY","ALWAYS WITH RIGHT HAND","ALWAYS WITH RIGHT HAND","ALWAYS WITH RIGHT HAND","ALWAYS WITH RIGHT HAND","ALWAYS WITH LEFT HAND","1: 1  CONDITION APPLIES","1: 1  CONDITION APPLIES","NO","FEMALE","MALE"
1983,64735,3,0,2,33790,5,177,1,1,3,3,2,4,2,1,1,1,1,4,1,9,1,1,26,22,"Male","Non-Black / Non-Hispanic","South (AL, AR, DE, DC, FL, GA, KY, LA, MD, MS, NC, OK, SC, TN , TX, VA, WV)","Bachelor's degree (BA, BS)","In CBSA, in central city","NO","3: Mother","NO","NO","NO","NO","YES","0: 0  CONDITION DOES NOT APPLY","ALWAYS WITH RIGHT HAND","ALWAYS WITH RIGHT HAND","ALWAYS WITH RIGHT HAND","ALWAYS WITH RIGHT HAND","ALWAYS WITH LEFT HAND","1: 1  CONDITION APPLIES","1: 1  CONDITION APPLIES","NO","FEMALE","FEMALE"
1982,64735,2,0,2,33790,5,183,1,1,4,3,5,5,2,2,2,2,1,5,2,7,1,1,30,19,"Female","Non-Black / Non-Hispanic","South (AL, AR, DE, DC, FL, GA, KY, LA, MD, MS, NC, OK, SC, TN , TX, VA, WV)","Bachelor's degree (BA, BS)","In CBSA, in central city","NO","3: Mother","NO","NO","NO","NO","YES","0: 0  CONDITION DOES NOT APPLY","ALWAYS WITH RIGHT HAND","ALWAYS WITH LEFT HAND","ALWAYS WITH LEFT HAND","ALWAYS WITH LEFT HAND","DON'T DO THIS ACTIVITY","1: 1  CONDITION APPLIES","0: 0  CONDITION DOES NOT APPLY","NO","FEMALE","FEMALE"
1983,64735,6,2,4,33790,5,182,2,1,1,4,4,5,2,2,1,2,1,6,2,6,1,1,22,2,"Male","Non-Black / Non-Hispanic","West (AK, AZ, CA, CO, HI, ID, MT, NV, NM, OR, UT, WA, WY)","High school diploma (Regular 12 year program)","In CBSA, not in central city","NO","3: Mother","YES","NO","NO","NO","YES","0: 0  CONDITION DOES NOT APPLY","ALWAYS WITH RIGHT HAND","ALWAYS WITH RIGHT HAND","ALWAYS WITH RIGHT HAND","ALWAYS WITH RIGHT HAND","ALWAYS WITH LEFT HAND","1: 1  CONDITION APPLIES","1: 1  CONDITION APPLIES","NO","MALE","FEMALE"
1981,64735,3,1,3,33790,5,181,1,1,6,8,6,5,1,2,1,2,2,6,4,6,1,2,30,21,"Female","Non-Black / Non-Hispanic","West (AK, AZ, CA, CO, HI, ID, MT, NV, NM, OR, UT, WA, WY)","High school diploma (Regular 12 year program)","In CBSA, not in central city","NO","3: Mother","YES","NO","YES","NO","YES","0: 0  CONDITION DOES NOT APPLY","ALWAYS WITH RIGHT HAND","ALWAYS WITH RIGHT HAND","ALWAYS WITH RIGHT HAND","ALWAYS WITH RIGHT HAND","ALWAYS WITH LEFT HAND","0: 0  CONDITION DOES NOT APPLY","1: 1  CONDITION APPLIES","NO","MALE","MALE"
1982,6750,2,0,3,33790,5,180,1,1,3,4,4,3,2,2,1,1,1,5,3,6,1,3,32,18,"Male","Non-Black / Non-Hispanic","South (AL, AR, DE, DC, FL, GA, KY, LA, MD, MS, NC, OK, SC, TN , TX, VA, WV)","Bachelor's degree (BA, BS)","In CBSA, in central city","NO","3: Mother","YES","NO","NO","NO","YES","0: 0  CONDITION DOES NOT APPLY","ALWAYS WITH RIGHT HAND","ALWAYS WITH RIGHT HAND","ALWAYS WITH RIGHT HAND","ALWAYS WITH RIGHT HAND","ALWAYS WITH LEFT HAND","0: 0  CONDITION DOES NOT APPLY","1: 1  CONDITION APPLIES","NO","FEMALE","MALE"
1984,64735,4,1,2,33790,5,182,1,2,2,3,3,4,2,2,1,2,1,5,3,9,1,1,8,10,"Female","Hispanic","West (AK, AZ, CA, CO, HI, ID, MT, NV, NM, OR, UT, WA, WY)","GED","In CBSA, not in central city","NO","3: Mother","NO","NO","NO","NO","YES","0: 0  CONDITION DOES NOT APPLY","ALWAYS WITH RIGHT HAND","ALWAYS WITH RIGHT HAND","ALWAYS WITH RIGHT HAND","ALWAYS WITH RIGHT HAND","ALWAYS WITH LEFT HAND","0: 0  CONDITION DOES NOT APPLY","1: 1  CONDITION APPLIES","NO","FEMALE","MALE"
1984,64735,2,0,2,33790,5,183,3,2,3,3,3,3,2,2,1,2,1,4,3,7,1,1,32,25,"Female","Non-Black / Non-Hispanic","West (AK, AZ, CA, CO, HI, ID, MT, NV, NM, OR, UT, WA, WY)","GED","In CBSA, in central city","NO","3: Mother","NO","NO","YES","NO","YES","0: 0  CONDITION DOES NOT APPLY","ALWAYS WITH RIGHT HAND","ALWAYS WITH RIGHT HAND","ALWAYS WITH RIGHT HAND","ALWAYS WITH RIGHT HAND","ALWAYS WITH LEFT HAND","1: 1  CONDITION APPLIES","0: 0  CONDITION DOES NOT APPLY","NO","FEMALE","MALE"
1983,64735,2,1,1,33790,5,145,1,1,3,2,3,5,2,2,2,2,1,4,2,7,1,1,35,23,"Female","Non-Black / Non-Hispanic","Northeast (CT, ME, MA, NH, NJ, NY, PA, RI, VT)","Bachelor's degree (BA, BS)","In CBSA, not in central city","NO","3: Mother","YES","NO","NO","NO","YES","0: 0  CONDITION DOES NOT APPLY","ALWAYS WITH RIGHT HAND","ALWAYS WITH RIGHT HAND","USUALLY WITH RIGHT HAND","ALWAYS WITH RIGHT HAND","ALWAYS WITH LEFT HAND","1: 1  CONDITION APPLIES","1: 1  CONDITION APPLIES","NO","FEMALE","MALE"
1987,64735,4,1,2,33790,5,183,1,1,5,3,2,4,2,2,1,2,1,6,4,6,1,1,31,23,"Male","Non-Black / Non-Hispanic","West (AK, AZ, CA, CO, HI, ID, MT, NV, NM, OR, UT, WA, WY)","Professional degree (DDS, JD, MD)","In CBSA, in central city","NO","3: Mother","YES","NO","YES","NO","YES","0: 0  CONDITION DOES NOT APPLY","ALWAYS WITH RIGHT HAND","USUALLY WITH RIGHT HAND","USUALLY WITH BOTH HANDS EQUALLY","ALWAYS WITH RIGHT HAND","ALWAYS WITH LEFT HAND","1: 1  CONDITION APPLIES","1: 1  CONDITION APPLIES","NO","FEMALE","FEMALE"
1983,64735,2,0,4,33790,6,188,2,1,5,5,3,4,2,1,2,2,1,5,3,4,1,1,32,25,"Male","Non-Black / Non-Hispanic","North Central (IL, IN, IA, KS, MI, MN, MO, NE, OH, ND, SD, WI)","High school diploma (Regular 12 year program)","In CBSA, not in central city","NO","3: Mother","NO","NO","YES","NO","YES","0: 0  CONDITION DOES NOT APPLY","ALWAYS WITH RIGHT HAND","ALWAYS WITH RIGHT HAND","ALWAYS WITH RIGHT HAND","ALWAYS WITH RIGHT HAND","ALWAYS WITH LEFT HAND","1: 1  CONDITION APPLIES","1: 1  CONDITION APPLIES","NO","FEMALE","MALE"
1981,18000,3,1,1,33790,6,145,1,1,3,2,4,5,2,2,1,2,1,9,2,7,1,1,32,25,"Male","Black","South (AL, AR, DE, DC, FL, GA, KY, LA, MD, MS, NC, OK, SC, TN , TX, VA, WV)","High school diploma (Regular 12 year program)","In CBSA, in central city","NO","3: Mother","YES","YES","YES","NO","YES","0: 0  CONDITION DOES NOT APPLY","ALWAYS WITH RIGHT HAND","ALWAYS WITH RIGHT HAND","ALWAYS WITH RIGHT HAND","USUALLY WITH BOTH HANDS EQUALLY","ALWAYS WITH LEFT HAND","1: 1  CONDITION APPLIES","1: 1  CONDITION APPLIES","NO","FEMALE","FEMALE"
1983,64735,4,1,1,33790,5,181,1,1,2,5,4,4,2,2,1,1,1,2,2,7,1,1,27,17,"Male","Non-Black / Non-Hispanic","Northeast (CT, ME, MA, NH, NJ, NY, PA, RI, VT)","Associate/Junior college (AA)","In CBSA, not in central city","NO","3: Mother","NO","YES","NO","NO","YES","0: 0  CONDITION DOES NOT APPLY","ALWAYS WITH LEFT HAND","ALWAYS WITH RIGHT HAND","ALWAYS WITH RIGHT HAND","ALWAYS WITH RIGHT HAND","DON'T DO THIS ACTIVITY","0: 0  CONDITION DOES NOT APPLY","1: 1  CONDITION APPLIES","NO","MALE","MALE"
1983,64735,4,0,1,33790,5,184,1,1,4,4,2,2,1,2,1,1,1,2,1,7,1,1,34,19,"Male","Non-Black / Non-Hispanic","South (AL, AR, DE, DC, FL, GA, KY, LA, MD, MS, NC, OK, SC, TN , TX, VA, WV)","High school diploma (Regular 12 year program)","Not in CBSA","NO","3: Mother","NO","YES","NO","NO","YES","0: 0  CONDITION DOES NOT APPLY","ALWAYS WITH RIGHT HAND","ALWAYS WITH RIGHT HAND","ALWAYS WITH RIGHT HAND","ALWAYS WITH RIGHT HAND","ALWAYS WITH LEFT HAND","0: 0  CONDITION DOES NOT APPLY","1: 1  CONDITION APPLIES","NO","FEMALE","MALE"
1984,64735,3,0,1,33790,5,181,1,2,4,3,1,5,1,2,2,2,1,2,2,6,1,1,30,21,"Male","Non-Black / Non-Hispanic","West (AK, AZ, CA, CO, HI, ID, MT, NV, NM, OR, UT, WA, WY)","Master's degree (MA, MS)","In CBSA, in central city","NO","3: Mother","NO","YES","NO","NO","YES","0: 0  CONDITION DOES NOT APPLY","ALWAYS WITH RIGHT HAND","ALWAYS WITH RIGHT HAND","ALWAYS WITH RIGHT HAND","ALWAYS WITH RIGHT HAND","ALWAYS WITH LEFT HAND","1: 1  CONDITION APPLIES","0: 0  CONDITION DOES NOT APPLY","NO","FEMALE","FEMALE"
1980,64735,3,1,3,33790,5,183,1,1,4,3,3,2,2,2,1,2,1,1,3,7,1,1,31,22,"Male","Non-Black / Non-Hispanic","North Central (IL, IN, IA, KS, MI, MN, MO, NE, OH, ND, SD, WI)","GED","Not in CBSA","YES","3: Mother","NO","NO","NO","NO","YES","0: 0  CONDITION DOES NOT APPLY","ALWAYS WITH RIGHT HAND","ALWAYS WITH RIGHT HAND","ALWAYS WITH RIGHT HAND","ALWAYS WITH RIGHT HAND","ALWAYS WITH LEFT HAND","1: 1  CONDITION APPLIES","0: 0  CONDITION DOES NOT APPLY","NO","FEMALE","FEMALE"
1982,94000,3,1,3,33790,5,187,2,1,2,5,3,4,2,2,2,2,2,4,1,4,1,1,31,12,"Male","Non-Black / Non-Hispanic","North Central (IL, IN, IA, KS, MI, MN, MO, NE, OH, ND, SD, WI)","High school diploma (Regular 12 year program)","In CBSA, in central city","NO","3: Mother","NO","NO","NO","NO","YES","0: 0  CONDITION DOES NOT APPLY","ALWAYS WITH RIGHT HAND","ALWAYS WITH RIGHT HAND","ALWAYS WITH RIGHT HAND","ALWAYS WITH RIGHT HAND","ALWAYS WITH LEFT HAND","1: 1  CONDITION APPLIES","1: 1  CONDITION APPLIES","NO","MALE","FEMALE"
1982,64735,3,0,3,33790,5,183,2,1,2,4,2,4,2,2,1,2,1,7,3,7,1,1,26,5,"Female","Non-Black / Non-Hispanic","South (AL, AR, DE, DC, FL, GA, KY, LA, MD, MS, NC, OK, SC, TN , TX, VA, WV)","High school diploma (Regular 12 year program)","In CBSA, not in central city","NO","3: Mother","NO","NO","NO","NO","YES","0: 0  CONDITION DOES NOT APPLY","ALWAYS WITH RIGHT HAND","ALWAYS WITH RIGHT HAND","ALWAYS WITH RIGHT HAND","ALWAYS WITH RIGHT HAND","ALWAYS WITH LEFT HAND","1: 1  CONDITION APPLIES","1: 1  CONDITION APPLIES","NO","FEMALE","MALE"
1984,64735,3,0,8,42000,5,183,1,1,4,10,10,6,2,2,1,3,1,6,2,6,1,1,30,23,"Female","Non-Black / Non-Hispanic","Northeast (CT, ME, MA, NH, NJ, NY, PA, RI, VT)","Bachelor's degree (BA, BS)","In CBSA, in central city","NO","3: Mother","YES","NO","NO","NO","YES","0: 0  CONDITION DOES NOT APPLY","ALWAYS WITH RIGHT HAND","ALWAYS WITH RIGHT HAND","ALWAYS WITH RIGHT HAND","ALWAYS WITH RIGHT HAND","ALWAYS WITH RIGHT HAND","1: 1  CONDITION APPLIES","1: 1  CONDITION APPLIES","NO","FEMALE","FEMALE"
1986,64735,2,0,2,33790,6,186,2,2,5,4,2,3,2,1,1,2,1,6,2,7,1,1,25,23,"Female","Black","West (AK, AZ, CA, CO, HI, ID, MT, NV, NM, OR, UT, WA, WY)","Bachelor's degree (BA, BS)","In CBSA, not in central city","NO","3: Mother","YES","NO","YES","NO","YES","0: 0  CONDITION DOES NOT APPLY","ALWAYS WITH RIGHT HAND","ALWAYS WITH RIGHT HAND","ALWAYS WITH RIGHT HAND","DON'T DO THIS ACTIVITY","ALWAYS WITH LEFT HAND","1: 1  CONDITION APPLIES","1: 1  CONDITION APPLIES","NO","FEMALE","FEMALE"
1981,64735,3,0,2,33790,5,184,1,1,4,4,4,3,2,1,1,2,1,5,3,7,1,1,30,21,"Male","Non-Black / Non-Hispanic","Northeast (CT, ME, MA, NH, NJ, NY, PA, RI, VT)","Bachelor's degree (BA, BS)","In CBSA, in central city","NO","3: Mother","YES","NO","NO","NO","YES","0: 0  CONDITION DOES NOT APPLY","ALWAYS WITH RIGHT HAND","ALWAYS WITH RIGHT HAND","ALWAYS WITH RIGHT HAND","ALWAYS WITH RIGHT HAND","ALWAYS WITH LEFT HAND","1: 1  CONDITION APPLIES","1: 1  CONDITION APPLIES","NO","FEMALE","FEMALE"
1984,64735,4,0,1,33790,6,180,1,1,2,3,7,3,2,2,2,2,1,4,2,7,1,1,34,21,"Male","Hispanic","South (AL, AR, DE, DC, FL, GA, KY, LA, MD, MS, NC, OK, SC, TN , TX, VA, WV)","Bachelor's degree (BA, BS)","In CBSA, not in central city","NO","3: Mother","NO","NO","YES","NO","YES","0: 0  CONDITION DOES NOT APPLY","ALWAYS WITH RIGHT HAND","ALWAYS WITH RIGHT HAND","ALWAYS WITH RIGHT HAND","ALWAYS WITH RIGHT HAND","ALWAYS WITH LEFT HAND","1: 1  CONDITION APPLIES","1: 1  CONDITION APPLIES","NO","FEMALE","FEMALE"
1980,64735,1,0,4,146002,5,185,1,1,4,3,4,4,2,1,1,1,1,3,2,7,1,1,28,22,"Male","Non-Black / Non-Hispanic","North Central (IL, IN, IA, KS, MI, MN, MO, NE, OH, ND, SD, WI)","High school diploma (Regular 12 year program)","In CBSA, not in central city","NO","3: Mother","YES","NO","NO","NO","YES","0: 0  CONDITION DOES NOT APPLY","ALWAYS WITH RIGHT HAND","ALWAYS WITH RIGHT HAND","ALWAYS WITH RIGHT HAND","ALWAYS WITH RIGHT HAND","ALWAYS WITH LEFT HAND","0: 0  CONDITION DOES NOT APPLY","1: 1  CONDITION APPLIES","NO","MALE","FEMALE"
1983,64735,3,1,2,26000,5,184,1,1,5,4,5,4,2,2,1,2,1,6,2,7,1,1,27,18,"Male","Non-Black / Non-Hispanic","South (AL, AR, DE, DC, FL, GA, KY, LA, MD, MS, NC, OK, SC, TN , TX, VA, WV)","Bachelor's degree (BA, BS)","In CBSA, in central city","NO","3: Mother","YES","NO","NO","NO","YES","0: 0  CONDITION DOES NOT APPLY","ALWAYS WITH RIGHT HAND","ALWAYS WITH RIGHT HAND","ALWAYS WITH RIGHT HAND","ALWAYS WITH RIGHT HAND","ALWAYS WITH LEFT HAND","1: 1  CONDITION APPLIES","1: 1  CONDITION APPLIES","NO","MALE","FEMALE"
1984,64735,3,1,5,33790,5,183,1,1,1,5,3,4,2,2,1,2,2,3,1,7,1,1,31,4,"Male","Non-Black / Non-Hispanic","West (AK, AZ, CA, CO, HI, ID, MT, NV, NM, OR, UT, WA, WY)","High school diploma (Regular 12 year program)","In CBSA, not in central city","NO","3: Mother","NO","NO","NO","NO","YES","0: 0  CONDITION DOES NOT APPLY","ALWAYS WITH RIGHT HAND","ALWAYS WITH RIGHT HAND","ALWAYS WITH RIGHT HAND","ALWAYS WITH RIGHT HAND","ALWAYS WITH LEFT HAND","0: 0  CONDITION DOES NOT APPLY","1: 1  CONDITION APPLIES","NO","MALE","FEMALE"
1982,64735,2,0,4,65000,5,165,1,1,2,3,6,2,1,2,2,2,2,3,2,6,1,1,33,20,"Male","Non-Black / Non-Hispanic","South (AL, AR, DE, DC, FL, GA, KY, LA, MD, MS, NC, OK, SC, TN , TX, VA, WV)","None","In CBSA, not in central city","NO","3: Mother","YES","NO","NO","NO","YES","0: 0  CONDITION DOES NOT APPLY","ALWAYS WITH RIGHT HAND","ALWAYS WITH RIGHT HAND","ALWAYS WITH RIGHT HAND","ALWAYS WITH RIGHT HAND","ALWAYS WITH LEFT HAND","1: 1  CONDITION APPLIES","1: 1  CONDITION APPLIES","NO","MALE","FEMALE"
1984,64735,3,1,2,4000,5,204,1,2,1,3,2,1,1,2,2,2,1,2,3,7,1,1,31,21,"Female","Black","South (AL, AR, DE, DC, FL, GA, KY, LA, MD, MS, NC, OK, SC, TN , TX, VA, WV)","Bachelor's degree (BA, BS)","In CBSA, in central city","NO","3: Mother","NO","YES","NO","NO","YES","0: 0  CONDITION DOES NOT APPLY","ALWAYS WITH RIGHT HAND","USUALLY WITH BOTH HANDS EQUALLY","ALWAYS WITH RIGHT HAND","ALWAYS WITH RIGHT HAND","ALWAYS WITH LEFT HAND","1: 1  CONDITION APPLIES","1: 1  CONDITION APPLIES","NO","MALE","FEMALE"
1982,64735,3,0,4,33790,5,182,1,1,2,3,1,3,2,1,1,2,1,6,2,6,1,1,31,21,"Female","Non-Black / Non-Hispanic","South (AL, AR, DE, DC, FL, GA, KY, LA, MD, MS, NC, OK, SC, TN , TX, VA, WV)","Bachelor's degree (BA, BS)","In CBSA, not in central city","NO","3: Mother","YES","NO","NO","NO","YES","0: 0  CONDITION DOES NOT APPLY","ALWAYS WITH RIGHT HAND","ALWAYS WITH RIGHT HAND","ALWAYS WITH RIGHT HAND","ALWAYS WITH RIGHT HAND","ALWAYS WITH LEFT HAND","1: 1  CONDITION APPLIES","1: 1  CONDITION APPLIES","NO","MALE","FEMALE"
1984,64735,2,0,3,33790,5,181,1,1,3,3,5,6,2,1,2,1,1,5,2,7,1,1,31,22,"Male","Non-Black / Non-Hispanic","South (AL, AR, DE, DC, FL, GA, KY, LA, MD, MS, NC, OK, SC, TN , TX, VA, WV)","Bachelor's degree (BA, BS)","Not in CBSA","YES","3: Mother","YES","NO","NO","NO","YES","0: 0  CONDITION DOES NOT APPLY","ALWAYS WITH LEFT HAND","ALWAYS WITH RIGHT HAND","ALWAYS WITH RIGHT HAND","ALWAYS WITH RIGHT HAND","ALWAYS WITH LEFT HAND","1: 1  CONDITION APPLIES","1: 1  CONDITION APPLIES","NO","MALE","MALE"
1982,64735,8,3,1,33790,5,181,1,1,3,5,4,4,1,2,1,2,1,6,2,5,1,1,30,7,"Male","Non-Black / Non-Hispanic","North Central (IL, IN, IA, KS, MI, MN, MO, NE, OH, ND, SD, WI)","Bachelor's degree (BA, BS)","In CBSA, in central city","NO","3: Mother","YES","NO","NO","NO","YES","0: 0  CONDITION DOES NOT APPLY","ALWAYS WITH RIGHT HAND","ALWAYS WITH RIGHT HAND","ALWAYS WITH RIGHT HAND","ALWAYS WITH RIGHT HAND","ALWAYS WITH LEFT HAND","1: 1  CONDITION APPLIES","1: 1  CONDITION APPLIES","NO","FEMALE","FEMALE"
1982,750,3,0,3,33790,5,184,2,2,5,1,2,3,2,2,1,2,1,5,2,7,1,1,32,22,"Female","Non-Black / Non-Hispanic","West (AK, AZ, CA, CO, HI, ID, MT, NV, NM, OR, UT, WA, WY)","None","In CBSA, not in central city","NO","3: Mother","YES","NO","NO","NO","YES","0: 0  CONDITION DOES NOT APPLY","ALWAYS WITH RIGHT HAND","ALWAYS WITH RIGHT HAND","ALWAYS WITH LEFT HAND","ALWAYS WITH LEFT HAND","ALWAYS WITH RIGHT HAND","0: 0  CONDITION DOES NOT APPLY","1: 1  CONDITION APPLIES","NO","MALE","MALE"
1980,64735,3,0,1,33790,5,181,1,1,2,3,4,6,2,2,1,1,1,6,4,6,1,2,29,21,"Female","Non-Black / Non-Hispanic","South (AL, AR, DE, DC, FL, GA, KY, LA, MD, MS, NC, OK, SC, TN , TX, VA, WV)","High school diploma (Regular 12 year program)","In CBSA, not in central city","YES","3: Mother","NO","NO","NO","NO","YES","0: 0  CONDITION DOES NOT APPLY","ALWAYS WITH RIGHT HAND","ALWAYS WITH RIGHT HAND","ALWAYS WITH RIGHT HAND","ALWAYS WITH RIGHT HAND","ALWAYS WITH LEFT HAND","1: 1  CONDITION APPLIES","1: 1  CONDITION APPLIES","YES","FEMALE","MALE"
1983,64735,2,0,1,33790,6,240,2,1,6,6,1,3,2,1,1,2,1,4,2,6,1,1,31,23,"Male","Non-Black / Non-Hispanic","West (AK, AZ, CA, CO, HI, ID, MT, NV, NM, OR, UT, WA, WY)","Associate/Junior college (AA)","In CBSA, not in central city","YES","3: Mother","YES","NO","NO","NO","NO","0: 0  CONDITION DOES NOT APPLY","ALWAYS WITH RIGHT HAND","ALWAYS WITH RIGHT HAND","ALWAYS WITH RIGHT HAND","ALWAYS WITH RIGHT HAND","ALWAYS WITH LEFT HAND","1: 1  CONDITION APPLIES","1: 1  CONDITION APPLIES","NO","FEMALE","FEMALE"
1982,64735,2,1,5,25000,5,184,2,1,4,4,5,4,1,2,1,2,1,6,3,7,1,1,30,26,"Male","Hispanic","Northeast (CT, ME, MA, NH, NJ, NY, PA, RI, VT)","Bachelor's degree (BA, BS)","In CBSA, in central city","YES","3: Mother","YES","NO","NO","NO","YES","0: 0  CONDITION DOES NOT APPLY","ALWAYS WITH RIGHT HAND","ALWAYS WITH RIGHT HAND","ALWAYS WITH RIGHT HAND","ALWAYS WITH RIGHT HAND","ALWAYS WITH LEFT HAND","1: 1  CONDITION APPLIES","1: 1  CONDITION APPLIES","NO","MALE","MALE"
1981,64735,3,0,1,33790,5,184,1,2,2,3,2,3,2,2,1,2,2,7,2,7,1,1,30,22,"Female","Non-Black / Non-Hispanic","West (AK, AZ, CA, CO, HI, ID, MT, NV, NM, OR, UT, WA, WY)","GED","In CBSA, in central city","YES","3: Mother","NO","NO","YES","NO","NO","0: 0  CONDITION DOES NOT APPLY","ALWAYS WITH RIGHT HAND","ALWAYS WITH RIGHT HAND","ALWAYS WITH RIGHT HAND","ALWAYS WITH RIGHT HAND","ALWAYS WITH LEFT HAND","1: 1  CONDITION APPLIES","1: 1  CONDITION APPLIES","NO","MALE","FEMALE"
1983,64735,3,1,2,33790,5,182,1,1,2,3,3,5,2,1,1,2,1,6,2,6,1,1,28,2,"Female","Black","South (AL, AR, DE, DC, FL, GA, KY, LA, MD, MS, NC, OK, SC, TN , TX, VA, WV)","Bachelor's degree (BA, BS)","In CBSA, not in central city","NO","3: Mother","NO","NO","NO","NO","YES","0: 0  CONDITION DOES NOT APPLY","ALWAYS WITH RIGHT HAND","ALWAYS WITH RIGHT HAND","ALWAYS WITH RIGHT HAND","ALWAYS WITH RIGHT HAND","ALWAYS WITH LEFT HAND","1: 1  CONDITION APPLIES","0: 0  CONDITION DOES NOT APPLY","NO","FEMALE","MALE"
1980,64735,4,1,1,33790,5,182,1,2,2,3,2,5,1,2,2,2,1,2,2,6,1,1,32,19,"Female","Non-Black / Non-Hispanic","West (AK, AZ, CA, CO, HI, ID, MT, NV, NM, OR, UT, WA, WY)","High school diploma (Regular 12 year program)","In CBSA, not in central city","NO","3: Mother","NO","YES","NO","NO","NO","0: 0  CONDITION DOES NOT APPLY","ALWAYS WITH LEFT HAND","ALWAYS WITH LEFT HAND","ALWAYS WITH RIGHT HAND","ALWAYS WITH RIGHT HAND","ALWAYS WITH LEFT HAND","0: 0  CONDITION DOES NOT APPLY","1: 1  CONDITION APPLIES","YES","MALE","MALE"
1981,64735,4,1,3,33790,4,177,1,2,1,4,3,2,2,2,2,2,1,4,1,9,1,1,27,20,"Female","Hispanic","South (AL, AR, DE, DC, FL, GA, KY, LA, MD, MS, NC, OK, SC, TN , TX, VA, WV)","High school diploma (Regular 12 year program)","In CBSA, in central city","NO","3: Mother","NO","NO","NO","NO","YES","0: 0  CONDITION DOES NOT APPLY","ALWAYS WITH RIGHT HAND","ALWAYS WITH RIGHT HAND","ALWAYS WITH RIGHT HAND","ALWAYS WITH RIGHT HAND","ALWAYS WITH LEFT HAND","1: 1  CONDITION APPLIES","0: 0  CONDITION DOES NOT APPLY","YES","MALE","FEMALE"
1984,64735,5,2,3,33790,5,183,1,2,3,3,4,8,2,2,1,2,2,3,3,6,1,2,29,6,"Male","Hispanic","West (AK, AZ, CA, CO, HI, ID, MT, NV, NM, OR, UT, WA, WY)","High school diploma (Regular 12 year program)","Not in CBSA","NO","3: Mother","YES","NO","NO","NO","YES","0: 0  CONDITION DOES NOT APPLY","ALWAYS WITH RIGHT HAND","ALWAYS WITH RIGHT HAND","ALWAYS WITH RIGHT HAND","ALWAYS WITH RIGHT HAND","ALWAYS WITH LEFT HAND","0: 0  CONDITION DOES NOT APPLY","0: 0  CONDITION DOES NOT APPLY","YES","FEMALE","FEMALE"
1984,33000,3,1,5,33790,5,184,2,2,2,2,2,2,2,1,1,2,2,6,1,7,1,1,3,15,"Male","Non-Black / Non-Hispanic","Northeast (CT, ME, MA, NH, NJ, NY, PA, RI, VT)","High school diploma (Regular 12 year program)","In CBSA, in central city","NO","3: Mother","YES","NO","NO","NO","YES","0: 0  CONDITION DOES NOT APPLY","ALWAYS WITH RIGHT HAND","ALWAYS WITH RIGHT HAND","ALWAYS WITH RIGHT HAND","ALWAYS WITH RIGHT HAND","ALWAYS WITH LEFT HAND","1: 1  CONDITION APPLIES","1: 1  CONDITION APPLIES","NO","FEMALE","MALE"
1981,64735,3,0,2,33790,5,183,1,1,3,7,3,1,1,2,1,1,1,4,1,5,1,1,30,17,"Male","Non-Black / Non-Hispanic","South (AL, AR, DE, DC, FL, GA, KY, LA, MD, MS, NC, OK, SC, TN , TX, VA, WV)","High school diploma (Regular 12 year program)","Not in CBSA","NO","3: Mother","NO","NO","NO","NO","YES","0: 0  CONDITION DOES NOT APPLY","DON'T DO THIS ACTIVITY","DON'T DO THIS ACTIVITY","ALWAYS WITH RIGHT HAND","DON'T DO THIS ACTIVITY","USUALLY WITH LEFT HAND","0: 0  CONDITION DOES NOT APPLY","1: 1  CONDITION APPLIES","NO","FEMALE","FEMALE"
1981,29327,3,1,3,33790,5,182,1,2,1,5,4,2,1,2,1,1,1,6,3,6,1,1,31,19,"Female","Non-Black / Non-Hispanic","North Central (IL, IN, IA, KS, MI, MN, MO, NE, OH, ND, SD, WI)","High school diploma (Regular 12 year program)","In CBSA, in central city","NO","3: Mother","YES","NO","NO","YES","YES","0: 0  CONDITION DOES NOT APPLY","ALWAYS WITH RIGHT HAND","ALWAYS WITH RIGHT HAND","ALWAYS WITH LEFT HAND","ALWAYS WITH RIGHT HAND","DON'T DO THIS ACTIVITY","1: 1  CONDITION APPLIES","1: 1  CONDITION APPLIES","NO","MALE","FEMALE"
1984,105000,3,1,1,33790,5,182,1,1,3,4,3,6,2,2,2,2,1,3,4,6,1,2,34,23,"Female","Hispanic","South (AL, AR, DE, DC, FL, GA, KY, LA, MD, MS, NC, OK, SC, TN , TX, VA, WV)","High school diploma (Regular 12 year program)","In CBSA, not in central city","NO","3: Mother","YES","NO","NO","NO","YES","0: 0  CONDITION DOES NOT APPLY","ALWAYS WITH RIGHT HAND","ALWAYS WITH RIGHT HAND","ALWAYS WITH RIGHT HAND","ALWAYS WITH RIGHT HAND","USUALLY WITH LEFT HAND","1: 1  CONDITION APPLIES","1: 1  CONDITION APPLIES","NO","MALE","FEMALE"
1980,57000,3,1,1,33790,5,147,1,1,4,2,4,4,2,2,1,1,1,1,1,7,1,1,24,9,"Male","Non-Black / Non-Hispanic","West (AK, AZ, CA, CO, HI, ID, MT, NV, NM, OR, UT, WA, WY)","High school diploma (Regular 12 year program)","In CBSA, not in central city","NO","3: Mother","YES","NO","NO","NO","YES","0: 0  CONDITION DOES NOT APPLY","ALWAYS WITH RIGHT HAND","ALWAYS WITH RIGHT HAND","ALWAYS WITH RIGHT HAND","ALWAYS WITH RIGHT HAND","ALWAYS WITH LEFT HAND","0: 0  CONDITION DOES NOT APPLY","1: 1  CONDITION APPLIES","NO","MALE","MALE"
1981,64735,4,1,2,33790,5,110,1,2,3,2,5,5,2,1,1,2,1,6,2,7,1,1,32,20,"Female","Non-Black / Non-Hispanic","South (AL, AR, DE, DC, FL, GA, KY, LA, MD, MS, NC, OK, SC, TN , TX, VA, WV)","High school diploma (Regular 12 year program)","In CBSA, not in central city","NO","3: Mother","YES","NO","NO","YES","YES","0: 0  CONDITION DOES NOT APPLY","ALWAYS WITH RIGHT HAND","ALWAYS WITH RIGHT HAND","ALWAYS WITH RIGHT HAND","ALWAYS WITH RIGHT HAND","ALWAYS WITH LEFT HAND","0: 0  CONDITION DOES NOT APPLY","1: 1  CONDITION APPLIES","NO","MALE","MALE"
1982,64735,3,0,9,33790,5,183,2,2,4,4,2,4,2,2,1,2,1,4,2,6,1,2,31,23,"Female","Non-Black / Non-Hispanic","South (AL, AR, DE, DC, FL, GA, KY, LA, MD, MS, NC, OK, SC, TN , TX, VA, WV)","High school diploma (Regular 12 year program)","In CBSA, in central city","NO","3: Mother","YES","YES","NO","NO","YES","0: 0  CONDITION DOES NOT APPLY","ALWAYS WITH RIGHT HAND","ALWAYS WITH RIGHT HAND","ALWAYS WITH RIGHT HAND","USUALLY WITH BOTH HANDS EQUALLY","ALWAYS WITH LEFT HAND","1: 1  CONDITION APPLIES","1: 1  CONDITION APPLIES","NO","MALE","FEMALE"
1982,64735,3,0,4,33790,5,183,1,2,4,7,1,2,2,1,2,2,1,7,3,7,1,1,31,23,"Female","Non-Black / Non-Hispanic","South (AL, AR, DE, DC, FL, GA, KY, LA, MD, MS, NC, OK, SC, TN , TX, VA, WV)","High school diploma (Regular 12 year program)","In CBSA, not in central city","NO","3: Mother","YES","NO","NO","NO","YES","0: 0  CONDITION DOES NOT APPLY","ALWAYS WITH RIGHT HAND","ALWAYS WITH RIGHT HAND","ALWAYS WITH RIGHT HAND","ALWAYS WITH RIGHT HAND","ALWAYS WITH LEFT HAND","1: 1  CONDITION APPLIES","0: 0  CONDITION DOES NOT APPLY","NO","FEMALE","MALE"
1981,69500,3,0,2,33790,5,185,1,2,4,4,2,3,2,1,1,2,1,5,4,8,1,1,27,19,"Male","Non-Black / Non-Hispanic","West (AK, AZ, CA, CO, HI, ID, MT, NV, NM, OR, UT, WA, WY)","High school diploma (Regular 12 year program)","In CBSA, in central city","NO","3: Mother","YES","YES","NO","NO","YES","0: 0  CONDITION DOES NOT APPLY","ALWAYS WITH LEFT HAND","ALWAYS WITH RIGHT HAND","ALWAYS WITH RIGHT HAND","ALWAYS WITH RIGHT HAND","ALWAYS WITH LEFT HAND","1: 1  CONDITION APPLIES","1: 1  CONDITION APPLIES","NO","FEMALE","MALE"
1983,64735,4,0,2,17000,5,181,1,1,4,3,2,5,1,1,2,1,1,4,2,7,1,1,36,24,"Male","Non-Black / Non-Hispanic","West (AK, AZ, CA, CO, HI, ID, MT, NV, NM, OR, UT, WA, WY)","High school diploma (Regular 12 year program)","In CBSA, not in central city","YES","3: Mother","NO","NO","NO","NO","YES","0: 0  CONDITION DOES NOT APPLY","ALWAYS WITH RIGHT HAND","ALWAYS WITH RIGHT HAND","ALWAYS WITH RIGHT HAND","ALWAYS WITH RIGHT HAND","ALWAYS WITH LEFT HAND","0: 0  CONDITION DOES NOT APPLY","1: 1  CONDITION APPLIES","NO","MALE","MALE"
1981,64735,4,0,1,33790,5,183,1,1,3,4,4,4,2,2,2,2,1,6,2,6,1,1,58,27,"Male","Non-Black / Non-Hispanic","South (AL, AR, DE, DC, FL, GA, KY, LA, MD, MS, NC, OK, SC, TN , TX, VA, WV)","High school diploma (Regular 12 year program)","In CBSA, not in central city","NO","3: Mother","NO","NO","NO","NO","YES","0: 0  CONDITION DOES NOT APPLY","ALWAYS WITH RIGHT HAND","ALWAYS WITH RIGHT HAND","ALWAYS WITH RIGHT HAND","ALWAYS WITH RIGHT HAND","USUALLY WITH BOTH HANDS EQUALLY","1: 1  CONDITION APPLIES","0: 0  CONDITION DOES NOT APPLY","NO","FEMALE","FEMALE"
1983,64735,4,0,3,33790,5,182,1,2,2,3,5,5,2,2,1,2,1,5,1,6,1,1,35,26,"Male","Non-Black / Non-Hispanic","West (AK, AZ, CA, CO, HI, ID, MT, NV, NM, OR, UT, WA, WY)","Master's degree (MA, MS)","In CBSA, in central city","YES","3: Mother","NO","NO","NO","NO","NO","0: 0  CONDITION DOES NOT APPLY","ALWAYS WITH RIGHT HAND","ALWAYS WITH RIGHT HAND","ALWAYS WITH RIGHT HAND","ALWAYS WITH RIGHT HAND","ALWAYS WITH LEFT HAND","0: 0  CONDITION DOES NOT APPLY","0: 0  CONDITION DOES NOT APPLY","NO","FEMALE","FEMALE"
1983,23250,6,1,2,33790,5,180,1,2,4,3,4,4,1,1,1,1,1,7,3,7,1,1,29,20,"Female","Hispanic","Northeast (CT, ME, MA, NH, NJ, NY, PA, RI, VT)","High school diploma (Regular 12 year program)","In CBSA, not in central city","NO","3: Mother","YES","NO","NO","NO","YES","0: 0  CONDITION DOES NOT APPLY","ALWAYS WITH RIGHT HAND","ALWAYS WITH RIGHT HAND","ALWAYS WITH RIGHT HAND","ALWAYS WITH RIGHT HAND","ALWAYS WITH LEFT HAND","0: 0  CONDITION DOES NOT APPLY","1: 1  CONDITION APPLIES","NO","MALE","MALE"
1983,64735,2,0,4,33790,5,299,2,1,2,5,1,4,2,2,2,2,2,4,4,8,1,1,27,20,"Male","Non-Black / Non-Hispanic","South (AL, AR, DE, DC, FL, GA, KY, LA, MD, MS, NC, OK, SC, TN , TX, VA, WV)","High school diploma (Regular 12 year program)","In CBSA, not in central city","NO","3: Mother","NO","YES","NO","NO","YES","0: 0  CONDITION DOES NOT APPLY","ALWAYS WITH RIGHT HAND","ALWAYS WITH RIGHT HAND","ALWAYS WITH RIGHT HAND","ALWAYS WITH RIGHT HAND","ALWAYS WITH LEFT HAND","1: 1  CONDITION APPLIES","1: 1  CONDITION APPLIES","NO","FEMALE","MALE"
1983,64735,5,0,2,10000,5,140,1,1,2,4,3,3,2,2,1,1,2,5,6,8,1,1,33,24,"Female","Non-Black / Non-Hispanic","North Central (IL, IN, IA, KS, MI, MN, MO, NE, OH, ND, SD, WI)","GED","In CBSA, not in central city","YES","3: Mother","NO","NO","NO","YES","NO","0: 0  CONDITION DOES NOT APPLY","ALWAYS WITH LEFT HAND","ALWAYS WITH LEFT HAND","ALWAYS WITH RIGHT HAND","ALWAYS WITH RIGHT HAND","USUALLY WITH LEFT HAND","1: 1  CONDITION APPLIES","0: 0  CONDITION DOES NOT APPLY","NO","MALE","FEMALE"
1982,35000,4,0,1,33790,5,183,1,2,2,5,4,3,2,2,2,2,1,6,3,8,1,1,29,7,"Male","Black","South (AL, AR, DE, DC, FL, GA, KY, LA, MD, MS, NC, OK, SC, TN , TX, VA, WV)","Associate/Junior college (AA)","In CBSA, not in central city","NO","3: Mother","NO","NO","NO","NO","YES","0: 0  CONDITION DOES NOT APPLY","ALWAYS WITH RIGHT HAND","ALWAYS WITH LEFT HAND","DON'T DO THIS ACTIVITY","ALWAYS WITH LEFT HAND","ALWAYS WITH RIGHT HAND","1: 1  CONDITION APPLIES","1: 1  CONDITION APPLIES","NO","FEMALE","MALE"
1981,64735,4,1,2,13500,5,183,1,1,2,4,2,5,2,2,1,1,1,4,2,6,1,1,32,20,"Male","Non-Black / Non-Hispanic","West (AK, AZ, CA, CO, HI, ID, MT, NV, NM, OR, UT, WA, WY)","High school diploma (Regular 12 year program)","In CBSA, not in central city","NO","3: Mother","YES","NO","NO","NO","YES","0: 0  CONDITION DOES NOT APPLY","ALWAYS WITH RIGHT HAND","ALWAYS WITH RIGHT HAND","ALWAYS WITH RIGHT HAND","ALWAYS WITH RIGHT HAND","ALWAYS WITH LEFT HAND","0: 0  CONDITION DOES NOT APPLY","1: 1  CONDITION APPLIES","NO","FEMALE","MALE"
1981,64735,2,0,1,33790,5,182,1,1,6,4,1,2,1,2,1,2,1,3,2,7,1,1,30,19,"Female","Non-Black / Non-Hispanic","South (AL, AR, DE, DC, FL, GA, KY, LA, MD, MS, NC, OK, SC, TN , TX, VA, WV)","Bachelor's degree (BA, BS)","Not in CBSA","NO","3: Mother","YES","NO","YES","NO","NO","0: 0  CONDITION DOES NOT APPLY","ALWAYS WITH RIGHT HAND","ALWAYS WITH RIGHT HAND","ALWAYS WITH RIGHT HAND","ALWAYS WITH RIGHT HAND","ALWAYS WITH LEFT HAND","1: 1  CONDITION APPLIES","1: 1  CONDITION APPLIES","NO","MALE","FEMALE"
1982,64735,3,1,3,33790,5,182,2,1,2,6,3,6,1,1,1,2,2,5,1,7,1,1,33,21,"Female","Non-Black / Non-Hispanic","North Central (IL, IN, IA, KS, MI, MN, MO, NE, OH, ND, SD, WI)","High school diploma (Regular 12 year program)","In CBSA, not in central city","NO","3: Mother","YES","YES","YES","NO","YES","0: 0  CONDITION DOES NOT APPLY","ALWAYS WITH LEFT HAND","ALWAYS WITH RIGHT HAND","ALWAYS WITH RIGHT HAND","ALWAYS WITH RIGHT HAND","ALWAYS WITH LEFT HAND","1: 1  CONDITION APPLIES","1: 1  CONDITION APPLIES","NO","FEMALE","FEMALE"
1983,64735,3,0,3,33790,5,183,1,1,5,4,1,7,2,2,1,2,1,6,3,6,1,1,31,21,"Female","Black","South (AL, AR, DE, DC, FL, GA, KY, LA, MD, MS, NC, OK, SC, TN , TX, VA, WV)","High school diploma (Regular 12 year program)","In CBSA, not in central city","NO","3: Mother","YES","NO","NO","NO","YES","0: 0  CONDITION DOES NOT APPLY","ALWAYS WITH RIGHT HAND","ALWAYS WITH RIGHT HAND","ALWAYS WITH RIGHT HAND","ALWAYS WITH RIGHT HAND","ALWAYS WITH LEFT HAND","1: 1  CONDITION APPLIES","1: 1  CONDITION APPLIES","NO","FEMALE","FEMALE"
1980,64735,7,2,2,33790,6,182,2,2,2,3,2,2,2,2,1,2,2,3,3,7,1,1,30,14,"Male","Non-Black / Non-Hispanic","West (AK, AZ, CA, CO, HI, ID, MT, NV, NM, OR, UT, WA, WY)","High school diploma (Regular 12 year program)","In CBSA, not in central city","NO","3: Mother","YES","NO","NO","NO","YES","0: 0  CONDITION DOES NOT APPLY","DON'T DO THIS ACTIVITY","DON'T DO THIS ACTIVITY","USUALLY WITH RIGHT HAND","DON'T DO THIS ACTIVITY","ALWAYS WITH LEFT HAND","1: 1  CONDITION APPLIES","1: 1  CONDITION APPLIES","NO","FEMALE","FEMALE"
1983,64735,2,0,2,33790,6,184,1,2,5,4,3,3,2,2,1,1,1,6,2,8,1,1,32,22,"Male","Non-Black / Non-Hispanic","West (AK, AZ, CA, CO, HI, ID, MT, NV, NM, OR, UT, WA, WY)","Bachelor's degree (BA, BS)","In CBSA, not in central city","NO","3: Mother","YES","NO","NO","NO","YES","0: 0  CONDITION DOES NOT APPLY","ALWAYS WITH RIGHT HAND","ALWAYS WITH RIGHT HAND","ALWAYS WITH RIGHT HAND","ALWAYS WITH RIGHT HAND","ALWAYS WITH LEFT HAND","1: 1  CONDITION APPLIES","1: 1  CONDITION APPLIES","NO","FEMALE","MALE"
1981,41750,4,0,2,33790,5,182,1,2,1,2,6,3,2,2,1,2,1,4,1,7,1,1,31,21,"Male","Non-Black / Non-Hispanic","South (AL, AR, DE, DC, FL, GA, KY, LA, MD, MS, NC, OK, SC, TN , TX, VA, WV)","High school diploma (Regular 12 year program)","In CBSA, not in central city","NO","3: Mother","NO","NO","NO","NO","YES","0: 0  CONDITION DOES NOT APPLY","ALWAYS WITH RIGHT HAND","ALWAYS WITH RIGHT HAND","ALWAYS WITH RIGHT HAND","ALWAYS WITH RIGHT HAND","ALWAYS WITH LEFT HAND","0: 0  CONDITION DOES NOT APPLY","1: 1  CONDITION APPLIES","NO","FEMALE","FEMALE"
1980,64735,3,1,2,33790,5,200,1,1,5,2,2,1,2,2,2,2,2,3,2,7,2,1,26,4,"Female","Non-Black / Non-Hispanic","West (AK, AZ, CA, CO, HI, ID, MT, NV, NM, OR, UT, WA, WY)","High school diploma (Regular 12 year program)","Not in CBSA","NO","3: Mother","NO","YES","NO","NO","NO","0: 0  CONDITION DOES NOT APPLY","ALWAYS WITH RIGHT HAND","ALWAYS WITH RIGHT HAND","ALWAYS WITH RIGHT HAND","ALWAYS WITH RIGHT HAND","ALWAYS WITH LEFT HAND","0: 0  CONDITION DOES NOT APPLY","1: 1  CONDITION APPLIES","YES","MALE","FEMALE"
1982,45000,5,1,2,33790,5,183,1,1,2,4,2,4,2,1,1,1,2,1,3,7,1,1,28,16,"Male","Non-Black / Non-Hispanic","South (AL, AR, DE, DC, FL, GA, KY, LA, MD, MS, NC, OK, SC, TN , TX, VA, WV)","High school diploma (Regular 12 year program)","In CBSA, not in central city","NO","3: Mother","NO","NO","NO","NO","YES","0: 0  CONDITION DOES NOT APPLY","ALWAYS WITH RIGHT HAND","ALWAYS WITH RIGHT HAND","ALWAYS WITH RIGHT HAND","ALWAYS WITH RIGHT HAND","USUALLY WITH LEFT HAND","1: 1  CONDITION APPLIES","1: 1  CONDITION APPLIES","NO","FEMALE","MALE"
1980,64735,4,1,1,33790,5,182,1,1,7,2,5,5,2,2,1,2,1,6,2,6,1,1,30,19,"Female","Black","West (AK, AZ, CA, CO, HI, ID, MT, NV, NM, OR, UT, WA, WY)","Bachelor's degree (BA, BS)","In CBSA, not in central city","YES","3: Mother","YES","NO","NO","NO","NO","0: 0  CONDITION DOES NOT APPLY","ALWAYS WITH RIGHT HAND","ALWAYS WITH RIGHT HAND","ALWAYS WITH RIGHT HAND","ALWAYS WITH RIGHT HAND","ALWAYS WITH LEFT HAND","1: 1  CONDITION APPLIES","1: 1  CONDITION APPLIES","NO","FEMALE","FEMALE"
1983,64735,1,1,3,19000,5,181,1,1,6,1,4,4,2,2,1,1,1,2,2,8,2,1,29,20,"Male","Non-Black / Non-Hispanic","Northeast (CT, ME, MA, NH, NJ, NY, PA, RI, VT)","Bachelor's degree (BA, BS)","In CBSA, not in central city","NO","3: Mother","YES","NO","YES","NO","YES","0: 0  CONDITION DOES NOT APPLY","ALWAYS WITH RIGHT HAND","ALWAYS WITH RIGHT HAND","ALWAYS WITH RIGHT HAND","ALWAYS WITH RIGHT HAND","ALWAYS WITH LEFT HAND","0: 0  CONDITION DOES NOT APPLY","1: 1  CONDITION APPLIES","NO","MALE","FEMALE"
1982,64735,3,1,1,33790,5,195,2,1,2,5,2,2,2,2,2,2,2,6,2,6,1,1,31,21,"Male","Black","North Central (IL, IN, IA, KS, MI, MN, MO, NE, OH, ND, SD, WI)","High school diploma (Regular 12 year program)","In CBSA, not in central city","NO","3: Mother","YES","NO","NO","NO","YES","0: 0  CONDITION DOES NOT APPLY","ALWAYS WITH RIGHT HAND","ALWAYS WITH RIGHT HAND","ALWAYS WITH RIGHT HAND","ALWAYS WITH RIGHT HAND","ALWAYS WITH LEFT HAND","1: 1  CONDITION APPLIES","1: 1  CONDITION APPLIES","NO","MALE","FEMALE"
1983,64735,2,0,1,33790,5,183,2,1,4,3,1,6,2,2,2,1,2,4,2,6,1,4,30,22,"Male","Non-Black / Non-Hispanic","South (AL, AR, DE, DC, FL, GA, KY, LA, MD, MS, NC, OK, SC, TN , TX, VA, WV)","Bachelor's degree (BA, BS)","In CBSA, not in central city","NO","3: Mother","NO","NO","NO","NO","NO","0: 0  CONDITION DOES NOT APPLY","ALWAYS WITH RIGHT HAND","ALWAYS WITH RIGHT HAND","ALWAYS WITH RIGHT HAND","ALWAYS WITH RIGHT HAND","ALWAYS WITH LEFT HAND","1: 1  CONDITION APPLIES","1: 1  CONDITION APPLIES","NO","MALE","FEMALE"
1981,64735,2,1,3,33790,5,182,1,1,4,3,4,3,2,2,1,1,1,3,3,7,1,3,26,25,"Female","Non-Black / Non-Hispanic","Northeast (CT, ME, MA, NH, NJ, NY, PA, RI, VT)","High school diploma (Regular 12 year program)","In CBSA, not in central city","NO","3: Mother","YES","NO","NO","NO","NO","0: 0  CONDITION DOES NOT APPLY","ALWAYS WITH RIGHT HAND","ALWAYS WITH RIGHT HAND","ALWAYS WITH RIGHT HAND","ALWAYS WITH RIGHT HAND","ALWAYS WITH LEFT HAND","1: 1  CONDITION APPLIES","1: 1  CONDITION APPLIES","NO","FEMALE","MALE"
1981,64735,4,0,3,33790,5,150,1,1,4,3,2,8,2,2,1,2,1,5,3,7,1,1,32,24,"Female","Non-Black / Non-Hispanic","West (AK, AZ, CA, CO, HI, ID, MT, NV, NM, OR, UT, WA, WY)","GED","In CBSA, not in central city","YES","3: Mother","NO","NO","NO","NO","YES","0: 0  CONDITION DOES NOT APPLY","ALWAYS WITH RIGHT HAND","DON'T DO THIS ACTIVITY","DON'T DO THIS ACTIVITY","ALWAYS WITH RIGHT HAND","ALWAYS WITH LEFT HAND","1: 1  CONDITION APPLIES","1: 1  CONDITION APPLIES","NO","FEMALE","FEMALE"
1981,76750,4,1,5,25000,5,183,1,2,6,1,2,3,2,1,2,2,1,1,1,8,1,1,25,20,"Male","Black","West (AK, AZ, CA, CO, HI, ID, MT, NV, NM, OR, UT, WA, WY)","None","In CBSA, not in central city","YES","3: Mother","YES","NO","YES","NO","NO","0: 0  CONDITION DOES NOT APPLY","ALWAYS WITH RIGHT HAND","ALWAYS WITH RIGHT HAND","ALWAYS WITH RIGHT HAND","ALWAYS WITH RIGHT HAND","ALWAYS WITH LEFT HAND","1: 1  CONDITION APPLIES","1: 1  CONDITION APPLIES","NO","FEMALE","MALE"
1982,64735,3,0,3,33790,5,182,2,2,1,4,5,4,2,2,1,1,2,3,2,8,1,1,33,21,"Female","Non-Black / Non-Hispanic","West (AK, AZ, CA, CO, HI, ID, MT, NV, NM, OR, UT, WA, WY)","High school diploma (Regular 12 year program)","In CBSA, not in central city","NO","3: Mother","NO","NO","NO","NO","YES","0: 0  CONDITION DOES NOT APPLY","ALWAYS WITH RIGHT HAND","ALWAYS WITH RIGHT HAND","ALWAYS WITH RIGHT HAND","ALWAYS WITH RIGHT HAND","ALWAYS WITH LEFT HAND","1: 1  CONDITION APPLIES","1: 1  CONDITION APPLIES","NO","FEMALE","FEMALE"
1981,64735,3,0,1,80000,5,202,1,1,2,4,1,4,2,2,1,2,1,3,3,8,1,1,30,21,"Male","Non-Black / Non-Hispanic","West (AK, AZ, CA, CO, HI, ID, MT, NV, NM, OR, UT, WA, WY)","High school diploma (Regular 12 year program)","In CBSA, not in central city","NO","3: Mother","NO","NO","YES","NO","YES","0: 0  CONDITION DOES NOT APPLY","ALWAYS WITH RIGHT HAND","ALWAYS WITH RIGHT HAND","ALWAYS WITH RIGHT HAND","ALWAYS WITH RIGHT HAND","ALWAYS WITH LEFT HAND","0: 0  CONDITION DOES NOT APPLY","1: 1  CONDITION APPLIES","NO","FEMALE","FEMALE"
1982,64735,4,1,1,35000,5,230,1,1,3,4,2,3,2,2,1,1,1,3,3,7,1,1,32,21,"Female","Non-Black / Non-Hispanic","North Central (IL, IN, IA, KS, MI, MN, MO, NE, OH, ND, SD, WI)","High school diploma (Regular 12 year program)","In CBSA, not in central city","NO","3: Mother","YES","NO","NO","NO","YES","0: 0  CONDITION DOES NOT APPLY","ALWAYS WITH RIGHT HAND","ALWAYS WITH RIGHT HAND","ALWAYS WITH RIGHT HAND","ALWAYS WITH RIGHT HAND","ALWAYS WITH LEFT HAND","1: 1  CONDITION APPLIES","1: 1  CONDITION APPLIES","NO","FEMALE","FEMALE"
1988,64735,1,0,4,33790,5,165,3,1,5,5,2,6,2,2,1,1,2,6,2,7,1,1,4,16,"Male","Non-Black / Non-Hispanic","South (AL, AR, DE, DC, FL, GA, KY, LA, MD, MS, NC, OK, SC, TN , TX, VA, WV)","Bachelor's degree (BA, BS)","In CBSA, not in central city","NO","3: Mother","NO","NO","YES","NO","YES","0: 0  CONDITION DOES NOT APPLY","ALWAYS WITH RIGHT HAND","ALWAYS WITH RIGHT HAND","ALWAYS WITH RIGHT HAND","ALWAYS WITH RIGHT HAND","ALWAYS WITH LEFT HAND","1: 1  CONDITION APPLIES","1: 1  CONDITION APPLIES","NO","MALE","FEMALE"
1981,64735,3,0,1,33790,5,180,1,2,5,3,2,3,2,2,1,2,1,1,1,8,1,1,41,62,"Male","Non-Black / Non-Hispanic","West (AK, AZ, CA, CO, HI, ID, MT, NV, NM, OR, UT, WA, WY)","Bachelor's degree (BA, BS)","In CBSA, not in central city","YES","3: Mother","YES","NO","YES","NO","NO","0: 0  CONDITION DOES NOT APPLY","ALWAYS WITH RIGHT HAND","ALWAYS WITH RIGHT HAND","ALWAYS WITH RIGHT HAND","ALWAYS WITH RIGHT HAND","ALWAYS WITH RIGHT HAND","1: 1  CONDITION APPLIES","1: 1  CONDITION APPLIES","NO","FEMALE","MALE"
1980,64735,2,0,2,76363,5,155,1,1,3,4,7,3,2,2,1,2,1,5,6,8,1,1,32,22,"Female","Non-Black / Non-Hispanic","Northeast (CT, ME, MA, NH, NJ, NY, PA, RI, VT)","Master's degree (MA, MS)","In CBSA, in central city","NO","3: Mother","YES","NO","YES","NO","YES","0: 0  CONDITION DOES NOT APPLY","ALWAYS WITH RIGHT HAND","ALWAYS WITH RIGHT HAND","ALWAYS WITH RIGHT HAND","ALWAYS WITH RIGHT HAND","ALWAYS WITH RIGHT HAND","1: 1  CONDITION APPLIES","1: 1  CONDITION APPLIES","YES","MALE","MALE"
1984,64735,2,0,4,33790,5,181,1,1,5,3,1,3,2,2,2,1,1,6,2,6,1,1,31,25,"Female","Non-Black / Non-Hispanic","West (AK, AZ, CA, CO, HI, ID, MT, NV, NM, OR, UT, WA, WY)","Bachelor's degree (BA, BS)","In CBSA, not in central city","NO","3: Mother","YES","NO","YES","NO","YES","0: 0  CONDITION DOES NOT APPLY","ALWAYS WITH RIGHT HAND","USUALLY WITH RIGHT HAND","ALWAYS WITH RIGHT HAND","ALWAYS WITH RIGHT HAND","ALWAYS WITH LEFT HAND","0: 0  CONDITION DOES NOT APPLY","1: 1  CONDITION APPLIES","NO","MALE","MALE"
1980,64735,2,1,2,33790,5,182,1,1,3,4,2,3,2,2,2,2,1,5,3,7,1,1,29,18,"Male","Non-Black / Non-Hispanic","North Central (IL, IN, IA, KS, MI, MN, MO, NE, OH, ND, SD, WI)","High school diploma (Regular 12 year program)","In CBSA, in central city","NO","3: Mother","YES","NO","NO","NO","YES","0: 0  CONDITION DOES NOT APPLY","ALWAYS WITH RIGHT HAND","ALWAYS WITH RIGHT HAND","ALWAYS WITH RIGHT HAND","ALWAYS WITH RIGHT HAND","ALWAYS WITH LEFT HAND","0: 0  CONDITION DOES NOT APPLY","1: 1  CONDITION APPLIES","NO","FEMALE","MALE"
1982,73250,1,1,1,33790,5,160,1,1,5,2,1,9,2,2,2,1,1,4,3,7,1,4,30,22,"Male","Non-Black / Non-Hispanic","Northeast (CT, ME, MA, NH, NJ, NY, PA, RI, VT)","High school diploma (Regular 12 year program)","In CBSA, not in central city","NO","3: Mother","YES","NO","NO","NO","YES","0: 0  CONDITION DOES NOT APPLY","ALWAYS WITH RIGHT HAND","ALWAYS WITH RIGHT HAND","ALWAYS WITH RIGHT HAND","ALWAYS WITH RIGHT HAND","ALWAYS WITH LEFT HAND","1: 1  CONDITION APPLIES","1: 1  CONDITION APPLIES","NO","FEMALE","MALE"
1985,64735,5,0,2,33790,5,180,2,1,3,3,2,4,1,2,2,2,1,10,1,9,1,1,32,28,"Female","Black","South (AL, AR, DE, DC, FL, GA, KY, LA, MD, MS, NC, OK, SC, TN , TX, VA, WV)","High school diploma (Regular 12 year program)","In CBSA, in central city","NO","3: Mother","NO","YES","NO","NO","YES","0: 0  CONDITION DOES NOT APPLY","ALWAYS WITH RIGHT HAND","ALWAYS WITH RIGHT HAND","ALWAYS WITH RIGHT HAND","ALWAYS WITH RIGHT HAND","ALWAYS WITH LEFT HAND","1: 1  CONDITION APPLIES","1: 1  CONDITION APPLIES","NO","FEMALE","MALE"
1982,64735,1,0,1,33790,5,184,2,1,5,3,4,4,2,1,1,2,1,5,3,6,1,1,30,26,"Male","Non-Black / Non-Hispanic","Northeast (CT, ME, MA, NH, NJ, NY, PA, RI, VT)","Associate/Junior college (AA)","In CBSA, in central city","NO","3: Mother","YES","NO","YES","NO","YES","0: 0  CONDITION DOES NOT APPLY","ALWAYS WITH RIGHT HAND","ALWAYS WITH RIGHT HAND","ALWAYS WITH RIGHT HAND","ALWAYS WITH RIGHT HAND","ALWAYS WITH LEFT HAND","1: 1  CONDITION APPLIES","1: 1  CONDITION APPLIES","NO","MALE","MALE"
1980,64735,1,0,2,33790,6,183,1,1,2,5,5,6,2,2,1,2,1,6,2,6,1,1,33,24,"Male","Non-Black / Non-Hispanic","South (AL, AR, DE, DC, FL, GA, KY, LA, MD, MS, NC, OK, SC, TN , TX, VA, WV)","Bachelor's degree (BA, BS)","In CBSA, in central city","NO","3: Mother","YES","NO","NO","NO","YES","0: 0  CONDITION DOES NOT APPLY","ALWAYS WITH RIGHT HAND","ALWAYS WITH RIGHT HAND","ALWAYS WITH RIGHT HAND","ALWAYS WITH RIGHT HAND","ALWAYS WITH LEFT HAND","0: 0  CONDITION DOES NOT APPLY","1: 1  CONDITION APPLIES","NO","FEMALE","FEMALE"
1985,64735,3,1,5,33790,5,182,1,2,7,6,4,5,2,2,1,2,1,6,1,7,1,1,29,26,"Female","Non-Black / Non-Hispanic","South (AL, AR, DE, DC, FL, GA, KY, LA, MD, MS, NC, OK, SC, TN , TX, VA, WV)","Professional degree (DDS, JD, MD)","In CBSA, in central city","NO","3: Mother","NO","NO","NO","NO","YES","0: 0  CONDITION DOES NOT APPLY","ALWAYS WITH RIGHT HAND","ALWAYS WITH LEFT HAND","USUALLY WITH LEFT HAND","ALWAYS WITH LEFT HAND","ALWAYS WITH LEFT HAND","1: 1  CONDITION APPLIES","1: 1  CONDITION APPLIES","NO","FEMALE","MALE"
1982,64735,3,0,1,33790,5,182,1,1,4,3,3,5,2,2,1,2,2,3,5,7,1,1,28,18,"Female","Non-Black / Non-Hispanic","West (AK, AZ, CA, CO, HI, ID, MT, NV, NM, OR, UT, WA, WY)","High school diploma (Regular 12 year program)","In CBSA, not in central city","NO","3: Mother","YES","NO","NO","NO","YES","0: 0  CONDITION DOES NOT APPLY","ALWAYS WITH RIGHT HAND","ALWAYS WITH RIGHT HAND","ALWAYS WITH RIGHT HAND","ALWAYS WITH RIGHT HAND","ALWAYS WITH LEFT HAND","0: 0  CONDITION DOES NOT APPLY","1: 1  CONDITION APPLIES","NO","MALE","MALE"
1982,64735,2,1,4,33790,5,182,2,1,1,3,5,4,2,2,2,2,1,5,2,7,2,1,28,18,"Female","Non-Black / Non-Hispanic","South (AL, AR, DE, DC, FL, GA, KY, LA, MD, MS, NC, OK, SC, TN , TX, VA, WV)","Bachelor's degree (BA, BS)","In CBSA, in central city","NO","3: Mother","YES","NO","NO","NO","YES","0: 0  CONDITION DOES NOT APPLY","ALWAYS WITH RIGHT HAND","ALWAYS WITH RIGHT HAND","ALWAYS WITH RIGHT HAND","ALWAYS WITH RIGHT HAND","ALWAYS WITH LEFT HAND","1: 1  CONDITION APPLIES","0: 0  CONDITION DOES NOT APPLY","NO","FEMALE","MALE"
1985,64735,4,0,5,33790,6,188,1,1,1,4,4,5,2,2,1,2,1,2,2,6,1,1,37,26,"Male","Non-Black / Non-Hispanic","West (AK, AZ, CA, CO, HI, ID, MT, NV, NM, OR, UT, WA, WY)","High school diploma (Regular 12 year program)","In CBSA, not in central city","YES","3: Mother","NO","YES","NO","NO","NO","0: 0  CONDITION DOES NOT APPLY","ALWAYS WITH RIGHT HAND","ALWAYS WITH RIGHT HAND","ALWAYS WITH RIGHT HAND","ALWAYS WITH RIGHT HAND","ALWAYS WITH LEFT HAND","1: 1  CONDITION APPLIES","1: 1  CONDITION APPLIES","NO","FEMALE","FEMALE"
1982,64735,2,0,5,33790,5,179,1,2,1,4,5,2,2,2,1,2,1,7,4,8,1,1,33,25,"Female","Non-Black / Non-Hispanic","West (AK, AZ, CA, CO, HI, ID, MT, NV, NM, OR, UT, WA, WY)","Master's degree (MA, MS)","In CBSA, in central city","NO","3: Mother","YES","NO","NO","NO","NO","0: 0  CONDITION DOES NOT APPLY","ALWAYS WITH RIGHT HAND","ALWAYS WITH RIGHT HAND","ALWAYS WITH RIGHT HAND","ALWAYS WITH RIGHT HAND","ALWAYS WITH LEFT HAND","1: 1  CONDITION APPLIES","1: 1  CONDITION APPLIES","NO","FEMALE","MALE"
1981,64735,2,1,1,33790,6,186,1,2,2,5,1,3,1,2,1,1,1,5,3,7,1,1,31,21,"Female","Black","South (AL, AR, DE, DC, FL, GA, KY, LA, MD, MS, NC, OK, SC, TN , TX, VA, WV)","High school diploma (Regular 12 year program)","In CBSA, not in central city","NO","3: Mother","YES","NO","NO","NO","YES","0: 0  CONDITION DOES NOT APPLY","ALWAYS WITH RIGHT HAND","ALWAYS WITH RIGHT HAND","ALWAYS WITH RIGHT HAND","ALWAYS WITH RIGHT HAND","ALWAYS WITH LEFT HAND","1: 1  CONDITION APPLIES","1: 1  CONDITION APPLIES","NO","FEMALE","MALE"
1982,64735,3,0,2,33790,5,183,1,2,1,2,3,3,2,2,1,1,1,2,4,7,1,1,29,21,"Male","Non-Black / Non-Hispanic","South (AL, AR, DE, DC, FL, GA, KY, LA, MD, MS, NC, OK, SC, TN , TX, VA, WV)","High school diploma (Regular 12 year program)","In CBSA, not in central city","NO","3: Mother","YES","NO","NO","NO","YES","0: 0  CONDITION DOES NOT APPLY","ALWAYS WITH RIGHT HAND","ALWAYS WITH RIGHT HAND","USUALLY WITH RIGHT HAND","ALWAYS WITH RIGHT HAND","USUALLY WITH LEFT HAND","1: 1  CONDITION APPLIES","1: 1  CONDITION APPLIES","NO","FEMALE","MALE"
1980,64735,3,0,4,33790,5,182,1,2,1,3,6,4,2,2,1,2,1,4,3,7,1,1,27,23,"Male","Black","Northeast (CT, ME, MA, NH, NJ, NY, PA, RI, VT)","Associate/Junior college (AA)","In CBSA, in central city","NO","3: Mother","YES","NO","NO","NO","YES","0: 0  CONDITION DOES NOT APPLY","ALWAYS WITH RIGHT HAND","ALWAYS WITH RIGHT HAND","ALWAYS WITH RIGHT HAND","ALWAYS WITH RIGHT HAND","ALWAYS WITH LEFT HAND","0: 0  CONDITION DOES NOT APPLY","1: 1  CONDITION APPLIES","YES","FEMALE","MALE"
1983,64735,4,1,6,33790,5,184,1,1,1,4,2,3,2,2,1,2,1,7,5,7,2,1,31,21,"Male","Non-Black / Non-Hispanic","South (AL, AR, DE, DC, FL, GA, KY, LA, MD, MS, NC, OK, SC, TN , TX, VA, WV)","High school diploma (Regular 12 year program)","In CBSA, not in central city","NO","3: Mother","NO","YES","NO","NO","YES","0: 0  CONDITION DOES NOT APPLY","ALWAYS WITH RIGHT HAND","ALWAYS WITH RIGHT HAND","ALWAYS WITH RIGHT HAND","ALWAYS WITH RIGHT HAND","ALWAYS WITH LEFT HAND","1: 1  CONDITION APPLIES","1: 1  CONDITION APPLIES","NO","FEMALE","MALE"
1982,64735,4,1,7,33790,5,184,2,1,4,4,3,4,2,2,2,2,1,4,4,5,1,1,26,5,"Female","Non-Black / Non-Hispanic","South (AL, AR, DE, DC, FL, GA, KY, LA, MD, MS, NC, OK, SC, TN , TX, VA, WV)","High school diploma (Regular 12 year program)","In CBSA, not in central city","NO","3: Mother","YES","YES","NO","NO","YES","0: 0  CONDITION DOES NOT APPLY","ALWAYS WITH RIGHT HAND","ALWAYS WITH RIGHT HAND","ALWAYS WITH RIGHT HAND","ALWAYS WITH RIGHT HAND","ALWAYS WITH LEFT HAND","1: 1  CONDITION APPLIES","1: 1  CONDITION APPLIES","NO","FEMALE","FEMALE"
1980,64735,4,1,2,54000,6,330,2,1,3,5,2,1,2,2,1,2,2,4,2,6,1,1,22,17,"Male","Non-Black / Non-Hispanic","South (AL, AR, DE, DC, FL, GA, KY, LA, MD, MS, NC, OK, SC, TN , TX, VA, WV)","High school diploma (Regular 12 year program)","In CBSA, not in central city","NO","3: Mother","NO","NO","NO","NO","NO","0: 0  CONDITION DOES NOT APPLY","ALWAYS WITH RIGHT HAND","ALWAYS WITH RIGHT HAND","ALWAYS WITH RIGHT HAND","ALWAYS WITH RIGHT HAND","ALWAYS WITH LEFT HAND","0: 0  CONDITION DOES NOT APPLY","1: 1  CONDITION APPLIES","NO","FEMALE","FEMALE"
1981,64735,1,0,1,33790,5,184,2,1,3,3,1,3,2,2,1,2,1,8,2,8,1,1,2,15,"Male","Non-Black / Non-Hispanic","Northeast (CT, ME, MA, NH, NJ, NY, PA, RI, VT)","Bachelor's degree (BA, BS)","In CBSA, not in central city","NO","3: Mother","YES","NO","NO","NO","YES","0: 0  CONDITION DOES NOT APPLY","ALWAYS WITH RIGHT HAND","ALWAYS WITH RIGHT HAND","USUALLY WITH LEFT HAND","ALWAYS WITH RIGHT HAND","ALWAYS WITH LEFT HAND","1: 1  CONDITION APPLIES","1: 1  CONDITION APPLIES","NO","FEMALE","MALE"
1980,64735,3,0,4,22000,5,184,2,2,7,4,3,10,2,2,1,2,1,6,2,7,1,1,29,19,"Female","Non-Black / Non-Hispanic","West (AK, AZ, CA, CO, HI, ID, MT, NV, NM, OR, UT, WA, WY)","Bachelor's degree (BA, BS)","In CBSA, in central city","NO","3: Mother","YES","NO","NO","NO","YES","0: 0  CONDITION DOES NOT APPLY","ALWAYS WITH RIGHT HAND","ALWAYS WITH RIGHT HAND","USUALLY WITH LEFT HAND","ALWAYS WITH RIGHT HAND","ALWAYS WITH LEFT HAND","0: 0  CONDITION DOES NOT APPLY","1: 1  CONDITION APPLIES","NO","FEMALE","FEMALE"
1984,64735,3,1,2,33790,5,160,1,1,4,4,3,4,2,2,2,2,1,6,2,7,1,1,32,22,"Female","Non-Black / Non-Hispanic","South (AL, AR, DE, DC, FL, GA, KY, LA, MD, MS, NC, OK, SC, TN , TX, VA, WV)","Bachelor's degree (BA, BS)","In CBSA, in central city","NO","3: Mother","YES","NO","NO","NO","YES","0: 0  CONDITION DOES NOT APPLY","ALWAYS WITH RIGHT HAND","ALWAYS WITH RIGHT HAND","ALWAYS WITH RIGHT HAND","ALWAYS WITH RIGHT HAND","ALWAYS WITH LEFT HAND","1: 1  CONDITION APPLIES","1: 1  CONDITION APPLIES","NO","FEMALE","FEMALE"
1984,140000,3,1,1,33790,5,150,1,1,3,4,6,4,2,2,1,2,1,6,1,8,1,1,35,23,"Female","Non-Black / Non-Hispanic","West (AK, AZ, CA, CO, HI, ID, MT, NV, NM, OR, UT, WA, WY)","Bachelor's degree (BA, BS)","In CBSA, not in central city","NO","3: Mother","YES","NO","NO","NO","YES","0: 0  CONDITION DOES NOT APPLY","ALWAYS WITH RIGHT HAND","ALWAYS WITH RIGHT HAND","ALWAYS WITH RIGHT HAND","ALWAYS WITH RIGHT HAND","ALWAYS WITH LEFT HAND","1: 1  CONDITION APPLIES","1: 1  CONDITION APPLIES","NO","MALE","MALE"
1982,64735,5,1,3,33790,5,180,1,1,2,3,2,5,2,2,1,2,1,5,1,7,1,1,31,20,"Male","Non-Black / Non-Hispanic","Northeast (CT, ME, MA, NH, NJ, NY, PA, RI, VT)","High school diploma (Regular 12 year program)","In CBSA, not in central city","YES","3: Mother","NO","NO","NO","NO","YES","0: 0  CONDITION DOES NOT APPLY","ALWAYS WITH RIGHT HAND","ALWAYS WITH RIGHT HAND","ALWAYS WITH RIGHT HAND","ALWAYS WITH RIGHT HAND","ALWAYS WITH LEFT HAND","1: 1  CONDITION APPLIES","1: 1  CONDITION APPLIES","NO","FEMALE","FEMALE"
1982,64735,3,0,3,33790,5,145,1,2,1,4,1,4,1,1,1,1,1,7,1,8,2,1,36,26,"Female","Non-Black / Non-Hispanic","South (AL, AR, DE, DC, FL, GA, KY, LA, MD, MS, NC, OK, SC, TN , TX, VA, WV)","GED","In CBSA, not in central city","NO","3: Mother","YES","YES","NO","NO","YES","0: 0  CONDITION DOES NOT APPLY","ALWAYS WITH RIGHT HAND","ALWAYS WITH RIGHT HAND","ALWAYS WITH RIGHT HAND","ALWAYS WITH RIGHT HAND","ALWAYS WITH LEFT HAND","1: 1  CONDITION APPLIES","1: 1  CONDITION APPLIES","NO","MALE","MALE"
1982,64735,3,0,5,33790,5,150,1,1,5,3,2,4,1,2,1,1,1,6,2,7,1,1,32,21,"Female","Non-Black / Non-Hispanic","West (AK, AZ, CA, CO, HI, ID, MT, NV, NM, OR, UT, WA, WY)","High school diploma (Regular 12 year program)","In CBSA, not in central city","NO","3: Mother","NO","NO","NO","NO","NO","0: 0  CONDITION DOES NOT APPLY","ALWAYS WITH RIGHT HAND","ALWAYS WITH RIGHT HAND","ALWAYS WITH RIGHT HAND","ALWAYS WITH RIGHT HAND","ALWAYS WITH LEFT HAND","1: 1  CONDITION APPLIES","1: 1  CONDITION APPLIES","NO","FEMALE","MALE"
1983,64735,5,2,5,33790,5,183,2,2,3,4,2,4,2,2,2,2,1,6,2,6,1,1,25,1,"Female","Non-Black / Non-Hispanic","North Central (IL, IN, IA, KS, MI, MN, MO, NE, OH, ND, SD, WI)","High school diploma (Regular 12 year program)","In CBSA, in central city","NO","3: Mother","YES","NO","NO","NO","YES","0: 0  CONDITION DOES NOT APPLY","ALWAYS WITH RIGHT HAND","ALWAYS WITH RIGHT HAND","ALWAYS WITH RIGHT HAND","ALWAYS WITH RIGHT HAND","ALWAYS WITH LEFT HAND","1: 1  CONDITION APPLIES","1: 1  CONDITION APPLIES","NO","FEMALE","FEMALE"
1982,64735,3,0,1,33790,5,184,1,2,3,2,1,2,1,2,2,2,1,3,3,6,1,1,31,23,"Male","Non-Black / Non-Hispanic","South (AL, AR, DE, DC, FL, GA, KY, LA, MD, MS, NC, OK, SC, TN , TX, VA, WV)","GED","Not in CBSA","NO","3: Mother","YES","YES","YES","NO","YES","0: 0  CONDITION DOES NOT APPLY","ALWAYS WITH RIGHT HAND","ALWAYS WITH RIGHT HAND","ALWAYS WITH RIGHT HAND","ALWAYS WITH RIGHT HAND","ALWAYS WITH LEFT HAND","1: 1  CONDITION APPLIES","1: 1  CONDITION APPLIES","NO","FEMALE","FEMALE"
1982,64735,2,0,3,33790,5,184,1,1,3,3,3,5,2,2,2,2,2,5,1,6,1,1,34,24,"Male","Non-Black / Non-Hispanic","Northeast (CT, ME, MA, NH, NJ, NY, PA, RI, VT)","High school diploma (Regular 12 year program)","In CBSA, not in central city","NO","3: Mother","YES","NO","YES","NO","NO","0: 0  CONDITION DOES NOT APPLY","ALWAYS WITH LEFT HAND","ALWAYS WITH RIGHT HAND","ALWAYS WITH LEFT HAND","ALWAYS WITH RIGHT HAND","ALWAYS WITH LEFT HAND","0: 0  CONDITION DOES NOT APPLY","1: 1  CONDITION APPLIES","NO","FEMALE","FEMALE"
1980,64735,4,1,3,33790,5,165,1,2,3,3,2,2,2,2,2,2,1,4,2,7,1,1,33,19,"Male","Hispanic","West (AK, AZ, CA, CO, HI, ID, MT, NV, NM, OR, UT, WA, WY)","None","In CBSA, in central city","NO","3: Mother","NO","NO","NO","NO","YES","0: 0  CONDITION DOES NOT APPLY","ALWAYS WITH RIGHT HAND","USUALLY WITH BOTH HANDS EQUALLY","ALWAYS WITH RIGHT HAND","USUALLY WITH BOTH HANDS EQUALLY","USUALLY WITH LEFT HAND","1: 1  CONDITION APPLIES","1: 1  CONDITION APPLIES","NO","FEMALE","FEMALE"
1982,64735,3,0,5,33790,5,183,1,2,2,4,3,3,2,2,1,1,1,6,2,7,2,1,29,21,"Female","Non-Black / Non-Hispanic","Northeast (CT, ME, MA, NH, NJ, NY, PA, RI, VT)","High school diploma (Regular 12 year program)","In CBSA, not in central city","NO","3: Mother","NO","NO","NO","NO","YES","0: 0  CONDITION DOES NOT APPLY","ALWAYS WITH RIGHT HAND","ALWAYS WITH RIGHT HAND","ALWAYS WITH RIGHT HAND","ALWAYS WITH RIGHT HAND","ALWAYS WITH LEFT HAND","1: 1  CONDITION APPLIES","1: 1  CONDITION APPLIES","NO","FEMALE","FEMALE"
1982,110000,3,1,2,146002,5,186,3,1,4,4,1,2,2,2,2,2,1,3,6,6,1,1,22,14,"Female","Non-Black / Non-Hispanic","North Central (IL, IN, IA, KS, MI, MN, MO, NE, OH, ND, SD, WI)","High school diploma (Regular 12 year program)","Not in CBSA","NO","3: Mother","YES","NO","NO","NO","YES","0: 0  CONDITION DOES NOT APPLY","ALWAYS WITH RIGHT HAND","ALWAYS WITH RIGHT HAND","ALWAYS WITH RIGHT HAND","ALWAYS WITH RIGHT HAND","ALWAYS WITH LEFT HAND","1: 1  CONDITION APPLIES","1: 1  CONDITION APPLIES","NO","FEMALE","FEMALE"
1984,64735,4,0,2,33790,5,185,2,2,4,4,3,2,2,2,1,2,1,4,2,6,1,1,30,21,"Male","Non-Black / Non-Hispanic","West (AK, AZ, CA, CO, HI, ID, MT, NV, NM, OR, UT, WA, WY)","GED","In CBSA, not in central city","NO","3: Mother","YES","NO","NO","NO","YES","0: 0  CONDITION DOES NOT APPLY","ALWAYS WITH LEFT HAND","ALWAYS WITH LEFT HAND","ALWAYS WITH LEFT HAND","USUALLY WITH BOTH HANDS EQUALLY","ALWAYS WITH RIGHT HAND","1: 1  CONDITION APPLIES","1: 1  CONDITION APPLIES","NO","FEMALE","FEMALE"
1980,64735,2,1,1,33790,5,183,1,1,1,5,3,3,2,2,2,2,1,6,2,7,1,1,31,21,"Female","Non-Black / Non-Hispanic","West (AK, AZ, CA, CO, HI, ID, MT, NV, NM, OR, UT, WA, WY)","Associate/Junior college (AA)","In CBSA, not in central city","NO","3: Mother","NO","NO","YES","NO","YES","0: 0  CONDITION DOES NOT APPLY","ALWAYS WITH RIGHT HAND","ALWAYS WITH RIGHT HAND","ALWAYS WITH RIGHT HAND","ALWAYS WITH RIGHT HAND","ALWAYS WITH LEFT HAND","0: 0  CONDITION DOES NOT APPLY","1: 1  CONDITION APPLIES","NO","MALE","MALE"
1984,64735,4,0,2,33790,5,184,2,1,3,4,1,3,2,2,1,2,2,4,3,9,1,1,26,26,"Female","Non-Black / Non-Hispanic","West (AK, AZ, CA, CO, HI, ID, MT, NV, NM, OR, UT, WA, WY)","Bachelor's degree (BA, BS)","In CBSA, in central city","YES","3: Mother","NO","NO","YES","NO","YES","0: 0  CONDITION DOES NOT APPLY","ALWAYS WITH RIGHT HAND","ALWAYS WITH RIGHT HAND","ALWAYS WITH RIGHT HAND","ALWAYS WITH RIGHT HAND","ALWAYS WITH LEFT HAND","1: 1  CONDITION APPLIES","1: 1  CONDITION APPLIES","NO","FEMALE","FEMALE"
1980,64735,3,0,2,33790,5,180,1,2,6,3,1,2,2,2,1,2,1,2,2,9,1,1,32,24,"Male","Non-Black / Non-Hispanic","South (AL, AR, DE, DC, FL, GA, KY, LA, MD, MS, NC, OK, SC, TN , TX, VA, WV)","High school diploma (Regular 12 year program)","In CBSA, in central city","YES","3: Mother","NO","NO","NO","NO","YES","0: 0  CONDITION DOES NOT APPLY","ALWAYS WITH RIGHT HAND","ALWAYS WITH RIGHT HAND","ALWAYS WITH RIGHT HAND","ALWAYS WITH RIGHT HAND","USUALLY WITH BOTH HANDS EQUALLY","1: 1  CONDITION APPLIES","1: 1  CONDITION APPLIES","NO","FEMALE","MALE"
1980,120000,3,1,3,33790,5,185,1,1,3,4,3,5,2,2,1,2,1,5,2,5,1,1,24,4,"Female","Non-Black / Non-Hispanic","North Central (IL, IN, IA, KS, MI, MN, MO, NE, OH, ND, SD, WI)","GED","In CBSA, not in central city","NO","3: Mother","NO","NO","NO","NO","YES","0: 0  CONDITION DOES NOT APPLY","ALWAYS WITH RIGHT HAND","ALWAYS WITH RIGHT HAND","ALWAYS WITH RIGHT HAND","ALWAYS WITH RIGHT HAND","ALWAYS WITH LEFT HAND","1: 1  CONDITION APPLIES","1: 1  CONDITION APPLIES","NO","FEMALE","MALE"
1984,64735,4,0,2,146002,5,183,1,1,1,2,3,3,2,2,1,2,1,2,3,8,1,1,33,28,"Male","Non-Black / Non-Hispanic","North Central (IL, IN, IA, KS, MI, MN, MO, NE, OH, ND, SD, WI)","High school diploma (Regular 12 year program)","Not in CBSA","YES","3: Mother","NO","NO","NO","NO","NO","1: 1  CONDITION APPLIES","ALWAYS WITH RIGHT HAND","ALWAYS WITH RIGHT HAND","ALWAYS WITH RIGHT HAND","ALWAYS WITH RIGHT HAND","ALWAYS WITH LEFT HAND","1: 1  CONDITION APPLIES","1: 1  CONDITION APPLIES","NO","FEMALE","MALE"
1983,64735,3,1,1,33790,5,184,1,2,2,4,4,4,2,2,2,2,2,6,2,6,1,1,27,24,"Male","Black","South (AL, AR, DE, DC, FL, GA, KY, LA, MD, MS, NC, OK, SC, TN , TX, VA, WV)","Associate/Junior college (AA)","In CBSA, not in central city","NO","3: Mother","NO","NO","NO","NO","YES","0: 0  CONDITION DOES NOT APPLY","ALWAYS WITH RIGHT HAND","ALWAYS WITH RIGHT HAND","ALWAYS WITH RIGHT HAND","ALWAYS WITH RIGHT HAND","ALWAYS WITH LEFT HAND","1: 1  CONDITION APPLIES","1: 1  CONDITION APPLIES","NO","MALE","FEMALE"
1980,64735,3,2,2,33790,5,181,2,1,2,5,4,2,2,2,2,2,2,3,1,5,1,1,32,17,"Female","Non-Black / Non-Hispanic","West (AK, AZ, CA, CO, HI, ID, MT, NV, NM, OR, UT, WA, WY)","Master's degree (MA, MS)","Not in CBSA","YES","3: Mother","NO","YES","NO","NO","YES","0: 0  CONDITION DOES NOT APPLY","ALWAYS WITH RIGHT HAND","ALWAYS WITH RIGHT HAND","USUALLY WITH RIGHT HAND","ALWAYS WITH RIGHT HAND","ALWAYS WITH LEFT HAND","0: 0  CONDITION DOES NOT APPLY","1: 1  CONDITION APPLIES","NO","MALE","MALE"
1981,64735,3,1,3,33790,5,182,1,3,1,4,4,2,2,1,2,1,1,6,1,6,1,1,32,22,"Male","Non-Black / Non-Hispanic","South (AL, AR, DE, DC, FL, GA, KY, LA, MD, MS, NC, OK, SC, TN , TX, VA, WV)","Associate/Junior college (AA)","Not in CBSA","NO","3: Mother","NO","NO","NO","NO","NO","0: 0  CONDITION DOES NOT APPLY","ALWAYS WITH RIGHT HAND","ALWAYS WITH RIGHT HAND","ALWAYS WITH RIGHT HAND","ALWAYS WITH RIGHT HAND","ALWAYS WITH LEFT HAND","1: 1  CONDITION APPLIES","1: 1  CONDITION APPLIES","NO","FEMALE","FEMALE"
1981,64735,2,0,1,33790,5,183,2,1,2,2,2,4,2,2,1,2,1,3,1,6,1,1,34,21,"Male","Non-Black / Non-Hispanic","North Central (IL, IN, IA, KS, MI, MN, MO, NE, OH, ND, SD, WI)","High school diploma (Regular 12 year program)","Not in CBSA","NO","3: Mother","YES","NO","NO","NO","YES","0: 0  CONDITION DOES NOT APPLY","ALWAYS WITH RIGHT HAND","USUALLY WITH BOTH HANDS EQUALLY","ALWAYS WITH RIGHT HAND","ALWAYS WITH RIGHT HAND","ALWAYS WITH RIGHT HAND","1: 1  CONDITION APPLIES","1: 1  CONDITION APPLIES","NO","FEMALE","MALE"
1981,64735,2,1,4,33790,5,187,1,2,3,5,2,4,2,2,1,2,2,1,1,7,1,1,11,14,"Female","Hispanic","South (AL, AR, DE, DC, FL, GA, KY, LA, MD, MS, NC, OK, SC, TN , TX, VA, WV)","Bachelor's degree (BA, BS)","In CBSA, not in central city","NO","3: Mother","NO","YES","NO","NO","NO","0: 0  CONDITION DOES NOT APPLY","ALWAYS WITH RIGHT HAND","ALWAYS WITH RIGHT HAND","ALWAYS WITH RIGHT HAND","ALWAYS WITH RIGHT HAND","ALWAYS WITH LEFT HAND","1: 1  CONDITION APPLIES","1: 1  CONDITION APPLIES","NO","FEMALE","MALE"
1982,64735,4,0,2,33790,5,184,1,2,3,4,5,6,1,2,1,2,1,3,2,6,1,1,29,5,"Female","Non-Black / Non-Hispanic","South (AL, AR, DE, DC, FL, GA, KY, LA, MD, MS, NC, OK, SC, TN , TX, VA, WV)","High school diploma (Regular 12 year program)","In CBSA, in central city","NO","3: Mother","NO","NO","NO","NO","YES","0: 0  CONDITION DOES NOT APPLY","ALWAYS WITH RIGHT HAND","ALWAYS WITH RIGHT HAND","ALWAYS WITH RIGHT HAND","ALWAYS WITH RIGHT HAND","ALWAYS WITH LEFT HAND","1: 1  CONDITION APPLIES","1: 1  CONDITION APPLIES","NO","MALE","FEMALE"
1982,64735,3,0,2,33790,5,182,1,1,3,3,4,6,2,2,1,2,1,7,1,8,1,1,20,21,"Female","Non-Black / Non-Hispanic","North Central (IL, IN, IA, KS, MI, MN, MO, NE, OH, ND, SD, WI)","Professional degree (DDS, JD, MD)","In CBSA, not in central city","NO","3: Mother","YES","NO","NO","NO","YES","0: 0  CONDITION DOES NOT APPLY","ALWAYS WITH RIGHT HAND","ALWAYS WITH RIGHT HAND","ALWAYS WITH RIGHT HAND","ALWAYS WITH RIGHT HAND","ALWAYS WITH LEFT HAND","1: 1  CONDITION APPLIES","1: 1  CONDITION APPLIES","NO","FEMALE","MALE"
1983,81000,3,0,2,33790,5,185,2,2,4,5,2,2,2,2,1,2,2,4,4,7,1,1,30,21,"Male","Non-Black / Non-Hispanic","West (AK, AZ, CA, CO, HI, ID, MT, NV, NM, OR, UT, WA, WY)","High school diploma (Regular 12 year program)","In CBSA, not in central city","NO","3: Mother","NO","YES","NO","NO","YES","0: 0  CONDITION DOES NOT APPLY","ALWAYS WITH RIGHT HAND","ALWAYS WITH LEFT HAND","ALWAYS WITH RIGHT HAND","ALWAYS WITH RIGHT HAND","ALWAYS WITH LEFT HAND","1: 1  CONDITION APPLIES","1: 1  CONDITION APPLIES","NO","FEMALE","FEMALE"
1986,64735,5,1,6,32000,6,192,1,2,4,4,2,5,1,2,1,2,2,6,3,7,3,1,27,19,"Male","Non-Black / Non-Hispanic","West (AK, AZ, CA, CO, HI, ID, MT, NV, NM, OR, UT, WA, WY)","High school diploma (Regular 12 year program)","In CBSA, not in central city","NO","3: Mother","NO","NO","NO","NO","YES","0: 0  CONDITION DOES NOT APPLY","ALWAYS WITH RIGHT HAND","ALWAYS WITH RIGHT HAND","ALWAYS WITH RIGHT HAND","ALWAYS WITH RIGHT HAND","ALWAYS WITH RIGHT HAND","1: 1  CONDITION APPLIES","1: 1  CONDITION APPLIES","NO","MALE","MALE"
1980,19736,3,0,3,33790,6,183,2,1,5,3,3,1,2,2,1,2,1,6,1,8,3,1,31,22,"Female","Non-Black / Non-Hispanic","West (AK, AZ, CA, CO, HI, ID, MT, NV, NM, OR, UT, WA, WY)","High school diploma (Regular 12 year program)","In CBSA, in central city","NO","3: Mother","YES","NO","NO","NO","YES","0: 0  CONDITION DOES NOT APPLY","ALWAYS WITH RIGHT HAND","ALWAYS WITH RIGHT HAND","ALWAYS WITH RIGHT HAND","ALWAYS WITH RIGHT HAND","ALWAYS WITH LEFT HAND","1: 1  CONDITION APPLIES","1: 1  CONDITION APPLIES","NO","MALE","FEMALE"
1983,64735,3,0,5,33790,5,183,1,1,5,3,2,6,2,2,1,2,1,7,1,7,1,1,32,24,"Female","Hispanic","South (AL, AR, DE, DC, FL, GA, KY, LA, MD, MS, NC, OK, SC, TN , TX, VA, WV)","High school diploma (Regular 12 year program)","In CBSA, in central city","YES","3: Mother","YES","NO","NO","NO","NO","0: 0  CONDITION DOES NOT APPLY","ALWAYS WITH RIGHT HAND","ALWAYS WITH RIGHT HAND","ALWAYS WITH RIGHT HAND","ALWAYS WITH RIGHT HAND","ALWAYS WITH LEFT HAND","1: 1  CONDITION APPLIES","1: 1  CONDITION APPLIES","NO","MALE","MALE"
1982,64735,2,0,3,33790,5,205,2,1,1,3,2,2,2,2,1,2,1,6,3,7,1,1,33,23,"Male","Non-Black / Non-Hispanic","South (AL, AR, DE, DC, FL, GA, KY, LA, MD, MS, NC, OK, SC, TN , TX, VA, WV)","High school diploma (Regular 12 year program)","In CBSA, in central city","NO","3: Mother","NO","YES","NO","NO","YES","0: 0  CONDITION DOES NOT APPLY","ALWAYS WITH RIGHT HAND","ALWAYS WITH RIGHT HAND","USUALLY WITH RIGHT HAND","ALWAYS WITH RIGHT HAND","ALWAYS WITH LEFT HAND","1: 1  CONDITION APPLIES","1: 1  CONDITION APPLIES","NO","FEMALE","FEMALE"
1980,135000,3,0,1,33790,6,185,1,1,3,3,2,6,2,2,1,2,1,4,3,6,1,2,37,31,"Male","Non-Black / Non-Hispanic","West (AK, AZ, CA, CO, HI, ID, MT, NV, NM, OR, UT, WA, WY)","Bachelor's degree (BA, BS)","In CBSA, in central city","NO","3: Mother","YES","NO","YES","NO","NO","0: 0  CONDITION DOES NOT APPLY","ALWAYS WITH RIGHT HAND","ALWAYS WITH RIGHT HAND","ALWAYS WITH RIGHT HAND","ALWAYS WITH RIGHT HAND","ALWAYS WITH LEFT HAND","1: 1  CONDITION APPLIES","1: 1  CONDITION APPLIES","NO","FEMALE","FEMALE"
1982,64735,3,1,2,33790,5,182,1,1,1,4,4,2,1,2,1,2,1,2,3,8,1,2,32,21,"Male","Non-Black / Non-Hispanic","South (AL, AR, DE, DC, FL, GA, KY, LA, MD, MS, NC, OK, SC, TN , TX, VA, WV)","High school diploma (Regular 12 year program)","In CBSA, not in central city","NO","3: Mother","NO","YES","NO","NO","YES","0: 0  CONDITION DOES NOT APPLY","USUALLY WITH RIGHT HAND","ALWAYS WITH RIGHT HAND","ALWAYS WITH RIGHT HAND","ALWAYS WITH RIGHT HAND","ALWAYS WITH LEFT HAND","1: 1  CONDITION APPLIES","1: 1  CONDITION APPLIES","NO","FEMALE","MALE"
1981,64735,3,0,2,33180,5,181,1,1,3,4,3,1,2,2,2,2,2,4,3,6,1,1,29,16,"Female","Non-Black / Non-Hispanic","North Central (IL, IN, IA, KS, MI, MN, MO, NE, OH, ND, SD, WI)","Bachelor's degree (BA, BS)","Not in CBSA","NO","3: Mother","NO","NO","NO","NO","YES","0: 0  CONDITION DOES NOT APPLY","ALWAYS WITH RIGHT HAND","ALWAYS WITH RIGHT HAND","ALWAYS WITH RIGHT HAND","DON'T DO THIS ACTIVITY","ALWAYS WITH LEFT HAND","1: 1  CONDITION APPLIES","1: 1  CONDITION APPLIES","NO","FEMALE","MALE"
1981,30000,3,0,2,33790,5,195,1,2,2,2,4,3,2,2,1,2,2,5,2,8,1,3,31,21,"Female","Non-Black / Non-Hispanic","Northeast (CT, ME, MA, NH, NJ, NY, PA, RI, VT)","High school diploma (Regular 12 year program)","In CBSA, not in central city","NO","3: Mother","NO","NO","NO","NO","NO","0: 0  CONDITION DOES NOT APPLY","ALWAYS WITH RIGHT HAND","ALWAYS WITH RIGHT HAND","ALWAYS WITH RIGHT HAND","ALWAYS WITH RIGHT HAND","ALWAYS WITH LEFT HAND","0: 0  CONDITION DOES NOT APPLY","1: 1  CONDITION APPLIES","NO","FEMALE","FEMALE"
1984,64735,2,0,2,40000,5,183,2,2,5,5,6,3,2,2,2,2,2,4,1,6,2,1,29,23,"Female","Non-Black / Non-Hispanic","West (AK, AZ, CA, CO, HI, ID, MT, NV, NM, OR, UT, WA, WY)","Associate/Junior college (AA)","In CBSA, not in central city","YES","3: Mother","NO","NO","NO","NO","YES","0: 0  CONDITION DOES NOT APPLY","ALWAYS WITH RIGHT HAND","ALWAYS WITH RIGHT HAND","ALWAYS WITH RIGHT HAND","ALWAYS WITH RIGHT HAND","ALWAYS WITH LEFT HAND","1: 1  CONDITION APPLIES","1: 1  CONDITION APPLIES","NO","FEMALE","MALE"
1981,64735,2,0,1,33790,5,181,1,1,5,3,1,3,2,2,2,1,1,5,2,8,1,1,25,20,"Female","Black","West (AK, AZ, CA, CO, HI, ID, MT, NV, NM, OR, UT, WA, WY)","High school diploma (Regular 12 year program)","In CBSA, in central city","NO","3: Mother","YES","YES","NO","NO","YES","0: 0  CONDITION DOES NOT APPLY","ALWAYS WITH RIGHT HAND","ALWAYS WITH RIGHT HAND","ALWAYS WITH RIGHT HAND","ALWAYS WITH RIGHT HAND","ALWAYS WITH LEFT HAND","1: 1  CONDITION APPLIES","1: 1  CONDITION APPLIES","NO","FEMALE","FEMALE"
1983,15000,3,1,2,33790,5,181,1,2,2,3,1,5,2,2,2,2,1,3,2,8,1,1,35,19,"Male","Non-Black / Non-Hispanic","Northeast (CT, ME, MA, NH, NJ, NY, PA, RI, VT)","High school diploma (Regular 12 year program)","In CBSA, not in central city","NO","3: Mother","YES","NO","NO","NO","YES","0: 0  CONDITION DOES NOT APPLY","ALWAYS WITH RIGHT HAND","ALWAYS WITH RIGHT HAND","ALWAYS WITH RIGHT HAND","ALWAYS WITH RIGHT HAND","ALWAYS WITH LEFT HAND","1: 1  CONDITION APPLIES","1: 1  CONDITION APPLIES","NO","MALE","FEMALE"
1980,64735,3,1,1,33790,5,186,1,2,2,5,2,4,2,3,1,2,1,6,2,6,1,1,29,2,"Female","Black","West (AK, AZ, CA, CO, HI, ID, MT, NV, NM, OR, UT, WA, WY)","High school diploma (Regular 12 year program)","In CBSA, not in central city","NO","3: Mother","YES","NO","NO","NO","YES","0: 0  CONDITION DOES NOT APPLY","ALWAYS WITH RIGHT HAND","ALWAYS WITH RIGHT HAND","ALWAYS WITH RIGHT HAND","ALWAYS WITH LEFT HAND","ALWAYS WITH LEFT HAND","1: 1  CONDITION APPLIES","1: 1  CONDITION APPLIES","NO","FEMALE","FEMALE"
1981,64735,2,1,2,33790,5,183,1,1,6,3,4,4,2,2,2,2,2,6,2,6,1,1,30,19,"Male","Non-Black / Non-Hispanic","North Central (IL, IN, IA, KS, MI, MN, MO, NE, OH, ND, SD, WI)","High school diploma (Regular 12 year program)","In CBSA, in central city","NO","3: Mother","YES","NO","YES","NO","NO","0: 0  CONDITION DOES NOT APPLY","ALWAYS WITH LEFT HAND","ALWAYS WITH RIGHT HAND","ALWAYS WITH LEFT HAND","ALWAYS WITH RIGHT HAND","ALWAYS WITH LEFT HAND","1: 1  CONDITION APPLIES","1: 1  CONDITION APPLIES","YES","FEMALE","FEMALE"
1982,64735,5,2,4,70000,5,182,1,1,1,3,1,2,2,2,2,2,1,3,3,7,1,1,27,11,"Female","Non-Black / Non-Hispanic","Northeast (CT, ME, MA, NH, NJ, NY, PA, RI, VT)","High school diploma (Regular 12 year program)","In CBSA, not in central city","NO","3: Mother","YES","NO","NO","NO","YES","0: 0  CONDITION DOES NOT APPLY","ALWAYS WITH RIGHT HAND","ALWAYS WITH RIGHT HAND","ALWAYS WITH RIGHT HAND","ALWAYS WITH RIGHT HAND","ALWAYS WITH LEFT HAND","1: 1  CONDITION APPLIES","1: 1  CONDITION APPLIES","NO","MALE","MALE"
1984,64735,1,1,1,33790,5,180,1,1,5,2,3,7,2,2,1,2,1,6,3,7,1,1,33,23,"Female","Non-Black / Non-Hispanic","Northeast (CT, ME, MA, NH, NJ, NY, PA, RI, VT)","Bachelor's degree (BA, BS)","Not in CBSA","NO","3: Mother","YES","NO","YES","NO","YES","0: 0  CONDITION DOES NOT APPLY","ALWAYS WITH RIGHT HAND","ALWAYS WITH RIGHT HAND","ALWAYS WITH RIGHT HAND","ALWAYS WITH RIGHT HAND","ALWAYS WITH LEFT HAND","1: 1  CONDITION APPLIES","0: 0  CONDITION DOES NOT APPLY","NO","MALE","MALE"
1982,64735,1,0,2,33790,6,185,1,1,3,3,3,3,2,2,2,1,2,3,2,5,1,1,34,22,"Male","Non-Black / Non-Hispanic","South (AL, AR, DE, DC, FL, GA, KY, LA, MD, MS, NC, OK, SC, TN , TX, VA, WV)","High school diploma (Regular 12 year program)","In CBSA, not in central city","NO","3: Mother","YES","NO","YES","NO","NO","0: 0  CONDITION DOES NOT APPLY","ALWAYS WITH LEFT HAND","ALWAYS WITH LEFT HAND","ALWAYS WITH LEFT HAND","ALWAYS WITH LEFT HAND","ALWAYS WITH LEFT HAND","1: 1  CONDITION APPLIES","1: 1  CONDITION APPLIES","NO","FEMALE","FEMALE"
1982,67586,4,1,1,33790,6,184,1,2,4,3,2,4,2,2,2,2,1,3,2,6,1,1,35,22,"Male","Non-Black / Non-Hispanic","West (AK, AZ, CA, CO, HI, ID, MT, NV, NM, OR, UT, WA, WY)","High school diploma (Regular 12 year program)","In CBSA, not in central city","NO","3: Mother","YES","NO","NO","NO","YES","0: 0  CONDITION DOES NOT APPLY","ALWAYS WITH RIGHT HAND","ALWAYS WITH RIGHT HAND","ALWAYS WITH RIGHT HAND","ALWAYS WITH RIGHT HAND","USUALLY WITH BOTH HANDS EQUALLY","1: 1  CONDITION APPLIES","0: 0  CONDITION DOES NOT APPLY","NO","FEMALE","MALE"
1985,64735,2,0,2,33790,5,184,1,1,4,2,3,4,2,2,1,2,1,9,3,8,2,1,7,35,"Female","Black","South (AL, AR, DE, DC, FL, GA, KY, LA, MD, MS, NC, OK, SC, TN , TX, VA, WV)","Master's degree (MA, MS)","In CBSA, not in central city","NO","3: Mother","YES","YES","NO","NO","YES","0: 0  CONDITION DOES NOT APPLY","ALWAYS WITH RIGHT HAND","ALWAYS WITH RIGHT HAND","ALWAYS WITH RIGHT HAND","ALWAYS WITH RIGHT HAND","ALWAYS WITH LEFT HAND","1: 1  CONDITION APPLIES","1: 1  CONDITION APPLIES","NO","FEMALE","MALE"
1981,64735,3,0,3,33790,5,183,1,2,5,7,1,3,2,2,1,2,1,3,2,6,1,1,26,0,"Female","Non-Black / Non-Hispanic","North Central (IL, IN, IA, KS, MI, MN, MO, NE, OH, ND, SD, WI)","High school diploma (Regular 12 year program)","In CBSA, not in central city","NO","3: Mother","NO","NO","NO","NO","YES","0: 0  CONDITION DOES NOT APPLY","ALWAYS WITH RIGHT HAND","USUALLY WITH RIGHT HAND","ALWAYS WITH RIGHT HAND","ALWAYS WITH RIGHT HAND","ALWAYS WITH LEFT HAND","1: 1  CONDITION APPLIES","1: 1  CONDITION APPLIES","NO","MALE","FEMALE"
1984,64735,3,1,2,33790,5,183,1,2,5,4,5,3,2,2,2,2,1,6,2,7,1,1,31,23,"Female","Non-Black / Non-Hispanic","West (AK, AZ, CA, CO, HI, ID, MT, NV, NM, OR, UT, WA, WY)","High school diploma (Regular 12 year program)","In CBSA, not in central city","NO","3: Mother","YES","NO","YES","NO","YES","0: 0  CONDITION DOES NOT APPLY","ALWAYS WITH RIGHT HAND","ALWAYS WITH RIGHT HAND","ALWAYS WITH RIGHT HAND","ALWAYS WITH RIGHT HAND","ALWAYS WITH LEFT HAND","0: 0  CONDITION DOES NOT APPLY","1: 1  CONDITION APPLIES","YES","FEMALE","FEMALE"
1981,64735,5,1,2,33790,6,181,1,2,5,3,1,5,2,2,1,2,2,2,2,7,3,2,31,18,"Male","Non-Black / Non-Hispanic","South (AL, AR, DE, DC, FL, GA, KY, LA, MD, MS, NC, OK, SC, TN , TX, VA, WV)","High school diploma (Regular 12 year program)","In CBSA, in central city","NO","3: Mother","YES","NO","YES","NO","NO","0: 0  CONDITION DOES NOT APPLY","ALWAYS WITH RIGHT HAND","ALWAYS WITH RIGHT HAND","ALWAYS WITH RIGHT HAND","ALWAYS WITH RIGHT HAND","ALWAYS WITH LEFT HAND","1: 1  CONDITION APPLIES","1: 1  CONDITION APPLIES","NO","MALE","FEMALE"
1982,62500,2,0,4,33790,5,205,1,2,6,3,7,3,2,2,1,1,1,6,1,7,1,1,22,25,"Male","Non-Black / Non-Hispanic","Northeast (CT, ME, MA, NH, NJ, NY, PA, RI, VT)","Associate/Junior college (AA)","In CBSA, in central city","NO","3: Mother","YES","NO","NO","NO","YES","0: 0  CONDITION DOES NOT APPLY","ALWAYS WITH RIGHT HAND","ALWAYS WITH RIGHT HAND","ALWAYS WITH RIGHT HAND","ALWAYS WITH RIGHT HAND","ALWAYS WITH LEFT HAND","1: 1  CONDITION APPLIES","1: 1  CONDITION APPLIES","NO","FEMALE","MALE"
1983,64735,3,0,2,33790,5,182,1,1,2,2,3,5,2,1,1,1,1,6,3,6,2,1,26,17,"Male","Non-Black / Non-Hispanic","North Central (IL, IN, IA, KS, MI, MN, MO, NE, OH, ND, SD, WI)","High school diploma (Regular 12 year program)","In CBSA, not in central city","NO","3: Mother","YES","NO","NO","NO","YES","0: 0  CONDITION DOES NOT APPLY","ALWAYS WITH RIGHT HAND","ALWAYS WITH RIGHT HAND","USUALLY WITH BOTH HANDS EQUALLY","ALWAYS WITH RIGHT HAND","ALWAYS WITH LEFT HAND","0: 0  CONDITION DOES NOT APPLY","1: 1  CONDITION APPLIES","NO","MALE","MALE"
1983,64735,3,0,6,33790,5,184,2,2,1,4,1,3,2,2,2,2,1,3,3,7,1,1,33,20,"Female","Non-Black / Non-Hispanic","West (AK, AZ, CA, CO, HI, ID, MT, NV, NM, OR, UT, WA, WY)","High school diploma (Regular 12 year program)","In CBSA, in central city","NO","3: Mother","NO","NO","NO","NO","YES","0: 0  CONDITION DOES NOT APPLY","ALWAYS WITH RIGHT HAND","ALWAYS WITH RIGHT HAND","ALWAYS WITH RIGHT HAND","ALWAYS WITH RIGHT HAND","USUALLY WITH BOTH HANDS EQUALLY","1: 1  CONDITION APPLIES","1: 1  CONDITION APPLIES","NO","MALE","FEMALE"
1980,316618,2,1,1,146002,5,181,2,1,3,3,2,3,2,2,1,2,1,6,2,7,1,1,31,21,"Male","Non-Black / Non-Hispanic","Northeast (CT, ME, MA, NH, NJ, NY, PA, RI, VT)","Associate/Junior college (AA)","In CBSA, not in central city","NO","3: Mother","YES","NO","NO","NO","YES","0: 0  CONDITION DOES NOT APPLY","ALWAYS WITH RIGHT HAND","ALWAYS WITH RIGHT HAND","ALWAYS WITH RIGHT HAND","ALWAYS WITH RIGHT HAND","ALWAYS WITH LEFT HAND","1: 1  CONDITION APPLIES","1: 1  CONDITION APPLIES","NO","MALE","MALE"
1984,64735,6,1,2,33790,5,180,1,2,3,3,1,2,2,2,1,2,1,3,2,8,1,1,31,23,"Male","Black","West (AK, AZ, CA, CO, HI, ID, MT, NV, NM, OR, UT, WA, WY)","High school diploma (Regular 12 year program)","In CBSA, in central city","NO","3: Mother","NO","NO","NO","NO","YES","0: 0  CONDITION DOES NOT APPLY","ALWAYS WITH RIGHT HAND","ALWAYS WITH RIGHT HAND","ALWAYS WITH RIGHT HAND","ALWAYS WITH RIGHT HAND","ALWAYS WITH LEFT HAND","1: 1  CONDITION APPLIES","1: 1  CONDITION APPLIES","YES","MALE","MALE"
1980,64735,3,0,1,33790,5,183,1,1,5,3,4,4,2,2,2,2,1,4,2,6,1,1,32,22,"Female","Non-Black / Non-Hispanic","North Central (IL, IN, IA, KS, MI, MN, MO, NE, OH, ND, SD, WI)","Bachelor's degree (BA, BS)","In CBSA, not in central city","NO","3: Mother","YES","NO","NO","NO","YES","0: 0  CONDITION DOES NOT APPLY","ALWAYS WITH RIGHT HAND","ALWAYS WITH RIGHT HAND","ALWAYS WITH RIGHT HAND","ALWAYS WITH RIGHT HAND","ALWAYS WITH LEFT HAND","1: 1  CONDITION APPLIES","1: 1  CONDITION APPLIES","NO","MALE","MALE"
1984,64735,4,0,1,33790,5,180,1,1,2,4,4,4,2,2,2,1,1,4,1,6,1,1,33,24,"Female","Black","West (AK, AZ, CA, CO, HI, ID, MT, NV, NM, OR, UT, WA, WY)","High school diploma (Regular 12 year program)","In CBSA, not in central city","NO","3: Mother","NO","YES","NO","NO","YES","0: 0  CONDITION DOES NOT APPLY","ALWAYS WITH RIGHT HAND","USUALLY WITH RIGHT HAND","ALWAYS WITH RIGHT HAND","ALWAYS WITH RIGHT HAND","ALWAYS WITH LEFT HAND","1: 1  CONDITION APPLIES","1: 1  CONDITION APPLIES","NO","FEMALE","MALE"
1983,64735,2,0,1,33790,5,182,1,2,3,4,4,4,2,2,1,2,1,5,4,6,1,1,28,18,"Male","Non-Black / Non-Hispanic","West (AK, AZ, CA, CO, HI, ID, MT, NV, NM, OR, UT, WA, WY)","High school diploma (Regular 12 year program)","In CBSA, not in central city","NO","3: Mother","NO","NO","NO","NO","YES","0: 0  CONDITION DOES NOT APPLY","ALWAYS WITH RIGHT HAND","ALWAYS WITH RIGHT HAND","ALWAYS WITH RIGHT HAND","ALWAYS WITH RIGHT HAND","ALWAYS WITH LEFT HAND","1: 1  CONDITION APPLIES","1: 1  CONDITION APPLIES","NO","MALE","FEMALE"
1981,64735,2,0,2,33790,5,180,1,1,4,3,4,4,2,2,2,2,1,6,2,8,2,1,32,20,"Male","Non-Black / Non-Hispanic","North Central (IL, IN, IA, KS, MI, MN, MO, NE, OH, ND, SD, WI)","Bachelor's degree (BA, BS)","In CBSA, not in central city","NO","3: Mother","NO","NO","NO","NO","YES","0: 0  CONDITION DOES NOT APPLY","ALWAYS WITH RIGHT HAND","ALWAYS WITH RIGHT HAND","ALWAYS WITH RIGHT HAND","ALWAYS WITH RIGHT HAND","USUALLY WITH LEFT HAND","0: 0  CONDITION DOES NOT APPLY","1: 1  CONDITION APPLIES","NO","FEMALE","FEMALE"
1983,64735,3,1,2,33790,5,180,1,1,3,4,4,6,2,1,1,2,1,6,1,7,1,1,27,23,"Female","Non-Black / Non-Hispanic","South (AL, AR, DE, DC, FL, GA, KY, LA, MD, MS, NC, OK, SC, TN , TX, VA, WV)","High school diploma (Regular 12 year program)","In CBSA, not in central city","NO","5: Adoptive Mother","YES","NO","NO","NO","YES","0: 0  CONDITION DOES NOT APPLY","ALWAYS WITH RIGHT HAND","ALWAYS WITH RIGHT HAND","ALWAYS WITH RIGHT HAND","ALWAYS WITH RIGHT HAND","ALWAYS WITH LEFT HAND","0: 0  CONDITION DOES NOT APPLY","1: 1  CONDITION APPLIES","NO","MALE","FEMALE"
1980,64735,4,2,1,33790,5,182,1,2,3,4,4,4,2,2,1,2,1,5,2,7,1,1,36,22,"Male","Non-Black / Non-Hispanic","South (AL, AR, DE, DC, FL, GA, KY, LA, MD, MS, NC, OK, SC, TN , TX, VA, WV)","High school diploma (Regular 12 year program)","In CBSA, not in central city","NO","3: Mother","YES","NO","YES","NO","NO","0: 0  CONDITION DOES NOT APPLY","ALWAYS WITH RIGHT HAND","ALWAYS WITH RIGHT HAND","USUALLY WITH RIGHT HAND","ALWAYS WITH RIGHT HAND","ALWAYS WITH LEFT HAND","1: 1  CONDITION APPLIES","1: 1  CONDITION APPLIES","NO","MALE","FEMALE"
1986,64735,4,1,1,33790,6,185,1,2,3,4,2,2,2,2,1,1,1,7,2,8,1,1,32,23,"Male","Hispanic","West (AK, AZ, CA, CO, HI, ID, MT, NV, NM, OR, UT, WA, WY)","High school diploma (Regular 12 year program)","In CBSA, not in central city","NO","3: Mother","YES","NO","YES","NO","NO","0: 0  CONDITION DOES NOT APPLY","ALWAYS WITH RIGHT HAND","ALWAYS WITH RIGHT HAND","ALWAYS WITH RIGHT HAND","ALWAYS WITH RIGHT HAND","USUALLY WITH LEFT HAND","0: 0  CONDITION DOES NOT APPLY","1: 1  CONDITION APPLIES","NO","FEMALE","MALE"
1982,72750,2,1,3,33790,5,182,1,2,4,5,3,3,2,2,1,1,1,5,1,7,1,1,27,21,"Male","Non-Black / Non-Hispanic","West (AK, AZ, CA, CO, HI, ID, MT, NV, NM, OR, UT, WA, WY)","High school diploma (Regular 12 year program)","In CBSA, not in central city","NO","3: Mother","YES","NO","YES","NO","YES","0: 0  CONDITION DOES NOT APPLY","ALWAYS WITH RIGHT HAND","ALWAYS WITH RIGHT HAND","ALWAYS WITH LEFT HAND","ALWAYS WITH RIGHT HAND","ALWAYS WITH RIGHT HAND","1: 1  CONDITION APPLIES","1: 1  CONDITION APPLIES","NO","FEMALE","MALE"
1988,64735,3,0,1,33790,5,181,1,1,5,4,5,6,2,2,1,2,1,8,1,6,1,1,40,56,"Female","Non-Black / Non-Hispanic","West (AK, AZ, CA, CO, HI, ID, MT, NV, NM, OR, UT, WA, WY)","Bachelor's degree (BA, BS)","In CBSA, in central city","YES","3: Mother","YES","NO","NO","NO","YES","0: 0  CONDITION DOES NOT APPLY","ALWAYS WITH RIGHT HAND","ALWAYS WITH RIGHT HAND","USUALLY WITH BOTH HANDS EQUALLY","ALWAYS WITH RIGHT HAND","USUALLY WITH LEFT HAND","1: 1  CONDITION APPLIES","1: 1  CONDITION APPLIES","NO","MALE","MALE"
1980,64735,7,2,3,17000,5,155,1,1,6,4,2,7,2,2,2,2,1,6,2,7,1,1,26,15,"Female","Non-Black / Non-Hispanic","West (AK, AZ, CA, CO, HI, ID, MT, NV, NM, OR, UT, WA, WY)","High school diploma (Regular 12 year program)","In CBSA, not in central city","NO","3: Mother","YES","NO","YES","NO","YES","0: 0  CONDITION DOES NOT APPLY","ALWAYS WITH RIGHT HAND","ALWAYS WITH RIGHT HAND","ALWAYS WITH RIGHT HAND","ALWAYS WITH RIGHT HAND","ALWAYS WITH LEFT HAND","1: 1  CONDITION APPLIES","1: 1  CONDITION APPLIES","YES","FEMALE","FEMALE"
1984,64735,3,1,1,33790,5,182,1,1,2,4,5,5,2,2,1,2,1,7,2,7,1,1,33,24,"Female","Non-Black / Non-Hispanic","West (AK, AZ, CA, CO, HI, ID, MT, NV, NM, OR, UT, WA, WY)","High school diploma (Regular 12 year program)","In CBSA, not in central city","NO","3: Mother","NO","YES","NO","NO","YES","0: 0  CONDITION DOES NOT APPLY","ALWAYS WITH RIGHT HAND","ALWAYS WITH RIGHT HAND","ALWAYS WITH RIGHT HAND","ALWAYS WITH RIGHT HAND","ALWAYS WITH LEFT HAND","1: 1  CONDITION APPLIES","1: 1  CONDITION APPLIES","NO","MALE","MALE"
1983,64735,4,1,1,33790,5,185,1,2,5,3,6,5,2,2,1,2,1,6,3,7,1,1,34,22,"Male","Non-Black / Non-Hispanic","West (AK, AZ, CA, CO, HI, ID, MT, NV, NM, OR, UT, WA, WY)","High school diploma (Regular 12 year program)","In CBSA, not in central city","NO","3: Mother","YES","NO","YES","NO","YES","0: 0  CONDITION DOES NOT APPLY","ALWAYS WITH RIGHT HAND","USUALLY WITH RIGHT HAND","ALWAYS WITH RIGHT HAND","ALWAYS WITH RIGHT HAND","ALWAYS WITH LEFT HAND","1: 1  CONDITION APPLIES","1: 1  CONDITION APPLIES","NO","FEMALE","MALE"
1980,64735,3,1,2,33790,5,184,1,1,5,4,4,4,2,2,2,2,2,3,1,7,1,1,23,0,"Female","Non-Black / Non-Hispanic","North Central (IL, IN, IA, KS, MI, MN, MO, NE, OH, ND, SD, WI)","High school diploma (Regular 12 year program)","In CBSA, not in central city","NO","3: Mother","NO","YES","NO","NO","YES","0: 0  CONDITION DOES NOT APPLY","ALWAYS WITH RIGHT HAND","ALWAYS WITH RIGHT HAND","ALWAYS WITH RIGHT HAND","ALWAYS WITH RIGHT HAND","ALWAYS WITH LEFT HAND","1: 1  CONDITION APPLIES","1: 1  CONDITION APPLIES","NO","MALE","FEMALE"
1983,64735,3,0,3,9000,6,280,2,1,5,4,2,4,1,2,1,2,1,6,2,5,1,1,29,17,"Male","Non-Black / Non-Hispanic","North Central (IL, IN, IA, KS, MI, MN, MO, NE, OH, ND, SD, WI)","High school diploma (Regular 12 year program)","Not in CBSA","NO","3: Mother","NO","NO","NO","NO","NO","0: 0  CONDITION DOES NOT APPLY","ALWAYS WITH RIGHT HAND","ALWAYS WITH RIGHT HAND","ALWAYS WITH RIGHT HAND","ALWAYS WITH LEFT HAND","ALWAYS WITH LEFT HAND","1: 1  CONDITION APPLIES","1: 1  CONDITION APPLIES","NO","FEMALE","FEMALE"
1980,78850,2,0,2,33790,5,175,1,1,3,4,5,6,2,1,1,2,1,6,1,7,1,1,31,26,"Male","Black","West (AK, AZ, CA, CO, HI, ID, MT, NV, NM, OR, UT, WA, WY)","High school diploma (Regular 12 year program)","In CBSA, in central city","NO","3: Mother","YES","YES","NO","NO","YES","0: 0  CONDITION DOES NOT APPLY","ALWAYS WITH RIGHT HAND","ALWAYS WITH RIGHT HAND","ALWAYS WITH RIGHT HAND","ALWAYS WITH RIGHT HAND","ALWAYS WITH LEFT HAND","1: 1  CONDITION APPLIES","0: 0  CONDITION DOES NOT APPLY","NO","FEMALE","MALE"
1982,64735,5,2,4,33790,5,217,2,2,3,2,2,2,2,2,1,2,1,1,3,5,1,1,24,8,"Male","Non-Black / Non-Hispanic","South (AL, AR, DE, DC, FL, GA, KY, LA, MD, MS, NC, OK, SC, TN , TX, VA, WV)","High school diploma (Regular 12 year program)","Not in CBSA","NO","3: Mother","YES","NO","NO","NO","YES","0: 0  CONDITION DOES NOT APPLY","ALWAYS WITH RIGHT HAND","ALWAYS WITH RIGHT HAND","ALWAYS WITH RIGHT HAND","ALWAYS WITH RIGHT HAND","ALWAYS WITH RIGHT HAND","1: 1  CONDITION APPLIES","1: 1  CONDITION APPLIES","NO","FEMALE","FEMALE"
1982,64735,3,1,2,33790,5,181,1,1,4,3,2,8,2,2,2,2,2,5,2,7,1,1,31,20,"Male","Hispanic","South (AL, AR, DE, DC, FL, GA, KY, LA, MD, MS, NC, OK, SC, TN , TX, VA, WV)","Bachelor's degree (BA, BS)","In CBSA, in central city","NO","3: Mother","YES","NO","NO","NO","YES","0: 0  CONDITION DOES NOT APPLY","ALWAYS WITH RIGHT HAND","ALWAYS WITH RIGHT HAND","ALWAYS WITH RIGHT HAND","ALWAYS WITH RIGHT HAND","ALWAYS WITH LEFT HAND","0: 0  CONDITION DOES NOT APPLY","1: 1  CONDITION APPLIES","NO","FEMALE","FEMALE"
1981,64735,2,1,3,33790,5,186,2,1,4,5,4,4,1,2,1,1,1,6,4,7,1,1,4,13,"Female","Black","Northeast (CT, ME, MA, NH, NJ, NY, PA, RI, VT)","Bachelor's degree (BA, BS)","In CBSA, not in central city","NO","3: Mother","YES","NO","NO","NO","NO","0: 0  CONDITION DOES NOT APPLY","ALWAYS WITH RIGHT HAND","ALWAYS WITH RIGHT HAND","ALWAYS WITH RIGHT HAND","ALWAYS WITH RIGHT HAND","USUALLY WITH LEFT HAND","1: 1  CONDITION APPLIES","1: 1  CONDITION APPLIES","NO","FEMALE","MALE"
1982,43966,3,0,2,33790,5,183,1,1,2,2,2,6,2,2,1,2,1,4,2,7,1,1,30,21,"Female","Black","South (AL, AR, DE, DC, FL, GA, KY, LA, MD, MS, NC, OK, SC, TN , TX, VA, WV)","High school diploma (Regular 12 year program)","In CBSA, in central city","NO","3: Mother","YES","NO","NO","NO","YES","0: 0  CONDITION DOES NOT APPLY","ALWAYS WITH RIGHT HAND","ALWAYS WITH RIGHT HAND","ALWAYS WITH RIGHT HAND","ALWAYS WITH RIGHT HAND","ALWAYS WITH LEFT HAND","1: 1  CONDITION APPLIES","1: 1  CONDITION APPLIES","NO","FEMALE","MALE"
1984,64735,5,1,2,33790,5,178,2,1,3,3,5,4,2,2,1,2,1,6,1,8,1,1,31,23,"Male","Non-Black / Non-Hispanic","West (AK, AZ, CA, CO, HI, ID, MT, NV, NM, OR, UT, WA, WY)","High school diploma (Regular 12 year program)","In CBSA, not in central city","NO","3: Mother","YES","NO","YES","NO","YES","0: 0  CONDITION DOES NOT APPLY","ALWAYS WITH RIGHT HAND","ALWAYS WITH RIGHT HAND","ALWAYS WITH RIGHT HAND","ALWAYS WITH RIGHT HAND","ALWAYS WITH LEFT HAND","0: 0  CONDITION DOES NOT APPLY","1: 1  CONDITION APPLIES","NO","MALE","MALE"
1981,64735,3,1,4,33790,5,181,1,1,2,2,3,4,2,2,1,2,1,3,5,7,1,1,27,19,"Female","Non-Black / Non-Hispanic","West (AK, AZ, CA, CO, HI, ID, MT, NV, NM, OR, UT, WA, WY)","High school diploma (Regular 12 year program)","In CBSA, not in central city","NO","3: Mother","NO","YES","NO","NO","YES","0: 0  CONDITION DOES NOT APPLY","ALWAYS WITH RIGHT HAND","ALWAYS WITH RIGHT HAND","ALWAYS WITH RIGHT HAND","ALWAYS WITH RIGHT HAND","ALWAYS WITH LEFT HAND","1: 1  CONDITION APPLIES","0: 0  CONDITION DOES NOT APPLY","NO","MALE","FEMALE"
1982,64000,3,0,2,33790,5,185,1,2,5,4,3,5,2,1,1,1,1,5,2,5,1,1,31,18,"Male","Hispanic","South (AL, AR, DE, DC, FL, GA, KY, LA, MD, MS, NC, OK, SC, TN , TX, VA, WV)","High school diploma (Regular 12 year program)","In CBSA, not in central city","NO","3: Mother","NO","NO","YES","NO","YES","0: 0  CONDITION DOES NOT APPLY","ALWAYS WITH RIGHT HAND","ALWAYS WITH RIGHT HAND","ALWAYS WITH RIGHT HAND","ALWAYS WITH RIGHT HAND","USUALLY WITH LEFT HAND","1: 1  CONDITION APPLIES","1: 1  CONDITION APPLIES","NO","FEMALE","MALE"
1984,64735,4,0,1,33790,5,181,1,1,3,2,2,3,2,2,1,2,1,6,2,7,1,1,31,23,"Male","Black","South (AL, AR, DE, DC, FL, GA, KY, LA, MD, MS, NC, OK, SC, TN , TX, VA, WV)","GED","In CBSA, in central city","NO","3: Mother","NO","YES","NO","NO","YES","0: 0  CONDITION DOES NOT APPLY","ALWAYS WITH RIGHT HAND","ALWAYS WITH RIGHT HAND","ALWAYS WITH RIGHT HAND","ALWAYS WITH RIGHT HAND","ALWAYS WITH LEFT HAND","1: 1  CONDITION APPLIES","1: 1  CONDITION APPLIES","NO","FEMALE","MALE"
1980,64735,3,0,2,33790,5,183,1,2,2,3,4,4,2,2,1,2,1,6,2,8,1,1,27,19,"Female","Non-Black / Non-Hispanic","West (AK, AZ, CA, CO, HI, ID, MT, NV, NM, OR, UT, WA, WY)","High school diploma (Regular 12 year program)","In CBSA, not in central city","NO","3: Mother","YES","NO","NO","NO","YES","0: 0  CONDITION DOES NOT APPLY","ALWAYS WITH RIGHT HAND","ALWAYS WITH RIGHT HAND","ALWAYS WITH RIGHT HAND","ALWAYS WITH RIGHT HAND","ALWAYS WITH LEFT HAND","0: 0  CONDITION DOES NOT APPLY","0: 0  CONDITION DOES NOT APPLY","NO","MALE","MALE"
1983,64735,3,0,1,33790,5,227,1,1,1,5,6,4,2,2,1,1,1,2,1,7,1,1,28,23,"Male","Hispanic","West (AK, AZ, CA, CO, HI, ID, MT, NV, NM, OR, UT, WA, WY)","Associate/Junior college (AA)","Not in CBSA","NO","3: Mother","YES","YES","YES","NO","YES","0: 0  CONDITION DOES NOT APPLY","ALWAYS WITH RIGHT HAND","ALWAYS WITH RIGHT HAND","ALWAYS WITH RIGHT HAND","ALWAYS WITH RIGHT HAND","ALWAYS WITH LEFT HAND","1: 1  CONDITION APPLIES","1: 1  CONDITION APPLIES","NO","FEMALE","MALE"
1984,64735,4,0,2,15000,6,186,1,2,3,4,3,4,2,2,1,2,1,1,2,5,1,1,31,20,"Male","Non-Black / Non-Hispanic","South (AL, AR, DE, DC, FL, GA, KY, LA, MD, MS, NC, OK, SC, TN , TX, VA, WV)","High school diploma (Regular 12 year program)","In CBSA, not in central city","NO","3: Mother","YES","YES","YES","NO","NO","0: 0  CONDITION DOES NOT APPLY","ALWAYS WITH RIGHT HAND","ALWAYS WITH RIGHT HAND","ALWAYS WITH RIGHT HAND","ALWAYS WITH RIGHT HAND","ALWAYS WITH LEFT HAND","1: 1  CONDITION APPLIES","1: 1  CONDITION APPLIES","NO","FEMALE","FEMALE"
1983,64735,2,0,1,33790,5,182,1,1,2,4,3,4,2,2,1,2,1,4,1,6,1,1,32,22,"Female","Non-Black / Non-Hispanic","North Central (IL, IN, IA, KS, MI, MN, MO, NE, OH, ND, SD, WI)","GED","In CBSA, not in central city","NO","3: Mother","YES","NO","NO","NO","YES","0: 0  CONDITION DOES NOT APPLY","ALWAYS WITH RIGHT HAND","ALWAYS WITH RIGHT HAND","ALWAYS WITH RIGHT HAND","ALWAYS WITH RIGHT HAND","ALWAYS WITH LEFT HAND","1: 1  CONDITION APPLIES","1: 1  CONDITION APPLIES","NO","MALE","FEMALE"
1983,64735,2,0,3,33790,5,184,1,2,1,3,4,4,2,2,1,2,1,4,2,5,1,1,33,15,"Male","Non-Black / Non-Hispanic","West (AK, AZ, CA, CO, HI, ID, MT, NV, NM, OR, UT, WA, WY)","High school diploma (Regular 12 year program)","In CBSA, not in central city","NO","3: Mother","YES","NO","NO","NO","NO","0: 0  CONDITION DOES NOT APPLY","ALWAYS WITH RIGHT HAND","ALWAYS WITH RIGHT HAND","ALWAYS WITH RIGHT HAND","USUALLY WITH BOTH HANDS EQUALLY","ALWAYS WITH LEFT HAND","0: 0  CONDITION DOES NOT APPLY","1: 1  CONDITION APPLIES","NO","MALE","FEMALE"
1984,64735,2,0,1,33790,5,182,1,1,2,3,4,3,2,2,2,1,1,4,3,6,1,1,38,22,"Male","Non-Black / Non-Hispanic","West (AK, AZ, CA, CO, HI, ID, MT, NV, NM, OR, UT, WA, WY)","Master's degree (MA, MS)","In CBSA, not in central city","NO","3: Mother","YES","NO","NO","NO","YES","0: 0  CONDITION DOES NOT APPLY","ALWAYS WITH RIGHT HAND","ALWAYS WITH RIGHT HAND","ALWAYS WITH RIGHT HAND","ALWAYS WITH RIGHT HAND","ALWAYS WITH LEFT HAND","1: 1  CONDITION APPLIES","1: 1  CONDITION APPLIES","NO","FEMALE","FEMALE"
1982,64735,4,1,1,33790,6,220,2,2,1,4,2,3,2,2,1,2,2,4,3,7,1,1,34,18,"Female","Non-Black / Non-Hispanic","South (AL, AR, DE, DC, FL, GA, KY, LA, MD, MS, NC, OK, SC, TN , TX, VA, WV)","High school diploma (Regular 12 year program)","In CBSA, not in central city","NO","3: Mother","NO","NO","NO","NO","YES","0: 0  CONDITION DOES NOT APPLY","ALWAYS WITH RIGHT HAND","ALWAYS WITH RIGHT HAND","ALWAYS WITH RIGHT HAND","ALWAYS WITH RIGHT HAND","ALWAYS WITH LEFT HAND","1: 1  CONDITION APPLIES","1: 1  CONDITION APPLIES","NO","MALE","MALE"
1982,64735,3,0,2,33790,5,183,1,1,4,4,2,2,2,2,1,2,1,6,2,8,1,1,32,22,"Female","Non-Black / Non-Hispanic","South (AL, AR, DE, DC, FL, GA, KY, LA, MD, MS, NC, OK, SC, TN , TX, VA, WV)","Bachelor's degree (BA, BS)","In CBSA, not in central city","NO","3: Mother","YES","NO","YES","NO","YES","0: 0  CONDITION DOES NOT APPLY","ALWAYS WITH RIGHT HAND","USUALLY WITH LEFT HAND","ALWAYS WITH LEFT HAND","ALWAYS WITH LEFT HAND","ALWAYS WITH RIGHT HAND","1: 1  CONDITION APPLIES","1: 1  CONDITION APPLIES","NO","FEMALE","MALE"
1984,94250,3,0,2,33790,5,182,2,1,3,3,3,5,2,2,1,2,1,6,3,7,1,1,31,21,"Female","Non-Black / Non-Hispanic","West (AK, AZ, CA, CO, HI, ID, MT, NV, NM, OR, UT, WA, WY)","Bachelor's degree (BA, BS)","In CBSA, not in central city","NO","3: Mother","YES","YES","NO","NO","YES","0: 0  CONDITION DOES NOT APPLY","ALWAYS WITH RIGHT HAND","ALWAYS WITH RIGHT HAND","ALWAYS WITH RIGHT HAND","ALWAYS WITH RIGHT HAND","ALWAYS WITH LEFT HAND","1: 1  CONDITION APPLIES","1: 1  CONDITION APPLIES","YES","MALE","MALE"
1981,64735,3,1,3,33790,5,183,1,2,1,5,5,6,1,2,2,2,1,3,1,6,1,3,30,19,"Male","Non-Black / Non-Hispanic","West (AK, AZ, CA, CO, HI, ID, MT, NV, NM, OR, UT, WA, WY)","High school diploma (Regular 12 year program)","In CBSA, in central city","NO","3: Mother","NO","NO","NO","NO","YES","0: 0  CONDITION DOES NOT APPLY","ALWAYS WITH RIGHT HAND","ALWAYS WITH RIGHT HAND","ALWAYS WITH LEFT HAND","ALWAYS WITH RIGHT HAND","ALWAYS WITH LEFT HAND","1: 1  CONDITION APPLIES","1: 1  CONDITION APPLIES","NO","FEMALE","FEMALE"
1982,64735,3,0,4,33790,5,170,1,2,5,3,6,5,2,2,1,2,1,6,1,6,1,1,33,24,"Female","Black","West (AK, AZ, CA, CO, HI, ID, MT, NV, NM, OR, UT, WA, WY)","GED","In CBSA, not in central city","NO","3: Mother","YES","NO","NO","NO","YES","0: 0  CONDITION DOES NOT APPLY","ALWAYS WITH RIGHT HAND","ALWAYS WITH RIGHT HAND","ALWAYS WITH RIGHT HAND","ALWAYS WITH RIGHT HAND","ALWAYS WITH LEFT HAND","0: 0  CONDITION DOES NOT APPLY","1: 1  CONDITION APPLIES","NO","MALE","MALE"
1982,64735,2,1,1,33790,5,182,1,1,1,2,3,2,2,2,1,2,1,4,2,7,1,1,28,9,"Male","Non-Black / Non-Hispanic","West (AK, AZ, CA, CO, HI, ID, MT, NV, NM, OR, UT, WA, WY)","GED","In CBSA, not in central city","NO","3: Mother","NO","NO","NO","NO","YES","0: 0  CONDITION DOES NOT APPLY","ALWAYS WITH RIGHT HAND","ALWAYS WITH RIGHT HAND","ALWAYS WITH RIGHT HAND","ALWAYS WITH RIGHT HAND","ALWAYS WITH LEFT HAND","0: 0  CONDITION DOES NOT APPLY","1: 1  CONDITION APPLIES","NO","MALE","FEMALE"
1983,64735,1,0,2,33790,5,180,1,3,1,3,5,6,2,2,1,2,1,3,2,8,1,1,29,24,"Female","Black","West (AK, AZ, CA, CO, HI, ID, MT, NV, NM, OR, UT, WA, WY)","High school diploma (Regular 12 year program)","In CBSA, not in central city","NO","3: Mother","YES","NO","NO","YES","NO","0: 0  CONDITION DOES NOT APPLY","ALWAYS WITH RIGHT HAND","ALWAYS WITH RIGHT HAND","USUALLY WITH BOTH HANDS EQUALLY","ALWAYS WITH RIGHT HAND","ALWAYS WITH LEFT HAND","1: 1  CONDITION APPLIES","1: 1  CONDITION APPLIES","NO","FEMALE","MALE"
1983,64735,5,1,2,33790,5,180,2,1,2,3,2,4,1,1,2,1,2,3,2,6,1,1,28,6,"Female","Black","South (AL, AR, DE, DC, FL, GA, KY, LA, MD, MS, NC, OK, SC, TN , TX, VA, WV)","High school diploma (Regular 12 year program)","In CBSA, in central city","NO","3: Mother","YES","YES","NO","NO","YES","0: 0  CONDITION DOES NOT APPLY","ALWAYS WITH RIGHT HAND","ALWAYS WITH RIGHT HAND","ALWAYS WITH RIGHT HAND","ALWAYS WITH RIGHT HAND","ALWAYS WITH LEFT HAND","1: 1  CONDITION APPLIES","1: 1  CONDITION APPLIES","NO","FEMALE","FEMALE"
1982,64735,3,1,2,33790,5,190,1,1,4,4,3,4,2,2,2,1,1,6,4,8,1,1,23,4,"Male","Non-Black / Non-Hispanic","South (AL, AR, DE, DC, FL, GA, KY, LA, MD, MS, NC, OK, SC, TN , TX, VA, WV)","Bachelor's degree (BA, BS)","Not in CBSA","NO","3: Mother","NO","NO","NO","NO","YES","0: 0  CONDITION DOES NOT APPLY","ALWAYS WITH RIGHT HAND","ALWAYS WITH RIGHT HAND","ALWAYS WITH RIGHT HAND","ALWAYS WITH RIGHT HAND","ALWAYS WITH LEFT HAND","1: 1  CONDITION APPLIES","1: 1  CONDITION APPLIES","NO","MALE","MALE"
1983,64735,4,1,4,33790,5,181,1,1,3,1,2,3,2,2,1,2,1,2,2,7,1,1,23,5,"Female","Hispanic","West (AK, AZ, CA, CO, HI, ID, MT, NV, NM, OR, UT, WA, WY)","High school diploma (Regular 12 year program)","In CBSA, not in central city","NO","3: Mother","YES","NO","YES","NO","NO","0: 0  CONDITION DOES NOT APPLY","ALWAYS WITH LEFT HAND","ALWAYS WITH RIGHT HAND","ALWAYS WITH RIGHT HAND","ALWAYS WITH RIGHT HAND","ALWAYS WITH RIGHT HAND","0: 0  CONDITION DOES NOT APPLY","1: 1  CONDITION APPLIES","YES","FEMALE","FEMALE"
1982,64735,3,0,3,33790,5,148,1,1,4,3,7,7,2,2,2,2,1,6,1,6,1,1,31,26,"Female","Non-Black / Non-Hispanic","West (AK, AZ, CA, CO, HI, ID, MT, NV, NM, OR, UT, WA, WY)","Bachelor's degree (BA, BS)","In CBSA, in central city","NO","3: Mother","YES","NO","NO","NO","YES","0: 0  CONDITION DOES NOT APPLY","ALWAYS WITH RIGHT HAND","USUALLY WITH RIGHT HAND","USUALLY WITH BOTH HANDS EQUALLY","USUALLY WITH BOTH HANDS EQUALLY","ALWAYS WITH LEFT HAND","1: 1  CONDITION APPLIES","1: 1  CONDITION APPLIES","NO","MALE","MALE"
1983,64735,3,1,3,33790,5,200,1,2,3,4,5,5,2,2,2,2,1,3,1,6,1,1,45,21,"Male","Black","North Central (IL, IN, IA, KS, MI, MN, MO, NE, OH, ND, SD, WI)","GED","Not in CBSA","NO","3: Mother","YES","NO","NO","NO","YES","0: 0  CONDITION DOES NOT APPLY","ALWAYS WITH RIGHT HAND","ALWAYS WITH RIGHT HAND","ALWAYS WITH RIGHT HAND","ALWAYS WITH RIGHT HAND","ALWAYS WITH LEFT HAND","1: 1  CONDITION APPLIES","0: 0  CONDITION DOES NOT APPLY","NO","FEMALE","FEMALE"
1983,64735,2,0,1,33790,5,180,1,1,2,3,1,3,2,2,1,2,2,6,2,7,1,1,33,21,"Male","Non-Black / Non-Hispanic","South (AL, AR, DE, DC, FL, GA, KY, LA, MD, MS, NC, OK, SC, TN , TX, VA, WV)","GED","In CBSA, not in central city","NO","3: Mother","NO","NO","NO","NO","YES","0: 0  CONDITION DOES NOT APPLY","ALWAYS WITH RIGHT HAND","ALWAYS WITH RIGHT HAND","ALWAYS WITH RIGHT HAND","ALWAYS WITH RIGHT HAND","ALWAYS WITH LEFT HAND","1: 1  CONDITION APPLIES","1: 1  CONDITION APPLIES","NO","MALE","MALE"
1984,64735,2,0,4,33790,5,186,3,3,2,5,3,6,1,2,1,2,1,4,3,8,1,1,10,36,"Female","Non-Black / Non-Hispanic","West (AK, AZ, CA, CO, HI, ID, MT, NV, NM, OR, UT, WA, WY)","Associate/Junior college (AA)","In CBSA, in central city","NO","3: Mother","NO","YES","NO","NO","YES","0: 0  CONDITION DOES NOT APPLY","ALWAYS WITH RIGHT HAND","ALWAYS WITH RIGHT HAND","ALWAYS WITH RIGHT HAND","ALWAYS WITH RIGHT HAND","ALWAYS WITH LEFT HAND","1: 1  CONDITION APPLIES","1: 1  CONDITION APPLIES","NO","MALE","MALE"
1982,17850,3,0,3,33790,5,110,2,1,4,2,6,6,2,2,2,1,2,6,3,7,1,2,31,20,"Male","Non-Black / Non-Hispanic","South (AL, AR, DE, DC, FL, GA, KY, LA, MD, MS, NC, OK, SC, TN , TX, VA, WV)","PhD","In CBSA, not in central city","NO","3: Mother","YES","NO","YES","NO","YES","0: 0  CONDITION DOES NOT APPLY","ALWAYS WITH RIGHT HAND","USUALLY WITH RIGHT HAND","ALWAYS WITH RIGHT HAND","ALWAYS WITH RIGHT HAND","ALWAYS WITH LEFT HAND","1: 1  CONDITION APPLIES","0: 0  CONDITION DOES NOT APPLY","NO","MALE","MALE"
1983,64735,2,1,3,54000,5,184,2,1,5,4,2,1,2,2,2,2,1,6,1,6,1,1,5,13,"Male","Hispanic","South (AL, AR, DE, DC, FL, GA, KY, LA, MD, MS, NC, OK, SC, TN , TX, VA, WV)","GED","In CBSA, not in central city","NO","3: Mother","YES","NO","YES","NO","YES","0: 0  CONDITION DOES NOT APPLY","ALWAYS WITH RIGHT HAND","ALWAYS WITH RIGHT HAND","ALWAYS WITH RIGHT HAND","ALWAYS WITH RIGHT HAND","ALWAYS WITH LEFT HAND","1: 1  CONDITION APPLIES","1: 1  CONDITION APPLIES","YES","MALE","MALE"
1982,64735,3,0,3,33790,5,145,1,2,1,3,1,4,2,2,1,1,1,1,1,7,1,1,30,17,"Female","Black","West (AK, AZ, CA, CO, HI, ID, MT, NV, NM, OR, UT, WA, WY)","None","Not in CBSA","NO","3: Mother","NO","NO","NO","NO","NO","0: 0  CONDITION DOES NOT APPLY","ALWAYS WITH RIGHT HAND","ALWAYS WITH RIGHT HAND","USUALLY WITH LEFT HAND","ALWAYS WITH RIGHT HAND","ALWAYS WITH LEFT HAND","1: 1  CONDITION APPLIES","1: 1  CONDITION APPLIES","NO","MALE","FEMALE"
1982,64735,2,0,2,33790,5,290,1,1,3,4,2,2,2,2,1,2,2,6,4,6,1,1,29,22,"Male","Non-Black / Non-Hispanic","South (AL, AR, DE, DC, FL, GA, KY, LA, MD, MS, NC, OK, SC, TN , TX, VA, WV)","High school diploma (Regular 12 year program)","In CBSA, not in central city","YES","3: Mother","NO","NO","NO","NO","YES","0: 0  CONDITION DOES NOT APPLY","ALWAYS WITH RIGHT HAND","ALWAYS WITH RIGHT HAND","ALWAYS WITH RIGHT HAND","ALWAYS WITH RIGHT HAND","ALWAYS WITH LEFT HAND","1: 1  CONDITION APPLIES","1: 1  CONDITION APPLIES","NO","FEMALE","MALE"
1983,94357,3,1,2,33790,5,183,1,2,4,4,6,5,2,2,1,2,1,3,6,6,1,1,26,0,"Female","Non-Black / Non-Hispanic","South (AL, AR, DE, DC, FL, GA, KY, LA, MD, MS, NC, OK, SC, TN , TX, VA, WV)","High school diploma (Regular 12 year program)","In CBSA, not in central city","NO","3: Mother","YES","NO","NO","NO","YES","0: 0  CONDITION DOES NOT APPLY","ALWAYS WITH RIGHT HAND","ALWAYS WITH RIGHT HAND","ALWAYS WITH RIGHT HAND","ALWAYS WITH RIGHT HAND","ALWAYS WITH LEFT HAND","1: 1  CONDITION APPLIES","0: 0  CONDITION DOES NOT APPLY","NO","FEMALE","FEMALE"
1980,64735,3,0,2,33790,5,123,1,1,5,3,3,4,2,2,1,2,1,7,3,6,1,1,32,23,"Female","Non-Black / Non-Hispanic","West (AK, AZ, CA, CO, HI, ID, MT, NV, NM, OR, UT, WA, WY)","Bachelor's degree (BA, BS)","In CBSA, not in central city","NO","3: Mother","YES","NO","YES","NO","YES","0: 0  CONDITION DOES NOT APPLY","ALWAYS WITH RIGHT HAND","ALWAYS WITH RIGHT HAND","ALWAYS WITH RIGHT HAND","ALWAYS WITH RIGHT HAND","ALWAYS WITH LEFT HAND","0: 0  CONDITION DOES NOT APPLY","1: 1  CONDITION APPLIES","NO","FEMALE","MALE"
1982,64735,4,0,2,33790,5,145,1,1,4,4,3,4,2,2,1,1,2,4,2,6,1,1,31,23,"Female","Black","West (AK, AZ, CA, CO, HI, ID, MT, NV, NM, OR, UT, WA, WY)","High school diploma (Regular 12 year program)","In CBSA, in central city","NO","3: Mother","NO","NO","NO","NO","YES","0: 0  CONDITION DOES NOT APPLY","ALWAYS WITH RIGHT HAND","ALWAYS WITH RIGHT HAND","USUALLY WITH BOTH HANDS EQUALLY","ALWAYS WITH RIGHT HAND","ALWAYS WITH LEFT HAND","1: 1  CONDITION APPLIES","1: 1  CONDITION APPLIES","NO","MALE","FEMALE"
1980,64735,4,1,1,33790,5,183,1,1,3,2,2,3,2,2,1,2,1,3,2,5,1,1,30,17,"Female","Non-Black / Non-Hispanic","North Central (IL, IN, IA, KS, MI, MN, MO, NE, OH, ND, SD, WI)","High school diploma (Regular 12 year program)","Not in CBSA","NO","3: Mother","NO","NO","NO","NO","YES","0: 0  CONDITION DOES NOT APPLY","ALWAYS WITH RIGHT HAND","ALWAYS WITH RIGHT HAND","ALWAYS WITH RIGHT HAND","ALWAYS WITH RIGHT HAND","ALWAYS WITH LEFT HAND","1: 1  CONDITION APPLIES","1: 1  CONDITION APPLIES","NO","MALE","FEMALE"
1984,32089,2,0,2,4000,5,182,1,1,4,3,3,4,2,2,1,1,1,4,3,7,1,1,30,22,"Female","Non-Black / Non-Hispanic","West (AK, AZ, CA, CO, HI, ID, MT, NV, NM, OR, UT, WA, WY)","High school diploma (Regular 12 year program)","In CBSA, in central city","NO","3: Mother","YES","NO","NO","YES","YES","0: 0  CONDITION DOES NOT APPLY","ALWAYS WITH RIGHT HAND","USUALLY WITH RIGHT HAND","ALWAYS WITH RIGHT HAND","ALWAYS WITH RIGHT HAND","ALWAYS WITH LEFT HAND","1: 1  CONDITION APPLIES","1: 1  CONDITION APPLIES","NO","MALE","FEMALE"
1982,90000,4,0,3,33790,5,183,1,2,3,6,6,4,2,2,1,2,1,9,1,7,1,1,33,22,"Male","Non-Black / Non-Hispanic","West (AK, AZ, CA, CO, HI, ID, MT, NV, NM, OR, UT, WA, WY)","High school diploma (Regular 12 year program)","In CBSA, not in central city","NO","3: Mother","NO","NO","NO","NO","YES","0: 0  CONDITION DOES NOT APPLY","ALWAYS WITH RIGHT HAND","ALWAYS WITH RIGHT HAND","USUALLY WITH RIGHT HAND","ALWAYS WITH RIGHT HAND","ALWAYS WITH LEFT HAND","1: 1  CONDITION APPLIES","0: 0  CONDITION DOES NOT APPLY","NO","FEMALE","MALE"
1984,13751,5,0,4,33790,5,186,1,3,4,5,4,6,2,2,1,2,1,1,1,9,1,1,9,11,"Female","Non-Black / Non-Hispanic","West (AK, AZ, CA, CO, HI, ID, MT, NV, NM, OR, UT, WA, WY)","High school diploma (Regular 12 year program)","In CBSA, not in central city","NO","3: Mother","NO","YES","YES","YES","NO","0: 0  CONDITION DOES NOT APPLY","ALWAYS WITH LEFT HAND","ALWAYS WITH RIGHT HAND","ALWAYS WITH RIGHT HAND","ALWAYS WITH RIGHT HAND","ALWAYS WITH LEFT HAND","0: 0  CONDITION DOES NOT APPLY","1: 1  CONDITION APPLIES","NO","MALE","FEMALE"
1983,64735,3,0,1,33790,5,183,2,2,2,3,2,4,2,2,1,1,1,5,3,7,1,1,29,21,"Female","Non-Black / Non-Hispanic","South (AL, AR, DE, DC, FL, GA, KY, LA, MD, MS, NC, OK, SC, TN , TX, VA, WV)","Master's degree (MA, MS)","Not in CBSA","NO","3: Mother","YES","NO","NO","NO","YES","0: 0  CONDITION DOES NOT APPLY","ALWAYS WITH RIGHT HAND","ALWAYS WITH RIGHT HAND","ALWAYS WITH RIGHT HAND","ALWAYS WITH RIGHT HAND","ALWAYS WITH LEFT HAND","1: 1  CONDITION APPLIES","1: 1  CONDITION APPLIES","NO","FEMALE","FEMALE"
1982,49401,5,1,1,33790,5,182,1,1,1,3,2,4,2,2,1,2,1,1,4,8,1,1,36,9,"Female","Black","South (AL, AR, DE, DC, FL, GA, KY, LA, MD, MS, NC, OK, SC, TN , TX, VA, WV)","None","In CBSA, not in central city","NO","3: Mother","NO","NO","NO","NO","YES","0: 0  CONDITION DOES NOT APPLY","ALWAYS WITH RIGHT HAND","ALWAYS WITH RIGHT HAND","ALWAYS WITH RIGHT HAND","ALWAYS WITH RIGHT HAND","ALWAYS WITH LEFT HAND","0: 0  CONDITION DOES NOT APPLY","1: 1  CONDITION APPLIES","NO","MALE","MALE"
1982,64735,4,0,4,33790,5,184,2,3,4,5,1,2,2,2,1,1,1,6,3,8,1,1,32,20,"Female","Hispanic","West (AK, AZ, CA, CO, HI, ID, MT, NV, NM, OR, UT, WA, WY)","None","In CBSA, not in central city","YES","3: Mother","YES","YES","YES","NO","YES","0: 0  CONDITION DOES NOT APPLY","DON'T DO THIS ACTIVITY","DON'T DO THIS ACTIVITY","DON'T DO THIS ACTIVITY","DON'T DO THIS ACTIVITY","ALWAYS WITH LEFT HAND","0: 0  CONDITION DOES NOT APPLY","1: 1  CONDITION APPLIES","YES","MALE","MALE"
1983,64735,3,1,2,33790,5,183,1,2,6,2,10,3,2,2,2,2,2,7,10,6,1,1,24,18,"Female","Non-Black / Non-Hispanic","West (AK, AZ, CA, CO, HI, ID, MT, NV, NM, OR, UT, WA, WY)","GED","In CBSA, in central city","NO","3: Mother","NO","YES","YES","NO","NO","0: 0  CONDITION DOES NOT APPLY","ALWAYS WITH RIGHT HAND","ALWAYS WITH RIGHT HAND","ALWAYS WITH RIGHT HAND","ALWAYS WITH RIGHT HAND","USUALLY WITH LEFT HAND","1: 1  CONDITION APPLIES","1: 1  CONDITION APPLIES","NO","FEMALE","MALE"
1980,64735,3,0,2,33790,5,183,1,2,2,1,2,6,2,2,2,2,2,5,5,7,1,1,29,20,"Female","Non-Black / Non-Hispanic","Northeast (CT, ME, MA, NH, NJ, NY, PA, RI, VT)","High school diploma (Regular 12 year program)","In CBSA, not in central city","NO","3: Mother","YES","YES","YES","NO","YES","0: 0  CONDITION DOES NOT APPLY","ALWAYS WITH LEFT HAND","USUALLY WITH BOTH HANDS EQUALLY","ALWAYS WITH LEFT HAND","ALWAYS WITH LEFT HAND","ALWAYS WITH RIGHT HAND","1: 1  CONDITION APPLIES","1: 1  CONDITION APPLIES","NO","MALE","FEMALE"
1984,64735,1,0,3,33790,6,225,1,1,4,5,2,7,1,2,1,2,1,1,2,8,1,1,34,27,"Male","Hispanic","West (AK, AZ, CA, CO, HI, ID, MT, NV, NM, OR, UT, WA, WY)","High school diploma (Regular 12 year program)","In CBSA, not in central city","NO","3: Mother","YES","NO","NO","NO","YES","0: 0  CONDITION DOES NOT APPLY","ALWAYS WITH RIGHT HAND","ALWAYS WITH RIGHT HAND","ALWAYS WITH RIGHT HAND","ALWAYS WITH RIGHT HAND","ALWAYS WITH LEFT HAND","0: 0  CONDITION DOES NOT APPLY","1: 1  CONDITION APPLIES","NO","FEMALE","MALE"
1983,70001,5,2,1,33790,5,182,1,1,3,3,1,6,2,2,2,1,1,4,4,7,1,1,26,12,"Female","Non-Black / Non-Hispanic","South (AL, AR, DE, DC, FL, GA, KY, LA, MD, MS, NC, OK, SC, TN , TX, VA, WV)","Associate/Junior college (AA)","In CBSA, not in central city","NO","3: Mother","YES","NO","NO","NO","YES","0: 0  CONDITION DOES NOT APPLY","ALWAYS WITH RIGHT HAND","ALWAYS WITH RIGHT HAND","ALWAYS WITH RIGHT HAND","ALWAYS WITH RIGHT HAND","ALWAYS WITH LEFT HAND","1: 1  CONDITION APPLIES","1: 1  CONDITION APPLIES","NO","FEMALE","MALE"
1981,64735,1,0,2,15000,6,195,1,2,1,1,2,5,2,2,2,1,2,3,4,7,1,1,30,19,"Male","Non-Black / Non-Hispanic","North Central (IL, IN, IA, KS, MI, MN, MO, NE, OH, ND, SD, WI)","High school diploma (Regular 12 year program)","In CBSA, not in central city","NO","3: Mother","NO","NO","NO","NO","YES","0: 0  CONDITION DOES NOT APPLY","ALWAYS WITH RIGHT HAND","DON'T DO THIS ACTIVITY","DON'T DO THIS ACTIVITY","ALWAYS WITH RIGHT HAND","ALWAYS WITH LEFT HAND","1: 1  CONDITION APPLIES","1: 1  CONDITION APPLIES","NO","FEMALE","MALE"
1985,13800,2,0,2,33790,5,184,2,2,8,6,5,4,1,2,2,2,2,4,1,5,1,1,30,20,"Male","Non-Black / Non-Hispanic","North Central (IL, IN, IA, KS, MI, MN, MO, NE, OH, ND, SD, WI)","Bachelor's degree (BA, BS)","In CBSA, in central city","NO","3: Mother","NO","NO","NO","NO","YES","0: 0  CONDITION DOES NOT APPLY","ALWAYS WITH RIGHT HAND","ALWAYS WITH RIGHT HAND","ALWAYS WITH RIGHT HAND","ALWAYS WITH RIGHT HAND","ALWAYS WITH LEFT HAND","1: 1  CONDITION APPLIES","1: 1  CONDITION APPLIES","NO","MALE","MALE"
1984,64735,3,0,3,33790,5,181,1,3,5,4,5,2,1,2,1,2,1,6,3,7,1,1,32,20,"Male","Non-Black / Non-Hispanic","South (AL, AR, DE, DC, FL, GA, KY, LA, MD, MS, NC, OK, SC, TN , TX, VA, WV)","Bachelor's degree (BA, BS)","In CBSA, not in central city","NO","3: Mother","YES","NO","NO","NO","YES","0: 0  CONDITION DOES NOT APPLY","ALWAYS WITH RIGHT HAND","ALWAYS WITH RIGHT HAND","ALWAYS WITH RIGHT HAND","ALWAYS WITH RIGHT HAND","ALWAYS WITH LEFT HAND","1: 1  CONDITION APPLIES","1: 1  CONDITION APPLIES","NO","FEMALE","FEMALE"
1981,64735,2,1,1,33790,5,183,1,2,1,3,1,1,2,2,1,2,1,4,2,6,1,1,30,17,"Female","Hispanic","South (AL, AR, DE, DC, FL, GA, KY, LA, MD, MS, NC, OK, SC, TN , TX, VA, WV)","GED","In CBSA, in central city","NO","3: Mother","NO","YES","NO","NO","NO","0: 0  CONDITION DOES NOT APPLY","ALWAYS WITH RIGHT HAND","ALWAYS WITH RIGHT HAND","ALWAYS WITH RIGHT HAND","ALWAYS WITH RIGHT HAND","ALWAYS WITH LEFT HAND","0: 0  CONDITION DOES NOT APPLY","1: 1  CONDITION APPLIES","NO","MALE","MALE"
1982,64735,3,0,3,33790,6,184,1,1,5,5,2,3,2,2,1,1,1,5,4,6,2,1,29,21,"Male","Hispanic","South (AL, AR, DE, DC, FL, GA, KY, LA, MD, MS, NC, OK, SC, TN , TX, VA, WV)","High school diploma (Regular 12 year program)","In CBSA, in central city","NO","3: Mother","YES","NO","YES","NO","NO","0: 0  CONDITION DOES NOT APPLY","ALWAYS WITH RIGHT HAND","ALWAYS WITH RIGHT HAND","ALWAYS WITH RIGHT HAND","ALWAYS WITH RIGHT HAND","USUALLY WITH BOTH HANDS EQUALLY","1: 1  CONDITION APPLIES","1: 1  CONDITION APPLIES","NO","FEMALE","FEMALE"
1983,64735,4,0,2,46000,6,185,2,1,2,3,2,8,2,1,1,1,1,3,5,8,1,1,31,17,"Male","Non-Black / Non-Hispanic","West (AK, AZ, CA, CO, HI, ID, MT, NV, NM, OR, UT, WA, WY)","High school diploma (Regular 12 year program)","In CBSA, not in central city","NO","3: Mother","NO","NO","YES","NO","NO","0: 0  CONDITION DOES NOT APPLY","ALWAYS WITH LEFT HAND","ALWAYS WITH LEFT HAND","ALWAYS WITH LEFT HAND","ALWAYS WITH LEFT HAND","ALWAYS WITH RIGHT HAND","1: 1  CONDITION APPLIES","1: 1  CONDITION APPLIES","YES","FEMALE","FEMALE"
1983,64735,1,0,1,33790,5,156,1,1,3,4,2,3,2,2,1,2,2,6,1,7,1,1,30,27,"Male","Non-Black / Non-Hispanic","Northeast (CT, ME, MA, NH, NJ, NY, PA, RI, VT)","High school diploma (Regular 12 year program)","In CBSA, not in central city","NO","3: Mother","YES","NO","NO","NO","YES","0: 0  CONDITION DOES NOT APPLY","ALWAYS WITH RIGHT HAND","ALWAYS WITH RIGHT HAND","ALWAYS WITH RIGHT HAND","ALWAYS WITH RIGHT HAND","ALWAYS WITH LEFT HAND","1: 1  CONDITION APPLIES","1: 1  CONDITION APPLIES","NO","MALE","MALE"
1981,64735,2,0,2,33790,5,190,1,1,1,6,1,2,2,1,2,2,2,4,1,5,1,1,33,22,"Male","Non-Black / Non-Hispanic","Northeast (CT, ME, MA, NH, NJ, NY, PA, RI, VT)","Bachelor's degree (BA, BS)","In CBSA, in central city","NO","3: Mother","NO","NO","NO","NO","NO","0: 0  CONDITION DOES NOT APPLY","ALWAYS WITH RIGHT HAND","ALWAYS WITH RIGHT HAND","ALWAYS WITH RIGHT HAND","ALWAYS WITH RIGHT HAND","ALWAYS WITH LEFT HAND","1: 1  CONDITION APPLIES","1: 1  CONDITION APPLIES","NO","FEMALE","FEMALE"
1983,64735,2,0,1,33790,5,179,1,1,2,3,3,3,1,2,1,2,1,6,3,7,1,1,31,22,"Female","Hispanic","Northeast (CT, ME, MA, NH, NJ, NY, PA, RI, VT)","High school diploma (Regular 12 year program)","In CBSA, in central city","NO","3: Mother","YES","YES","NO","NO","YES","0: 0  CONDITION DOES NOT APPLY","ALWAYS WITH RIGHT HAND","ALWAYS WITH RIGHT HAND","ALWAYS WITH RIGHT HAND","ALWAYS WITH RIGHT HAND","ALWAYS WITH RIGHT HAND","1: 1  CONDITION APPLIES","1: 1  CONDITION APPLIES","NO","FEMALE","FEMALE"
1983,64735,2,0,5,33790,6,300,2,1,3,5,3,3,2,2,1,2,2,5,2,5,1,1,28,18,"Male","Non-Black / Non-Hispanic","South (AL, AR, DE, DC, FL, GA, KY, LA, MD, MS, NC, OK, SC, TN , TX, VA, WV)","High school diploma (Regular 12 year program)","In CBSA, in central city","NO","3: Mother","NO","NO","NO","NO","YES","0: 0  CONDITION DOES NOT APPLY","ALWAYS WITH LEFT HAND","ALWAYS WITH LEFT HAND","ALWAYS WITH RIGHT HAND","ALWAYS WITH LEFT HAND","ALWAYS WITH LEFT HAND","1: 1  CONDITION APPLIES","1: 1  CONDITION APPLIES","NO","FEMALE","FEMALE"
1983,64735,2,0,1,33790,5,182,1,1,3,3,3,2,2,1,1,2,2,5,1,7,1,1,29,19,"Female","Hispanic","Northeast (CT, ME, MA, NH, NJ, NY, PA, RI, VT)","High school diploma (Regular 12 year program)","In CBSA, in central city","NO","3: Mother","YES","NO","NO","NO","YES","0: 0  CONDITION DOES NOT APPLY","ALWAYS WITH RIGHT HAND","ALWAYS WITH RIGHT HAND","ALWAYS WITH RIGHT HAND","ALWAYS WITH RIGHT HAND","ALWAYS WITH LEFT HAND","1: 1  CONDITION APPLIES","0: 0  CONDITION DOES NOT APPLY","NO","MALE","FEMALE"
1981,64735,2,0,1,33790,5,160,1,2,3,2,3,5,2,2,1,1,1,7,2,8,2,1,31,23,"Female","Non-Black / Non-Hispanic","South (AL, AR, DE, DC, FL, GA, KY, LA, MD, MS, NC, OK, SC, TN , TX, VA, WV)","Bachelor's degree (BA, BS)","In CBSA, in central city","NO","3: Mother","YES","NO","YES","NO","YES","0: 0  CONDITION DOES NOT APPLY","ALWAYS WITH RIGHT HAND","ALWAYS WITH RIGHT HAND","ALWAYS WITH RIGHT HAND","ALWAYS WITH RIGHT HAND","ALWAYS WITH LEFT HAND","1: 1  CONDITION APPLIES","1: 1  CONDITION APPLIES","NO","MALE","MALE"
1982,64735,4,0,4,33790,5,181,1,1,1,4,2,4,1,2,1,2,1,9,1,7,1,1,31,23,"Female","Black","South (AL, AR, DE, DC, FL, GA, KY, LA, MD, MS, NC, OK, SC, TN , TX, VA, WV)","High school diploma (Regular 12 year program)","In CBSA, in central city","NO","3: Mother","YES","YES","NO","NO","YES","0: 0  CONDITION DOES NOT APPLY","ALWAYS WITH RIGHT HAND","ALWAYS WITH RIGHT HAND","ALWAYS WITH RIGHT HAND","ALWAYS WITH RIGHT HAND","ALWAYS WITH LEFT HAND","1: 1  CONDITION APPLIES","1: 1  CONDITION APPLIES","NO","MALE","FEMALE"
1982,64735,3,1,1,33790,5,183,1,1,3,5,2,1,2,2,2,2,1,6,2,6,1,1,33,21,"Female","Black","South (AL, AR, DE, DC, FL, GA, KY, LA, MD, MS, NC, OK, SC, TN , TX, VA, WV)","High school diploma (Regular 12 year program)","In CBSA, not in central city","NO","3: Mother","NO","NO","NO","NO","YES","0: 0  CONDITION DOES NOT APPLY","ALWAYS WITH RIGHT HAND","ALWAYS WITH RIGHT HAND","ALWAYS WITH RIGHT HAND","ALWAYS WITH RIGHT HAND","ALWAYS WITH LEFT HAND","1: 1  CONDITION APPLIES","1: 1  CONDITION APPLIES","NO","MALE","FEMALE"
1983,64735,2,1,1,33790,6,182,1,1,2,4,3,6,2,2,1,2,1,6,2,8,1,1,28,21,"Male","Non-Black / Non-Hispanic","Northeast (CT, ME, MA, NH, NJ, NY, PA, RI, VT)","High school diploma (Regular 12 year program)","In CBSA, in central city","NO","3: Mother","YES","NO","NO","NO","YES","0: 0  CONDITION DOES NOT APPLY","ALWAYS WITH RIGHT HAND","ALWAYS WITH RIGHT HAND","ALWAYS WITH RIGHT HAND","ALWAYS WITH RIGHT HAND","ALWAYS WITH LEFT HAND","1: 1  CONDITION APPLIES","1: 1  CONDITION APPLIES","NO","FEMALE","MALE"
1983,64735,4,0,2,33790,5,183,1,2,1,4,1,4,1,2,1,2,1,4,1,7,1,1,29,15,"Female","Non-Black / Non-Hispanic","South (AL, AR, DE, DC, FL, GA, KY, LA, MD, MS, NC, OK, SC, TN , TX, VA, WV)","Bachelor's degree (BA, BS)","In CBSA, not in central city","NO","3: Mother","NO","NO","NO","NO","YES","0: 0  CONDITION DOES NOT APPLY","ALWAYS WITH RIGHT HAND","ALWAYS WITH RIGHT HAND","ALWAYS WITH RIGHT HAND","ALWAYS WITH RIGHT HAND","ALWAYS WITH LEFT HAND","1: 1  CONDITION APPLIES","1: 1  CONDITION APPLIES","NO","FEMALE","FEMALE"
1982,64735,4,0,2,33790,5,130,1,2,3,3,5,4,1,2,1,2,1,7,1,7,1,1,31,20,"Female","Non-Black / Non-Hispanic","Northeast (CT, ME, MA, NH, NJ, NY, PA, RI, VT)","High school diploma (Regular 12 year program)","In CBSA, in central city","NO","3: Mother","YES","YES","NO","NO","YES","0: 0  CONDITION DOES NOT APPLY","ALWAYS WITH RIGHT HAND","ALWAYS WITH RIGHT HAND","ALWAYS WITH RIGHT HAND","ALWAYS WITH RIGHT HAND","ALWAYS WITH LEFT HAND","1: 1  CONDITION APPLIES","1: 1  CONDITION APPLIES","NO","MALE","FEMALE"
1983,64735,4,0,2,32000,5,178,1,1,3,3,5,5,2,2,1,1,1,4,3,6,1,1,31,22,"Female","Non-Black / Non-Hispanic","South (AL, AR, DE, DC, FL, GA, KY, LA, MD, MS, NC, OK, SC, TN , TX, VA, WV)","GED","In CBSA, in central city","NO","3: Mother","YES","NO","NO","NO","YES","0: 0  CONDITION DOES NOT APPLY","ALWAYS WITH RIGHT HAND","USUALLY WITH RIGHT HAND","ALWAYS WITH RIGHT HAND","ALWAYS WITH RIGHT HAND","ALWAYS WITH LEFT HAND","0: 0  CONDITION DOES NOT APPLY","0: 0  CONDITION DOES NOT APPLY","NO","MALE","FEMALE"
1981,90000,2,0,1,33790,5,183,2,3,4,4,3,4,2,2,1,1,1,4,3,6,1,1,34,23,"Male","Non-Black / Non-Hispanic","South (AL, AR, DE, DC, FL, GA, KY, LA, MD, MS, NC, OK, SC, TN , TX, VA, WV)","High school diploma (Regular 12 year program)","In CBSA, not in central city","NO","3: Mother","YES","NO","NO","NO","NO","0: 0  CONDITION DOES NOT APPLY","ALWAYS WITH RIGHT HAND","ALWAYS WITH RIGHT HAND","ALWAYS WITH RIGHT HAND","ALWAYS WITH RIGHT HAND","ALWAYS WITH LEFT HAND","1: 1  CONDITION APPLIES","1: 1  CONDITION APPLIES","NO","MALE","FEMALE"
1985,64735,2,1,3,33790,5,220,1,2,1,5,6,4,2,2,1,4,2,4,1,6,1,1,31,22,"Female","Non-Black / Non-Hispanic","Northeast (CT, ME, MA, NH, NJ, NY, PA, RI, VT)","Bachelor's degree (BA, BS)","In CBSA, in central city","NO","3: Mother","YES","YES","NO","NO","YES","0: 0  CONDITION DOES NOT APPLY","ALWAYS WITH RIGHT HAND","ALWAYS WITH RIGHT HAND","ALWAYS WITH LEFT HAND","ALWAYS WITH RIGHT HAND","ALWAYS WITH LEFT HAND","1: 1  CONDITION APPLIES","1: 1  CONDITION APPLIES","NO","FEMALE","FEMALE"
1980,64735,3,0,2,33790,5,183,1,1,3,4,3,5,1,1,1,1,2,6,3,6,1,1,32,23,"Male","Non-Black / Non-Hispanic","South (AL, AR, DE, DC, FL, GA, KY, LA, MD, MS, NC, OK, SC, TN , TX, VA, WV)","None","In CBSA, in central city","NO","3: Mother","YES","NO","NO","NO","YES","0: 0  CONDITION DOES NOT APPLY","ALWAYS WITH RIGHT HAND","ALWAYS WITH RIGHT HAND","ALWAYS WITH RIGHT HAND","ALWAYS WITH RIGHT HAND","ALWAYS WITH LEFT HAND","1: 1  CONDITION APPLIES","1: 1  CONDITION APPLIES","NO","MALE","MALE"
1982,64735,4,0,3,33790,5,195,1,1,3,1,2,5,2,2,1,2,1,6,1,6,1,1,29,23,"Male","Black","West (AK, AZ, CA, CO, HI, ID, MT, NV, NM, OR, UT, WA, WY)","GED","In CBSA, in central city","NO","3: Mother","NO","NO","NO","NO","NO","0: 0  CONDITION DOES NOT APPLY","ALWAYS WITH RIGHT HAND","ALWAYS WITH RIGHT HAND","USUALLY WITH BOTH HANDS EQUALLY","ALWAYS WITH RIGHT HAND","ALWAYS WITH LEFT HAND","1: 1  CONDITION APPLIES","1: 1  CONDITION APPLIES","NO","FEMALE","MALE"
1982,64735,3,1,3,33790,5,181,1,1,4,3,4,5,2,2,2,2,1,6,2,6,1,1,32,22,"Female","Black","South (AL, AR, DE, DC, FL, GA, KY, LA, MD, MS, NC, OK, SC, TN , TX, VA, WV)","None","In CBSA, not known","NO","3: Mother","YES","NO","NO","NO","YES","0: 0  CONDITION DOES NOT APPLY","ALWAYS WITH RIGHT HAND","USUALLY WITH LEFT HAND","ALWAYS WITH RIGHT HAND","ALWAYS WITH RIGHT HAND","ALWAYS WITH LEFT HAND","1: 1  CONDITION APPLIES","1: 1  CONDITION APPLIES","NO","MALE","FEMALE"
1982,64735,2,1,1,33790,4,110,2,2,3,1,6,6,2,2,1,2,1,6,2,9,1,2,25,19,"Female","Non-Black / Non-Hispanic","Northeast (CT, ME, MA, NH, NJ, NY, PA, RI, VT)","GED","In CBSA, not in central city","NO","3: Mother","YES","NO","NO","NO","YES","0: 0  CONDITION DOES NOT APPLY","ALWAYS WITH RIGHT HAND","ALWAYS WITH RIGHT HAND","ALWAYS WITH RIGHT HAND","ALWAYS WITH RIGHT HAND","ALWAYS WITH LEFT HAND","1: 1  CONDITION APPLIES","0: 0  CONDITION DOES NOT APPLY","NO","MALE","FEMALE"
1982,64735,4,0,2,33790,5,182,1,2,4,4,2,6,1,1,1,1,1,1,1,9,1,1,28,23,"Male","Hispanic","West (AK, AZ, CA, CO, HI, ID, MT, NV, NM, OR, UT, WA, WY)","High school diploma (Regular 12 year program)","In CBSA, in central city","NO","3: Mother","NO","NO","NO","NO","YES","0: 0  CONDITION DOES NOT APPLY","ALWAYS WITH RIGHT HAND","ALWAYS WITH RIGHT HAND","ALWAYS WITH RIGHT HAND","ALWAYS WITH RIGHT HAND","ALWAYS WITH LEFT HAND","1: 1  CONDITION APPLIES","1: 1  CONDITION APPLIES","NO","FEMALE","MALE"
1981,95164,3,0,1,33790,5,182,2,2,2,2,2,2,2,2,2,2,2,7,1,7,1,1,32,22,"Male","Non-Black / Non-Hispanic","North Central (IL, IN, IA, KS, MI, MN, MO, NE, OH, ND, SD, WI)","GED","In CBSA, not in central city","NO","3: Mother","YES","NO","NO","NO","YES","0: 0  CONDITION DOES NOT APPLY","ALWAYS WITH RIGHT HAND","ALWAYS WITH RIGHT HAND","ALWAYS WITH RIGHT HAND","ALWAYS WITH RIGHT HAND","ALWAYS WITH LEFT HAND","1: 1  CONDITION APPLIES","1: 1  CONDITION APPLIES","NO","FEMALE","MALE"
1986,64735,4,1,4,33790,5,183,1,1,1,4,1,4,2,2,2,2,1,6,4,8,3,2,31,21,"Male","Non-Black / Non-Hispanic","West (AK, AZ, CA, CO, HI, ID, MT, NV, NM, OR, UT, WA, WY)","Bachelor's degree (BA, BS)","In CBSA, not in central city","NO","3: Mother","NO","YES","NO","YES","YES","0: 0  CONDITION DOES NOT APPLY","ALWAYS WITH RIGHT HAND","ALWAYS WITH RIGHT HAND","ALWAYS WITH RIGHT HAND","ALWAYS WITH RIGHT HAND","ALWAYS WITH LEFT HAND","1: 1  CONDITION APPLIES","1: 1  CONDITION APPLIES","NO","FEMALE","MALE"
1981,64735,3,1,4,33790,5,180,1,1,2,3,4,5,2,2,2,2,1,6,2,6,1,1,32,19,"Male","Non-Black / Non-Hispanic","South (AL, AR, DE, DC, FL, GA, KY, LA, MD, MS, NC, OK, SC, TN , TX, VA, WV)","Bachelor's degree (BA, BS)","In CBSA, not in central city","NO","3: Mother","YES","NO","NO","NO","YES","0: 0  CONDITION DOES NOT APPLY","ALWAYS WITH RIGHT HAND","ALWAYS WITH RIGHT HAND","USUALLY WITH RIGHT HAND","ALWAYS WITH RIGHT HAND","USUALLY WITH LEFT HAND","1: 1  CONDITION APPLIES","1: 1  CONDITION APPLIES","NO","FEMALE","FEMALE"
1984,64735,3,0,2,33790,5,185,1,2,4,4,5,3,2,2,1,2,1,2,1,7,1,1,31,25,"Male","Non-Black / Non-Hispanic","Northeast (CT, ME, MA, NH, NJ, NY, PA, RI, VT)","High school diploma (Regular 12 year program)","In CBSA, not in central city","YES","3: Mother","NO","NO","YES","NO","NO","0: 0  CONDITION DOES NOT APPLY","ALWAYS WITH LEFT HAND","ALWAYS WITH LEFT HAND","ALWAYS WITH LEFT HAND","ALWAYS WITH RIGHT HAND","ALWAYS WITH LEFT HAND","1: 1  CONDITION APPLIES","0: 0  CONDITION DOES NOT APPLY","NO","MALE","FEMALE"
1981,64735,4,1,3,33790,6,184,1,1,3,5,2,3,1,1,2,1,1,6,1,6,1,1,31,21,"Male","Hispanic","South (AL, AR, DE, DC, FL, GA, KY, LA, MD, MS, NC, OK, SC, TN , TX, VA, WV)","High school diploma (Regular 12 year program)","In CBSA, in central city","YES","3: Mother","NO","NO","NO","NO","NO","0: 0  CONDITION DOES NOT APPLY","ALWAYS WITH RIGHT HAND","ALWAYS WITH RIGHT HAND","ALWAYS WITH RIGHT HAND","ALWAYS WITH RIGHT HAND","ALWAYS WITH LEFT HAND","1: 1  CONDITION APPLIES","1: 1  CONDITION APPLIES","NO","FEMALE","MALE"
1980,64735,2,0,1,33790,5,184,1,2,5,5,2,3,2,1,1,2,2,3,4,6,1,1,33,22,"Male","Non-Black / Non-Hispanic","Northeast (CT, ME, MA, NH, NJ, NY, PA, RI, VT)","None","In CBSA, not in central city","NO","3: Mother","NO","NO","NO","NO","NO","0: 0  CONDITION DOES NOT APPLY","ALWAYS WITH RIGHT HAND","ALWAYS WITH RIGHT HAND","ALWAYS WITH RIGHT HAND","ALWAYS WITH RIGHT HAND","ALWAYS WITH LEFT HAND","1: 1  CONDITION APPLIES","1: 1  CONDITION APPLIES","NO","MALE","MALE"
1983,63322,2,0,1,33790,5,184,1,1,4,3,2,3,2,2,1,2,1,2,2,8,1,2,32,23,"Female","Non-Black / Non-Hispanic","West (AK, AZ, CA, CO, HI, ID, MT, NV, NM, OR, UT, WA, WY)","Bachelor's degree (BA, BS)","In CBSA, not in central city","NO","3: Mother","YES","NO","NO","NO","YES","1: 1  CONDITION APPLIES","ALWAYS WITH RIGHT HAND","ALWAYS WITH RIGHT HAND","ALWAYS WITH RIGHT HAND","ALWAYS WITH RIGHT HAND","ALWAYS WITH LEFT HAND","1: 1  CONDITION APPLIES","0: 0  CONDITION DOES NOT APPLY","NO","MALE","MALE"
1982,64735,3,1,1,33790,5,179,1,1,3,3,2,3,2,2,2,2,1,4,3,6,1,1,30,21,"Male","Hispanic","South (AL, AR, DE, DC, FL, GA, KY, LA, MD, MS, NC, OK, SC, TN , TX, VA, WV)","Bachelor's degree (BA, BS)","In CBSA, not in central city","NO","3: Mother","YES","NO","NO","NO","YES","0: 0  CONDITION DOES NOT APPLY","ALWAYS WITH RIGHT HAND","ALWAYS WITH RIGHT HAND","ALWAYS WITH RIGHT HAND","ALWAYS WITH RIGHT HAND","ALWAYS WITH LEFT HAND","1: 1  CONDITION APPLIES","0: 0  CONDITION DOES NOT APPLY","NO","FEMALE","MALE"
1982,64735,2,1,1,33790,5,210,1,2,3,4,2,4,2,2,1,2,2,3,2,7,1,1,28,19,"Male","Non-Black / Non-Hispanic","South (AL, AR, DE, DC, FL, GA, KY, LA, MD, MS, NC, OK, SC, TN , TX, VA, WV)","High school diploma (Regular 12 year program)","In CBSA, in central city","NO","3: Mother","YES","NO","NO","NO","NO","0: 0  CONDITION DOES NOT APPLY","ALWAYS WITH RIGHT HAND","ALWAYS WITH RIGHT HAND","ALWAYS WITH RIGHT HAND","ALWAYS WITH RIGHT HAND","ALWAYS WITH LEFT HAND","1: 1  CONDITION APPLIES","1: 1  CONDITION APPLIES","NO","FEMALE","MALE"
1982,64735,3,1,2,33790,6,182,2,2,3,3,5,2,1,1,1,2,1,5,2,7,1,1,32,21,"Female","Non-Black / Non-Hispanic","West (AK, AZ, CA, CO, HI, ID, MT, NV, NM, OR, UT, WA, WY)","Bachelor's degree (BA, BS)","In CBSA, not in central city","NO","3: Mother","YES","NO","NO","NO","YES","0: 0  CONDITION DOES NOT APPLY","ALWAYS WITH RIGHT HAND","ALWAYS WITH RIGHT HAND","ALWAYS WITH RIGHT HAND","ALWAYS WITH RIGHT HAND","ALWAYS WITH LEFT HAND","1: 1  CONDITION APPLIES","1: 1  CONDITION APPLIES","NO","FEMALE","MALE"
1982,64735,3,0,3,33790,5,150,2,1,2,3,3,6,2,2,1,1,1,6,4,7,1,1,29,20,"Female","Non-Black / Non-Hispanic","West (AK, AZ, CA, CO, HI, ID, MT, NV, NM, OR, UT, WA, WY)","Bachelor's degree (BA, BS)","In CBSA, not in central city","NO","3: Mother","YES","NO","NO","NO","YES","0: 0  CONDITION DOES NOT APPLY","ALWAYS WITH RIGHT HAND","ALWAYS WITH RIGHT HAND","ALWAYS WITH RIGHT HAND","ALWAYS WITH RIGHT HAND","ALWAYS WITH LEFT HAND","1: 1  CONDITION APPLIES","1: 1  CONDITION APPLIES","NO","FEMALE","MALE"
1983,64735,2,0,2,33790,5,182,1,1,4,3,2,3,2,2,1,2,1,6,1,9,1,1,27,25,"Female","Non-Black / Non-Hispanic","West (AK, AZ, CA, CO, HI, ID, MT, NV, NM, OR, UT, WA, WY)","High school diploma (Regular 12 year program)","In CBSA, not in central city","NO","3: Mother","YES","NO","NO","NO","YES","0: 0  CONDITION DOES NOT APPLY","ALWAYS WITH RIGHT HAND","ALWAYS WITH RIGHT HAND","ALWAYS WITH RIGHT HAND","ALWAYS WITH RIGHT HAND","ALWAYS WITH LEFT HAND","1: 1  CONDITION APPLIES","1: 1  CONDITION APPLIES","NO","FEMALE","MALE"
1981,64735,3,1,1,33790,5,181,1,1,2,3,2,2,1,2,1,2,2,5,5,7,1,1,29,3,"Male","Hispanic","South (AL, AR, DE, DC, FL, GA, KY, LA, MD, MS, NC, OK, SC, TN , TX, VA, WV)","GED","In CBSA, not in central city","NO","3: Mother","YES","NO","YES","NO","YES","0: 0  CONDITION DOES NOT APPLY","ALWAYS WITH RIGHT HAND","ALWAYS WITH RIGHT HAND","ALWAYS WITH RIGHT HAND","ALWAYS WITH RIGHT HAND","ALWAYS WITH LEFT HAND","1: 1  CONDITION APPLIES","1: 1  CONDITION APPLIES","NO","FEMALE","MALE"
1984,64735,1,0,5,33790,6,181,1,1,1,2,5,5,2,2,2,1,1,6,1,7,1,1,22,22,"Male","Non-Black / Non-Hispanic","South (AL, AR, DE, DC, FL, GA, KY, LA, MD, MS, NC, OK, SC, TN , TX, VA, WV)","Bachelor's degree (BA, BS)","In CBSA, in central city","NO","3: Mother","NO","NO","NO","NO","NO","0: 0  CONDITION DOES NOT APPLY","ALWAYS WITH RIGHT HAND","USUALLY WITH RIGHT HAND","USUALLY WITH LEFT HAND","USUALLY WITH LEFT HAND","ALWAYS WITH LEFT HAND","1: 1  CONDITION APPLIES","1: 1  CONDITION APPLIES","NO","FEMALE","MALE"
1982,64735,5,0,2,33790,5,184,1,1,3,4,2,3,2,2,2,1,1,9,3,7,1,1,50,23,"Male","Non-Black / Non-Hispanic","South (AL, AR, DE, DC, FL, GA, KY, LA, MD, MS, NC, OK, SC, TN , TX, VA, WV)","High school diploma (Regular 12 year program)","In CBSA, not in central city","NO","3: Mother","YES","NO","NO","NO","NO","0: 0  CONDITION DOES NOT APPLY","ALWAYS WITH RIGHT HAND","ALWAYS WITH RIGHT HAND","ALWAYS WITH RIGHT HAND","ALWAYS WITH LEFT HAND","USUALLY WITH RIGHT HAND","1: 1  CONDITION APPLIES","1: 1  CONDITION APPLIES","NO","FEMALE","MALE"
1983,64735,2,0,2,33790,5,183,1,1,2,4,4,4,2,2,1,2,1,3,2,8,1,1,30,23,"Male","Non-Black / Non-Hispanic","North Central (IL, IN, IA, KS, MI, MN, MO, NE, OH, ND, SD, WI)","GED","In CBSA, in central city","YES","3: Mother","YES","YES","NO","NO","YES","0: 0  CONDITION DOES NOT APPLY","ALWAYS WITH RIGHT HAND","ALWAYS WITH LEFT HAND","ALWAYS WITH RIGHT HAND","ALWAYS WITH RIGHT HAND","ALWAYS WITH LEFT HAND","0: 0  CONDITION DOES NOT APPLY","1: 1  CONDITION APPLIES","NO","FEMALE","FEMALE"
1983,64735,3,0,3,33790,5,170,1,1,5,2,3,3,2,2,1,1,1,6,2,6,1,1,28,20,"Male","Non-Black / Non-Hispanic","South (AL, AR, DE, DC, FL, GA, KY, LA, MD, MS, NC, OK, SC, TN , TX, VA, WV)","Bachelor's degree (BA, BS)","In CBSA, in central city","NO","3: Mother","YES","NO","NO","NO","YES","0: 0  CONDITION DOES NOT APPLY","ALWAYS WITH RIGHT HAND","ALWAYS WITH RIGHT HAND","ALWAYS WITH RIGHT HAND","ALWAYS WITH RIGHT HAND","ALWAYS WITH LEFT HAND","1: 1  CONDITION APPLIES","1: 1  CONDITION APPLIES","NO","MALE","FEMALE"
1982,64735,2,0,1,33790,5,181,1,1,4,2,3,3,2,2,1,2,1,4,4,7,1,1,29,18,"Female","Non-Black / Non-Hispanic","South (AL, AR, DE, DC, FL, GA, KY, LA, MD, MS, NC, OK, SC, TN , TX, VA, WV)","Bachelor's degree (BA, BS)","In CBSA, not in central city","NO","3: Mother","NO","NO","NO","YES","YES","0: 0  CONDITION DOES NOT APPLY","ALWAYS WITH RIGHT HAND","ALWAYS WITH RIGHT HAND","ALWAYS WITH RIGHT HAND","ALWAYS WITH RIGHT HAND","ALWAYS WITH LEFT HAND","1: 1  CONDITION APPLIES","1: 1  CONDITION APPLIES","NO","FEMALE","FEMALE"
1982,64735,4,0,1,33790,5,183,1,2,1,4,1,2,2,2,2,2,1,6,2,7,1,1,30,22,"Female","Non-Black / Non-Hispanic","Northeast (CT, ME, MA, NH, NJ, NY, PA, RI, VT)","None","In CBSA, in central city","NO","3: Mother","NO","YES","NO","NO","NO","0: 0  CONDITION DOES NOT APPLY","ALWAYS WITH RIGHT HAND","ALWAYS WITH RIGHT HAND","ALWAYS WITH RIGHT HAND","ALWAYS WITH RIGHT HAND","ALWAYS WITH LEFT HAND","1: 1  CONDITION APPLIES","1: 1  CONDITION APPLIES","NO","FEMALE","FEMALE"
1981,64735,5,0,1,33790,5,181,1,1,1,3,3,5,1,2,1,1,1,5,2,5,1,1,30,15,"Male","Black","West (AK, AZ, CA, CO, HI, ID, MT, NV, NM, OR, UT, WA, WY)","High school diploma (Regular 12 year program)","In CBSA, not in central city","NO","3: Mother","NO","YES","NO","NO","YES","0: 0  CONDITION DOES NOT APPLY","ALWAYS WITH RIGHT HAND","ALWAYS WITH RIGHT HAND","ALWAYS WITH RIGHT HAND","ALWAYS WITH RIGHT HAND","USUALLY WITH BOTH HANDS EQUALLY","1: 1  CONDITION APPLIES","1: 1  CONDITION APPLIES","NO","FEMALE","FEMALE"
1982,64735,3,0,2,33790,5,180,1,1,3,4,5,4,2,2,2,2,1,4,2,7,1,1,29,27,"Female","Non-Black / Non-Hispanic","South (AL, AR, DE, DC, FL, GA, KY, LA, MD, MS, NC, OK, SC, TN , TX, VA, WV)","GED","In CBSA, not in central city","NO","3: Mother","YES","NO","YES","NO","YES","0: 0  CONDITION DOES NOT APPLY","ALWAYS WITH RIGHT HAND","ALWAYS WITH RIGHT HAND","ALWAYS WITH RIGHT HAND","ALWAYS WITH RIGHT HAND","ALWAYS WITH LEFT HAND","1: 1  CONDITION APPLIES","1: 1  CONDITION APPLIES","NO","FEMALE","MALE"
1980,64735,4,0,2,33790,5,140,1,2,3,3,3,3,2,2,2,2,1,6,3,6,1,1,33,20,"Female","Non-Black / Non-Hispanic","West (AK, AZ, CA, CO, HI, ID, MT, NV, NM, OR, UT, WA, WY)","GED","In CBSA, not in central city","NO","3: Mother","YES","NO","NO","NO","NO","0: 0  CONDITION DOES NOT APPLY","ALWAYS WITH RIGHT HAND","ALWAYS WITH RIGHT HAND","ALWAYS WITH RIGHT HAND","ALWAYS WITH RIGHT HAND","ALWAYS WITH LEFT HAND","0: 0  CONDITION DOES NOT APPLY","1: 1  CONDITION APPLIES","NO","FEMALE","FEMALE"
1981,64735,2,1,1,33790,5,182,1,2,1,5,5,5,2,2,1,2,1,6,1,7,1,1,9,18,"Female","Non-Black / Non-Hispanic","South (AL, AR, DE, DC, FL, GA, KY, LA, MD, MS, NC, OK, SC, TN , TX, VA, WV)","High school diploma (Regular 12 year program)","In CBSA, not in central city","NO","3: Mother","NO","NO","NO","NO","YES","0: 0  CONDITION DOES NOT APPLY","ALWAYS WITH RIGHT HAND","USUALLY WITH RIGHT HAND","ALWAYS WITH RIGHT HAND","ALWAYS WITH RIGHT HAND","ALWAYS WITH LEFT HAND","1: 1  CONDITION APPLIES","1: 1  CONDITION APPLIES","NO","FEMALE","MALE"
1982,64735,2,1,1,33790,5,182,1,1,5,3,2,4,2,2,2,2,2,2,5,7,1,1,28,20,"Male","Non-Black / Non-Hispanic","South (AL, AR, DE, DC, FL, GA, KY, LA, MD, MS, NC, OK, SC, TN , TX, VA, WV)","Bachelor's degree (BA, BS)","In CBSA, not in central city","NO","3: Mother","YES","NO","YES","NO","YES","0: 0  CONDITION DOES NOT APPLY","ALWAYS WITH RIGHT HAND","ALWAYS WITH RIGHT HAND","ALWAYS WITH RIGHT HAND","ALWAYS WITH RIGHT HAND","ALWAYS WITH LEFT HAND","1: 1  CONDITION APPLIES","1: 1  CONDITION APPLIES","NO","FEMALE","MALE"
1984,64735,2,0,5,48000,5,160,2,2,2,3,3,4,2,2,1,2,2,3,2,8,1,1,26,17,"Female","Hispanic","North Central (IL, IN, IA, KS, MI, MN, MO, NE, OH, ND, SD, WI)","GED","In CBSA, not in central city","NO","3: Mother","YES","NO","NO","NO","YES","0: 0  CONDITION DOES NOT APPLY","ALWAYS WITH RIGHT HAND","ALWAYS WITH RIGHT HAND","ALWAYS WITH RIGHT HAND","ALWAYS WITH RIGHT HAND","ALWAYS WITH LEFT HAND","0: 0  CONDITION DOES NOT APPLY","1: 1  CONDITION APPLIES","NO","MALE","FEMALE"
1984,64735,2,1,2,33790,6,181,1,1,6,4,4,5,2,2,1,2,1,6,3,8,1,1,28,22,"Female","Non-Black / Non-Hispanic","West (AK, AZ, CA, CO, HI, ID, MT, NV, NM, OR, UT, WA, WY)","High school diploma (Regular 12 year program)","In CBSA, in central city","NO","3: Mother","YES","NO","NO","NO","NO","0: 0  CONDITION DOES NOT APPLY","ALWAYS WITH RIGHT HAND","ALWAYS WITH RIGHT HAND","ALWAYS WITH RIGHT HAND","ALWAYS WITH RIGHT HAND","ALWAYS WITH LEFT HAND","0: 0  CONDITION DOES NOT APPLY","1: 1  CONDITION APPLIES","NO","FEMALE","MALE"
1980,64735,5,0,3,33790,6,188,1,1,6,6,3,4,2,2,1,2,1,6,3,3,2,1,35,23,"Male","Non-Black / Non-Hispanic","South (AL, AR, DE, DC, FL, GA, KY, LA, MD, MS, NC, OK, SC, TN , TX, VA, WV)","High school diploma (Regular 12 year program)","In CBSA, not in central city","YES","3: Mother","YES","YES","NO","NO","YES","0: 0  CONDITION DOES NOT APPLY","ALWAYS WITH RIGHT HAND","ALWAYS WITH RIGHT HAND","ALWAYS WITH RIGHT HAND","ALWAYS WITH RIGHT HAND","ALWAYS WITH LEFT HAND","1: 1  CONDITION APPLIES","1: 1  CONDITION APPLIES","NO","FEMALE","MALE"
1982,64735,3,0,1,33790,6,181,1,1,4,3,3,7,2,2,1,1,1,2,3,6,1,1,37,27,"Male","Non-Black / Non-Hispanic","West (AK, AZ, CA, CO, HI, ID, MT, NV, NM, OR, UT, WA, WY)","Bachelor's degree (BA, BS)","Not in CBSA","NO","3: Mother","YES","NO","YES","NO","YES","0: 0  CONDITION DOES NOT APPLY","ALWAYS WITH RIGHT HAND","USUALLY WITH RIGHT HAND","ALWAYS WITH RIGHT HAND","ALWAYS WITH RIGHT HAND","ALWAYS WITH LEFT HAND","1: 1  CONDITION APPLIES","0: 0  CONDITION DOES NOT APPLY","NO","FEMALE","MALE"
1984,64735,3,2,1,33790,5,183,1,2,4,5,5,4,2,2,1,2,1,6,3,7,1,1,29,19,"Female","Non-Black / Non-Hispanic","South (AL, AR, DE, DC, FL, GA, KY, LA, MD, MS, NC, OK, SC, TN , TX, VA, WV)","Bachelor's degree (BA, BS)","In CBSA, in central city","NO","3: Mother","NO","NO","NO","NO","NO","0: 0  CONDITION DOES NOT APPLY","ALWAYS WITH RIGHT HAND","ALWAYS WITH RIGHT HAND","ALWAYS WITH RIGHT HAND","ALWAYS WITH RIGHT HAND","ALWAYS WITH LEFT HAND","0: 0  CONDITION DOES NOT APPLY","1: 1  CONDITION APPLIES","NO","FEMALE","FEMALE"
1982,64735,4,1,3,33790,5,182,1,2,5,4,1,4,2,2,2,2,1,5,4,7,1,1,32,22,"Male","Non-Black / Non-Hispanic","West (AK, AZ, CA, CO, HI, ID, MT, NV, NM, OR, UT, WA, WY)","Associate/Junior college (AA)","In CBSA, not in central city","YES","3: Mother","YES","NO","NO","NO","NO","0: 0  CONDITION DOES NOT APPLY","ALWAYS WITH RIGHT HAND","ALWAYS WITH RIGHT HAND","ALWAYS WITH RIGHT HAND","ALWAYS WITH RIGHT HAND","ALWAYS WITH LEFT HAND","0: 0  CONDITION DOES NOT APPLY","1: 1  CONDITION APPLIES","NO","MALE","FEMALE"
1981,58000,2,0,2,33790,5,183,1,1,4,3,1,4,2,2,2,2,1,6,2,7,1,1,27,21,"Female","Non-Black / Non-Hispanic","Northeast (CT, ME, MA, NH, NJ, NY, PA, RI, VT)","High school diploma (Regular 12 year program)","In CBSA, in central city","NO","3: Mother","YES","NO","NO","NO","NO","0: 0  CONDITION DOES NOT APPLY","ALWAYS WITH RIGHT HAND","ALWAYS WITH RIGHT HAND","ALWAYS WITH RIGHT HAND","ALWAYS WITH RIGHT HAND","ALWAYS WITH LEFT HAND","1: 1  CONDITION APPLIES","1: 1  CONDITION APPLIES","NO","FEMALE","MALE"
1981,64735,3,0,7,35000,5,182,1,2,3,3,5,3,2,2,1,2,2,4,4,9,1,1,9,18,"Female","Non-Black / Non-Hispanic","West (AK, AZ, CA, CO, HI, ID, MT, NV, NM, OR, UT, WA, WY)","High school diploma (Regular 12 year program)","In CBSA, not in central city","NO","3: Mother","NO","NO","YES","NO","YES","0: 0  CONDITION DOES NOT APPLY","ALWAYS WITH RIGHT HAND","ALWAYS WITH RIGHT HAND","ALWAYS WITH RIGHT HAND","ALWAYS WITH RIGHT HAND","ALWAYS WITH LEFT HAND","1: 1  CONDITION APPLIES","1: 1  CONDITION APPLIES","NO","FEMALE","MALE"
1985,64735,3,0,5,33790,5,184,2,1,2,4,2,6,2,1,1,2,2,6,4,6,2,5,33,24,"Female","Black","South (AL, AR, DE, DC, FL, GA, KY, LA, MD, MS, NC, OK, SC, TN , TX, VA, WV)","High school diploma (Regular 12 year program)","In CBSA, in central city","NO","3: Mother","NO","NO","NO","NO","NO","0: 0  CONDITION DOES NOT APPLY","ALWAYS WITH RIGHT HAND","ALWAYS WITH RIGHT HAND","ALWAYS WITH RIGHT HAND","ALWAYS WITH RIGHT HAND","ALWAYS WITH LEFT HAND","1: 1  CONDITION APPLIES","1: 1  CONDITION APPLIES","NO","MALE","MALE"
1983,64735,6,1,3,33790,6,186,1,2,5,4,1,3,2,2,2,2,2,4,4,4,1,1,30,22,"Male","Black","West (AK, AZ, CA, CO, HI, ID, MT, NV, NM, OR, UT, WA, WY)","GED","In CBSA, not in central city","NO","3: Mother","NO","YES","YES","NO","NO","0: 0  CONDITION DOES NOT APPLY","ALWAYS WITH RIGHT HAND","ALWAYS WITH RIGHT HAND","ALWAYS WITH RIGHT HAND","ALWAYS WITH RIGHT HAND","ALWAYS WITH LEFT HAND","1: 1  CONDITION APPLIES","0: 0  CONDITION DOES NOT APPLY","NO","FEMALE","MALE"
1984,35000,3,1,1,33790,5,183,2,2,2,3,2,4,2,2,1,2,1,6,3,7,1,1,4,19,"Female","Black","West (AK, AZ, CA, CO, HI, ID, MT, NV, NM, OR, UT, WA, WY)","High school diploma (Regular 12 year program)","In CBSA, not in central city","NO","3: Mother","YES","YES","NO","NO","YES","0: 0  CONDITION DOES NOT APPLY","ALWAYS WITH RIGHT HAND","ALWAYS WITH RIGHT HAND","ALWAYS WITH RIGHT HAND","ALWAYS WITH RIGHT HAND","ALWAYS WITH LEFT HAND","0: 0  CONDITION DOES NOT APPLY","1: 1  CONDITION APPLIES","NO","FEMALE","MALE"
1983,64735,1,0,2,33790,5,215,1,2,5,4,2,5,2,2,1,2,1,4,1,6,1,1,31,22,"Male","Non-Black / Non-Hispanic","South (AL, AR, DE, DC, FL, GA, KY, LA, MD, MS, NC, OK, SC, TN , TX, VA, WV)","Bachelor's degree (BA, BS)","In CBSA, not in central city","NO","3: Mother","YES","NO","NO","NO","NO","0: 0  CONDITION DOES NOT APPLY","ALWAYS WITH LEFT HAND","ALWAYS WITH RIGHT HAND","ALWAYS WITH LEFT HAND","ALWAYS WITH RIGHT HAND","ALWAYS WITH LEFT HAND","1: 1  CONDITION APPLIES","1: 1  CONDITION APPLIES","NO","FEMALE","FEMALE"
1982,64735,2,0,1,33790,5,183,1,1,7,4,10,5,2,2,2,2,1,4,2,6,1,1,34,26,"Male","Hispanic","West (AK, AZ, CA, CO, HI, ID, MT, NV, NM, OR, UT, WA, WY)","High school diploma (Regular 12 year program)","In CBSA, not in central city","YES","3: Mother","YES","YES","NO","NO","YES","0: 0  CONDITION DOES NOT APPLY","ALWAYS WITH RIGHT HAND","ALWAYS WITH RIGHT HAND","USUALLY WITH BOTH HANDS EQUALLY","ALWAYS WITH RIGHT HAND","ALWAYS WITH LEFT HAND","1: 1  CONDITION APPLIES","1: 1  CONDITION APPLIES","NO","MALE","FEMALE"
1983,0,2,0,4,33790,5,182,2,3,2,2,4,3,2,1,1,2,2,5,3,6,6,6,35,26,"Female","Black","North Central (IL, IN, IA, KS, MI, MN, MO, NE, OH, ND, SD, WI)","High school diploma (Regular 12 year program)","In CBSA, not in central city","NO","3: Mother","YES","NO","NO","NO","NO","0: 0  CONDITION DOES NOT APPLY","ALWAYS WITH RIGHT HAND","ALWAYS WITH RIGHT HAND","ALWAYS WITH RIGHT HAND","ALWAYS WITH RIGHT HAND","ALWAYS WITH LEFT HAND","1: 1  CONDITION APPLIES","1: 1  CONDITION APPLIES","YES","FEMALE","FEMALE"
1981,64735,4,0,1,33790,5,132,1,1,3,2,9,2,2,2,2,2,1,6,4,6,1,1,59,34,"Female","Non-Black / Non-Hispanic","West (AK, AZ, CA, CO, HI, ID, MT, NV, NM, OR, UT, WA, WY)","Associate/Junior college (AA)","In CBSA, not in central city","YES","3: Mother","YES","YES","NO","NO","YES","0: 0  CONDITION DOES NOT APPLY","ALWAYS WITH RIGHT HAND","ALWAYS WITH RIGHT HAND","ALWAYS WITH RIGHT HAND","ALWAYS WITH RIGHT HAND","ALWAYS WITH LEFT HAND","1: 1  CONDITION APPLIES","1: 1  CONDITION APPLIES","YES","FEMALE","MALE"
1981,18750,3,0,3,33790,5,184,1,1,2,2,3,3,1,2,2,2,1,5,5,7,1,1,30,23,"Male","Non-Black / Non-Hispanic","West (AK, AZ, CA, CO, HI, ID, MT, NV, NM, OR, UT, WA, WY)","High school diploma (Regular 12 year program)","In CBSA, not in central city","NO","3: Mother","YES","NO","NO","NO","YES","0: 0  CONDITION DOES NOT APPLY","ALWAYS WITH RIGHT HAND","ALWAYS WITH RIGHT HAND","ALWAYS WITH RIGHT HAND","ALWAYS WITH LEFT HAND","ALWAYS WITH LEFT HAND","1: 1  CONDITION APPLIES","1: 1  CONDITION APPLIES","NO","FEMALE","FEMALE"
1983,64735,6,1,3,33790,5,182,1,2,1,4,4,6,1,2,2,2,2,6,5,7,1,1,31,19,"Female","Non-Black / Non-Hispanic","South (AL, AR, DE, DC, FL, GA, KY, LA, MD, MS, NC, OK, SC, TN , TX, VA, WV)","None","In CBSA, not in central city","NO","3: Mother","YES","NO","YES","YES","YES","0: 0  CONDITION DOES NOT APPLY","ALWAYS WITH RIGHT HAND","ALWAYS WITH RIGHT HAND","ALWAYS WITH RIGHT HAND","ALWAYS WITH RIGHT HAND","ALWAYS WITH LEFT HAND","1: 1  CONDITION APPLIES","1: 1  CONDITION APPLIES","NO","FEMALE","FEMALE"
1982,64735,2,0,2,13200,5,184,1,1,3,4,3,4,2,2,1,2,1,7,3,8,1,1,28,17,"Female","Hispanic","West (AK, AZ, CA, CO, HI, ID, MT, NV, NM, OR, UT, WA, WY)","High school diploma (Regular 12 year program)","In CBSA, not in central city","NO","3: Mother","NO","NO","YES","NO","NO","0: 0  CONDITION DOES NOT APPLY","ALWAYS WITH LEFT HAND","ALWAYS WITH RIGHT HAND","ALWAYS WITH LEFT HAND","ALWAYS WITH LEFT HAND","ALWAYS WITH LEFT HAND","1: 1  CONDITION APPLIES","1: 1  CONDITION APPLIES","NO","FEMALE","MALE"
1982,64735,4,0,2,38000,5,178,1,1,2,3,5,4,1,2,1,2,1,2,2,8,1,2,31,20,"Female","Hispanic","West (AK, AZ, CA, CO, HI, ID, MT, NV, NM, OR, UT, WA, WY)","Associate/Junior college (AA)","In CBSA, in central city","NO","3: Mother","NO","YES","NO","NO","YES","0: 0  CONDITION DOES NOT APPLY","ALWAYS WITH RIGHT HAND","ALWAYS WITH RIGHT HAND","ALWAYS WITH RIGHT HAND","ALWAYS WITH RIGHT HAND","USUALLY WITH BOTH HANDS EQUALLY","0: 0  CONDITION DOES NOT APPLY","1: 1  CONDITION APPLIES","YES","FEMALE","MALE"
1983,64735,4,0,2,8000,5,181,1,2,3,5,3,6,1,2,1,1,1,1,2,8,1,1,36,22,"Male","Hispanic","West (AK, AZ, CA, CO, HI, ID, MT, NV, NM, OR, UT, WA, WY)","None","In CBSA, not in central city","YES","3: Mother","YES","NO","NO","NO","YES","0: 0  CONDITION DOES NOT APPLY","ALWAYS WITH RIGHT HAND","ALWAYS WITH RIGHT HAND","ALWAYS WITH RIGHT HAND","USUALLY WITH BOTH HANDS EQUALLY","ALWAYS WITH LEFT HAND","1: 1  CONDITION APPLIES","1: 1  CONDITION APPLIES","NO","FEMALE","MALE"
1981,64735,4,0,2,33790,5,200,1,1,3,4,3,7,2,1,1,2,2,8,2,7,1,1,35,23,"Female","Non-Black / Non-Hispanic","Northeast (CT, ME, MA, NH, NJ, NY, PA, RI, VT)","High school diploma (Regular 12 year program)","In CBSA, in central city","NO","3: Mother","YES","NO","NO","NO","YES","0: 0  CONDITION DOES NOT APPLY","ALWAYS WITH RIGHT HAND","ALWAYS WITH RIGHT HAND","ALWAYS WITH RIGHT HAND","ALWAYS WITH RIGHT HAND","ALWAYS WITH RIGHT HAND","1: 1  CONDITION APPLIES","1: 1  CONDITION APPLIES","YES","FEMALE","MALE"
1982,64735,3,1,5,33790,5,184,3,2,5,5,1,3,2,2,1,1,1,5,2,8,1,1,26,9,"Male","Non-Black / Non-Hispanic","West (AK, AZ, CA, CO, HI, ID, MT, NV, NM, OR, UT, WA, WY)","GED","In CBSA, not in central city","NO","3: Mother","NO","NO","YES","NO","YES","0: 0  CONDITION DOES NOT APPLY","ALWAYS WITH RIGHT HAND","ALWAYS WITH RIGHT HAND","ALWAYS WITH RIGHT HAND","ALWAYS WITH RIGHT HAND","USUALLY WITH LEFT HAND","1: 1  CONDITION APPLIES","1: 1  CONDITION APPLIES","NO","MALE","FEMALE"
1981,64735,4,1,4,33790,5,181,1,2,3,4,4,6,1,2,1,1,1,5,2,8,1,1,33,22,"Female","Black","West (AK, AZ, CA, CO, HI, ID, MT, NV, NM, OR, UT, WA, WY)","High school diploma (Regular 12 year program)","In CBSA, in central city","NO","3: Mother","NO","NO","YES","NO","YES","0: 0  CONDITION DOES NOT APPLY","ALWAYS WITH RIGHT HAND","ALWAYS WITH RIGHT HAND","ALWAYS WITH RIGHT HAND","ALWAYS WITH RIGHT HAND","ALWAYS WITH LEFT HAND","1: 1  CONDITION APPLIES","1: 1  CONDITION APPLIES","YES","FEMALE","MALE"
1981,64735,1,0,1,33790,5,203,1,1,3,4,3,4,2,2,1,2,2,5,3,7,3,1,14,20,"Female","Black","South (AL, AR, DE, DC, FL, GA, KY, LA, MD, MS, NC, OK, SC, TN , TX, VA, WV)","High school diploma (Regular 12 year program)","In CBSA, in central city","NO","3: Mother","YES","YES","YES","NO","YES","0: 0  CONDITION DOES NOT APPLY","ALWAYS WITH RIGHT HAND","ALWAYS WITH RIGHT HAND","ALWAYS WITH RIGHT HAND","ALWAYS WITH RIGHT HAND","ALWAYS WITH LEFT HAND","1: 1  CONDITION APPLIES","1: 1  CONDITION APPLIES","NO","FEMALE","MALE"
1984,64735,3,1,3,33790,5,182,2,2,2,3,2,3,2,2,1,2,1,6,1,7,1,1,5,15,"Female","Black","Northeast (CT, ME, MA, NH, NJ, NY, PA, RI, VT)","GED","In CBSA, not in central city","NO","3: Mother","YES","YES","NO","NO","NO","0: 0  CONDITION DOES NOT APPLY","ALWAYS WITH RIGHT HAND","ALWAYS WITH RIGHT HAND","ALWAYS WITH RIGHT HAND","ALWAYS WITH RIGHT HAND","ALWAYS WITH LEFT HAND","1: 1  CONDITION APPLIES","1: 1  CONDITION APPLIES","NO","MALE","FEMALE"
1984,64735,1,0,1,33790,5,181,1,1,4,4,4,5,2,2,1,2,1,2,3,7,1,1,31,22,"Female","Non-Black / Non-Hispanic","Northeast (CT, ME, MA, NH, NJ, NY, PA, RI, VT)","High school diploma (Regular 12 year program)","In CBSA, in central city","NO","3: Mother","YES","NO","YES","NO","NO","0: 0  CONDITION DOES NOT APPLY","ALWAYS WITH RIGHT HAND","ALWAYS WITH RIGHT HAND","ALWAYS WITH RIGHT HAND","ALWAYS WITH RIGHT HAND","ALWAYS WITH LEFT HAND","0: 0  CONDITION DOES NOT APPLY","1: 1  CONDITION APPLIES","NO","MALE","MALE"
1984,64735,3,1,5,33790,5,182,1,1,3,5,4,4,2,2,2,2,2,1,2,7,1,1,32,23,"Female","Hispanic","South (AL, AR, DE, DC, FL, GA, KY, LA, MD, MS, NC, OK, SC, TN , TX, VA, WV)","Professional degree (DDS, JD, MD)","In CBSA, in central city","NO","3: Mother","YES","YES","NO","NO","YES","0: 0  CONDITION DOES NOT APPLY","ALWAYS WITH RIGHT HAND","ALWAYS WITH RIGHT HAND","ALWAYS WITH RIGHT HAND","ALWAYS WITH RIGHT HAND","ALWAYS WITH LEFT HAND","1: 1  CONDITION APPLIES","1: 1  CONDITION APPLIES","NO","FEMALE","MALE"
1983,64735,4,2,7,33790,5,180,1,1,2,2,3,3,1,2,1,2,2,4,1,8,1,1,30,22,"Female","Hispanic","West (AK, AZ, CA, CO, HI, ID, MT, NV, NM, OR, UT, WA, WY)","GED","In CBSA, in central city","NO","3: Mother","NO","YES","YES","NO","NO","0: 0  CONDITION DOES NOT APPLY","ALWAYS WITH RIGHT HAND","ALWAYS WITH RIGHT HAND","ALWAYS WITH RIGHT HAND","ALWAYS WITH RIGHT HAND","ALWAYS WITH LEFT HAND","1: 1  CONDITION APPLIES","1: 1  CONDITION APPLIES","NO","FEMALE","MALE"
1982,64735,4,0,2,33790,5,183,1,2,1,5,7,6,2,1,1,2,2,4,3,8,1,1,29,21,"Female","Black","Northeast (CT, ME, MA, NH, NJ, NY, PA, RI, VT)","High school diploma (Regular 12 year program)","In CBSA, in central city","NO","3: Mother","YES","YES","YES","NO","YES","0: 0  CONDITION DOES NOT APPLY","DON'T DO THIS ACTIVITY","ALWAYS WITH RIGHT HAND","ALWAYS WITH RIGHT HAND","ALWAYS WITH RIGHT HAND","USUALLY WITH BOTH HANDS EQUALLY","1: 1  CONDITION APPLIES","1: 1  CONDITION APPLIES","NO","FEMALE","FEMALE"
1983,64735,2,1,4,33790,5,182,1,2,6,3,5,4,2,2,1,2,1,6,1,7,1,1,30,21,"Female","Black","West (AK, AZ, CA, CO, HI, ID, MT, NV, NM, OR, UT, WA, WY)","Bachelor's degree (BA, BS)","In CBSA, not in central city","YES","3: Mother","YES","NO","NO","NO","YES","0: 0  CONDITION DOES NOT APPLY","ALWAYS WITH RIGHT HAND","ALWAYS WITH RIGHT HAND","ALWAYS WITH RIGHT HAND","ALWAYS WITH RIGHT HAND","ALWAYS WITH LEFT HAND","1: 1  CONDITION APPLIES","1: 1  CONDITION APPLIES","NO","MALE","MALE"
1983,64735,4,0,2,33790,5,183,2,2,3,4,1,4,2,2,1,1,1,6,4,6,1,1,29,20,"Female","Hispanic","West (AK, AZ, CA, CO, HI, ID, MT, NV, NM, OR, UT, WA, WY)","High school diploma (Regular 12 year program)","In CBSA, not in central city","NO","3: Mother","YES","NO","YES","NO","YES","0: 0  CONDITION DOES NOT APPLY","ALWAYS WITH RIGHT HAND","ALWAYS WITH RIGHT HAND","ALWAYS WITH RIGHT HAND","ALWAYS WITH RIGHT HAND","ALWAYS WITH LEFT HAND","0: 0  CONDITION DOES NOT APPLY","1: 1  CONDITION APPLIES","YES","FEMALE","FEMALE"
1984,131030,4,0,1,33790,5,184,1,3,5,2,5,5,2,2,2,2,1,6,2,7,2,1,36,34,"Male","Hispanic","West (AK, AZ, CA, CO, HI, ID, MT, NV, NM, OR, UT, WA, WY)","High school diploma (Regular 12 year program)","In CBSA, not in central city","NO","3: Mother","NO","NO","YES","NO","YES","0: 0  CONDITION DOES NOT APPLY","ALWAYS WITH RIGHT HAND","ALWAYS WITH RIGHT HAND","ALWAYS WITH RIGHT HAND","ALWAYS WITH RIGHT HAND","ALWAYS WITH LEFT HAND","1: 1  CONDITION APPLIES","1: 1  CONDITION APPLIES","YES","FEMALE","MALE"
1984,64735,4,2,3,33790,5,135,2,2,3,4,4,4,1,2,2,2,1,3,1,7,1,1,31,25,"Female","Non-Black / Non-Hispanic","North Central (IL, IN, IA, KS, MI, MN, MO, NE, OH, ND, SD, WI)","None","In CBSA, not in central city","NO","3: Mother","NO","YES","NO","NO","YES","0: 0  CONDITION DOES NOT APPLY","ALWAYS WITH LEFT HAND","ALWAYS WITH RIGHT HAND","ALWAYS WITH LEFT HAND","ALWAYS WITH LEFT HAND","ALWAYS WITH RIGHT HAND","1: 1  CONDITION APPLIES","1: 1  CONDITION APPLIES","NO","MALE","FEMALE"
1980,64735,4,0,2,33790,5,183,1,1,3,3,1,2,2,2,2,2,1,3,2,8,1,1,34,26,"Male","Hispanic","West (AK, AZ, CA, CO, HI, ID, MT, NV, NM, OR, UT, WA, WY)","High school diploma (Regular 12 year program)","In CBSA, not in central city","YES","3: Mother","YES","NO","NO","NO","NO","0: 0  CONDITION DOES NOT APPLY","ALWAYS WITH RIGHT HAND","ALWAYS WITH RIGHT HAND","ALWAYS WITH RIGHT HAND","ALWAYS WITH RIGHT HAND","ALWAYS WITH LEFT HAND","1: 1  CONDITION APPLIES","1: 1  CONDITION APPLIES","YES","FEMALE","MALE"
1984,64735,8,0,3,33790,5,182,1,2,1,4,4,6,2,2,1,2,2,3,1,7,1,1,32,22,"Female","Hispanic","South (AL, AR, DE, DC, FL, GA, KY, LA, MD, MS, NC, OK, SC, TN , TX, VA, WV)","High school diploma (Regular 12 year program)","In CBSA, not in central city","NO","3: Mother","NO","YES","NO","NO","YES","0: 0  CONDITION DOES NOT APPLY","ALWAYS WITH RIGHT HAND","ALWAYS WITH RIGHT HAND","ALWAYS WITH RIGHT HAND","ALWAYS WITH RIGHT HAND","ALWAYS WITH LEFT HAND","1: 1  CONDITION APPLIES","1: 1  CONDITION APPLIES","YES","FEMALE","MALE"
1980,64735,2,0,4,42000,5,186,2,3,7,4,6,5,2,2,1,1,2,4,2,6,1,1,33,19,"Female","Hispanic","West (AK, AZ, CA, CO, HI, ID, MT, NV, NM, OR, UT, WA, WY)","High school diploma (Regular 12 year program)","In CBSA, not in central city","NO","3: Mother","YES","NO","NO","NO","YES","0: 0  CONDITION DOES NOT APPLY","ALWAYS WITH RIGHT HAND","ALWAYS WITH RIGHT HAND","USUALLY WITH BOTH HANDS EQUALLY","ALWAYS WITH RIGHT HAND","ALWAYS WITH LEFT HAND","1: 1  CONDITION APPLIES","1: 1  CONDITION APPLIES","YES","FEMALE","FEMALE"
1981,64735,6,0,2,33790,5,182,2,1,4,2,1,3,2,2,1,2,1,4,2,7,1,1,32,24,"Male","Hispanic","West (AK, AZ, CA, CO, HI, ID, MT, NV, NM, OR, UT, WA, WY)","High school diploma (Regular 12 year program)","In CBSA, not in central city","YES","3: Mother","YES","NO","NO","NO","YES","0: 0  CONDITION DOES NOT APPLY","ALWAYS WITH RIGHT HAND","ALWAYS WITH RIGHT HAND","ALWAYS WITH RIGHT HAND","ALWAYS WITH RIGHT HAND","ALWAYS WITH LEFT HAND","0: 0  CONDITION DOES NOT APPLY","1: 1  CONDITION APPLIES","YES","MALE","MALE"
1981,64735,11,2,4,33790,6,180,1,3,6,3,5,7,2,1,1,2,2,1,5,6,6,1,38,20,"Male","Hispanic","West (AK, AZ, CA, CO, HI, ID, MT, NV, NM, OR, UT, WA, WY)","High school diploma (Regular 12 year program)","In CBSA, not in central city","YES","3: Mother","NO","NO","NO","YES","YES","0: 0  CONDITION DOES NOT APPLY","ALWAYS WITH RIGHT HAND","ALWAYS WITH RIGHT HAND","ALWAYS WITH RIGHT HAND","ALWAYS WITH RIGHT HAND","ALWAYS WITH LEFT HAND","1: 1  CONDITION APPLIES","1: 1  CONDITION APPLIES","NO","FEMALE","FEMALE"
1981,64735,3,0,1,33790,5,183,1,1,2,5,6,2,2,1,1,2,1,6,3,7,1,1,29,21,"Female","Hispanic","West (AK, AZ, CA, CO, HI, ID, MT, NV, NM, OR, UT, WA, WY)","Bachelor's degree (BA, BS)","In CBSA, in central city","NO","3: Mother","NO","NO","NO","NO","YES","0: 0  CONDITION DOES NOT APPLY","ALWAYS WITH RIGHT HAND","ALWAYS WITH RIGHT HAND","ALWAYS WITH RIGHT HAND","ALWAYS WITH RIGHT HAND","ALWAYS WITH LEFT HAND","1: 1  CONDITION APPLIES","1: 1  CONDITION APPLIES","NO","MALE","FEMALE"
1984,64735,4,0,1,33790,5,181,1,1,1,3,3,3,1,2,1,1,1,6,1,7,1,1,37,25,"Male","Hispanic","West (AK, AZ, CA, CO, HI, ID, MT, NV, NM, OR, UT, WA, WY)","Bachelor's degree (BA, BS)","In CBSA, in central city","YES","3: Mother","NO","YES","NO","NO","YES","0: 0  CONDITION DOES NOT APPLY","ALWAYS WITH RIGHT HAND","ALWAYS WITH RIGHT HAND","ALWAYS WITH RIGHT HAND","ALWAYS WITH RIGHT HAND","USUALLY WITH LEFT HAND","1: 1  CONDITION APPLIES","1: 1  CONDITION APPLIES","YES","MALE","MALE"
1982,64735,3,1,2,33790,5,183,2,1,4,3,1,2,2,2,2,1,2,3,2,5,1,1,30,20,"Female","Non-Black / Non-Hispanic","North Central (IL, IN, IA, KS, MI, MN, MO, NE, OH, ND, SD, WI)","GED","In CBSA, not in central city","NO","3: Mother","YES","NO","NO","NO","YES","0: 0  CONDITION DOES NOT APPLY","ALWAYS WITH RIGHT HAND","ALWAYS WITH RIGHT HAND","ALWAYS WITH RIGHT HAND","ALWAYS WITH RIGHT HAND","ALWAYS WITH LEFT HAND","1: 1  CONDITION APPLIES","1: 1  CONDITION APPLIES","YES","FEMALE","MALE"
1981,64735,3,1,1,33790,5,183,1,1,4,4,4,4,2,2,1,2,1,6,2,5,1,1,27,5,"Female","Non-Black / Non-Hispanic","North Central (IL, IN, IA, KS, MI, MN, MO, NE, OH, ND, SD, WI)","Bachelor's degree (BA, BS)","In CBSA, in central city","NO","3: Mother","YES","NO","NO","NO","YES","0: 0  CONDITION DOES NOT APPLY","ALWAYS WITH RIGHT HAND","ALWAYS WITH RIGHT HAND","ALWAYS WITH RIGHT HAND","ALWAYS WITH RIGHT HAND","USUALLY WITH LEFT HAND","1: 1  CONDITION APPLIES","1: 1  CONDITION APPLIES","NO","MALE","FEMALE"
1983,64735,2,0,4,33790,5,184,1,2,3,5,2,2,2,2,2,2,1,6,4,6,1,1,33,25,"Female","Hispanic","South (AL, AR, DE, DC, FL, GA, KY, LA, MD, MS, NC, OK, SC, TN , TX, VA, WV)","High school diploma (Regular 12 year program)","In CBSA, in central city","NO","3: Mother","NO","NO","YES","NO","YES","0: 0  CONDITION DOES NOT APPLY","ALWAYS WITH RIGHT HAND","ALWAYS WITH RIGHT HAND","ALWAYS WITH RIGHT HAND","ALWAYS WITH RIGHT HAND","ALWAYS WITH LEFT HAND","1: 1  CONDITION APPLIES","1: 1  CONDITION APPLIES","NO","MALE","MALE"
1984,64735,2,0,1,33790,5,184,2,1,2,5,5,4,2,2,1,2,1,3,2,7,1,1,30,27,"Male","Black","West (AK, AZ, CA, CO, HI, ID, MT, NV, NM, OR, UT, WA, WY)","Associate/Junior college (AA)","In CBSA, not in central city","YES","3: Mother","YES","NO","YES","NO","YES","0: 0  CONDITION DOES NOT APPLY","ALWAYS WITH RIGHT HAND","ALWAYS WITH RIGHT HAND","ALWAYS WITH RIGHT HAND","ALWAYS WITH RIGHT HAND","ALWAYS WITH LEFT HAND","1: 1  CONDITION APPLIES","1: 1  CONDITION APPLIES","NO","FEMALE","MALE"
1984,64735,7,0,1,700,5,178,1,2,2,3,3,6,2,3,1,2,1,3,1,7,1,1,37,26,"Female","Hispanic","West (AK, AZ, CA, CO, HI, ID, MT, NV, NM, OR, UT, WA, WY)","High school diploma (Regular 12 year program)","In CBSA, not in central city","YES","3: Mother","NO","YES","NO","NO","NO","0: 0  CONDITION DOES NOT APPLY","ALWAYS WITH RIGHT HAND","ALWAYS WITH RIGHT HAND","ALWAYS WITH RIGHT HAND","ALWAYS WITH RIGHT HAND","ALWAYS WITH LEFT HAND","0: 0  CONDITION DOES NOT APPLY","1: 1  CONDITION APPLIES","YES","FEMALE","MALE"
1981,64735,3,0,5,33790,5,183,1,2,4,3,7,1,2,2,2,2,1,6,1,6,1,1,28,22,"Female","Non-Black / Non-Hispanic","South (AL, AR, DE, DC, FL, GA, KY, LA, MD, MS, NC, OK, SC, TN , TX, VA, WV)","Associate/Junior college (AA)","In CBSA, not in central city","NO","3: Mother","YES","YES","NO","NO","YES","0: 0  CONDITION DOES NOT APPLY","ALWAYS WITH LEFT HAND","ALWAYS WITH LEFT HAND","ALWAYS WITH LEFT HAND","ALWAYS WITH RIGHT HAND","ALWAYS WITH LEFT HAND","1: 1  CONDITION APPLIES","1: 1  CONDITION APPLIES","NO","FEMALE","MALE"
1980,64735,2,0,1,33790,5,181,1,1,2,2,2,4,2,2,1,2,2,4,3,7,1,1,35,26,"Male","Hispanic","South (AL, AR, DE, DC, FL, GA, KY, LA, MD, MS, NC, OK, SC, TN , TX, VA, WV)","High school diploma (Regular 12 year program)","In CBSA, not in central city","YES","3: Mother","YES","YES","NO","NO","YES","0: 0  CONDITION DOES NOT APPLY","ALWAYS WITH RIGHT HAND","ALWAYS WITH RIGHT HAND","ALWAYS WITH RIGHT HAND","ALWAYS WITH RIGHT HAND","ALWAYS WITH LEFT HAND","0: 0  CONDITION DOES NOT APPLY","1: 1  CONDITION APPLIES","NO","MALE","MALE"
1982,64735,6,2,2,33790,5,183,1,2,5,5,2,4,2,1,1,2,1,3,3,6,1,1,27,15,"Female","Hispanic","Northeast (CT, ME, MA, NH, NJ, NY, PA, RI, VT)","High school diploma (Regular 12 year program)","In CBSA, not in central city","NO","3: Mother","YES","NO","NO","NO","YES","0: 0  CONDITION DOES NOT APPLY","ALWAYS WITH RIGHT HAND","ALWAYS WITH RIGHT HAND","ALWAYS WITH RIGHT HAND","ALWAYS WITH RIGHT HAND","ALWAYS WITH LEFT HAND","1: 1  CONDITION APPLIES","1: 1  CONDITION APPLIES","NO","FEMALE","FEMALE"
1981,64735,5,0,2,33790,5,180,1,2,2,3,7,3,2,2,1,2,1,3,1,7,1,1,33,20,"Male","Non-Black / Non-Hispanic","West (AK, AZ, CA, CO, HI, ID, MT, NV, NM, OR, UT, WA, WY)","Bachelor's degree (BA, BS)","In CBSA, in central city","NO","3: Mother","NO","YES","NO","NO","NO","0: 0  CONDITION DOES NOT APPLY","ALWAYS WITH RIGHT HAND","ALWAYS WITH RIGHT HAND","DON'T DO THIS ACTIVITY","ALWAYS WITH RIGHT HAND","ALWAYS WITH LEFT HAND","0: 0  CONDITION DOES NOT APPLY","1: 1  CONDITION APPLIES","YES","FEMALE","FEMALE"
1981,64735,8,2,2,33790,5,183,1,2,1,5,2,3,2,2,1,2,2,4,2,8,1,1,26,16,"Male","Hispanic","West (AK, AZ, CA, CO, HI, ID, MT, NV, NM, OR, UT, WA, WY)","None","In CBSA, not in central city","NO","3: Mother","YES","YES","NO","NO","YES","0: 0  CONDITION DOES NOT APPLY","ALWAYS WITH RIGHT HAND","ALWAYS WITH RIGHT HAND","ALWAYS WITH RIGHT HAND","ALWAYS WITH RIGHT HAND","ALWAYS WITH LEFT HAND","1: 1  CONDITION APPLIES","1: 1  CONDITION APPLIES","YES","FEMALE","FEMALE"
1980,79000,2,0,1,33790,5,183,1,1,4,5,3,2,2,1,2,1,1,6,2,8,1,1,34,26,"Female","Non-Black / Non-Hispanic","South (AL, AR, DE, DC, FL, GA, KY, LA, MD, MS, NC, OK, SC, TN , TX, VA, WV)","Bachelor's degree (BA, BS)","In CBSA, not in central city","YES","3: Mother","YES","NO","YES","NO","YES","0: 0  CONDITION DOES NOT APPLY","ALWAYS WITH LEFT HAND","USUALLY WITH RIGHT HAND","ALWAYS WITH LEFT HAND","ALWAYS WITH LEFT HAND","ALWAYS WITH LEFT HAND","1: 1  CONDITION APPLIES","1: 1  CONDITION APPLIES","YES","FEMALE","FEMALE"
1980,64735,4,1,3,42000,5,182,1,1,3,4,2,7,1,2,2,1,1,6,2,8,1,1,30,24,"Female","Non-Black / Non-Hispanic","West (AK, AZ, CA, CO, HI, ID, MT, NV, NM, OR, UT, WA, WY)","High school diploma (Regular 12 year program)","In CBSA, not in central city","NO","3: Mother","YES","NO","NO","NO","YES","0: 0  CONDITION DOES NOT APPLY","ALWAYS WITH RIGHT HAND","ALWAYS WITH RIGHT HAND","ALWAYS WITH RIGHT HAND","ALWAYS WITH RIGHT HAND","ALWAYS WITH LEFT HAND","1: 1  CONDITION APPLIES","1: 1  CONDITION APPLIES","YES","FEMALE","MALE"
1982,64735,4,0,1,33790,5,181,1,1,2,4,5,3,2,2,1,2,1,2,1,4,1,1,32,20,"Male","Black","South (AL, AR, DE, DC, FL, GA, KY, LA, MD, MS, NC, OK, SC, TN , TX, VA, WV)","GED","In CBSA, not in central city","NO","3: Mother","YES","NO","NO","NO","YES","0: 0  CONDITION DOES NOT APPLY","ALWAYS WITH RIGHT HAND","ALWAYS WITH RIGHT HAND","ALWAYS WITH RIGHT HAND","ALWAYS WITH RIGHT HAND","ALWAYS WITH LEFT HAND","1: 1  CONDITION APPLIES","1: 1  CONDITION APPLIES","YES","MALE","FEMALE"
1982,64735,3,0,4,22000,5,184,2,2,5,3,2,4,2,1,2,2,1,6,3,8,1,1,27,20,"Female","Hispanic","West (AK, AZ, CA, CO, HI, ID, MT, NV, NM, OR, UT, WA, WY)","None","In CBSA, not in central city","NO","3: Mother","NO","NO","NO","NO","YES","0: 0  CONDITION DOES NOT APPLY","ALWAYS WITH RIGHT HAND","ALWAYS WITH RIGHT HAND","ALWAYS WITH RIGHT HAND","ALWAYS WITH RIGHT HAND","ALWAYS WITH LEFT HAND","1: 1  CONDITION APPLIES","1: 1  CONDITION APPLIES","YES","FEMALE","FEMALE"
1983,64735,3,2,2,33790,5,181,1,1,1,4,8,4,1,2,2,2,2,3,2,10,1,1,25,18,"Female","Non-Black / Non-Hispanic","South (AL, AR, DE, DC, FL, GA, KY, LA, MD, MS, NC, OK, SC, TN , TX, VA, WV)","GED","In CBSA, not in central city","NO","3: Mother","NO","NO","YES","NO","YES","0: 0  CONDITION DOES NOT APPLY","ALWAYS WITH RIGHT HAND","ALWAYS WITH RIGHT HAND","ALWAYS WITH RIGHT HAND","ALWAYS WITH RIGHT HAND","ALWAYS WITH LEFT HAND","1: 1  CONDITION APPLIES","1: 1  CONDITION APPLIES","NO","MALE","MALE"
1982,64735,2,3,1,33790,5,182,1,2,3,4,2,2,2,2,1,2,2,1,5,6,1,1,35,22,"Male","Hispanic","South (AL, AR, DE, DC, FL, GA, KY, LA, MD, MS, NC, OK, SC, TN , TX, VA, WV)","High school diploma (Regular 12 year program)","In CBSA, in central city","NO","3: Mother","YES","NO","YES","NO","NO","0: 0  CONDITION DOES NOT APPLY","ALWAYS WITH RIGHT HAND","USUALLY WITH BOTH HANDS EQUALLY","ALWAYS WITH RIGHT HAND","ALWAYS WITH RIGHT HAND","ALWAYS WITH RIGHT HAND","1: 1  CONDITION APPLIES","1: 1  CONDITION APPLIES","NO","FEMALE","MALE"
1982,74634,4,1,2,33790,6,183,1,1,2,3,3,3,2,2,1,2,1,7,2,3,1,1,32,22,"Male","Black","South (AL, AR, DE, DC, FL, GA, KY, LA, MD, MS, NC, OK, SC, TN , TX, VA, WV)","Associate/Junior college (AA)","In CBSA, not in central city","NO","3: Mother","NO","NO","NO","NO","YES","0: 0  CONDITION DOES NOT APPLY","ALWAYS WITH RIGHT HAND","ALWAYS WITH RIGHT HAND","ALWAYS WITH RIGHT HAND","ALWAYS WITH RIGHT HAND","ALWAYS WITH LEFT HAND","1: 1  CONDITION APPLIES","1: 1  CONDITION APPLIES","NO","MALE","MALE"
1982,64735,3,1,1,33790,5,140,1,1,4,3,6,1,2,2,1,2,1,7,2,7,1,1,34,23,"Female","Hispanic","West (AK, AZ, CA, CO, HI, ID, MT, NV, NM, OR, UT, WA, WY)","Bachelor's degree (BA, BS)","In CBSA, not in central city","NO","3: Mother","YES","NO","YES","NO","NO","0: 0  CONDITION DOES NOT APPLY","ALWAYS WITH RIGHT HAND","ALWAYS WITH RIGHT HAND","ALWAYS WITH RIGHT HAND","ALWAYS WITH RIGHT HAND","ALWAYS WITH LEFT HAND","1: 1  CONDITION APPLIES","1: 1  CONDITION APPLIES","YES","FEMALE","MALE"
1983,55000,3,0,1,33790,5,183,1,1,3,2,2,3,2,2,1,2,1,6,2,7,1,1,32,22,"Female","Black","West (AK, AZ, CA, CO, HI, ID, MT, NV, NM, OR, UT, WA, WY)","High school diploma (Regular 12 year program)","In CBSA, not in central city","NO","3: Mother","YES","NO","NO","NO","YES","0: 0  CONDITION DOES NOT APPLY","ALWAYS WITH RIGHT HAND","ALWAYS WITH RIGHT HAND","ALWAYS WITH RIGHT HAND","ALWAYS WITH RIGHT HAND","ALWAYS WITH LEFT HAND","1: 1  CONDITION APPLIES","1: 1  CONDITION APPLIES","NO","FEMALE","MALE"
1982,64735,4,0,3,33790,5,179,1,1,4,2,3,2,1,1,1,1,1,4,2,7,1,1,34,52,"Male","Hispanic","South (AL, AR, DE, DC, FL, GA, KY, LA, MD, MS, NC, OK, SC, TN , TX, VA, WV)","Associate/Junior college (AA)","Not in CBSA","YES","3: Mother","YES","NO","NO","NO","YES","0: 0  CONDITION DOES NOT APPLY","ALWAYS WITH RIGHT HAND","ALWAYS WITH RIGHT HAND","ALWAYS WITH RIGHT HAND","ALWAYS WITH RIGHT HAND","ALWAYS WITH LEFT HAND","1: 1  CONDITION APPLIES","1: 1  CONDITION APPLIES","NO","FEMALE","MALE"
1981,64735,3,0,2,33790,5,180,1,1,4,3,1,5,2,1,1,1,1,6,2,7,1,2,32,20,"Male","Hispanic","South (AL, AR, DE, DC, FL, GA, KY, LA, MD, MS, NC, OK, SC, TN , TX, VA, WV)","High school diploma (Regular 12 year program)","In CBSA, not in central city","NO","3: Mother","YES","YES","NO","NO","YES","1: 1  CONDITION APPLIES","ALWAYS WITH RIGHT HAND","ALWAYS WITH RIGHT HAND","ALWAYS WITH RIGHT HAND","ALWAYS WITH RIGHT HAND","ALWAYS WITH LEFT HAND","1: 1  CONDITION APPLIES","0: 0  CONDITION DOES NOT APPLY","NO","FEMALE","FEMALE"
1982,64735,4,1,2,33790,5,145,1,2,2,4,4,5,1,2,1,1,1,4,2,10,1,1,31,23,"Male","Mixed Race (Non-Hispanic)","West (AK, AZ, CA, CO, HI, ID, MT, NV, NM, OR, UT, WA, WY)","High school diploma (Regular 12 year program)","In CBSA, in central city","NO","3: Mother","NO","NO","NO","NO","YES","0: 0  CONDITION DOES NOT APPLY","ALWAYS WITH RIGHT HAND","ALWAYS WITH RIGHT HAND","ALWAYS WITH RIGHT HAND","ALWAYS WITH RIGHT HAND","ALWAYS WITH LEFT HAND","1: 1  CONDITION APPLIES","1: 1  CONDITION APPLIES","NO","FEMALE","FEMALE"
1983,64735,3,1,8,33790,5,149,1,2,2,2,1,3,2,2,2,1,2,2,2,7,1,1,30,20,"Female","Black","South (AL, AR, DE, DC, FL, GA, KY, LA, MD, MS, NC, OK, SC, TN , TX, VA, WV)","None","In CBSA, not in central city","NO","3: Mother","YES","YES","NO","NO","YES","0: 0  CONDITION DOES NOT APPLY","ALWAYS WITH RIGHT HAND","ALWAYS WITH RIGHT HAND","ALWAYS WITH RIGHT HAND","ALWAYS WITH RIGHT HAND","ALWAYS WITH RIGHT HAND","1: 1  CONDITION APPLIES","1: 1  CONDITION APPLIES","NO","MALE","FEMALE"
1980,64735,4,1,2,33790,5,185,2,2,2,3,2,5,2,1,2,1,1,4,2,6,1,1,31,21,"Male","Non-Black / Non-Hispanic","West (AK, AZ, CA, CO, HI, ID, MT, NV, NM, OR, UT, WA, WY)","High school diploma (Regular 12 year program)","In CBSA, not in central city","NO","3: Mother","YES","YES","NO","NO","YES","0: 0  CONDITION DOES NOT APPLY","ALWAYS WITH RIGHT HAND","ALWAYS WITH RIGHT HAND","USUALLY WITH BOTH HANDS EQUALLY","ALWAYS WITH RIGHT HAND","ALWAYS WITH LEFT HAND","1: 1  CONDITION APPLIES","1: 1  CONDITION APPLIES","NO","FEMALE","MALE"
1982,64735,3,0,2,33790,6,182,1,2,4,4,3,5,2,2,2,2,2,4,3,7,1,1,28,4,"Male","Hispanic","West (AK, AZ, CA, CO, HI, ID, MT, NV, NM, OR, UT, WA, WY)","None","In CBSA, not in central city","NO","3: Mother","YES","NO","YES","NO","YES","0: 0  CONDITION DOES NOT APPLY","ALWAYS WITH RIGHT HAND","ALWAYS WITH RIGHT HAND","ALWAYS WITH RIGHT HAND","ALWAYS WITH RIGHT HAND","ALWAYS WITH RIGHT HAND","1: 1  CONDITION APPLIES","1: 1  CONDITION APPLIES","YES","FEMALE","FEMALE"
1983,64735,3,1,1,33790,5,183,1,1,2,4,3,2,2,1,2,2,1,4,3,7,1,1,30,4,"Male","Hispanic","North Central (IL, IN, IA, KS, MI, MN, MO, NE, OH, ND, SD, WI)","High school diploma (Regular 12 year program)","In CBSA, not in central city","NO","3: Mother","NO","YES","NO","NO","YES","0: 0  CONDITION DOES NOT APPLY","ALWAYS WITH RIGHT HAND","ALWAYS WITH RIGHT HAND","ALWAYS WITH RIGHT HAND","ALWAYS WITH RIGHT HAND","ALWAYS WITH LEFT HAND","1: 1  CONDITION APPLIES","1: 1  CONDITION APPLIES","YES","FEMALE","FEMALE"
1984,7500,4,0,1,33790,5,183,1,1,4,4,3,3,2,1,1,2,1,1,1,7,1,1,27,21,"Male","Hispanic","West (AK, AZ, CA, CO, HI, ID, MT, NV, NM, OR, UT, WA, WY)","GED","In CBSA, not in central city","YES","3: Mother","YES","YES","YES","NO","NO","0: 0  CONDITION DOES NOT APPLY","ALWAYS WITH RIGHT HAND","ALWAYS WITH RIGHT HAND","ALWAYS WITH RIGHT HAND","ALWAYS WITH RIGHT HAND","ALWAYS WITH LEFT HAND","1: 1  CONDITION APPLIES","1: 1  CONDITION APPLIES","NO","MALE","MALE"
1983,64735,3,0,1,33790,5,186,1,1,2,4,3,5,1,2,1,2,2,3,2,6,1,1,32,16,"Male","Black","West (AK, AZ, CA, CO, HI, ID, MT, NV, NM, OR, UT, WA, WY)","High school diploma (Regular 12 year program)","In CBSA, in central city","NO","3: Mother","YES","NO","NO","NO","YES","0: 0  CONDITION DOES NOT APPLY","ALWAYS WITH RIGHT HAND","ALWAYS WITH RIGHT HAND","ALWAYS WITH RIGHT HAND","ALWAYS WITH RIGHT HAND","ALWAYS WITH LEFT HAND","0: 0  CONDITION DOES NOT APPLY","1: 1  CONDITION APPLIES","YES","FEMALE","FEMALE"
1983,64735,2,1,5,33790,5,182,2,1,1,4,5,2,2,2,2,2,1,4,2,8,1,1,31,20,"Male","Hispanic","West (AK, AZ, CA, CO, HI, ID, MT, NV, NM, OR, UT, WA, WY)","Bachelor's degree (BA, BS)","In CBSA, in central city","NO","3: Mother","NO","NO","NO","NO","YES","0: 0  CONDITION DOES NOT APPLY","ALWAYS WITH RIGHT HAND","ALWAYS WITH RIGHT HAND","ALWAYS WITH RIGHT HAND","ALWAYS WITH RIGHT HAND","USUALLY WITH BOTH HANDS EQUALLY","0: 0  CONDITION DOES NOT APPLY","1: 1  CONDITION APPLIES","NO","FEMALE","MALE"
1982,64735,5,1,3,33790,5,183,1,2,2,3,3,2,1,2,2,2,1,5,4,7,1,1,29,19,"Female","Hispanic","West (AK, AZ, CA, CO, HI, ID, MT, NV, NM, OR, UT, WA, WY)","High school diploma (Regular 12 year program)","In CBSA, in central city","NO","3: Mother","NO","NO","NO","NO","NO","0: 0  CONDITION DOES NOT APPLY","ALWAYS WITH RIGHT HAND","ALWAYS WITH RIGHT HAND","ALWAYS WITH LEFT HAND","ALWAYS WITH RIGHT HAND","ALWAYS WITH LEFT HAND","0: 0  CONDITION DOES NOT APPLY","1: 1  CONDITION APPLIES","NO","MALE","FEMALE"
1983,64735,4,1,1,33790,5,179,1,1,2,5,3,6,2,1,1,2,2,6,3,6,1,1,34,20,"Female","Hispanic","North Central (IL, IN, IA, KS, MI, MN, MO, NE, OH, ND, SD, WI)","GED","In CBSA, in central city","NO","3: Mother","YES","NO","NO","NO","YES","0: 0  CONDITION DOES NOT APPLY","ALWAYS WITH RIGHT HAND","ALWAYS WITH RIGHT HAND","ALWAYS WITH RIGHT HAND","ALWAYS WITH RIGHT HAND","ALWAYS WITH RIGHT HAND","0: 0  CONDITION DOES NOT APPLY","1: 1  CONDITION APPLIES","YES","FEMALE","MALE"
1986,64735,4,1,3,33790,5,180,1,1,3,6,3,2,2,1,1,1,1,5,2,7,1,1,55,29,"Female","Hispanic","West (AK, AZ, CA, CO, HI, ID, MT, NV, NM, OR, UT, WA, WY)","High school diploma (Regular 12 year program)","In CBSA, not in central city","YES","3: Mother","YES","NO","YES","NO","YES","0: 0  CONDITION DOES NOT APPLY","ALWAYS WITH RIGHT HAND","USUALLY WITH RIGHT HAND","ALWAYS WITH RIGHT HAND","ALWAYS WITH RIGHT HAND","ALWAYS WITH LEFT HAND","1: 1  CONDITION APPLIES","1: 1  CONDITION APPLIES","NO","FEMALE","MALE"
1982,64735,2,0,4,33790,5,181,1,2,4,6,3,4,2,2,1,2,1,3,1,9,1,1,30,26,"Female","Non-Black / Non-Hispanic","West (AK, AZ, CA, CO, HI, ID, MT, NV, NM, OR, UT, WA, WY)","Associate/Junior college (AA)","In CBSA, not in central city","NO","3: Mother","NO","YES","NO","NO","YES","0: 0  CONDITION DOES NOT APPLY","ALWAYS WITH RIGHT HAND","ALWAYS WITH RIGHT HAND","ALWAYS WITH RIGHT HAND","ALWAYS WITH RIGHT HAND","ALWAYS WITH LEFT HAND","1: 1  CONDITION APPLIES","1: 1  CONDITION APPLIES","NO","FEMALE","FEMALE"
1982,64735,3,1,3,33790,5,181,1,1,6,3,2,4,2,2,2,2,1,3,3,7,1,1,32,21,"Female","Black","South (AL, AR, DE, DC, FL, GA, KY, LA, MD, MS, NC, OK, SC, TN , TX, VA, WV)","None","In CBSA, not in central city","NO","3: Mother","YES","NO","NO","NO","YES","0: 0  CONDITION DOES NOT APPLY","ALWAYS WITH RIGHT HAND","ALWAYS WITH RIGHT HAND","ALWAYS WITH RIGHT HAND","ALWAYS WITH RIGHT HAND","ALWAYS WITH LEFT HAND","1: 1  CONDITION APPLIES","1: 1  CONDITION APPLIES","NO","MALE","MALE"
1980,64735,4,0,3,33790,5,183,1,2,3,3,3,2,2,2,2,2,2,6,3,7,2,1,28,19,"Male","Hispanic","South (AL, AR, DE, DC, FL, GA, KY, LA, MD, MS, NC, OK, SC, TN , TX, VA, WV)","High school diploma (Regular 12 year program)","In CBSA, in central city","NO","3: Mother","YES","NO","YES","NO","YES","0: 0  CONDITION DOES NOT APPLY","ALWAYS WITH RIGHT HAND","ALWAYS WITH RIGHT HAND","ALWAYS WITH RIGHT HAND","ALWAYS WITH RIGHT HAND","ALWAYS WITH LEFT HAND","1: 1  CONDITION APPLIES","1: 1  CONDITION APPLIES","YES","MALE","FEMALE"
1981,20000,6,1,5,33790,5,181,1,1,1,4,2,5,2,1,2,1,2,7,2,7,1,1,25,4,"Male","Non-Black / Non-Hispanic","West (AK, AZ, CA, CO, HI, ID, MT, NV, NM, OR, UT, WA, WY)","High school diploma (Regular 12 year program)","In CBSA, not in central city","NO","3: Mother","NO","YES","NO","NO","NO","0: 0  CONDITION DOES NOT APPLY","ALWAYS WITH RIGHT HAND","ALWAYS WITH RIGHT HAND","ALWAYS WITH RIGHT HAND","ALWAYS WITH RIGHT HAND","ALWAYS WITH LEFT HAND","0: 0  CONDITION DOES NOT APPLY","1: 1  CONDITION APPLIES","NO","FEMALE","FEMALE"
1981,64735,5,1,1,33790,5,182,1,2,3,4,1,4,2,2,1,2,2,6,2,7,1,1,28,17,"Female","Non-Black / Non-Hispanic","West (AK, AZ, CA, CO, HI, ID, MT, NV, NM, OR, UT, WA, WY)","High school diploma (Regular 12 year program)","In CBSA, not in central city","YES","3: Mother","NO","NO","NO","NO","YES","0: 0  CONDITION DOES NOT APPLY","DON'T DO THIS ACTIVITY","ALWAYS WITH RIGHT HAND","ALWAYS WITH RIGHT HAND","ALWAYS WITH RIGHT HAND","ALWAYS WITH LEFT HAND","1: 1  CONDITION APPLIES","1: 1  CONDITION APPLIES","YES","FEMALE","FEMALE"
1982,64735,5,0,1,33790,5,179,1,1,2,3,2,3,2,2,1,2,2,2,3,7,1,1,32,21,"Male","Hispanic","South (AL, AR, DE, DC, FL, GA, KY, LA, MD, MS, NC, OK, SC, TN , TX, VA, WV)","None","In CBSA, not in central city","NO","3: Mother","YES","YES","NO","NO","NO","1: 1  CONDITION APPLIES","ALWAYS WITH RIGHT HAND","ALWAYS WITH RIGHT HAND","ALWAYS WITH RIGHT HAND","ALWAYS WITH RIGHT HAND","ALWAYS WITH LEFT HAND","1: 1  CONDITION APPLIES","1: 1  CONDITION APPLIES","YES","FEMALE","FEMALE"
1984,64735,4,0,1,33790,5,181,1,1,2,3,4,1,2,2,2,1,2,4,4,7,1,1,62,32,"Male","Hispanic","West (AK, AZ, CA, CO, HI, ID, MT, NV, NM, OR, UT, WA, WY)","GED","In CBSA, in central city","YES","3: Mother","YES","NO","NO","NO","NO","0: 0  CONDITION DOES NOT APPLY","ALWAYS WITH RIGHT HAND","ALWAYS WITH RIGHT HAND","ALWAYS WITH RIGHT HAND","ALWAYS WITH RIGHT HAND","ALWAYS WITH LEFT HAND","1: 1  CONDITION APPLIES","0: 0  CONDITION DOES NOT APPLY","NO","FEMALE","MALE"
1985,64735,4,0,1,33790,5,167,1,1,3,5,2,2,2,2,1,1,1,6,7,8,1,1,31,22,"Male","Hispanic","West (AK, AZ, CA, CO, HI, ID, MT, NV, NM, OR, UT, WA, WY)","GED","In CBSA, not in central city","NO","3: Mother","YES","NO","YES","NO","YES","0: 0  CONDITION DOES NOT APPLY","ALWAYS WITH RIGHT HAND","ALWAYS WITH RIGHT HAND","ALWAYS WITH RIGHT HAND","ALWAYS WITH RIGHT HAND","ALWAYS WITH LEFT HAND","0: 0  CONDITION DOES NOT APPLY","1: 1  CONDITION APPLIES","YES","FEMALE","MALE"
1980,64735,5,0,1,33790,5,181,1,1,2,3,1,5,1,2,1,2,1,1,6,8,1,1,33,20,"Female","Non-Black / Non-Hispanic","West (AK, AZ, CA, CO, HI, ID, MT, NV, NM, OR, UT, WA, WY)","Bachelor's degree (BA, BS)","In CBSA, not in central city","NO","3: Mother","YES","NO","YES","NO","YES","0: 0  CONDITION DOES NOT APPLY","ALWAYS WITH LEFT HAND","ALWAYS WITH LEFT HAND","ALWAYS WITH LEFT HAND","ALWAYS WITH LEFT HAND","ALWAYS WITH RIGHT HAND","1: 1  CONDITION APPLIES","1: 1  CONDITION APPLIES","NO","FEMALE","MALE"
1981,64735,3,1,8,33790,5,181,1,2,3,3,5,5,2,2,1,2,2,6,2,6,1,1,3,8,"Female","Non-Black / Non-Hispanic","South (AL, AR, DE, DC, FL, GA, KY, LA, MD, MS, NC, OK, SC, TN , TX, VA, WV)","High school diploma (Regular 12 year program)","In CBSA, not in central city","NO","3: Mother","YES","NO","NO","NO","NO","0: 0  CONDITION DOES NOT APPLY","ALWAYS WITH RIGHT HAND","ALWAYS WITH RIGHT HAND","ALWAYS WITH RIGHT HAND","ALWAYS WITH RIGHT HAND","ALWAYS WITH LEFT HAND","1: 1  CONDITION APPLIES","1: 1  CONDITION APPLIES","YES","FEMALE","FEMALE"
1983,64735,3,0,1,33790,5,184,1,2,4,4,5,3,2,2,2,2,2,4,5,8,1,3,32,24,"Male","Hispanic","West (AK, AZ, CA, CO, HI, ID, MT, NV, NM, OR, UT, WA, WY)","High school diploma (Regular 12 year program)","In CBSA, in central city","NO","3: Mother","NO","NO","NO","NO","NO","0: 0  CONDITION DOES NOT APPLY","ALWAYS WITH RIGHT HAND","ALWAYS WITH LEFT HAND","ALWAYS WITH RIGHT HAND","ALWAYS WITH RIGHT HAND","ALWAYS WITH LEFT HAND","1: 1  CONDITION APPLIES","0: 0  CONDITION DOES NOT APPLY","YES","FEMALE","FEMALE"
1984,64735,3,1,3,33790,6,183,1,1,1,4,3,4,2,2,1,1,1,4,3,7,1,1,31,22,"Female","Black","South (AL, AR, DE, DC, FL, GA, KY, LA, MD, MS, NC, OK, SC, TN , TX, VA, WV)","High school diploma (Regular 12 year program)","In CBSA, not in central city","NO","3: Mother","YES","NO","YES","NO","YES","1: 1  CONDITION APPLIES","ALWAYS WITH RIGHT HAND","ALWAYS WITH RIGHT HAND","ALWAYS WITH RIGHT HAND","ALWAYS WITH RIGHT HAND","ALWAYS WITH LEFT HAND","1: 1  CONDITION APPLIES","1: 1  CONDITION APPLIES","YES","MALE","MALE"
1984,64735,4,0,2,33790,5,182,1,1,2,2,4,4,2,2,1,2,1,9,2,6,1,1,31,19,"Male","Non-Black / Non-Hispanic","West (AK, AZ, CA, CO, HI, ID, MT, NV, NM, OR, UT, WA, WY)","Bachelor's degree (BA, BS)","In CBSA, not in central city","NO","3: Mother","NO","NO","YES","NO","YES","0: 0  CONDITION DOES NOT APPLY","ALWAYS WITH RIGHT HAND","ALWAYS WITH RIGHT HAND","ALWAYS WITH RIGHT HAND","ALWAYS WITH RIGHT HAND","ALWAYS WITH LEFT HAND","0: 0  CONDITION DOES NOT APPLY","1: 1  CONDITION APPLIES","NO","FEMALE","MALE"
1981,166000,6,0,3,33790,5,182,1,1,2,4,3,2,2,1,1,2,1,2,3,7,1,1,22,22,"Female","Non-Black / Non-Hispanic","West (AK, AZ, CA, CO, HI, ID, MT, NV, NM, OR, UT, WA, WY)","High school diploma (Regular 12 year program)","In CBSA, not in central city","NO","3: Mother","NO","YES","NO","NO","YES","0: 0  CONDITION DOES NOT APPLY","ALWAYS WITH RIGHT HAND","ALWAYS WITH RIGHT HAND","ALWAYS WITH RIGHT HAND","ALWAYS WITH RIGHT HAND","ALWAYS WITH LEFT HAND","1: 1  CONDITION APPLIES","1: 1  CONDITION APPLIES","NO","FEMALE","MALE"
1984,64735,3,1,4,33790,5,182,1,1,1,3,4,4,2,2,2,2,2,5,3,8,1,1,32,20,"Male","Hispanic","South (AL, AR, DE, DC, FL, GA, KY, LA, MD, MS, NC, OK, SC, TN , TX, VA, WV)","High school diploma (Regular 12 year program)","In CBSA, not in central city","NO","3: Mother","NO","YES","NO","NO","YES","0: 0  CONDITION DOES NOT APPLY","ALWAYS WITH RIGHT HAND","ALWAYS WITH RIGHT HAND","ALWAYS WITH RIGHT HAND","ALWAYS WITH RIGHT HAND","ALWAYS WITH LEFT HAND","1: 1  CONDITION APPLIES","1: 1  CONDITION APPLIES","YES","FEMALE","FEMALE"
1985,36000,2,1,8,33790,5,181,1,2,5,4,3,5,1,2,2,2,2,3,1,5,1,3,7,13,"Female","Hispanic","North Central (IL, IN, IA, KS, MI, MN, MO, NE, OH, ND, SD, WI)","Associate/Junior college (AA)","In CBSA, not in central city","NO","3: Mother","YES","NO","NO","NO","YES","0: 0  CONDITION DOES NOT APPLY","ALWAYS WITH RIGHT HAND","USUALLY WITH BOTH HANDS EQUALLY","ALWAYS WITH RIGHT HAND","ALWAYS WITH RIGHT HAND","ALWAYS WITH LEFT HAND","1: 1  CONDITION APPLIES","1: 1  CONDITION APPLIES","YES","MALE","FEMALE"
1982,64735,4,1,3,33790,5,182,1,2,2,4,2,2,1,2,1,2,1,6,4,7,1,1,26,4,"Male","Non-Black / Non-Hispanic","South (AL, AR, DE, DC, FL, GA, KY, LA, MD, MS, NC, OK, SC, TN , TX, VA, WV)","High school diploma (Regular 12 year program)","In CBSA, not in central city","NO","3: Mother","NO","NO","NO","NO","YES","1: 1  CONDITION APPLIES","ALWAYS WITH RIGHT HAND","ALWAYS WITH RIGHT HAND","ALWAYS WITH RIGHT HAND","ALWAYS WITH RIGHT HAND","USUALLY WITH LEFT HAND","1: 1  CONDITION APPLIES","1: 1  CONDITION APPLIES","NO","FEMALE","FEMALE"
1982,64735,4,1,6,33790,5,182,1,1,4,3,2,4,1,2,1,2,2,6,2,6,1,1,31,20,"Male","Hispanic","Northeast (CT, ME, MA, NH, NJ, NY, PA, RI, VT)","Bachelor's degree (BA, BS)","In CBSA, not in central city","NO","3: Mother","YES","NO","YES","NO","YES","0: 0  CONDITION DOES NOT APPLY","ALWAYS WITH RIGHT HAND","ALWAYS WITH RIGHT HAND","ALWAYS WITH RIGHT HAND","ALWAYS WITH RIGHT HAND","ALWAYS WITH LEFT HAND","1: 1  CONDITION APPLIES","1: 1  CONDITION APPLIES","NO","FEMALE","FEMALE"
1980,64735,5,0,3,33790,5,183,2,2,5,4,2,2,2,1,1,1,1,6,2,7,1,1,33,21,"Female","Hispanic","West (AK, AZ, CA, CO, HI, ID, MT, NV, NM, OR, UT, WA, WY)","Bachelor's degree (BA, BS)","In CBSA, not in central city","NO","3: Mother","YES","NO","NO","YES","YES","0: 0  CONDITION DOES NOT APPLY","ALWAYS WITH RIGHT HAND","ALWAYS WITH RIGHT HAND","ALWAYS WITH RIGHT HAND","ALWAYS WITH RIGHT HAND","ALWAYS WITH LEFT HAND","1: 1  CONDITION APPLIES","1: 1  CONDITION APPLIES","YES","FEMALE","FEMALE"
1983,64735,3,0,2,33790,5,185,1,2,2,4,2,3,2,2,1,2,1,3,3,7,2,1,34,22,"Female","Hispanic","South (AL, AR, DE, DC, FL, GA, KY, LA, MD, MS, NC, OK, SC, TN , TX, VA, WV)","Master's degree (MA, MS)","In CBSA, not in central city","NO","3: Mother","YES","NO","NO","NO","YES","0: 0  CONDITION DOES NOT APPLY","ALWAYS WITH RIGHT HAND","ALWAYS WITH RIGHT HAND","ALWAYS WITH RIGHT HAND","ALWAYS WITH RIGHT HAND","USUALLY WITH BOTH HANDS EQUALLY","1: 1  CONDITION APPLIES","1: 1  CONDITION APPLIES","YES","FEMALE","FEMALE"
1981,35000,4,0,1,33790,5,179,1,3,1,2,2,2,2,2,2,2,1,6,3,5,1,1,61,33,"Male","Hispanic","West (AK, AZ, CA, CO, HI, ID, MT, NV, NM, OR, UT, WA, WY)","High school diploma (Regular 12 year program)","In CBSA, not in central city","YES","3: Mother","YES","NO","NO","NO","YES","0: 0  CONDITION DOES NOT APPLY","ALWAYS WITH RIGHT HAND","ALWAYS WITH RIGHT HAND","ALWAYS WITH RIGHT HAND","ALWAYS WITH RIGHT HAND","ALWAYS WITH RIGHT HAND","0: 0  CONDITION DOES NOT APPLY","1: 1  CONDITION APPLIES","YES","FEMALE","FEMALE"
1982,25000,3,0,3,33790,5,184,1,2,2,5,3,3,2,2,1,2,1,5,5,6,1,1,30,22,"Male","Black","South (AL, AR, DE, DC, FL, GA, KY, LA, MD, MS, NC, OK, SC, TN , TX, VA, WV)","GED","In CBSA, in central city","NO","3: Mother","YES","NO","NO","NO","YES","0: 0  CONDITION DOES NOT APPLY","ALWAYS WITH RIGHT HAND","ALWAYS WITH RIGHT HAND","ALWAYS WITH RIGHT HAND","ALWAYS WITH RIGHT HAND","ALWAYS WITH LEFT HAND","1: 1  CONDITION APPLIES","1: 1  CONDITION APPLIES","NO","FEMALE","MALE"
1983,64735,1,1,3,33790,6,185,1,2,2,3,2,3,1,2,1,1,1,4,4,5,1,1,32,17,"Male","Black","South (AL, AR, DE, DC, FL, GA, KY, LA, MD, MS, NC, OK, SC, TN , TX, VA, WV)","High school diploma (Regular 12 year program)","In CBSA, in central city","NO","3: Mother","NO","YES","NO","NO","YES","0: 0  CONDITION DOES NOT APPLY","ALWAYS WITH RIGHT HAND","ALWAYS WITH RIGHT HAND","ALWAYS WITH RIGHT HAND","ALWAYS WITH LEFT HAND","ALWAYS WITH LEFT HAND","1: 1  CONDITION APPLIES","0: 0  CONDITION DOES NOT APPLY","NO","FEMALE","FEMALE"
1980,64735,3,0,1,33790,5,184,1,1,4,3,6,4,2,2,2,1,1,3,1,8,1,1,33,43,"Female","Black","North Central (IL, IN, IA, KS, MI, MN, MO, NE, OH, ND, SD, WI)","GED","In CBSA, in central city","YES","3: Mother","YES","NO","NO","NO","YES","0: 0  CONDITION DOES NOT APPLY","ALWAYS WITH LEFT HAND","ALWAYS WITH LEFT HAND","ALWAYS WITH LEFT HAND","ALWAYS WITH RIGHT HAND","ALWAYS WITH LEFT HAND","1: 1  CONDITION APPLIES","1: 1  CONDITION APPLIES","NO","FEMALE","FEMALE"
1980,75000,3,0,2,33790,5,184,1,1,2,6,3,5,2,1,1,2,1,4,2,6,1,1,28,3,"Female","Non-Black / Non-Hispanic","South (AL, AR, DE, DC, FL, GA, KY, LA, MD, MS, NC, OK, SC, TN , TX, VA, WV)","High school diploma (Regular 12 year program)","In CBSA, not in central city","NO","3: Mother","NO","NO","NO","NO","YES","0: 0  CONDITION DOES NOT APPLY","ALWAYS WITH RIGHT HAND","ALWAYS WITH RIGHT HAND","ALWAYS WITH RIGHT HAND","ALWAYS WITH RIGHT HAND","ALWAYS WITH LEFT HAND","1: 1  CONDITION APPLIES","1: 1  CONDITION APPLIES","NO","FEMALE","FEMALE"
1981,64735,4,1,2,33790,5,205,1,1,2,3,4,2,2,2,1,2,1,6,3,6,1,1,28,19,"Female","Black","South (AL, AR, DE, DC, FL, GA, KY, LA, MD, MS, NC, OK, SC, TN , TX, VA, WV)","High school diploma (Regular 12 year program)","In CBSA, not in central city","NO","3: Mother","YES","YES","YES","NO","YES","0: 0  CONDITION DOES NOT APPLY","ALWAYS WITH RIGHT HAND","ALWAYS WITH RIGHT HAND","ALWAYS WITH RIGHT HAND","ALWAYS WITH RIGHT HAND","ALWAYS WITH LEFT HAND","0: 0  CONDITION DOES NOT APPLY","1: 1  CONDITION APPLIES","NO","FEMALE","MALE"
1983,64735,4,1,3,33790,6,184,2,1,3,4,2,5,2,1,2,2,2,5,4,5,1,1,29,19,"Male","Black","South (AL, AR, DE, DC, FL, GA, KY, LA, MD, MS, NC, OK, SC, TN , TX, VA, WV)","High school diploma (Regular 12 year program)","In CBSA, in central city","NO","3: Mother","YES","YES","NO","NO","YES","0: 0  CONDITION DOES NOT APPLY","ALWAYS WITH LEFT HAND","USUALLY WITH BOTH HANDS EQUALLY","ALWAYS WITH RIGHT HAND","ALWAYS WITH RIGHT HAND","ALWAYS WITH RIGHT HAND","1: 1  CONDITION APPLIES","1: 1  CONDITION APPLIES","NO","FEMALE","MALE"
1981,64735,3,0,3,33790,5,180,1,1,2,4,2,4,2,2,1,1,1,6,1,8,1,1,11,13,"Female","Black","South (AL, AR, DE, DC, FL, GA, KY, LA, MD, MS, NC, OK, SC, TN , TX, VA, WV)","High school diploma (Regular 12 year program)","In CBSA, not in central city","NO","3: Mother","NO","NO","NO","NO","NO","0: 0  CONDITION DOES NOT APPLY","ALWAYS WITH RIGHT HAND","ALWAYS WITH RIGHT HAND","ALWAYS WITH RIGHT HAND","ALWAYS WITH RIGHT HAND","ALWAYS WITH LEFT HAND","1: 1  CONDITION APPLIES","1: 1  CONDITION APPLIES","NO","MALE","FEMALE"
1983,64735,3,1,6,33790,5,183,1,2,2,3,1,4,2,2,2,2,1,2,1,7,1,1,29,24,"Male","Black","West (AK, AZ, CA, CO, HI, ID, MT, NV, NM, OR, UT, WA, WY)","High school diploma (Regular 12 year program)","In CBSA, in central city","NO","3: Mother","YES","YES","NO","NO","YES","0: 0  CONDITION DOES NOT APPLY","ALWAYS WITH RIGHT HAND","ALWAYS WITH RIGHT HAND","ALWAYS WITH RIGHT HAND","ALWAYS WITH RIGHT HAND","USUALLY WITH BOTH HANDS EQUALLY","1: 1  CONDITION APPLIES","1: 1  CONDITION APPLIES","NO","FEMALE","MALE"
1982,64735,4,1,6,585,5,185,1,2,3,3,2,4,2,2,2,1,1,3,3,6,1,1,33,25,"Male","Hispanic","South (AL, AR, DE, DC, FL, GA, KY, LA, MD, MS, NC, OK, SC, TN , TX, VA, WV)","None","In CBSA, in central city","YES","3: Mother","NO","NO","NO","NO","YES","0: 0  CONDITION DOES NOT APPLY","ALWAYS WITH RIGHT HAND","ALWAYS WITH RIGHT HAND","ALWAYS WITH RIGHT HAND","ALWAYS WITH RIGHT HAND","ALWAYS WITH LEFT HAND","1: 1  CONDITION APPLIES","1: 1  CONDITION APPLIES","NO","FEMALE","MALE"
1980,64735,3,2,1,33790,5,170,1,2,3,4,3,2,2,2,2,1,1,6,3,6,3,1,33,21,"Male","Black","South (AL, AR, DE, DC, FL, GA, KY, LA, MD, MS, NC, OK, SC, TN , TX, VA, WV)","Bachelor's degree (BA, BS)","In CBSA, not in central city","YES","3: Mother","YES","NO","NO","NO","NO","0: 0  CONDITION DOES NOT APPLY","ALWAYS WITH RIGHT HAND","ALWAYS WITH RIGHT HAND","ALWAYS WITH RIGHT HAND","ALWAYS WITH RIGHT HAND","ALWAYS WITH LEFT HAND","1: 1  CONDITION APPLIES","1: 1  CONDITION APPLIES","NO","FEMALE","FEMALE"
1982,31750,4,0,1,10000,5,183,1,1,3,4,3,4,2,2,2,1,1,1,2,7,1,3,33,23,"Male","Hispanic","South (AL, AR, DE, DC, FL, GA, KY, LA, MD, MS, NC, OK, SC, TN , TX, VA, WV)","None","In CBSA, not in central city","NO","3: Mother","NO","YES","NO","NO","YES","0: 0  CONDITION DOES NOT APPLY","ALWAYS WITH RIGHT HAND","USUALLY WITH RIGHT HAND","ALWAYS WITH RIGHT HAND","USUALLY WITH BOTH HANDS EQUALLY","ALWAYS WITH LEFT HAND","1: 1  CONDITION APPLIES","1: 1  CONDITION APPLIES","NO","FEMALE","MALE"
1984,64735,6,2,2,3000,5,184,2,2,3,8,2,5,2,1,1,2,2,3,3,6,1,1,32,22,"Male","Hispanic","South (AL, AR, DE, DC, FL, GA, KY, LA, MD, MS, NC, OK, SC, TN , TX, VA, WV)","High school diploma (Regular 12 year program)","In CBSA, not in central city","YES","3: Mother","YES","YES","NO","YES","YES","0: 0  CONDITION DOES NOT APPLY","ALWAYS WITH RIGHT HAND","ALWAYS WITH RIGHT HAND","ALWAYS WITH RIGHT HAND","ALWAYS WITH RIGHT HAND","DON'T DO THIS ACTIVITY","1: 1  CONDITION APPLIES","1: 1  CONDITION APPLIES","YES","MALE","FEMALE"
1982,64735,3,0,2,57000,5,275,1,1,3,5,7,5,1,2,1,2,1,6,1,5,1,1,31,24,"Male","Non-Black / Non-Hispanic","South (AL, AR, DE, DC, FL, GA, KY, LA, MD, MS, NC, OK, SC, TN , TX, VA, WV)","High school diploma (Regular 12 year program)","In CBSA, not in central city","YES","3: Mother","YES","YES","NO","NO","NO","0: 0  CONDITION DOES NOT APPLY","ALWAYS WITH RIGHT HAND","ALWAYS WITH RIGHT HAND","ALWAYS WITH RIGHT HAND","ALWAYS WITH RIGHT HAND","ALWAYS WITH LEFT HAND","1: 1  CONDITION APPLIES","1: 1  CONDITION APPLIES","NO","FEMALE","MALE"
1982,64735,3,1,3,33790,5,185,2,1,6,4,2,4,2,2,2,2,1,5,3,8,1,1,6,33,"Female","Black","Northeast (CT, ME, MA, NH, NJ, NY, PA, RI, VT)","High school diploma (Regular 12 year program)","In CBSA, not in central city","NO","3: Mother","YES","YES","YES","NO","YES","0: 0  CONDITION DOES NOT APPLY","ALWAYS WITH RIGHT HAND","ALWAYS WITH RIGHT HAND","ALWAYS WITH RIGHT HAND","ALWAYS WITH LEFT HAND","ALWAYS WITH LEFT HAND","1: 1  CONDITION APPLIES","1: 1  CONDITION APPLIES","NO","FEMALE","MALE"
1984,64735,4,0,4,33790,5,183,1,1,2,4,2,2,2,2,1,1,2,6,1,8,1,1,30,23,"Male","Hispanic","West (AK, AZ, CA, CO, HI, ID, MT, NV, NM, OR, UT, WA, WY)","None","In CBSA, in central city","NO","3: Mother","NO","YES","NO","NO","NO","0: 0  CONDITION DOES NOT APPLY","DON'T DO THIS ACTIVITY","ALWAYS WITH RIGHT HAND","ALWAYS WITH RIGHT HAND","ALWAYS WITH RIGHT HAND","ALWAYS WITH LEFT HAND","1: 1  CONDITION APPLIES","1: 1  CONDITION APPLIES","NO","FEMALE","MALE"
1980,64735,4,0,1,69000,5,179,1,2,2,2,7,7,1,2,2,2,2,2,1,7,1,1,39,23,"Female","Non-Black / Non-Hispanic","South (AL, AR, DE, DC, FL, GA, KY, LA, MD, MS, NC, OK, SC, TN , TX, VA, WV)","None","In CBSA, in central city","NO","3: Mother","YES","YES","YES","NO","YES","0: 0  CONDITION DOES NOT APPLY","ALWAYS WITH RIGHT HAND","ALWAYS WITH RIGHT HAND","USUALLY WITH BOTH HANDS EQUALLY","ALWAYS WITH RIGHT HAND","ALWAYS WITH RIGHT HAND","1: 1  CONDITION APPLIES","0: 0  CONDITION DOES NOT APPLY","YES","FEMALE","FEMALE"
1984,64735,4,0,2,33790,5,180,1,1,2,5,6,2,2,2,2,2,1,7,1,5,1,1,64,33,"Male","Hispanic","South (AL, AR, DE, DC, FL, GA, KY, LA, MD, MS, NC, OK, SC, TN , TX, VA, WV)","High school diploma (Regular 12 year program)","In CBSA, not in central city","YES","3: Mother","YES","YES","NO","NO","YES","0: 0  CONDITION DOES NOT APPLY","ALWAYS WITH RIGHT HAND","USUALLY WITH RIGHT HAND","USUALLY WITH RIGHT HAND","USUALLY WITH RIGHT HAND","USUALLY WITH RIGHT HAND","1: 1  CONDITION APPLIES","1: 1  CONDITION APPLIES","NO","FEMALE","MALE"
1982,64735,3,0,1,33790,6,182,1,1,2,2,3,6,1,1,2,1,2,2,2,8,1,1,34,22,"Female","Non-Black / Non-Hispanic","West (AK, AZ, CA, CO, HI, ID, MT, NV, NM, OR, UT, WA, WY)","Professional degree (DDS, JD, MD)","In CBSA, not in central city","NO","3: Mother","YES","YES","NO","NO","NO","1: 1  CONDITION APPLIES","ALWAYS WITH RIGHT HAND","ALWAYS WITH RIGHT HAND","ALWAYS WITH RIGHT HAND","ALWAYS WITH RIGHT HAND","ALWAYS WITH RIGHT HAND","1: 1  CONDITION APPLIES","0: 0  CONDITION DOES NOT APPLY","NO","MALE","FEMALE"
1981,64735,3,1,1,33790,5,186,2,1,1,5,2,1,2,2,1,2,2,6,3,6,1,1,32,19,"Female","Hispanic","South (AL, AR, DE, DC, FL, GA, KY, LA, MD, MS, NC, OK, SC, TN , TX, VA, WV)","High school diploma (Regular 12 year program)","In CBSA, not in central city","NO","3: Mother","YES","NO","NO","NO","YES","0: 0  CONDITION DOES NOT APPLY","ALWAYS WITH RIGHT HAND","ALWAYS WITH RIGHT HAND","ALWAYS WITH RIGHT HAND","ALWAYS WITH RIGHT HAND","ALWAYS WITH LEFT HAND","1: 1  CONDITION APPLIES","1: 1  CONDITION APPLIES","YES","MALE","FEMALE"
1981,64735,4,1,1,33790,5,183,1,2,1,4,2,9,1,1,1,1,1,4,2,6,1,1,30,19,"Female","Hispanic","West (AK, AZ, CA, CO, HI, ID, MT, NV, NM, OR, UT, WA, WY)","High school diploma (Regular 12 year program)","In CBSA, in central city","NO","3: Mother","NO","YES","NO","NO","NO","0: 0  CONDITION DOES NOT APPLY","ALWAYS WITH RIGHT HAND","USUALLY WITH RIGHT HAND","ALWAYS WITH RIGHT HAND","ALWAYS WITH RIGHT HAND","ALWAYS WITH LEFT HAND","1: 1  CONDITION APPLIES","1: 1  CONDITION APPLIES","YES","MALE","FEMALE"
1983,64735,4,1,2,33790,5,186,1,2,2,4,3,3,2,2,1,2,1,2,4,6,1,1,30,19,"Male","Non-Black / Non-Hispanic","South (AL, AR, DE, DC, FL, GA, KY, LA, MD, MS, NC, OK, SC, TN , TX, VA, WV)","High school diploma (Regular 12 year program)","In CBSA, in central city","YES","3: Mother","NO","YES","NO","NO","YES","0: 0  CONDITION DOES NOT APPLY","ALWAYS WITH RIGHT HAND","ALWAYS WITH RIGHT HAND","ALWAYS WITH RIGHT HAND","ALWAYS WITH RIGHT HAND","ALWAYS WITH LEFT HAND","1: 1  CONDITION APPLIES","0: 0  CONDITION DOES NOT APPLY","NO","FEMALE","MALE"
1981,64735,2,0,1,33790,5,275,2,3,4,4,4,6,2,2,1,1,1,1,3,7,1,1,31,21,"Male","Hispanic","West (AK, AZ, CA, CO, HI, ID, MT, NV, NM, OR, UT, WA, WY)","High school diploma (Regular 12 year program)","In CBSA, not in central city","NO","3: Mother","YES","NO","YES","NO","NO","0: 0  CONDITION DOES NOT APPLY","ALWAYS WITH RIGHT HAND","ALWAYS WITH RIGHT HAND","ALWAYS WITH RIGHT HAND","ALWAYS WITH RIGHT HAND","ALWAYS WITH LEFT HAND","1: 1  CONDITION APPLIES","1: 1  CONDITION APPLIES","YES","FEMALE","MALE"
1982,64735,3,0,3,33790,6,187,1,2,1,4,2,3,2,2,1,1,1,6,1,5,1,1,31,23,"Male","Non-Black / Non-Hispanic","South (AL, AR, DE, DC, FL, GA, KY, LA, MD, MS, NC, OK, SC, TN , TX, VA, WV)","High school diploma (Regular 12 year program)","In CBSA, not in central city","NO","3: Mother","YES","NO","NO","NO","YES","0: 0  CONDITION DOES NOT APPLY","ALWAYS WITH RIGHT HAND","ALWAYS WITH RIGHT HAND","ALWAYS WITH RIGHT HAND","ALWAYS WITH RIGHT HAND","ALWAYS WITH LEFT HAND","1: 1  CONDITION APPLIES","1: 1  CONDITION APPLIES","NO","FEMALE","MALE"
1982,64735,3,0,2,33790,5,181,1,1,2,2,2,2,1,1,2,2,1,2,3,7,1,1,35,21,"Female","Hispanic","South (AL, AR, DE, DC, FL, GA, KY, LA, MD, MS, NC, OK, SC, TN , TX, VA, WV)","None","In CBSA, in central city","NO","3: Mother","NO","YES","NO","NO","YES","0: 0  CONDITION DOES NOT APPLY","ALWAYS WITH RIGHT HAND","ALWAYS WITH RIGHT HAND","ALWAYS WITH RIGHT HAND","ALWAYS WITH RIGHT HAND","ALWAYS WITH LEFT HAND","1: 1  CONDITION APPLIES","1: 1  CONDITION APPLIES","NO","FEMALE","FEMALE"
1982,64735,3,0,1,33790,5,182,1,1,2,4,3,3,2,1,1,2,1,6,1,7,1,1,31,23,"Female","Black","West (AK, AZ, CA, CO, HI, ID, MT, NV, NM, OR, UT, WA, WY)","High school diploma (Regular 12 year program)","In CBSA, in central city","NO","3: Mother","NO","YES","NO","NO","YES","0: 0  CONDITION DOES NOT APPLY","ALWAYS WITH RIGHT HAND","ALWAYS WITH RIGHT HAND","ALWAYS WITH RIGHT HAND","ALWAYS WITH RIGHT HAND","USUALLY WITH BOTH HANDS EQUALLY","1: 1  CONDITION APPLIES","1: 1  CONDITION APPLIES","NO","FEMALE","MALE"
1981,64735,5,1,3,36000,5,182,1,2,2,4,2,4,2,2,2,2,1,3,2,8,1,1,25,16,"Female","Non-Black / Non-Hispanic","South (AL, AR, DE, DC, FL, GA, KY, LA, MD, MS, NC, OK, SC, TN , TX, VA, WV)","High school diploma (Regular 12 year program)","In CBSA, not in central city","NO","3: Mother","NO","NO","NO","NO","YES","0: 0  CONDITION DOES NOT APPLY","ALWAYS WITH RIGHT HAND","ALWAYS WITH RIGHT HAND","ALWAYS WITH RIGHT HAND","ALWAYS WITH RIGHT HAND","ALWAYS WITH LEFT HAND","1: 1  CONDITION APPLIES","1: 1  CONDITION APPLIES","YES","MALE","MALE"
1985,64735,1,1,3,33790,5,188,3,3,1,5,1,2,2,2,1,1,2,5,1,5,1,2,29,19,"Female","Hispanic","South (AL, AR, DE, DC, FL, GA, KY, LA, MD, MS, NC, OK, SC, TN , TX, VA, WV)","High school diploma (Regular 12 year program)","In CBSA, in central city","YES","3: Mother","NO","YES","NO","YES","NO","0: 0  CONDITION DOES NOT APPLY","ALWAYS WITH RIGHT HAND","USUALLY WITH BOTH HANDS EQUALLY","ALWAYS WITH RIGHT HAND","ALWAYS WITH RIGHT HAND","USUALLY WITH BOTH HANDS EQUALLY","1: 1  CONDITION APPLIES","1: 1  CONDITION APPLIES","YES","FEMALE","FEMALE"
1984,64735,3,1,4,10000,5,182,1,1,4,4,2,2,2,2,2,2,1,2,2,7,1,1,58,28,"Male","Black","South (AL, AR, DE, DC, FL, GA, KY, LA, MD, MS, NC, OK, SC, TN , TX, VA, WV)","High school diploma (Regular 12 year program)","In CBSA, not in central city","YES","3: Mother","NO","YES","NO","NO","NO","0: 0  CONDITION DOES NOT APPLY","ALWAYS WITH RIGHT HAND","ALWAYS WITH RIGHT HAND","ALWAYS WITH RIGHT HAND","ALWAYS WITH RIGHT HAND","USUALLY WITH BOTH HANDS EQUALLY","1: 1  CONDITION APPLIES","1: 1  CONDITION APPLIES","NO","FEMALE","MALE"
1980,65250,2,0,2,33790,5,185,1,2,2,4,4,5,2,2,1,2,1,3,2,6,1,1,30,15,"Male","Non-Black / Non-Hispanic","North Central (IL, IN, IA, KS, MI, MN, MO, NE, OH, ND, SD, WI)","High school diploma (Regular 12 year program)","In CBSA, not in central city","NO","3: Mother","YES","NO","NO","NO","YES","0: 0  CONDITION DOES NOT APPLY","ALWAYS WITH RIGHT HAND","ALWAYS WITH RIGHT HAND","ALWAYS WITH RIGHT HAND","ALWAYS WITH RIGHT HAND","USUALLY WITH LEFT HAND","1: 1  CONDITION APPLIES","1: 1  CONDITION APPLIES","NO","MALE","FEMALE"
1982,64735,4,1,2,33790,5,183,1,2,1,4,2,4,2,1,1,2,1,4,2,6,1,1,27,5,"Female","Hispanic","South (AL, AR, DE, DC, FL, GA, KY, LA, MD, MS, NC, OK, SC, TN , TX, VA, WV)","High school diploma (Regular 12 year program)","In CBSA, in central city","NO","3: Mother","YES","NO","NO","NO","YES","0: 0  CONDITION DOES NOT APPLY","ALWAYS WITH RIGHT HAND","ALWAYS WITH RIGHT HAND","USUALLY WITH BOTH HANDS EQUALLY","ALWAYS WITH RIGHT HAND","ALWAYS WITH LEFT HAND","1: 1  CONDITION APPLIES","1: 1  CONDITION APPLIES","YES","FEMALE","FEMALE"
1983,64735,2,0,3,33790,5,183,2,3,1,4,6,6,2,1,1,2,2,4,2,7,1,1,36,27,"Female","Black","Northeast (CT, ME, MA, NH, NJ, NY, PA, RI, VT)","High school diploma (Regular 12 year program)","In CBSA, not in central city","YES","3: Mother","NO","YES","NO","NO","NO","0: 0  CONDITION DOES NOT APPLY","ALWAYS WITH RIGHT HAND","USUALLY WITH BOTH HANDS EQUALLY","ALWAYS WITH RIGHT HAND","ALWAYS WITH RIGHT HAND","USUALLY WITH BOTH HANDS EQUALLY","1: 1  CONDITION APPLIES","1: 1  CONDITION APPLIES","NO","FEMALE","FEMALE"
1984,64735,5,1,3,33790,5,183,1,2,2,3,4,2,2,2,1,2,1,4,3,7,1,1,30,20,"Female","Hispanic","West (AK, AZ, CA, CO, HI, ID, MT, NV, NM, OR, UT, WA, WY)","High school diploma (Regular 12 year program)","In CBSA, not in central city","NO","3: Mother","YES","NO","NO","NO","NO","0: 0  CONDITION DOES NOT APPLY","ALWAYS WITH RIGHT HAND","ALWAYS WITH RIGHT HAND","ALWAYS WITH RIGHT HAND","ALWAYS WITH RIGHT HAND","ALWAYS WITH LEFT HAND","1: 1  CONDITION APPLIES","1: 1  CONDITION APPLIES","YES","FEMALE","FEMALE"
1983,64735,3,2,2,33790,5,183,1,2,5,2,4,4,2,2,2,2,1,6,2,6,1,1,33,21,"Male","Hispanic","West (AK, AZ, CA, CO, HI, ID, MT, NV, NM, OR, UT, WA, WY)","High school diploma (Regular 12 year program)","In CBSA, not in central city","NO","3: Mother","YES","NO","NO","NO","YES","0: 0  CONDITION DOES NOT APPLY","ALWAYS WITH RIGHT HAND","ALWAYS WITH RIGHT HAND","ALWAYS WITH RIGHT HAND","ALWAYS WITH RIGHT HAND","ALWAYS WITH LEFT HAND","0: 0  CONDITION DOES NOT APPLY","1: 1  CONDITION APPLIES","YES","MALE","FEMALE"
1982,64735,3,0,2,33790,5,182,1,1,3,3,1,2,1,1,1,2,1,6,4,7,1,1,31,23,"Female","Non-Black / Non-Hispanic","Northeast (CT, ME, MA, NH, NJ, NY, PA, RI, VT)","High school diploma (Regular 12 year program)","In CBSA, not in central city","NO","3: Mother","NO","NO","YES","NO","YES","0: 0  CONDITION DOES NOT APPLY","ALWAYS WITH RIGHT HAND","ALWAYS WITH RIGHT HAND","ALWAYS WITH RIGHT HAND","ALWAYS WITH RIGHT HAND","ALWAYS WITH LEFT HAND","1: 1  CONDITION APPLIES","1: 1  CONDITION APPLIES","YES","FEMALE","MALE"
1983,64735,5,0,1,33790,5,183,1,1,4,2,2,2,2,2,1,2,1,4,3,6,2,2,54,32,"Male","Black","West (AK, AZ, CA, CO, HI, ID, MT, NV, NM, OR, UT, WA, WY)","High school diploma (Regular 12 year program)","In CBSA, not in central city","YES","3: Mother","NO","YES","NO","NO","YES","0: 0  CONDITION DOES NOT APPLY","ALWAYS WITH RIGHT HAND","USUALLY WITH RIGHT HAND","USUALLY WITH RIGHT HAND","ALWAYS WITH RIGHT HAND","ALWAYS WITH RIGHT HAND","1: 1  CONDITION APPLIES","1: 1  CONDITION APPLIES","NO","FEMALE","FEMALE"
1983,64735,4,0,3,33790,5,183,1,2,1,5,3,4,2,2,2,2,2,6,3,6,2,1,34,24,"Female","Non-Black / Non-Hispanic","West (AK, AZ, CA, CO, HI, ID, MT, NV, NM, OR, UT, WA, WY)","Bachelor's degree (BA, BS)","In CBSA, in central city","YES","3: Mother","NO","NO","NO","NO","YES","0: 0  CONDITION DOES NOT APPLY","ALWAYS WITH RIGHT HAND","ALWAYS WITH RIGHT HAND","ALWAYS WITH RIGHT HAND","ALWAYS WITH RIGHT HAND","ALWAYS WITH LEFT HAND","1: 1  CONDITION APPLIES","1: 1  CONDITION APPLIES","NO","FEMALE","MALE"
1984,64735,3,0,4,33790,5,181,1,1,3,1,3,2,2,2,1,2,2,6,3,7,1,1,56,29,"Male","Black","South (AL, AR, DE, DC, FL, GA, KY, LA, MD, MS, NC, OK, SC, TN , TX, VA, WV)","Bachelor's degree (BA, BS)","In CBSA, not in central city","NO","3: Mother","NO","NO","NO","NO","YES","0: 0  CONDITION DOES NOT APPLY","ALWAYS WITH RIGHT HAND","ALWAYS WITH RIGHT HAND","ALWAYS WITH LEFT HAND","USUALLY WITH RIGHT HAND","USUALLY WITH LEFT HAND","1: 1  CONDITION APPLIES","1: 1  CONDITION APPLIES","NO","FEMALE","MALE"
1982,64735,1,0,1,33790,5,183,1,2,3,2,1,2,2,2,2,2,1,4,5,7,1,1,33,24,"Male","Black","West (AK, AZ, CA, CO, HI, ID, MT, NV, NM, OR, UT, WA, WY)","Associate/Junior college (AA)","In CBSA, not in central city","NO","3: Mother","NO","NO","NO","NO","YES","0: 0  CONDITION DOES NOT APPLY","ALWAYS WITH RIGHT HAND","ALWAYS WITH RIGHT HAND","ALWAYS WITH RIGHT HAND","ALWAYS WITH RIGHT HAND","ALWAYS WITH LEFT HAND","1: 1  CONDITION APPLIES","0: 0  CONDITION DOES NOT APPLY","NO","MALE","FEMALE"
1982,64735,4,3,2,33790,5,183,1,2,3,8,2,3,2,2,1,2,1,6,2,8,1,1,30,23,"Female","Hispanic","West (AK, AZ, CA, CO, HI, ID, MT, NV, NM, OR, UT, WA, WY)","High school diploma (Regular 12 year program)","In CBSA, not in central city","NO","3: Mother","YES","NO","NO","NO","YES","0: 0  CONDITION DOES NOT APPLY","ALWAYS WITH RIGHT HAND","ALWAYS WITH RIGHT HAND","DON'T DO THIS ACTIVITY","ALWAYS WITH RIGHT HAND","ALWAYS WITH LEFT HAND","0: 0  CONDITION DOES NOT APPLY","1: 1  CONDITION APPLIES","YES","MALE","FEMALE"
1985,64735,1,0,3,33790,5,255,3,2,4,4,2,2,2,2,2,2,1,4,2,7,1,1,22,18,"Female","Non-Black / Non-Hispanic","West (AK, AZ, CA, CO, HI, ID, MT, NV, NM, OR, UT, WA, WY)","High school diploma (Regular 12 year program)","In CBSA, in central city","NO","3: Mother","YES","NO","YES","NO","YES","0: 0  CONDITION DOES NOT APPLY","ALWAYS WITH RIGHT HAND","ALWAYS WITH LEFT HAND","ALWAYS WITH RIGHT HAND","ALWAYS WITH LEFT HAND","DON'T DO THIS ACTIVITY","1: 1  CONDITION APPLIES","1: 1  CONDITION APPLIES","NO","MALE","MALE"
1984,64735,4,0,3,33790,5,126,1,1,2,1,4,5,2,2,2,2,2,1,3,9,1,1,33,23,"Male","Hispanic","West (AK, AZ, CA, CO, HI, ID, MT, NV, NM, OR, UT, WA, WY)","None","In CBSA, not in central city","NO","3: Mother","YES","NO","YES","NO","YES","1: 1  CONDITION APPLIES","ALWAYS WITH RIGHT HAND","ALWAYS WITH RIGHT HAND","ALWAYS WITH RIGHT HAND","ALWAYS WITH RIGHT HAND","ALWAYS WITH LEFT HAND","0: 0  CONDITION DOES NOT APPLY","1: 1  CONDITION APPLIES","NO","MALE","MALE"
1985,64735,2,1,5,33790,5,220,1,1,1,5,5,4,2,2,2,2,1,7,3,7,3,1,31,21,"Male","Black","West (AK, AZ, CA, CO, HI, ID, MT, NV, NM, OR, UT, WA, WY)","Bachelor's degree (BA, BS)","In CBSA, not in central city","NO","3: Mother","NO","NO","NO","NO","YES","0: 0  CONDITION DOES NOT APPLY","ALWAYS WITH RIGHT HAND","ALWAYS WITH RIGHT HAND","ALWAYS WITH RIGHT HAND","ALWAYS WITH RIGHT HAND","ALWAYS WITH LEFT HAND","0: 0  CONDITION DOES NOT APPLY","1: 1  CONDITION APPLIES","YES","FEMALE","FEMALE"
1983,316618,2,1,1,33790,6,175,1,2,2,5,4,2,2,2,1,2,1,4,3,7,1,1,27,19,"Female","Hispanic","West (AK, AZ, CA, CO, HI, ID, MT, NV, NM, OR, UT, WA, WY)","High school diploma (Regular 12 year program)","In CBSA, in central city","NO","3: Mother","NO","NO","NO","NO","YES","0: 0  CONDITION DOES NOT APPLY","ALWAYS WITH RIGHT HAND","ALWAYS WITH RIGHT HAND","ALWAYS WITH RIGHT HAND","ALWAYS WITH RIGHT HAND","ALWAYS WITH LEFT HAND","1: 1  CONDITION APPLIES","1: 1  CONDITION APPLIES","NO","FEMALE","MALE"
1982,33500,5,0,1,33790,6,185,1,1,1,3,3,2,2,2,1,2,1,2,2,7,1,1,33,23,"Female","Non-Black / Non-Hispanic","West (AK, AZ, CA, CO, HI, ID, MT, NV, NM, OR, UT, WA, WY)","High school diploma (Regular 12 year program)","In CBSA, not in central city","NO","3: Mother","YES","YES","YES","NO","NO","0: 0  CONDITION DOES NOT APPLY","ALWAYS WITH RIGHT HAND","ALWAYS WITH RIGHT HAND","ALWAYS WITH RIGHT HAND","ALWAYS WITH RIGHT HAND","ALWAYS WITH LEFT HAND","1: 1  CONDITION APPLIES","1: 1  CONDITION APPLIES","NO","FEMALE","FEMALE"
1984,64735,5,0,1,33790,5,175,1,1,2,4,3,2,2,2,1,2,1,7,2,6,1,2,45,54,"Male","Hispanic","West (AK, AZ, CA, CO, HI, ID, MT, NV, NM, OR, UT, WA, WY)","High school diploma (Regular 12 year program)","In CBSA, in central city","YES","3: Mother","YES","NO","YES","NO","NO","0: 0  CONDITION DOES NOT APPLY","ALWAYS WITH RIGHT HAND","ALWAYS WITH RIGHT HAND","ALWAYS WITH RIGHT HAND","ALWAYS WITH RIGHT HAND","ALWAYS WITH LEFT HAND","1: 1  CONDITION APPLIES","0: 0  CONDITION DOES NOT APPLY","YES","FEMALE","MALE"
1981,64735,3,0,1,33790,5,188,1,2,4,5,3,3,2,1,1,2,2,6,2,7,1,2,44,54,"Male","Hispanic","South (AL, AR, DE, DC, FL, GA, KY, LA, MD, MS, NC, OK, SC, TN , TX, VA, WV)","High school diploma (Regular 12 year program)","In CBSA, in central city","YES","3: Mother","YES","NO","YES","NO","YES","0: 0  CONDITION DOES NOT APPLY","ALWAYS WITH RIGHT HAND","ALWAYS WITH RIGHT HAND","ALWAYS WITH RIGHT HAND","ALWAYS WITH RIGHT HAND","ALWAYS WITH LEFT HAND","1: 1  CONDITION APPLIES","1: 1  CONDITION APPLIES","YES","FEMALE","MALE"
1985,54500,3,1,1,52000,5,179,2,1,2,1,3,5,2,2,1,2,1,3,6,6,1,1,26,5,"Male","Non-Black / Non-Hispanic","North Central (IL, IN, IA, KS, MI, MN, MO, NE, OH, ND, SD, WI)","Associate/Junior college (AA)","In CBSA, in central city","NO","3: Mother","NO","YES","NO","NO","YES","0: 0  CONDITION DOES NOT APPLY","ALWAYS WITH RIGHT HAND","ALWAYS WITH RIGHT HAND","ALWAYS WITH RIGHT HAND","ALWAYS WITH RIGHT HAND","ALWAYS WITH LEFT HAND","0: 0  CONDITION DOES NOT APPLY","1: 1  CONDITION APPLIES","NO","FEMALE","FEMALE"
1983,110000,1,0,1,60000,5,185,1,1,3,3,3,4,1,2,1,2,1,4,3,6,1,1,29,22,"Male","Non-Black / Non-Hispanic","West (AK, AZ, CA, CO, HI, ID, MT, NV, NM, OR, UT, WA, WY)","Associate/Junior college (AA)","In CBSA, not in central city","NO","3: Mother","NO","NO","NO","NO","YES","0: 0  CONDITION DOES NOT APPLY","ALWAYS WITH RIGHT HAND","ALWAYS WITH RIGHT HAND","ALWAYS WITH RIGHT HAND","ALWAYS WITH RIGHT HAND","ALWAYS WITH LEFT HAND","1: 1  CONDITION APPLIES","1: 1  CONDITION APPLIES","NO","FEMALE","FEMALE"
1983,64735,3,0,1,33790,5,184,1,1,3,4,2,3,2,2,1,2,1,4,3,8,1,1,33,42,"Male","Hispanic","West (AK, AZ, CA, CO, HI, ID, MT, NV, NM, OR, UT, WA, WY)","Bachelor's degree (BA, BS)","In CBSA, not in central city","YES","3: Mother","NO","NO","NO","NO","YES","0: 0  CONDITION DOES NOT APPLY","ALWAYS WITH RIGHT HAND","DON'T DO THIS ACTIVITY","ALWAYS WITH RIGHT HAND","ALWAYS WITH RIGHT HAND","ALWAYS WITH LEFT HAND","1: 1  CONDITION APPLIES","1: 1  CONDITION APPLIES","YES","FEMALE","MALE"
1982,64735,5,1,2,33790,5,136,1,1,6,3,2,4,1,2,1,1,1,3,3,10,1,1,9,19,"Male","Hispanic","West (AK, AZ, CA, CO, HI, ID, MT, NV, NM, OR, UT, WA, WY)","High school diploma (Regular 12 year program)","In CBSA, in central city","NO","3: Mother","NO","NO","NO","YES","YES","0: 0  CONDITION DOES NOT APPLY","ALWAYS WITH RIGHT HAND","DON'T DO THIS ACTIVITY","DON'T DO THIS ACTIVITY","ALWAYS WITH RIGHT HAND","ALWAYS WITH LEFT HAND","1: 1  CONDITION APPLIES","1: 1  CONDITION APPLIES","NO","FEMALE","FEMALE"
1982,64735,5,0,2,22000,5,181,1,1,1,4,3,4,2,2,1,1,1,4,1,8,1,1,30,22,"Female","Non-Black / Non-Hispanic","West (AK, AZ, CA, CO, HI, ID, MT, NV, NM, OR, UT, WA, WY)","High school diploma (Regular 12 year program)","In CBSA, not in central city","NO","3: Mother","NO","YES","NO","NO","YES","0: 0  CONDITION DOES NOT APPLY","ALWAYS WITH RIGHT HAND","USUALLY WITH LEFT HAND","ALWAYS WITH RIGHT HAND","ALWAYS WITH RIGHT HAND","ALWAYS WITH LEFT HAND","1: 1  CONDITION APPLIES","1: 1  CONDITION APPLIES","NO","MALE","FEMALE"
1980,64735,3,0,2,33790,5,186,1,1,3,5,3,3,1,2,1,2,1,2,4,8,1,1,29,20,"Male","Hispanic","South (AL, AR, DE, DC, FL, GA, KY, LA, MD, MS, NC, OK, SC, TN , TX, VA, WV)","High school diploma (Regular 12 year program)","In CBSA, not in central city","NO","3: Mother","YES","NO","YES","NO","YES","0: 0  CONDITION DOES NOT APPLY","ALWAYS WITH RIGHT HAND","ALWAYS WITH RIGHT HAND","ALWAYS WITH RIGHT HAND","ALWAYS WITH RIGHT HAND","ALWAYS WITH RIGHT HAND","1: 1  CONDITION APPLIES","1: 1  CONDITION APPLIES","NO","FEMALE","MALE"
1985,64735,7,2,2,33790,5,180,1,1,3,4,5,10,1,2,2,1,1,2,1,7,1,1,24,12,"Female","Hispanic","West (AK, AZ, CA, CO, HI, ID, MT, NV, NM, OR, UT, WA, WY)","High school diploma (Regular 12 year program)","In CBSA, not in central city","NO","3: Mother","YES","NO","YES","NO","YES","0: 0  CONDITION DOES NOT APPLY","ALWAYS WITH RIGHT HAND","ALWAYS WITH RIGHT HAND","ALWAYS WITH RIGHT HAND","ALWAYS WITH RIGHT HAND","ALWAYS WITH LEFT HAND","0: 0  CONDITION DOES NOT APPLY","1: 1  CONDITION APPLIES","NO","FEMALE","FEMALE"
1985,64735,5,0,2,33790,5,140,1,2,2,3,5,4,2,2,1,2,1,4,1,8,1,1,35,26,"Female","Non-Black / Non-Hispanic","West (AK, AZ, CA, CO, HI, ID, MT, NV, NM, OR, UT, WA, WY)","High school diploma (Regular 12 year program)","In CBSA, in central city","YES","3: Mother","YES","NO","NO","NO","YES","0: 0  CONDITION DOES NOT APPLY","ALWAYS WITH RIGHT HAND","ALWAYS WITH RIGHT HAND","ALWAYS WITH RIGHT HAND","ALWAYS WITH RIGHT HAND","ALWAYS WITH LEFT HAND","0: 0  CONDITION DOES NOT APPLY","0: 0  CONDITION DOES NOT APPLY","NO","MALE","FEMALE"
1981,64735,5,1,1,33790,5,183,1,1,4,3,2,2,2,2,1,2,1,6,2,6,1,1,28,19,"Male","Non-Black / Non-Hispanic","North Central (IL, IN, IA, KS, MI, MN, MO, NE, OH, ND, SD, WI)","Master's degree (MA, MS)","In CBSA, not in central city","NO","3: Mother","YES","NO","NO","NO","YES","0: 0  CONDITION DOES NOT APPLY","ALWAYS WITH RIGHT HAND","ALWAYS WITH RIGHT HAND","ALWAYS WITH RIGHT HAND","ALWAYS WITH RIGHT HAND","ALWAYS WITH LEFT HAND","1: 1  CONDITION APPLIES","1: 1  CONDITION APPLIES","NO","FEMALE","FEMALE"
1983,64735,4,0,4,33790,5,181,1,2,3,3,4,1,1,2,2,2,1,5,2,8,1,1,34,18,"Female","Non-Black / Non-Hispanic","West (AK, AZ, CA, CO, HI, ID, MT, NV, NM, OR, UT, WA, WY)","High school diploma (Regular 12 year program)","In CBSA, not in central city","NO","3: Mother","NO","NO","NO","NO","YES","0: 0  CONDITION DOES NOT APPLY","ALWAYS WITH RIGHT HAND","ALWAYS WITH RIGHT HAND","ALWAYS WITH RIGHT HAND","ALWAYS WITH RIGHT HAND","ALWAYS WITH LEFT HAND","1: 1  CONDITION APPLIES","1: 1  CONDITION APPLIES","NO","FEMALE","FEMALE"
1984,64735,2,1,3,33790,5,181,1,1,5,4,1,5,2,2,1,2,2,6,6,9,1,1,27,15,"Male","Mixed Race (Non-Hispanic)","West (AK, AZ, CA, CO, HI, ID, MT, NV, NM, OR, UT, WA, WY)","Bachelor's degree (BA, BS)","In CBSA, in central city","NO","3: Mother","NO","NO","YES","NO","YES","0: 0  CONDITION DOES NOT APPLY","ALWAYS WITH RIGHT HAND","DON'T DO THIS ACTIVITY","DON'T DO THIS ACTIVITY","ALWAYS WITH RIGHT HAND","ALWAYS WITH LEFT HAND","1: 1  CONDITION APPLIES","1: 1  CONDITION APPLIES","NO","FEMALE","FEMALE"
1980,0,2,0,1,33790,5,138,1,2,3,4,1,4,1,2,2,2,1,5,4,7,1,1,29,24,"Female","Hispanic","South (AL, AR, DE, DC, FL, GA, KY, LA, MD, MS, NC, OK, SC, TN , TX, VA, WV)","Bachelor's degree (BA, BS)","In CBSA, not in central city","NO","3: Mother","YES","YES","NO","NO","NO","0: 0  CONDITION DOES NOT APPLY","ALWAYS WITH RIGHT HAND","ALWAYS WITH RIGHT HAND","USUALLY WITH BOTH HANDS EQUALLY","ALWAYS WITH LEFT HAND","ALWAYS WITH LEFT HAND","1: 1  CONDITION APPLIES","1: 1  CONDITION APPLIES","NO","MALE","MALE"
1984,23117,4,1,1,33790,5,120,2,2,2,3,4,4,2,1,1,1,1,6,2,7,1,1,30,19,"Male","Non-Black / Non-Hispanic","North Central (IL, IN, IA, KS, MI, MN, MO, NE, OH, ND, SD, WI)","Master's degree (MA, MS)","In CBSA, in central city","NO","3: Mother","NO","NO","NO","NO","YES","0: 0  CONDITION DOES NOT APPLY","ALWAYS WITH RIGHT HAND","ALWAYS WITH RIGHT HAND","USUALLY WITH BOTH HANDS EQUALLY","ALWAYS WITH RIGHT HAND","ALWAYS WITH LEFT HAND","1: 1  CONDITION APPLIES","1: 1  CONDITION APPLIES","NO","MALE","MALE"
1983,316618,4,1,1,42000,5,182,1,2,3,6,2,6,2,2,1,2,1,6,2,7,2,1,31,21,"Male","Non-Black / Non-Hispanic","West (AK, AZ, CA, CO, HI, ID, MT, NV, NM, OR, UT, WA, WY)","High school diploma (Regular 12 year program)","In CBSA, not in central city","NO","3: Mother","NO","NO","NO","NO","YES","0: 0  CONDITION DOES NOT APPLY","ALWAYS WITH RIGHT HAND","ALWAYS WITH RIGHT HAND","ALWAYS WITH RIGHT HAND","ALWAYS WITH RIGHT HAND","ALWAYS WITH LEFT HAND","0: 0  CONDITION DOES NOT APPLY","1: 1  CONDITION APPLIES","NO","MALE","FEMALE"
1982,64735,5,1,3,33790,6,184,2,1,5,2,2,3,2,2,2,2,1,5,2,6,1,1,33,25,"Female","Black","Northeast (CT, ME, MA, NH, NJ, NY, PA, RI, VT)","High school diploma (Regular 12 year program)","In CBSA, not in central city","YES","3: Mother","YES","NO","YES","NO","YES","0: 0  CONDITION DOES NOT APPLY","ALWAYS WITH RIGHT HAND","ALWAYS WITH RIGHT HAND","ALWAYS WITH RIGHT HAND","ALWAYS WITH RIGHT HAND","ALWAYS WITH LEFT HAND","1: 1  CONDITION APPLIES","1: 1  CONDITION APPLIES","NO","MALE","FEMALE"
1983,64735,3,0,1,33790,5,182,1,1,2,3,3,4,1,2,1,1,1,2,4,7,1,1,32,18,"Male","Black","South (AL, AR, DE, DC, FL, GA, KY, LA, MD, MS, NC, OK, SC, TN , TX, VA, WV)","High school diploma (Regular 12 year program)","In CBSA, in central city","NO","3: Mother","NO","YES","NO","NO","YES","0: 0  CONDITION DOES NOT APPLY","ALWAYS WITH RIGHT HAND","USUALLY WITH BOTH HANDS EQUALLY","ALWAYS WITH RIGHT HAND","ALWAYS WITH RIGHT HAND","ALWAYS WITH LEFT HAND","1: 1  CONDITION APPLIES","1: 1  CONDITION APPLIES","NO","FEMALE","FEMALE"
1983,3000,2,0,1,33790,5,180,1,1,2,2,1,1,2,2,1,2,1,3,3,8,1,1,28,24,"Female","Hispanic","North Central (IL, IN, IA, KS, MI, MN, MO, NE, OH, ND, SD, WI)","Master's degree (MA, MS)","In CBSA, not in central city","YES","3: Mother","YES","NO","NO","NO","YES","0: 0  CONDITION DOES NOT APPLY","ALWAYS WITH RIGHT HAND","ALWAYS WITH RIGHT HAND","ALWAYS WITH RIGHT HAND","ALWAYS WITH RIGHT HAND","ALWAYS WITH LEFT HAND","1: 1  CONDITION APPLIES","1: 1  CONDITION APPLIES","YES","FEMALE","MALE"
1980,64735,4,0,1,33790,4,176,1,1,3,2,3,2,1,2,1,2,1,1,2,10,1,1,29,25,"Female","Hispanic","West (AK, AZ, CA, CO, HI, ID, MT, NV, NM, OR, UT, WA, WY)","GED","In CBSA, not in central city","YES","3: Mother","YES","NO","YES","NO","YES","0: 0  CONDITION DOES NOT APPLY","ALWAYS WITH RIGHT HAND","ALWAYS WITH LEFT HAND","ALWAYS WITH RIGHT HAND","ALWAYS WITH RIGHT HAND","ALWAYS WITH LEFT HAND","1: 1  CONDITION APPLIES","1: 1  CONDITION APPLIES","YES","MALE","MALE"
1983,64735,5,0,4,33790,6,183,1,1,2,4,2,4,2,2,1,3,1,6,1,7,1,1,28,20,"Female","Non-Black / Non-Hispanic","South (AL, AR, DE, DC, FL, GA, KY, LA, MD, MS, NC, OK, SC, TN , TX, VA, WV)","Bachelor's degree (BA, BS)","In CBSA, in central city","NO","3: Mother","YES","NO","NO","NO","YES","0: 0  CONDITION DOES NOT APPLY","ALWAYS WITH RIGHT HAND","ALWAYS WITH RIGHT HAND","USUALLY WITH BOTH HANDS EQUALLY","DON'T DO THIS ACTIVITY","ALWAYS WITH LEFT HAND","0: 0  CONDITION DOES NOT APPLY","1: 1  CONDITION APPLIES","YES","MALE","MALE"
1980,64735,3,0,2,33790,5,182,1,2,1,7,1,2,2,2,1,1,1,5,3,8,1,2,31,20,"Female","Hispanic","West (AK, AZ, CA, CO, HI, ID, MT, NV, NM, OR, UT, WA, WY)","High school diploma (Regular 12 year program)","In CBSA, not in central city","NO","3: Mother","YES","YES","YES","NO","YES","0: 0  CONDITION DOES NOT APPLY","ALWAYS WITH RIGHT HAND","ALWAYS WITH RIGHT HAND","ALWAYS WITH RIGHT HAND","ALWAYS WITH RIGHT HAND","ALWAYS WITH LEFT HAND","1: 1  CONDITION APPLIES","1: 1  CONDITION APPLIES","YES","FEMALE","FEMALE"
1983,64735,3,1,1,26000,5,180,1,2,3,6,6,3,2,2,1,2,1,6,2,8,1,1,30,23,"Female","Non-Black / Non-Hispanic","West (AK, AZ, CA, CO, HI, ID, MT, NV, NM, OR, UT, WA, WY)","Bachelor's degree (BA, BS)","In CBSA, in central city","NO","3: Mother","YES","NO","NO","NO","YES","0: 0  CONDITION DOES NOT APPLY","USUALLY WITH RIGHT HAND","USUALLY WITH RIGHT HAND","USUALLY WITH RIGHT HAND","USUALLY WITH LEFT HAND","ALWAYS WITH LEFT HAND","1: 1  CONDITION APPLIES","1: 1  CONDITION APPLIES","NO","MALE","MALE"
1983,64734,6,0,3,33790,5,182,2,2,3,2,3,1,2,1,2,1,2,1,1,6,1,1,32,48,"Male","Black","West (AK, AZ, CA, CO, HI, ID, MT, NV, NM, OR, UT, WA, WY)","Associate/Junior college (AA)","In CBSA, in central city","YES","3: Mother","NO","YES","NO","NO","YES","0: 0  CONDITION DOES NOT APPLY","ALWAYS WITH RIGHT HAND","ALWAYS WITH RIGHT HAND","ALWAYS WITH RIGHT HAND","ALWAYS WITH RIGHT HAND","ALWAYS WITH LEFT HAND","0: 0  CONDITION DOES NOT APPLY","1: 1  CONDITION APPLIES","YES","MALE","MALE"
1980,64735,4,0,3,33790,5,181,1,1,3,4,5,2,1,2,1,1,1,2,4,8,1,1,43,59,"Female","Hispanic","West (AK, AZ, CA, CO, HI, ID, MT, NV, NM, OR, UT, WA, WY)","Associate/Junior college (AA)","In CBSA, in central city","NO","3: Mother","YES","NO","YES","NO","NO","0: 0  CONDITION DOES NOT APPLY","ALWAYS WITH LEFT HAND","ALWAYS WITH RIGHT HAND","ALWAYS WITH RIGHT HAND","ALWAYS WITH RIGHT HAND","ALWAYS WITH LEFT HAND","1: 1  CONDITION APPLIES","1: 1  CONDITION APPLIES","NO","FEMALE","MALE"
1983,64735,3,1,1,146002,5,210,2,1,2,4,1,4,2,1,1,2,1,4,3,5,1,1,32,19,"Male","Hispanic","South (AL, AR, DE, DC, FL, GA, KY, LA, MD, MS, NC, OK, SC, TN , TX, VA, WV)","High school diploma (Regular 12 year program)","In CBSA, in central city","NO","3: Mother","NO","NO","NO","NO","YES","0: 0  CONDITION DOES NOT APPLY","ALWAYS WITH RIGHT HAND","ALWAYS WITH RIGHT HAND","ALWAYS WITH RIGHT HAND","ALWAYS WITH RIGHT HAND","USUALLY WITH LEFT HAND","1: 1  CONDITION APPLIES","1: 1  CONDITION APPLIES","NO","FEMALE","FEMALE"
1982,64735,3,1,1,22077,5,183,1,1,1,2,2,6,2,1,1,1,1,1,1,8,2,1,30,22,"Male","Non-Black / Non-Hispanic","West (AK, AZ, CA, CO, HI, ID, MT, NV, NM, OR, UT, WA, WY)","High school diploma (Regular 12 year program)","In CBSA, in central city","NO","3: Mother","NO","NO","YES","NO","YES","0: 0  CONDITION DOES NOT APPLY","ALWAYS WITH RIGHT HAND","ALWAYS WITH RIGHT HAND","ALWAYS WITH RIGHT HAND","ALWAYS WITH RIGHT HAND","ALWAYS WITH LEFT HAND","1: 1  CONDITION APPLIES","1: 1  CONDITION APPLIES","NO","MALE","MALE"
1983,64735,4,0,2,33790,5,182,1,1,5,3,3,4,2,2,1,2,1,6,4,5,1,1,31,21,"Female","Non-Black / Non-Hispanic","Northeast (CT, ME, MA, NH, NJ, NY, PA, RI, VT)","High school diploma (Regular 12 year program)","In CBSA, not in central city","NO","3: Mother","YES","YES","YES","NO","YES","0: 0  CONDITION DOES NOT APPLY","ALWAYS WITH LEFT HAND","ALWAYS WITH LEFT HAND","ALWAYS WITH RIGHT HAND","ALWAYS WITH LEFT HAND","ALWAYS WITH LEFT HAND","1: 1  CONDITION APPLIES","1: 1  CONDITION APPLIES","YES","FEMALE","FEMALE"
1984,64735,5,0,1,33790,4,176,1,1,3,3,1,3,1,2,2,1,1,6,1,6,1,1,30,19,"Female","Black","South (AL, AR, DE, DC, FL, GA, KY, LA, MD, MS, NC, OK, SC, TN , TX, VA, WV)","High school diploma (Regular 12 year program)","In CBSA, not in central city","NO","3: Mother","YES","NO","NO","NO","YES","0: 0  CONDITION DOES NOT APPLY","ALWAYS WITH RIGHT HAND","ALWAYS WITH RIGHT HAND","ALWAYS WITH RIGHT HAND","ALWAYS WITH RIGHT HAND","USUALLY WITH BOTH HANDS EQUALLY","1: 1  CONDITION APPLIES","1: 1  CONDITION APPLIES","YES","MALE","MALE"
1980,64735,4,0,1,33790,5,182,1,1,3,5,5,4,2,2,1,2,2,4,2,7,1,1,31,21,"Female","Non-Black / Non-Hispanic","West (AK, AZ, CA, CO, HI, ID, MT, NV, NM, OR, UT, WA, WY)","High school diploma (Regular 12 year program)","In CBSA, not in central city","NO","3: Mother","NO","YES","NO","NO","NO","0: 0  CONDITION DOES NOT APPLY","ALWAYS WITH RIGHT HAND","ALWAYS WITH RIGHT HAND","ALWAYS WITH RIGHT HAND","ALWAYS WITH RIGHT HAND","ALWAYS WITH LEFT HAND","0: 0  CONDITION DOES NOT APPLY","1: 1  CONDITION APPLIES","YES","FEMALE","FEMALE"
1980,64735,7,0,1,33790,6,184,1,1,1,3,1,2,2,1,1,2,1,5,2,6,1,1,33,23,"Female","Non-Black / Non-Hispanic","West (AK, AZ, CA, CO, HI, ID, MT, NV, NM, OR, UT, WA, WY)","High school diploma (Regular 12 year program)","In CBSA, not in central city","YES","3: Mother","YES","NO","NO","NO","YES","0: 0  CONDITION DOES NOT APPLY","ALWAYS WITH RIGHT HAND","ALWAYS WITH RIGHT HAND","ALWAYS WITH RIGHT HAND","ALWAYS WITH RIGHT HAND","ALWAYS WITH LEFT HAND","1: 1  CONDITION APPLIES","1: 1  CONDITION APPLIES","NO","FEMALE","MALE"
1983,64735,5,1,2,33790,5,182,1,1,1,4,9,1,2,2,1,2,1,4,2,6,1,1,32,30,"Female","Hispanic","West (AK, AZ, CA, CO, HI, ID, MT, NV, NM, OR, UT, WA, WY)","None","In CBSA, in central city","NO","3: Mother","YES","NO","NO","NO","YES","0: 0  CONDITION DOES NOT APPLY","ALWAYS WITH RIGHT HAND","ALWAYS WITH RIGHT HAND","ALWAYS WITH RIGHT HAND","ALWAYS WITH RIGHT HAND","ALWAYS WITH LEFT HAND","1: 1  CONDITION APPLIES","1: 1  CONDITION APPLIES","YES","FEMALE","MALE"
1983,64735,3,0,1,33790,5,183,1,1,4,3,5,4,2,2,1,2,1,7,4,7,1,1,27,18,"Male","Non-Black / Non-Hispanic","West (AK, AZ, CA, CO, HI, ID, MT, NV, NM, OR, UT, WA, WY)","High school diploma (Regular 12 year program)","In CBSA, in central city","NO","3: Mother","YES","NO","NO","YES","YES","0: 0  CONDITION DOES NOT APPLY","ALWAYS WITH RIGHT HAND","ALWAYS WITH RIGHT HAND","ALWAYS WITH RIGHT HAND","ALWAYS WITH RIGHT HAND","ALWAYS WITH LEFT HAND","1: 1  CONDITION APPLIES","1: 1  CONDITION APPLIES","NO","MALE","FEMALE"
1982,35000,5,1,1,35000,5,184,2,1,3,7,4,3,2,2,2,1,1,3,4,5,1,1,31,18,"Male","Hispanic","South (AL, AR, DE, DC, FL, GA, KY, LA, MD, MS, NC, OK, SC, TN , TX, VA, WV)","High school diploma (Regular 12 year program)","In CBSA, not in central city","NO","3: Mother","YES","NO","NO","NO","YES","0: 0  CONDITION DOES NOT APPLY","ALWAYS WITH RIGHT HAND","ALWAYS WITH RIGHT HAND","ALWAYS WITH RIGHT HAND","ALWAYS WITH RIGHT HAND","ALWAYS WITH RIGHT HAND","1: 1  CONDITION APPLIES","1: 1  CONDITION APPLIES","NO","FEMALE","FEMALE"
1980,64735,4,0,2,35000,5,181,1,1,1,3,6,5,2,2,1,2,2,10,2,7,1,1,32,22,"Male","Hispanic","West (AK, AZ, CA, CO, HI, ID, MT, NV, NM, OR, UT, WA, WY)","Bachelor's degree (BA, BS)","In CBSA, not in central city","NO","3: Mother","NO","YES","NO","NO","YES","0: 0  CONDITION DOES NOT APPLY","ALWAYS WITH RIGHT HAND","ALWAYS WITH RIGHT HAND","ALWAYS WITH RIGHT HAND","ALWAYS WITH RIGHT HAND","ALWAYS WITH LEFT HAND","1: 1  CONDITION APPLIES","1: 1  CONDITION APPLIES","NO","MALE","FEMALE"
1983,64735,4,1,3,33790,5,155,2,1,5,4,2,5,2,1,1,2,1,6,1,8,1,1,24,18,"Female","Non-Black / Non-Hispanic","South (AL, AR, DE, DC, FL, GA, KY, LA, MD, MS, NC, OK, SC, TN , TX, VA, WV)","Bachelor's degree (BA, BS)","In CBSA, not in central city","NO","3: Mother","YES","NO","YES","NO","YES","0: 0  CONDITION DOES NOT APPLY","ALWAYS WITH RIGHT HAND","ALWAYS WITH RIGHT HAND","ALWAYS WITH RIGHT HAND","ALWAYS WITH RIGHT HAND","ALWAYS WITH LEFT HAND","1: 1  CONDITION APPLIES","1: 1  CONDITION APPLIES","NO","MALE","FEMALE"
1981,33750,5,1,1,33790,6,240,1,1,4,4,2,3,1,2,1,2,1,6,3,6,1,1,33,20,"Male","Black","South (AL, AR, DE, DC, FL, GA, KY, LA, MD, MS, NC, OK, SC, TN , TX, VA, WV)","None","In CBSA, not in central city","NO","3: Mother","NO","YES","NO","NO","YES","0: 0  CONDITION DOES NOT APPLY","ALWAYS WITH RIGHT HAND","ALWAYS WITH RIGHT HAND","ALWAYS WITH RIGHT HAND","ALWAYS WITH RIGHT HAND","ALWAYS WITH LEFT HAND","1: 1  CONDITION APPLIES","1: 1  CONDITION APPLIES","YES","FEMALE","MALE"
1984,64735,4,1,2,33790,5,183,1,2,4,3,4,2,2,2,2,2,2,1,5,7,1,1,30,22,"Male","Hispanic","South (AL, AR, DE, DC, FL, GA, KY, LA, MD, MS, NC, OK, SC, TN , TX, VA, WV)","High school diploma (Regular 12 year program)","In CBSA, in central city","NO","3: Mother","YES","YES","NO","NO","NO","0: 0  CONDITION DOES NOT APPLY","ALWAYS WITH RIGHT HAND","ALWAYS WITH RIGHT HAND","ALWAYS WITH RIGHT HAND","ALWAYS WITH RIGHT HAND","ALWAYS WITH LEFT HAND","0: 0  CONDITION DOES NOT APPLY","1: 1  CONDITION APPLIES","YES","FEMALE","MALE"
1981,64735,5,1,3,33790,5,263,1,1,3,4,2,2,2,2,2,2,2,8,4,6,1,1,30,23,"Male","Non-Black / Non-Hispanic","West (AK, AZ, CA, CO, HI, ID, MT, NV, NM, OR, UT, WA, WY)","High school diploma (Regular 12 year program)","In CBSA, in central city","YES","3: Mother","YES","YES","YES","NO","YES","0: 0  CONDITION DOES NOT APPLY","ALWAYS WITH RIGHT HAND","ALWAYS WITH RIGHT HAND","ALWAYS WITH RIGHT HAND","ALWAYS WITH RIGHT HAND","ALWAYS WITH LEFT HAND","1: 1  CONDITION APPLIES","1: 1  CONDITION APPLIES","YES","FEMALE","MALE"
1981,64735,4,1,3,33790,5,183,1,2,1,5,4,4,2,2,1,2,1,4,2,7,1,1,31,22,"Female","Black","South (AL, AR, DE, DC, FL, GA, KY, LA, MD, MS, NC, OK, SC, TN , TX, VA, WV)","High school diploma (Regular 12 year program)","In CBSA, not in central city","NO","3: Mother","NO","YES","NO","NO","YES","0: 0  CONDITION DOES NOT APPLY","ALWAYS WITH RIGHT HAND","ALWAYS WITH RIGHT HAND","ALWAYS WITH RIGHT HAND","ALWAYS WITH RIGHT HAND","ALWAYS WITH LEFT HAND","1: 1  CONDITION APPLIES","1: 1  CONDITION APPLIES","NO","MALE","FEMALE"
1984,64735,3,0,2,33790,5,182,1,1,4,3,4,4,2,2,1,2,1,7,4,8,1,1,29,23,"Female","Hispanic","West (AK, AZ, CA, CO, HI, ID, MT, NV, NM, OR, UT, WA, WY)","High school diploma (Regular 12 year program)","In CBSA, not in central city","YES","3: Mother","NO","NO","NO","NO","NO","0: 0  CONDITION DOES NOT APPLY","ALWAYS WITH RIGHT HAND","ALWAYS WITH RIGHT HAND","ALWAYS WITH RIGHT HAND","ALWAYS WITH RIGHT HAND","ALWAYS WITH LEFT HAND","0: 0  CONDITION DOES NOT APPLY","1: 1  CONDITION APPLIES","YES","MALE","FEMALE"
1980,64735,4,0,3,33790,5,185,1,1,3,2,1,1,2,2,1,1,1,5,4,7,1,1,35,25,"Female","Non-Black / Non-Hispanic","West (AK, AZ, CA, CO, HI, ID, MT, NV, NM, OR, UT, WA, WY)","High school diploma (Regular 12 year program)","In CBSA, in central city","YES","3: Mother","NO","YES","NO","NO","NO","0: 0  CONDITION DOES NOT APPLY","ALWAYS WITH RIGHT HAND","ALWAYS WITH RIGHT HAND","ALWAYS WITH RIGHT HAND","ALWAYS WITH RIGHT HAND","ALWAYS WITH LEFT HAND","0: 0  CONDITION DOES NOT APPLY","1: 1  CONDITION APPLIES","NO","FEMALE","FEMALE"
1984,64735,5,2,1,33790,5,181,1,1,2,5,3,6,2,1,2,2,1,6,2,6,1,1,28,14,"Male","Non-Black / Non-Hispanic","Northeast (CT, ME, MA, NH, NJ, NY, PA, RI, VT)","Associate/Junior college (AA)","In CBSA, not in central city","NO","3: Mother","YES","NO","NO","NO","YES","0: 0  CONDITION DOES NOT APPLY","ALWAYS WITH RIGHT HAND","ALWAYS WITH RIGHT HAND","USUALLY WITH LEFT HAND","ALWAYS WITH RIGHT HAND","ALWAYS WITH LEFT HAND","1: 1  CONDITION APPLIES","1: 1  CONDITION APPLIES","NO","FEMALE","FEMALE"
1983,64735,5,2,1,33790,5,160,1,3,1,3,3,6,1,2,1,1,1,6,4,7,1,1,23,13,"Male","Non-Black / Non-Hispanic","South (AL, AR, DE, DC, FL, GA, KY, LA, MD, MS, NC, OK, SC, TN , TX, VA, WV)","None","In CBSA, in central city","NO","3: Mother","YES","NO","NO","NO","YES","0: 0  CONDITION DOES NOT APPLY","ALWAYS WITH RIGHT HAND","ALWAYS WITH RIGHT HAND","ALWAYS WITH RIGHT HAND","ALWAYS WITH RIGHT HAND","ALWAYS WITH LEFT HAND","1: 1  CONDITION APPLIES","1: 1  CONDITION APPLIES","NO","MALE","FEMALE"
1983,64735,5,1,2,33790,5,181,1,2,2,5,7,3,1,2,2,2,2,2,2,8,1,1,29,10,"Female","Black","South (AL, AR, DE, DC, FL, GA, KY, LA, MD, MS, NC, OK, SC, TN , TX, VA, WV)","None","In CBSA, not in central city","NO","3: Mother","YES","NO","NO","NO","YES","0: 0  CONDITION DOES NOT APPLY","ALWAYS WITH LEFT HAND","ALWAYS WITH RIGHT HAND","ALWAYS WITH RIGHT HAND","ALWAYS WITH RIGHT HAND","ALWAYS WITH RIGHT HAND","1: 1  CONDITION APPLIES","1: 1  CONDITION APPLIES","NO","MALE","FEMALE"
1980,64735,3,0,1,33790,6,182,1,1,2,3,1,3,2,2,1,1,1,6,3,6,1,1,57,33,"Female","Hispanic","North Central (IL, IN, IA, KS, MI, MN, MO, NE, OH, ND, SD, WI)","High school diploma (Regular 12 year program)","In CBSA, in central city","YES","3: Mother","NO","NO","YES","NO","NO","0: 0  CONDITION DOES NOT APPLY","ALWAYS WITH RIGHT HAND","ALWAYS WITH RIGHT HAND","ALWAYS WITH RIGHT HAND","USUALLY WITH LEFT HAND","ALWAYS WITH RIGHT HAND","1: 1  CONDITION APPLIES","1: 1  CONDITION APPLIES","NO","FEMALE","MALE"
1984,64735,4,1,4,33790,5,182,2,2,3,5,3,4,2,2,2,1,1,3,3,8,1,1,32,21,"Female","Hispanic","West (AK, AZ, CA, CO, HI, ID, MT, NV, NM, OR, UT, WA, WY)","High school diploma (Regular 12 year program)","In CBSA, not in central city","NO","3: Mother","YES","NO","NO","NO","NO","1: 1  CONDITION APPLIES","ALWAYS WITH RIGHT HAND","ALWAYS WITH RIGHT HAND","ALWAYS WITH RIGHT HAND","ALWAYS WITH RIGHT HAND","ALWAYS WITH RIGHT HAND","1: 1  CONDITION APPLIES","1: 1  CONDITION APPLIES","NO","MALE","MALE"
1984,69250,2,1,2,9000,5,179,1,1,3,4,3,2,1,2,2,2,1,7,2,6,1,1,36,25,"Female","Non-Black / Non-Hispanic","South (AL, AR, DE, DC, FL, GA, KY, LA, MD, MS, NC, OK, SC, TN , TX, VA, WV)","Bachelor's degree (BA, BS)","In CBSA, not in central city","NO","3: Mother","YES","NO","NO","NO","YES","0: 0  CONDITION DOES NOT APPLY","USUALLY WITH RIGHT HAND","USUALLY WITH RIGHT HAND","USUALLY WITH BOTH HANDS EQUALLY","USUALLY WITH BOTH HANDS EQUALLY","ALWAYS WITH LEFT HAND","1: 1  CONDITION APPLIES","1: 1  CONDITION APPLIES","NO","FEMALE","MALE"
1982,64735,3,1,1,33790,6,183,1,1,3,3,4,5,2,2,1,2,1,5,3,4,1,1,32,20,"Male","Hispanic","North Central (IL, IN, IA, KS, MI, MN, MO, NE, OH, ND, SD, WI)","High school diploma (Regular 12 year program)","In CBSA, not in central city","NO","3: Mother","NO","NO","NO","NO","YES","0: 0  CONDITION DOES NOT APPLY","ALWAYS WITH RIGHT HAND","ALWAYS WITH RIGHT HAND","ALWAYS WITH RIGHT HAND","ALWAYS WITH RIGHT HAND","ALWAYS WITH LEFT HAND","0: 0  CONDITION DOES NOT APPLY","1: 1  CONDITION APPLIES","NO","FEMALE","MALE"
1982,64735,2,0,2,10000,5,185,2,1,3,4,2,3,1,2,2,2,1,1,5,8,1,1,29,21,"Male","Non-Black / Non-Hispanic","South (AL, AR, DE, DC, FL, GA, KY, LA, MD, MS, NC, OK, SC, TN , TX, VA, WV)","None","In CBSA, in central city","YES","3: Mother","YES","YES","NO","NO","NO","0: 0  CONDITION DOES NOT APPLY","ALWAYS WITH RIGHT HAND","ALWAYS WITH RIGHT HAND","ALWAYS WITH RIGHT HAND","ALWAYS WITH RIGHT HAND","ALWAYS WITH LEFT HAND","1: 1  CONDITION APPLIES","0: 0  CONDITION DOES NOT APPLY","NO","FEMALE","FEMALE"
1981,64735,3,0,2,30000,5,183,2,1,1,3,4,4,2,2,2,2,1,7,2,6,3,1,33,22,"Male","Non-Black / Non-Hispanic","South (AL, AR, DE, DC, FL, GA, KY, LA, MD, MS, NC, OK, SC, TN , TX, VA, WV)","Bachelor's degree (BA, BS)","In CBSA, not in central city","NO","3: Mother","NO","NO","NO","NO","YES","0: 0  CONDITION DOES NOT APPLY","ALWAYS WITH RIGHT HAND","ALWAYS WITH RIGHT HAND","ALWAYS WITH RIGHT HAND","ALWAYS WITH RIGHT HAND","ALWAYS WITH LEFT HAND","1: 1  CONDITION APPLIES","1: 1  CONDITION APPLIES","NO","FEMALE","FEMALE"
1981,64735,4,2,3,33790,5,184,1,1,1,4,2,2,2,1,1,1,1,4,2,7,1,1,32,20,"Male","Hispanic","West (AK, AZ, CA, CO, HI, ID, MT, NV, NM, OR, UT, WA, WY)","High school diploma (Regular 12 year program)","In CBSA, in central city","NO","3: Mother","YES","YES","NO","NO","YES","0: 0  CONDITION DOES NOT APPLY","ALWAYS WITH RIGHT HAND","ALWAYS WITH RIGHT HAND","USUALLY WITH RIGHT HAND","ALWAYS WITH RIGHT HAND","USUALLY WITH BOTH HANDS EQUALLY","1: 1  CONDITION APPLIES","1: 1  CONDITION APPLIES","NO","FEMALE","FEMALE"
1984,64735,3,1,2,42000,5,182,1,2,3,1,3,2,2,2,2,2,1,2,2,7,1,1,31,23,"Male","Non-Black / Non-Hispanic","South (AL, AR, DE, DC, FL, GA, KY, LA, MD, MS, NC, OK, SC, TN , TX, VA, WV)","None","In CBSA, not in central city","NO","3: Mother","NO","NO","YES","NO","NO","0: 0  CONDITION DOES NOT APPLY","ALWAYS WITH RIGHT HAND","ALWAYS WITH RIGHT HAND","ALWAYS WITH RIGHT HAND","ALWAYS WITH RIGHT HAND","ALWAYS WITH LEFT HAND","1: 1  CONDITION APPLIES","1: 1  CONDITION APPLIES","NO","MALE","MALE"
1982,64735,4,0,2,36000,6,184,1,1,1,3,5,6,2,2,1,1,1,1,4,7,1,1,32,21,"Female","Hispanic","South (AL, AR, DE, DC, FL, GA, KY, LA, MD, MS, NC, OK, SC, TN , TX, VA, WV)","None","In CBSA, not in central city","YES","3: Mother","NO","YES","NO","NO","NO","0: 0  CONDITION DOES NOT APPLY","ALWAYS WITH RIGHT HAND","ALWAYS WITH RIGHT HAND","ALWAYS WITH RIGHT HAND","ALWAYS WITH RIGHT HAND","ALWAYS WITH LEFT HAND","1: 1  CONDITION APPLIES","0: 0  CONDITION DOES NOT APPLY","YES","FEMALE","FEMALE"
1984,44032,3,0,3,44000,5,184,2,2,4,3,2,3,2,1,1,2,1,6,3,7,1,1,34,24,"Male","Non-Black / Non-Hispanic","West (AK, AZ, CA, CO, HI, ID, MT, NV, NM, OR, UT, WA, WY)","High school diploma (Regular 12 year program)","In CBSA, not in central city","NO","3: Mother","YES","NO","NO","NO","YES","0: 0  CONDITION DOES NOT APPLY","ALWAYS WITH RIGHT HAND","ALWAYS WITH RIGHT HAND","ALWAYS WITH RIGHT HAND","ALWAYS WITH RIGHT HAND","ALWAYS WITH LEFT HAND","1: 1  CONDITION APPLIES","1: 1  CONDITION APPLIES","NO","FEMALE","MALE"
1987,64735,2,1,5,33790,6,188,1,1,3,5,2,2,2,2,1,2,1,4,2,5,1,1,32,21,"Male","Hispanic","South (AL, AR, DE, DC, FL, GA, KY, LA, MD, MS, NC, OK, SC, TN , TX, VA, WV)","High school diploma (Regular 12 year program)","In CBSA, not in central city","NO","3: Mother","NO","YES","YES","NO","NO","0: 0  CONDITION DOES NOT APPLY","ALWAYS WITH RIGHT HAND","ALWAYS WITH RIGHT HAND","ALWAYS WITH RIGHT HAND","ALWAYS WITH RIGHT HAND","ALWAYS WITH LEFT HAND","1: 1  CONDITION APPLIES","1: 1  CONDITION APPLIES","NO","FEMALE","MALE"
1982,64735,3,0,1,33790,5,220,1,2,2,4,4,5,2,2,1,2,1,5,2,7,1,1,31,22,"Female","Hispanic","West (AK, AZ, CA, CO, HI, ID, MT, NV, NM, OR, UT, WA, WY)","High school diploma (Regular 12 year program)","In CBSA, not in central city","NO","3: Mother","YES","NO","YES","NO","YES","0: 0  CONDITION DOES NOT APPLY","ALWAYS WITH RIGHT HAND","ALWAYS WITH LEFT HAND","ALWAYS WITH RIGHT HAND","ALWAYS WITH RIGHT HAND","ALWAYS WITH LEFT HAND","1: 1  CONDITION APPLIES","1: 1  CONDITION APPLIES","NO","FEMALE","MALE"
1984,64735,4,1,2,33790,6,189,1,1,5,4,3,4,2,2,1,1,1,5,4,6,1,1,31,21,"Male","Non-Black / Non-Hispanic","West (AK, AZ, CA, CO, HI, ID, MT, NV, NM, OR, UT, WA, WY)","High school diploma (Regular 12 year program)","In CBSA, in central city","YES","3: Mother","YES","NO","YES","NO","NO","0: 0  CONDITION DOES NOT APPLY","ALWAYS WITH RIGHT HAND","ALWAYS WITH RIGHT HAND","ALWAYS WITH RIGHT HAND","ALWAYS WITH RIGHT HAND","ALWAYS WITH LEFT HAND","0: 0  CONDITION DOES NOT APPLY","1: 1  CONDITION APPLIES","YES","FEMALE","FEMALE"
1981,64735,4,1,1,32000,5,182,2,1,2,3,2,6,2,1,2,1,1,4,4,7,1,1,30,19,"Male","Non-Black / Non-Hispanic","West (AK, AZ, CA, CO, HI, ID, MT, NV, NM, OR, UT, WA, WY)","High school diploma (Regular 12 year program)","In CBSA, not in central city","NO","3: Mother","YES","NO","NO","NO","YES","0: 0  CONDITION DOES NOT APPLY","ALWAYS WITH RIGHT HAND","ALWAYS WITH RIGHT HAND","ALWAYS WITH RIGHT HAND","ALWAYS WITH RIGHT HAND","ALWAYS WITH LEFT HAND","1: 1  CONDITION APPLIES","1: 1  CONDITION APPLIES","NO","MALE","FEMALE"
1983,7017,5,1,1,33790,5,182,1,1,3,4,1,8,2,2,1,2,1,4,1,6,1,1,30,19,"Female","Hispanic","West (AK, AZ, CA, CO, HI, ID, MT, NV, NM, OR, UT, WA, WY)","High school diploma (Regular 12 year program)","In CBSA, not in central city","NO","3: Mother","YES","YES","NO","NO","YES","0: 0  CONDITION DOES NOT APPLY","ALWAYS WITH RIGHT HAND","ALWAYS WITH RIGHT HAND","ALWAYS WITH RIGHT HAND","ALWAYS WITH RIGHT HAND","ALWAYS WITH LEFT HAND","0: 0  CONDITION DOES NOT APPLY","1: 1  CONDITION APPLIES","NO","MALE","FEMALE"
1981,64735,3,1,2,33790,5,183,1,1,2,2,3,3,2,2,1,2,1,5,2,8,1,1,2,12,"Female","Hispanic","West (AK, AZ, CA, CO, HI, ID, MT, NV, NM, OR, UT, WA, WY)","High school diploma (Regular 12 year program)","In CBSA, not in central city","NO","3: Mother","YES","NO","YES","NO","YES","0: 0  CONDITION DOES NOT APPLY","ALWAYS WITH RIGHT HAND","ALWAYS WITH RIGHT HAND","ALWAYS WITH RIGHT HAND","ALWAYS WITH RIGHT HAND","ALWAYS WITH LEFT HAND","0: 0  CONDITION DOES NOT APPLY","1: 1  CONDITION APPLIES","YES","MALE","MALE"
1984,64735,3,1,2,33790,5,182,1,1,2,3,2,8,2,2,2,2,1,6,1,7,1,1,11,15,"Female","Hispanic","West (AK, AZ, CA, CO, HI, ID, MT, NV, NM, OR, UT, WA, WY)","Bachelor's degree (BA, BS)","Not in CBSA","NO","3: Mother","YES","NO","NO","NO","YES","0: 0  CONDITION DOES NOT APPLY","ALWAYS WITH RIGHT HAND","ALWAYS WITH RIGHT HAND","ALWAYS WITH RIGHT HAND","ALWAYS WITH RIGHT HAND","ALWAYS WITH LEFT HAND","1: 1  CONDITION APPLIES","1: 1  CONDITION APPLIES","NO","FEMALE","FEMALE"
1981,64735,3,0,1,33790,5,181,2,2,2,5,7,7,2,2,2,2,1,1,1,8,1,1,29,21,"Female","Non-Black / Non-Hispanic","South (AL, AR, DE, DC, FL, GA, KY, LA, MD, MS, NC, OK, SC, TN , TX, VA, WV)","High school diploma (Regular 12 year program)","In CBSA, not in central city","NO","3: Mother","YES","NO","NO","NO","YES","0: 0  CONDITION DOES NOT APPLY","ALWAYS WITH RIGHT HAND","ALWAYS WITH RIGHT HAND","ALWAYS WITH RIGHT HAND","ALWAYS WITH RIGHT HAND","ALWAYS WITH LEFT HAND","1: 1  CONDITION APPLIES","1: 1  CONDITION APPLIES","YES","MALE","FEMALE"
1981,64735,5,1,3,33790,5,181,1,2,5,5,1,2,1,2,1,1,1,1,3,7,1,1,30,19,"Female","Non-Black / Non-Hispanic","South (AL, AR, DE, DC, FL, GA, KY, LA, MD, MS, NC, OK, SC, TN , TX, VA, WV)","High school diploma (Regular 12 year program)","In CBSA, not in central city","NO","3: Mother","YES","NO","NO","NO","NO","0: 0  CONDITION DOES NOT APPLY","ALWAYS WITH RIGHT HAND","ALWAYS WITH RIGHT HAND","ALWAYS WITH RIGHT HAND","ALWAYS WITH RIGHT HAND","ALWAYS WITH LEFT HAND","1: 1  CONDITION APPLIES","1: 1  CONDITION APPLIES","NO","FEMALE","FEMALE"
1985,64735,4,0,1,33790,5,180,1,1,2,3,4,6,2,2,2,2,2,2,1,7,1,1,32,20,"Female","Hispanic","West (AK, AZ, CA, CO, HI, ID, MT, NV, NM, OR, UT, WA, WY)","High school diploma (Regular 12 year program)","In CBSA, not in central city","YES","3: Mother","YES","YES","NO","NO","YES","0: 0  CONDITION DOES NOT APPLY","ALWAYS WITH RIGHT HAND","ALWAYS WITH RIGHT HAND","ALWAYS WITH RIGHT HAND","ALWAYS WITH RIGHT HAND","ALWAYS WITH LEFT HAND","0: 0  CONDITION DOES NOT APPLY","1: 1  CONDITION APPLIES","YES","FEMALE","FEMALE"
1981,64735,4,0,2,33790,6,181,2,1,3,2,6,4,2,2,1,1,1,4,1,7,1,1,30,25,"Male","Non-Black / Non-Hispanic","West (AK, AZ, CA, CO, HI, ID, MT, NV, NM, OR, UT, WA, WY)","GED","In CBSA, in central city","YES","3: Mother","NO","NO","NO","NO","NO","0: 0  CONDITION DOES NOT APPLY","USUALLY WITH RIGHT HAND","ALWAYS WITH RIGHT HAND","ALWAYS WITH RIGHT HAND","ALWAYS WITH RIGHT HAND","ALWAYS WITH LEFT HAND","1: 1  CONDITION APPLIES","1: 1  CONDITION APPLIES","YES","FEMALE","MALE"
1983,64735,2,0,4,33790,6,187,2,2,2,5,4,4,2,2,1,2,1,7,2,7,1,1,31,24,"Male","Black","West (AK, AZ, CA, CO, HI, ID, MT, NV, NM, OR, UT, WA, WY)","Associate/Junior college (AA)","In CBSA, not in central city","NO","3: Mother","YES","NO","NO","NO","YES","0: 0  CONDITION DOES NOT APPLY","ALWAYS WITH RIGHT HAND","ALWAYS WITH RIGHT HAND","ALWAYS WITH RIGHT HAND","ALWAYS WITH RIGHT HAND","ALWAYS WITH LEFT HAND","1: 1  CONDITION APPLIES","1: 1  CONDITION APPLIES","NO","MALE","MALE"
1983,64735,3,0,2,33790,6,183,1,1,3,4,3,2,2,2,2,2,1,2,3,6,1,1,32,22,"Male","Non-Black / Non-Hispanic","Northeast (CT, ME, MA, NH, NJ, NY, PA, RI, VT)","Associate/Junior college (AA)","In CBSA, not in central city","NO","3: Mother","YES","NO","NO","NO","YES","0: 0  CONDITION DOES NOT APPLY","ALWAYS WITH RIGHT HAND","ALWAYS WITH RIGHT HAND","ALWAYS WITH RIGHT HAND","ALWAYS WITH RIGHT HAND","ALWAYS WITH LEFT HAND","1: 1  CONDITION APPLIES","1: 1  CONDITION APPLIES","NO","FEMALE","FEMALE"
1981,64735,5,0,3,33790,5,183,1,1,4,5,2,7,2,1,1,2,2,3,2,7,1,1,33,27,"Female","Non-Black / Non-Hispanic","Northeast (CT, ME, MA, NH, NJ, NY, PA, RI, VT)","None","In CBSA, not in central city","YES","3: Mother","NO","NO","NO","NO","YES","0: 0  CONDITION DOES NOT APPLY","ALWAYS WITH RIGHT HAND","ALWAYS WITH RIGHT HAND","ALWAYS WITH RIGHT HAND","ALWAYS WITH RIGHT HAND","ALWAYS WITH LEFT HAND","1: 1  CONDITION APPLIES","1: 1  CONDITION APPLIES","YES","FEMALE","MALE"
1983,64735,3,1,3,33790,5,181,1,1,4,1,6,3,2,2,1,2,1,6,3,7,1,2,35,53,"Female","Hispanic","South (AL, AR, DE, DC, FL, GA, KY, LA, MD, MS, NC, OK, SC, TN , TX, VA, WV)","GED","In CBSA, not in central city","YES","3: Mother","YES","NO","YES","NO","YES","0: 0  CONDITION DOES NOT APPLY","ALWAYS WITH RIGHT HAND","ALWAYS WITH RIGHT HAND","ALWAYS WITH RIGHT HAND","ALWAYS WITH RIGHT HAND","ALWAYS WITH LEFT HAND","1: 1  CONDITION APPLIES","1: 1  CONDITION APPLIES","NO","MALE","MALE"
1981,64735,2,0,2,33790,5,186,2,1,3,5,1,3,2,1,1,1,1,2,2,7,1,1,26,19,"Male","Hispanic","West (AK, AZ, CA, CO, HI, ID, MT, NV, NM, OR, UT, WA, WY)","GED","In CBSA, not in central city","NO","3: Mother","YES","NO","YES","NO","YES","0: 0  CONDITION DOES NOT APPLY","ALWAYS WITH RIGHT HAND","ALWAYS WITH RIGHT HAND","ALWAYS WITH RIGHT HAND","ALWAYS WITH RIGHT HAND","USUALLY WITH LEFT HAND","1: 1  CONDITION APPLIES","1: 1  CONDITION APPLIES","NO","MALE","MALE"
1982,78000,3,1,4,33790,5,184,1,1,2,5,3,4,2,2,1,2,1,5,3,7,1,1,5,2,"Female","Non-Black / Non-Hispanic","West (AK, AZ, CA, CO, HI, ID, MT, NV, NM, OR, UT, WA, WY)","GED","In CBSA, not in central city","NO","3: Mother","NO","NO","NO","NO","YES","0: 0  CONDITION DOES NOT APPLY","ALWAYS WITH RIGHT HAND","ALWAYS WITH RIGHT HAND","ALWAYS WITH RIGHT HAND","ALWAYS WITH RIGHT HAND","ALWAYS WITH LEFT HAND","0: 0  CONDITION DOES NOT APPLY","1: 1  CONDITION APPLIES","NO","MALE","FEMALE"
1982,64735,3,1,1,33790,5,182,1,3,3,3,5,4,2,2,1,2,1,5,1,7,1,1,31,21,"Female","Non-Black / Non-Hispanic","West (AK, AZ, CA, CO, HI, ID, MT, NV, NM, OR, UT, WA, WY)","High school diploma (Regular 12 year program)","In CBSA, not in central city","NO","3: Mother","YES","NO","NO","NO","YES","0: 0  CONDITION DOES NOT APPLY","ALWAYS WITH RIGHT HAND","ALWAYS WITH RIGHT HAND","ALWAYS WITH RIGHT HAND","ALWAYS WITH RIGHT HAND","ALWAYS WITH LEFT HAND","0: 0  CONDITION DOES NOT APPLY","1: 1  CONDITION APPLIES","YES","MALE","FEMALE"
1984,64735,5,1,1,33790,5,180,1,3,2,3,7,2,1,2,2,2,2,3,1,7,1,1,32,21,"Female","Hispanic","West (AK, AZ, CA, CO, HI, ID, MT, NV, NM, OR, UT, WA, WY)","None","In CBSA, not in central city","NO","3: Mother","YES","YES","NO","NO","YES","0: 0  CONDITION DOES NOT APPLY","ALWAYS WITH RIGHT HAND","ALWAYS WITH RIGHT HAND","ALWAYS WITH RIGHT HAND","ALWAYS WITH RIGHT HAND","ALWAYS WITH LEFT HAND","0: 0  CONDITION DOES NOT APPLY","1: 1  CONDITION APPLIES","NO","FEMALE","FEMALE"
1982,64735,4,0,2,33790,5,183,2,3,1,4,2,2,1,2,1,2,1,3,3,8,1,1,33,20,"Female","Hispanic","West (AK, AZ, CA, CO, HI, ID, MT, NV, NM, OR, UT, WA, WY)","High school diploma (Regular 12 year program)","In CBSA, not in central city","YES","3: Mother","NO","YES","YES","NO","NO","0: 0  CONDITION DOES NOT APPLY","ALWAYS WITH RIGHT HAND","ALWAYS WITH RIGHT HAND","ALWAYS WITH RIGHT HAND","ALWAYS WITH RIGHT HAND","USUALLY WITH BOTH HANDS EQUALLY","1: 1  CONDITION APPLIES","1: 1  CONDITION APPLIES","YES","MALE","FEMALE"
1985,64735,2,0,2,33790,6,181,1,1,1,3,5,5,2,2,1,1,1,5,3,7,1,1,27,20,"Male","Hispanic","West (AK, AZ, CA, CO, HI, ID, MT, NV, NM, OR, UT, WA, WY)","Associate/Junior college (AA)","In CBSA, in central city","NO","3: Mother","YES","NO","NO","NO","YES","0: 0  CONDITION DOES NOT APPLY","ALWAYS WITH RIGHT HAND","ALWAYS WITH RIGHT HAND","ALWAYS WITH RIGHT HAND","ALWAYS WITH RIGHT HAND","ALWAYS WITH LEFT HAND","1: 1  CONDITION APPLIES","1: 1  CONDITION APPLIES","NO","FEMALE","MALE"
1983,64735,5,1,3,33790,5,120,1,2,3,3,5,2,1,2,1,2,1,6,1,7,1,1,31,24,"Female","Non-Black / Non-Hispanic","West (AK, AZ, CA, CO, HI, ID, MT, NV, NM, OR, UT, WA, WY)","High school diploma (Regular 12 year program)","In CBSA, in central city","NO","3: Mother","YES","NO","NO","NO","NO","0: 0  CONDITION DOES NOT APPLY","ALWAYS WITH RIGHT HAND","ALWAYS WITH RIGHT HAND","ALWAYS WITH RIGHT HAND","ALWAYS WITH RIGHT HAND","ALWAYS WITH LEFT HAND","1: 1  CONDITION APPLIES","1: 1  CONDITION APPLIES","YES","FEMALE","MALE"
1981,64735,2,0,2,33790,5,290,1,1,6,4,4,2,2,2,1,2,1,3,2,5,1,1,46,27,"Male","Non-Black / Non-Hispanic","South (AL, AR, DE, DC, FL, GA, KY, LA, MD, MS, NC, OK, SC, TN , TX, VA, WV)","High school diploma (Regular 12 year program)","In CBSA, not in central city","YES","3: Mother","YES","NO","YES","NO","NO","0: 0  CONDITION DOES NOT APPLY","ALWAYS WITH RIGHT HAND","ALWAYS WITH RIGHT HAND","ALWAYS WITH RIGHT HAND","ALWAYS WITH RIGHT HAND","USUALLY WITH LEFT HAND","1: 1  CONDITION APPLIES","1: 1  CONDITION APPLIES","NO","FEMALE","MALE"
1980,64735,8,1,5,33790,5,184,1,2,2,3,2,2,2,2,2,1,1,3,4,7,1,1,40,22,"Female","Black","South (AL, AR, DE, DC, FL, GA, KY, LA, MD, MS, NC, OK, SC, TN , TX, VA, WV)","None","In CBSA, not in central city","YES","3: Mother","NO","YES","YES","NO","YES","0: 0  CONDITION DOES NOT APPLY","ALWAYS WITH LEFT HAND","ALWAYS WITH RIGHT HAND","ALWAYS WITH RIGHT HAND","ALWAYS WITH LEFT HAND","ALWAYS WITH LEFT HAND","1: 1  CONDITION APPLIES","1: 1  CONDITION APPLIES","NO","MALE","FEMALE"
1981,64735,2,0,1,28000,5,184,1,1,3,3,3,4,2,2,1,2,2,7,2,7,1,1,31,20,"Male","Hispanic","West (AK, AZ, CA, CO, HI, ID, MT, NV, NM, OR, UT, WA, WY)","High school diploma (Regular 12 year program)","In CBSA, in central city","NO","3: Mother","NO","NO","NO","NO","NO","1: 1  CONDITION APPLIES","ALWAYS WITH RIGHT HAND","ALWAYS WITH RIGHT HAND","ALWAYS WITH RIGHT HAND","ALWAYS WITH RIGHT HAND","ALWAYS WITH LEFT HAND","1: 1  CONDITION APPLIES","1: 1  CONDITION APPLIES","YES","MALE","FEMALE"
1981,64735,1,1,6,33790,5,185,2,2,1,5,3,2,2,2,1,2,2,4,1,6,1,1,33,15,"Female","Non-Black / Non-Hispanic","North Central (IL, IN, IA, KS, MI, MN, MO, NE, OH, ND, SD, WI)","Bachelor's degree (BA, BS)","In CBSA, in central city","NO","3: Mother","NO","YES","NO","NO","YES","0: 0  CONDITION DOES NOT APPLY","ALWAYS WITH RIGHT HAND","ALWAYS WITH RIGHT HAND","ALWAYS WITH RIGHT HAND","ALWAYS WITH RIGHT HAND","ALWAYS WITH LEFT HAND","0: 0  CONDITION DOES NOT APPLY","0: 0  CONDITION DOES NOT APPLY","NO","MALE","MALE"
1982,36750,3,2,1,33790,5,180,1,2,2,10,6,4,2,2,1,1,1,7,3,7,1,1,29,21,"Female","Hispanic","South (AL, AR, DE, DC, FL, GA, KY, LA, MD, MS, NC, OK, SC, TN , TX, VA, WV)","Associate/Junior college (AA)","Not in CBSA","NO","3: Mother","NO","NO","NO","NO","NO","0: 0  CONDITION DOES NOT APPLY","ALWAYS WITH RIGHT HAND","ALWAYS WITH RIGHT HAND","USUALLY WITH RIGHT HAND","ALWAYS WITH RIGHT HAND","ALWAYS WITH LEFT HAND","1: 1  CONDITION APPLIES","1: 1  CONDITION APPLIES","NO","FEMALE","MALE"
1982,84000,3,1,3,14000,5,184,1,1,2,3,2,2,2,2,1,2,1,10,2,7,1,1,31,24,"Female","Hispanic","West (AK, AZ, CA, CO, HI, ID, MT, NV, NM, OR, UT, WA, WY)","Bachelor's degree (BA, BS)","In CBSA, not in central city","YES","3: Mother","NO","NO","YES","NO","YES","0: 0  CONDITION DOES NOT APPLY","ALWAYS WITH RIGHT HAND","ALWAYS WITH RIGHT HAND","ALWAYS WITH RIGHT HAND","ALWAYS WITH RIGHT HAND","ALWAYS WITH LEFT HAND","1: 1  CONDITION APPLIES","1: 1  CONDITION APPLIES","YES","FEMALE","MALE"
1980,64735,5,1,1,33790,5,181,1,2,3,4,2,5,2,2,1,1,1,5,4,7,1,1,27,17,"Female","Black","North Central (IL, IN, IA, KS, MI, MN, MO, NE, OH, ND, SD, WI)","High school diploma (Regular 12 year program)","In CBSA, in central city","NO","3: Mother","NO","NO","NO","NO","YES","0: 0  CONDITION DOES NOT APPLY","ALWAYS WITH LEFT HAND","ALWAYS WITH RIGHT HAND","ALWAYS WITH RIGHT HAND","ALWAYS WITH RIGHT HAND","ALWAYS WITH LEFT HAND","1: 1  CONDITION APPLIES","1: 1  CONDITION APPLIES","NO","MALE","FEMALE"
1981,64735,4,0,1,33790,6,183,1,2,3,3,3,5,2,1,1,2,1,6,2,5,1,1,33,21,"Male","Black","South (AL, AR, DE, DC, FL, GA, KY, LA, MD, MS, NC, OK, SC, TN , TX, VA, WV)","High school diploma (Regular 12 year program)","In CBSA, not in central city","NO","3: Mother","YES","NO","NO","NO","YES","0: 0  CONDITION DOES NOT APPLY","ALWAYS WITH RIGHT HAND","ALWAYS WITH RIGHT HAND","ALWAYS WITH RIGHT HAND","ALWAYS WITH RIGHT HAND","USUALLY WITH BOTH HANDS EQUALLY","1: 1  CONDITION APPLIES","0: 0  CONDITION DOES NOT APPLY","NO","FEMALE","FEMALE"
1981,40050,2,1,1,33790,5,181,2,2,2,2,2,3,2,2,1,1,1,7,3,6,1,1,12,19,"Female","Black","North Central (IL, IN, IA, KS, MI, MN, MO, NE, OH, ND, SD, WI)","High school diploma (Regular 12 year program)","In CBSA, not in central city","NO","3: Mother","YES","YES","NO","NO","YES","0: 0  CONDITION DOES NOT APPLY","ALWAYS WITH RIGHT HAND","ALWAYS WITH RIGHT HAND","ALWAYS WITH RIGHT HAND","ALWAYS WITH RIGHT HAND","ALWAYS WITH LEFT HAND","1: 1  CONDITION APPLIES","0: 0  CONDITION DOES NOT APPLY","NO","MALE","FEMALE"
1983,64735,4,1,5,33790,5,182,1,1,1,2,5,2,1,2,1,2,1,6,1,7,1,1,29,22,"Female","Non-Black / Non-Hispanic","South (AL, AR, DE, DC, FL, GA, KY, LA, MD, MS, NC, OK, SC, TN , TX, VA, WV)","Bachelor's degree (BA, BS)","In CBSA, not in central city","NO","3: Mother","NO","NO","NO","YES","NO","0: 0  CONDITION DOES NOT APPLY","ALWAYS WITH RIGHT HAND","ALWAYS WITH RIGHT HAND","ALWAYS WITH RIGHT HAND","ALWAYS WITH RIGHT HAND","ALWAYS WITH LEFT HAND","1: 1  CONDITION APPLIES","1: 1  CONDITION APPLIES","NO","MALE","MALE"
1982,64735,3,0,2,33790,6,186,1,2,2,3,1,4,2,2,2,2,1,4,4,5,1,1,32,20,"Male","Non-Black / Non-Hispanic","South (AL, AR, DE, DC, FL, GA, KY, LA, MD, MS, NC, OK, SC, TN , TX, VA, WV)","High school diploma (Regular 12 year program)","In CBSA, in central city","NO","3: Mother","YES","YES","YES","NO","YES","0: 0  CONDITION DOES NOT APPLY","ALWAYS WITH RIGHT HAND","ALWAYS WITH RIGHT HAND","ALWAYS WITH RIGHT HAND","ALWAYS WITH RIGHT HAND","ALWAYS WITH LEFT HAND","1: 1  CONDITION APPLIES","1: 1  CONDITION APPLIES","NO","FEMALE","MALE"
1982,64735,3,1,2,33790,6,188,1,2,1,3,2,3,2,3,2,2,1,4,2,3,1,1,32,19,"Male","Black","North Central (IL, IN, IA, KS, MI, MN, MO, NE, OH, ND, SD, WI)","High school diploma (Regular 12 year program)","In CBSA, not in central city","NO","3: Mother","NO","YES","NO","NO","YES","0: 0  CONDITION DOES NOT APPLY","DON'T DO THIS ACTIVITY","ALWAYS WITH RIGHT HAND","ALWAYS WITH RIGHT HAND","ALWAYS WITH LEFT HAND","ALWAYS WITH LEFT HAND","1: 1  CONDITION APPLIES","1: 1  CONDITION APPLIES","NO","FEMALE","MALE"
1980,64735,4,1,2,33790,5,180,2,1,4,4,5,4,2,2,2,2,1,6,3,6,1,1,31,21,"Male","Black","South (AL, AR, DE, DC, FL, GA, KY, LA, MD, MS, NC, OK, SC, TN , TX, VA, WV)","Master's degree (MA, MS)","In CBSA, not in central city","NO","3: Mother","YES","NO","NO","NO","YES","0: 0  CONDITION DOES NOT APPLY","ALWAYS WITH RIGHT HAND","ALWAYS WITH RIGHT HAND","ALWAYS WITH RIGHT HAND","ALWAYS WITH RIGHT HAND","ALWAYS WITH LEFT HAND","1: 1  CONDITION APPLIES","1: 1  CONDITION APPLIES","NO","FEMALE","FEMALE"
1983,64735,8,1,1,33790,5,182,1,2,3,4,2,5,2,1,1,1,1,4,3,5,1,1,75,29,"Male","Hispanic","West (AK, AZ, CA, CO, HI, ID, MT, NV, NM, OR, UT, WA, WY)","High school diploma (Regular 12 year program)","In CBSA, not in central city","YES","3: Mother","NO","NO","NO","NO","YES","0: 0  CONDITION DOES NOT APPLY","ALWAYS WITH LEFT HAND","USUALLY WITH RIGHT HAND","ALWAYS WITH RIGHT HAND","ALWAYS WITH LEFT HAND","ALWAYS WITH RIGHT HAND","1: 1  CONDITION APPLIES","1: 1  CONDITION APPLIES","NO","FEMALE","FEMALE"
1982,64735,2,1,4,33790,5,186,2,1,3,4,3,5,2,2,1,2,1,6,2,4,1,1,29,16,"Female","Non-Black / Non-Hispanic","South (AL, AR, DE, DC, FL, GA, KY, LA, MD, MS, NC, OK, SC, TN , TX, VA, WV)","High school diploma (Regular 12 year program)","In CBSA, not in central city","NO","3: Mother","YES","NO","YES","NO","YES","0: 0  CONDITION DOES NOT APPLY","ALWAYS WITH LEFT HAND","USUALLY WITH BOTH HANDS EQUALLY","ALWAYS WITH LEFT HAND","ALWAYS WITH LEFT HAND","ALWAYS WITH LEFT HAND","1: 1  CONDITION APPLIES","1: 1  CONDITION APPLIES","NO","MALE","FEMALE"
1983,64735,4,1,1,33790,6,182,1,2,2,4,4,3,2,2,2,1,1,4,6,7,1,1,30,18,"Female","Black","West (AK, AZ, CA, CO, HI, ID, MT, NV, NM, OR, UT, WA, WY)","High school diploma (Regular 12 year program)","In CBSA, in central city","NO","3: Mother","NO","YES","NO","NO","NO","0: 0  CONDITION DOES NOT APPLY","ALWAYS WITH RIGHT HAND","ALWAYS WITH RIGHT HAND","ALWAYS WITH RIGHT HAND","ALWAYS WITH RIGHT HAND","ALWAYS WITH LEFT HAND","1: 1  CONDITION APPLIES","1: 1  CONDITION APPLIES","NO","MALE","FEMALE"
1981,64735,4,0,1,33790,5,182,1,2,1,3,4,4,2,1,1,1,2,3,2,7,1,1,35,21,"Male","Hispanic","South (AL, AR, DE, DC, FL, GA, KY, LA, MD, MS, NC, OK, SC, TN , TX, VA, WV)","High school diploma (Regular 12 year program)","In CBSA, in central city","YES","3: Mother","NO","NO","NO","YES","YES","0: 0  CONDITION DOES NOT APPLY","ALWAYS WITH RIGHT HAND","USUALLY WITH BOTH HANDS EQUALLY","ALWAYS WITH RIGHT HAND","ALWAYS WITH RIGHT HAND","ALWAYS WITH LEFT HAND","1: 1  CONDITION APPLIES","1: 1  CONDITION APPLIES","YES","FEMALE","MALE"
1982,64735,4,1,3,33790,5,185,1,1,2,3,2,4,1,2,1,2,1,1,2,6,1,1,29,20,"Male","Black","West (AK, AZ, CA, CO, HI, ID, MT, NV, NM, OR, UT, WA, WY)","High school diploma (Regular 12 year program)","In CBSA, not in central city","NO","3: Mother","YES","NO","NO","NO","YES","0: 0  CONDITION DOES NOT APPLY","ALWAYS WITH RIGHT HAND","ALWAYS WITH RIGHT HAND","ALWAYS WITH RIGHT HAND","ALWAYS WITH RIGHT HAND","USUALLY WITH BOTH HANDS EQUALLY","1: 1  CONDITION APPLIES","1: 1  CONDITION APPLIES","NO","MALE","FEMALE"
1984,64735,6,0,3,33790,6,185,1,1,1,3,2,5,2,1,2,2,1,1,3,4,1,1,37,26,"Male","Black","Northeast (CT, ME, MA, NH, NJ, NY, PA, RI, VT)","High school diploma (Regular 12 year program)","In CBSA, not in central city","YES","3: Mother","NO","YES","NO","NO","YES","0: 0  CONDITION DOES NOT APPLY","ALWAYS WITH RIGHT HAND","USUALLY WITH RIGHT HAND","ALWAYS WITH RIGHT HAND","ALWAYS WITH RIGHT HAND","ALWAYS WITH LEFT HAND","1: 1  CONDITION APPLIES","1: 1  CONDITION APPLIES","NO","FEMALE","MALE"
1980,64735,3,1,2,62000,5,182,2,1,2,3,9,7,2,2,1,2,1,7,1,7,1,1,27,25,"Female","Hispanic","North Central (IL, IN, IA, KS, MI, MN, MO, NE, OH, ND, SD, WI)","Associate/Junior college (AA)","In CBSA, not in central city","YES","3: Mother","YES","NO","NO","NO","YES","0: 0  CONDITION DOES NOT APPLY","ALWAYS WITH RIGHT HAND","ALWAYS WITH RIGHT HAND","ALWAYS WITH RIGHT HAND","ALWAYS WITH RIGHT HAND","ALWAYS WITH LEFT HAND","1: 1  CONDITION APPLIES","1: 1  CONDITION APPLIES","NO","MALE","MALE"
1981,64735,5,0,3,33790,5,182,1,3,6,3,5,4,2,2,1,1,1,3,1,6,1,1,31,17,"Female","Non-Black / Non-Hispanic","West (AK, AZ, CA, CO, HI, ID, MT, NV, NM, OR, UT, WA, WY)","High school diploma (Regular 12 year program)","In CBSA, not in central city","NO","3: Mother","YES","YES","NO","NO","NO","0: 0  CONDITION DOES NOT APPLY","ALWAYS WITH LEFT HAND","USUALLY WITH BOTH HANDS EQUALLY","ALWAYS WITH LEFT HAND","ALWAYS WITH RIGHT HAND","ALWAYS WITH LEFT HAND","1: 1  CONDITION APPLIES","1: 1  CONDITION APPLIES","YES","MALE","FEMALE"
1980,64735,6,2,4,33790,5,185,2,2,1,6,2,2,2,2,1,2,1,5,2,6,1,1,24,14,"Female","Non-Black / Non-Hispanic","West (AK, AZ, CA, CO, HI, ID, MT, NV, NM, OR, UT, WA, WY)","High school diploma (Regular 12 year program)","In CBSA, not in central city","NO","3: Mother","YES","NO","NO","NO","YES","0: 0  CONDITION DOES NOT APPLY","ALWAYS WITH RIGHT HAND","ALWAYS WITH RIGHT HAND","ALWAYS WITH RIGHT HAND","ALWAYS WITH RIGHT HAND","ALWAYS WITH LEFT HAND","1: 1  CONDITION APPLIES","1: 1  CONDITION APPLIES","NO","FEMALE","FEMALE"
1982,64735,2,0,7,33790,5,183,1,1,1,4,1,3,2,2,2,2,2,6,4,9,1,1,30,20,"Female","Non-Black / Non-Hispanic","South (AL, AR, DE, DC, FL, GA, KY, LA, MD, MS, NC, OK, SC, TN , TX, VA, WV)","Bachelor's degree (BA, BS)","In CBSA, in central city","NO","3: Mother","YES","NO","YES","NO","YES","0: 0  CONDITION DOES NOT APPLY","ALWAYS WITH LEFT HAND","ALWAYS WITH LEFT HAND","ALWAYS WITH LEFT HAND","ALWAYS WITH LEFT HAND","ALWAYS WITH LEFT HAND","1: 1  CONDITION APPLIES","1: 1  CONDITION APPLIES","NO","FEMALE","MALE"
1982,64735,3,1,3,33790,5,180,1,2,3,3,3,7,2,2,2,1,1,4,3,7,1,1,28,19,"Female","Hispanic","South (AL, AR, DE, DC, FL, GA, KY, LA, MD, MS, NC, OK, SC, TN , TX, VA, WV)","High school diploma (Regular 12 year program)","In CBSA, not in central city","NO","3: Mother","NO","NO","NO","NO","NO","0: 0  CONDITION DOES NOT APPLY","ALWAYS WITH RIGHT HAND","ALWAYS WITH RIGHT HAND","ALWAYS WITH RIGHT HAND","ALWAYS WITH RIGHT HAND","ALWAYS WITH LEFT HAND","1: 1  CONDITION APPLIES","1: 1  CONDITION APPLIES","NO","FEMALE","FEMALE"
1982,64735,3,0,4,33790,5,185,1,1,3,3,2,2,2,2,1,2,1,4,2,6,1,1,32,23,"Male","Non-Black / Non-Hispanic","South (AL, AR, DE, DC, FL, GA, KY, LA, MD, MS, NC, OK, SC, TN , TX, VA, WV)","High school diploma (Regular 12 year program)","In CBSA, not in central city","NO","3: Mother","YES","NO","YES","NO","YES","0: 0  CONDITION DOES NOT APPLY","ALWAYS WITH RIGHT HAND","ALWAYS WITH RIGHT HAND","ALWAYS WITH RIGHT HAND","ALWAYS WITH RIGHT HAND","ALWAYS WITH LEFT HAND","1: 1  CONDITION APPLIES","1: 1  CONDITION APPLIES","NO","FEMALE","FEMALE"
1985,64735,3,1,5,33790,5,163,3,3,3,2,4,2,1,2,1,2,2,2,7,7,1,1,24,16,"Female","Non-Black / Non-Hispanic","South (AL, AR, DE, DC, FL, GA, KY, LA, MD, MS, NC, OK, SC, TN , TX, VA, WV)","High school diploma (Regular 12 year program)","In CBSA, not in central city","NO","3: Mother","NO","NO","NO","NO","YES","0: 0  CONDITION DOES NOT APPLY","ALWAYS WITH RIGHT HAND","ALWAYS WITH LEFT HAND","ALWAYS WITH RIGHT HAND","ALWAYS WITH RIGHT HAND","ALWAYS WITH LEFT HAND","1: 1  CONDITION APPLIES","1: 1  CONDITION APPLIES","NO","FEMALE","FEMALE"
1981,64735,6,1,2,33790,5,163,2,1,4,4,1,2,1,2,1,2,1,7,1,9,1,1,5,16,"Female","Hispanic","West (AK, AZ, CA, CO, HI, ID, MT, NV, NM, OR, UT, WA, WY)","None","In CBSA, not in central city","NO","3: Mother","NO","YES","NO","NO","YES","0: 0  CONDITION DOES NOT APPLY","ALWAYS WITH RIGHT HAND","ALWAYS WITH RIGHT HAND","ALWAYS WITH RIGHT HAND","DON'T DO THIS ACTIVITY","ALWAYS WITH LEFT HAND","1: 1  CONDITION APPLIES","1: 1  CONDITION APPLIES","YES","FEMALE","MALE"
1982,64735,4,1,2,33790,5,183,1,1,4,4,3,3,2,2,1,1,1,4,3,7,1,1,29,20,"Male","Non-Black / Non-Hispanic","South (AL, AR, DE, DC, FL, GA, KY, LA, MD, MS, NC, OK, SC, TN , TX, VA, WV)","None","In CBSA, not in central city","NO","3: Mother","NO","YES","YES","NO","YES","0: 0  CONDITION DOES NOT APPLY","ALWAYS WITH RIGHT HAND","ALWAYS WITH RIGHT HAND","ALWAYS WITH RIGHT HAND","ALWAYS WITH RIGHT HAND","ALWAYS WITH LEFT HAND","1: 1  CONDITION APPLIES","0: 0  CONDITION DOES NOT APPLY","NO","FEMALE","MALE"
1983,64735,5,0,2,33790,6,184,1,2,3,3,5,5,2,1,1,2,1,6,2,6,1,1,32,24,"Male","Non-Black / Non-Hispanic","West (AK, AZ, CA, CO, HI, ID, MT, NV, NM, OR, UT, WA, WY)","High school diploma (Regular 12 year program)","In CBSA, not in central city","NO","3: Mother","NO","NO","NO","NO","YES","0: 0  CONDITION DOES NOT APPLY","ALWAYS WITH RIGHT HAND","ALWAYS WITH RIGHT HAND","ALWAYS WITH RIGHT HAND","ALWAYS WITH RIGHT HAND","ALWAYS WITH LEFT HAND","1: 1  CONDITION APPLIES","1: 1  CONDITION APPLIES","NO","FEMALE","FEMALE"
1981,64735,3,1,4,33790,5,184,1,1,1,4,2,3,2,1,1,1,2,6,4,7,1,1,29,21,"Male","Black","South (AL, AR, DE, DC, FL, GA, KY, LA, MD, MS, NC, OK, SC, TN , TX, VA, WV)","High school diploma (Regular 12 year program)","In CBSA, in central city","NO","3: Mother","YES","NO","NO","NO","YES","0: 0  CONDITION DOES NOT APPLY","ALWAYS WITH RIGHT HAND","ALWAYS WITH RIGHT HAND","ALWAYS WITH RIGHT HAND","ALWAYS WITH RIGHT HAND","ALWAYS WITH LEFT HAND","1: 1  CONDITION APPLIES","1: 1  CONDITION APPLIES","NO","MALE","MALE"
1983,64735,2,1,3,33790,5,183,1,1,3,5,2,6,2,2,2,2,1,4,3,6,1,1,30,21,"Male","Black","North Central (IL, IN, IA, KS, MI, MN, MO, NE, OH, ND, SD, WI)","High school diploma (Regular 12 year program)","In CBSA, not in central city","NO","3: Mother","YES","NO","NO","NO","YES","0: 0  CONDITION DOES NOT APPLY","ALWAYS WITH RIGHT HAND","ALWAYS WITH RIGHT HAND","ALWAYS WITH RIGHT HAND","ALWAYS WITH RIGHT HAND","ALWAYS WITH LEFT HAND","1: 1  CONDITION APPLIES","1: 1  CONDITION APPLIES","NO","FEMALE","MALE"
1983,64735,2,0,2,33790,5,184,1,2,6,4,4,3,2,2,2,1,1,6,3,7,1,1,28,22,"Male","Black","South (AL, AR, DE, DC, FL, GA, KY, LA, MD, MS, NC, OK, SC, TN , TX, VA, WV)","High school diploma (Regular 12 year program)","In CBSA, in central city","YES","3: Mother","YES","NO","NO","NO","YES","0: 0  CONDITION DOES NOT APPLY","ALWAYS WITH RIGHT HAND","ALWAYS WITH RIGHT HAND","ALWAYS WITH RIGHT HAND","ALWAYS WITH RIGHT HAND","ALWAYS WITH LEFT HAND","1: 1  CONDITION APPLIES","1: 1  CONDITION APPLIES","NO","FEMALE","MALE"
1980,64735,2,0,2,33790,5,180,1,1,3,3,5,6,2,2,1,2,2,7,4,6,1,1,28,16,"Female","Non-Black / Non-Hispanic","West (AK, AZ, CA, CO, HI, ID, MT, NV, NM, OR, UT, WA, WY)","High school diploma (Regular 12 year program)","In CBSA, not in central city","NO","3: Mother","YES","NO","YES","NO","YES","0: 0  CONDITION DOES NOT APPLY","ALWAYS WITH RIGHT HAND","ALWAYS WITH RIGHT HAND","ALWAYS WITH RIGHT HAND","ALWAYS WITH RIGHT HAND","ALWAYS WITH LEFT HAND","0: 0  CONDITION DOES NOT APPLY","0: 0  CONDITION DOES NOT APPLY","NO","MALE","FEMALE"
1981,64735,3,1,1,33790,5,182,1,2,3,4,5,4,1,2,2,2,1,5,1,5,1,1,35,21,"Male","Non-Black / Non-Hispanic","Northeast (CT, ME, MA, NH, NJ, NY, PA, RI, VT)","High school diploma (Regular 12 year program)","In CBSA, in central city","NO","3: Mother","YES","YES","NO","NO","YES","0: 0  CONDITION DOES NOT APPLY","ALWAYS WITH RIGHT HAND","USUALLY WITH BOTH HANDS EQUALLY","ALWAYS WITH RIGHT HAND","ALWAYS WITH RIGHT HAND","ALWAYS WITH LEFT HAND","1: 1  CONDITION APPLIES","1: 1  CONDITION APPLIES","NO","FEMALE","MALE"
1980,15000,1,0,1,15000,5,210,2,2,5,4,2,3,2,2,2,2,1,7,3,6,1,1,31,24,"Male","Non-Black / Non-Hispanic","South (AL, AR, DE, DC, FL, GA, KY, LA, MD, MS, NC, OK, SC, TN , TX, VA, WV)","GED","In CBSA, in central city","NO","3: Mother","YES","NO","NO","NO","YES","0: 0  CONDITION DOES NOT APPLY","ALWAYS WITH RIGHT HAND","ALWAYS WITH RIGHT HAND","ALWAYS WITH RIGHT HAND","ALWAYS WITH RIGHT HAND","ALWAYS WITH LEFT HAND","1: 1  CONDITION APPLIES","1: 1  CONDITION APPLIES","NO","FEMALE","FEMALE"
1984,64735,5,0,1,33790,5,182,1,1,2,3,2,3,2,2,2,2,1,2,1,7,1,1,55,67,"Female","Black","North Central (IL, IN, IA, KS, MI, MN, MO, NE, OH, ND, SD, WI)","None","In CBSA, in central city","YES","3: Mother","NO","NO","NO","NO","NO","0: 0  CONDITION DOES NOT APPLY","ALWAYS WITH RIGHT HAND","ALWAYS WITH RIGHT HAND","ALWAYS WITH RIGHT HAND","ALWAYS WITH RIGHT HAND","ALWAYS WITH LEFT HAND","0: 0  CONDITION DOES NOT APPLY","1: 1  CONDITION APPLIES","NO","FEMALE","MALE"
1981,64735,2,0,4,33790,5,183,1,2,2,3,2,1,2,2,2,2,1,5,1,7,1,1,33,24,"Male","Hispanic","South (AL, AR, DE, DC, FL, GA, KY, LA, MD, MS, NC, OK, SC, TN , TX, VA, WV)","High school diploma (Regular 12 year program)","In CBSA, in central city","NO","3: Mother","NO","NO","NO","NO","YES","0: 0  CONDITION DOES NOT APPLY","ALWAYS WITH RIGHT HAND","ALWAYS WITH RIGHT HAND","ALWAYS WITH RIGHT HAND","ALWAYS WITH RIGHT HAND","ALWAYS WITH LEFT HAND","1: 1  CONDITION APPLIES","1: 1  CONDITION APPLIES","NO","FEMALE","FEMALE"
1982,64735,4,0,2,33790,6,175,1,2,2,3,2,7,2,2,2,1,1,3,4,5,1,1,35,16,"Male","Non-Black / Non-Hispanic","North Central (IL, IN, IA, KS, MI, MN, MO, NE, OH, ND, SD, WI)","High school diploma (Regular 12 year program)","In CBSA, not in central city","NO","3: Mother","NO","NO","NO","NO","NO","0: 0  CONDITION DOES NOT APPLY","ALWAYS WITH RIGHT HAND","ALWAYS WITH RIGHT HAND","USUALLY WITH RIGHT HAND","ALWAYS WITH LEFT HAND","USUALLY WITH BOTH HANDS EQUALLY","1: 1  CONDITION APPLIES","1: 1  CONDITION APPLIES","NO","MALE","MALE"
1984,92250,3,0,3,33790,5,184,1,2,3,6,1,2,2,2,1,2,2,8,6,6,1,1,29,23,"Female","Black","South (AL, AR, DE, DC, FL, GA, KY, LA, MD, MS, NC, OK, SC, TN , TX, VA, WV)","GED","In CBSA, in central city","NO","3: Mother","YES","NO","NO","NO","YES","0: 0  CONDITION DOES NOT APPLY","ALWAYS WITH RIGHT HAND","ALWAYS WITH RIGHT HAND","ALWAYS WITH RIGHT HAND","ALWAYS WITH RIGHT HAND","ALWAYS WITH LEFT HAND","1: 1  CONDITION APPLIES","1: 1  CONDITION APPLIES","NO","MALE","FEMALE"
1983,64735,3,0,1,33790,5,183,2,1,4,6,3,3,2,2,2,2,1,2,4,6,1,1,30,21,"Female","Non-Black / Non-Hispanic","North Central (IL, IN, IA, KS, MI, MN, MO, NE, OH, ND, SD, WI)","High school diploma (Regular 12 year program)","In CBSA, in central city","YES","3: Mother","NO","NO","NO","NO","YES","0: 0  CONDITION DOES NOT APPLY","ALWAYS WITH RIGHT HAND","ALWAYS WITH RIGHT HAND","ALWAYS WITH LEFT HAND","ALWAYS WITH RIGHT HAND","ALWAYS WITH LEFT HAND","1: 1  CONDITION APPLIES","1: 1  CONDITION APPLIES","NO","FEMALE","MALE"
1983,64735,3,0,4,33790,5,183,2,1,2,3,4,4,2,2,2,2,1,3,3,6,1,1,30,20,"Male","Non-Black / Non-Hispanic","South (AL, AR, DE, DC, FL, GA, KY, LA, MD, MS, NC, OK, SC, TN , TX, VA, WV)","High school diploma (Regular 12 year program)","In CBSA, not in central city","NO","3: Mother","YES","NO","NO","NO","NO","0: 0  CONDITION DOES NOT APPLY","ALWAYS WITH RIGHT HAND","ALWAYS WITH RIGHT HAND","ALWAYS WITH RIGHT HAND","ALWAYS WITH RIGHT HAND","ALWAYS WITH LEFT HAND","1: 1  CONDITION APPLIES","1: 1  CONDITION APPLIES","NO","MALE","FEMALE"
1981,64735,3,1,4,33790,5,183,1,1,3,2,2,4,2,2,1,2,1,1,2,8,1,1,12,18,"Male","Non-Black / Non-Hispanic","North Central (IL, IN, IA, KS, MI, MN, MO, NE, OH, ND, SD, WI)","GED","In CBSA, in central city","NO","3: Mother","NO","YES","NO","NO","NO","0: 0  CONDITION DOES NOT APPLY","ALWAYS WITH RIGHT HAND","ALWAYS WITH RIGHT HAND","ALWAYS WITH RIGHT HAND","ALWAYS WITH RIGHT HAND","ALWAYS WITH LEFT HAND","1: 1  CONDITION APPLIES","1: 1  CONDITION APPLIES","NO","FEMALE","FEMALE"
1980,64735,3,1,2,33790,5,280,1,1,5,4,2,4,2,2,1,2,1,3,1,6,1,1,26,23,"Male","Non-Black / Non-Hispanic","South (AL, AR, DE, DC, FL, GA, KY, LA, MD, MS, NC, OK, SC, TN , TX, VA, WV)","High school diploma (Regular 12 year program)","In CBSA, not in central city","YES","3: Mother","NO","NO","NO","NO","NO","0: 0  CONDITION DOES NOT APPLY","ALWAYS WITH RIGHT HAND","ALWAYS WITH RIGHT HAND","ALWAYS WITH RIGHT HAND","ALWAYS WITH RIGHT HAND","ALWAYS WITH LEFT HAND","1: 1  CONDITION APPLIES","1: 1  CONDITION APPLIES","NO","FEMALE","FEMALE"
1983,64735,2,0,4,33790,5,183,1,2,2,3,3,4,2,2,1,2,1,6,3,6,1,1,28,22,"Female","Non-Black / Non-Hispanic","South (AL, AR, DE, DC, FL, GA, KY, LA, MD, MS, NC, OK, SC, TN , TX, VA, WV)","High school diploma (Regular 12 year program)","In CBSA, not in central city","NO","3: Mother","NO","YES","NO","NO","NO","0: 0  CONDITION DOES NOT APPLY","ALWAYS WITH RIGHT HAND","ALWAYS WITH RIGHT HAND","ALWAYS WITH RIGHT HAND","ALWAYS WITH RIGHT HAND","ALWAYS WITH LEFT HAND","1: 1  CONDITION APPLIES","1: 1  CONDITION APPLIES","NO","FEMALE","MALE"
1986,64735,2,0,1,33790,6,182,1,1,2,4,3,3,2,2,2,1,1,4,2,7,1,1,30,21,"Female","Non-Black / Non-Hispanic","North Central (IL, IN, IA, KS, MI, MN, MO, NE, OH, ND, SD, WI)","Bachelor's degree (BA, BS)","In CBSA, not in central city","NO","3: Mother","YES","NO","NO","NO","NO","0: 0  CONDITION DOES NOT APPLY","ALWAYS WITH RIGHT HAND","ALWAYS WITH RIGHT HAND","ALWAYS WITH RIGHT HAND","ALWAYS WITH RIGHT HAND","ALWAYS WITH LEFT HAND","1: 1  CONDITION APPLIES","1: 1  CONDITION APPLIES","NO","FEMALE","FEMALE"
1985,64735,4,0,2,33790,6,183,1,2,1,2,3,3,2,2,2,2,1,3,1,7,1,2,37,50,"Female","Black","South (AL, AR, DE, DC, FL, GA, KY, LA, MD, MS, NC, OK, SC, TN , TX, VA, WV)","High school diploma (Regular 12 year program)","In CBSA, in central city","YES","3: Mother","YES","YES","NO","NO","NO","0: 0  CONDITION DOES NOT APPLY","ALWAYS WITH RIGHT HAND","ALWAYS WITH RIGHT HAND","USUALLY WITH BOTH HANDS EQUALLY","ALWAYS WITH RIGHT HAND","ALWAYS WITH LEFT HAND","1: 1  CONDITION APPLIES","1: 1  CONDITION APPLIES","NO","FEMALE","FEMALE"
1982,64735,3,0,2,33790,5,181,1,1,2,3,1,3,1,2,2,2,1,6,4,7,1,1,33,18,"Female","Black","West (AK, AZ, CA, CO, HI, ID, MT, NV, NM, OR, UT, WA, WY)","High school diploma (Regular 12 year program)","In CBSA, not in central city","NO","3: Mother","NO","YES","NO","NO","NO","0: 0  CONDITION DOES NOT APPLY","ALWAYS WITH RIGHT HAND","ALWAYS WITH RIGHT HAND","ALWAYS WITH RIGHT HAND","ALWAYS WITH RIGHT HAND","USUALLY WITH BOTH HANDS EQUALLY","1: 1  CONDITION APPLIES","1: 1  CONDITION APPLIES","NO","FEMALE","FEMALE"
1982,64735,3,1,4,33790,5,175,2,1,5,3,4,4,2,2,1,2,1,6,5,7,1,1,7,12,"Male","Non-Black / Non-Hispanic","North Central (IL, IN, IA, KS, MI, MN, MO, NE, OH, ND, SD, WI)","Associate/Junior college (AA)","In CBSA, in central city","NO","3: Mother","NO","YES","NO","NO","YES","0: 0  CONDITION DOES NOT APPLY","ALWAYS WITH RIGHT HAND","ALWAYS WITH RIGHT HAND","ALWAYS WITH RIGHT HAND","ALWAYS WITH RIGHT HAND","ALWAYS WITH LEFT HAND","1: 1  CONDITION APPLIES","1: 1  CONDITION APPLIES","NO","FEMALE","MALE"
1982,64735,5,1,1,33790,5,180,1,1,1,3,2,4,1,1,2,2,1,4,1,7,1,1,31,23,"Male","Black","South (AL, AR, DE, DC, FL, GA, KY, LA, MD, MS, NC, OK, SC, TN , TX, VA, WV)","High school diploma (Regular 12 year program)","In CBSA, not in central city","NO","3: Mother","NO","YES","NO","NO","YES","0: 0  CONDITION DOES NOT APPLY","ALWAYS WITH RIGHT HAND","ALWAYS WITH RIGHT HAND","ALWAYS WITH RIGHT HAND","ALWAYS WITH RIGHT HAND","ALWAYS WITH LEFT HAND","1: 1  CONDITION APPLIES","1: 1  CONDITION APPLIES","NO","FEMALE","FEMALE"
1980,64735,8,2,2,33790,5,163,2,1,3,4,3,5,2,1,2,2,1,3,1,8,1,1,26,12,"Male","Black","West (AK, AZ, CA, CO, HI, ID, MT, NV, NM, OR, UT, WA, WY)","High school diploma (Regular 12 year program)","In CBSA, not in central city","NO","3: Mother","YES","NO","NO","NO","YES","0: 0  CONDITION DOES NOT APPLY","ALWAYS WITH RIGHT HAND","ALWAYS WITH RIGHT HAND","ALWAYS WITH RIGHT HAND","ALWAYS WITH RIGHT HAND","ALWAYS WITH LEFT HAND","1: 1  CONDITION APPLIES","0: 0  CONDITION DOES NOT APPLY","NO","FEMALE","FEMALE"
1981,64735,3,0,2,33790,5,184,1,1,3,6,2,1,2,2,1,2,1,6,4,2,1,1,30,20,"Male","Black","North Central (IL, IN, IA, KS, MI, MN, MO, NE, OH, ND, SD, WI)","GED","In CBSA, in central city","NO","3: Mother","NO","NO","NO","NO","NO","0: 0  CONDITION DOES NOT APPLY","ALWAYS WITH RIGHT HAND","ALWAYS WITH RIGHT HAND","ALWAYS WITH RIGHT HAND","ALWAYS WITH RIGHT HAND","ALWAYS WITH LEFT HAND","1: 1  CONDITION APPLIES","1: 1  CONDITION APPLIES","NO","MALE","MALE"
1980,64735,3,0,2,33790,5,183,1,1,5,2,3,9,2,2,2,1,2,1,3,7,1,1,49,29,"Male","Non-Black / Non-Hispanic","North Central (IL, IN, IA, KS, MI, MN, MO, NE, OH, ND, SD, WI)","None","In CBSA, not in central city","YES","3: Mother","NO","NO","NO","NO","YES","0: 0  CONDITION DOES NOT APPLY","ALWAYS WITH RIGHT HAND","ALWAYS WITH RIGHT HAND","ALWAYS WITH RIGHT HAND","ALWAYS WITH RIGHT HAND","ALWAYS WITH LEFT HAND","0: 0  CONDITION DOES NOT APPLY","1: 1  CONDITION APPLIES","NO","FEMALE","MALE"
1981,64735,3,0,1,33790,5,182,1,1,3,4,2,1,2,2,1,1,1,5,4,7,1,1,30,21,"Male","Non-Black / Non-Hispanic","West (AK, AZ, CA, CO, HI, ID, MT, NV, NM, OR, UT, WA, WY)","High school diploma (Regular 12 year program)","In CBSA, not in central city","NO","3: Mother","YES","YES","NO","NO","NO","0: 0  CONDITION DOES NOT APPLY","ALWAYS WITH RIGHT HAND","ALWAYS WITH RIGHT HAND","ALWAYS WITH RIGHT HAND","ALWAYS WITH RIGHT HAND","ALWAYS WITH LEFT HAND","1: 1  CONDITION APPLIES","1: 1  CONDITION APPLIES","NO","FEMALE","MALE"
1984,64735,4,1,2,33790,5,155,1,1,1,3,5,5,2,2,1,2,1,6,1,7,1,1,27,21,"Female","Non-Black / Non-Hispanic","South (AL, AR, DE, DC, FL, GA, KY, LA, MD, MS, NC, OK, SC, TN , TX, VA, WV)","Bachelor's degree (BA, BS)","In CBSA, not in central city","NO","3: Mother","YES","NO","NO","NO","YES","0: 0  CONDITION DOES NOT APPLY","ALWAYS WITH RIGHT HAND","ALWAYS WITH RIGHT HAND","ALWAYS WITH RIGHT HAND","ALWAYS WITH RIGHT HAND","ALWAYS WITH LEFT HAND","1: 1  CONDITION APPLIES","1: 1  CONDITION APPLIES","NO","MALE","FEMALE"
1981,64735,5,1,3,33790,5,181,1,1,1,3,2,4,2,2,2,2,1,10,5,6,1,1,30,19,"Male","Black","South (AL, AR, DE, DC, FL, GA, KY, LA, MD, MS, NC, OK, SC, TN , TX, VA, WV)","High school diploma (Regular 12 year program)","In CBSA, not in central city","NO","3: Mother","NO","YES","YES","NO","YES","0: 0  CONDITION DOES NOT APPLY","ALWAYS WITH RIGHT HAND","ALWAYS WITH RIGHT HAND","ALWAYS WITH RIGHT HAND","ALWAYS WITH RIGHT HAND","USUALLY WITH LEFT HAND","1: 1  CONDITION APPLIES","1: 1  CONDITION APPLIES","NO","MALE","FEMALE"
1983,2750,4,0,3,33790,5,182,2,1,2,3,2,2,1,2,1,1,1,3,3,7,1,1,62,26,"Male","Non-Black / Non-Hispanic","South (AL, AR, DE, DC, FL, GA, KY, LA, MD, MS, NC, OK, SC, TN , TX, VA, WV)","High school diploma (Regular 12 year program)","In CBSA, in central city","YES","3: Mother","YES","NO","NO","NO","NO","0: 0  CONDITION DOES NOT APPLY","ALWAYS WITH RIGHT HAND","ALWAYS WITH RIGHT HAND","ALWAYS WITH RIGHT HAND","ALWAYS WITH RIGHT HAND","USUALLY WITH BOTH HANDS EQUALLY","1: 1  CONDITION APPLIES","1: 1  CONDITION APPLIES","NO","FEMALE","FEMALE"
1980,64735,6,1,1,33790,5,184,1,1,6,5,3,5,2,2,2,1,1,3,2,5,1,1,31,20,"Female","Non-Black / Non-Hispanic","South (AL, AR, DE, DC, FL, GA, KY, LA, MD, MS, NC, OK, SC, TN , TX, VA, WV)","High school diploma (Regular 12 year program)","In CBSA, not in central city","NO","3: Mother","YES","NO","NO","NO","YES","0: 0  CONDITION DOES NOT APPLY","ALWAYS WITH RIGHT HAND","ALWAYS WITH RIGHT HAND","ALWAYS WITH RIGHT HAND","ALWAYS WITH RIGHT HAND","ALWAYS WITH LEFT HAND","1: 1  CONDITION APPLIES","1: 1  CONDITION APPLIES","NO","FEMALE","FEMALE"
1982,64000,2,0,4,33790,5,188,1,1,4,5,1,2,1,2,2,1,1,5,3,7,1,1,35,26,"Male","Black","North Central (IL, IN, IA, KS, MI, MN, MO, NE, OH, ND, SD, WI)","Bachelor's degree (BA, BS)","In CBSA, in central city","NO","3: Mother","NO","YES","NO","NO","YES","0: 0  CONDITION DOES NOT APPLY","ALWAYS WITH RIGHT HAND","ALWAYS WITH RIGHT HAND","ALWAYS WITH RIGHT HAND","ALWAYS WITH RIGHT HAND","ALWAYS WITH LEFT HAND","1: 1  CONDITION APPLIES","1: 1  CONDITION APPLIES","NO","FEMALE","MALE"
1980,64735,1,0,1,33790,5,186,2,1,3,3,3,3,2,2,2,1,2,3,2,6,1,1,33,21,"Female","Black","South (AL, AR, DE, DC, FL, GA, KY, LA, MD, MS, NC, OK, SC, TN , TX, VA, WV)","GED","In CBSA, in central city","NO","3: Mother","NO","NO","NO","NO","YES","1: 1  CONDITION APPLIES","USUALLY WITH LEFT HAND","ALWAYS WITH RIGHT HAND","ALWAYS WITH RIGHT HAND","ALWAYS WITH RIGHT HAND","ALWAYS WITH LEFT HAND","1: 1  CONDITION APPLIES","1: 1  CONDITION APPLIES","NO","FEMALE","MALE"
1983,64735,3,1,1,33790,5,182,1,1,2,5,4,3,2,2,1,2,1,2,2,7,2,1,31,21,"Male","Black","South (AL, AR, DE, DC, FL, GA, KY, LA, MD, MS, NC, OK, SC, TN , TX, VA, WV)","None","In CBSA, in central city","NO","3: Mother","YES","YES","NO","NO","YES","0: 0  CONDITION DOES NOT APPLY","ALWAYS WITH RIGHT HAND","ALWAYS WITH RIGHT HAND","ALWAYS WITH RIGHT HAND","ALWAYS WITH RIGHT HAND","ALWAYS WITH LEFT HAND","1: 1  CONDITION APPLIES","1: 1  CONDITION APPLIES","NO","MALE","FEMALE"
1985,64735,5,0,2,33790,5,180,1,1,2,3,2,5,1,2,2,1,1,5,3,7,1,1,32,20,"Female","Black","South (AL, AR, DE, DC, FL, GA, KY, LA, MD, MS, NC, OK, SC, TN , TX, VA, WV)","High school diploma (Regular 12 year program)","In CBSA, in central city","NO","3: Mother","NO","YES","YES","NO","YES","0: 0  CONDITION DOES NOT APPLY","ALWAYS WITH RIGHT HAND","ALWAYS WITH RIGHT HAND","ALWAYS WITH RIGHT HAND","ALWAYS WITH RIGHT HAND","ALWAYS WITH LEFT HAND","1: 1  CONDITION APPLIES","1: 1  CONDITION APPLIES","NO","FEMALE","FEMALE"
1981,64735,5,1,3,33790,5,183,2,1,2,5,2,1,2,2,1,2,1,8,2,6,1,1,29,17,"Female","Black","North Central (IL, IN, IA, KS, MI, MN, MO, NE, OH, ND, SD, WI)","Bachelor's degree (BA, BS)","In CBSA, in central city","NO","3: Mother","YES","NO","NO","NO","YES","0: 0  CONDITION DOES NOT APPLY","ALWAYS WITH RIGHT HAND","ALWAYS WITH RIGHT HAND","ALWAYS WITH RIGHT HAND","ALWAYS WITH RIGHT HAND","ALWAYS WITH RIGHT HAND","1: 1  CONDITION APPLIES","1: 1  CONDITION APPLIES","NO","FEMALE","FEMALE"
1982,64735,2,0,2,33790,5,182,2,1,2,3,4,1,2,2,1,2,2,9,1,5,1,1,68,30,"Male","Black","South (AL, AR, DE, DC, FL, GA, KY, LA, MD, MS, NC, OK, SC, TN , TX, VA, WV)","High school diploma (Regular 12 year program)","In CBSA, in central city","NO","3: Mother","YES","NO","NO","NO","YES","0: 0  CONDITION DOES NOT APPLY","ALWAYS WITH RIGHT HAND","ALWAYS WITH RIGHT HAND","ALWAYS WITH RIGHT HAND","ALWAYS WITH RIGHT HAND","USUALLY WITH LEFT HAND","0: 0  CONDITION DOES NOT APPLY","1: 1  CONDITION APPLIES","NO","FEMALE","FEMALE"
1980,64735,1,0,4,33790,5,275,2,1,4,4,2,3,2,2,2,2,2,3,3,6,1,1,30,22,"Male","Black","South (AL, AR, DE, DC, FL, GA, KY, LA, MD, MS, NC, OK, SC, TN , TX, VA, WV)","High school diploma (Regular 12 year program)","In CBSA, in central city","NO","3: Mother","NO","YES","NO","NO","YES","0: 0  CONDITION DOES NOT APPLY","ALWAYS WITH RIGHT HAND","ALWAYS WITH RIGHT HAND","ALWAYS WITH RIGHT HAND","ALWAYS WITH RIGHT HAND","ALWAYS WITH LEFT HAND","1: 1  CONDITION APPLIES","1: 1  CONDITION APPLIES","NO","FEMALE","FEMALE"
1980,64735,2,0,2,33790,5,181,1,1,4,2,1,2,2,2,2,2,1,5,1,6,1,3,33,25,"Male","Non-Black / Non-Hispanic","South (AL, AR, DE, DC, FL, GA, KY, LA, MD, MS, NC, OK, SC, TN , TX, VA, WV)","Bachelor's degree (BA, BS)","In CBSA, not in central city","NO","3: Mother","YES","NO","NO","NO","YES","0: 0  CONDITION DOES NOT APPLY","ALWAYS WITH RIGHT HAND","ALWAYS WITH RIGHT HAND","USUALLY WITH LEFT HAND","ALWAYS WITH RIGHT HAND","ALWAYS WITH RIGHT HAND","1: 1  CONDITION APPLIES","1: 1  CONDITION APPLIES","NO","MALE","FEMALE"
1984,37750,3,1,3,33790,5,230,2,1,1,5,2,4,2,2,1,2,1,4,3,7,1,1,29,21,"Male","Black","Northeast (CT, ME, MA, NH, NJ, NY, PA, RI, VT)","High school diploma (Regular 12 year program)","In CBSA, in central city","NO","3: Mother","NO","YES","NO","NO","YES","0: 0  CONDITION DOES NOT APPLY","ALWAYS WITH RIGHT HAND","ALWAYS WITH RIGHT HAND","ALWAYS WITH RIGHT HAND","ALWAYS WITH RIGHT HAND","ALWAYS WITH RIGHT HAND","1: 1  CONDITION APPLIES","1: 1  CONDITION APPLIES","NO","MALE","MALE"
1983,0,1,0,1,33790,6,185,1,2,2,2,5,5,1,2,1,1,2,2,3,3,1,1,32,18,"Male","Non-Black / Non-Hispanic","North Central (IL, IN, IA, KS, MI, MN, MO, NE, OH, ND, SD, WI)","High school diploma (Regular 12 year program)","In CBSA, not in central city","NO","3: Mother","YES","YES","NO","NO","NO","0: 0  CONDITION DOES NOT APPLY","ALWAYS WITH LEFT HAND","ALWAYS WITH LEFT HAND","ALWAYS WITH LEFT HAND","ALWAYS WITH LEFT HAND","USUALLY WITH RIGHT HAND","1: 1  CONDITION APPLIES","0: 0  CONDITION DOES NOT APPLY","NO","FEMALE","MALE"
1980,64735,3,1,1,33790,5,184,1,2,2,4,2,4,2,2,2,2,1,4,1,6,1,1,32,22,"Female","Black","North Central (IL, IN, IA, KS, MI, MN, MO, NE, OH, ND, SD, WI)","Bachelor's degree (BA, BS)","In CBSA, not in central city","NO","3: Mother","YES","NO","NO","NO","YES","0: 0  CONDITION DOES NOT APPLY","ALWAYS WITH RIGHT HAND","ALWAYS WITH RIGHT HAND","ALWAYS WITH RIGHT HAND","ALWAYS WITH RIGHT HAND","ALWAYS WITH RIGHT HAND","1: 1  CONDITION APPLIES","1: 1  CONDITION APPLIES","NO","FEMALE","MALE"
1981,64735,4,1,2,33790,5,169,2,2,2,3,3,4,1,1,2,1,1,8,1,6,1,1,29,20,"Female","Non-Black / Non-Hispanic","North Central (IL, IN, IA, KS, MI, MN, MO, NE, OH, ND, SD, WI)","High school diploma (Regular 12 year program)","In CBSA, not in central city","NO","3: Mother","YES","YES","NO","NO","YES","0: 0  CONDITION DOES NOT APPLY","ALWAYS WITH RIGHT HAND","ALWAYS WITH RIGHT HAND","ALWAYS WITH RIGHT HAND","ALWAYS WITH RIGHT HAND","ALWAYS WITH LEFT HAND","1: 1  CONDITION APPLIES","1: 1  CONDITION APPLIES","NO","MALE","FEMALE"
1984,64735,7,3,2,33790,5,184,2,1,4,5,2,4,1,2,1,2,2,1,2,7,1,1,10,9,"Female","Non-Black / Non-Hispanic","North Central (IL, IN, IA, KS, MI, MN, MO, NE, OH, ND, SD, WI)","None","In CBSA, not in central city","NO","3: Mother","NO","YES","NO","NO","NO","0: 0  CONDITION DOES NOT APPLY","ALWAYS WITH LEFT HAND","USUALLY WITH BOTH HANDS EQUALLY","ALWAYS WITH LEFT HAND","ALWAYS WITH RIGHT HAND","ALWAYS WITH RIGHT HAND","1: 1  CONDITION APPLIES","0: 0  CONDITION DOES NOT APPLY","NO","MALE","FEMALE"
1982,64735,1,0,1,34000,5,181,1,2,2,3,3,4,2,1,2,2,1,4,1,7,1,1,28,18,"Male","Non-Black / Non-Hispanic","South (AL, AR, DE, DC, FL, GA, KY, LA, MD, MS, NC, OK, SC, TN , TX, VA, WV)","Bachelor's degree (BA, BS)","In CBSA, not in central city","NO","3: Mother","NO","NO","NO","NO","YES","0: 0  CONDITION DOES NOT APPLY","ALWAYS WITH RIGHT HAND","ALWAYS WITH RIGHT HAND","ALWAYS WITH RIGHT HAND","ALWAYS WITH RIGHT HAND","ALWAYS WITH RIGHT HAND","1: 1  CONDITION APPLIES","1: 1  CONDITION APPLIES","NO","FEMALE","MALE"
1983,64735,3,1,1,33790,5,182,1,1,2,3,2,6,2,2,2,2,2,5,2,8,1,1,28,20,"Female","Non-Black / Non-Hispanic","South (AL, AR, DE, DC, FL, GA, KY, LA, MD, MS, NC, OK, SC, TN , TX, VA, WV)","High school diploma (Regular 12 year program)","In CBSA, not in central city","NO","3: Mother","NO","YES","YES","NO","YES","0: 0  CONDITION DOES NOT APPLY","ALWAYS WITH RIGHT HAND","ALWAYS WITH RIGHT HAND","ALWAYS WITH RIGHT HAND","ALWAYS WITH RIGHT HAND","ALWAYS WITH LEFT HAND","0: 0  CONDITION DOES NOT APPLY","1: 1  CONDITION APPLIES","NO","MALE","MALE"
1980,64735,3,0,1,33790,5,183,1,1,1,3,1,3,2,2,2,2,1,5,4,6,1,1,31,21,"Female","Hispanic","North Central (IL, IN, IA, KS, MI, MN, MO, NE, OH, ND, SD, WI)","High school diploma (Regular 12 year program)","In CBSA, not in central city","NO","3: Mother","YES","YES","NO","NO","YES","0: 0  CONDITION DOES NOT APPLY","ALWAYS WITH RIGHT HAND","ALWAYS WITH RIGHT HAND","ALWAYS WITH RIGHT HAND","ALWAYS WITH RIGHT HAND","ALWAYS WITH LEFT HAND","1: 1  CONDITION APPLIES","1: 1  CONDITION APPLIES","YES","FEMALE","FEMALE"
1983,64735,2,0,1,33790,5,182,1,1,1,3,4,5,2,1,2,2,2,4,5,8,1,1,32,22,"Male","Non-Black / Non-Hispanic","South (AL, AR, DE, DC, FL, GA, KY, LA, MD, MS, NC, OK, SC, TN , TX, VA, WV)","High school diploma (Regular 12 year program)","In CBSA, in central city","NO","3: Mother","YES","NO","NO","YES","YES","0: 0  CONDITION DOES NOT APPLY","ALWAYS WITH RIGHT HAND","ALWAYS WITH RIGHT HAND","ALWAYS WITH RIGHT HAND","ALWAYS WITH RIGHT HAND","ALWAYS WITH LEFT HAND","1: 1  CONDITION APPLIES","1: 1  CONDITION APPLIES","NO","FEMALE","MALE"
1983,64735,1,0,2,33790,6,200,1,1,2,5,1,1,2,2,2,1,1,4,2,9,1,1,29,21,"Male","Non-Black / Non-Hispanic","West (AK, AZ, CA, CO, HI, ID, MT, NV, NM, OR, UT, WA, WY)","High school diploma (Regular 12 year program)","In CBSA, not in central city","NO","3: Mother","YES","YES","YES","NO","YES","0: 0  CONDITION DOES NOT APPLY","ALWAYS WITH RIGHT HAND","ALWAYS WITH RIGHT HAND","ALWAYS WITH RIGHT HAND","ALWAYS WITH RIGHT HAND","ALWAYS WITH LEFT HAND","1: 1  CONDITION APPLIES","1: 1  CONDITION APPLIES","NO","FEMALE","FEMALE"
1981,64735,4,1,4,33790,5,254,3,1,2,5,3,5,2,2,2,2,2,6,3,6,1,1,27,18,"Male","Hispanic","North Central (IL, IN, IA, KS, MI, MN, MO, NE, OH, ND, SD, WI)","Associate/Junior college (AA)","In CBSA, not in central city","NO","3: Mother","YES","NO","YES","NO","YES","0: 0  CONDITION DOES NOT APPLY","ALWAYS WITH RIGHT HAND","ALWAYS WITH RIGHT HAND","ALWAYS WITH RIGHT HAND","ALWAYS WITH RIGHT HAND","ALWAYS WITH LEFT HAND","0: 0  CONDITION DOES NOT APPLY","1: 1  CONDITION APPLIES","NO","MALE","MALE"
1980,64735,1,0,4,33790,5,183,1,1,5,7,5,4,2,2,1,2,1,5,2,5,1,1,31,24,"Female","Non-Black / Non-Hispanic","North Central (IL, IN, IA, KS, MI, MN, MO, NE, OH, ND, SD, WI)","Bachelor's degree (BA, BS)","In CBSA, not in central city","YES","3: Mother","NO","NO","NO","NO","YES","0: 0  CONDITION DOES NOT APPLY","ALWAYS WITH RIGHT HAND","ALWAYS WITH RIGHT HAND","ALWAYS WITH RIGHT HAND","ALWAYS WITH RIGHT HAND","ALWAYS WITH LEFT HAND","1: 1  CONDITION APPLIES","1: 1  CONDITION APPLIES","NO","MALE","MALE"
1985,64735,3,0,4,33790,5,190,2,2,2,3,2,3,1,2,2,2,2,3,1,5,1,1,33,24,"Male","Non-Black / Non-Hispanic","South (AL, AR, DE, DC, FL, GA, KY, LA, MD, MS, NC, OK, SC, TN , TX, VA, WV)","Bachelor's degree (BA, BS)","In CBSA, not in central city","YES","3: Mother","YES","NO","NO","NO","YES","0: 0  CONDITION DOES NOT APPLY","ALWAYS WITH RIGHT HAND","ALWAYS WITH RIGHT HAND","ALWAYS WITH RIGHT HAND","ALWAYS WITH RIGHT HAND","ALWAYS WITH LEFT HAND","0: 0  CONDITION DOES NOT APPLY","1: 1  CONDITION APPLIES","YES","FEMALE","MALE"
1981,64735,7,1,1,33790,5,178,1,1,1,3,5,4,2,2,1,1,1,4,1,5,1,1,28,18,"Female","Non-Black / Non-Hispanic","North Central (IL, IN, IA, KS, MI, MN, MO, NE, OH, ND, SD, WI)","Bachelor's degree (BA, BS)","In CBSA, not in central city","NO","3: Mother","YES","YES","NO","NO","YES","0: 0  CONDITION DOES NOT APPLY","ALWAYS WITH RIGHT HAND","ALWAYS WITH RIGHT HAND","ALWAYS WITH RIGHT HAND","ALWAYS WITH RIGHT HAND","ALWAYS WITH LEFT HAND","1: 1  CONDITION APPLIES","1: 1  CONDITION APPLIES","YES","MALE","FEMALE"
1981,64735,4,0,3,33790,5,181,2,3,2,4,5,8,1,2,2,2,2,5,5,6,1,1,34,17,"Female","Hispanic","West (AK, AZ, CA, CO, HI, ID, MT, NV, NM, OR, UT, WA, WY)","High school diploma (Regular 12 year program)","In CBSA, in central city","NO","3: Mother","YES","YES","NO","YES","NO","0: 0  CONDITION DOES NOT APPLY","ALWAYS WITH RIGHT HAND","ALWAYS WITH RIGHT HAND","ALWAYS WITH RIGHT HAND","USUALLY WITH BOTH HANDS EQUALLY","USUALLY WITH BOTH HANDS EQUALLY","1: 1  CONDITION APPLIES","1: 1  CONDITION APPLIES","NO","FEMALE","MALE"
1981,64735,4,0,1,33790,5,183,1,2,1,3,2,3,2,2,1,1,1,6,6,7,2,1,30,22,"Female","Non-Black / Non-Hispanic","North Central (IL, IN, IA, KS, MI, MN, MO, NE, OH, ND, SD, WI)","GED","In CBSA, in central city","NO","3: Mother","NO","YES","NO","YES","YES","0: 0  CONDITION DOES NOT APPLY","ALWAYS WITH RIGHT HAND","ALWAYS WITH RIGHT HAND","USUALLY WITH BOTH HANDS EQUALLY","ALWAYS WITH RIGHT HAND","USUALLY WITH BOTH HANDS EQUALLY","1: 1  CONDITION APPLIES","1: 1  CONDITION APPLIES","NO","MALE","MALE"
1981,64735,3,1,1,33790,5,181,2,2,2,3,4,4,2,2,1,2,1,4,4,6,1,1,29,19,"Male","Non-Black / Non-Hispanic","South (AL, AR, DE, DC, FL, GA, KY, LA, MD, MS, NC, OK, SC, TN , TX, VA, WV)","High school diploma (Regular 12 year program)","In CBSA, not in central city","NO","5: Adoptive Mother","YES","NO","YES","NO","YES","0: 0  CONDITION DOES NOT APPLY","ALWAYS WITH RIGHT HAND","ALWAYS WITH RIGHT HAND","ALWAYS WITH RIGHT HAND","ALWAYS WITH RIGHT HAND","ALWAYS WITH LEFT HAND","1: 1  CONDITION APPLIES","0: 0  CONDITION DOES NOT APPLY","YES","MALE","FEMALE"
1983,64735,3,1,1,33790,5,184,1,1,1,4,3,3,2,1,1,1,1,6,4,7,1,1,33,9,"Female","Non-Black / Non-Hispanic","South (AL, AR, DE, DC, FL, GA, KY, LA, MD, MS, NC, OK, SC, TN , TX, VA, WV)","High school diploma (Regular 12 year program)","In CBSA, in central city","NO","3: Mother","NO","YES","NO","NO","YES","0: 0  CONDITION DOES NOT APPLY","ALWAYS WITH RIGHT HAND","USUALLY WITH BOTH HANDS EQUALLY","ALWAYS WITH RIGHT HAND","ALWAYS WITH RIGHT HAND","USUALLY WITH BOTH HANDS EQUALLY","1: 1  CONDITION APPLIES","1: 1  CONDITION APPLIES","NO","FEMALE","FEMALE"
1982,64735,2,0,1,33790,5,180,1,1,2,3,2,3,2,2,1,2,1,6,2,8,1,1,37,42,"Male","Non-Black / Non-Hispanic","West (AK, AZ, CA, CO, HI, ID, MT, NV, NM, OR, UT, WA, WY)","PhD","In CBSA, not in central city","NO","3: Mother","YES","NO","NO","NO","YES","0: 0  CONDITION DOES NOT APPLY","ALWAYS WITH RIGHT HAND","ALWAYS WITH RIGHT HAND","ALWAYS WITH RIGHT HAND","ALWAYS WITH RIGHT HAND","ALWAYS WITH LEFT HAND","1: 1  CONDITION APPLIES","1: 1  CONDITION APPLIES","NO","FEMALE","FEMALE"
1980,64735,1,0,2,33790,5,181,1,1,1,2,5,4,2,2,1,1,1,6,1,6,1,1,31,26,"Female","Non-Black / Non-Hispanic","South (AL, AR, DE, DC, FL, GA, KY, LA, MD, MS, NC, OK, SC, TN , TX, VA, WV)","GED","In CBSA, in central city","NO","3: Mother","NO","YES","NO","NO","NO","0: 0  CONDITION DOES NOT APPLY","ALWAYS WITH RIGHT HAND","ALWAYS WITH RIGHT HAND","ALWAYS WITH RIGHT HAND","ALWAYS WITH RIGHT HAND","ALWAYS WITH LEFT HAND","1: 1  CONDITION APPLIES","1: 1  CONDITION APPLIES","NO","FEMALE","MALE"
1983,64735,2,0,2,33790,5,181,1,1,2,2,2,4,2,2,2,2,1,4,2,7,1,1,29,22,"Male","Non-Black / Non-Hispanic","North Central (IL, IN, IA, KS, MI, MN, MO, NE, OH, ND, SD, WI)","GED","In CBSA, in central city","NO","3: Mother","YES","NO","NO","NO","YES","0: 0  CONDITION DOES NOT APPLY","ALWAYS WITH RIGHT HAND","ALWAYS WITH RIGHT HAND","ALWAYS WITH RIGHT HAND","ALWAYS WITH RIGHT HAND","ALWAYS WITH LEFT HAND","1: 1  CONDITION APPLIES","1: 1  CONDITION APPLIES","NO","MALE","MALE"
1982,64735,3,1,2,33790,5,182,1,1,5,1,3,3,2,2,1,2,1,5,3,7,1,1,30,20,"Female","Hispanic","South (AL, AR, DE, DC, FL, GA, KY, LA, MD, MS, NC, OK, SC, TN , TX, VA, WV)","None","In CBSA, in central city","NO","3: Mother","YES","NO","NO","NO","YES","0: 0  CONDITION DOES NOT APPLY","ALWAYS WITH RIGHT HAND","ALWAYS WITH RIGHT HAND","ALWAYS WITH RIGHT HAND","ALWAYS WITH RIGHT HAND","ALWAYS WITH LEFT HAND","1: 1  CONDITION APPLIES","1: 1  CONDITION APPLIES","YES","FEMALE","FEMALE"
1980,45250,3,0,2,33790,5,184,1,2,2,3,2,2,1,2,1,2,2,5,3,6,1,3,57,74,"Male","Hispanic","South (AL, AR, DE, DC, FL, GA, KY, LA, MD, MS, NC, OK, SC, TN , TX, VA, WV)","High school diploma (Regular 12 year program)","In CBSA, in central city","YES","3: Mother","YES","NO","YES","NO","YES","0: 0  CONDITION DOES NOT APPLY","ALWAYS WITH RIGHT HAND","ALWAYS WITH RIGHT HAND","ALWAYS WITH RIGHT HAND","ALWAYS WITH RIGHT HAND","ALWAYS WITH LEFT HAND","1: 1  CONDITION APPLIES","1: 1  CONDITION APPLIES","NO","FEMALE","MALE"
1983,64735,5,1,3,33790,5,184,1,2,2,3,3,3,2,2,2,2,1,8,3,7,1,1,23,6,"Male","Non-Black / Non-Hispanic","North Central (IL, IN, IA, KS, MI, MN, MO, NE, OH, ND, SD, WI)","Master's degree (MA, MS)","In CBSA, not in central city","NO","3: Mother","YES","YES","YES","NO","YES","0: 0  CONDITION DOES NOT APPLY","ALWAYS WITH RIGHT HAND","ALWAYS WITH RIGHT HAND","ALWAYS WITH RIGHT HAND","ALWAYS WITH RIGHT HAND","ALWAYS WITH LEFT HAND","1: 1  CONDITION APPLIES","1: 1  CONDITION APPLIES","NO","FEMALE","FEMALE"
1980,64735,3,0,5,33790,6,188,2,2,4,3,2,4,1,2,2,2,1,3,3,5,1,1,37,23,"Male","Non-Black / Non-Hispanic","North Central (IL, IN, IA, KS, MI, MN, MO, NE, OH, ND, SD, WI)","High school diploma (Regular 12 year program)","In CBSA, in central city","YES","3: Mother","YES","YES","YES","NO","NO","0: 0  CONDITION DOES NOT APPLY","ALWAYS WITH RIGHT HAND","ALWAYS WITH RIGHT HAND","ALWAYS WITH RIGHT HAND","ALWAYS WITH RIGHT HAND","ALWAYS WITH LEFT HAND","1: 1  CONDITION APPLIES","1: 1  CONDITION APPLIES","NO","FEMALE","MALE"
1980,64735,1,0,5,33790,5,220,1,2,2,2,4,2,2,2,1,2,1,1,2,4,1,1,33,21,"Male","Black","North Central (IL, IN, IA, KS, MI, MN, MO, NE, OH, ND, SD, WI)","Bachelor's degree (BA, BS)","In CBSA, in central city","NO","3: Mother","YES","NO","NO","NO","NO","0: 0  CONDITION DOES NOT APPLY","ALWAYS WITH RIGHT HAND","ALWAYS WITH RIGHT HAND","ALWAYS WITH RIGHT HAND","ALWAYS WITH RIGHT HAND","ALWAYS WITH LEFT HAND","1: 1  CONDITION APPLIES","1: 1  CONDITION APPLIES","NO","FEMALE","FEMALE"
1984,64735,2,1,1,33790,5,170,1,1,3,3,4,3,2,2,1,2,2,5,2,6,1,1,31,23,"Male","Hispanic","South (AL, AR, DE, DC, FL, GA, KY, LA, MD, MS, NC, OK, SC, TN , TX, VA, WV)","Associate/Junior college (AA)","In CBSA, in central city","YES","3: Mother","YES","NO","NO","NO","NO","0: 0  CONDITION DOES NOT APPLY","ALWAYS WITH RIGHT HAND","ALWAYS WITH RIGHT HAND","ALWAYS WITH RIGHT HAND","ALWAYS WITH RIGHT HAND","ALWAYS WITH LEFT HAND","1: 1  CONDITION APPLIES","1: 1  CONDITION APPLIES","NO","MALE","MALE"
1980,64735,4,0,1,33790,5,184,1,2,2,6,2,2,2,2,2,1,1,4,2,5,1,1,58,30,"Male","Non-Black / Non-Hispanic","South (AL, AR, DE, DC, FL, GA, KY, LA, MD, MS, NC, OK, SC, TN , TX, VA, WV)","High school diploma (Regular 12 year program)","In CBSA, in central city","YES","3: Mother","YES","YES","NO","NO","NO","0: 0  CONDITION DOES NOT APPLY","ALWAYS WITH RIGHT HAND","ALWAYS WITH RIGHT HAND","ALWAYS WITH RIGHT HAND","ALWAYS WITH RIGHT HAND","DON'T DO THIS ACTIVITY","1: 1  CONDITION APPLIES","1: 1  CONDITION APPLIES","NO","FEMALE","MALE"
1980,64735,2,0,3,73000,5,183,2,1,3,4,1,2,2,1,1,2,2,6,5,7,1,1,29,23,"Male","Hispanic","South (AL, AR, DE, DC, FL, GA, KY, LA, MD, MS, NC, OK, SC, TN , TX, VA, WV)","High school diploma (Regular 12 year program)","In CBSA, not in central city","NO","3: Mother","NO","NO","NO","NO","YES","0: 0  CONDITION DOES NOT APPLY","ALWAYS WITH RIGHT HAND","ALWAYS WITH RIGHT HAND","ALWAYS WITH RIGHT HAND","ALWAYS WITH RIGHT HAND","ALWAYS WITH RIGHT HAND","1: 1  CONDITION APPLIES","1: 1  CONDITION APPLIES","NO","FEMALE","FEMALE"
1981,64735,3,1,1,33790,5,182,1,1,3,4,5,3,2,2,2,2,2,4,6,4,1,1,30,21,"Female","Hispanic","North Central (IL, IN, IA, KS, MI, MN, MO, NE, OH, ND, SD, WI)","None","In CBSA, not in central city","NO","3: Mother","YES","NO","NO","NO","YES","0: 0  CONDITION DOES NOT APPLY","ALWAYS WITH RIGHT HAND","ALWAYS WITH RIGHT HAND","ALWAYS WITH RIGHT HAND","ALWAYS WITH RIGHT HAND","ALWAYS WITH LEFT HAND","0: 0  CONDITION DOES NOT APPLY","1: 1  CONDITION APPLIES","YES","FEMALE","MALE"
1983,87000,3,1,3,33790,6,184,2,3,4,3,6,4,2,2,2,2,1,3,2,6,1,1,28,18,"Male","Hispanic","West (AK, AZ, CA, CO, HI, ID, MT, NV, NM, OR, UT, WA, WY)","None","In CBSA, not in central city","YES","3: Mother","YES","YES","NO","NO","NO","0: 0  CONDITION DOES NOT APPLY","ALWAYS WITH RIGHT HAND","ALWAYS WITH RIGHT HAND","ALWAYS WITH RIGHT HAND","ALWAYS WITH RIGHT HAND","ALWAYS WITH LEFT HAND","1: 1  CONDITION APPLIES","1: 1  CONDITION APPLIES","NO","MALE","FEMALE"
1984,64735,2,1,1,33790,5,180,2,2,4,5,1,2,1,2,1,2,1,7,1,7,1,1,47,47,"Female","Hispanic","West (AK, AZ, CA, CO, HI, ID, MT, NV, NM, OR, UT, WA, WY)","High school diploma (Regular 12 year program)","In CBSA, in central city","YES","3: Mother","YES","NO","NO","NO","YES","0: 0  CONDITION DOES NOT APPLY","ALWAYS WITH RIGHT HAND","ALWAYS WITH RIGHT HAND","ALWAYS WITH LEFT HAND","ALWAYS WITH RIGHT HAND","ALWAYS WITH LEFT HAND","1: 1  CONDITION APPLIES","1: 1  CONDITION APPLIES","YES","MALE","MALE"
1981,64735,4,0,3,30000,5,183,1,1,2,3,4,9,2,2,1,2,2,7,1,8,1,1,41,49,"Male","Hispanic","South (AL, AR, DE, DC, FL, GA, KY, LA, MD, MS, NC, OK, SC, TN , TX, VA, WV)","Associate/Junior college (AA)","In CBSA, in central city","YES","3: Mother","YES","NO","NO","NO","YES","1: 1  CONDITION APPLIES","ALWAYS WITH RIGHT HAND","ALWAYS WITH RIGHT HAND","ALWAYS WITH RIGHT HAND","USUALLY WITH BOTH HANDS EQUALLY","ALWAYS WITH LEFT HAND","1: 1  CONDITION APPLIES","1: 1  CONDITION APPLIES","NO","MALE","FEMALE"
1983,64735,2,0,2,35000,5,178,2,1,1,3,5,5,1,2,1,2,2,6,2,7,1,1,25,17,"Female","Hispanic","Northeast (CT, ME, MA, NH, NJ, NY, PA, RI, VT)","High school diploma (Regular 12 year program)","In CBSA, in central city","NO","3: Mother","YES","NO","NO","NO","YES","0: 0  CONDITION DOES NOT APPLY","ALWAYS WITH RIGHT HAND","ALWAYS WITH RIGHT HAND","ALWAYS WITH RIGHT HAND","ALWAYS WITH LEFT HAND","ALWAYS WITH LEFT HAND","1: 1  CONDITION APPLIES","1: 1  CONDITION APPLIES","NO","MALE","FEMALE"
1984,64735,2,0,3,33790,5,181,1,2,2,1,2,4,2,1,1,2,1,5,2,7,1,3,34,28,"Male","Hispanic","South (AL, AR, DE, DC, FL, GA, KY, LA, MD, MS, NC, OK, SC, TN , TX, VA, WV)","High school diploma (Regular 12 year program)","In CBSA, not in central city","NO","3: Mother","NO","NO","NO","NO","NO","0: 0  CONDITION DOES NOT APPLY","ALWAYS WITH RIGHT HAND","ALWAYS WITH RIGHT HAND","ALWAYS WITH RIGHT HAND","ALWAYS WITH RIGHT HAND","ALWAYS WITH LEFT HAND","1: 1  CONDITION APPLIES","1: 1  CONDITION APPLIES","YES","FEMALE","MALE"
1984,64735,3,1,1,33790,5,183,1,2,2,6,1,5,2,2,1,1,2,6,1,6,1,1,31,21,"Male","Non-Black / Non-Hispanic","North Central (IL, IN, IA, KS, MI, MN, MO, NE, OH, ND, SD, WI)","High school diploma (Regular 12 year program)","In CBSA, not in central city","NO","3: Mother","YES","NO","NO","NO","YES","0: 0  CONDITION DOES NOT APPLY","ALWAYS WITH RIGHT HAND","ALWAYS WITH RIGHT HAND","USUALLY WITH BOTH HANDS EQUALLY","USUALLY WITH RIGHT HAND","ALWAYS WITH LEFT HAND","1: 1  CONDITION APPLIES","1: 1  CONDITION APPLIES","NO","MALE","FEMALE"
1982,84014,5,1,2,33790,5,183,1,1,4,4,4,3,1,2,2,1,1,5,3,5,1,1,30,18,"Male","Hispanic","South (AL, AR, DE, DC, FL, GA, KY, LA, MD, MS, NC, OK, SC, TN , TX, VA, WV)","High school diploma (Regular 12 year program)","In CBSA, not in central city","NO","3: Mother","YES","YES","NO","NO","NO","0: 0  CONDITION DOES NOT APPLY","ALWAYS WITH RIGHT HAND","ALWAYS WITH RIGHT HAND","ALWAYS WITH RIGHT HAND","ALWAYS WITH RIGHT HAND","ALWAYS WITH LEFT HAND","1: 1  CONDITION APPLIES","1: 1  CONDITION APPLIES","YES","FEMALE","FEMALE"
1981,64735,3,0,1,33790,5,185,1,1,3,4,5,5,2,2,1,2,1,6,1,6,1,1,28,26,"Female","Non-Black / Non-Hispanic","Northeast (CT, ME, MA, NH, NJ, NY, PA, RI, VT)","Associate/Junior college (AA)","In CBSA, in central city","NO","3: Mother","NO","YES","NO","NO","YES","0: 0  CONDITION DOES NOT APPLY","ALWAYS WITH RIGHT HAND","USUALLY WITH BOTH HANDS EQUALLY","ALWAYS WITH RIGHT HAND","ALWAYS WITH RIGHT HAND","ALWAYS WITH LEFT HAND","1: 1  CONDITION APPLIES","1: 1  CONDITION APPLIES","YES","FEMALE","MALE"
1980,64735,3,1,2,33790,5,185,3,2,2,7,3,6,2,2,2,1,1,2,1,7,1,3,25,20,"Female","Black","South (AL, AR, DE, DC, FL, GA, KY, LA, MD, MS, NC, OK, SC, TN , TX, VA, WV)","GED","In CBSA, in central city","NO","3: Mother","NO","YES","NO","NO","YES","0: 0  CONDITION DOES NOT APPLY","ALWAYS WITH RIGHT HAND","ALWAYS WITH RIGHT HAND","ALWAYS WITH RIGHT HAND","ALWAYS WITH RIGHT HAND","ALWAYS WITH LEFT HAND","1: 1  CONDITION APPLIES","1: 1  CONDITION APPLIES","NO","MALE","FEMALE"
1982,64735,2,0,3,33790,5,181,1,2,1,3,6,4,1,2,1,2,1,6,1,5,1,2,31,24,"Female","Black","South (AL, AR, DE, DC, FL, GA, KY, LA, MD, MS, NC, OK, SC, TN , TX, VA, WV)","Bachelor's degree (BA, BS)","In CBSA, not in central city","NO","3: Mother","YES","YES","NO","NO","YES","0: 0  CONDITION DOES NOT APPLY","ALWAYS WITH RIGHT HAND","USUALLY WITH RIGHT HAND","DON'T DO THIS ACTIVITY","USUALLY WITH RIGHT HAND","USUALLY WITH RIGHT HAND","1: 1  CONDITION APPLIES","1: 1  CONDITION APPLIES","NO","FEMALE","MALE"
1980,64735,8,1,1,33790,5,183,1,1,1,2,3,3,2,1,2,2,1,6,5,5,1,1,59,60,"Female","Black","South (AL, AR, DE, DC, FL, GA, KY, LA, MD, MS, NC, OK, SC, TN , TX, VA, WV)","GED","In CBSA, not in central city","YES","3: Mother","YES","NO","NO","NO","YES","0: 0  CONDITION DOES NOT APPLY","ALWAYS WITH RIGHT HAND","ALWAYS WITH RIGHT HAND","ALWAYS WITH RIGHT HAND","ALWAYS WITH RIGHT HAND","ALWAYS WITH LEFT HAND","1: 1  CONDITION APPLIES","1: 1  CONDITION APPLIES","NO","FEMALE","MALE"
1980,64735,3,0,2,33790,5,184,1,3,4,5,1,4,2,1,1,2,1,6,2,6,1,2,29,21,"Male","Black","North Central (IL, IN, IA, KS, MI, MN, MO, NE, OH, ND, SD, WI)","High school diploma (Regular 12 year program)","In CBSA, in central city","NO","3: Mother","YES","NO","NO","NO","YES","0: 0  CONDITION DOES NOT APPLY","ALWAYS WITH RIGHT HAND","ALWAYS WITH RIGHT HAND","ALWAYS WITH RIGHT HAND","ALWAYS WITH RIGHT HAND","ALWAYS WITH LEFT HAND","1: 1  CONDITION APPLIES","1: 1  CONDITION APPLIES","NO","MALE","FEMALE"
1981,64735,2,1,1,33790,5,187,1,1,1,5,3,4,2,2,1,2,1,7,2,6,1,1,30,9,"Female","Non-Black / Non-Hispanic","North Central (IL, IN, IA, KS, MI, MN, MO, NE, OH, ND, SD, WI)","Professional degree (DDS, JD, MD)","In CBSA, not in central city","NO","3: Mother","NO","NO","NO","NO","YES","0: 0  CONDITION DOES NOT APPLY","ALWAYS WITH RIGHT HAND","USUALLY WITH RIGHT HAND","ALWAYS WITH RIGHT HAND","ALWAYS WITH RIGHT HAND","USUALLY WITH RIGHT HAND","1: 1  CONDITION APPLIES","1: 1  CONDITION APPLIES","NO","MALE","MALE"
1982,82000,3,0,1,33790,5,181,2,2,2,3,6,3,2,2,1,1,2,6,2,6,1,1,28,20,"Male","Black","North Central (IL, IN, IA, KS, MI, MN, MO, NE, OH, ND, SD, WI)","High school diploma (Regular 12 year program)","In CBSA, not in central city","NO","3: Mother","NO","NO","NO","NO","NO","0: 0  CONDITION DOES NOT APPLY","ALWAYS WITH RIGHT HAND","ALWAYS WITH RIGHT HAND","ALWAYS WITH RIGHT HAND","ALWAYS WITH RIGHT HAND","ALWAYS WITH LEFT HAND","1: 1  CONDITION APPLIES","1: 1  CONDITION APPLIES","NO","FEMALE","MALE"
1982,64735,3,1,1,33790,5,180,1,3,1,4,8,4,2,2,2,1,1,3,4,3,1,1,68,17,"Male","Black","North Central (IL, IN, IA, KS, MI, MN, MO, NE, OH, ND, SD, WI)","High school diploma (Regular 12 year program)","In CBSA, not in central city","YES","3: Mother","NO","NO","NO","NO","YES","0: 0  CONDITION DOES NOT APPLY","USUALLY WITH LEFT HAND","USUALLY WITH BOTH HANDS EQUALLY","USUALLY WITH BOTH HANDS EQUALLY","ALWAYS WITH RIGHT HAND","ALWAYS WITH RIGHT HAND","1: 1  CONDITION APPLIES","1: 1  CONDITION APPLIES","NO","MALE","FEMALE"
1983,64735,2,0,6,33790,5,180,1,3,2,4,7,3,2,2,1,2,2,6,4,9,1,1,30,33,"Female","Non-Black / Non-Hispanic","South (AL, AR, DE, DC, FL, GA, KY, LA, MD, MS, NC, OK, SC, TN , TX, VA, WV)","Professional degree (DDS, JD, MD)","In CBSA, not in central city","YES","3: Mother","YES","NO","NO","NO","YES","0: 0  CONDITION DOES NOT APPLY","ALWAYS WITH RIGHT HAND","ALWAYS WITH RIGHT HAND","ALWAYS WITH RIGHT HAND","ALWAYS WITH RIGHT HAND","ALWAYS WITH LEFT HAND","1: 1  CONDITION APPLIES","1: 1  CONDITION APPLIES","NO","FEMALE","MALE"
1981,64735,5,0,3,33790,5,183,1,1,3,4,2,5,1,1,1,2,1,6,2,7,1,1,29,20,"Male","Black","South (AL, AR, DE, DC, FL, GA, KY, LA, MD, MS, NC, OK, SC, TN , TX, VA, WV)","High school diploma (Regular 12 year program)","In CBSA, not in central city","NO","3: Mother","NO","NO","NO","NO","YES","0: 0  CONDITION DOES NOT APPLY","ALWAYS WITH RIGHT HAND","ALWAYS WITH RIGHT HAND","USUALLY WITH BOTH HANDS EQUALLY","ALWAYS WITH RIGHT HAND","ALWAYS WITH LEFT HAND","1: 1  CONDITION APPLIES","1: 1  CONDITION APPLIES","NO","FEMALE","MALE"
1983,64735,4,1,1,33790,5,184,1,1,1,3,2,3,2,2,1,2,1,6,3,6,1,1,29,20,"Male","Black","South (AL, AR, DE, DC, FL, GA, KY, LA, MD, MS, NC, OK, SC, TN , TX, VA, WV)","High school diploma (Regular 12 year program)","In CBSA, not in central city","NO","3: Mother","NO","NO","NO","YES","YES","0: 0  CONDITION DOES NOT APPLY","ALWAYS WITH RIGHT HAND","ALWAYS WITH RIGHT HAND","ALWAYS WITH RIGHT HAND","ALWAYS WITH LEFT HAND","ALWAYS WITH RIGHT HAND","1: 1  CONDITION APPLIES","0: 0  CONDITION DOES NOT APPLY","NO","FEMALE","MALE"
1980,64735,3,1,1,33790,5,183,1,1,2,3,2,2,1,2,1,2,1,6,1,6,1,1,35,23,"Female","Black","South (AL, AR, DE, DC, FL, GA, KY, LA, MD, MS, NC, OK, SC, TN , TX, VA, WV)","High school diploma (Regular 12 year program)","In CBSA, not in central city","NO","3: Mother","NO","NO","NO","NO","YES","0: 0  CONDITION DOES NOT APPLY","ALWAYS WITH RIGHT HAND","ALWAYS WITH RIGHT HAND","ALWAYS WITH RIGHT HAND","ALWAYS WITH RIGHT HAND","ALWAYS WITH LEFT HAND","1: 1  CONDITION APPLIES","1: 1  CONDITION APPLIES","NO","FEMALE","FEMALE"
1986,64735,4,0,4,33790,5,250,1,2,4,6,2,2,2,1,1,1,2,1,1,7,1,1,33,23,"Male","Black","West (AK, AZ, CA, CO, HI, ID, MT, NV, NM, OR, UT, WA, WY)","High school diploma (Regular 12 year program)","In CBSA, not in central city","YES","3: Mother","YES","YES","YES","NO","YES","0: 0  CONDITION DOES NOT APPLY","ALWAYS WITH RIGHT HAND","ALWAYS WITH RIGHT HAND","ALWAYS WITH RIGHT HAND","ALWAYS WITH RIGHT HAND","USUALLY WITH BOTH HANDS EQUALLY","0: 0  CONDITION DOES NOT APPLY","1: 1  CONDITION APPLIES","NO","FEMALE","MALE"
1980,64735,2,1,3,33790,6,185,1,1,3,4,3,4,2,2,1,1,1,8,2,5,1,1,31,19,"Female","Non-Black / Non-Hispanic","North Central (IL, IN, IA, KS, MI, MN, MO, NE, OH, ND, SD, WI)","High school diploma (Regular 12 year program)","In CBSA, in central city","NO","3: Mother","YES","NO","NO","NO","YES","0: 0  CONDITION DOES NOT APPLY","ALWAYS WITH LEFT HAND","ALWAYS WITH LEFT HAND","ALWAYS WITH LEFT HAND","ALWAYS WITH LEFT HAND","ALWAYS WITH LEFT HAND","1: 1  CONDITION APPLIES","0: 0  CONDITION DOES NOT APPLY","NO","FEMALE","FEMALE"
1984,64735,4,1,4,22000,5,184,1,1,3,7,2,1,2,2,2,2,1,6,2,7,1,1,29,21,"Female","Black","South (AL, AR, DE, DC, FL, GA, KY, LA, MD, MS, NC, OK, SC, TN , TX, VA, WV)","Bachelor's degree (BA, BS)","In CBSA, in central city","NO","3: Mother","NO","NO","NO","NO","YES","0: 0  CONDITION DOES NOT APPLY","ALWAYS WITH LEFT HAND","ALWAYS WITH RIGHT HAND","ALWAYS WITH RIGHT HAND","ALWAYS WITH RIGHT HAND","ALWAYS WITH LEFT HAND","1: 1  CONDITION APPLIES","1: 1  CONDITION APPLIES","NO","FEMALE","MALE"
1981,64735,3,1,6,33790,5,183,1,2,4,3,4,3,1,2,1,2,2,4,1,8,1,1,1,10,"Female","Hispanic","Northeast (CT, ME, MA, NH, NJ, NY, PA, RI, VT)","Associate/Junior college (AA)","In CBSA, not in central city","YES","3: Mother","NO","YES","NO","NO","NO","0: 0  CONDITION DOES NOT APPLY","ALWAYS WITH RIGHT HAND","ALWAYS WITH RIGHT HAND","ALWAYS WITH RIGHT HAND","ALWAYS WITH RIGHT HAND","ALWAYS WITH LEFT HAND","1: 1  CONDITION APPLIES","1: 1  CONDITION APPLIES","NO","MALE","FEMALE"
1984,64735,4,1,3,33790,6,181,1,2,2,2,2,2,2,2,1,2,1,1,3,6,2,2,31,23,"Male","Black","South (AL, AR, DE, DC, FL, GA, KY, LA, MD, MS, NC, OK, SC, TN , TX, VA, WV)","Bachelor's degree (BA, BS)","In CBSA, in central city","NO","3: Mother","YES","NO","NO","NO","NO","0: 0  CONDITION DOES NOT APPLY","ALWAYS WITH RIGHT HAND","ALWAYS WITH RIGHT HAND","USUALLY WITH BOTH HANDS EQUALLY","ALWAYS WITH RIGHT HAND","ALWAYS WITH LEFT HAND","1: 1  CONDITION APPLIES","1: 1  CONDITION APPLIES","NO","MALE","MALE"
1982,64735,2,1,1,33790,5,183,1,2,4,6,2,4,2,2,2,2,1,4,3,7,1,1,30,18,"Female","Non-Black / Non-Hispanic","North Central (IL, IN, IA, KS, MI, MN, MO, NE, OH, ND, SD, WI)","High school diploma (Regular 12 year program)","In CBSA, not in central city","NO","3: Mother","NO","NO","NO","NO","YES","0: 0  CONDITION DOES NOT APPLY","ALWAYS WITH RIGHT HAND","ALWAYS WITH RIGHT HAND","ALWAYS WITH RIGHT HAND","ALWAYS WITH RIGHT HAND","ALWAYS WITH LEFT HAND","1: 1  CONDITION APPLIES","1: 1  CONDITION APPLIES","NO","FEMALE","MALE"
1985,64735,3,1,1,33790,6,181,1,2,2,4,4,4,2,2,1,2,1,6,1,4,1,1,35,19,"Female","Black","South (AL, AR, DE, DC, FL, GA, KY, LA, MD, MS, NC, OK, SC, TN , TX, VA, WV)","High school diploma (Regular 12 year program)","In CBSA, in central city","NO","3: Mother","YES","NO","NO","NO","YES","0: 0  CONDITION DOES NOT APPLY","ALWAYS WITH RIGHT HAND","ALWAYS WITH RIGHT HAND","ALWAYS WITH RIGHT HAND","ALWAYS WITH RIGHT HAND","ALWAYS WITH LEFT HAND","1: 1  CONDITION APPLIES","1: 1  CONDITION APPLIES","NO","MALE","FEMALE"
1983,64735,2,0,2,33790,5,185,2,1,5,3,2,3,2,2,2,2,1,5,2,4,2,1,30,25,"Female","Black","North Central (IL, IN, IA, KS, MI, MN, MO, NE, OH, ND, SD, WI)","High school diploma (Regular 12 year program)","In CBSA, not in central city","YES","3: Mother","YES","YES","NO","NO","YES","0: 0  CONDITION DOES NOT APPLY","ALWAYS WITH RIGHT HAND","ALWAYS WITH RIGHT HAND","ALWAYS WITH RIGHT HAND","ALWAYS WITH RIGHT HAND","ALWAYS WITH LEFT HAND","1: 1  CONDITION APPLIES","1: 1  CONDITION APPLIES","NO","MALE","MALE"
1982,64735,2,0,1,33790,5,184,2,2,2,2,5,4,2,2,2,1,1,1,2,7,1,1,25,22,"Female","Black","South (AL, AR, DE, DC, FL, GA, KY, LA, MD, MS, NC, OK, SC, TN , TX, VA, WV)","GED","In CBSA, not in central city","NO","3: Mother","NO","YES","NO","NO","NO","0: 0  CONDITION DOES NOT APPLY","ALWAYS WITH RIGHT HAND","ALWAYS WITH RIGHT HAND","ALWAYS WITH RIGHT HAND","ALWAYS WITH RIGHT HAND","ALWAYS WITH LEFT HAND","1: 1  CONDITION APPLIES","1: 1  CONDITION APPLIES","NO","MALE","MALE"
1983,64735,2,0,2,33790,5,183,1,2,1,3,3,2,1,1,2,2,1,3,1,7,1,1,34,22,"Female","Hispanic","South (AL, AR, DE, DC, FL, GA, KY, LA, MD, MS, NC, OK, SC, TN , TX, VA, WV)","High school diploma (Regular 12 year program)","In CBSA, in central city","NO","3: Mother","YES","YES","NO","NO","YES","0: 0  CONDITION DOES NOT APPLY","ALWAYS WITH RIGHT HAND","ALWAYS WITH RIGHT HAND","ALWAYS WITH RIGHT HAND","ALWAYS WITH RIGHT HAND","ALWAYS WITH LEFT HAND","1: 1  CONDITION APPLIES","0: 0  CONDITION DOES NOT APPLY","NO","MALE","MALE"
1985,64735,4,0,2,33790,6,187,1,1,1,3,1,3,2,2,2,2,1,5,2,5,1,2,31,24,"Male","Non-Black / Non-Hispanic","South (AL, AR, DE, DC, FL, GA, KY, LA, MD, MS, NC, OK, SC, TN , TX, VA, WV)","High school diploma (Regular 12 year program)","In CBSA, not in central city","NO","3: Mother","YES","NO","NO","NO","YES","0: 0  CONDITION DOES NOT APPLY","ALWAYS WITH RIGHT HAND","ALWAYS WITH RIGHT HAND","ALWAYS WITH RIGHT HAND","ALWAYS WITH RIGHT HAND","ALWAYS WITH LEFT HAND","1: 1  CONDITION APPLIES","1: 1  CONDITION APPLIES","NO","FEMALE","MALE"
1981,25000,2,0,2,33790,5,180,1,1,3,2,2,3,2,2,2,1,1,6,4,6,1,1,35,24,"Female","Black","South (AL, AR, DE, DC, FL, GA, KY, LA, MD, MS, NC, OK, SC, TN , TX, VA, WV)","Bachelor's degree (BA, BS)","In CBSA, not in central city","NO","3: Mother","YES","YES","NO","NO","YES","0: 0  CONDITION DOES NOT APPLY","USUALLY WITH RIGHT HAND","USUALLY WITH RIGHT HAND","ALWAYS WITH RIGHT HAND","ALWAYS WITH RIGHT HAND","USUALLY WITH RIGHT HAND","1: 1  CONDITION APPLIES","0: 0  CONDITION DOES NOT APPLY","NO","FEMALE","MALE"
1984,32000,1,0,1,32000,5,183,1,2,3,4,3,4,2,2,1,2,1,8,3,5,1,1,29,19,"Male","Black","Northeast (CT, ME, MA, NH, NJ, NY, PA, RI, VT)","High school diploma (Regular 12 year program)","In CBSA, in central city","NO","3: Mother","NO","NO","NO","NO","YES","0: 0  CONDITION DOES NOT APPLY","ALWAYS WITH RIGHT HAND","ALWAYS WITH RIGHT HAND","ALWAYS WITH RIGHT HAND","ALWAYS WITH RIGHT HAND","ALWAYS WITH LEFT HAND","1: 1  CONDITION APPLIES","1: 1  CONDITION APPLIES","NO","MALE","MALE"
1984,64735,3,0,1,33790,5,183,1,1,6,4,2,1,2,2,1,2,1,1,2,8,1,1,26,6,"Female","Hispanic","Northeast (CT, ME, MA, NH, NJ, NY, PA, RI, VT)","None","In CBSA, in central city","NO","3: Mother","YES","YES","YES","NO","NO","0: 0  CONDITION DOES NOT APPLY","ALWAYS WITH RIGHT HAND","ALWAYS WITH RIGHT HAND","ALWAYS WITH RIGHT HAND","ALWAYS WITH RIGHT HAND","ALWAYS WITH LEFT HAND","1: 1  CONDITION APPLIES","1: 1  CONDITION APPLIES","YES","FEMALE","FEMALE"
1981,64735,3,1,1,33790,5,181,1,1,3,3,2,4,2,1,1,1,1,2,2,7,2,1,2,14,"Male","Hispanic","Northeast (CT, ME, MA, NH, NJ, NY, PA, RI, VT)","Associate/Junior college (AA)","In CBSA, not in central city","NO","3: Mother","YES","NO","NO","NO","YES","0: 0  CONDITION DOES NOT APPLY","ALWAYS WITH RIGHT HAND","ALWAYS WITH RIGHT HAND","ALWAYS WITH RIGHT HAND","ALWAYS WITH RIGHT HAND","ALWAYS WITH LEFT HAND","1: 1  CONDITION APPLIES","1: 1  CONDITION APPLIES","NO","MALE","MALE"
1983,64735,4,0,4,33790,5,182,1,2,4,4,2,2,2,2,2,2,1,4,1,7,1,1,31,23,"Female","Non-Black / Non-Hispanic","West (AK, AZ, CA, CO, HI, ID, MT, NV, NM, OR, UT, WA, WY)","High school diploma (Regular 12 year program)","In CBSA, not in central city","NO","3: Mother","YES","YES","NO","NO","YES","0: 0  CONDITION DOES NOT APPLY","ALWAYS WITH RIGHT HAND","ALWAYS WITH RIGHT HAND","ALWAYS WITH RIGHT HAND","ALWAYS WITH RIGHT HAND","ALWAYS WITH LEFT HAND","1: 1  CONDITION APPLIES","1: 1  CONDITION APPLIES","YES","FEMALE","MALE"
1981,64735,3,2,3,33790,5,181,2,2,2,2,5,3,2,2,2,1,1,4,4,9,1,1,26,7,"Female","Non-Black / Non-Hispanic","Northeast (CT, ME, MA, NH, NJ, NY, PA, RI, VT)","GED","In CBSA, not in central city","NO","3: Mother","YES","NO","YES","NO","NO","0: 0  CONDITION DOES NOT APPLY","ALWAYS WITH RIGHT HAND","ALWAYS WITH RIGHT HAND","ALWAYS WITH RIGHT HAND","ALWAYS WITH RIGHT HAND","ALWAYS WITH LEFT HAND","1: 1  CONDITION APPLIES","1: 1  CONDITION APPLIES","NO","MALE","FEMALE"
1984,33750,4,0,2,33790,5,150,1,2,5,4,2,3,1,1,1,2,1,6,1,8,2,1,31,22,"Male","Hispanic","West (AK, AZ, CA, CO, HI, ID, MT, NV, NM, OR, UT, WA, WY)","None","In CBSA, in central city","NO","3: Mother","YES","NO","YES","NO","NO","0: 0  CONDITION DOES NOT APPLY","ALWAYS WITH RIGHT HAND","ALWAYS WITH RIGHT HAND","ALWAYS WITH RIGHT HAND","ALWAYS WITH RIGHT HAND","ALWAYS WITH LEFT HAND","1: 1  CONDITION APPLIES","1: 1  CONDITION APPLIES","YES","MALE","FEMALE"
1980,64734,5,0,3,33790,2,170,1,3,1,1,5,2,2,2,1,2,2,1,5,8,1,1,26,16,"Female","Hispanic","Northeast (CT, ME, MA, NH, NJ, NY, PA, RI, VT)","GED","In CBSA, in central city","NO","3: Mother","YES","NO","NO","NO","YES","0: 0  CONDITION DOES NOT APPLY","ALWAYS WITH RIGHT HAND","ALWAYS WITH RIGHT HAND","USUALLY WITH BOTH HANDS EQUALLY","ALWAYS WITH RIGHT HAND","ALWAYS WITH LEFT HAND","0: 0  CONDITION DOES NOT APPLY","1: 1  CONDITION APPLIES","YES","MALE","FEMALE"
1981,64735,4,0,1,33790,6,185,1,1,5,3,3,3,2,2,1,2,1,2,3,6,1,1,28,23,"Male","Non-Black / Non-Hispanic","Northeast (CT, ME, MA, NH, NJ, NY, PA, RI, VT)","GED","In CBSA, in central city","NO","3: Mother","YES","YES","NO","NO","YES","0: 0  CONDITION DOES NOT APPLY","ALWAYS WITH RIGHT HAND","ALWAYS WITH RIGHT HAND","ALWAYS WITH LEFT HAND","ALWAYS WITH RIGHT HAND","USUALLY WITH RIGHT HAND","1: 1  CONDITION APPLIES","1: 1  CONDITION APPLIES","NO","FEMALE","MALE"
1981,64735,4,0,1,33790,5,184,1,1,2,4,2,2,2,1,1,2,1,2,2,7,1,1,34,22,"Male","Non-Black / Non-Hispanic","South (AL, AR, DE, DC, FL, GA, KY, LA, MD, MS, NC, OK, SC, TN , TX, VA, WV)","GED","In CBSA, in central city","NO","3: Mother","NO","YES","NO","NO","NO","0: 0  CONDITION DOES NOT APPLY","ALWAYS WITH RIGHT HAND","ALWAYS WITH RIGHT HAND","ALWAYS WITH RIGHT HAND","ALWAYS WITH RIGHT HAND","ALWAYS WITH LEFT HAND","1: 1  CONDITION APPLIES","1: 1  CONDITION APPLIES","YES","FEMALE","FEMALE"
1983,64735,2,1,2,33790,5,180,1,1,5,2,7,3,1,2,2,1,1,2,1,8,1,1,28,22,"Female","Non-Black / Non-Hispanic","Northeast (CT, ME, MA, NH, NJ, NY, PA, RI, VT)","Professional degree (DDS, JD, MD)","Not in country","NO","3: Mother","YES","NO","NO","NO","YES","0: 0  CONDITION DOES NOT APPLY","USUALLY WITH BOTH HANDS EQUALLY","ALWAYS WITH RIGHT HAND","ALWAYS WITH RIGHT HAND","ALWAYS WITH RIGHT HAND","ALWAYS WITH LEFT HAND","1: 1  CONDITION APPLIES","0: 0  CONDITION DOES NOT APPLY","NO","MALE","MALE"
1984,64735,2,0,1,32000,5,185,1,1,3,5,7,4,1,2,1,2,2,6,2,6,1,1,32,22,"Female","Hispanic","Northeast (CT, ME, MA, NH, NJ, NY, PA, RI, VT)","Associate/Junior college (AA)","Not in country","NO","3: Mother","NO","NO","NO","NO","YES","0: 0  CONDITION DOES NOT APPLY","ALWAYS WITH RIGHT HAND","ALWAYS WITH RIGHT HAND","ALWAYS WITH LEFT HAND","ALWAYS WITH RIGHT HAND","ALWAYS WITH LEFT HAND","1: 1  CONDITION APPLIES","1: 1  CONDITION APPLIES","NO","MALE","MALE"
1982,64735,4,1,3,33790,5,183,2,3,3,3,2,3,2,2,2,2,1,6,2,7,1,1,27,23,"Female","Black","Northeast (CT, ME, MA, NH, NJ, NY, PA, RI, VT)","High school diploma (Regular 12 year program)","In CBSA, in central city","NO","3: Mother","YES","NO","NO","NO","YES","0: 0  CONDITION DOES NOT APPLY","ALWAYS WITH RIGHT HAND","ALWAYS WITH RIGHT HAND","ALWAYS WITH RIGHT HAND","ALWAYS WITH RIGHT HAND","ALWAYS WITH LEFT HAND","1: 1  CONDITION APPLIES","0: 0  CONDITION DOES NOT APPLY","NO","MALE","MALE"
1985,64735,3,0,2,33790,5,182,2,1,5,9,3,3,2,2,2,2,1,6,1,5,1,1,31,21,"Male","Non-Black / Non-Hispanic","Northeast (CT, ME, MA, NH, NJ, NY, PA, RI, VT)","High school diploma (Regular 12 year program)","In CBSA, not in central city","NO","3: Mother","YES","NO","YES","NO","YES","0: 0  CONDITION DOES NOT APPLY","ALWAYS WITH RIGHT HAND","USUALLY WITH RIGHT HAND","USUALLY WITH RIGHT HAND","ALWAYS WITH RIGHT HAND","ALWAYS WITH LEFT HAND","0: 0  CONDITION DOES NOT APPLY","1: 1  CONDITION APPLIES","NO","FEMALE","FEMALE"
1981,64735,4,2,3,33790,5,182,1,2,1,4,3,3,2,2,2,2,1,6,3,6,1,1,29,12,"Male","Hispanic","South (AL, AR, DE, DC, FL, GA, KY, LA, MD, MS, NC, OK, SC, TN , TX, VA, WV)","High school diploma (Regular 12 year program)","In CBSA, not in central city","NO","3: Mother","NO","NO","NO","NO","YES","0: 0  CONDITION DOES NOT APPLY","ALWAYS WITH RIGHT HAND","ALWAYS WITH RIGHT HAND","ALWAYS WITH RIGHT HAND","ALWAYS WITH RIGHT HAND","ALWAYS WITH LEFT HAND","1: 1  CONDITION APPLIES","1: 1  CONDITION APPLIES","NO","FEMALE","MALE"
1980,19000,3,0,3,33790,5,182,1,2,1,4,4,4,1,2,1,1,1,6,6,10,1,1,31,23,"Male","Black","South (AL, AR, DE, DC, FL, GA, KY, LA, MD, MS, NC, OK, SC, TN , TX, VA, WV)","Professional degree (DDS, JD, MD)","In CBSA, not in central city","YES","3: Mother","NO","YES","NO","NO","NO","0: 0  CONDITION DOES NOT APPLY","ALWAYS WITH RIGHT HAND","ALWAYS WITH RIGHT HAND","ALWAYS WITH RIGHT HAND","ALWAYS WITH RIGHT HAND","ALWAYS WITH LEFT HAND","1: 1  CONDITION APPLIES","1: 1  CONDITION APPLIES","NO","FEMALE","MALE"
1982,64735,6,0,1,33790,5,179,2,2,3,4,5,2,2,2,2,1,2,2,2,8,1,2,29,21,"Female","Non-Black / Non-Hispanic","Northeast (CT, ME, MA, NH, NJ, NY, PA, RI, VT)","GED","In CBSA, in central city","NO","3: Mother","YES","YES","NO","NO","YES","0: 0  CONDITION DOES NOT APPLY","ALWAYS WITH RIGHT HAND","ALWAYS WITH RIGHT HAND","ALWAYS WITH RIGHT HAND","ALWAYS WITH RIGHT HAND","ALWAYS WITH LEFT HAND","1: 1  CONDITION APPLIES","1: 1  CONDITION APPLIES","NO","FEMALE","MALE"
1981,64735,3,0,2,33790,5,181,1,2,4,1,1,4,2,2,2,2,1,6,1,7,1,1,27,23,"Male","Non-Black / Non-Hispanic","Northeast (CT, ME, MA, NH, NJ, NY, PA, RI, VT)","High school diploma (Regular 12 year program)","In CBSA, in central city","NO","3: Mother","YES","NO","NO","NO","YES","0: 0  CONDITION DOES NOT APPLY","ALWAYS WITH RIGHT HAND","ALWAYS WITH RIGHT HAND","USUALLY WITH BOTH HANDS EQUALLY","ALWAYS WITH RIGHT HAND","ALWAYS WITH RIGHT HAND","1: 1  CONDITION APPLIES","1: 1  CONDITION APPLIES","NO","MALE","FEMALE"
1983,64735,3,1,2,33790,5,187,2,1,5,5,2,4,2,2,1,2,1,3,5,6,1,1,25,7,"Female","Non-Black / Non-Hispanic","North Central (IL, IN, IA, KS, MI, MN, MO, NE, OH, ND, SD, WI)","High school diploma (Regular 12 year program)","In CBSA, not in central city","NO","3: Mother","YES","NO","YES","NO","YES","0: 0  CONDITION DOES NOT APPLY","ALWAYS WITH RIGHT HAND","ALWAYS WITH RIGHT HAND","ALWAYS WITH RIGHT HAND","ALWAYS WITH RIGHT HAND","ALWAYS WITH LEFT HAND","0: 0  CONDITION DOES NOT APPLY","1: 1  CONDITION APPLIES","NO","FEMALE","FEMALE"
1982,64735,3,0,1,33790,5,184,2,1,4,6,2,2,2,2,1,2,2,4,3,7,1,1,26,21,"Female","Hispanic","Northeast (CT, ME, MA, NH, NJ, NY, PA, RI, VT)","High school diploma (Regular 12 year program)","In CBSA, not in central city","NO","3: Mother","YES","NO","YES","NO","YES","0: 0  CONDITION DOES NOT APPLY","ALWAYS WITH RIGHT HAND","ALWAYS WITH RIGHT HAND","ALWAYS WITH RIGHT HAND","ALWAYS WITH RIGHT HAND","ALWAYS WITH LEFT HAND","1: 1  CONDITION APPLIES","1: 1  CONDITION APPLIES","NO","FEMALE","MALE"
1982,64735,3,1,1,33790,5,181,2,3,2,8,6,4,2,2,1,2,1,5,3,7,1,1,29,21,"Male","Hispanic","South (AL, AR, DE, DC, FL, GA, KY, LA, MD, MS, NC, OK, SC, TN , TX, VA, WV)","None","In CBSA, in central city","NO","3: Mother","YES","YES","NO","NO","YES","0: 0  CONDITION DOES NOT APPLY","ALWAYS WITH RIGHT HAND","ALWAYS WITH RIGHT HAND","ALWAYS WITH RIGHT HAND","ALWAYS WITH RIGHT HAND","ALWAYS WITH LEFT HAND","1: 1  CONDITION APPLIES","1: 1  CONDITION APPLIES","YES","FEMALE","MALE"
1980,64735,3,0,1,33790,5,181,2,2,2,4,2,6,2,2,1,2,2,5,2,7,1,1,33,20,"Male","Hispanic","Northeast (CT, ME, MA, NH, NJ, NY, PA, RI, VT)","Master's degree (MA, MS)","In CBSA, in central city","YES","3: Mother","NO","YES","NO","NO","YES","0: 0  CONDITION DOES NOT APPLY","ALWAYS WITH RIGHT HAND","ALWAYS WITH RIGHT HAND","ALWAYS WITH RIGHT HAND","ALWAYS WITH RIGHT HAND","ALWAYS WITH LEFT HAND","1: 1  CONDITION APPLIES","1: 1  CONDITION APPLIES","NO","MALE","MALE"
1981,64735,4,0,1,33790,5,181,1,2,5,2,1,2,2,2,1,2,1,6,4,5,1,1,28,16,"Male","Hispanic","South (AL, AR, DE, DC, FL, GA, KY, LA, MD, MS, NC, OK, SC, TN , TX, VA, WV)","GED","In CBSA, in central city","NO","3: Mother","NO","NO","YES","NO","YES","0: 0  CONDITION DOES NOT APPLY","ALWAYS WITH RIGHT HAND","DON'T DO THIS ACTIVITY","ALWAYS WITH RIGHT HAND","DON'T DO THIS ACTIVITY","USUALLY WITH LEFT HAND","1: 1  CONDITION APPLIES","1: 1  CONDITION APPLIES","YES","FEMALE","FEMALE"
1980,64735,1,0,2,33790,6,184,2,1,6,3,2,2,2,2,1,2,1,5,6,7,1,1,34,25,"Male","Hispanic","South (AL, AR, DE, DC, FL, GA, KY, LA, MD, MS, NC, OK, SC, TN , TX, VA, WV)","High school diploma (Regular 12 year program)","In CBSA, in central city","NO","3: Mother","YES","YES","NO","NO","YES","0: 0  CONDITION DOES NOT APPLY","ALWAYS WITH RIGHT HAND","ALWAYS WITH RIGHT HAND","ALWAYS WITH RIGHT HAND","ALWAYS WITH RIGHT HAND","ALWAYS WITH LEFT HAND","1: 1  CONDITION APPLIES","1: 1  CONDITION APPLIES","NO","FEMALE","MALE"
1981,64735,3,1,4,33790,5,160,1,1,2,2,2,5,2,2,1,2,1,6,3,8,1,1,31,24,"Male","Black","South (AL, AR, DE, DC, FL, GA, KY, LA, MD, MS, NC, OK, SC, TN , TX, VA, WV)","Bachelor's degree (BA, BS)","In CBSA, in central city","YES","3: Mother","NO","NO","NO","NO","YES","0: 0  CONDITION DOES NOT APPLY","ALWAYS WITH RIGHT HAND","ALWAYS WITH LEFT HAND","ALWAYS WITH RIGHT HAND","ALWAYS WITH RIGHT HAND","ALWAYS WITH LEFT HAND","1: 1  CONDITION APPLIES","1: 1  CONDITION APPLIES","NO","FEMALE","MALE"
1982,64735,2,1,4,33790,5,183,1,2,3,3,2,4,2,1,1,1,2,8,5,8,1,1,3,12,"Male","Non-Black / Non-Hispanic","Northeast (CT, ME, MA, NH, NJ, NY, PA, RI, VT)","Bachelor's degree (BA, BS)","In CBSA, not in central city","NO","3: Mother","YES","NO","NO","NO","YES","0: 0  CONDITION DOES NOT APPLY","ALWAYS WITH RIGHT HAND","ALWAYS WITH RIGHT HAND","ALWAYS WITH RIGHT HAND","ALWAYS WITH RIGHT HAND","ALWAYS WITH LEFT HAND","1: 1  CONDITION APPLIES","1: 1  CONDITION APPLIES","NO","FEMALE","MALE"
1981,64735,5,1,1,33790,5,183,1,1,1,1,2,2,2,1,2,1,1,4,3,6,1,1,31,24,"Female","Black","South (AL, AR, DE, DC, FL, GA, KY, LA, MD, MS, NC, OK, SC, TN , TX, VA, WV)","None","In CBSA, in central city","YES","3: Mother","YES","YES","NO","NO","NO","1: 1  CONDITION APPLIES","ALWAYS WITH RIGHT HAND","ALWAYS WITH RIGHT HAND","ALWAYS WITH RIGHT HAND","ALWAYS WITH RIGHT HAND","ALWAYS WITH LEFT HAND","1: 1  CONDITION APPLIES","1: 1  CONDITION APPLIES","NO","FEMALE","MALE"
1983,28250,3,1,1,28000,5,182,1,2,5,4,5,3,2,2,1,2,1,6,3,8,1,1,24,2,"Female","Hispanic","Northeast (CT, ME, MA, NH, NJ, NY, PA, RI, VT)","Bachelor's degree (BA, BS)","In CBSA, not in central city","NO","3: Mother","YES","NO","YES","NO","NO","0: 0  CONDITION DOES NOT APPLY","ALWAYS WITH RIGHT HAND","ALWAYS WITH RIGHT HAND","ALWAYS WITH RIGHT HAND","ALWAYS WITH RIGHT HAND","USUALLY WITH BOTH HANDS EQUALLY","1: 1  CONDITION APPLIES","1: 1  CONDITION APPLIES","YES","MALE","FEMALE"
1983,64735,4,0,2,33790,5,183,1,1,2,4,3,1,2,2,2,2,2,3,3,6,1,1,29,21,"Male","Hispanic","South (AL, AR, DE, DC, FL, GA, KY, LA, MD, MS, NC, OK, SC, TN , TX, VA, WV)","GED","In CBSA, not in central city","NO","3: Mother","YES","NO","NO","NO","YES","0: 0  CONDITION DOES NOT APPLY","ALWAYS WITH RIGHT HAND","ALWAYS WITH RIGHT HAND","USUALLY WITH RIGHT HAND","ALWAYS WITH RIGHT HAND","DON'T DO THIS ACTIVITY","1: 1  CONDITION APPLIES","1: 1  CONDITION APPLIES","NO","FEMALE","FEMALE"
1982,64735,3,0,3,33790,5,135,2,1,4,4,3,4,2,2,1,2,1,6,3,6,2,1,35,25,"Male","Non-Black / Non-Hispanic","West (AK, AZ, CA, CO, HI, ID, MT, NV, NM, OR, UT, WA, WY)","Bachelor's degree (BA, BS)","In CBSA, in central city","YES","3: Mother","NO","NO","NO","NO","NO","0: 0  CONDITION DOES NOT APPLY","ALWAYS WITH RIGHT HAND","ALWAYS WITH RIGHT HAND","ALWAYS WITH RIGHT HAND","ALWAYS WITH RIGHT HAND","USUALLY WITH BOTH HANDS EQUALLY","0: 0  CONDITION DOES NOT APPLY","1: 1  CONDITION APPLIES","NO","FEMALE","FEMALE"
1983,64735,3,1,2,33790,5,182,1,2,2,5,5,1,2,2,1,2,1,6,3,7,1,1,32,21,"Female","Non-Black / Non-Hispanic","North Central (IL, IN, IA, KS, MI, MN, MO, NE, OH, ND, SD, WI)","High school diploma (Regular 12 year program)","In CBSA, not in central city","NO","3: Mother","YES","NO","NO","NO","YES","0: 0  CONDITION DOES NOT APPLY","ALWAYS WITH RIGHT HAND","ALWAYS WITH RIGHT HAND","ALWAYS WITH RIGHT HAND","ALWAYS WITH RIGHT HAND","ALWAYS WITH LEFT HAND","1: 1  CONDITION APPLIES","1: 1  CONDITION APPLIES","NO","MALE","MALE"
1980,64735,4,0,2,33790,5,180,1,1,3,4,3,5,1,2,1,2,1,6,2,8,1,1,31,26,"Male","Non-Black / Non-Hispanic","North Central (IL, IN, IA, KS, MI, MN, MO, NE, OH, ND, SD, WI)","Master's degree (MA, MS)","In CBSA, in central city","NO","3: Mother","YES","NO","NO","NO","YES","0: 0  CONDITION DOES NOT APPLY","ALWAYS WITH RIGHT HAND","ALWAYS WITH RIGHT HAND","ALWAYS WITH RIGHT HAND","USUALLY WITH LEFT HAND","ALWAYS WITH LEFT HAND","1: 1  CONDITION APPLIES","1: 1  CONDITION APPLIES","NO","FEMALE","FEMALE"
1981,64735,2,0,2,33790,5,182,1,2,4,6,5,4,2,2,2,1,1,8,4,7,1,1,27,23,"Female","Mixed Race (Non-Hispanic)","South (AL, AR, DE, DC, FL, GA, KY, LA, MD, MS, NC, OK, SC, TN , TX, VA, WV)","High school diploma (Regular 12 year program)","In CBSA, in central city","NO","3: Mother","YES","YES","NO","NO","YES","0: 0  CONDITION DOES NOT APPLY","ALWAYS WITH RIGHT HAND","ALWAYS WITH RIGHT HAND","ALWAYS WITH RIGHT HAND","ALWAYS WITH RIGHT HAND","ALWAYS WITH LEFT HAND","1: 1  CONDITION APPLIES","0: 0  CONDITION DOES NOT APPLY","NO","MALE","MALE"
1981,100000,3,0,3,33790,4,177,1,2,4,3,3,5,2,2,1,2,1,6,1,8,1,1,26,19,"Female","Black","Northeast (CT, ME, MA, NH, NJ, NY, PA, RI, VT)","High school diploma (Regular 12 year program)","In CBSA, in central city","NO","3: Mother","YES","NO","NO","NO","YES","0: 0  CONDITION DOES NOT APPLY","ALWAYS WITH RIGHT HAND","ALWAYS WITH RIGHT HAND","ALWAYS WITH RIGHT HAND","ALWAYS WITH RIGHT HAND","USUALLY WITH LEFT HAND","1: 1  CONDITION APPLIES","1: 1  CONDITION APPLIES","NO","MALE","MALE"
1983,64735,4,0,2,33790,5,179,3,1,4,3,1,2,2,2,1,2,1,2,5,8,1,1,20,17,"Female","Non-Black / Non-Hispanic","South (AL, AR, DE, DC, FL, GA, KY, LA, MD, MS, NC, OK, SC, TN , TX, VA, WV)","None","In CBSA, not in central city","NO","3: Mother","YES","NO","YES","YES","YES","0: 0  CONDITION DOES NOT APPLY","ALWAYS WITH RIGHT HAND","ALWAYS WITH RIGHT HAND","ALWAYS WITH RIGHT HAND","ALWAYS WITH RIGHT HAND","ALWAYS WITH LEFT HAND","1: 1  CONDITION APPLIES","1: 1  CONDITION APPLIES","NO","FEMALE","MALE"
1981,64735,3,0,9,33790,5,182,1,1,4,1,3,5,2,2,2,2,1,6,2,5,1,1,30,18,"Male","Hispanic","South (AL, AR, DE, DC, FL, GA, KY, LA, MD, MS, NC, OK, SC, TN , TX, VA, WV)","Bachelor's degree (BA, BS)","In CBSA, not in central city","NO","3: Mother","YES","NO","YES","NO","NO","0: 0  CONDITION DOES NOT APPLY","ALWAYS WITH RIGHT HAND","ALWAYS WITH RIGHT HAND","ALWAYS WITH RIGHT HAND","ALWAYS WITH RIGHT HAND","ALWAYS WITH LEFT HAND","0: 0  CONDITION DOES NOT APPLY","1: 1  CONDITION APPLIES","YES","FEMALE","MALE"
1981,64735,3,0,1,33790,5,182,1,1,1,3,1,3,1,2,2,1,1,4,3,7,1,1,32,20,"Male","Non-Black / Non-Hispanic","South (AL, AR, DE, DC, FL, GA, KY, LA, MD, MS, NC, OK, SC, TN , TX, VA, WV)","High school diploma (Regular 12 year program)","Not in CBSA","NO","3: Mother","NO","NO","NO","NO","YES","0: 0  CONDITION DOES NOT APPLY","ALWAYS WITH RIGHT HAND","ALWAYS WITH RIGHT HAND","ALWAYS WITH RIGHT HAND","ALWAYS WITH RIGHT HAND","ALWAYS WITH LEFT HAND","1: 1  CONDITION APPLIES","1: 1  CONDITION APPLIES","YES","FEMALE","FEMALE"
1981,64735,4,1,3,33790,5,165,1,1,2,6,2,5,1,2,1,1,1,6,3,6,1,1,29,19,"Female","Non-Black / Non-Hispanic","South (AL, AR, DE, DC, FL, GA, KY, LA, MD, MS, NC, OK, SC, TN , TX, VA, WV)","High school diploma (Regular 12 year program)","In CBSA, not in central city","NO","3: Mother","YES","NO","NO","NO","YES","0: 0  CONDITION DOES NOT APPLY","ALWAYS WITH RIGHT HAND","ALWAYS WITH RIGHT HAND","ALWAYS WITH RIGHT HAND","ALWAYS WITH RIGHT HAND","ALWAYS WITH LEFT HAND","1: 1  CONDITION APPLIES","1: 1  CONDITION APPLIES","NO","MALE","MALE"
1982,64735,3,0,2,33790,5,181,1,1,3,3,1,4,2,2,2,1,1,6,3,7,1,1,27,20,"Male","Non-Black / Non-Hispanic","South (AL, AR, DE, DC, FL, GA, KY, LA, MD, MS, NC, OK, SC, TN , TX, VA, WV)","High school diploma (Regular 12 year program)","In CBSA, not in central city","YES","3: Mother","YES","YES","NO","YES","NO","0: 0  CONDITION DOES NOT APPLY","ALWAYS WITH RIGHT HAND","ALWAYS WITH RIGHT HAND","ALWAYS WITH RIGHT HAND","ALWAYS WITH RIGHT HAND","ALWAYS WITH LEFT HAND","1: 1  CONDITION APPLIES","1: 1  CONDITION APPLIES","YES","FEMALE","MALE"
1982,64735,4,0,1,33790,5,182,1,1,2,5,7,7,2,2,1,2,2,7,2,9,1,1,49,24,"Female","Non-Black / Non-Hispanic","South (AL, AR, DE, DC, FL, GA, KY, LA, MD, MS, NC, OK, SC, TN , TX, VA, WV)","High school diploma (Regular 12 year program)","In CBSA, in central city","NO","3: Mother","NO","YES","NO","NO","YES","0: 0  CONDITION DOES NOT APPLY","ALWAYS WITH RIGHT HAND","ALWAYS WITH RIGHT HAND","ALWAYS WITH RIGHT HAND","ALWAYS WITH RIGHT HAND","ALWAYS WITH LEFT HAND","1: 1  CONDITION APPLIES","1: 1  CONDITION APPLIES","NO","FEMALE","FEMALE"
1980,64735,5,1,2,33790,5,187,1,2,3,5,3,3,2,2,1,1,1,3,2,7,1,1,34,22,"Female","Black","Northeast (CT, ME, MA, NH, NJ, NY, PA, RI, VT)","Bachelor's degree (BA, BS)","In CBSA, not in central city","YES","3: Mother","YES","YES","NO","NO","YES","0: 0  CONDITION DOES NOT APPLY","ALWAYS WITH RIGHT HAND","ALWAYS WITH RIGHT HAND","ALWAYS WITH RIGHT HAND","ALWAYS WITH RIGHT HAND","ALWAYS WITH LEFT HAND","1: 1  CONDITION APPLIES","1: 1  CONDITION APPLIES","NO","FEMALE","MALE"
1981,75000,3,0,2,33790,5,182,2,2,3,3,6,3,2,2,2,2,1,6,1,8,1,1,27,23,"Male","Non-Black / Non-Hispanic","Northeast (CT, ME, MA, NH, NJ, NY, PA, RI, VT)","High school diploma (Regular 12 year program)","In CBSA, in central city","NO","3: Mother","NO","YES","NO","NO","YES","0: 0  CONDITION DOES NOT APPLY","ALWAYS WITH RIGHT HAND","ALWAYS WITH RIGHT HAND","ALWAYS WITH RIGHT HAND","ALWAYS WITH RIGHT HAND","ALWAYS WITH LEFT HAND","1: 1  CONDITION APPLIES","1: 1  CONDITION APPLIES","NO","FEMALE","FEMALE"
1981,64735,5,0,2,33790,5,183,1,1,4,3,4,3,1,2,1,2,1,1,2,6,1,1,34,26,"Male","Hispanic","West (AK, AZ, CA, CO, HI, ID, MT, NV, NM, OR, UT, WA, WY)","None","In CBSA, not in central city","NO","3: Mother","NO","NO","NO","NO","YES","0: 0  CONDITION DOES NOT APPLY","ALWAYS WITH RIGHT HAND","ALWAYS WITH RIGHT HAND","ALWAYS WITH RIGHT HAND","ALWAYS WITH RIGHT HAND","ALWAYS WITH LEFT HAND","1: 1  CONDITION APPLIES","1: 1  CONDITION APPLIES","NO","MALE","FEMALE"
1983,64735,3,0,3,33790,5,181,1,2,5,2,4,7,2,1,1,2,2,1,1,7,6,1,35,24,"Male","Black","South (AL, AR, DE, DC, FL, GA, KY, LA, MD, MS, NC, OK, SC, TN , TX, VA, WV)","Bachelor's degree (BA, BS)","In CBSA, in central city","NO","3: Mother","YES","NO","NO","NO","NO","0: 0  CONDITION DOES NOT APPLY","ALWAYS WITH RIGHT HAND","ALWAYS WITH RIGHT HAND","ALWAYS WITH RIGHT HAND","ALWAYS WITH RIGHT HAND","ALWAYS WITH LEFT HAND","1: 1  CONDITION APPLIES","1: 1  CONDITION APPLIES","NO","FEMALE","MALE"
1984,64735,4,0,2,33790,5,130,1,1,3,4,4,3,2,2,1,2,1,6,1,6,1,1,29,21,"Female","Black","Northeast (CT, ME, MA, NH, NJ, NY, PA, RI, VT)","Bachelor's degree (BA, BS)","In CBSA, in central city","NO","3: Mother","NO","YES","NO","NO","YES","0: 0  CONDITION DOES NOT APPLY","ALWAYS WITH RIGHT HAND","ALWAYS WITH RIGHT HAND","ALWAYS WITH RIGHT HAND","ALWAYS WITH RIGHT HAND","ALWAYS WITH LEFT HAND","1: 1  CONDITION APPLIES","1: 1  CONDITION APPLIES","NO","MALE","FEMALE"
1981,64735,4,0,1,33790,5,181,1,1,2,2,2,7,2,2,2,2,2,4,1,6,1,3,32,23,"Male","Non-Black / Non-Hispanic","North Central (IL, IN, IA, KS, MI, MN, MO, NE, OH, ND, SD, WI)","High school diploma (Regular 12 year program)","In CBSA, in central city","NO","3: Mother","NO","NO","NO","NO","YES","0: 0  CONDITION DOES NOT APPLY","ALWAYS WITH RIGHT HAND","ALWAYS WITH RIGHT HAND","ALWAYS WITH RIGHT HAND","ALWAYS WITH RIGHT HAND","ALWAYS WITH LEFT HAND","1: 1  CONDITION APPLIES","1: 1  CONDITION APPLIES","NO","FEMALE","FEMALE"
1981,64735,3,2,4,58000,5,182,1,2,2,3,2,2,2,1,2,1,1,5,2,7,1,1,26,9,"Male","Hispanic","West (AK, AZ, CA, CO, HI, ID, MT, NV, NM, OR, UT, WA, WY)","GED","In CBSA, not in central city","NO","3: Mother","YES","NO","NO","NO","NO","0: 0  CONDITION DOES NOT APPLY","ALWAYS WITH RIGHT HAND","ALWAYS WITH RIGHT HAND","ALWAYS WITH RIGHT HAND","ALWAYS WITH RIGHT HAND","ALWAYS WITH LEFT HAND","0: 0  CONDITION DOES NOT APPLY","1: 1  CONDITION APPLIES","YES","FEMALE","MALE"
1980,64735,4,1,3,33790,5,183,1,2,3,4,2,2,2,2,1,2,2,5,2,7,2,1,31,21,"Female","Non-Black / Non-Hispanic","South (AL, AR, DE, DC, FL, GA, KY, LA, MD, MS, NC, OK, SC, TN , TX, VA, WV)","Associate/Junior college (AA)","In CBSA, in central city","NO","3: Mother","NO","NO","NO","NO","NO","0: 0  CONDITION DOES NOT APPLY","ALWAYS WITH RIGHT HAND","ALWAYS WITH RIGHT HAND","ALWAYS WITH RIGHT HAND","ALWAYS WITH RIGHT HAND","ALWAYS WITH LEFT HAND","1: 1  CONDITION APPLIES","1: 1  CONDITION APPLIES","NO","MALE","FEMALE"
1983,64735,3,0,4,33790,5,192,1,2,3,3,2,5,2,2,2,2,1,4,2,7,1,1,9,14,"Male","Non-Black / Non-Hispanic","Northeast (CT, ME, MA, NH, NJ, NY, PA, RI, VT)","GED","In CBSA, in central city","NO","3: Mother","NO","YES","YES","NO","YES","0: 0  CONDITION DOES NOT APPLY","ALWAYS WITH RIGHT HAND","ALWAYS WITH RIGHT HAND","ALWAYS WITH RIGHT HAND","ALWAYS WITH RIGHT HAND","ALWAYS WITH LEFT HAND","1: 1  CONDITION APPLIES","1: 1  CONDITION APPLIES","NO","MALE","MALE"
1983,64735,1,0,4,33790,6,182,1,1,1,3,1,3,2,2,1,2,1,5,3,7,1,1,32,24,"Male","Hispanic","South (AL, AR, DE, DC, FL, GA, KY, LA, MD, MS, NC, OK, SC, TN , TX, VA, WV)","Bachelor's degree (BA, BS)","In CBSA, in central city","NO","3: Mother","NO","NO","NO","NO","NO","0: 0  CONDITION DOES NOT APPLY","ALWAYS WITH RIGHT HAND","ALWAYS WITH RIGHT HAND","ALWAYS WITH RIGHT HAND","ALWAYS WITH RIGHT HAND","ALWAYS WITH LEFT HAND","1: 1  CONDITION APPLIES","1: 1  CONDITION APPLIES","NO","FEMALE","MALE"
1984,64735,3,0,1,33790,6,182,1,2,3,4,2,3,2,1,1,2,1,5,2,6,1,1,28,21,"Male","Non-Black / Non-Hispanic","South (AL, AR, DE, DC, FL, GA, KY, LA, MD, MS, NC, OK, SC, TN , TX, VA, WV)","GED","In CBSA, in central city","NO","3: Mother","NO","YES","NO","NO","YES","0: 0  CONDITION DOES NOT APPLY","ALWAYS WITH RIGHT HAND","ALWAYS WITH RIGHT HAND","USUALLY WITH RIGHT HAND","ALWAYS WITH RIGHT HAND","DON'T DO THIS ACTIVITY","1: 1  CONDITION APPLIES","1: 1  CONDITION APPLIES","NO","FEMALE","MALE"
1981,64735,3,0,4,33790,5,180,1,1,3,3,1,4,2,2,1,2,1,3,2,7,1,1,12,14,"Male","Black","South (AL, AR, DE, DC, FL, GA, KY, LA, MD, MS, NC, OK, SC, TN , TX, VA, WV)","Bachelor's degree (BA, BS)","In CBSA, in central city","NO","3: Mother","NO","YES","NO","NO","YES","0: 0  CONDITION DOES NOT APPLY","ALWAYS WITH RIGHT HAND","ALWAYS WITH RIGHT HAND","ALWAYS WITH RIGHT HAND","ALWAYS WITH RIGHT HAND","ALWAYS WITH LEFT HAND","1: 1  CONDITION APPLIES","1: 1  CONDITION APPLIES","NO","FEMALE","FEMALE"
1982,0,4,0,2,33790,5,190,1,2,3,5,4,4,2,2,1,2,1,6,2,7,1,1,31,23,"Female","Black","Northeast (CT, ME, MA, NH, NJ, NY, PA, RI, VT)","High school diploma (Regular 12 year program)","In CBSA, not in central city","YES","3: Mother","NO","NO","NO","NO","YES","0: 0  CONDITION DOES NOT APPLY","ALWAYS WITH RIGHT HAND","ALWAYS WITH RIGHT HAND","ALWAYS WITH RIGHT HAND","ALWAYS WITH RIGHT HAND","ALWAYS WITH RIGHT HAND","1: 1  CONDITION APPLIES","1: 1  CONDITION APPLIES","NO","FEMALE","FEMALE"
1983,64735,3,0,3,33790,5,181,1,2,2,5,4,3,2,2,2,2,1,6,4,6,1,1,34,25,"Female","Non-Black / Non-Hispanic","South (AL, AR, DE, DC, FL, GA, KY, LA, MD, MS, NC, OK, SC, TN , TX, VA, WV)","High school diploma (Regular 12 year program)","In CBSA, not in central city","NO","3: Mother","YES","NO","NO","NO","NO","0: 0  CONDITION DOES NOT APPLY","USUALLY WITH RIGHT HAND","ALWAYS WITH RIGHT HAND","USUALLY WITH RIGHT HAND","ALWAYS WITH RIGHT HAND","ALWAYS WITH LEFT HAND","1: 1  CONDITION APPLIES","1: 1  CONDITION APPLIES","NO","FEMALE","MALE"
1982,64735,4,0,1,33790,5,183,1,1,1,3,1,5,2,1,1,1,1,2,2,5,1,1,34,25,"Female","Black","South (AL, AR, DE, DC, FL, GA, KY, LA, MD, MS, NC, OK, SC, TN , TX, VA, WV)","GED","In CBSA, not in central city","YES","3: Mother","NO","YES","NO","NO","YES","0: 0  CONDITION DOES NOT APPLY","ALWAYS WITH RIGHT HAND","ALWAYS WITH RIGHT HAND","ALWAYS WITH RIGHT HAND","ALWAYS WITH RIGHT HAND","USUALLY WITH LEFT HAND","1: 1  CONDITION APPLIES","1: 1  CONDITION APPLIES","NO","MALE","MALE"
1984,64735,4,0,3,33790,5,182,2,1,2,3,2,4,2,2,1,2,1,5,2,7,1,1,28,21,"Male","Black","Northeast (CT, ME, MA, NH, NJ, NY, PA, RI, VT)","Bachelor's degree (BA, BS)","In CBSA, not in central city","NO","3: Mother","NO","NO","NO","NO","YES","0: 0  CONDITION DOES NOT APPLY","ALWAYS WITH RIGHT HAND","ALWAYS WITH RIGHT HAND","ALWAYS WITH RIGHT HAND","ALWAYS WITH RIGHT HAND","ALWAYS WITH LEFT HAND","1: 1  CONDITION APPLIES","1: 1  CONDITION APPLIES","NO","FEMALE","MALE"
1981,65251,6,1,1,33790,5,140,1,2,2,3,3,2,2,1,2,2,1,5,5,6,1,1,62,31,"Female","Mixed Race (Non-Hispanic)","West (AK, AZ, CA, CO, HI, ID, MT, NV, NM, OR, UT, WA, WY)","High school diploma (Regular 12 year program)","In CBSA, in central city","YES","3: Mother","YES","NO","NO","NO","YES","0: 0  CONDITION DOES NOT APPLY","ALWAYS WITH RIGHT HAND","ALWAYS WITH RIGHT HAND","ALWAYS WITH RIGHT HAND","ALWAYS WITH RIGHT HAND","ALWAYS WITH LEFT HAND","1: 1  CONDITION APPLIES","1: 1  CONDITION APPLIES","NO","FEMALE","FEMALE"
1981,64735,3,1,3,33790,5,182,2,2,3,3,3,3,2,2,2,1,1,6,4,8,1,1,26,22,"Female","Black","Northeast (CT, ME, MA, NH, NJ, NY, PA, RI, VT)","High school diploma (Regular 12 year program)","In CBSA, not in central city","YES","3: Mother","NO","NO","NO","NO","YES","0: 0  CONDITION DOES NOT APPLY","ALWAYS WITH RIGHT HAND","ALWAYS WITH RIGHT HAND","ALWAYS WITH RIGHT HAND","ALWAYS WITH RIGHT HAND","ALWAYS WITH LEFT HAND","1: 1  CONDITION APPLIES","1: 1  CONDITION APPLIES","NO","FEMALE","MALE"
1980,64735,3,0,1,33790,5,182,1,3,2,4,3,2,2,2,1,2,2,7,3,7,1,1,35,21,"Female","Black","South (AL, AR, DE, DC, FL, GA, KY, LA, MD, MS, NC, OK, SC, TN , TX, VA, WV)","High school diploma (Regular 12 year program)","In CBSA, not in central city","NO","3: Mother","YES","NO","NO","NO","YES","0: 0  CONDITION DOES NOT APPLY","ALWAYS WITH RIGHT HAND","ALWAYS WITH RIGHT HAND","ALWAYS WITH RIGHT HAND","ALWAYS WITH RIGHT HAND","ALWAYS WITH LEFT HAND","1: 1  CONDITION APPLIES","1: 1  CONDITION APPLIES","NO","MALE","FEMALE"
1985,64735,4,0,2,33790,5,184,2,1,2,5,2,2,2,2,1,1,2,1,2,7,1,1,37,54,"Male","Black","Northeast (CT, ME, MA, NH, NJ, NY, PA, RI, VT)","High school diploma (Regular 12 year program)","In CBSA, in central city","YES","3: Mother","YES","YES","YES","NO","YES","0: 0  CONDITION DOES NOT APPLY","ALWAYS WITH RIGHT HAND","ALWAYS WITH RIGHT HAND","ALWAYS WITH RIGHT HAND","ALWAYS WITH RIGHT HAND","ALWAYS WITH LEFT HAND","1: 1  CONDITION APPLIES","1: 1  CONDITION APPLIES","NO","FEMALE","MALE"
1981,64735,5,0,6,33790,5,200,1,3,7,3,6,3,2,2,2,2,2,4,1,6,1,1,33,19,"Male","Non-Black / Non-Hispanic","West (AK, AZ, CA, CO, HI, ID, MT, NV, NM, OR, UT, WA, WY)","High school diploma (Regular 12 year program)","In CBSA, in central city","NO","3: Mother","NO","YES","NO","NO","YES","0: 0  CONDITION DOES NOT APPLY","ALWAYS WITH RIGHT HAND","ALWAYS WITH RIGHT HAND","ALWAYS WITH RIGHT HAND","ALWAYS WITH RIGHT HAND","USUALLY WITH LEFT HAND","1: 1  CONDITION APPLIES","1: 1  CONDITION APPLIES","NO","FEMALE","FEMALE"
1982,64735,3,1,2,33790,5,180,1,1,3,2,8,4,2,2,1,2,2,3,4,7,1,1,27,20,"Male","Black","South (AL, AR, DE, DC, FL, GA, KY, LA, MD, MS, NC, OK, SC, TN , TX, VA, WV)","High school diploma (Regular 12 year program)","In CBSA, in central city","YES","3: Mother","NO","NO","NO","NO","YES","0: 0  CONDITION DOES NOT APPLY","USUALLY WITH BOTH HANDS EQUALLY","ALWAYS WITH RIGHT HAND","USUALLY WITH BOTH HANDS EQUALLY","ALWAYS WITH RIGHT HAND","ALWAYS WITH RIGHT HAND","0: 0  CONDITION DOES NOT APPLY","1: 1  CONDITION APPLIES","NO","FEMALE","FEMALE"
1981,64735,6,1,1,33790,5,181,2,2,4,3,4,5,2,2,2,2,1,6,4,6,1,1,31,22,"Female","Hispanic","South (AL, AR, DE, DC, FL, GA, KY, LA, MD, MS, NC, OK, SC, TN , TX, VA, WV)","None","In CBSA, not in central city","NO","3: Mother","NO","NO","YES","NO","YES","0: 0  CONDITION DOES NOT APPLY","ALWAYS WITH RIGHT HAND","ALWAYS WITH RIGHT HAND","USUALLY WITH LEFT HAND","ALWAYS WITH RIGHT HAND","ALWAYS WITH LEFT HAND","1: 1  CONDITION APPLIES","1: 1  CONDITION APPLIES","YES","FEMALE","MALE"
1982,64735,4,0,2,33790,5,181,1,2,3,4,4,4,2,1,1,1,1,6,3,6,1,1,29,17,"Female","Black","North Central (IL, IN, IA, KS, MI, MN, MO, NE, OH, ND, SD, WI)","High school diploma (Regular 12 year program)","In CBSA, not in central city","NO","3: Mother","YES","NO","YES","NO","YES","0: 0  CONDITION DOES NOT APPLY","ALWAYS WITH RIGHT HAND","ALWAYS WITH RIGHT HAND","ALWAYS WITH LEFT HAND","ALWAYS WITH RIGHT HAND","ALWAYS WITH RIGHT HAND","1: 1  CONDITION APPLIES","1: 1  CONDITION APPLIES","NO","FEMALE","MALE"
1980,64735,4,1,2,33790,5,182,1,1,3,3,2,3,2,2,1,2,1,6,1,6,1,1,22,0,"Female","Non-Black / Non-Hispanic","Northeast (CT, ME, MA, NH, NJ, NY, PA, RI, VT)","Bachelor's degree (BA, BS)","In CBSA, in central city","NO","3: Mother","YES","NO","NO","NO","YES","0: 0  CONDITION DOES NOT APPLY","ALWAYS WITH RIGHT HAND","ALWAYS WITH RIGHT HAND","ALWAYS WITH RIGHT HAND","ALWAYS WITH RIGHT HAND","ALWAYS WITH LEFT HAND","1: 1  CONDITION APPLIES","1: 1  CONDITION APPLIES","NO","FEMALE","FEMALE"
1981,64735,3,0,2,71000,5,181,1,1,4,2,6,3,1,2,2,2,2,5,1,7,1,1,30,22,"Male","Non-Black / Non-Hispanic","Northeast (CT, ME, MA, NH, NJ, NY, PA, RI, VT)","Bachelor's degree (BA, BS)","In CBSA, not in central city","YES","3: Mother","YES","NO","NO","NO","YES","0: 0  CONDITION DOES NOT APPLY","ALWAYS WITH RIGHT HAND","ALWAYS WITH RIGHT HAND","ALWAYS WITH RIGHT HAND","ALWAYS WITH RIGHT HAND","USUALLY WITH LEFT HAND","0: 0  CONDITION DOES NOT APPLY","1: 1  CONDITION APPLIES","NO","FEMALE","MALE"
1981,64735,3,0,1,33790,5,180,1,1,2,2,2,3,2,2,1,2,1,1,2,6,1,1,31,20,"Male","Hispanic","Northeast (CT, ME, MA, NH, NJ, NY, PA, RI, VT)","High school diploma (Regular 12 year program)","In CBSA, not in central city","NO","3: Mother","YES","NO","YES","NO","YES","0: 0  CONDITION DOES NOT APPLY","ALWAYS WITH LEFT HAND","ALWAYS WITH RIGHT HAND","ALWAYS WITH RIGHT HAND","ALWAYS WITH RIGHT HAND","ALWAYS WITH RIGHT HAND","0: 0  CONDITION DOES NOT APPLY","1: 1  CONDITION APPLIES","YES","FEMALE","FEMALE"
1985,64735,3,0,2,33790,6,185,1,1,3,3,2,4,1,2,1,1,2,3,2,6,1,1,33,22,"Male","Black","North Central (IL, IN, IA, KS, MI, MN, MO, NE, OH, ND, SD, WI)","Master's degree (MA, MS)","In CBSA, not in central city","NO","3: Mother","YES","NO","NO","NO","YES","0: 0  CONDITION DOES NOT APPLY","ALWAYS WITH RIGHT HAND","ALWAYS WITH RIGHT HAND","ALWAYS WITH RIGHT HAND","ALWAYS WITH RIGHT HAND","ALWAYS WITH LEFT HAND","1: 1  CONDITION APPLIES","0: 0  CONDITION DOES NOT APPLY","NO","FEMALE","MALE"
1982,64735,1,0,5,33790,5,184,1,1,3,3,2,7,2,1,2,1,1,3,2,8,1,1,9,6,"Male","Black","West (AK, AZ, CA, CO, HI, ID, MT, NV, NM, OR, UT, WA, WY)","Bachelor's degree (BA, BS)","In CBSA, in central city","NO","3: Mother","YES","YES","NO","NO","YES","0: 0  CONDITION DOES NOT APPLY","ALWAYS WITH RIGHT HAND","ALWAYS WITH RIGHT HAND","ALWAYS WITH RIGHT HAND","USUALLY WITH BOTH HANDS EQUALLY","USUALLY WITH BOTH HANDS EQUALLY","1: 1  CONDITION APPLIES","1: 1  CONDITION APPLIES","NO","FEMALE","MALE"
1983,60000,4,1,2,30000,5,183,1,1,5,4,2,4,2,2,2,1,1,7,2,8,1,1,31,22,"Female","Non-Black / Non-Hispanic","Northeast (CT, ME, MA, NH, NJ, NY, PA, RI, VT)","High school diploma (Regular 12 year program)","In CBSA, in central city","NO","3: Mother","NO","YES","NO","NO","YES","0: 0  CONDITION DOES NOT APPLY","ALWAYS WITH RIGHT HAND","ALWAYS WITH RIGHT HAND","ALWAYS WITH RIGHT HAND","ALWAYS WITH RIGHT HAND","ALWAYS WITH RIGHT HAND","1: 1  CONDITION APPLIES","1: 1  CONDITION APPLIES","NO","MALE","FEMALE"
1983,64735,4,1,2,33790,5,182,1,1,3,3,1,1,2,2,2,1,1,5,3,8,1,1,35,26,"Female","Non-Black / Non-Hispanic","West (AK, AZ, CA, CO, HI, ID, MT, NV, NM, OR, UT, WA, WY)","High school diploma (Regular 12 year program)","In CBSA, not in central city","YES","3: Mother","NO","NO","NO","NO","YES","0: 0  CONDITION DOES NOT APPLY","ALWAYS WITH RIGHT HAND","ALWAYS WITH RIGHT HAND","ALWAYS WITH RIGHT HAND","ALWAYS WITH RIGHT HAND","ALWAYS WITH LEFT HAND","1: 1  CONDITION APPLIES","1: 1  CONDITION APPLIES","NO","FEMALE","MALE"
1982,145000,6,2,2,33790,5,182,1,2,6,4,6,5,2,2,1,2,2,4,1,6,1,1,26,14,"Male","Hispanic","Northeast (CT, ME, MA, NH, NJ, NY, PA, RI, VT)","Master's degree (MA, MS)","In CBSA, in central city","NO","3: Mother","YES","YES","NO","NO","YES","0: 0  CONDITION DOES NOT APPLY","ALWAYS WITH RIGHT HAND","USUALLY WITH LEFT HAND","ALWAYS WITH LEFT HAND","DON'T DO THIS ACTIVITY","USUALLY WITH RIGHT HAND","0: 0  CONDITION DOES NOT APPLY","1: 1  CONDITION APPLIES","NO","FEMALE","FEMALE"
1981,64735,5,1,2,33790,5,180,2,2,1,4,6,5,2,2,2,1,1,6,6,7,1,1,20,1,"Female","Hispanic","West (AK, AZ, CA, CO, HI, ID, MT, NV, NM, OR, UT, WA, WY)","Professional degree (DDS, JD, MD)","In CBSA, in central city","NO","3: Mother","NO","YES","NO","NO","YES","0: 0  CONDITION DOES NOT APPLY","ALWAYS WITH RIGHT HAND","ALWAYS WITH RIGHT HAND","ALWAYS WITH RIGHT HAND","ALWAYS WITH RIGHT HAND","ALWAYS WITH LEFT HAND","1: 1  CONDITION APPLIES","1: 1  CONDITION APPLIES","YES","FEMALE","FEMALE"
1982,64735,3,0,2,33790,5,181,1,2,1,6,2,4,2,2,2,1,1,3,3,7,1,1,35,49,"Male","Non-Black / Non-Hispanic","South (AL, AR, DE, DC, FL, GA, KY, LA, MD, MS, NC, OK, SC, TN , TX, VA, WV)","High school diploma (Regular 12 year program)","In CBSA, in central city","YES","3: Mother","YES","NO","NO","NO","YES","0: 0  CONDITION DOES NOT APPLY","ALWAYS WITH RIGHT HAND","ALWAYS WITH RIGHT HAND","ALWAYS WITH RIGHT HAND","ALWAYS WITH RIGHT HAND","ALWAYS WITH LEFT HAND","1: 1  CONDITION APPLIES","1: 1  CONDITION APPLIES","YES","FEMALE","MALE"
1983,64735,4,1,2,33790,5,184,1,2,2,4,3,5,2,1,2,1,2,3,4,7,1,1,29,20,"Male","Black","South (AL, AR, DE, DC, FL, GA, KY, LA, MD, MS, NC, OK, SC, TN , TX, VA, WV)","High school diploma (Regular 12 year program)","In CBSA, not in central city","NO","3: Mother","NO","YES","NO","NO","YES","0: 0  CONDITION DOES NOT APPLY","ALWAYS WITH RIGHT HAND","ALWAYS WITH RIGHT HAND","ALWAYS WITH RIGHT HAND","ALWAYS WITH RIGHT HAND","ALWAYS WITH LEFT HAND","1: 1  CONDITION APPLIES","1: 1  CONDITION APPLIES","NO","FEMALE","FEMALE"
1983,64735,4,0,2,33790,5,184,2,3,3,5,2,1,1,2,1,1,1,1,4,7,1,1,30,20,"Female","Black","South (AL, AR, DE, DC, FL, GA, KY, LA, MD, MS, NC, OK, SC, TN , TX, VA, WV)","High school diploma (Regular 12 year program)","In CBSA, not in central city","NO","3: Mother","YES","NO","NO","NO","YES","0: 0  CONDITION DOES NOT APPLY","ALWAYS WITH RIGHT HAND","ALWAYS WITH RIGHT HAND","ALWAYS WITH RIGHT HAND","ALWAYS WITH RIGHT HAND","ALWAYS WITH LEFT HAND","1: 1  CONDITION APPLIES","1: 1  CONDITION APPLIES","NO","FEMALE","FEMALE"
1982,64735,5,1,4,33790,5,185,2,1,3,4,2,4,2,2,1,1,1,6,1,6,1,1,30,22,"Male","Black","South (AL, AR, DE, DC, FL, GA, KY, LA, MD, MS, NC, OK, SC, TN , TX, VA, WV)","None","In CBSA, in central city","YES","3: Mother","YES","NO","NO","NO","YES","0: 0  CONDITION DOES NOT APPLY","ALWAYS WITH RIGHT HAND","USUALLY WITH BOTH HANDS EQUALLY","ALWAYS WITH RIGHT HAND","ALWAYS WITH RIGHT HAND","USUALLY WITH RIGHT HAND","1: 1  CONDITION APPLIES","1: 1  CONDITION APPLIES","NO","FEMALE","FEMALE"
1980,64735,4,1,2,33790,5,182,1,2,3,3,4,5,2,2,1,2,1,6,2,8,1,1,34,27,"Male","Non-Black / Non-Hispanic","South (AL, AR, DE, DC, FL, GA, KY, LA, MD, MS, NC, OK, SC, TN , TX, VA, WV)","High school diploma (Regular 12 year program)","In CBSA, not in central city","YES","3: Mother","NO","NO","NO","NO","YES","0: 0  CONDITION DOES NOT APPLY","ALWAYS WITH RIGHT HAND","ALWAYS WITH RIGHT HAND","ALWAYS WITH RIGHT HAND","ALWAYS WITH RIGHT HAND","ALWAYS WITH LEFT HAND","0: 0  CONDITION DOES NOT APPLY","1: 1  CONDITION APPLIES","NO","MALE","MALE"
1981,64735,3,1,1,33790,5,200,2,1,1,1,6,4,2,2,2,1,2,3,2,7,1,1,25,20,"Male","Non-Black / Non-Hispanic","North Central (IL, IN, IA, KS, MI, MN, MO, NE, OH, ND, SD, WI)","Associate/Junior college (AA)","In CBSA, not in central city","NO","3: Mother","NO","YES","NO","NO","YES","0: 0  CONDITION DOES NOT APPLY","ALWAYS WITH RIGHT HAND","ALWAYS WITH RIGHT HAND","ALWAYS WITH RIGHT HAND","ALWAYS WITH RIGHT HAND","ALWAYS WITH LEFT HAND","1: 1  CONDITION APPLIES","1: 1  CONDITION APPLIES","NO","FEMALE","MALE"
1981,64735,3,0,1,33790,5,183,1,2,2,3,1,4,2,2,2,2,1,5,5,6,1,1,26,4,"Male","Black","Northeast (CT, ME, MA, NH, NJ, NY, PA, RI, VT)","High school diploma (Regular 12 year program)","In CBSA, not in central city","NO","3: Mother","YES","NO","NO","NO","NO","0: 0  CONDITION DOES NOT APPLY","ALWAYS WITH RIGHT HAND","ALWAYS WITH RIGHT HAND","ALWAYS WITH RIGHT HAND","ALWAYS WITH RIGHT HAND","ALWAYS WITH LEFT HAND","1: 1  CONDITION APPLIES","1: 1  CONDITION APPLIES","NO","FEMALE","MALE"
1982,64735,4,2,2,33790,5,182,1,1,2,7,3,4,2,2,1,2,1,6,4,8,1,1,28,2,"Female","Hispanic","West (AK, AZ, CA, CO, HI, ID, MT, NV, NM, OR, UT, WA, WY)","High school diploma (Regular 12 year program)","In CBSA, in central city","NO","3: Mother","NO","NO","YES","NO","YES","0: 0  CONDITION DOES NOT APPLY","ALWAYS WITH RIGHT HAND","ALWAYS WITH RIGHT HAND","ALWAYS WITH RIGHT HAND","ALWAYS WITH RIGHT HAND","ALWAYS WITH LEFT HAND","1: 1  CONDITION APPLIES","1: 1  CONDITION APPLIES","YES","FEMALE","FEMALE"
1982,64735,5,0,5,29000,5,181,1,3,2,3,5,3,1,2,1,3,1,4,3,6,1,1,31,18,"Female","Non-Black / Non-Hispanic","West (AK, AZ, CA, CO, HI, ID, MT, NV, NM, OR, UT, WA, WY)","None","In CBSA, not in central city","NO","3: Mother","NO","NO","NO","NO","YES","0: 0  CONDITION DOES NOT APPLY","ALWAYS WITH RIGHT HAND","ALWAYS WITH RIGHT HAND","ALWAYS WITH RIGHT HAND","ALWAYS WITH RIGHT HAND","ALWAYS WITH RIGHT HAND","1: 1  CONDITION APPLIES","1: 1  CONDITION APPLIES","YES","FEMALE","FEMALE"
1982,64735,5,0,2,33790,5,175,1,1,3,3,4,3,1,2,2,2,1,4,3,7,1,1,29,20,"Male","Hispanic","North Central (IL, IN, IA, KS, MI, MN, MO, NE, OH, ND, SD, WI)","GED","In CBSA, in central city","NO","3: Mother","YES","NO","NO","NO","NO","0: 0  CONDITION DOES NOT APPLY","ALWAYS WITH RIGHT HAND","ALWAYS WITH RIGHT HAND","ALWAYS WITH RIGHT HAND","ALWAYS WITH RIGHT HAND","ALWAYS WITH LEFT HAND","1: 1  CONDITION APPLIES","1: 1  CONDITION APPLIES","YES","FEMALE","MALE"
1984,64735,4,0,1,33790,6,190,1,2,4,3,3,4,1,2,1,2,1,1,2,7,1,1,30,22,"Male","Black","South (AL, AR, DE, DC, FL, GA, KY, LA, MD, MS, NC, OK, SC, TN , TX, VA, WV)","GED","In CBSA, not in central city","NO","3: Mother","YES","YES","NO","NO","YES","0: 0  CONDITION DOES NOT APPLY","ALWAYS WITH RIGHT HAND","ALWAYS WITH RIGHT HAND","ALWAYS WITH RIGHT HAND","ALWAYS WITH RIGHT HAND","ALWAYS WITH LEFT HAND","1: 1  CONDITION APPLIES","1: 1  CONDITION APPLIES","NO","FEMALE","FEMALE"
1980,64735,2,1,2,33790,5,214,2,1,4,2,4,1,2,2,2,2,1,7,2,6,1,1,33,20,"Female","Non-Black / Non-Hispanic","South (AL, AR, DE, DC, FL, GA, KY, LA, MD, MS, NC, OK, SC, TN , TX, VA, WV)","High school diploma (Regular 12 year program)","In CBSA, in central city","NO","3: Mother","YES","NO","NO","NO","YES","0: 0  CONDITION DOES NOT APPLY","ALWAYS WITH RIGHT HAND","ALWAYS WITH RIGHT HAND","USUALLY WITH RIGHT HAND","ALWAYS WITH RIGHT HAND","USUALLY WITH LEFT HAND","1: 1  CONDITION APPLIES","1: 1  CONDITION APPLIES","NO","FEMALE","FEMALE"
1980,64735,5,1,3,33790,5,180,2,2,3,1,1,2,2,2,2,2,1,5,2,7,1,1,29,21,"Female","Hispanic","Northeast (CT, ME, MA, NH, NJ, NY, PA, RI, VT)","High school diploma (Regular 12 year program)","In CBSA, in central city","NO","3: Mother","NO","NO","NO","NO","YES","0: 0  CONDITION DOES NOT APPLY","ALWAYS WITH RIGHT HAND","ALWAYS WITH RIGHT HAND","ALWAYS WITH RIGHT HAND","ALWAYS WITH RIGHT HAND","ALWAYS WITH LEFT HAND","0: 0  CONDITION DOES NOT APPLY","1: 1  CONDITION APPLIES","YES","FEMALE","MALE"
1982,64735,3,0,1,33790,5,181,2,2,3,5,1,2,1,2,2,2,2,3,2,7,1,1,32,24,"Male","Mixed Race (Non-Hispanic)","North Central (IL, IN, IA, KS, MI, MN, MO, NE, OH, ND, SD, WI)","None","In CBSA, not in central city","NO","3: Mother","YES","NO","NO","NO","YES","0: 0  CONDITION DOES NOT APPLY","ALWAYS WITH RIGHT HAND","ALWAYS WITH RIGHT HAND","ALWAYS WITH RIGHT HAND","USUALLY WITH RIGHT HAND","ALWAYS WITH LEFT HAND","1: 1  CONDITION APPLIES","1: 1  CONDITION APPLIES","NO","FEMALE","MALE"
1980,64735,5,1,1,33790,5,185,1,2,3,2,3,3,2,2,2,1,1,7,2,6,1,1,31,21,"Female","Hispanic","South (AL, AR, DE, DC, FL, GA, KY, LA, MD, MS, NC, OK, SC, TN , TX, VA, WV)","High school diploma (Regular 12 year program)","In CBSA, not in central city","NO","3: Mother","YES","NO","NO","NO","YES","0: 0  CONDITION DOES NOT APPLY","ALWAYS WITH LEFT HAND","USUALLY WITH BOTH HANDS EQUALLY","ALWAYS WITH LEFT HAND","USUALLY WITH BOTH HANDS EQUALLY","ALWAYS WITH RIGHT HAND","1: 1  CONDITION APPLIES","1: 1  CONDITION APPLIES","NO","FEMALE","FEMALE"
1981,316618,4,0,2,33790,5,182,1,2,3,1,3,3,2,2,1,2,1,4,3,7,1,1,31,21,"Male","Hispanic","West (AK, AZ, CA, CO, HI, ID, MT, NV, NM, OR, UT, WA, WY)","High school diploma (Regular 12 year program)","In CBSA, not in central city","NO","3: Mother","YES","NO","NO","NO","YES","0: 0  CONDITION DOES NOT APPLY","ALWAYS WITH RIGHT HAND","ALWAYS WITH LEFT HAND","ALWAYS WITH RIGHT HAND","ALWAYS WITH RIGHT HAND","ALWAYS WITH LEFT HAND","1: 1  CONDITION APPLIES","1: 1  CONDITION APPLIES","YES","FEMALE","MALE"
1981,64735,2,0,3,41000,5,190,1,2,4,2,5,2,2,2,2,2,2,6,1,8,1,1,29,20,"Male","Non-Black / Non-Hispanic","Northeast (CT, ME, MA, NH, NJ, NY, PA, RI, VT)","Bachelor's degree (BA, BS)","In CBSA, in central city","NO","3: Mother","YES","NO","NO","NO","YES","0: 0  CONDITION DOES NOT APPLY","ALWAYS WITH RIGHT HAND","ALWAYS WITH RIGHT HAND","ALWAYS WITH RIGHT HAND","ALWAYS WITH RIGHT HAND","ALWAYS WITH LEFT HAND","1: 1  CONDITION APPLIES","1: 1  CONDITION APPLIES","NO","FEMALE","FEMALE"
1985,64735,4,0,1,33790,5,182,1,1,2,4,1,4,2,2,1,2,1,7,2,8,1,1,52,64,"Female","Non-Black / Non-Hispanic","West (AK, AZ, CA, CO, HI, ID, MT, NV, NM, OR, UT, WA, WY)","High school diploma (Regular 12 year program)","In CBSA, not in central city","NO","3: Mother","YES","NO","NO","NO","YES","0: 0  CONDITION DOES NOT APPLY","ALWAYS WITH RIGHT HAND","ALWAYS WITH RIGHT HAND","ALWAYS WITH RIGHT HAND","ALWAYS WITH RIGHT HAND","ALWAYS WITH LEFT HAND","1: 1  CONDITION APPLIES","1: 1  CONDITION APPLIES","YES","FEMALE","MALE"
1983,64735,4,1,4,33790,5,144,1,2,1,3,5,3,2,2,1,2,1,1,1,8,1,1,29,22,"Male","Hispanic","West (AK, AZ, CA, CO, HI, ID, MT, NV, NM, OR, UT, WA, WY)","None","In CBSA, in central city","NO","3: Mother","YES","NO","NO","NO","YES","0: 0  CONDITION DOES NOT APPLY","ALWAYS WITH RIGHT HAND","USUALLY WITH BOTH HANDS EQUALLY","ALWAYS WITH RIGHT HAND","ALWAYS WITH RIGHT HAND","ALWAYS WITH LEFT HAND","1: 1  CONDITION APPLIES","1: 1  CONDITION APPLIES","YES","FEMALE","MALE"
1981,64735,4,1,2,33790,5,183,1,2,1,8,2,2,2,2,1,2,2,3,3,7,1,1,30,22,"Male","Non-Black / Non-Hispanic","North Central (IL, IN, IA, KS, MI, MN, MO, NE, OH, ND, SD, WI)","High school diploma (Regular 12 year program)","In CBSA, not in central city","NO","3: Mother","NO","YES","YES","NO","YES","0: 0  CONDITION DOES NOT APPLY","ALWAYS WITH RIGHT HAND","ALWAYS WITH RIGHT HAND","ALWAYS WITH RIGHT HAND","ALWAYS WITH RIGHT HAND","ALWAYS WITH LEFT HAND","1: 1  CONDITION APPLIES","1: 1  CONDITION APPLIES","NO","FEMALE","MALE"
1982,64735,2,0,1,33790,5,183,1,2,6,3,3,5,2,2,1,2,1,5,3,9,1,1,30,24,"Male","Non-Black / Non-Hispanic","West (AK, AZ, CA, CO, HI, ID, MT, NV, NM, OR, UT, WA, WY)","High school diploma (Regular 12 year program)","In CBSA, in central city","NO","3: Mother","YES","NO","YES","NO","NO","1: 1  CONDITION APPLIES","ALWAYS WITH RIGHT HAND","ALWAYS WITH LEFT HAND","ALWAYS WITH RIGHT HAND","ALWAYS WITH RIGHT HAND","USUALLY WITH LEFT HAND","0: 0  CONDITION DOES NOT APPLY","1: 1  CONDITION APPLIES","NO","MALE","MALE"
1984,64735,4,0,2,33790,5,177,1,1,3,3,3,5,2,1,2,2,1,6,1,6,1,1,31,21,"Male","Black","West (AK, AZ, CA, CO, HI, ID, MT, NV, NM, OR, UT, WA, WY)","Bachelor's degree (BA, BS)","In CBSA, not in central city","NO","3: Mother","NO","NO","NO","NO","YES","0: 0  CONDITION DOES NOT APPLY","ALWAYS WITH RIGHT HAND","USUALLY WITH RIGHT HAND","ALWAYS WITH RIGHT HAND","ALWAYS WITH RIGHT HAND","ALWAYS WITH LEFT HAND","1: 1  CONDITION APPLIES","1: 1  CONDITION APPLIES","NO","FEMALE","MALE"
1981,64735,3,0,5,33790,5,200,2,3,4,5,2,3,2,2,1,2,2,6,2,4,1,1,33,20,"Female","Black","Northeast (CT, ME, MA, NH, NJ, NY, PA, RI, VT)","High school diploma (Regular 12 year program)","In CBSA, in central city","NO","3: Mother","NO","YES","NO","NO","NO","0: 0  CONDITION DOES NOT APPLY","ALWAYS WITH RIGHT HAND","ALWAYS WITH RIGHT HAND","ALWAYS WITH RIGHT HAND","ALWAYS WITH RIGHT HAND","ALWAYS WITH LEFT HAND","1: 1  CONDITION APPLIES","1: 1  CONDITION APPLIES","NO","FEMALE","FEMALE"
1983,64735,7,1,2,33790,5,183,1,2,1,3,2,6,2,2,1,2,2,5,2,6,1,1,32,20,"Female","Black","West (AK, AZ, CA, CO, HI, ID, MT, NV, NM, OR, UT, WA, WY)","High school diploma (Regular 12 year program)","In CBSA, not in central city","NO","3: Mother","YES","YES","NO","NO","YES","0: 0  CONDITION DOES NOT APPLY","ALWAYS WITH RIGHT HAND","ALWAYS WITH RIGHT HAND","ALWAYS WITH RIGHT HAND","ALWAYS WITH RIGHT HAND","ALWAYS WITH RIGHT HAND","1: 1  CONDITION APPLIES","1: 1  CONDITION APPLIES","NO","MALE","FEMALE"
1985,64735,10,4,1,33790,5,181,1,2,1,7,2,7,2,2,1,2,1,5,4,5,1,1,81,9,"Female","Non-Black / Non-Hispanic","North Central (IL, IN, IA, KS, MI, MN, MO, NE, OH, ND, SD, WI)","High school diploma (Regular 12 year program)","In CBSA, in central city","NO","3: Mother","YES","NO","NO","NO","NO","0: 0  CONDITION DOES NOT APPLY","ALWAYS WITH RIGHT HAND","ALWAYS WITH RIGHT HAND","ALWAYS WITH RIGHT HAND","ALWAYS WITH RIGHT HAND","ALWAYS WITH RIGHT HAND","1: 1  CONDITION APPLIES","1: 1  CONDITION APPLIES","NO","MALE","FEMALE"
1984,64735,4,0,1,33790,5,182,2,1,6,5,2,3,2,2,2,2,1,4,1,6,2,1,39,54,"Female","Black","Northeast (CT, ME, MA, NH, NJ, NY, PA, RI, VT)","Associate/Junior college (AA)","In CBSA, not in central city","YES","3: Mother","YES","NO","NO","NO","NO","0: 0  CONDITION DOES NOT APPLY","ALWAYS WITH RIGHT HAND","ALWAYS WITH RIGHT HAND","USUALLY WITH BOTH HANDS EQUALLY","ALWAYS WITH RIGHT HAND","ALWAYS WITH LEFT HAND","1: 1  CONDITION APPLIES","1: 1  CONDITION APPLIES","NO","FEMALE","MALE"
1981,64735,3,0,1,33790,5,220,1,2,2,5,1,3,2,2,1,2,1,4,1,7,1,1,58,28,"Female","Black","South (AL, AR, DE, DC, FL, GA, KY, LA, MD, MS, NC, OK, SC, TN , TX, VA, WV)","High school diploma (Regular 12 year program)","In CBSA, not in central city","NO","3: Mother","YES","NO","NO","NO","YES","0: 0  CONDITION DOES NOT APPLY","ALWAYS WITH LEFT HAND","ALWAYS WITH RIGHT HAND","USUALLY WITH BOTH HANDS EQUALLY","USUALLY WITH BOTH HANDS EQUALLY","ALWAYS WITH LEFT HAND","1: 1  CONDITION APPLIES","1: 1  CONDITION APPLIES","NO","FEMALE","FEMALE"
1980,64735,4,1,3,33790,5,179,1,1,2,3,6,2,2,2,2,2,1,4,4,6,1,1,32,20,"Female","Black","South (AL, AR, DE, DC, FL, GA, KY, LA, MD, MS, NC, OK, SC, TN , TX, VA, WV)","GED","In CBSA, in central city","YES","3: Mother","NO","NO","NO","NO","YES","0: 0  CONDITION DOES NOT APPLY","ALWAYS WITH RIGHT HAND","ALWAYS WITH RIGHT HAND","ALWAYS WITH RIGHT HAND","ALWAYS WITH RIGHT HAND","ALWAYS WITH RIGHT HAND","1: 1  CONDITION APPLIES","1: 1  CONDITION APPLIES","NO","FEMALE","MALE"
1984,64735,2,0,2,33790,5,212,2,2,6,5,2,4,2,2,1,2,2,6,1,8,1,1,36,31,"Male","Black","South (AL, AR, DE, DC, FL, GA, KY, LA, MD, MS, NC, OK, SC, TN , TX, VA, WV)","Bachelor's degree (BA, BS)","In CBSA, not in central city","YES","3: Mother","YES","NO","NO","NO","YES","0: 0  CONDITION DOES NOT APPLY","ALWAYS WITH RIGHT HAND","ALWAYS WITH RIGHT HAND","ALWAYS WITH RIGHT HAND","ALWAYS WITH RIGHT HAND","ALWAYS WITH LEFT HAND","1: 1  CONDITION APPLIES","1: 1  CONDITION APPLIES","NO","FEMALE","MALE"
1982,64735,3,1,2,33790,5,183,1,1,3,4,2,4,2,2,1,2,1,6,2,7,1,1,30,21,"Female","Non-Black / Non-Hispanic","South (AL, AR, DE, DC, FL, GA, KY, LA, MD, MS, NC, OK, SC, TN , TX, VA, WV)","High school diploma (Regular 12 year program)","In CBSA, not in central city","NO","3: Mother","YES","NO","NO","NO","YES","0: 0  CONDITION DOES NOT APPLY","ALWAYS WITH RIGHT HAND","ALWAYS WITH RIGHT HAND","ALWAYS WITH RIGHT HAND","ALWAYS WITH RIGHT HAND","ALWAYS WITH LEFT HAND","1: 1  CONDITION APPLIES","1: 1  CONDITION APPLIES","NO","FEMALE","FEMALE"
1980,64735,6,0,1,60000,5,183,2,2,2,3,1,2,2,2,1,1,1,3,3,7,1,2,35,27,"Male","Hispanic","West (AK, AZ, CA, CO, HI, ID, MT, NV, NM, OR, UT, WA, WY)","High school diploma (Regular 12 year program)","In CBSA, not in central city","YES","3: Mother","NO","YES","NO","NO","NO","0: 0  CONDITION DOES NOT APPLY","ALWAYS WITH RIGHT HAND","ALWAYS WITH RIGHT HAND","ALWAYS WITH RIGHT HAND","ALWAYS WITH RIGHT HAND","ALWAYS WITH LEFT HAND","1: 1  CONDITION APPLIES","1: 1  CONDITION APPLIES","NO","FEMALE","MALE"
1986,64735,1,0,1,33790,5,184,2,2,1,4,1,2,1,1,1,1,1,2,1,7,1,1,34,25,"Female","Non-Black / Non-Hispanic","South (AL, AR, DE, DC, FL, GA, KY, LA, MD, MS, NC, OK, SC, TN , TX, VA, WV)","High school diploma (Regular 12 year program)","In CBSA, not in central city","NO","3: Mother","NO","YES","NO","NO","YES","0: 0  CONDITION DOES NOT APPLY","ALWAYS WITH RIGHT HAND","ALWAYS WITH RIGHT HAND","ALWAYS WITH RIGHT HAND","ALWAYS WITH RIGHT HAND","ALWAYS WITH LEFT HAND","1: 1  CONDITION APPLIES","1: 1  CONDITION APPLIES","NO","FEMALE","FEMALE"
1982,64735,4,0,1,33790,5,181,1,1,3,3,2,4,2,1,1,1,1,6,2,7,1,1,30,22,"Male","Black","South (AL, AR, DE, DC, FL, GA, KY, LA, MD, MS, NC, OK, SC, TN , TX, VA, WV)","High school diploma (Regular 12 year program)","In CBSA, in central city","YES","3: Mother","YES","NO","NO","NO","NO","0: 0  CONDITION DOES NOT APPLY","ALWAYS WITH RIGHT HAND","ALWAYS WITH RIGHT HAND","ALWAYS WITH RIGHT HAND","ALWAYS WITH RIGHT HAND","ALWAYS WITH LEFT HAND","1: 1  CONDITION APPLIES","1: 1  CONDITION APPLIES","NO","MALE","MALE"
1984,64735,4,0,2,33790,5,183,1,1,3,3,4,2,2,2,2,2,1,7,2,6,1,1,30,23,"Male","Hispanic","Northeast (CT, ME, MA, NH, NJ, NY, PA, RI, VT)","Bachelor's degree (BA, BS)","In CBSA, not in central city","NO","3: Mother","NO","YES","NO","NO","YES","0: 0  CONDITION DOES NOT APPLY","ALWAYS WITH RIGHT HAND","ALWAYS WITH RIGHT HAND","ALWAYS WITH RIGHT HAND","ALWAYS WITH RIGHT HAND","ALWAYS WITH LEFT HAND","1: 1  CONDITION APPLIES","1: 1  CONDITION APPLIES","NO","FEMALE","MALE"
1982,64735,3,0,2,33790,6,183,1,1,2,3,1,3,2,2,1,2,1,5,2,7,1,1,30,22,"Female","Hispanic","Northeast (CT, ME, MA, NH, NJ, NY, PA, RI, VT)","High school diploma (Regular 12 year program)","In CBSA, not in central city","NO","3: Mother","NO","YES","NO","NO","NO","0: 0  CONDITION DOES NOT APPLY","ALWAYS WITH RIGHT HAND","ALWAYS WITH RIGHT HAND","ALWAYS WITH RIGHT HAND","ALWAYS WITH RIGHT HAND","ALWAYS WITH LEFT HAND","1: 1  CONDITION APPLIES","1: 1  CONDITION APPLIES","NO","FEMALE","FEMALE"
1983,64735,4,0,4,33790,5,183,1,2,3,4,2,2,1,2,2,2,1,3,3,7,1,1,37,18,"Female","Non-Black / Non-Hispanic","West (AK, AZ, CA, CO, HI, ID, MT, NV, NM, OR, UT, WA, WY)","GED","In CBSA, not in central city","NO","3: Mother","NO","YES","NO","NO","NO","0: 0  CONDITION DOES NOT APPLY","ALWAYS WITH LEFT HAND","ALWAYS WITH RIGHT HAND","ALWAYS WITH RIGHT HAND","ALWAYS WITH RIGHT HAND","ALWAYS WITH RIGHT HAND","1: 1  CONDITION APPLIES","1: 1  CONDITION APPLIES","NO","FEMALE","MALE"
1982,64735,4,0,5,33790,5,184,1,3,1,3,3,1,2,2,1,2,1,7,1,6,1,1,26,19,"Male","Non-Black / Non-Hispanic","South (AL, AR, DE, DC, FL, GA, KY, LA, MD, MS, NC, OK, SC, TN , TX, VA, WV)","Associate/Junior college (AA)","In CBSA, not in central city","NO","3: Mother","YES","NO","NO","NO","NO","0: 0  CONDITION DOES NOT APPLY","ALWAYS WITH RIGHT HAND","ALWAYS WITH RIGHT HAND","ALWAYS WITH RIGHT HAND","ALWAYS WITH RIGHT HAND","ALWAYS WITH LEFT HAND","1: 1  CONDITION APPLIES","1: 1  CONDITION APPLIES","NO","FEMALE","MALE"
1981,64735,6,0,2,700,5,186,1,3,1,4,7,4,2,2,1,1,1,3,3,7,1,1,28,12,"Female","Black","South (AL, AR, DE, DC, FL, GA, KY, LA, MD, MS, NC, OK, SC, TN , TX, VA, WV)","High school diploma (Regular 12 year program)","In CBSA, not in central city","NO","3: Mother","NO","YES","NO","NO","YES","0: 0  CONDITION DOES NOT APPLY","ALWAYS WITH RIGHT HAND","USUALLY WITH BOTH HANDS EQUALLY","ALWAYS WITH RIGHT HAND","ALWAYS WITH RIGHT HAND","ALWAYS WITH LEFT HAND","1: 1  CONDITION APPLIES","1: 1  CONDITION APPLIES","YES","FEMALE","FEMALE"
1982,64735,5,2,3,33790,5,178,1,2,1,3,4,3,2,2,1,1,1,4,3,6,1,1,32,19,"Female","Hispanic","South (AL, AR, DE, DC, FL, GA, KY, LA, MD, MS, NC, OK, SC, TN , TX, VA, WV)","High school diploma (Regular 12 year program)","In CBSA, not in central city","NO","3: Mother","YES","NO","NO","NO","YES","0: 0  CONDITION DOES NOT APPLY","ALWAYS WITH RIGHT HAND","ALWAYS WITH RIGHT HAND","ALWAYS WITH RIGHT HAND","ALWAYS WITH RIGHT HAND","ALWAYS WITH LEFT HAND","1: 1  CONDITION APPLIES","1: 1  CONDITION APPLIES","NO","MALE","FEMALE"
1983,43185,3,0,4,33790,5,182,2,1,4,4,4,5,2,2,2,2,1,6,2,6,1,1,33,23,"Male","Black","North Central (IL, IN, IA, KS, MI, MN, MO, NE, OH, ND, SD, WI)","Associate/Junior college (AA)","In CBSA, not in central city","YES","3: Mother","YES","NO","NO","NO","YES","0: 0  CONDITION DOES NOT APPLY","ALWAYS WITH RIGHT HAND","ALWAYS WITH RIGHT HAND","ALWAYS WITH RIGHT HAND","ALWAYS WITH RIGHT HAND","ALWAYS WITH LEFT HAND","1: 1  CONDITION APPLIES","1: 1  CONDITION APPLIES","NO","FEMALE","FEMALE"
1983,64735,3,1,1,33790,5,265,1,2,4,4,2,2,2,1,1,1,1,1,3,5,1,1,31,22,"Male","Black","South (AL, AR, DE, DC, FL, GA, KY, LA, MD, MS, NC, OK, SC, TN , TX, VA, WV)","High school diploma (Regular 12 year program)","In CBSA, in central city","NO","3: Mother","YES","YES","NO","NO","YES","0: 0  CONDITION DOES NOT APPLY","ALWAYS WITH LEFT HAND","ALWAYS WITH RIGHT HAND","ALWAYS WITH RIGHT HAND","ALWAYS WITH RIGHT HAND","ALWAYS WITH RIGHT HAND","1: 1  CONDITION APPLIES","1: 1  CONDITION APPLIES","NO","FEMALE","MALE"
1982,64735,3,1,2,33790,5,185,1,2,2,5,4,3,2,2,1,2,1,6,2,7,1,1,28,11,"Female","Black","North Central (IL, IN, IA, KS, MI, MN, MO, NE, OH, ND, SD, WI)","High school diploma (Regular 12 year program)","In CBSA, not in central city","NO","3: Mother","NO","NO","NO","NO","YES","0: 0  CONDITION DOES NOT APPLY","ALWAYS WITH RIGHT HAND","ALWAYS WITH RIGHT HAND","USUALLY WITH BOTH HANDS EQUALLY","ALWAYS WITH RIGHT HAND","ALWAYS WITH LEFT HAND","1: 1  CONDITION APPLIES","1: 1  CONDITION APPLIES","NO","MALE","FEMALE"
1981,64735,3,0,2,0,5,179,2,2,7,3,7,7,1,1,2,1,1,6,2,7,1,1,29,24,"Female","Hispanic","Northeast (CT, ME, MA, NH, NJ, NY, PA, RI, VT)","Master's degree (MA, MS)","In CBSA, in central city","NO","3: Mother","YES","NO","YES","NO","YES","0: 0  CONDITION DOES NOT APPLY","DON'T DO THIS ACTIVITY","USUALLY WITH LEFT HAND","ALWAYS WITH LEFT HAND","ALWAYS WITH LEFT HAND","ALWAYS WITH LEFT HAND","1: 1  CONDITION APPLIES","1: 1  CONDITION APPLIES","NO","FEMALE","MALE"
1983,64735,3,0,1,33790,5,182,1,1,1,2,2,2,2,2,2,2,1,7,3,8,1,1,42,54,"Male","Black","South (AL, AR, DE, DC, FL, GA, KY, LA, MD, MS, NC, OK, SC, TN , TX, VA, WV)","High school diploma (Regular 12 year program)","In CBSA, not in central city","YES","3: Mother","NO","YES","NO","NO","YES","0: 0  CONDITION DOES NOT APPLY","ALWAYS WITH RIGHT HAND","ALWAYS WITH RIGHT HAND","ALWAYS WITH RIGHT HAND","ALWAYS WITH RIGHT HAND","ALWAYS WITH LEFT HAND","1: 1  CONDITION APPLIES","1: 1  CONDITION APPLIES","NO","FEMALE","MALE"
1981,2500,4,1,3,33790,5,183,1,2,3,2,3,2,1,2,1,2,1,1,4,7,1,1,29,21,"Male","Non-Black / Non-Hispanic","South (AL, AR, DE, DC, FL, GA, KY, LA, MD, MS, NC, OK, SC, TN , TX, VA, WV)","High school diploma (Regular 12 year program)","In CBSA, in central city","NO","3: Mother","YES","YES","NO","NO","YES","0: 0  CONDITION DOES NOT APPLY","ALWAYS WITH RIGHT HAND","ALWAYS WITH RIGHT HAND","ALWAYS WITH RIGHT HAND","ALWAYS WITH RIGHT HAND","ALWAYS WITH LEFT HAND","1: 1  CONDITION APPLIES","1: 1  CONDITION APPLIES","NO","FEMALE","FEMALE"
1982,64735,2,0,1,33790,5,184,1,1,4,3,2,5,2,1,1,2,1,3,2,6,1,1,29,20,"Male","Non-Black / Non-Hispanic","North Central (IL, IN, IA, KS, MI, MN, MO, NE, OH, ND, SD, WI)","High school diploma (Regular 12 year program)","In CBSA, in central city","NO","3: Mother","YES","NO","NO","NO","YES","0: 0  CONDITION DOES NOT APPLY","ALWAYS WITH RIGHT HAND","ALWAYS WITH RIGHT HAND","ALWAYS WITH RIGHT HAND","ALWAYS WITH RIGHT HAND","ALWAYS WITH LEFT HAND","1: 1  CONDITION APPLIES","1: 1  CONDITION APPLIES","NO","FEMALE","FEMALE"
1983,64735,2,0,5,33790,5,225,1,1,2,4,2,5,2,2,2,2,1,5,2,6,1,1,31,24,"Male","Black","South (AL, AR, DE, DC, FL, GA, KY, LA, MD, MS, NC, OK, SC, TN , TX, VA, WV)","High school diploma (Regular 12 year program)","Not in CBSA","NO","3: Mother","NO","NO","NO","NO","YES","0: 0  CONDITION DOES NOT APPLY","ALWAYS WITH RIGHT HAND","ALWAYS WITH RIGHT HAND","ALWAYS WITH RIGHT HAND","ALWAYS WITH RIGHT HAND","ALWAYS WITH RIGHT HAND","1: 1  CONDITION APPLIES","1: 1  CONDITION APPLIES","NO","FEMALE","MALE"
1985,64735,4,1,1,33790,5,181,1,1,1,3,5,3,2,2,2,2,1,6,1,7,1,1,32,26,"Female","Non-Black / Non-Hispanic","South (AL, AR, DE, DC, FL, GA, KY, LA, MD, MS, NC, OK, SC, TN , TX, VA, WV)","Bachelor's degree (BA, BS)","In CBSA, in central city","NO","3: Mother","YES","NO","NO","NO","YES","0: 0  CONDITION DOES NOT APPLY","USUALLY WITH RIGHT HAND","ALWAYS WITH RIGHT HAND","ALWAYS WITH RIGHT HAND","ALWAYS WITH RIGHT HAND","ALWAYS WITH LEFT HAND","1: 1  CONDITION APPLIES","1: 1  CONDITION APPLIES","NO","FEMALE","FEMALE"
1983,64735,3,0,8,33790,5,186,2,1,5,5,5,4,2,2,1,2,1,7,4,6,1,1,31,20,"Male","Non-Black / Non-Hispanic","Northeast (CT, ME, MA, NH, NJ, NY, PA, RI, VT)","High school diploma (Regular 12 year program)","In CBSA, not in central city","NO","3: Mother","YES","NO","NO","NO","YES","0: 0  CONDITION DOES NOT APPLY","ALWAYS WITH RIGHT HAND","ALWAYS WITH RIGHT HAND","ALWAYS WITH RIGHT HAND","ALWAYS WITH RIGHT HAND","ALWAYS WITH LEFT HAND","1: 1  CONDITION APPLIES","1: 1  CONDITION APPLIES","NO","FEMALE","MALE"
1981,64735,2,0,2,400,5,185,1,2,3,3,5,1,2,2,2,2,2,6,2,7,1,1,29,21,"Male","Non-Black / Non-Hispanic","South (AL, AR, DE, DC, FL, GA, KY, LA, MD, MS, NC, OK, SC, TN , TX, VA, WV)","High school diploma (Regular 12 year program)","In CBSA, in central city","NO","3: Mother","YES","NO","YES","NO","YES","0: 0  CONDITION DOES NOT APPLY","ALWAYS WITH LEFT HAND","ALWAYS WITH LEFT HAND","ALWAYS WITH LEFT HAND","ALWAYS WITH LEFT HAND","ALWAYS WITH LEFT HAND","1: 1  CONDITION APPLIES","1: 1  CONDITION APPLIES","NO","FEMALE","MALE"
1983,64735,4,0,3,48000,5,184,2,3,2,5,2,1,2,2,1,1,1,5,5,5,1,1,67,24,"Female","Non-Black / Non-Hispanic","West (AK, AZ, CA, CO, HI, ID, MT, NV, NM, OR, UT, WA, WY)","High school diploma (Regular 12 year program)","In CBSA, not in central city","YES","3: Mother","NO","NO","NO","NO","YES","0: 0  CONDITION DOES NOT APPLY","ALWAYS WITH LEFT HAND","ALWAYS WITH RIGHT HAND","DON'T DO THIS ACTIVITY","ALWAYS WITH RIGHT HAND","ALWAYS WITH LEFT HAND","1: 1  CONDITION APPLIES","1: 1  CONDITION APPLIES","NO","FEMALE","FEMALE"
1982,64735,3,0,1,33790,5,182,1,2,2,3,4,4,2,2,2,2,1,2,1,8,1,1,28,21,"Female","Non-Black / Non-Hispanic","Northeast (CT, ME, MA, NH, NJ, NY, PA, RI, VT)","High school diploma (Regular 12 year program)","In CBSA, in central city","YES","3: Mother","NO","YES","NO","NO","NO","0: 0  CONDITION DOES NOT APPLY","ALWAYS WITH RIGHT HAND","ALWAYS WITH RIGHT HAND","ALWAYS WITH RIGHT HAND","ALWAYS WITH RIGHT HAND","USUALLY WITH LEFT HAND","1: 1  CONDITION APPLIES","1: 1  CONDITION APPLIES","NO","MALE","MALE"
1983,64735,3,0,3,33790,5,183,2,1,3,4,2,3,2,2,2,2,1,7,1,6,1,1,32,27,"Female","Black","Northeast (CT, ME, MA, NH, NJ, NY, PA, RI, VT)","Bachelor's degree (BA, BS)","In CBSA, not in central city","NO","3: Mother","NO","NO","NO","NO","YES","0: 0  CONDITION DOES NOT APPLY","ALWAYS WITH RIGHT HAND","USUALLY WITH RIGHT HAND","ALWAYS WITH RIGHT HAND","ALWAYS WITH RIGHT HAND","ALWAYS WITH LEFT HAND","1: 1  CONDITION APPLIES","1: 1  CONDITION APPLIES","YES","MALE","MALE"
1980,64735,3,0,1,33790,5,170,1,1,2,2,4,2,2,2,2,2,2,3,3,7,1,1,32,21,"Female","Hispanic","Northeast (CT, ME, MA, NH, NJ, NY, PA, RI, VT)","High school diploma (Regular 12 year program)","In CBSA, in central city","NO","3: Mother","NO","YES","NO","NO","YES","0: 0  CONDITION DOES NOT APPLY","ALWAYS WITH RIGHT HAND","ALWAYS WITH RIGHT HAND","ALWAYS WITH RIGHT HAND","ALWAYS WITH RIGHT HAND","ALWAYS WITH LEFT HAND","1: 1  CONDITION APPLIES","1: 1  CONDITION APPLIES","YES","FEMALE","MALE"
1980,64735,3,1,3,33790,5,182,1,1,2,4,3,4,2,2,2,2,1,6,2,6,1,1,30,20,"Female","Black","South (AL, AR, DE, DC, FL, GA, KY, LA, MD, MS, NC, OK, SC, TN , TX, VA, WV)","High school diploma (Regular 12 year program)","In CBSA, in central city","NO","3: Mother","YES","NO","NO","NO","YES","0: 0  CONDITION DOES NOT APPLY","ALWAYS WITH RIGHT HAND","ALWAYS WITH RIGHT HAND","ALWAYS WITH RIGHT HAND","ALWAYS WITH RIGHT HAND","ALWAYS WITH LEFT HAND","1: 1  CONDITION APPLIES","1: 1  CONDITION APPLIES","NO","MALE","FEMALE"
1983,64735,5,0,1,33790,5,185,1,2,2,3,1,3,2,2,1,1,1,1,3,6,1,1,66,32,"Male","Black","South (AL, AR, DE, DC, FL, GA, KY, LA, MD, MS, NC, OK, SC, TN , TX, VA, WV)","High school diploma (Regular 12 year program)","In CBSA, in central city","YES","3: Mother","YES","YES","NO","NO","YES","0: 0  CONDITION DOES NOT APPLY","ALWAYS WITH LEFT HAND","ALWAYS WITH LEFT HAND","ALWAYS WITH LEFT HAND","ALWAYS WITH LEFT HAND","ALWAYS WITH RIGHT HAND","1: 1  CONDITION APPLIES","1: 1  CONDITION APPLIES","NO","FEMALE","FEMALE"
1984,64735,2,3,2,33790,6,181,1,1,4,3,2,1,2,2,2,1,1,4,1,6,1,1,28,18,"Male","Hispanic","South (AL, AR, DE, DC, FL, GA, KY, LA, MD, MS, NC, OK, SC, TN , TX, VA, WV)","High school diploma (Regular 12 year program)","In CBSA, not in central city","NO","3: Mother","YES","NO","NO","NO","NO","0: 0  CONDITION DOES NOT APPLY","ALWAYS WITH RIGHT HAND","ALWAYS WITH RIGHT HAND","ALWAYS WITH RIGHT HAND","ALWAYS WITH RIGHT HAND","ALWAYS WITH LEFT HAND","1: 1  CONDITION APPLIES","1: 1  CONDITION APPLIES","YES","MALE","FEMALE"
1982,64735,1,0,1,33790,5,182,1,1,1,1,1,2,2,2,1,2,1,7,2,7,1,1,32,25,"Female","Hispanic","West (AK, AZ, CA, CO, HI, ID, MT, NV, NM, OR, UT, WA, WY)","Associate/Junior college (AA)","In CBSA, in central city","NO","3: Mother","YES","NO","YES","NO","YES","0: 0  CONDITION DOES NOT APPLY","ALWAYS WITH RIGHT HAND","ALWAYS WITH RIGHT HAND","ALWAYS WITH RIGHT HAND","ALWAYS WITH RIGHT HAND","USUALLY WITH LEFT HAND","1: 1  CONDITION APPLIES","1: 1  CONDITION APPLIES","YES","FEMALE","MALE"
1983,64735,3,0,2,33790,5,182,1,1,1,3,3,6,2,1,1,1,1,6,2,8,1,1,31,22,"Male","Hispanic","Northeast (CT, ME, MA, NH, NJ, NY, PA, RI, VT)","High school diploma (Regular 12 year program)","In CBSA, not in central city","NO","3: Mother","NO","NO","NO","NO","YES","0: 0  CONDITION DOES NOT APPLY","ALWAYS WITH RIGHT HAND","ALWAYS WITH RIGHT HAND","ALWAYS WITH RIGHT HAND","ALWAYS WITH RIGHT HAND","ALWAYS WITH LEFT HAND","1: 1  CONDITION APPLIES","1: 1  CONDITION APPLIES","NO","FEMALE","MALE"
1981,64735,3,1,1,33790,5,181,1,1,2,3,4,4,2,2,1,2,2,6,2,6,2,1,30,19,"Female","Non-Black / Non-Hispanic","South (AL, AR, DE, DC, FL, GA, KY, LA, MD, MS, NC, OK, SC, TN , TX, VA, WV)","Bachelor's degree (BA, BS)","In CBSA, not in central city","NO","3: Mother","NO","YES","NO","NO","NO","0: 0  CONDITION DOES NOT APPLY","ALWAYS WITH RIGHT HAND","ALWAYS WITH RIGHT HAND","ALWAYS WITH RIGHT HAND","ALWAYS WITH RIGHT HAND","USUALLY WITH LEFT HAND","1: 1  CONDITION APPLIES","1: 1  CONDITION APPLIES","NO","FEMALE","MALE"
1982,64735,7,2,1,33790,5,182,1,1,2,4,1,2,2,2,1,1,1,5,3,7,1,1,27,16,"Female","Hispanic","West (AK, AZ, CA, CO, HI, ID, MT, NV, NM, OR, UT, WA, WY)","High school diploma (Regular 12 year program)","In CBSA, in central city","NO","3: Mother","NO","YES","NO","NO","YES","0: 0  CONDITION DOES NOT APPLY","ALWAYS WITH RIGHT HAND","ALWAYS WITH RIGHT HAND","ALWAYS WITH RIGHT HAND","ALWAYS WITH RIGHT HAND","ALWAYS WITH LEFT HAND","1: 1  CONDITION APPLIES","1: 1  CONDITION APPLIES","YES","FEMALE","MALE"
1981,64735,3,2,2,33790,5,184,1,1,1,4,3,3,2,2,1,2,1,5,2,7,5,1,21,10,"Male","Non-Black / Non-Hispanic","South (AL, AR, DE, DC, FL, GA, KY, LA, MD, MS, NC, OK, SC, TN , TX, VA, WV)","High school diploma (Regular 12 year program)","In CBSA, in central city","NO","3: Mother","NO","NO","NO","NO","YES","0: 0  CONDITION DOES NOT APPLY","ALWAYS WITH RIGHT HAND","ALWAYS WITH RIGHT HAND","USUALLY WITH RIGHT HAND","USUALLY WITH RIGHT HAND","USUALLY WITH RIGHT HAND","1: 1  CONDITION APPLIES","1: 1  CONDITION APPLIES","NO","FEMALE","MALE"
1982,64735,4,1,2,33790,5,181,1,1,3,5,2,4,2,2,1,1,1,3,1,8,1,1,31,28,"Male","Hispanic","South (AL, AR, DE, DC, FL, GA, KY, LA, MD, MS, NC, OK, SC, TN , TX, VA, WV)","High school diploma (Regular 12 year program)","In CBSA, in central city","YES","3: Mother","YES","NO","NO","NO","NO","0: 0  CONDITION DOES NOT APPLY","ALWAYS WITH RIGHT HAND","ALWAYS WITH RIGHT HAND","ALWAYS WITH RIGHT HAND","ALWAYS WITH RIGHT HAND","USUALLY WITH LEFT HAND","1: 1  CONDITION APPLIES","1: 1  CONDITION APPLIES","YES","FEMALE","MALE"
1983,64735,4,0,3,19000,5,182,2,1,3,2,3,3,1,1,1,2,1,4,1,6,1,1,31,20,"Female","Black","West (AK, AZ, CA, CO, HI, ID, MT, NV, NM, OR, UT, WA, WY)","Master's degree (MA, MS)","In CBSA, not in central city","NO","3: Mother","NO","NO","NO","NO","YES","0: 0  CONDITION DOES NOT APPLY","ALWAYS WITH RIGHT HAND","ALWAYS WITH RIGHT HAND","ALWAYS WITH RIGHT HAND","ALWAYS WITH RIGHT HAND","ALWAYS WITH LEFT HAND","1: 1  CONDITION APPLIES","1: 1  CONDITION APPLIES","NO","MALE","FEMALE"
1982,64735,4,1,2,33790,4,183,1,1,2,3,4,3,2,2,2,1,1,4,1,7,1,1,29,23,"Female","Non-Black / Non-Hispanic","South (AL, AR, DE, DC, FL, GA, KY, LA, MD, MS, NC, OK, SC, TN , TX, VA, WV)","High school diploma (Regular 12 year program)","In CBSA, not in central city","NO","5: Adoptive Mother","YES","YES","NO","NO","YES","0: 0  CONDITION DOES NOT APPLY","ALWAYS WITH LEFT HAND","ALWAYS WITH RIGHT HAND","ALWAYS WITH RIGHT HAND","ALWAYS WITH RIGHT HAND","ALWAYS WITH LEFT HAND","1: 1  CONDITION APPLIES","1: 1  CONDITION APPLIES","NO","FEMALE","MALE"
1984,64735,3,1,1,33790,5,181,2,2,1,3,7,4,2,2,2,2,2,3,4,8,2,1,34,22,"Male","Hispanic","South (AL, AR, DE, DC, FL, GA, KY, LA, MD, MS, NC, OK, SC, TN , TX, VA, WV)","Master's degree (MA, MS)","In CBSA, in central city","NO","3: Mother","YES","NO","YES","NO","YES","1: 1  CONDITION APPLIES","ALWAYS WITH RIGHT HAND","ALWAYS WITH RIGHT HAND","ALWAYS WITH RIGHT HAND","ALWAYS WITH RIGHT HAND","ALWAYS WITH LEFT HAND","1: 1  CONDITION APPLIES","1: 1  CONDITION APPLIES","NO","FEMALE","FEMALE"
1981,64735,4,0,1,33790,5,182,1,1,2,1,7,3,2,2,2,1,1,5,4,7,1,1,38,58,"Female","Black","South (AL, AR, DE, DC, FL, GA, KY, LA, MD, MS, NC, OK, SC, TN , TX, VA, WV)","GED","In CBSA, in central city","YES","3: Mother","NO","YES","NO","NO","YES","0: 0  CONDITION DOES NOT APPLY","ALWAYS WITH RIGHT HAND","ALWAYS WITH RIGHT HAND","ALWAYS WITH RIGHT HAND","ALWAYS WITH RIGHT HAND","ALWAYS WITH LEFT HAND","1: 1  CONDITION APPLIES","1: 1  CONDITION APPLIES","NO","FEMALE","MALE"
1984,64735,4,1,1,33790,5,179,1,2,3,3,6,3,2,2,1,2,1,4,1,7,1,1,28,1,"Female","Non-Black / Non-Hispanic","South (AL, AR, DE, DC, FL, GA, KY, LA, MD, MS, NC, OK, SC, TN , TX, VA, WV)","GED","In CBSA, in central city","NO","3: Mother","NO","NO","NO","NO","YES","0: 0  CONDITION DOES NOT APPLY","ALWAYS WITH RIGHT HAND","ALWAYS WITH RIGHT HAND","ALWAYS WITH RIGHT HAND","ALWAYS WITH RIGHT HAND","ALWAYS WITH LEFT HAND","1: 1  CONDITION APPLIES","1: 1  CONDITION APPLIES","NO","FEMALE","FEMALE"
1980,0,4,0,2,33790,5,184,1,1,3,2,2,2,2,2,2,2,1,1,1,8,2,1,37,54,"Male","Non-Black / Non-Hispanic","South (AL, AR, DE, DC, FL, GA, KY, LA, MD, MS, NC, OK, SC, TN , TX, VA, WV)","Associate/Junior college (AA)","In CBSA, not in central city","YES","3: Mother","NO","NO","NO","NO","NO","0: 0  CONDITION DOES NOT APPLY","ALWAYS WITH RIGHT HAND","ALWAYS WITH LEFT HAND","ALWAYS WITH RIGHT HAND","ALWAYS WITH LEFT HAND","ALWAYS WITH LEFT HAND","1: 1  CONDITION APPLIES","1: 1  CONDITION APPLIES","YES","FEMALE","MALE"
1984,64735,4,0,1,33790,5,181,1,2,3,3,2,4,2,2,1,1,1,3,2,7,1,1,36,26,"Female","Hispanic","Northeast (CT, ME, MA, NH, NJ, NY, PA, RI, VT)","Bachelor's degree (BA, BS)","In CBSA, not in central city","YES","3: Mother","NO","NO","NO","NO","YES","0: 0  CONDITION DOES NOT APPLY","ALWAYS WITH RIGHT HAND","ALWAYS WITH RIGHT HAND","ALWAYS WITH RIGHT HAND","ALWAYS WITH RIGHT HAND","ALWAYS WITH LEFT HAND","1: 1  CONDITION APPLIES","1: 1  CONDITION APPLIES","NO","MALE","MALE"
1981,64735,2,1,1,40000,5,180,1,1,2,3,3,3,1,2,2,1,2,7,1,7,1,1,37,22,"Female","Black","South (AL, AR, DE, DC, FL, GA, KY, LA, MD, MS, NC, OK, SC, TN , TX, VA, WV)","High school diploma (Regular 12 year program)","In CBSA, in central city","NO","3: Mother","YES","YES","YES","NO","YES","0: 0  CONDITION DOES NOT APPLY","ALWAYS WITH RIGHT HAND","ALWAYS WITH RIGHT HAND","ALWAYS WITH RIGHT HAND","ALWAYS WITH RIGHT HAND","ALWAYS WITH LEFT HAND","1: 1  CONDITION APPLIES","0: 0  CONDITION DOES NOT APPLY","YES","FEMALE","MALE"
1983,64735,4,3,1,33790,5,182,1,1,1,2,7,4,2,2,2,2,1,5,2,7,1,1,31,22,"Female","Black","South (AL, AR, DE, DC, FL, GA, KY, LA, MD, MS, NC, OK, SC, TN , TX, VA, WV)","High school diploma (Regular 12 year program)","In CBSA, not in central city","NO","3: Mother","NO","NO","NO","NO","YES","0: 0  CONDITION DOES NOT APPLY","ALWAYS WITH RIGHT HAND","ALWAYS WITH RIGHT HAND","ALWAYS WITH RIGHT HAND","ALWAYS WITH RIGHT HAND","ALWAYS WITH LEFT HAND","1: 1  CONDITION APPLIES","1: 1  CONDITION APPLIES","NO","FEMALE","FEMALE"
1982,64735,3,0,2,33790,5,182,1,1,3,4,2,4,2,2,2,2,1,7,1,6,1,1,29,22,"Male","Mixed Race (Non-Hispanic)","North Central (IL, IN, IA, KS, MI, MN, MO, NE, OH, ND, SD, WI)","High school diploma (Regular 12 year program)","In CBSA, not in central city","NO","3: Mother","NO","YES","NO","NO","YES","0: 0  CONDITION DOES NOT APPLY","ALWAYS WITH RIGHT HAND","ALWAYS WITH RIGHT HAND","ALWAYS WITH RIGHT HAND","ALWAYS WITH RIGHT HAND","ALWAYS WITH LEFT HAND","1: 1  CONDITION APPLIES","1: 1  CONDITION APPLIES","NO","FEMALE","MALE"
1982,64735,4,3,1,33790,5,183,1,1,2,4,2,4,2,2,1,2,1,2,2,7,1,1,30,20,"Female","Non-Black / Non-Hispanic","South (AL, AR, DE, DC, FL, GA, KY, LA, MD, MS, NC, OK, SC, TN , TX, VA, WV)","Associate/Junior college (AA)","In CBSA, not in central city","NO","3: Mother","YES","NO","NO","NO","YES","0: 0  CONDITION DOES NOT APPLY","ALWAYS WITH RIGHT HAND","ALWAYS WITH RIGHT HAND","ALWAYS WITH RIGHT HAND","ALWAYS WITH RIGHT HAND","ALWAYS WITH LEFT HAND","1: 1  CONDITION APPLIES","1: 1  CONDITION APPLIES","NO","FEMALE","MALE"
1983,64735,3,1,1,33790,5,180,1,1,1,5,5,6,2,2,1,2,1,6,4,7,1,1,27,19,"Female","Hispanic","South (AL, AR, DE, DC, FL, GA, KY, LA, MD, MS, NC, OK, SC, TN , TX, VA, WV)","High school diploma (Regular 12 year program)","In CBSA, not in central city","NO","3: Mother","YES","NO","NO","NO","YES","0: 0  CONDITION DOES NOT APPLY","ALWAYS WITH RIGHT HAND","ALWAYS WITH RIGHT HAND","ALWAYS WITH RIGHT HAND","ALWAYS WITH RIGHT HAND","ALWAYS WITH LEFT HAND","0: 0  CONDITION DOES NOT APPLY","0: 0  CONDITION DOES NOT APPLY","YES","MALE","MALE"
1983,64735,3,0,1,33790,5,183,1,2,3,2,2,2,2,1,1,1,1,4,2,5,1,2,33,20,"Female","Non-Black / Non-Hispanic","Northeast (CT, ME, MA, NH, NJ, NY, PA, RI, VT)","GED","In CBSA, in central city","NO","3: Mother","NO","NO","NO","NO","YES","0: 0  CONDITION DOES NOT APPLY","ALWAYS WITH RIGHT HAND","ALWAYS WITH RIGHT HAND","ALWAYS WITH RIGHT HAND","ALWAYS WITH RIGHT HAND","ALWAYS WITH LEFT HAND","1: 1  CONDITION APPLIES","1: 1  CONDITION APPLIES","NO","FEMALE","MALE"
1984,64735,4,1,3,33790,5,182,2,1,4,3,2,3,2,2,1,1,1,3,4,7,1,1,31,24,"Female","Hispanic","South (AL, AR, DE, DC, FL, GA, KY, LA, MD, MS, NC, OK, SC, TN , TX, VA, WV)","None","In CBSA, in central city","NO","3: Mother","YES","YES","NO","NO","YES","0: 0  CONDITION DOES NOT APPLY","ALWAYS WITH RIGHT HAND","ALWAYS WITH RIGHT HAND","ALWAYS WITH RIGHT HAND","USUALLY WITH RIGHT HAND","ALWAYS WITH LEFT HAND","1: 1  CONDITION APPLIES","1: 1  CONDITION APPLIES","NO","FEMALE","MALE"
1980,64735,2,0,2,33790,5,183,1,2,2,3,3,4,2,1,1,2,1,4,2,7,1,1,34,25,"Male","Hispanic","South (AL, AR, DE, DC, FL, GA, KY, LA, MD, MS, NC, OK, SC, TN , TX, VA, WV)","High school diploma (Regular 12 year program)","In CBSA, in central city","NO","3: Mother","NO","NO","NO","NO","YES","0: 0  CONDITION DOES NOT APPLY","ALWAYS WITH RIGHT HAND","ALWAYS WITH RIGHT HAND","ALWAYS WITH RIGHT HAND","ALWAYS WITH RIGHT HAND","ALWAYS WITH LEFT HAND","1: 1  CONDITION APPLIES","1: 1  CONDITION APPLIES","NO","FEMALE","MALE"
1983,64735,3,1,3,33790,5,155,1,1,2,3,5,2,2,2,1,1,1,5,2,7,1,1,25,20,"Female","Hispanic","South (AL, AR, DE, DC, FL, GA, KY, LA, MD, MS, NC, OK, SC, TN , TX, VA, WV)","High school diploma (Regular 12 year program)","In CBSA, in central city","NO","3: Mother","YES","NO","NO","NO","YES","0: 0  CONDITION DOES NOT APPLY","ALWAYS WITH RIGHT HAND","ALWAYS WITH RIGHT HAND","ALWAYS WITH RIGHT HAND","ALWAYS WITH RIGHT HAND","ALWAYS WITH LEFT HAND","1: 1  CONDITION APPLIES","1: 1  CONDITION APPLIES","NO","MALE","MALE"
1982,45700,3,0,1,33790,5,183,1,1,1,3,5,3,2,2,1,2,2,7,2,6,1,1,30,22,"Male","Hispanic","West (AK, AZ, CA, CO, HI, ID, MT, NV, NM, OR, UT, WA, WY)","High school diploma (Regular 12 year program)","In CBSA, not in central city","NO","3: Mother","YES","NO","NO","NO","NO","0: 0  CONDITION DOES NOT APPLY","ALWAYS WITH RIGHT HAND","ALWAYS WITH RIGHT HAND","ALWAYS WITH RIGHT HAND","ALWAYS WITH RIGHT HAND","ALWAYS WITH LEFT HAND","1: 1  CONDITION APPLIES","0: 0  CONDITION DOES NOT APPLY","YES","FEMALE","MALE"
1980,64735,4,0,1,33790,5,182,1,1,4,3,4,4,1,2,1,1,1,4,1,7,1,1,30,13,"Male","Non-Black / Non-Hispanic","South (AL, AR, DE, DC, FL, GA, KY, LA, MD, MS, NC, OK, SC, TN , TX, VA, WV)","GED","In CBSA, not in central city","NO","3: Mother","YES","YES","NO","NO","YES","0: 0  CONDITION DOES NOT APPLY","ALWAYS WITH LEFT HAND","ALWAYS WITH LEFT HAND","ALWAYS WITH LEFT HAND","ALWAYS WITH LEFT HAND","ALWAYS WITH LEFT HAND","1: 1  CONDITION APPLIES","1: 1  CONDITION APPLIES","NO","FEMALE","FEMALE"
1982,79000,5,1,4,36000,5,182,1,1,1,2,5,2,2,2,2,2,2,1,7,6,1,1,30,22,"Male","Hispanic","South (AL, AR, DE, DC, FL, GA, KY, LA, MD, MS, NC, OK, SC, TN , TX, VA, WV)","High school diploma (Regular 12 year program)","In CBSA, not in central city","NO","3: Mother","YES","YES","NO","NO","YES","0: 0  CONDITION DOES NOT APPLY","ALWAYS WITH RIGHT HAND","ALWAYS WITH RIGHT HAND","ALWAYS WITH RIGHT HAND","ALWAYS WITH RIGHT HAND","ALWAYS WITH LEFT HAND","1: 1  CONDITION APPLIES","1: 1  CONDITION APPLIES","YES","FEMALE","FEMALE"
1984,64735,4,0,2,33790,5,183,2,1,4,7,2,5,2,2,2,2,1,6,2,7,1,1,33,28,"Female","Non-Black / Non-Hispanic","South (AL, AR, DE, DC, FL, GA, KY, LA, MD, MS, NC, OK, SC, TN , TX, VA, WV)","None","In CBSA, not in central city","YES","3: Mother","YES","NO","NO","NO","YES","0: 0  CONDITION DOES NOT APPLY","ALWAYS WITH RIGHT HAND","ALWAYS WITH RIGHT HAND","ALWAYS WITH RIGHT HAND","ALWAYS WITH RIGHT HAND","ALWAYS WITH LEFT HAND","1: 1  CONDITION APPLIES","1: 1  CONDITION APPLIES","NO","MALE","FEMALE"
1981,64735,2,0,1,33790,5,183,2,1,1,3,5,2,2,2,1,2,1,6,7,6,3,1,31,19,"Male","Hispanic","South (AL, AR, DE, DC, FL, GA, KY, LA, MD, MS, NC, OK, SC, TN , TX, VA, WV)","High school diploma (Regular 12 year program)","In CBSA, in central city","NO","3: Mother","YES","YES","YES","NO","YES","0: 0  CONDITION DOES NOT APPLY","ALWAYS WITH RIGHT HAND","ALWAYS WITH RIGHT HAND","ALWAYS WITH RIGHT HAND","ALWAYS WITH RIGHT HAND","ALWAYS WITH LEFT HAND","1: 1  CONDITION APPLIES","1: 1  CONDITION APPLIES","NO","FEMALE","FEMALE"
1982,64735,4,1,2,33790,5,183,1,1,3,4,1,5,2,2,1,2,1,6,3,7,2,1,30,20,"Female","Non-Black / Non-Hispanic","North Central (IL, IN, IA, KS, MI, MN, MO, NE, OH, ND, SD, WI)","Associate/Junior college (AA)","In CBSA, not in central city","NO","3: Mother","YES","NO","NO","NO","YES","0: 0  CONDITION DOES NOT APPLY","ALWAYS WITH RIGHT HAND","ALWAYS WITH RIGHT HAND","ALWAYS WITH RIGHT HAND","ALWAYS WITH RIGHT HAND","ALWAYS WITH LEFT HAND","1: 1  CONDITION APPLIES","1: 1  CONDITION APPLIES","NO","FEMALE","FEMALE"
1986,64735,2,0,1,33790,6,217,1,2,1,1,3,6,2,2,2,2,1,2,1,7,1,1,35,24,"Male","Black","South (AL, AR, DE, DC, FL, GA, KY, LA, MD, MS, NC, OK, SC, TN , TX, VA, WV)","High school diploma (Regular 12 year program)","In CBSA, in central city","NO","3: Mother","NO","YES","NO","NO","YES","0: 0  CONDITION DOES NOT APPLY","ALWAYS WITH RIGHT HAND","ALWAYS WITH RIGHT HAND","ALWAYS WITH RIGHT HAND","ALWAYS WITH RIGHT HAND","USUALLY WITH BOTH HANDS EQUALLY","1: 1  CONDITION APPLIES","1: 1  CONDITION APPLIES","NO","FEMALE","MALE"
1982,316618,3,1,1,33790,5,181,2,1,2,5,3,5,2,2,1,1,1,6,2,8,1,1,54,27,"Female","Non-Black / Non-Hispanic","South (AL, AR, DE, DC, FL, GA, KY, LA, MD, MS, NC, OK, SC, TN , TX, VA, WV)","High school diploma (Regular 12 year program)","In CBSA, not in central city","NO","3: Mother","NO","NO","NO","NO","YES","0: 0  CONDITION DOES NOT APPLY","ALWAYS WITH RIGHT HAND","ALWAYS WITH RIGHT HAND","ALWAYS WITH RIGHT HAND","ALWAYS WITH RIGHT HAND","ALWAYS WITH LEFT HAND","0: 0  CONDITION DOES NOT APPLY","1: 1  CONDITION APPLIES","NO","FEMALE","FEMALE"
1984,64735,3,0,3,33790,5,183,1,1,1,3,2,3,2,2,2,2,1,3,2,6,1,1,50,24,"Male","Non-Black / Non-Hispanic","South (AL, AR, DE, DC, FL, GA, KY, LA, MD, MS, NC, OK, SC, TN , TX, VA, WV)","High school diploma (Regular 12 year program)","In CBSA, not in central city","NO","3: Mother","NO","YES","NO","NO","YES","0: 0  CONDITION DOES NOT APPLY","ALWAYS WITH RIGHT HAND","ALWAYS WITH RIGHT HAND","ALWAYS WITH RIGHT HAND","ALWAYS WITH RIGHT HAND","ALWAYS WITH LEFT HAND","1: 1  CONDITION APPLIES","1: 1  CONDITION APPLIES","NO","FEMALE","MALE"
1983,64735,3,1,1,33790,5,179,1,1,3,3,1,3,2,2,2,1,1,5,2,8,1,1,31,18,"Male","Hispanic","West (AK, AZ, CA, CO, HI, ID, MT, NV, NM, OR, UT, WA, WY)","Bachelor's degree (BA, BS)","In CBSA, in central city","NO","3: Mother","NO","NO","NO","NO","YES","0: 0  CONDITION DOES NOT APPLY","ALWAYS WITH RIGHT HAND","ALWAYS WITH RIGHT HAND","ALWAYS WITH RIGHT HAND","ALWAYS WITH RIGHT HAND","ALWAYS WITH LEFT HAND","1: 1  CONDITION APPLIES","1: 1  CONDITION APPLIES","YES","MALE","MALE"
1982,64735,4,1,2,33790,5,183,1,1,4,2,2,2,2,2,2,2,2,4,2,7,1,1,31,21,"Male","Hispanic","South (AL, AR, DE, DC, FL, GA, KY, LA, MD, MS, NC, OK, SC, TN , TX, VA, WV)","GED","In CBSA, not in central city","NO","3: Mother","YES","NO","YES","NO","NO","0: 0  CONDITION DOES NOT APPLY","ALWAYS WITH RIGHT HAND","ALWAYS WITH RIGHT HAND","ALWAYS WITH RIGHT HAND","ALWAYS WITH RIGHT HAND","ALWAYS WITH LEFT HAND","1: 1  CONDITION APPLIES","1: 1  CONDITION APPLIES","YES","FEMALE","MALE"
1982,64735,3,0,1,33790,5,160,2,2,6,3,4,5,2,1,1,1,1,6,3,7,1,1,28,19,"Male","Hispanic","South (AL, AR, DE, DC, FL, GA, KY, LA, MD, MS, NC, OK, SC, TN , TX, VA, WV)","High school diploma (Regular 12 year program)","In CBSA, not in central city","YES","3: Mother","NO","NO","NO","NO","YES","0: 0  CONDITION DOES NOT APPLY","ALWAYS WITH RIGHT HAND","ALWAYS WITH RIGHT HAND","ALWAYS WITH RIGHT HAND","ALWAYS WITH RIGHT HAND","ALWAYS WITH LEFT HAND","1: 1  CONDITION APPLIES","1: 1  CONDITION APPLIES","YES","FEMALE","MALE"
1985,64735,3,1,3,8000,5,177,1,1,1,3,3,4,2,2,1,2,1,1,1,7,1,1,27,22,"Female","Black","Northeast (CT, ME, MA, NH, NJ, NY, PA, RI, VT)","Bachelor's degree (BA, BS)","In CBSA, in central city","NO","3: Mother","YES","YES","NO","NO","NO","0: 0  CONDITION DOES NOT APPLY","USUALLY WITH RIGHT HAND","USUALLY WITH RIGHT HAND","USUALLY WITH RIGHT HAND","USUALLY WITH RIGHT HAND","ALWAYS WITH LEFT HAND","1: 1  CONDITION APPLIES","0: 0  CONDITION DOES NOT APPLY","NO","FEMALE","MALE"
1980,44000,3,1,1,33790,5,183,1,2,4,3,5,3,2,1,1,2,1,6,2,7,1,1,29,20,"Male","Hispanic","South (AL, AR, DE, DC, FL, GA, KY, LA, MD, MS, NC, OK, SC, TN , TX, VA, WV)","High school diploma (Regular 12 year program)","In CBSA, in central city","YES","3: Mother","YES","NO","NO","NO","YES","1: 1  CONDITION APPLIES","ALWAYS WITH RIGHT HAND","ALWAYS WITH RIGHT HAND","ALWAYS WITH RIGHT HAND","ALWAYS WITH RIGHT HAND","ALWAYS WITH LEFT HAND","1: 1  CONDITION APPLIES","1: 1  CONDITION APPLIES","YES","MALE","FEMALE"
1981,64735,3,1,2,33790,6,250,2,2,5,4,3,3,2,3,1,1,1,4,5,5,1,1,28,2,"Male","Non-Black / Non-Hispanic","South (AL, AR, DE, DC, FL, GA, KY, LA, MD, MS, NC, OK, SC, TN , TX, VA, WV)","High school diploma (Regular 12 year program)","In CBSA, not in central city","NO","3: Mother","YES","NO","YES","NO","YES","0: 0  CONDITION DOES NOT APPLY","ALWAYS WITH RIGHT HAND","ALWAYS WITH RIGHT HAND","ALWAYS WITH RIGHT HAND","ALWAYS WITH RIGHT HAND","ALWAYS WITH LEFT HAND","1: 1  CONDITION APPLIES","1: 1  CONDITION APPLIES","YES","FEMALE","FEMALE"
1983,64735,3,0,1,33790,5,181,1,1,6,4,2,2,2,2,2,1,2,5,1,7,1,1,33,33,"Female","Non-Black / Non-Hispanic","South (AL, AR, DE, DC, FL, GA, KY, LA, MD, MS, NC, OK, SC, TN , TX, VA, WV)","Bachelor's degree (BA, BS)","In CBSA, not in central city","NO","3: Mother","YES","NO","NO","NO","YES","0: 0  CONDITION DOES NOT APPLY","ALWAYS WITH RIGHT HAND","ALWAYS WITH RIGHT HAND","ALWAYS WITH LEFT HAND","ALWAYS WITH RIGHT HAND","ALWAYS WITH LEFT HAND","0: 0  CONDITION DOES NOT APPLY","1: 1  CONDITION APPLIES","NO","MALE","MALE"
1985,36850,3,2,1,36000,5,115,1,1,4,3,2,3,2,1,1,1,1,6,1,6,2,1,31,21,"Female","Non-Black / Non-Hispanic","South (AL, AR, DE, DC, FL, GA, KY, LA, MD, MS, NC, OK, SC, TN , TX, VA, WV)","None","In CBSA, not in central city","NO","3: Mother","YES","NO","YES","NO","YES","0: 0  CONDITION DOES NOT APPLY","ALWAYS WITH RIGHT HAND","USUALLY WITH BOTH HANDS EQUALLY","ALWAYS WITH RIGHT HAND","ALWAYS WITH RIGHT HAND","ALWAYS WITH LEFT HAND","1: 1  CONDITION APPLIES","1: 1  CONDITION APPLIES","NO","FEMALE","MALE"
1984,153000,7,1,2,33790,5,181,1,2,3,2,5,7,2,2,1,2,2,7,3,7,1,4,31,25,"Female","Black","West (AK, AZ, CA, CO, HI, ID, MT, NV, NM, OR, UT, WA, WY)","High school diploma (Regular 12 year program)","In CBSA, in central city","YES","3: Mother","NO","YES","YES","NO","YES","0: 0  CONDITION DOES NOT APPLY","ALWAYS WITH RIGHT HAND","ALWAYS WITH RIGHT HAND","USUALLY WITH BOTH HANDS EQUALLY","ALWAYS WITH RIGHT HAND","ALWAYS WITH LEFT HAND","0: 0  CONDITION DOES NOT APPLY","1: 1  CONDITION APPLIES","YES","FEMALE","MALE"
1980,64735,2,0,9,33790,5,184,1,1,1,3,2,2,2,1,2,1,1,6,5,6,1,1,28,7,"Male","Black","West (AK, AZ, CA, CO, HI, ID, MT, NV, NM, OR, UT, WA, WY)","High school diploma (Regular 12 year program)","In CBSA, not in central city","NO","3: Mother","NO","NO","NO","NO","NO","0: 0  CONDITION DOES NOT APPLY","ALWAYS WITH RIGHT HAND","ALWAYS WITH RIGHT HAND","ALWAYS WITH RIGHT HAND","ALWAYS WITH RIGHT HAND","ALWAYS WITH LEFT HAND","1: 1  CONDITION APPLIES","1: 1  CONDITION APPLIES","NO","FEMALE","MALE"
1983,64735,3,0,5,33790,5,182,1,2,4,5,1,2,1,2,1,2,1,3,3,7,1,1,29,21,"Male","Non-Black / Non-Hispanic","South (AL, AR, DE, DC, FL, GA, KY, LA, MD, MS, NC, OK, SC, TN , TX, VA, WV)","Bachelor's degree (BA, BS)","In CBSA, not in central city","NO","3: Mother","NO","NO","NO","NO","YES","0: 0  CONDITION DOES NOT APPLY","ALWAYS WITH RIGHT HAND","ALWAYS WITH RIGHT HAND","ALWAYS WITH RIGHT HAND","ALWAYS WITH RIGHT HAND","ALWAYS WITH LEFT HAND","1: 1  CONDITION APPLIES","1: 1  CONDITION APPLIES","NO","FEMALE","MALE"
1981,84000,2,0,2,33790,5,184,1,1,4,4,6,3,2,2,1,2,1,4,2,6,1,1,33,25,"Male","Black","South (AL, AR, DE, DC, FL, GA, KY, LA, MD, MS, NC, OK, SC, TN , TX, VA, WV)","None","In CBSA, in central city","NO","3: Mother","YES","NO","NO","NO","YES","0: 0  CONDITION DOES NOT APPLY","ALWAYS WITH RIGHT HAND","DON'T DO THIS ACTIVITY","ALWAYS WITH RIGHT HAND","ALWAYS WITH RIGHT HAND","ALWAYS WITH LEFT HAND","1: 1  CONDITION APPLIES","1: 1  CONDITION APPLIES","NO","FEMALE","MALE"
1982,64735,2,0,3,33790,5,180,1,2,4,4,5,1,2,2,1,1,1,5,3,6,1,1,32,22,"Female","Hispanic","South (AL, AR, DE, DC, FL, GA, KY, LA, MD, MS, NC, OK, SC, TN , TX, VA, WV)","None","In CBSA, in central city","NO","3: Mother","YES","NO","NO","NO","YES","0: 0  CONDITION DOES NOT APPLY","ALWAYS WITH RIGHT HAND","ALWAYS WITH RIGHT HAND","ALWAYS WITH RIGHT HAND","ALWAYS WITH RIGHT HAND","ALWAYS WITH LEFT HAND","0: 0  CONDITION DOES NOT APPLY","1: 1  CONDITION APPLIES","NO","FEMALE","MALE"
1981,64735,3,0,4,33790,5,181,1,1,6,3,2,7,2,2,1,2,2,2,3,6,1,3,38,74,"Female","Hispanic","West (AK, AZ, CA, CO, HI, ID, MT, NV, NM, OR, UT, WA, WY)","Associate/Junior college (AA)","In CBSA, in central city","NO","3: Mother","YES","NO","NO","NO","NO","0: 0  CONDITION DOES NOT APPLY","ALWAYS WITH RIGHT HAND","USUALLY WITH LEFT HAND","ALWAYS WITH LEFT HAND","ALWAYS WITH RIGHT HAND","ALWAYS WITH LEFT HAND","1: 1  CONDITION APPLIES","1: 1  CONDITION APPLIES","YES","FEMALE","MALE"
1981,64735,3,0,5,33790,5,184,2,2,1,5,7,2,1,2,1,2,2,5,1,7,1,1,34,25,"Female","Black","South (AL, AR, DE, DC, FL, GA, KY, LA, MD, MS, NC, OK, SC, TN , TX, VA, WV)","High school diploma (Regular 12 year program)","In CBSA, not in central city","YES","3: Mother","NO","YES","NO","NO","YES","0: 0  CONDITION DOES NOT APPLY","ALWAYS WITH RIGHT HAND","ALWAYS WITH RIGHT HAND","USUALLY WITH BOTH HANDS EQUALLY","ALWAYS WITH RIGHT HAND","ALWAYS WITH RIGHT HAND","1: 1  CONDITION APPLIES","1: 1  CONDITION APPLIES","YES","MALE","FEMALE"
1982,64735,3,1,2,33790,5,183,1,1,1,4,4,5,2,2,1,2,1,4,4,6,1,1,31,19,"Male","Non-Black / Non-Hispanic","Northeast (CT, ME, MA, NH, NJ, NY, PA, RI, VT)","High school diploma (Regular 12 year program)","In CBSA, not in central city","NO","3: Mother","NO","NO","NO","NO","YES","0: 0  CONDITION DOES NOT APPLY","ALWAYS WITH RIGHT HAND","USUALLY WITH RIGHT HAND","ALWAYS WITH RIGHT HAND","ALWAYS WITH RIGHT HAND","ALWAYS WITH LEFT HAND","1: 1  CONDITION APPLIES","1: 1  CONDITION APPLIES","NO","MALE","FEMALE"
1984,64735,4,1,2,33790,5,183,1,2,4,4,3,4,2,2,1,1,1,6,3,8,1,1,3,12,"Female","Black","North Central (IL, IN, IA, KS, MI, MN, MO, NE, OH, ND, SD, WI)","Associate/Junior college (AA)","In CBSA, not in central city","NO","3: Mother","YES","NO","NO","NO","YES","0: 0  CONDITION DOES NOT APPLY","ALWAYS WITH RIGHT HAND","ALWAYS WITH RIGHT HAND","ALWAYS WITH RIGHT HAND","ALWAYS WITH RIGHT HAND","ALWAYS WITH LEFT HAND","1: 1  CONDITION APPLIES","1: 1  CONDITION APPLIES","NO","MALE","MALE"
1985,64735,2,0,2,33790,5,183,2,1,5,4,1,1,2,2,2,2,1,5,10,7,1,1,29,20,"Male","Non-Black / Non-Hispanic","West (AK, AZ, CA, CO, HI, ID, MT, NV, NM, OR, UT, WA, WY)","Bachelor's degree (BA, BS)","In CBSA, not in central city","NO","3: Mother","NO","NO","YES","NO","YES","0: 0  CONDITION DOES NOT APPLY","ALWAYS WITH RIGHT HAND","ALWAYS WITH RIGHT HAND","ALWAYS WITH RIGHT HAND","ALWAYS WITH RIGHT HAND","ALWAYS WITH LEFT HAND","1: 1  CONDITION APPLIES","1: 1  CONDITION APPLIES","NO","MALE","FEMALE"
1984,64735,3,0,6,33790,5,185,1,2,5,4,2,2,2,2,1,2,1,7,2,6,1,1,34,27,"Male","Black","West (AK, AZ, CA, CO, HI, ID, MT, NV, NM, OR, UT, WA, WY)","High school diploma (Regular 12 year program)","In CBSA, in central city","YES","3: Mother","YES","YES","NO","NO","YES","0: 0  CONDITION DOES NOT APPLY","ALWAYS WITH RIGHT HAND","ALWAYS WITH RIGHT HAND","ALWAYS WITH RIGHT HAND","ALWAYS WITH RIGHT HAND","ALWAYS WITH RIGHT HAND","1: 1  CONDITION APPLIES","1: 1  CONDITION APPLIES","NO","MALE","MALE"
1980,64735,4,0,1,33790,5,150,1,2,4,6,2,2,1,2,1,2,1,1,2,6,1,1,30,21,"Male","Hispanic","North Central (IL, IN, IA, KS, MI, MN, MO, NE, OH, ND, SD, WI)","High school diploma (Regular 12 year program)","In CBSA, not in central city","NO","5: Adoptive Mother","NO","YES","NO","NO","YES","0: 0  CONDITION DOES NOT APPLY","ALWAYS WITH RIGHT HAND","ALWAYS WITH RIGHT HAND","ALWAYS WITH RIGHT HAND","ALWAYS WITH RIGHT HAND","ALWAYS WITH LEFT HAND","1: 1  CONDITION APPLIES","1: 1  CONDITION APPLIES","NO","FEMALE","MALE"
1981,64735,4,1,3,33790,5,183,1,1,3,4,2,2,2,2,1,2,1,6,3,6,1,3,34,23,"Male","Black","North Central (IL, IN, IA, KS, MI, MN, MO, NE, OH, ND, SD, WI)","High school diploma (Regular 12 year program)","In CBSA, in central city","NO","3: Mother","YES","YES","NO","NO","YES","0: 0  CONDITION DOES NOT APPLY","ALWAYS WITH RIGHT HAND","ALWAYS WITH RIGHT HAND","ALWAYS WITH RIGHT HAND","ALWAYS WITH RIGHT HAND","ALWAYS WITH LEFT HAND","1: 1  CONDITION APPLIES","1: 1  CONDITION APPLIES","NO","FEMALE","FEMALE"
1980,64735,3,0,1,33790,5,170,1,1,1,2,1,7,2,1,1,1,1,6,1,7,1,1,31,21,"Female","Non-Black / Non-Hispanic","Northeast (CT, ME, MA, NH, NJ, NY, PA, RI, VT)","Bachelor's degree (BA, BS)","In CBSA, in central city","NO","3: Mother","YES","NO","NO","NO","YES","0: 0  CONDITION DOES NOT APPLY","ALWAYS WITH RIGHT HAND","ALWAYS WITH RIGHT HAND","ALWAYS WITH RIGHT HAND","ALWAYS WITH RIGHT HAND","ALWAYS WITH RIGHT HAND","1: 1  CONDITION APPLIES","1: 1  CONDITION APPLIES","NO","FEMALE","FEMALE"
1984,64735,4,2,4,21000,5,183,1,2,1,3,2,3,2,2,2,2,2,2,3,7,1,1,29,9,"Male","Non-Black / Non-Hispanic","South (AL, AR, DE, DC, FL, GA, KY, LA, MD, MS, NC, OK, SC, TN , TX, VA, WV)","High school diploma (Regular 12 year program)","In CBSA, not in central city","NO","3: Mother","NO","YES","NO","NO","NO","0: 0  CONDITION DOES NOT APPLY","ALWAYS WITH RIGHT HAND","USUALLY WITH RIGHT HAND","ALWAYS WITH RIGHT HAND","ALWAYS WITH RIGHT HAND","ALWAYS WITH LEFT HAND","1: 1  CONDITION APPLIES","1: 1  CONDITION APPLIES","NO","FEMALE","FEMALE"
1981,64735,4,1,4,33790,5,190,1,1,1,7,2,2,2,2,2,2,1,6,2,6,1,1,33,3,"Female","Hispanic","South (AL, AR, DE, DC, FL, GA, KY, LA, MD, MS, NC, OK, SC, TN , TX, VA, WV)","High school diploma (Regular 12 year program)","In CBSA, in central city","NO","3: Mother","NO","YES","NO","NO","YES","0: 0  CONDITION DOES NOT APPLY","ALWAYS WITH RIGHT HAND","ALWAYS WITH RIGHT HAND","ALWAYS WITH RIGHT HAND","ALWAYS WITH RIGHT HAND","ALWAYS WITH LEFT HAND","1: 1  CONDITION APPLIES","1: 1  CONDITION APPLIES","NO","MALE","FEMALE"
1983,64735,2,0,4,33790,5,184,1,2,2,4,3,2,2,1,2,2,2,7,3,7,1,1,35,28,"Male","Hispanic","West (AK, AZ, CA, CO, HI, ID, MT, NV, NM, OR, UT, WA, WY)","High school diploma (Regular 12 year program)","In CBSA, not in central city","YES","3: Mother","YES","NO","NO","NO","NO","0: 0  CONDITION DOES NOT APPLY","ALWAYS WITH RIGHT HAND","ALWAYS WITH RIGHT HAND","ALWAYS WITH RIGHT HAND","ALWAYS WITH RIGHT HAND","ALWAYS WITH LEFT HAND","1: 1  CONDITION APPLIES","1: 1  CONDITION APPLIES","NO","FEMALE","FEMALE"
1980,11000,2,0,2,33790,5,183,1,2,5,3,3,3,2,2,2,2,1,3,2,7,1,1,33,25,"Female","Hispanic","West (AK, AZ, CA, CO, HI, ID, MT, NV, NM, OR, UT, WA, WY)","High school diploma (Regular 12 year program)","In CBSA, in central city","YES","3: Mother","NO","NO","NO","NO","NO","0: 0  CONDITION DOES NOT APPLY","ALWAYS WITH RIGHT HAND","ALWAYS WITH RIGHT HAND","ALWAYS WITH RIGHT HAND","ALWAYS WITH RIGHT HAND","ALWAYS WITH LEFT HAND","1: 1  CONDITION APPLIES","1: 1  CONDITION APPLIES","YES","FEMALE","MALE"
1980,64735,2,1,2,33790,5,184,1,1,5,4,1,3,1,2,1,2,1,4,5,8,2,5,19,15,"Female","Hispanic","North Central (IL, IN, IA, KS, MI, MN, MO, NE, OH, ND, SD, WI)","Bachelor's degree (BA, BS)","In CBSA, not in central city","NO","3: Mother","NO","NO","NO","NO","YES","0: 0  CONDITION DOES NOT APPLY","ALWAYS WITH RIGHT HAND","ALWAYS WITH RIGHT HAND","ALWAYS WITH RIGHT HAND","ALWAYS WITH RIGHT HAND","ALWAYS WITH LEFT HAND","1: 1  CONDITION APPLIES","1: 1  CONDITION APPLIES","YES","MALE","MALE"
1981,64735,3,0,6,47000,5,182,1,2,1,3,3,5,1,2,1,2,1,3,1,7,1,1,27,17,"Female","Non-Black / Non-Hispanic","South (AL, AR, DE, DC, FL, GA, KY, LA, MD, MS, NC, OK, SC, TN , TX, VA, WV)","Associate/Junior college (AA)","In CBSA, in central city","NO","3: Mother","YES","NO","NO","NO","YES","0: 0  CONDITION DOES NOT APPLY","ALWAYS WITH RIGHT HAND","ALWAYS WITH RIGHT HAND","ALWAYS WITH RIGHT HAND","ALWAYS WITH RIGHT HAND","ALWAYS WITH LEFT HAND","1: 1  CONDITION APPLIES","1: 1  CONDITION APPLIES","YES","MALE","MALE"
1983,64735,2,1,1,57000,5,182,1,1,1,4,4,3,2,2,1,1,1,2,4,9,1,1,25,18,"Male","Hispanic","West (AK, AZ, CA, CO, HI, ID, MT, NV, NM, OR, UT, WA, WY)","High school diploma (Regular 12 year program)","In CBSA, not in central city","NO","3: Mother","NO","YES","NO","NO","YES","0: 0  CONDITION DOES NOT APPLY","ALWAYS WITH RIGHT HAND","ALWAYS WITH RIGHT HAND","ALWAYS WITH RIGHT HAND","ALWAYS WITH RIGHT HAND","ALWAYS WITH LEFT HAND","1: 1  CONDITION APPLIES","1: 1  CONDITION APPLIES","NO","FEMALE","MALE"
1981,64735,3,0,2,33790,5,184,1,1,2,5,3,1,2,2,1,2,2,4,4,6,1,1,24,7,"Male","Hispanic","South (AL, AR, DE, DC, FL, GA, KY, LA, MD, MS, NC, OK, SC, TN , TX, VA, WV)","None","In CBSA, in central city","NO","3: Mother","YES","YES","NO","NO","YES","0: 0  CONDITION DOES NOT APPLY","ALWAYS WITH LEFT HAND","ALWAYS WITH RIGHT HAND","ALWAYS WITH RIGHT HAND","ALWAYS WITH RIGHT HAND","ALWAYS WITH LEFT HAND","1: 1  CONDITION APPLIES","1: 1  CONDITION APPLIES","YES","FEMALE","FEMALE"
1981,64735,3,0,2,33790,5,183,3,2,1,3,7,1,2,2,1,2,1,4,2,6,1,1,31,18,"Male","Non-Black / Non-Hispanic","South (AL, AR, DE, DC, FL, GA, KY, LA, MD, MS, NC, OK, SC, TN , TX, VA, WV)","High school diploma (Regular 12 year program)","In CBSA, in central city","NO","3: Mother","YES","NO","YES","NO","NO","0: 0  CONDITION DOES NOT APPLY","ALWAYS WITH RIGHT HAND","ALWAYS WITH RIGHT HAND","USUALLY WITH RIGHT HAND","ALWAYS WITH RIGHT HAND","USUALLY WITH LEFT HAND","1: 1  CONDITION APPLIES","1: 1  CONDITION APPLIES","YES","FEMALE","FEMALE"
1982,140000,3,0,2,33790,5,183,1,1,3,4,3,2,2,2,2,1,1,7,2,6,2,1,32,20,"Female","Non-Black / Non-Hispanic","South (AL, AR, DE, DC, FL, GA, KY, LA, MD, MS, NC, OK, SC, TN , TX, VA, WV)","Bachelor's degree (BA, BS)","In CBSA, in central city","YES","3: Mother","NO","NO","NO","NO","YES","0: 0  CONDITION DOES NOT APPLY","ALWAYS WITH RIGHT HAND","ALWAYS WITH RIGHT HAND","ALWAYS WITH RIGHT HAND","ALWAYS WITH RIGHT HAND","USUALLY WITH LEFT HAND","1: 1  CONDITION APPLIES","1: 1  CONDITION APPLIES","NO","FEMALE","MALE"
1980,64735,3,0,2,33790,5,186,1,1,3,5,3,3,2,2,1,1,1,2,2,8,1,1,34,23,"Female","Hispanic","North Central (IL, IN, IA, KS, MI, MN, MO, NE, OH, ND, SD, WI)","GED","In CBSA, in central city","NO","3: Mother","NO","NO","NO","NO","YES","0: 0  CONDITION DOES NOT APPLY","ALWAYS WITH RIGHT HAND","ALWAYS WITH RIGHT HAND","ALWAYS WITH RIGHT HAND","ALWAYS WITH RIGHT HAND","ALWAYS WITH LEFT HAND","1: 1  CONDITION APPLIES","1: 1  CONDITION APPLIES","YES","MALE","FEMALE"
1982,64735,5,1,2,33790,5,182,2,2,3,4,2,3,2,2,1,2,2,5,5,7,1,3,33,22,"Female","Non-Black / Non-Hispanic","South (AL, AR, DE, DC, FL, GA, KY, LA, MD, MS, NC, OK, SC, TN , TX, VA, WV)","Master's degree (MA, MS)","In CBSA, not in central city","NO","3: Mother","NO","YES","NO","NO","YES","0: 0  CONDITION DOES NOT APPLY","ALWAYS WITH RIGHT HAND","ALWAYS WITH RIGHT HAND","ALWAYS WITH RIGHT HAND","ALWAYS WITH RIGHT HAND","ALWAYS WITH LEFT HAND","1: 1  CONDITION APPLIES","1: 1  CONDITION APPLIES","NO","MALE","FEMALE"
1981,90300,5,1,2,33790,6,183,1,1,2,3,4,2,2,2,2,2,1,7,2,7,1,1,31,21,"Male","Black","South (AL, AR, DE, DC, FL, GA, KY, LA, MD, MS, NC, OK, SC, TN , TX, VA, WV)","High school diploma (Regular 12 year program)","In CBSA, in central city","NO","3: Mother","NO","NO","NO","NO","YES","0: 0  CONDITION DOES NOT APPLY","ALWAYS WITH RIGHT HAND","ALWAYS WITH RIGHT HAND","ALWAYS WITH RIGHT HAND","ALWAYS WITH RIGHT HAND","ALWAYS WITH LEFT HAND","1: 1  CONDITION APPLIES","1: 1  CONDITION APPLIES","YES","FEMALE","FEMALE"
1981,64735,3,0,1,33790,5,185,1,3,7,3,4,2,2,2,1,2,1,7,5,6,1,1,33,22,"Male","Non-Black / Non-Hispanic","South (AL, AR, DE, DC, FL, GA, KY, LA, MD, MS, NC, OK, SC, TN , TX, VA, WV)","High school diploma (Regular 12 year program)","In CBSA, not in central city","YES","3: Mother","YES","NO","YES","NO","YES","0: 0  CONDITION DOES NOT APPLY","ALWAYS WITH RIGHT HAND","ALWAYS WITH RIGHT HAND","ALWAYS WITH RIGHT HAND","ALWAYS WITH RIGHT HAND","USUALLY WITH LEFT HAND","1: 1  CONDITION APPLIES","1: 1  CONDITION APPLIES","NO","FEMALE","MALE"
1983,64735,3,0,2,33790,5,145,1,1,5,3,3,6,2,2,1,2,1,5,1,7,1,1,33,25,"Male","Mixed Race (Non-Hispanic)","South (AL, AR, DE, DC, FL, GA, KY, LA, MD, MS, NC, OK, SC, TN , TX, VA, WV)","High school diploma (Regular 12 year program)","In CBSA, not in central city","NO","3: Mother","YES","YES","NO","NO","YES","0: 0  CONDITION DOES NOT APPLY","ALWAYS WITH RIGHT HAND","ALWAYS WITH RIGHT HAND","USUALLY WITH BOTH HANDS EQUALLY","ALWAYS WITH RIGHT HAND","ALWAYS WITH LEFT HAND","1: 1  CONDITION APPLIES","1: 1  CONDITION APPLIES","YES","FEMALE","MALE"
1983,64735,4,1,2,33790,5,168,1,1,2,4,2,2,2,2,1,2,1,6,3,6,1,3,25,2,"Female","Black","South (AL, AR, DE, DC, FL, GA, KY, LA, MD, MS, NC, OK, SC, TN , TX, VA, WV)","High school diploma (Regular 12 year program)","In CBSA, not in central city","NO","3: Mother","YES","NO","NO","NO","YES","0: 0  CONDITION DOES NOT APPLY","ALWAYS WITH RIGHT HAND","ALWAYS WITH RIGHT HAND","ALWAYS WITH RIGHT HAND","ALWAYS WITH RIGHT HAND","ALWAYS WITH LEFT HAND","1: 1  CONDITION APPLIES","1: 1  CONDITION APPLIES","YES","FEMALE","MALE"
1981,64735,2,1,1,33790,5,181,1,1,4,4,2,3,2,2,1,1,1,8,1,6,4,1,29,19,"Male","Hispanic","South (AL, AR, DE, DC, FL, GA, KY, LA, MD, MS, NC, OK, SC, TN , TX, VA, WV)","Bachelor's degree (BA, BS)","In CBSA, in central city","NO","3: Mother","NO","NO","NO","NO","NO","0: 0  CONDITION DOES NOT APPLY","ALWAYS WITH RIGHT HAND","ALWAYS WITH RIGHT HAND","ALWAYS WITH RIGHT HAND","ALWAYS WITH RIGHT HAND","ALWAYS WITH LEFT HAND","1: 1  CONDITION APPLIES","1: 1  CONDITION APPLIES","YES","FEMALE","MALE"
1982,64735,4,0,1,75000,5,183,1,3,4,5,3,2,2,2,1,2,1,4,3,6,1,1,29,18,"Female","Non-Black / Non-Hispanic","Northeast (CT, ME, MA, NH, NJ, NY, PA, RI, VT)","Bachelor's degree (BA, BS)","In CBSA, in central city","NO","3: Mother","YES","YES","NO","NO","YES","0: 0  CONDITION DOES NOT APPLY","ALWAYS WITH RIGHT HAND","ALWAYS WITH RIGHT HAND","ALWAYS WITH RIGHT HAND","ALWAYS WITH RIGHT HAND","ALWAYS WITH LEFT HAND","1: 1  CONDITION APPLIES","0: 0  CONDITION DOES NOT APPLY","NO","FEMALE","FEMALE"
1982,64735,1,0,1,33790,5,183,1,1,4,4,3,4,2,1,1,2,2,6,2,7,1,1,30,25,"Female","Non-Black / Non-Hispanic","South (AL, AR, DE, DC, FL, GA, KY, LA, MD, MS, NC, OK, SC, TN , TX, VA, WV)","High school diploma (Regular 12 year program)","In CBSA, in central city","NO","3: Mother","YES","NO","NO","NO","YES","0: 0  CONDITION DOES NOT APPLY","ALWAYS WITH RIGHT HAND","ALWAYS WITH RIGHT HAND","ALWAYS WITH RIGHT HAND","ALWAYS WITH RIGHT HAND","ALWAYS WITH LEFT HAND","1: 1  CONDITION APPLIES","1: 1  CONDITION APPLIES","NO","MALE","FEMALE"
1980,64735,4,0,2,33790,5,182,1,1,2,4,4,3,2,1,2,1,2,4,2,7,2,1,31,22,"Female","Hispanic","South (AL, AR, DE, DC, FL, GA, KY, LA, MD, MS, NC, OK, SC, TN , TX, VA, WV)","High school diploma (Regular 12 year program)","In CBSA, in central city","NO","3: Mother","NO","YES","NO","NO","NO","0: 0  CONDITION DOES NOT APPLY","ALWAYS WITH RIGHT HAND","ALWAYS WITH RIGHT HAND","ALWAYS WITH RIGHT HAND","ALWAYS WITH RIGHT HAND","ALWAYS WITH LEFT HAND","1: 1  CONDITION APPLIES","1: 1  CONDITION APPLIES","NO","FEMALE","MALE"
1984,69750,3,1,2,45000,5,183,2,1,4,6,2,3,2,2,1,2,1,8,6,7,1,1,28,19,"Male","Non-Black / Non-Hispanic","North Central (IL, IN, IA, KS, MI, MN, MO, NE, OH, ND, SD, WI)","High school diploma (Regular 12 year program)","In CBSA, not in central city","NO","3: Mother","YES","NO","NO","NO","YES","0: 0  CONDITION DOES NOT APPLY","ALWAYS WITH RIGHT HAND","ALWAYS WITH RIGHT HAND","ALWAYS WITH RIGHT HAND","ALWAYS WITH RIGHT HAND","ALWAYS WITH LEFT HAND","1: 1  CONDITION APPLIES","1: 1  CONDITION APPLIES","NO","FEMALE","MALE"
1982,64735,2,0,2,33790,5,255,1,1,6,4,5,6,2,2,1,2,1,5,2,8,1,1,41,57,"Male","Hispanic","South (AL, AR, DE, DC, FL, GA, KY, LA, MD, MS, NC, OK, SC, TN , TX, VA, WV)","Bachelor's degree (BA, BS)","In CBSA, in central city","YES","3: Mother","NO","NO","NO","NO","NO","0: 0  CONDITION DOES NOT APPLY","ALWAYS WITH RIGHT HAND","ALWAYS WITH RIGHT HAND","ALWAYS WITH RIGHT HAND","ALWAYS WITH RIGHT HAND","USUALLY WITH BOTH HANDS EQUALLY","1: 1  CONDITION APPLIES","1: 1  CONDITION APPLIES","YES","FEMALE","MALE"
1981,64735,3,0,2,33790,5,183,1,1,3,2,2,3,2,2,1,2,1,2,2,7,1,1,28,11,"Female","Non-Black / Non-Hispanic","South (AL, AR, DE, DC, FL, GA, KY, LA, MD, MS, NC, OK, SC, TN , TX, VA, WV)","High school diploma (Regular 12 year program)","In CBSA, not in central city","NO","3: Mother","YES","NO","NO","NO","YES","0: 0  CONDITION DOES NOT APPLY","ALWAYS WITH RIGHT HAND","ALWAYS WITH RIGHT HAND","ALWAYS WITH RIGHT HAND","ALWAYS WITH RIGHT HAND","ALWAYS WITH LEFT HAND","1: 1  CONDITION APPLIES","1: 1  CONDITION APPLIES","NO","MALE","MALE"
1983,64735,3,0,1,33790,5,184,1,1,2,3,3,6,2,1,2,1,1,4,2,5,1,3,36,24,"Male","Hispanic","South (AL, AR, DE, DC, FL, GA, KY, LA, MD, MS, NC, OK, SC, TN , TX, VA, WV)","High school diploma (Regular 12 year program)","In CBSA, not in central city","NO","3: Mother","YES","YES","NO","NO","YES","0: 0  CONDITION DOES NOT APPLY","ALWAYS WITH RIGHT HAND","ALWAYS WITH RIGHT HAND","ALWAYS WITH RIGHT HAND","DON'T DO THIS ACTIVITY","ALWAYS WITH LEFT HAND","1: 1  CONDITION APPLIES","1: 1  CONDITION APPLIES","YES","MALE","FEMALE"
1982,64735,4,1,1,33790,5,183,2,2,2,4,2,2,2,2,1,2,1,4,4,7,1,2,32,20,"Female","Non-Black / Non-Hispanic","South (AL, AR, DE, DC, FL, GA, KY, LA, MD, MS, NC, OK, SC, TN , TX, VA, WV)","High school diploma (Regular 12 year program)","In CBSA, not in central city","NO","3: Mother","YES","YES","NO","NO","NO","0: 0  CONDITION DOES NOT APPLY","ALWAYS WITH RIGHT HAND","ALWAYS WITH RIGHT HAND","ALWAYS WITH RIGHT HAND","USUALLY WITH BOTH HANDS EQUALLY","ALWAYS WITH LEFT HAND","1: 1  CONDITION APPLIES","1: 1  CONDITION APPLIES","NO","MALE","FEMALE"
1984,250,2,0,4,33790,6,183,1,2,4,6,2,3,2,1,2,2,2,1,2,6,1,2,35,27,"Male","Hispanic","South (AL, AR, DE, DC, FL, GA, KY, LA, MD, MS, NC, OK, SC, TN , TX, VA, WV)","None","In CBSA, not in central city","NO","3: Mother","NO","YES","NO","NO","NO","0: 0  CONDITION DOES NOT APPLY","ALWAYS WITH RIGHT HAND","ALWAYS WITH RIGHT HAND","ALWAYS WITH RIGHT HAND","ALWAYS WITH RIGHT HAND","ALWAYS WITH LEFT HAND","1: 1  CONDITION APPLIES","1: 1  CONDITION APPLIES","YES","FEMALE","FEMALE"
1983,64735,4,0,3,32000,5,183,1,1,5,3,2,3,2,1,2,1,1,3,3,7,2,1,32,23,"Male","Non-Black / Non-Hispanic","South (AL, AR, DE, DC, FL, GA, KY, LA, MD, MS, NC, OK, SC, TN , TX, VA, WV)","Bachelor's degree (BA, BS)","In CBSA, not in central city","NO","3: Mother","NO","NO","NO","NO","YES","0: 0  CONDITION DOES NOT APPLY","ALWAYS WITH RIGHT HAND","USUALLY WITH RIGHT HAND","ALWAYS WITH RIGHT HAND","ALWAYS WITH RIGHT HAND","ALWAYS WITH LEFT HAND","1: 1  CONDITION APPLIES","1: 1  CONDITION APPLIES","NO","FEMALE","MALE"
1980,64735,2,0,1,33790,5,183,1,2,2,4,5,2,2,2,2,2,1,8,2,7,1,1,33,23,"Female","Black","South (AL, AR, DE, DC, FL, GA, KY, LA, MD, MS, NC, OK, SC, TN , TX, VA, WV)","High school diploma (Regular 12 year program)","In CBSA, in central city","NO","3: Mother","NO","YES","NO","NO","YES","0: 0  CONDITION DOES NOT APPLY","ALWAYS WITH RIGHT HAND","ALWAYS WITH RIGHT HAND","ALWAYS WITH RIGHT HAND","ALWAYS WITH RIGHT HAND","ALWAYS WITH RIGHT HAND","1: 1  CONDITION APPLIES","1: 1  CONDITION APPLIES","NO","FEMALE","MALE"
1982,64735,1,0,1,33790,5,182,1,2,3,3,1,2,2,2,1,2,1,3,3,7,1,1,32,23,"Female","Non-Black / Non-Hispanic","South (AL, AR, DE, DC, FL, GA, KY, LA, MD, MS, NC, OK, SC, TN , TX, VA, WV)","Bachelor's degree (BA, BS)","In CBSA, not in central city","NO","3: Mother","YES","YES","NO","NO","YES","0: 0  CONDITION DOES NOT APPLY","ALWAYS WITH RIGHT HAND","ALWAYS WITH RIGHT HAND","ALWAYS WITH RIGHT HAND","ALWAYS WITH RIGHT HAND","ALWAYS WITH LEFT HAND","1: 1  CONDITION APPLIES","0: 0  CONDITION DOES NOT APPLY","NO","FEMALE","FEMALE"
1980,64735,5,1,1,33790,5,181,1,2,1,4,2,3,2,2,2,1,1,3,4,8,1,1,61,29,"Female","Black","South (AL, AR, DE, DC, FL, GA, KY, LA, MD, MS, NC, OK, SC, TN , TX, VA, WV)","High school diploma (Regular 12 year program)","In CBSA, not in central city","YES","3: Mother","NO","NO","NO","NO","YES","0: 0  CONDITION DOES NOT APPLY","ALWAYS WITH RIGHT HAND","USUALLY WITH BOTH HANDS EQUALLY","ALWAYS WITH RIGHT HAND","ALWAYS WITH RIGHT HAND","ALWAYS WITH LEFT HAND","1: 1  CONDITION APPLIES","1: 1  CONDITION APPLIES","NO","FEMALE","MALE"
1981,92046,3,0,1,33790,5,185,1,1,1,3,2,5,2,1,2,2,1,3,2,6,1,1,35,22,"Male","Black","South (AL, AR, DE, DC, FL, GA, KY, LA, MD, MS, NC, OK, SC, TN , TX, VA, WV)","High school diploma (Regular 12 year program)","In CBSA, not in central city","NO","3: Mother","NO","YES","NO","NO","YES","0: 0  CONDITION DOES NOT APPLY","ALWAYS WITH RIGHT HAND","ALWAYS WITH RIGHT HAND","ALWAYS WITH RIGHT HAND","ALWAYS WITH RIGHT HAND","ALWAYS WITH LEFT HAND","1: 1  CONDITION APPLIES","1: 1  CONDITION APPLIES","NO","FEMALE","FEMALE"
1983,64735,4,1,1,33790,5,181,1,1,4,4,4,3,2,2,2,1,1,2,3,6,1,1,29,23,"Male","Non-Black / Non-Hispanic","South (AL, AR, DE, DC, FL, GA, KY, LA, MD, MS, NC, OK, SC, TN , TX, VA, WV)","GED","In CBSA, not in central city","YES","3: Mother","YES","NO","NO","NO","NO","0: 0  CONDITION DOES NOT APPLY","ALWAYS WITH RIGHT HAND","ALWAYS WITH RIGHT HAND","ALWAYS WITH RIGHT HAND","ALWAYS WITH RIGHT HAND","ALWAYS WITH LEFT HAND","1: 1  CONDITION APPLIES","1: 1  CONDITION APPLIES","NO","MALE","FEMALE"
1982,64735,3,1,2,33790,5,182,1,1,5,4,2,4,2,1,2,2,1,5,1,8,1,1,26,18,"Female","Non-Black / Non-Hispanic","North Central (IL, IN, IA, KS, MI, MN, MO, NE, OH, ND, SD, WI)","High school diploma (Regular 12 year program)","In CBSA, not in central city","NO","3: Mother","YES","YES","NO","NO","YES","0: 0  CONDITION DOES NOT APPLY","ALWAYS WITH RIGHT HAND","ALWAYS WITH RIGHT HAND","ALWAYS WITH RIGHT HAND","ALWAYS WITH RIGHT HAND","USUALLY WITH RIGHT HAND","1: 1  CONDITION APPLIES","1: 1  CONDITION APPLIES","NO","FEMALE","MALE"
1982,64735,3,0,1,33790,5,183,1,2,1,4,5,4,2,2,1,2,1,6,2,7,1,1,32,22,"Female","Non-Black / Non-Hispanic","South (AL, AR, DE, DC, FL, GA, KY, LA, MD, MS, NC, OK, SC, TN , TX, VA, WV)","High school diploma (Regular 12 year program)","In CBSA, in central city","NO","3: Mother","YES","YES","NO","NO","YES","0: 0  CONDITION DOES NOT APPLY","ALWAYS WITH RIGHT HAND","ALWAYS WITH RIGHT HAND","ALWAYS WITH RIGHT HAND","ALWAYS WITH RIGHT HAND","ALWAYS WITH LEFT HAND","1: 1  CONDITION APPLIES","1: 1  CONDITION APPLIES","NO","FEMALE","FEMALE"
1983,64735,7,2,2,33790,5,181,1,2,3,5,6,2,2,2,1,2,1,6,2,7,1,1,28,14,"Male","Non-Black / Non-Hispanic","West (AK, AZ, CA, CO, HI, ID, MT, NV, NM, OR, UT, WA, WY)","High school diploma (Regular 12 year program)","In CBSA, not in central city","NO","3: Mother","NO","YES","NO","NO","YES","0: 0  CONDITION DOES NOT APPLY","ALWAYS WITH RIGHT HAND","ALWAYS WITH RIGHT HAND","ALWAYS WITH RIGHT HAND","USUALLY WITH RIGHT HAND","ALWAYS WITH LEFT HAND","1: 1  CONDITION APPLIES","1: 1  CONDITION APPLIES","NO","FEMALE","MALE"
1982,64735,4,1,3,33790,5,185,1,1,2,4,4,3,2,2,1,2,1,2,4,5,1,1,29,20,"Male","Black","North Central (IL, IN, IA, KS, MI, MN, MO, NE, OH, ND, SD, WI)","High school diploma (Regular 12 year program)","In CBSA, not in central city","NO","3: Mother","YES","NO","NO","NO","YES","0: 0  CONDITION DOES NOT APPLY","ALWAYS WITH RIGHT HAND","ALWAYS WITH RIGHT HAND","ALWAYS WITH RIGHT HAND","ALWAYS WITH RIGHT HAND","ALWAYS WITH LEFT HAND","1: 1  CONDITION APPLIES","1: 1  CONDITION APPLIES","NO","FEMALE","FEMALE"
1985,64735,5,1,2,33790,5,180,1,1,2,3,6,2,1,2,1,2,1,3,2,6,1,1,33,21,"Male","Hispanic","South (AL, AR, DE, DC, FL, GA, KY, LA, MD, MS, NC, OK, SC, TN , TX, VA, WV)","GED","In CBSA, in central city","NO","3: Mother","NO","YES","NO","NO","NO","0: 0  CONDITION DOES NOT APPLY","ALWAYS WITH RIGHT HAND","ALWAYS WITH RIGHT HAND","ALWAYS WITH RIGHT HAND","ALWAYS WITH RIGHT HAND","ALWAYS WITH RIGHT HAND","1: 1  CONDITION APPLIES","1: 1  CONDITION APPLIES","NO","MALE","FEMALE"
1985,77500,4,1,2,40000,5,182,2,1,1,4,4,4,2,2,1,2,1,6,2,8,1,1,26,18,"Female","Hispanic","West (AK, AZ, CA, CO, HI, ID, MT, NV, NM, OR, UT, WA, WY)","None","In CBSA, not in central city","NO","3: Mother","NO","NO","NO","NO","NO","1: 1  CONDITION APPLIES","ALWAYS WITH RIGHT HAND","ALWAYS WITH RIGHT HAND","ALWAYS WITH RIGHT HAND","ALWAYS WITH RIGHT HAND","ALWAYS WITH LEFT HAND","1: 1  CONDITION APPLIES","0: 0  CONDITION DOES NOT APPLY","YES","MALE","FEMALE"
1981,64735,4,0,3,33790,5,183,1,2,1,2,4,4,2,2,2,2,1,6,3,7,1,1,35,24,"Male","Non-Black / Non-Hispanic","South (AL, AR, DE, DC, FL, GA, KY, LA, MD, MS, NC, OK, SC, TN , TX, VA, WV)","Associate/Junior college (AA)","In CBSA, not in central city","NO","3: Mother","YES","NO","NO","NO","YES","1: 1  CONDITION APPLIES","ALWAYS WITH RIGHT HAND","ALWAYS WITH RIGHT HAND","ALWAYS WITH RIGHT HAND","ALWAYS WITH RIGHT HAND","ALWAYS WITH LEFT HAND","0: 0  CONDITION DOES NOT APPLY","1: 1  CONDITION APPLIES","NO","FEMALE","MALE"
1982,41000,3,0,2,33790,5,182,2,1,3,1,1,2,1,2,2,2,2,1,1,9,1,1,28,26,"Male","Non-Black / Non-Hispanic","South (AL, AR, DE, DC, FL, GA, KY, LA, MD, MS, NC, OK, SC, TN , TX, VA, WV)","None","In CBSA, not in central city","NO","3: Mother","YES","NO","NO","NO","YES","0: 0  CONDITION DOES NOT APPLY","ALWAYS WITH RIGHT HAND","ALWAYS WITH RIGHT HAND","ALWAYS WITH RIGHT HAND","ALWAYS WITH RIGHT HAND","ALWAYS WITH LEFT HAND","1: 1  CONDITION APPLIES","1: 1  CONDITION APPLIES","NO","FEMALE","MALE"
1983,64735,2,1,1,33790,5,185,2,2,2,5,3,3,1,2,2,2,1,6,2,7,1,2,31,20,"Female","Black","South (AL, AR, DE, DC, FL, GA, KY, LA, MD, MS, NC, OK, SC, TN , TX, VA, WV)","High school diploma (Regular 12 year program)","In CBSA, not in central city","NO","3: Mother","NO","YES","NO","NO","YES","0: 0  CONDITION DOES NOT APPLY","ALWAYS WITH RIGHT HAND","ALWAYS WITH RIGHT HAND","ALWAYS WITH RIGHT HAND","ALWAYS WITH RIGHT HAND","ALWAYS WITH LEFT HAND","1: 1  CONDITION APPLIES","1: 1  CONDITION APPLIES","NO","FEMALE","MALE"
1984,64735,3,0,1,33790,5,183,2,2,4,3,4,5,2,1,2,2,2,1,6,8,2,1,31,21,"Female","Non-Black / Non-Hispanic","South (AL, AR, DE, DC, FL, GA, KY, LA, MD, MS, NC, OK, SC, TN , TX, VA, WV)","Associate/Junior college (AA)","In CBSA, not in central city","NO","3: Mother","NO","NO","NO","NO","YES","0: 0  CONDITION DOES NOT APPLY","ALWAYS WITH LEFT HAND","ALWAYS WITH LEFT HAND","ALWAYS WITH RIGHT HAND","ALWAYS WITH LEFT HAND","ALWAYS WITH LEFT HAND","1: 1  CONDITION APPLIES","1: 1  CONDITION APPLIES","NO","FEMALE","MALE"
1982,64735,2,0,4,33790,5,183,1,1,3,2,2,4,2,2,2,1,1,4,1,7,1,1,31,14,"Male","Non-Black / Non-Hispanic","South (AL, AR, DE, DC, FL, GA, KY, LA, MD, MS, NC, OK, SC, TN , TX, VA, WV)","High school diploma (Regular 12 year program)","In CBSA, in central city","NO","3: Mother","YES","NO","NO","NO","NO","0: 0  CONDITION DOES NOT APPLY","ALWAYS WITH RIGHT HAND","ALWAYS WITH RIGHT HAND","ALWAYS WITH RIGHT HAND","ALWAYS WITH RIGHT HAND","ALWAYS WITH LEFT HAND","1: 1  CONDITION APPLIES","1: 1  CONDITION APPLIES","NO","FEMALE","FEMALE"
1982,64734,3,1,3,33790,5,184,1,2,1,4,2,3,2,2,2,2,1,4,3,7,1,1,10,12,"Male","Black","South (AL, AR, DE, DC, FL, GA, KY, LA, MD, MS, NC, OK, SC, TN , TX, VA, WV)","High school diploma (Regular 12 year program)","In CBSA, in central city","NO","3: Mother","NO","NO","YES","NO","NO","0: 0  CONDITION DOES NOT APPLY","ALWAYS WITH RIGHT HAND","ALWAYS WITH RIGHT HAND","ALWAYS WITH RIGHT HAND","ALWAYS WITH RIGHT HAND","USUALLY WITH BOTH HANDS EQUALLY","1: 1  CONDITION APPLIES","1: 1  CONDITION APPLIES","NO","FEMALE","FEMALE"
1982,64735,3,0,1,33790,5,185,2,2,4,9,1,6,2,2,1,2,1,1,8,5,1,1,61,32,"Male","Non-Black / Non-Hispanic","South (AL, AR, DE, DC, FL, GA, KY, LA, MD, MS, NC, OK, SC, TN , TX, VA, WV)","High school diploma (Regular 12 year program)","In CBSA, not in central city","YES","3: Mother","YES","YES","NO","NO","YES","0: 0  CONDITION DOES NOT APPLY","ALWAYS WITH RIGHT HAND","ALWAYS WITH RIGHT HAND","USUALLY WITH RIGHT HAND","ALWAYS WITH RIGHT HAND","ALWAYS WITH LEFT HAND","1: 1  CONDITION APPLIES","1: 1  CONDITION APPLIES","NO","FEMALE","FEMALE"
1983,64735,5,0,1,8000,5,203,2,2,2,4,1,3,1,2,1,2,1,3,5,8,1,1,30,1,"Female","Black","South (AL, AR, DE, DC, FL, GA, KY, LA, MD, MS, NC, OK, SC, TN , TX, VA, WV)","GED","In CBSA, not in central city","YES","3: Mother","YES","NO","NO","YES","YES","0: 0  CONDITION DOES NOT APPLY","ALWAYS WITH RIGHT HAND","ALWAYS WITH RIGHT HAND","ALWAYS WITH RIGHT HAND","ALWAYS WITH RIGHT HAND","ALWAYS WITH LEFT HAND","1: 1  CONDITION APPLIES","1: 1  CONDITION APPLIES","NO","MALE","MALE"
1982,64735,5,0,1,33790,6,130,1,2,2,1,2,4,2,2,2,2,1,4,3,5,2,1,30,19,"Female","Black","South (AL, AR, DE, DC, FL, GA, KY, LA, MD, MS, NC, OK, SC, TN , TX, VA, WV)","GED","In CBSA, not in central city","NO","3: Mother","NO","NO","NO","NO","NO","0: 0  CONDITION DOES NOT APPLY","ALWAYS WITH RIGHT HAND","ALWAYS WITH RIGHT HAND","USUALLY WITH BOTH HANDS EQUALLY","ALWAYS WITH RIGHT HAND","ALWAYS WITH LEFT HAND","1: 1  CONDITION APPLIES","1: 1  CONDITION APPLIES","NO","MALE","FEMALE"
1981,64735,3,0,2,33790,5,183,2,1,6,5,5,4,2,2,1,1,1,1,6,7,1,1,22,2,"Female","Hispanic","West (AK, AZ, CA, CO, HI, ID, MT, NV, NM, OR, UT, WA, WY)","Associate/Junior college (AA)","In CBSA, in central city","NO","3: Mother","NO","NO","YES","NO","YES","0: 0  CONDITION DOES NOT APPLY","ALWAYS WITH RIGHT HAND","ALWAYS WITH RIGHT HAND","ALWAYS WITH RIGHT HAND","ALWAYS WITH RIGHT HAND","ALWAYS WITH LEFT HAND","1: 1  CONDITION APPLIES","1: 1  CONDITION APPLIES","NO","FEMALE","MALE"
1984,64735,4,0,1,33790,5,183,1,2,1,3,3,4,2,2,1,2,1,3,3,6,1,1,30,22,"Male","Non-Black / Non-Hispanic","South (AL, AR, DE, DC, FL, GA, KY, LA, MD, MS, NC, OK, SC, TN , TX, VA, WV)","High school diploma (Regular 12 year program)","In CBSA, not in central city","NO","3: Mother","YES","NO","NO","YES","YES","0: 0  CONDITION DOES NOT APPLY","ALWAYS WITH RIGHT HAND","USUALLY WITH RIGHT HAND","USUALLY WITH BOTH HANDS EQUALLY","ALWAYS WITH RIGHT HAND","ALWAYS WITH LEFT HAND","1: 1  CONDITION APPLIES","1: 1  CONDITION APPLIES","NO","FEMALE","MALE"
1981,64735,4,1,3,33790,5,184,1,2,3,4,1,3,2,2,1,2,1,1,4,7,1,1,30,22,"Female","Non-Black / Non-Hispanic","South (AL, AR, DE, DC, FL, GA, KY, LA, MD, MS, NC, OK, SC, TN , TX, VA, WV)","GED","In CBSA, not in central city","NO","3: Mother","NO","NO","NO","NO","YES","0: 0  CONDITION DOES NOT APPLY","ALWAYS WITH RIGHT HAND","ALWAYS WITH RIGHT HAND","ALWAYS WITH RIGHT HAND","ALWAYS WITH RIGHT HAND","ALWAYS WITH LEFT HAND","1: 1  CONDITION APPLIES","1: 1  CONDITION APPLIES","NO","FEMALE","FEMALE"
1981,64735,5,1,1,33790,5,183,1,1,1,4,3,3,2,2,2,1,1,4,2,8,1,1,32,23,"Female","Non-Black / Non-Hispanic","South (AL, AR, DE, DC, FL, GA, KY, LA, MD, MS, NC, OK, SC, TN , TX, VA, WV)","High school diploma (Regular 12 year program)","In CBSA, in central city","NO","3: Mother","YES","YES","NO","NO","YES","0: 0  CONDITION DOES NOT APPLY","ALWAYS WITH RIGHT HAND","ALWAYS WITH RIGHT HAND","ALWAYS WITH RIGHT HAND","ALWAYS WITH RIGHT HAND","ALWAYS WITH LEFT HAND","1: 1  CONDITION APPLIES","1: 1  CONDITION APPLIES","NO","FEMALE","FEMALE"
1981,64735,4,0,1,33790,6,184,2,1,5,8,2,2,2,2,2,2,1,1,2,7,1,1,33,24,"Female","Hispanic","South (AL, AR, DE, DC, FL, GA, KY, LA, MD, MS, NC, OK, SC, TN , TX, VA, WV)","High school diploma (Regular 12 year program)","In CBSA, in central city","YES","3: Mother","NO","YES","NO","NO","YES","0: 0  CONDITION DOES NOT APPLY","ALWAYS WITH RIGHT HAND","DON'T DO THIS ACTIVITY","ALWAYS WITH LEFT HAND","ALWAYS WITH RIGHT HAND","ALWAYS WITH LEFT HAND","1: 1  CONDITION APPLIES","1: 1  CONDITION APPLIES","NO","MALE","FEMALE"
1981,64735,7,1,3,28000,5,179,2,2,2,3,3,5,2,2,2,2,1,6,1,7,1,1,23,20,"Female","Non-Black / Non-Hispanic","Northeast (CT, ME, MA, NH, NJ, NY, PA, RI, VT)","High school diploma (Regular 12 year program)","In CBSA, not in central city","NO","3: Mother","YES","YES","YES","NO","YES","0: 0  CONDITION DOES NOT APPLY","ALWAYS WITH RIGHT HAND","ALWAYS WITH RIGHT HAND","ALWAYS WITH RIGHT HAND","ALWAYS WITH RIGHT HAND","ALWAYS WITH LEFT HAND","1: 1  CONDITION APPLIES","1: 1  CONDITION APPLIES","NO","MALE","MALE"
1985,64735,3,0,2,33790,5,181,1,2,2,2,3,4,1,2,1,2,1,6,3,8,1,1,33,23,"Female","Hispanic","West (AK, AZ, CA, CO, HI, ID, MT, NV, NM, OR, UT, WA, WY)","High school diploma (Regular 12 year program)","In CBSA, not in central city","NO","3: Mother","YES","NO","NO","NO","NO","1: 1  CONDITION APPLIES","ALWAYS WITH RIGHT HAND","ALWAYS WITH RIGHT HAND","ALWAYS WITH RIGHT HAND","ALWAYS WITH RIGHT HAND","ALWAYS WITH RIGHT HAND","1: 1  CONDITION APPLIES","1: 1  CONDITION APPLIES","NO","MALE","FEMALE"
1985,64735,1,0,4,33790,5,170,1,1,4,7,3,1,2,2,1,2,1,5,2,6,1,1,30,8,"Female","Non-Black / Non-Hispanic","South (AL, AR, DE, DC, FL, GA, KY, LA, MD, MS, NC, OK, SC, TN , TX, VA, WV)","High school diploma (Regular 12 year program)","In CBSA, not in central city","NO","3: Mother","NO","YES","NO","NO","YES","0: 0  CONDITION DOES NOT APPLY","ALWAYS WITH RIGHT HAND","ALWAYS WITH RIGHT HAND","ALWAYS WITH RIGHT HAND","ALWAYS WITH RIGHT HAND","ALWAYS WITH LEFT HAND","1: 1  CONDITION APPLIES","1: 1  CONDITION APPLIES","NO","FEMALE","FEMALE"
1982,71000,3,0,3,33790,5,183,1,1,3,4,3,2,2,2,1,1,2,4,3,7,1,1,31,22,"Male","Black","South (AL, AR, DE, DC, FL, GA, KY, LA, MD, MS, NC, OK, SC, TN , TX, VA, WV)","Bachelor's degree (BA, BS)","In CBSA, not in central city","NO","3: Mother","NO","NO","NO","NO","YES","0: 0  CONDITION DOES NOT APPLY","ALWAYS WITH RIGHT HAND","ALWAYS WITH RIGHT HAND","ALWAYS WITH RIGHT HAND","ALWAYS WITH RIGHT HAND","ALWAYS WITH LEFT HAND","1: 1  CONDITION APPLIES","1: 1  CONDITION APPLIES","NO","FEMALE","MALE"
1989,64735,3,0,2,33790,6,188,2,2,2,7,6,6,2,2,1,2,2,3,3,5,1,1,33,22,"Male","Non-Black / Non-Hispanic","South (AL, AR, DE, DC, FL, GA, KY, LA, MD, MS, NC, OK, SC, TN , TX, VA, WV)","Bachelor's degree (BA, BS)","In CBSA, not in central city","NO","3: Mother","YES","NO","NO","NO","YES","0: 0  CONDITION DOES NOT APPLY","ALWAYS WITH RIGHT HAND","ALWAYS WITH RIGHT HAND","ALWAYS WITH RIGHT HAND","ALWAYS WITH RIGHT HAND","ALWAYS WITH LEFT HAND","1: 1  CONDITION APPLIES","1: 1  CONDITION APPLIES","NO","FEMALE","FEMALE"
1980,64735,2,1,2,33790,5,185,1,1,3,3,4,1,2,2,2,2,1,5,2,5,1,1,31,20,"Male","Hispanic","South (AL, AR, DE, DC, FL, GA, KY, LA, MD, MS, NC, OK, SC, TN , TX, VA, WV)","High school diploma (Regular 12 year program)","In CBSA, in central city","NO","3: Mother","YES","NO","NO","NO","YES","0: 0  CONDITION DOES NOT APPLY","ALWAYS WITH RIGHT HAND","ALWAYS WITH RIGHT HAND","ALWAYS WITH RIGHT HAND","ALWAYS WITH RIGHT HAND","ALWAYS WITH LEFT HAND","1: 1  CONDITION APPLIES","1: 1  CONDITION APPLIES","NO","MALE","FEMALE"
1982,64735,4,1,5,33790,6,181,1,1,2,3,4,4,2,1,2,2,1,4,2,6,1,1,33,21,"Male","Black","South (AL, AR, DE, DC, FL, GA, KY, LA, MD, MS, NC, OK, SC, TN , TX, VA, WV)","High school diploma (Regular 12 year program)","In CBSA, in central city","NO","3: Mother","NO","YES","NO","NO","NO","0: 0  CONDITION DOES NOT APPLY","ALWAYS WITH RIGHT HAND","ALWAYS WITH RIGHT HAND","ALWAYS WITH RIGHT HAND","ALWAYS WITH RIGHT HAND","USUALLY WITH BOTH HANDS EQUALLY","1: 1  CONDITION APPLIES","1: 1  CONDITION APPLIES","NO","FEMALE","MALE"
1981,64735,2,1,2,33790,5,183,1,2,4,2,2,4,2,2,1,2,1,3,2,5,1,1,28,18,"Male","Black","South (AL, AR, DE, DC, FL, GA, KY, LA, MD, MS, NC, OK, SC, TN , TX, VA, WV)","High school diploma (Regular 12 year program)","In CBSA, not in central city","NO","3: Mother","YES","NO","NO","NO","NO","0: 0  CONDITION DOES NOT APPLY","ALWAYS WITH RIGHT HAND","ALWAYS WITH RIGHT HAND","USUALLY WITH BOTH HANDS EQUALLY","ALWAYS WITH RIGHT HAND","ALWAYS WITH LEFT HAND","1: 1  CONDITION APPLIES","1: 1  CONDITION APPLIES","NO","MALE","MALE"
1981,64735,4,0,3,33790,5,185,1,2,2,2,1,2,2,2,1,2,1,3,3,6,1,1,32,22,"Female","Black","South (AL, AR, DE, DC, FL, GA, KY, LA, MD, MS, NC, OK, SC, TN , TX, VA, WV)","High school diploma (Regular 12 year program)","In CBSA, in central city","NO","3: Mother","NO","YES","NO","NO","YES","0: 0  CONDITION DOES NOT APPLY","ALWAYS WITH RIGHT HAND","ALWAYS WITH RIGHT HAND","ALWAYS WITH RIGHT HAND","ALWAYS WITH RIGHT HAND","ALWAYS WITH LEFT HAND","1: 1  CONDITION APPLIES","1: 1  CONDITION APPLIES","NO","FEMALE","FEMALE"
1984,64735,4,0,1,33790,5,180,1,1,2,3,7,5,2,2,1,2,2,6,4,6,1,1,26,20,"Female","Black","South (AL, AR, DE, DC, FL, GA, KY, LA, MD, MS, NC, OK, SC, TN , TX, VA, WV)","High school diploma (Regular 12 year program)","In CBSA, in central city","NO","3: Mother","NO","NO","NO","NO","YES","0: 0  CONDITION DOES NOT APPLY","ALWAYS WITH RIGHT HAND","ALWAYS WITH RIGHT HAND","ALWAYS WITH RIGHT HAND","ALWAYS WITH RIGHT HAND","ALWAYS WITH LEFT HAND","1: 1  CONDITION APPLIES","1: 1  CONDITION APPLIES","NO","FEMALE","MALE"
1980,64735,8,3,3,33790,5,196,1,2,1,4,2,2,2,2,1,2,2,2,2,5,1,1,22,3,"Female","Black","North Central (IL, IN, IA, KS, MI, MN, MO, NE, OH, ND, SD, WI)","GED","In CBSA, in central city","YES","3: Mother","YES","NO","NO","NO","YES","0: 0  CONDITION DOES NOT APPLY","ALWAYS WITH LEFT HAND","ALWAYS WITH LEFT HAND","ALWAYS WITH LEFT HAND","ALWAYS WITH RIGHT HAND","ALWAYS WITH RIGHT HAND","1: 1  CONDITION APPLIES","1: 1  CONDITION APPLIES","NO","FEMALE","FEMALE"
1981,64735,3,0,2,33790,6,181,1,1,3,3,2,3,1,2,2,2,1,2,4,8,3,1,29,23,"Male","Black","Northeast (CT, ME, MA, NH, NJ, NY, PA, RI, VT)","High school diploma (Regular 12 year program)","In CBSA, not in central city","NO","3: Mother","NO","YES","YES","NO","YES","0: 0  CONDITION DOES NOT APPLY","ALWAYS WITH RIGHT HAND","ALWAYS WITH RIGHT HAND","ALWAYS WITH RIGHT HAND","ALWAYS WITH RIGHT HAND","ALWAYS WITH LEFT HAND","1: 1  CONDITION APPLIES","1: 1  CONDITION APPLIES","NO","FEMALE","MALE"
1983,64735,4,0,2,33790,5,204,1,2,1,3,2,4,2,2,2,2,2,5,2,7,1,1,34,26,"Female","Black","South (AL, AR, DE, DC, FL, GA, KY, LA, MD, MS, NC, OK, SC, TN , TX, VA, WV)","Associate/Junior college (AA)","In CBSA, not in central city","YES","3: Mother","NO","YES","NO","NO","NO","0: 0  CONDITION DOES NOT APPLY","ALWAYS WITH RIGHT HAND","ALWAYS WITH RIGHT HAND","ALWAYS WITH RIGHT HAND","ALWAYS WITH RIGHT HAND","ALWAYS WITH LEFT HAND","1: 1  CONDITION APPLIES","1: 1  CONDITION APPLIES","NO","FEMALE","FEMALE"
1982,64735,3,0,2,33790,5,179,1,1,2,1,1,4,1,1,1,2,1,4,4,6,3,1,33,20,"Male","Black","South (AL, AR, DE, DC, FL, GA, KY, LA, MD, MS, NC, OK, SC, TN , TX, VA, WV)","High school diploma (Regular 12 year program)","In CBSA, in central city","NO","3: Mother","NO","NO","NO","NO","YES","0: 0  CONDITION DOES NOT APPLY","ALWAYS WITH RIGHT HAND","ALWAYS WITH RIGHT HAND","ALWAYS WITH RIGHT HAND","ALWAYS WITH RIGHT HAND","ALWAYS WITH LEFT HAND","1: 1  CONDITION APPLIES","1: 1  CONDITION APPLIES","YES","FEMALE","MALE"
1980,64735,7,1,1,33790,5,184,1,1,2,4,2,2,2,2,1,1,1,5,3,6,1,1,54,27,"Male","Non-Black / Non-Hispanic","West (AK, AZ, CA, CO, HI, ID, MT, NV, NM, OR, UT, WA, WY)","GED","In CBSA, in central city","NO","3: Mother","NO","YES","NO","NO","YES","0: 0  CONDITION DOES NOT APPLY","ALWAYS WITH RIGHT HAND","ALWAYS WITH RIGHT HAND","USUALLY WITH RIGHT HAND","ALWAYS WITH RIGHT HAND","ALWAYS WITH LEFT HAND","1: 1  CONDITION APPLIES","1: 1  CONDITION APPLIES","NO","FEMALE","FEMALE"
1983,64735,3,0,4,33790,5,183,1,2,2,7,3,3,2,2,1,1,1,3,1,7,1,1,34,24,"Male","Black","North Central (IL, IN, IA, KS, MI, MN, MO, NE, OH, ND, SD, WI)","High school diploma (Regular 12 year program)","In CBSA, not in central city","NO","3: Mother","YES","NO","NO","NO","YES","0: 0  CONDITION DOES NOT APPLY","ALWAYS WITH RIGHT HAND","ALWAYS WITH RIGHT HAND","ALWAYS WITH RIGHT HAND","ALWAYS WITH RIGHT HAND","ALWAYS WITH LEFT HAND","1: 1  CONDITION APPLIES","1: 1  CONDITION APPLIES","NO","FEMALE","MALE"
1983,64735,4,0,1,33790,5,184,1,1,2,4,1,5,2,2,1,2,1,3,3,7,1,1,31,20,"Female","Non-Black / Non-Hispanic","South (AL, AR, DE, DC, FL, GA, KY, LA, MD, MS, NC, OK, SC, TN , TX, VA, WV)","High school diploma (Regular 12 year program)","In CBSA, not in central city","NO","3: Mother","NO","NO","NO","NO","YES","0: 0  CONDITION DOES NOT APPLY","ALWAYS WITH RIGHT HAND","ALWAYS WITH RIGHT HAND","ALWAYS WITH RIGHT HAND","ALWAYS WITH RIGHT HAND","ALWAYS WITH LEFT HAND","1: 1  CONDITION APPLIES","1: 1  CONDITION APPLIES","NO","FEMALE","MALE"
1984,64735,5,1,2,33790,5,181,1,2,6,3,2,4,2,2,1,2,1,3,2,7,1,1,31,21,"Male","Non-Black / Non-Hispanic","West (AK, AZ, CA, CO, HI, ID, MT, NV, NM, OR, UT, WA, WY)","Bachelor's degree (BA, BS)","In CBSA, not in central city","NO","3: Mother","YES","NO","NO","NO","NO","0: 0  CONDITION DOES NOT APPLY","ALWAYS WITH RIGHT HAND","ALWAYS WITH RIGHT HAND","USUALLY WITH BOTH HANDS EQUALLY","ALWAYS WITH LEFT HAND","ALWAYS WITH LEFT HAND","1: 1  CONDITION APPLIES","1: 1  CONDITION APPLIES","NO","MALE","FEMALE"
1981,64735,2,0,1,33790,5,245,1,1,2,6,1,3,2,2,1,1,2,6,2,6,1,2,33,23,"Female","Non-Black / Non-Hispanic","South (AL, AR, DE, DC, FL, GA, KY, LA, MD, MS, NC, OK, SC, TN , TX, VA, WV)","High school diploma (Regular 12 year program)","In CBSA, in central city","NO","3: Mother","NO","YES","NO","NO","YES","0: 0  CONDITION DOES NOT APPLY","ALWAYS WITH RIGHT HAND","ALWAYS WITH RIGHT HAND","ALWAYS WITH RIGHT HAND","ALWAYS WITH RIGHT HAND","ALWAYS WITH LEFT HAND","1: 1  CONDITION APPLIES","1: 1  CONDITION APPLIES","NO","FEMALE","FEMALE"
1984,37001,3,0,4,33790,5,183,2,2,2,4,5,4,2,2,2,2,2,4,2,6,1,1,31,22,"Female","Black","South (AL, AR, DE, DC, FL, GA, KY, LA, MD, MS, NC, OK, SC, TN , TX, VA, WV)","High school diploma (Regular 12 year program)","In CBSA, in central city","NO","3: Mother","YES","NO","NO","NO","YES","0: 0  CONDITION DOES NOT APPLY","ALWAYS WITH RIGHT HAND","ALWAYS WITH RIGHT HAND","ALWAYS WITH RIGHT HAND","ALWAYS WITH RIGHT HAND","ALWAYS WITH LEFT HAND","1: 1  CONDITION APPLIES","1: 1  CONDITION APPLIES","NO","FEMALE","FEMALE"
1982,64735,3,0,2,33790,5,183,1,2,1,3,4,1,2,2,2,2,1,4,1,7,1,1,34,32,"Female","Non-Black / Non-Hispanic","West (AK, AZ, CA, CO, HI, ID, MT, NV, NM, OR, UT, WA, WY)","None","In CBSA, in central city","YES","3: Mother","YES","NO","NO","NO","YES","0: 0  CONDITION DOES NOT APPLY","ALWAYS WITH RIGHT HAND","ALWAYS WITH RIGHT HAND","ALWAYS WITH RIGHT HAND","ALWAYS WITH RIGHT HAND","DON'T DO THIS ACTIVITY","1: 1  CONDITION APPLIES","1: 1  CONDITION APPLIES","NO","MALE","FEMALE"
1981,64735,4,0,6,33790,5,183,1,1,1,1,4,2,2,2,2,2,1,6,4,6,1,1,35,25,"Female","Black","Northeast (CT, ME, MA, NH, NJ, NY, PA, RI, VT)","High school diploma (Regular 12 year program)","In CBSA, not in central city","YES","3: Mother","YES","NO","NO","NO","YES","0: 0  CONDITION DOES NOT APPLY","ALWAYS WITH RIGHT HAND","ALWAYS WITH RIGHT HAND","ALWAYS WITH RIGHT HAND","ALWAYS WITH RIGHT HAND","ALWAYS WITH LEFT HAND","1: 1  CONDITION APPLIES","1: 1  CONDITION APPLIES","NO","MALE","FEMALE"
1982,64735,3,0,2,33790,6,181,2,1,4,4,3,6,2,2,1,2,1,7,3,6,1,1,32,23,"Male","Black","South (AL, AR, DE, DC, FL, GA, KY, LA, MD, MS, NC, OK, SC, TN , TX, VA, WV)","High school diploma (Regular 12 year program)","Not in CBSA","NO","3: Mother","NO","YES","NO","NO","YES","0: 0  CONDITION DOES NOT APPLY","ALWAYS WITH RIGHT HAND","ALWAYS WITH RIGHT HAND","ALWAYS WITH RIGHT HAND","USUALLY WITH RIGHT HAND","USUALLY WITH RIGHT HAND","1: 1  CONDITION APPLIES","1: 1  CONDITION APPLIES","NO","FEMALE","MALE"
1983,64735,4,1,3,33790,5,182,1,2,3,4,2,4,1,2,2,2,1,6,3,6,1,1,28,10,"Female","Black","North Central (IL, IN, IA, KS, MI, MN, MO, NE, OH, ND, SD, WI)","High school diploma (Regular 12 year program)","In CBSA, in central city","NO","3: Mother","NO","YES","NO","NO","YES","0: 0  CONDITION DOES NOT APPLY","ALWAYS WITH RIGHT HAND","ALWAYS WITH RIGHT HAND","ALWAYS WITH RIGHT HAND","ALWAYS WITH RIGHT HAND","ALWAYS WITH LEFT HAND","1: 1  CONDITION APPLIES","1: 1  CONDITION APPLIES","NO","FEMALE","MALE"
1983,64735,2,0,1,33790,5,180,2,2,3,2,4,5,1,2,1,1,2,1,3,8,1,1,25,20,"Female","Black","South (AL, AR, DE, DC, FL, GA, KY, LA, MD, MS, NC, OK, SC, TN , TX, VA, WV)","High school diploma (Regular 12 year program)","In CBSA, in central city","NO","3: Mother","NO","YES","NO","NO","YES","0: 0  CONDITION DOES NOT APPLY","ALWAYS WITH RIGHT HAND","ALWAYS WITH RIGHT HAND","ALWAYS WITH RIGHT HAND","ALWAYS WITH RIGHT HAND","ALWAYS WITH LEFT HAND","1: 1  CONDITION APPLIES","1: 1  CONDITION APPLIES","NO","FEMALE","FEMALE"
1983,64735,1,0,1,33790,5,184,1,1,3,4,4,3,2,2,1,2,1,5,2,7,1,1,31,24,"Male","Black","Northeast (CT, ME, MA, NH, NJ, NY, PA, RI, VT)","Associate/Junior college (AA)","In CBSA, in central city","NO","3: Mother","NO","NO","NO","NO","NO","0: 0  CONDITION DOES NOT APPLY","ALWAYS WITH RIGHT HAND","ALWAYS WITH RIGHT HAND","ALWAYS WITH RIGHT HAND","ALWAYS WITH RIGHT HAND","ALWAYS WITH LEFT HAND","1: 1  CONDITION APPLIES","1: 1  CONDITION APPLIES","NO","MALE","MALE"
1984,64735,4,0,5,33790,5,182,1,2,2,4,2,3,1,2,2,2,1,2,1,7,1,1,34,21,"Male","Hispanic","South (AL, AR, DE, DC, FL, GA, KY, LA, MD, MS, NC, OK, SC, TN , TX, VA, WV)","Bachelor's degree (BA, BS)","In CBSA, in central city","YES","3: Mother","YES","NO","NO","NO","YES","0: 0  CONDITION DOES NOT APPLY","ALWAYS WITH RIGHT HAND","ALWAYS WITH RIGHT HAND","ALWAYS WITH RIGHT HAND","ALWAYS WITH RIGHT HAND","ALWAYS WITH LEFT HAND","1: 1  CONDITION APPLIES","0: 0  CONDITION DOES NOT APPLY","NO","FEMALE","FEMALE"
1981,64735,4,1,2,33790,5,183,1,1,2,3,2,2,1,2,2,1,1,2,1,7,1,1,5,13,"Female","Non-Black / Non-Hispanic","Northeast (CT, ME, MA, NH, NJ, NY, PA, RI, VT)","High school diploma (Regular 12 year program)","Not in CBSA","NO","3: Mother","YES","YES","NO","NO","NO","0: 0  CONDITION DOES NOT APPLY","ALWAYS WITH LEFT HAND","ALWAYS WITH RIGHT HAND","ALWAYS WITH LEFT HAND","ALWAYS WITH RIGHT HAND","ALWAYS WITH LEFT HAND","1: 1  CONDITION APPLIES","1: 1  CONDITION APPLIES","NO","FEMALE","MALE"
1980,64735,4,0,3,33790,5,183,2,2,4,3,3,4,2,2,1,2,1,6,1,7,1,1,30,23,"Female","Non-Black / Non-Hispanic","South (AL, AR, DE, DC, FL, GA, KY, LA, MD, MS, NC, OK, SC, TN , TX, VA, WV)","GED","In CBSA, in central city","NO","3: Mother","YES","NO","NO","NO","YES","0: 0  CONDITION DOES NOT APPLY","ALWAYS WITH RIGHT HAND","ALWAYS WITH RIGHT HAND","ALWAYS WITH RIGHT HAND","ALWAYS WITH RIGHT HAND","ALWAYS WITH LEFT HAND","1: 1  CONDITION APPLIES","1: 1  CONDITION APPLIES","NO","MALE","MALE"
1984,64735,3,1,3,33790,5,183,2,2,2,3,2,4,2,2,2,2,2,3,3,7,1,1,28,23,"Female","Black","West (AK, AZ, CA, CO, HI, ID, MT, NV, NM, OR, UT, WA, WY)","GED","Not in CBSA","NO","3: Mother","NO","YES","NO","NO","NO","0: 0  CONDITION DOES NOT APPLY","ALWAYS WITH RIGHT HAND","ALWAYS WITH RIGHT HAND","ALWAYS WITH RIGHT HAND","ALWAYS WITH RIGHT HAND","ALWAYS WITH LEFT HAND","1: 1  CONDITION APPLIES","1: 1  CONDITION APPLIES","NO","MALE","MALE"
1981,64735,3,1,3,33790,5,185,1,2,1,4,3,2,2,2,1,2,2,6,3,6,1,1,33,21,"Male","Black","South (AL, AR, DE, DC, FL, GA, KY, LA, MD, MS, NC, OK, SC, TN , TX, VA, WV)","High school diploma (Regular 12 year program)","In CBSA, in central city","YES","3: Mother","NO","YES","NO","NO","YES","0: 0  CONDITION DOES NOT APPLY","ALWAYS WITH RIGHT HAND","ALWAYS WITH RIGHT HAND","USUALLY WITH BOTH HANDS EQUALLY","ALWAYS WITH RIGHT HAND","ALWAYS WITH LEFT HAND","1: 1  CONDITION APPLIES","1: 1  CONDITION APPLIES","NO","FEMALE","MALE"
1985,31949,4,0,3,33790,5,184,1,1,3,3,2,5,2,2,2,2,2,1,1,5,1,1,54,23,"Male","Non-Black / Non-Hispanic","North Central (IL, IN, IA, KS, MI, MN, MO, NE, OH, ND, SD, WI)","High school diploma (Regular 12 year program)","Not in CBSA","NO","3: Mother","NO","NO","NO","NO","YES","0: 0  CONDITION DOES NOT APPLY","ALWAYS WITH RIGHT HAND","ALWAYS WITH RIGHT HAND","ALWAYS WITH RIGHT HAND","USUALLY WITH RIGHT HAND","ALWAYS WITH LEFT HAND","1: 1  CONDITION APPLIES","1: 1  CONDITION APPLIES","NO","MALE","MALE"
1983,64735,3,1,1,33790,5,181,1,1,1,4,5,4,1,2,1,1,1,4,3,6,1,1,58,30,"Male","Hispanic","South (AL, AR, DE, DC, FL, GA, KY, LA, MD, MS, NC, OK, SC, TN , TX, VA, WV)","High school diploma (Regular 12 year program)","In CBSA, not in central city","YES","3: Mother","NO","NO","NO","NO","YES","1: 1  CONDITION APPLIES","USUALLY WITH RIGHT HAND","USUALLY WITH BOTH HANDS EQUALLY","ALWAYS WITH RIGHT HAND","USUALLY WITH BOTH HANDS EQUALLY","ALWAYS WITH LEFT HAND","1: 1  CONDITION APPLIES","1: 1  CONDITION APPLIES","NO","FEMALE","FEMALE"
1982,64735,3,1,2,28000,5,183,1,1,4,3,4,5,2,1,2,2,2,4,5,6,1,1,29,22,"Female","Black","West (AK, AZ, CA, CO, HI, ID, MT, NV, NM, OR, UT, WA, WY)","High school diploma (Regular 12 year program)","In CBSA, in central city","NO","3: Mother","YES","NO","YES","NO","YES","0: 0  CONDITION DOES NOT APPLY","ALWAYS WITH RIGHT HAND","ALWAYS WITH RIGHT HAND","ALWAYS WITH RIGHT HAND","ALWAYS WITH RIGHT HAND","ALWAYS WITH LEFT HAND","1: 1  CONDITION APPLIES","1: 1  CONDITION APPLIES","NO","FEMALE","MALE"
1982,64735,3,0,2,33790,5,184,1,1,3,3,4,2,2,2,1,2,2,3,1,6,1,1,31,22,"Male","Black","North Central (IL, IN, IA, KS, MI, MN, MO, NE, OH, ND, SD, WI)","High school diploma (Regular 12 year program)","In CBSA, in central city","YES","3: Mother","NO","NO","NO","NO","NO","0: 0  CONDITION DOES NOT APPLY","ALWAYS WITH RIGHT HAND","ALWAYS WITH RIGHT HAND","ALWAYS WITH RIGHT HAND","ALWAYS WITH RIGHT HAND","ALWAYS WITH RIGHT HAND","1: 1  CONDITION APPLIES","1: 1  CONDITION APPLIES","NO","FEMALE","FEMALE"
1984,64735,3,1,1,33790,5,183,1,2,2,2,1,2,1,2,1,1,1,6,2,6,1,1,33,24,"Female","Black","South (AL, AR, DE, DC, FL, GA, KY, LA, MD, MS, NC, OK, SC, TN , TX, VA, WV)","High school diploma (Regular 12 year program)","In CBSA, not in central city","NO","3: Mother","NO","NO","NO","NO","YES","0: 0  CONDITION DOES NOT APPLY","ALWAYS WITH RIGHT HAND","ALWAYS WITH RIGHT HAND","ALWAYS WITH RIGHT HAND","ALWAYS WITH RIGHT HAND","ALWAYS WITH LEFT HAND","1: 1  CONDITION APPLIES","1: 1  CONDITION APPLIES","NO","FEMALE","MALE"
1981,0,3,1,4,33790,5,183,1,1,3,4,4,4,2,2,1,2,1,5,3,8,1,1,31,20,"Male","Non-Black / Non-Hispanic","South (AL, AR, DE, DC, FL, GA, KY, LA, MD, MS, NC, OK, SC, TN , TX, VA, WV)","Bachelor's degree (BA, BS)","In CBSA, not in central city","NO","3: Mother","NO","NO","NO","NO","YES","0: 0  CONDITION DOES NOT APPLY","ALWAYS WITH RIGHT HAND","ALWAYS WITH LEFT HAND","ALWAYS WITH LEFT HAND","ALWAYS WITH LEFT HAND","ALWAYS WITH LEFT HAND","1: 1  CONDITION APPLIES","1: 1  CONDITION APPLIES","NO","FEMALE","FEMALE"
1982,64735,5,0,1,4000,5,182,1,2,2,4,1,2,1,2,1,2,1,3,2,6,1,1,40,25,"Female","Non-Black / Non-Hispanic","South (AL, AR, DE, DC, FL, GA, KY, LA, MD, MS, NC, OK, SC, TN , TX, VA, WV)","None","In CBSA, not in central city","NO","3: Mother","YES","NO","NO","NO","YES","0: 0  CONDITION DOES NOT APPLY","ALWAYS WITH RIGHT HAND","ALWAYS WITH RIGHT HAND","ALWAYS WITH RIGHT HAND","ALWAYS WITH RIGHT HAND","ALWAYS WITH RIGHT HAND","1: 1  CONDITION APPLIES","1: 1  CONDITION APPLIES","NO","FEMALE","FEMALE"
1982,64735,3,0,1,28000,5,183,2,1,4,4,3,2,2,2,2,2,1,3,2,6,1,1,31,21,"Female","Non-Black / Non-Hispanic","North Central (IL, IN, IA, KS, MI, MN, MO, NE, OH, ND, SD, WI)","High school diploma (Regular 12 year program)","In CBSA, not in central city","NO","3: Mother","YES","NO","NO","NO","YES","0: 0  CONDITION DOES NOT APPLY","ALWAYS WITH RIGHT HAND","ALWAYS WITH RIGHT HAND","ALWAYS WITH RIGHT HAND","ALWAYS WITH RIGHT HAND","ALWAYS WITH LEFT HAND","1: 1  CONDITION APPLIES","0: 0  CONDITION DOES NOT APPLY","NO","MALE","FEMALE"
1984,64735,5,0,1,35000,6,160,1,2,1,4,1,3,1,2,1,2,1,6,2,6,1,1,47,28,"Male","Black","West (AK, AZ, CA, CO, HI, ID, MT, NV, NM, OR, UT, WA, WY)","GED","In CBSA, in central city","YES","3: Mother","NO","YES","NO","NO","NO","0: 0  CONDITION DOES NOT APPLY","ALWAYS WITH RIGHT HAND","ALWAYS WITH RIGHT HAND","ALWAYS WITH RIGHT HAND","ALWAYS WITH RIGHT HAND","ALWAYS WITH LEFT HAND","1: 1  CONDITION APPLIES","1: 1  CONDITION APPLIES","NO","FEMALE","MALE"
1983,64735,4,0,1,33790,5,150,1,2,2,3,2,4,1,1,2,1,1,3,3,7,1,1,29,20,"Female","Black","South (AL, AR, DE, DC, FL, GA, KY, LA, MD, MS, NC, OK, SC, TN , TX, VA, WV)","High school diploma (Regular 12 year program)","In CBSA, not in central city","NO","3: Mother","YES","YES","YES","NO","YES","0: 0  CONDITION DOES NOT APPLY","ALWAYS WITH RIGHT HAND","ALWAYS WITH RIGHT HAND","USUALLY WITH BOTH HANDS EQUALLY","ALWAYS WITH RIGHT HAND","ALWAYS WITH LEFT HAND","1: 1  CONDITION APPLIES","1: 1  CONDITION APPLIES","NO","FEMALE","MALE"
1981,64735,4,0,3,33790,5,183,2,2,1,4,4,2,2,2,1,2,1,4,3,6,1,2,54,25,"Male","Non-Black / Non-Hispanic","South (AL, AR, DE, DC, FL, GA, KY, LA, MD, MS, NC, OK, SC, TN , TX, VA, WV)","High school diploma (Regular 12 year program)","In CBSA, not in central city","NO","3: Mother","NO","NO","NO","NO","YES","0: 0  CONDITION DOES NOT APPLY","ALWAYS WITH RIGHT HAND","ALWAYS WITH RIGHT HAND","ALWAYS WITH RIGHT HAND","ALWAYS WITH RIGHT HAND","ALWAYS WITH LEFT HAND","1: 1  CONDITION APPLIES","1: 1  CONDITION APPLIES","NO","FEMALE","FEMALE"
1984,64735,4,1,4,33790,5,182,1,2,1,5,2,1,1,2,2,2,1,4,2,6,1,1,32,20,"Male","Black","South (AL, AR, DE, DC, FL, GA, KY, LA, MD, MS, NC, OK, SC, TN , TX, VA, WV)","None","In CBSA, in central city","NO","3: Mother","YES","YES","NO","NO","YES","0: 0  CONDITION DOES NOT APPLY","ALWAYS WITH RIGHT HAND","ALWAYS WITH RIGHT HAND","ALWAYS WITH RIGHT HAND","ALWAYS WITH RIGHT HAND","ALWAYS WITH LEFT HAND","1: 1  CONDITION APPLIES","1: 1  CONDITION APPLIES","NO","FEMALE","FEMALE"
1982,64735,2,0,5,33790,5,181,1,2,2,4,5,2,2,2,1,2,2,5,3,6,1,2,33,21,"Female","Non-Black / Non-Hispanic","West (AK, AZ, CA, CO, HI, ID, MT, NV, NM, OR, UT, WA, WY)","High school diploma (Regular 12 year program)","In CBSA, in central city","NO","3: Mother","YES","NO","NO","NO","YES","0: 0  CONDITION DOES NOT APPLY","ALWAYS WITH RIGHT HAND","ALWAYS WITH RIGHT HAND","ALWAYS WITH RIGHT HAND","ALWAYS WITH RIGHT HAND","USUALLY WITH BOTH HANDS EQUALLY","1: 1  CONDITION APPLIES","1: 1  CONDITION APPLIES","NO","FEMALE","MALE"
1982,64735,2,0,2,33790,5,183,1,1,2,4,3,3,2,2,2,1,2,5,4,7,1,3,29,25,"Male","Hispanic","North Central (IL, IN, IA, KS, MI, MN, MO, NE, OH, ND, SD, WI)","Associate/Junior college (AA)","In CBSA, in central city","NO","3: Mother","YES","NO","NO","NO","YES","0: 0  CONDITION DOES NOT APPLY","ALWAYS WITH RIGHT HAND","ALWAYS WITH RIGHT HAND","ALWAYS WITH RIGHT HAND","ALWAYS WITH RIGHT HAND","ALWAYS WITH LEFT HAND","1: 1  CONDITION APPLIES","1: 1  CONDITION APPLIES","NO","FEMALE","FEMALE"
1981,64735,3,0,3,33790,5,190,2,1,1,5,4,2,2,2,1,1,1,6,4,8,1,2,28,23,"Female","Black","South (AL, AR, DE, DC, FL, GA, KY, LA, MD, MS, NC, OK, SC, TN , TX, VA, WV)","Associate/Junior college (AA)","In CBSA, in central city","YES","3: Mother","NO","YES","YES","NO","NO","0: 0  CONDITION DOES NOT APPLY","ALWAYS WITH RIGHT HAND","ALWAYS WITH RIGHT HAND","ALWAYS WITH RIGHT HAND","ALWAYS WITH RIGHT HAND","ALWAYS WITH LEFT HAND","1: 1  CONDITION APPLIES","1: 1  CONDITION APPLIES","NO","MALE","MALE"
1981,64735,2,1,1,33790,5,185,2,1,3,5,2,4,2,2,1,2,1,10,4,7,1,1,30,22,"Male","Non-Black / Non-Hispanic","South (AL, AR, DE, DC, FL, GA, KY, LA, MD, MS, NC, OK, SC, TN , TX, VA, WV)","Bachelor's degree (BA, BS)","In CBSA, not in central city","YES","3: Mother","YES","YES","YES","NO","NO","0: 0  CONDITION DOES NOT APPLY","ALWAYS WITH RIGHT HAND","ALWAYS WITH RIGHT HAND","ALWAYS WITH RIGHT HAND","ALWAYS WITH RIGHT HAND","ALWAYS WITH LEFT HAND","1: 1  CONDITION APPLIES","1: 1  CONDITION APPLIES","NO","MALE","FEMALE"
1981,27552,3,0,1,33790,5,184,2,2,2,3,3,3,2,2,1,1,1,4,2,7,1,1,29,22,"Female","Non-Black / Non-Hispanic","South (AL, AR, DE, DC, FL, GA, KY, LA, MD, MS, NC, OK, SC, TN , TX, VA, WV)","High school diploma (Regular 12 year program)","In CBSA, not in central city","NO","3: Mother","NO","NO","NO","NO","NO","0: 0  CONDITION DOES NOT APPLY","ALWAYS WITH RIGHT HAND","ALWAYS WITH RIGHT HAND","ALWAYS WITH RIGHT HAND","ALWAYS WITH RIGHT HAND","USUALLY WITH RIGHT HAND","1: 1  CONDITION APPLIES","1: 1  CONDITION APPLIES","NO","MALE","MALE"
1985,64735,4,1,4,33790,5,183,2,2,4,5,1,7,2,2,2,2,1,1,1,7,1,1,29,24,"Female","Non-Black / Non-Hispanic","Northeast (CT, ME, MA, NH, NJ, NY, PA, RI, VT)","GED","In CBSA, in central city","YES","3: Mother","YES","YES","NO","NO","YES","0: 0  CONDITION DOES NOT APPLY","ALWAYS WITH RIGHT HAND","ALWAYS WITH RIGHT HAND","ALWAYS WITH RIGHT HAND","ALWAYS WITH RIGHT HAND","ALWAYS WITH LEFT HAND","1: 1  CONDITION APPLIES","1: 1  CONDITION APPLIES","NO","MALE","FEMALE"
1984,64735,2,0,2,33790,5,185,1,1,3,2,4,4,2,2,1,2,1,7,2,6,1,1,33,26,"Female","Black","South (AL, AR, DE, DC, FL, GA, KY, LA, MD, MS, NC, OK, SC, TN , TX, VA, WV)","High school diploma (Regular 12 year program)","In CBSA, in central city","NO","3: Mother","NO","NO","NO","NO","YES","0: 0  CONDITION DOES NOT APPLY","ALWAYS WITH RIGHT HAND","ALWAYS WITH RIGHT HAND","ALWAYS WITH RIGHT HAND","ALWAYS WITH RIGHT HAND","ALWAYS WITH LEFT HAND","1: 1  CONDITION APPLIES","1: 1  CONDITION APPLIES","NO","FEMALE","MALE"
1982,64735,3,0,4,33790,5,183,1,1,2,4,3,3,2,2,2,2,1,5,4,5,1,2,30,20,"Female","Hispanic","North Central (IL, IN, IA, KS, MI, MN, MO, NE, OH, ND, SD, WI)","None","In CBSA, not in central city","YES","3: Mother","YES","NO","NO","NO","NO","0: 0  CONDITION DOES NOT APPLY","ALWAYS WITH RIGHT HAND","ALWAYS WITH RIGHT HAND","ALWAYS WITH RIGHT HAND","USUALLY WITH LEFT HAND","ALWAYS WITH LEFT HAND","1: 1  CONDITION APPLIES","1: 1  CONDITION APPLIES","NO","MALE","FEMALE"
1982,64735,2,0,7,33790,6,186,1,2,1,5,3,3,2,2,2,1,2,3,3,8,1,1,31,14,"Female","Black","South (AL, AR, DE, DC, FL, GA, KY, LA, MD, MS, NC, OK, SC, TN , TX, VA, WV)","High school diploma (Regular 12 year program)","In CBSA, not in central city","NO","3: Mother","YES","YES","NO","NO","NO","0: 0  CONDITION DOES NOT APPLY","ALWAYS WITH RIGHT HAND","ALWAYS WITH RIGHT HAND","ALWAYS WITH RIGHT HAND","ALWAYS WITH RIGHT HAND","ALWAYS WITH LEFT HAND","1: 1  CONDITION APPLIES","1: 1  CONDITION APPLIES","NO","FEMALE","FEMALE"
1983,64735,3,1,2,33790,5,155,2,1,2,1,3,2,2,2,1,2,1,6,2,6,1,3,31,20,"Female","Black","Northeast (CT, ME, MA, NH, NJ, NY, PA, RI, VT)","GED","In CBSA, not in central city","NO","3: Mother","NO","NO","NO","NO","YES","0: 0  CONDITION DOES NOT APPLY","ALWAYS WITH RIGHT HAND","ALWAYS WITH RIGHT HAND","ALWAYS WITH RIGHT HAND","ALWAYS WITH RIGHT HAND","ALWAYS WITH LEFT HAND","1: 1  CONDITION APPLIES","1: 1  CONDITION APPLIES","NO","MALE","FEMALE"
1982,17500,3,1,3,33790,5,182,1,2,4,3,2,6,2,2,1,2,1,4,3,7,1,1,30,21,"Female","Non-Black / Non-Hispanic","West (AK, AZ, CA, CO, HI, ID, MT, NV, NM, OR, UT, WA, WY)","None","In CBSA, not in central city","NO","3: Mother","YES","NO","YES","NO","YES","0: 0  CONDITION DOES NOT APPLY","ALWAYS WITH RIGHT HAND","ALWAYS WITH RIGHT HAND","ALWAYS WITH RIGHT HAND","ALWAYS WITH RIGHT HAND","ALWAYS WITH LEFT HAND","1: 1  CONDITION APPLIES","1: 1  CONDITION APPLIES","NO","FEMALE","MALE"
1982,64735,4,1,1,33790,5,183,1,1,2,4,5,5,2,2,2,2,1,6,2,6,1,1,56,25,"Female","Black","South (AL, AR, DE, DC, FL, GA, KY, LA, MD, MS, NC, OK, SC, TN , TX, VA, WV)","Master's degree (MA, MS)","In CBSA, not in central city","NO","3: Mother","NO","NO","NO","NO","YES","0: 0  CONDITION DOES NOT APPLY","ALWAYS WITH RIGHT HAND","ALWAYS WITH LEFT HAND","USUALLY WITH RIGHT HAND","USUALLY WITH RIGHT HAND","USUALLY WITH LEFT HAND","1: 1  CONDITION APPLIES","1: 1  CONDITION APPLIES","NO","FEMALE","FEMALE"
1983,64735,3,0,1,33790,5,182,2,1,1,3,2,4,2,1,2,1,1,5,2,8,1,1,48,25,"Male","Non-Black / Non-Hispanic","South (AL, AR, DE, DC, FL, GA, KY, LA, MD, MS, NC, OK, SC, TN , TX, VA, WV)","High school diploma (Regular 12 year program)","In CBSA, not in central city","YES","3: Mother","NO","YES","NO","NO","YES","0: 0  CONDITION DOES NOT APPLY","ALWAYS WITH RIGHT HAND","ALWAYS WITH RIGHT HAND","ALWAYS WITH RIGHT HAND","ALWAYS WITH RIGHT HAND","ALWAYS WITH LEFT HAND","1: 1  CONDITION APPLIES","1: 1  CONDITION APPLIES","NO","FEMALE","MALE"
1981,64735,2,1,2,33790,5,184,2,1,3,3,6,3,2,2,1,2,1,7,2,8,1,1,5,16,"Female","Black","West (AK, AZ, CA, CO, HI, ID, MT, NV, NM, OR, UT, WA, WY)","GED","In CBSA, not in central city","NO","3: Mother","NO","NO","YES","NO","YES","0: 0  CONDITION DOES NOT APPLY","ALWAYS WITH RIGHT HAND","ALWAYS WITH RIGHT HAND","ALWAYS WITH RIGHT HAND","ALWAYS WITH RIGHT HAND","ALWAYS WITH LEFT HAND","1: 1  CONDITION APPLIES","1: 1  CONDITION APPLIES","NO","MALE","FEMALE"
1983,41750,5,1,3,33790,5,181,1,1,1,5,2,4,1,2,2,2,1,6,1,6,1,1,31,22,"Female","Black","Northeast (CT, ME, MA, NH, NJ, NY, PA, RI, VT)","Bachelor's degree (BA, BS)","In CBSA, not in central city","NO","3: Mother","NO","YES","NO","NO","YES","0: 0  CONDITION DOES NOT APPLY","ALWAYS WITH RIGHT HAND","ALWAYS WITH RIGHT HAND","ALWAYS WITH RIGHT HAND","ALWAYS WITH RIGHT HAND","ALWAYS WITH LEFT HAND","1: 1  CONDITION APPLIES","1: 1  CONDITION APPLIES","NO","MALE","FEMALE"
1985,64735,4,1,3,28000,5,165,1,2,1,4,4,3,2,2,2,2,1,6,2,7,3,2,31,20,"Female","Black","South (AL, AR, DE, DC, FL, GA, KY, LA, MD, MS, NC, OK, SC, TN , TX, VA, WV)","High school diploma (Regular 12 year program)","Not in CBSA","NO","3: Mother","NO","NO","NO","NO","NO","0: 0  CONDITION DOES NOT APPLY","ALWAYS WITH LEFT HAND","ALWAYS WITH LEFT HAND","ALWAYS WITH LEFT HAND","ALWAYS WITH LEFT HAND","ALWAYS WITH LEFT HAND","1: 1  CONDITION APPLIES","1: 1  CONDITION APPLIES","NO","FEMALE","MALE"
1983,112500,3,0,2,33790,5,183,1,1,2,4,4,4,2,2,1,2,1,6,2,6,1,1,44,62,"Female","Black","South (AL, AR, DE, DC, FL, GA, KY, LA, MD, MS, NC, OK, SC, TN , TX, VA, WV)","High school diploma (Regular 12 year program)","In CBSA, in central city","YES","3: Mother","NO","YES","NO","NO","YES","0: 0  CONDITION DOES NOT APPLY","ALWAYS WITH RIGHT HAND","ALWAYS WITH RIGHT HAND","ALWAYS WITH RIGHT HAND","ALWAYS WITH RIGHT HAND","ALWAYS WITH RIGHT HAND","1: 1  CONDITION APPLIES","1: 1  CONDITION APPLIES","NO","FEMALE","MALE"
1982,64735,3,0,1,33790,5,184,1,1,2,2,7,5,2,2,1,1,1,4,4,6,1,1,28,23,"Female","Non-Black / Non-Hispanic","Northeast (CT, ME, MA, NH, NJ, NY, PA, RI, VT)","Associate/Junior college (AA)","In CBSA, not in central city","NO","3: Mother","YES","NO","YES","NO","YES","0: 0  CONDITION DOES NOT APPLY","ALWAYS WITH RIGHT HAND","ALWAYS WITH RIGHT HAND","ALWAYS WITH RIGHT HAND","ALWAYS WITH RIGHT HAND","ALWAYS WITH LEFT HAND","1: 1  CONDITION APPLIES","1: 1  CONDITION APPLIES","YES","MALE","MALE"
1984,64735,5,1,3,33790,5,182,2,1,1,4,2,1,2,2,1,1,1,6,2,7,1,1,27,20,"Female","Black","South (AL, AR, DE, DC, FL, GA, KY, LA, MD, MS, NC, OK, SC, TN , TX, VA, WV)","High school diploma (Regular 12 year program)","In CBSA, not in central city","NO","3: Mother","NO","YES","NO","NO","YES","0: 0  CONDITION DOES NOT APPLY","ALWAYS WITH RIGHT HAND","ALWAYS WITH RIGHT HAND","ALWAYS WITH RIGHT HAND","ALWAYS WITH RIGHT HAND","ALWAYS WITH LEFT HAND","1: 1  CONDITION APPLIES","1: 1  CONDITION APPLIES","NO","FEMALE","MALE"
1982,30,4,0,2,33790,6,184,1,1,3,2,1,2,2,2,1,2,1,6,1,6,1,1,46,65,"Male","Non-Black / Non-Hispanic","South (AL, AR, DE, DC, FL, GA, KY, LA, MD, MS, NC, OK, SC, TN , TX, VA, WV)","GED","In CBSA, in central city","YES","3: Mother","YES","YES","NO","NO","NO","0: 0  CONDITION DOES NOT APPLY","ALWAYS WITH RIGHT HAND","ALWAYS WITH RIGHT HAND","ALWAYS WITH RIGHT HAND","ALWAYS WITH RIGHT HAND","ALWAYS WITH LEFT HAND","1: 1  CONDITION APPLIES","1: 1  CONDITION APPLIES","NO","FEMALE","MALE"
1981,750,5,1,1,33790,5,170,1,1,1,3,1,7,1,2,1,2,1,2,2,6,1,1,30,18,"Male","Black","South (AL, AR, DE, DC, FL, GA, KY, LA, MD, MS, NC, OK, SC, TN , TX, VA, WV)","Bachelor's degree (BA, BS)","In CBSA, in central city","NO","3: Mother","NO","YES","NO","NO","YES","0: 0  CONDITION DOES NOT APPLY","ALWAYS WITH RIGHT HAND","ALWAYS WITH RIGHT HAND","ALWAYS WITH RIGHT HAND","ALWAYS WITH RIGHT HAND","ALWAYS WITH LEFT HAND","1: 1  CONDITION APPLIES","1: 1  CONDITION APPLIES","NO","FEMALE","MALE"
1982,64735,3,1,3,33790,5,240,1,1,2,4,2,3,2,2,2,1,1,6,2,7,1,1,30,22,"Female","Non-Black / Non-Hispanic","South (AL, AR, DE, DC, FL, GA, KY, LA, MD, MS, NC, OK, SC, TN , TX, VA, WV)","High school diploma (Regular 12 year program)","In CBSA, in central city","NO","3: Mother","NO","YES","YES","NO","NO","0: 0  CONDITION DOES NOT APPLY","ALWAYS WITH RIGHT HAND","ALWAYS WITH LEFT HAND","ALWAYS WITH LEFT HAND","ALWAYS WITH LEFT HAND","ALWAYS WITH LEFT HAND","1: 1  CONDITION APPLIES","1: 1  CONDITION APPLIES","NO","FEMALE","MALE"
1982,64735,3,0,4,27000,5,184,1,2,2,4,1,3,2,2,2,2,1,6,4,8,1,2,26,20,"Female","Black","West (AK, AZ, CA, CO, HI, ID, MT, NV, NM, OR, UT, WA, WY)","Bachelor's degree (BA, BS)","In CBSA, not in central city","NO","3: Mother","NO","YES","NO","NO","NO","0: 0  CONDITION DOES NOT APPLY","ALWAYS WITH RIGHT HAND","ALWAYS WITH RIGHT HAND","ALWAYS WITH RIGHT HAND","ALWAYS WITH RIGHT HAND","ALWAYS WITH LEFT HAND","1: 1  CONDITION APPLIES","1: 1  CONDITION APPLIES","NO","FEMALE","MALE"
1984,64735,3,0,2,33790,5,181,2,2,2,3,1,1,2,2,2,1,2,6,2,6,1,2,32,22,"Female","Black","South (AL, AR, DE, DC, FL, GA, KY, LA, MD, MS, NC, OK, SC, TN , TX, VA, WV)","Master's degree (MA, MS)","In CBSA, not in central city","NO","3: Mother","YES","NO","NO","NO","NO","0: 0  CONDITION DOES NOT APPLY","ALWAYS WITH RIGHT HAND","ALWAYS WITH RIGHT HAND","ALWAYS WITH RIGHT HAND","ALWAYS WITH RIGHT HAND","ALWAYS WITH LEFT HAND","1: 1  CONDITION APPLIES","1: 1  CONDITION APPLIES","YES","FEMALE","FEMALE"
1981,64735,5,0,3,33790,5,181,2,1,3,4,4,3,1,2,2,1,1,7,1,8,1,1,32,27,"Male","Black","South (AL, AR, DE, DC, FL, GA, KY, LA, MD, MS, NC, OK, SC, TN , TX, VA, WV)","Professional degree (DDS, JD, MD)","In CBSA, not in central city","YES","3: Mother","NO","NO","NO","NO","YES","0: 0  CONDITION DOES NOT APPLY","ALWAYS WITH RIGHT HAND","ALWAYS WITH RIGHT HAND","ALWAYS WITH RIGHT HAND","ALWAYS WITH RIGHT HAND","ALWAYS WITH LEFT HAND","1: 1  CONDITION APPLIES","1: 1  CONDITION APPLIES","NO","MALE","MALE"
1986,64735,2,0,1,33790,5,182,1,1,2,4,2,2,2,2,2,2,2,3,6,7,1,1,35,21,"Male","Hispanic","South (AL, AR, DE, DC, FL, GA, KY, LA, MD, MS, NC, OK, SC, TN , TX, VA, WV)","High school diploma (Regular 12 year program)","In CBSA, not in central city","NO","3: Mother","NO","YES","NO","NO","NO","0: 0  CONDITION DOES NOT APPLY","ALWAYS WITH RIGHT HAND","ALWAYS WITH RIGHT HAND","ALWAYS WITH RIGHT HAND","ALWAYS WITH RIGHT HAND","ALWAYS WITH LEFT HAND","1: 1  CONDITION APPLIES","1: 1  CONDITION APPLIES","NO","FEMALE","FEMALE"
1984,64735,8,1,4,33790,5,225,3,2,3,4,4,6,2,1,1,1,2,1,5,6,1,1,9,16,"Female","Black","South (AL, AR, DE, DC, FL, GA, KY, LA, MD, MS, NC, OK, SC, TN , TX, VA, WV)","High school diploma (Regular 12 year program)","In CBSA, not in central city","NO","3: Mother","NO","YES","NO","NO","YES","0: 0  CONDITION DOES NOT APPLY","ALWAYS WITH RIGHT HAND","ALWAYS WITH RIGHT HAND","ALWAYS WITH RIGHT HAND","ALWAYS WITH RIGHT HAND","ALWAYS WITH LEFT HAND","1: 1  CONDITION APPLIES","1: 1  CONDITION APPLIES","NO","FEMALE","FEMALE"
1980,45000,3,0,1,18000,5,120,1,1,3,3,5,2,2,2,2,2,1,6,4,4,1,1,34,25,"Female","Black","Northeast (CT, ME, MA, NH, NJ, NY, PA, RI, VT)","High school diploma (Regular 12 year program)","In CBSA, in central city","NO","3: Mother","NO","YES","NO","NO","YES","0: 0  CONDITION DOES NOT APPLY","ALWAYS WITH RIGHT HAND","ALWAYS WITH RIGHT HAND","ALWAYS WITH RIGHT HAND","ALWAYS WITH RIGHT HAND","ALWAYS WITH LEFT HAND","1: 1  CONDITION APPLIES","1: 1  CONDITION APPLIES","NO","FEMALE","FEMALE"
1980,64735,4,0,3,33790,5,185,1,1,3,4,3,5,1,2,1,2,1,6,2,6,1,1,31,19,"Female","Black","Northeast (CT, ME, MA, NH, NJ, NY, PA, RI, VT)","Master's degree (MA, MS)","In CBSA, in central city","NO","3: Mother","YES","YES","NO","NO","NO","0: 0  CONDITION DOES NOT APPLY","ALWAYS WITH RIGHT HAND","ALWAYS WITH RIGHT HAND","ALWAYS WITH RIGHT HAND","ALWAYS WITH RIGHT HAND","ALWAYS WITH LEFT HAND","1: 1  CONDITION APPLIES","1: 1  CONDITION APPLIES","NO","FEMALE","FEMALE"
1981,64735,4,0,2,33790,5,183,2,2,3,3,1,3,2,1,1,1,2,1,1,7,1,1,31,23,"Male","Black","West (AK, AZ, CA, CO, HI, ID, MT, NV, NM, OR, UT, WA, WY)","None","In CBSA, in central city","NO","3: Mother","YES","YES","NO","NO","YES","0: 0  CONDITION DOES NOT APPLY","ALWAYS WITH RIGHT HAND","ALWAYS WITH RIGHT HAND","ALWAYS WITH RIGHT HAND","ALWAYS WITH RIGHT HAND","ALWAYS WITH LEFT HAND","1: 1  CONDITION APPLIES","1: 1  CONDITION APPLIES","NO","MALE","FEMALE"
1981,64735,5,1,2,10000,5,185,1,2,4,4,4,3,2,2,2,1,1,1,3,8,1,1,29,23,"Female","Black","Northeast (CT, ME, MA, NH, NJ, NY, PA, RI, VT)","High school diploma (Regular 12 year program)","In CBSA, not in central city","YES","3: Mother","NO","NO","NO","NO","YES","0: 0  CONDITION DOES NOT APPLY","ALWAYS WITH LEFT HAND","ALWAYS WITH LEFT HAND","ALWAYS WITH RIGHT HAND","ALWAYS WITH LEFT HAND","ALWAYS WITH LEFT HAND","1: 1  CONDITION APPLIES","1: 1  CONDITION APPLIES","NO","FEMALE","MALE"
1983,64735,1,0,3,33790,5,182,1,2,4,3,2,3,2,2,2,1,2,6,2,8,1,1,27,25,"Male","Non-Black / Non-Hispanic","South (AL, AR, DE, DC, FL, GA, KY, LA, MD, MS, NC, OK, SC, TN , TX, VA, WV)","Professional degree (DDS, JD, MD)","In CBSA, not in central city","NO","3: Mother","YES","NO","NO","NO","YES","0: 0  CONDITION DOES NOT APPLY","ALWAYS WITH RIGHT HAND","ALWAYS WITH RIGHT HAND","ALWAYS WITH RIGHT HAND","ALWAYS WITH RIGHT HAND","ALWAYS WITH LEFT HAND","1: 1  CONDITION APPLIES","1: 1  CONDITION APPLIES","NO","FEMALE","MALE"
1984,64735,4,0,2,33790,5,183,1,1,2,3,2,3,2,2,2,2,1,6,4,7,1,1,34,26,"Male","Non-Black / Non-Hispanic","South (AL, AR, DE, DC, FL, GA, KY, LA, MD, MS, NC, OK, SC, TN , TX, VA, WV)","High school diploma (Regular 12 year program)","In CBSA, in central city","YES","3: Mother","NO","YES","NO","NO","YES","0: 0  CONDITION DOES NOT APPLY","ALWAYS WITH RIGHT HAND","ALWAYS WITH RIGHT HAND","ALWAYS WITH RIGHT HAND","USUALLY WITH BOTH HANDS EQUALLY","ALWAYS WITH LEFT HAND","1: 1  CONDITION APPLIES","1: 1  CONDITION APPLIES","NO","FEMALE","MALE"
1981,94000,4,1,2,33790,5,181,1,1,1,3,5,4,2,2,1,2,1,6,5,7,1,1,29,20,"Male","Non-Black / Non-Hispanic","Northeast (CT, ME, MA, NH, NJ, NY, PA, RI, VT)","High school diploma (Regular 12 year program)","In CBSA, not in central city","NO","3: Mother","YES","NO","YES","NO","YES","0: 0  CONDITION DOES NOT APPLY","ALWAYS WITH RIGHT HAND","USUALLY WITH RIGHT HAND","ALWAYS WITH RIGHT HAND","ALWAYS WITH RIGHT HAND","ALWAYS WITH LEFT HAND","1: 1  CONDITION APPLIES","1: 1  CONDITION APPLIES","NO","FEMALE","FEMALE"
1981,64735,3,0,2,33790,5,173,1,2,4,3,5,5,2,2,1,2,1,6,2,5,1,2,30,28,"Female","Black","South (AL, AR, DE, DC, FL, GA, KY, LA, MD, MS, NC, OK, SC, TN , TX, VA, WV)","Bachelor's degree (BA, BS)","In CBSA, in central city","NO","3: Mother","YES","YES","NO","NO","YES","0: 0  CONDITION DOES NOT APPLY","ALWAYS WITH RIGHT HAND","ALWAYS WITH RIGHT HAND","ALWAYS WITH RIGHT HAND","ALWAYS WITH RIGHT HAND","ALWAYS WITH LEFT HAND","1: 1  CONDITION APPLIES","1: 1  CONDITION APPLIES","NO","FEMALE","FEMALE"
1980,16750,3,1,1,33790,5,182,1,2,3,4,5,5,2,2,1,2,1,5,3,7,1,1,27,20,"Female","Hispanic","South (AL, AR, DE, DC, FL, GA, KY, LA, MD, MS, NC, OK, SC, TN , TX, VA, WV)","High school diploma (Regular 12 year program)","In CBSA, in central city","NO","3: Mother","YES","NO","NO","NO","YES","0: 0  CONDITION DOES NOT APPLY","ALWAYS WITH RIGHT HAND","ALWAYS WITH RIGHT HAND","ALWAYS WITH RIGHT HAND","ALWAYS WITH RIGHT HAND","ALWAYS WITH LEFT HAND","1: 1  CONDITION APPLIES","1: 1  CONDITION APPLIES","NO","MALE","MALE"
1984,64735,3,1,1,33790,5,182,1,1,1,2,2,1,2,2,2,1,1,4,3,8,1,1,32,22,"Female","Black","South (AL, AR, DE, DC, FL, GA, KY, LA, MD, MS, NC, OK, SC, TN , TX, VA, WV)","GED","In CBSA, not in central city","YES","3: Mother","NO","YES","NO","NO","YES","0: 0  CONDITION DOES NOT APPLY","ALWAYS WITH RIGHT HAND","USUALLY WITH BOTH HANDS EQUALLY","ALWAYS WITH RIGHT HAND","ALWAYS WITH RIGHT HAND","USUALLY WITH BOTH HANDS EQUALLY","1: 1  CONDITION APPLIES","1: 1  CONDITION APPLIES","NO","FEMALE","MALE"
1985,64735,5,0,2,33790,5,181,1,1,2,3,6,3,1,2,1,1,1,6,2,4,1,1,33,22,"Female","Black","South (AL, AR, DE, DC, FL, GA, KY, LA, MD, MS, NC, OK, SC, TN , TX, VA, WV)","High school diploma (Regular 12 year program)","In CBSA, in central city","NO","3: Mother","NO","YES","NO","NO","NO","0: 0  CONDITION DOES NOT APPLY","ALWAYS WITH RIGHT HAND","ALWAYS WITH RIGHT HAND","ALWAYS WITH RIGHT HAND","ALWAYS WITH RIGHT HAND","ALWAYS WITH LEFT HAND","1: 1  CONDITION APPLIES","1: 1  CONDITION APPLIES","NO","MALE","MALE"
1984,64735,4,1,3,33790,5,182,1,2,1,6,2,3,2,2,1,2,1,3,2,7,1,2,30,20,"Female","Black","West (AK, AZ, CA, CO, HI, ID, MT, NV, NM, OR, UT, WA, WY)","GED","In CBSA, not in central city","NO","3: Mother","NO","YES","NO","NO","NO","0: 0  CONDITION DOES NOT APPLY","ALWAYS WITH RIGHT HAND","ALWAYS WITH RIGHT HAND","ALWAYS WITH RIGHT HAND","ALWAYS WITH RIGHT HAND","ALWAYS WITH LEFT HAND","1: 1  CONDITION APPLIES","1: 1  CONDITION APPLIES","NO","FEMALE","MALE"
1983,64735,1,1,2,33790,5,185,1,2,2,5,3,4,1,2,2,1,1,8,2,8,1,1,29,18,"Female","Black","South (AL, AR, DE, DC, FL, GA, KY, LA, MD, MS, NC, OK, SC, TN , TX, VA, WV)","High school diploma (Regular 12 year program)","In CBSA, in central city","NO","3: Mother","YES","YES","NO","NO","YES","0: 0  CONDITION DOES NOT APPLY","ALWAYS WITH RIGHT HAND","ALWAYS WITH RIGHT HAND","ALWAYS WITH RIGHT HAND","ALWAYS WITH RIGHT HAND","ALWAYS WITH LEFT HAND","1: 1  CONDITION APPLIES","1: 1  CONDITION APPLIES","NO","FEMALE","MALE"
1981,64735,5,3,3,33790,5,181,2,2,2,2,2,3,2,2,2,2,1,6,1,5,1,1,28,4,"Male","Non-Black / Non-Hispanic","Northeast (CT, ME, MA, NH, NJ, NY, PA, RI, VT)","High school diploma (Regular 12 year program)","In CBSA, not in central city","NO","3: Mother","YES","NO","NO","NO","YES","0: 0  CONDITION DOES NOT APPLY","ALWAYS WITH RIGHT HAND","ALWAYS WITH RIGHT HAND","USUALLY WITH RIGHT HAND","ALWAYS WITH RIGHT HAND","ALWAYS WITH LEFT HAND","1: 1  CONDITION APPLIES","1: 1  CONDITION APPLIES","NO","FEMALE","FEMALE"
1981,64735,3,0,1,33790,5,183,1,1,1,3,3,6,2,1,1,1,1,2,3,6,1,1,32,22,"Female","Black","South (AL, AR, DE, DC, FL, GA, KY, LA, MD, MS, NC, OK, SC, TN , TX, VA, WV)","None","In CBSA, not in central city","NO","3: Mother","NO","NO","NO","NO","YES","0: 0  CONDITION DOES NOT APPLY","ALWAYS WITH RIGHT HAND","ALWAYS WITH RIGHT HAND","ALWAYS WITH RIGHT HAND","ALWAYS WITH RIGHT HAND","ALWAYS WITH LEFT HAND","1: 1  CONDITION APPLIES","1: 1  CONDITION APPLIES","NO","FEMALE","MALE"
1980,64735,4,0,5,21000,5,182,2,2,2,4,1,3,2,1,1,2,1,5,2,8,1,1,29,22,"Female","Black","South (AL, AR, DE, DC, FL, GA, KY, LA, MD, MS, NC, OK, SC, TN , TX, VA, WV)","High school diploma (Regular 12 year program)","In CBSA, not in central city","NO","3: Mother","NO","YES","YES","NO","NO","0: 0  CONDITION DOES NOT APPLY","ALWAYS WITH RIGHT HAND","ALWAYS WITH RIGHT HAND","ALWAYS WITH RIGHT HAND","ALWAYS WITH RIGHT HAND","ALWAYS WITH LEFT HAND","1: 1  CONDITION APPLIES","1: 1  CONDITION APPLIES","YES","FEMALE","MALE"
1984,64735,3,1,5,33790,6,187,1,1,3,4,3,6,2,2,1,2,1,2,3,6,1,1,33,22,"Male","Non-Black / Non-Hispanic","South (AL, AR, DE, DC, FL, GA, KY, LA, MD, MS, NC, OK, SC, TN , TX, VA, WV)","High school diploma (Regular 12 year program)","In CBSA, not in central city","NO","3: Mother","NO","NO","NO","NO","YES","0: 0  CONDITION DOES NOT APPLY","ALWAYS WITH RIGHT HAND","ALWAYS WITH RIGHT HAND","ALWAYS WITH RIGHT HAND","ALWAYS WITH RIGHT HAND","ALWAYS WITH LEFT HAND","1: 1  CONDITION APPLIES","1: 1  CONDITION APPLIES","NO","FEMALE","MALE"
1983,135000,4,0,4,33790,6,188,1,1,3,4,2,5,1,1,2,2,1,5,3,6,1,1,35,25,"Male","Non-Black / Non-Hispanic","South (AL, AR, DE, DC, FL, GA, KY, LA, MD, MS, NC, OK, SC, TN , TX, VA, WV)","High school diploma (Regular 12 year program)","In CBSA, not in central city","YES","3: Mother","NO","NO","NO","NO","NO","0: 0  CONDITION DOES NOT APPLY","ALWAYS WITH RIGHT HAND","ALWAYS WITH RIGHT HAND","ALWAYS WITH RIGHT HAND","ALWAYS WITH RIGHT HAND","ALWAYS WITH LEFT HAND","1: 1  CONDITION APPLIES","1: 1  CONDITION APPLIES","NO","FEMALE","FEMALE"
1984,64735,4,1,3,33790,5,184,1,2,2,6,2,3,2,2,2,2,2,5,2,5,1,1,32,22,"Male","Non-Black / Non-Hispanic","South (AL, AR, DE, DC, FL, GA, KY, LA, MD, MS, NC, OK, SC, TN , TX, VA, WV)","High school diploma (Regular 12 year program)","In CBSA, not in central city","NO","3: Mother","YES","NO","NO","NO","YES","0: 0  CONDITION DOES NOT APPLY","ALWAYS WITH RIGHT HAND","ALWAYS WITH RIGHT HAND","ALWAYS WITH RIGHT HAND","ALWAYS WITH RIGHT HAND","ALWAYS WITH LEFT HAND","1: 1  CONDITION APPLIES","1: 1  CONDITION APPLIES","NO","MALE","FEMALE"
1983,64735,4,0,1,33790,6,189,1,1,2,8,3,5,1,1,2,1,2,2,3,5,1,1,27,6,"Male","Black","West (AK, AZ, CA, CO, HI, ID, MT, NV, NM, OR, UT, WA, WY)","High school diploma (Regular 12 year program)","In CBSA, in central city","NO","3: Mother","NO","YES","NO","YES","NO","0: 0  CONDITION DOES NOT APPLY","ALWAYS WITH RIGHT HAND","ALWAYS WITH RIGHT HAND","ALWAYS WITH RIGHT HAND","ALWAYS WITH RIGHT HAND","ALWAYS WITH LEFT HAND","1: 1  CONDITION APPLIES","1: 1  CONDITION APPLIES","NO","FEMALE","MALE"
1981,64735,3,1,1,33790,5,185,1,1,3,5,2,4,2,2,1,1,1,6,3,6,1,1,27,0,"Female","Non-Black / Non-Hispanic","South (AL, AR, DE, DC, FL, GA, KY, LA, MD, MS, NC, OK, SC, TN , TX, VA, WV)","GED","In CBSA, not in central city","NO","3: Mother","YES","NO","NO","NO","YES","0: 0  CONDITION DOES NOT APPLY","ALWAYS WITH RIGHT HAND","ALWAYS WITH RIGHT HAND","ALWAYS WITH RIGHT HAND","ALWAYS WITH RIGHT HAND","ALWAYS WITH LEFT HAND","1: 1  CONDITION APPLIES","1: 1  CONDITION APPLIES","NO","MALE","MALE"
1984,64735,3,0,2,33790,5,182,1,1,4,4,1,4,2,2,2,2,1,1,2,8,1,1,29,23,"Female","Non-Black / Non-Hispanic","South (AL, AR, DE, DC, FL, GA, KY, LA, MD, MS, NC, OK, SC, TN , TX, VA, WV)","High school diploma (Regular 12 year program)","In CBSA, not in central city","NO","3: Mother","NO","NO","YES","NO","YES","0: 0  CONDITION DOES NOT APPLY","ALWAYS WITH RIGHT HAND","ALWAYS WITH RIGHT HAND","ALWAYS WITH RIGHT HAND","ALWAYS WITH RIGHT HAND","ALWAYS WITH LEFT HAND","1: 1  CONDITION APPLIES","1: 1  CONDITION APPLIES","NO","FEMALE","MALE"
1980,62000,3,0,2,33790,6,195,1,1,1,5,2,2,2,2,2,1,1,6,2,6,1,1,33,25,"Male","Non-Black / Non-Hispanic","South (AL, AR, DE, DC, FL, GA, KY, LA, MD, MS, NC, OK, SC, TN , TX, VA, WV)","High school diploma (Regular 12 year program)","In CBSA, not in central city","NO","3: Mother","YES","NO","YES","NO","YES","0: 0  CONDITION DOES NOT APPLY","USUALLY WITH RIGHT HAND","USUALLY WITH RIGHT HAND","ALWAYS WITH LEFT HAND","ALWAYS WITH RIGHT HAND","USUALLY WITH LEFT HAND","1: 1  CONDITION APPLIES","1: 1  CONDITION APPLIES","YES","MALE","FEMALE"
1981,64735,5,1,2,33790,5,182,1,2,3,4,2,4,1,2,1,1,1,5,1,6,1,1,34,22,"Male","Non-Black / Non-Hispanic","North Central (IL, IN, IA, KS, MI, MN, MO, NE, OH, ND, SD, WI)","High school diploma (Regular 12 year program)","In CBSA, in central city","NO","3: Mother","YES","NO","NO","NO","YES","0: 0  CONDITION DOES NOT APPLY","ALWAYS WITH LEFT HAND","ALWAYS WITH LEFT HAND","ALWAYS WITH LEFT HAND","ALWAYS WITH RIGHT HAND","ALWAYS WITH RIGHT HAND","1: 1  CONDITION APPLIES","1: 1  CONDITION APPLIES","NO","FEMALE","FEMALE"
1982,64735,3,0,2,33790,5,181,1,1,3,1,1,4,1,2,1,1,1,2,2,8,1,1,29,21,"Male","Non-Black / Non-Hispanic","South (AL, AR, DE, DC, FL, GA, KY, LA, MD, MS, NC, OK, SC, TN , TX, VA, WV)","Associate/Junior college (AA)","In CBSA, not in central city","NO","3: Mother","NO","YES","NO","NO","YES","0: 0  CONDITION DOES NOT APPLY","ALWAYS WITH RIGHT HAND","ALWAYS WITH RIGHT HAND","ALWAYS WITH RIGHT HAND","ALWAYS WITH RIGHT HAND","ALWAYS WITH LEFT HAND","1: 1  CONDITION APPLIES","1: 1  CONDITION APPLIES","YES","FEMALE","FEMALE"
1983,64735,2,0,2,33790,5,182,1,2,4,3,2,1,2,2,2,2,2,3,3,7,1,1,32,25,"Male","Hispanic","West (AK, AZ, CA, CO, HI, ID, MT, NV, NM, OR, UT, WA, WY)","High school diploma (Regular 12 year program)","In CBSA, not in central city","YES","3: Mother","NO","YES","NO","NO","NO","0: 0  CONDITION DOES NOT APPLY","ALWAYS WITH RIGHT HAND","ALWAYS WITH RIGHT HAND","ALWAYS WITH RIGHT HAND","ALWAYS WITH RIGHT HAND","ALWAYS WITH LEFT HAND","1: 1  CONDITION APPLIES","1: 1  CONDITION APPLIES","YES","MALE","MALE"
1981,64735,4,1,3,33790,6,182,2,1,4,4,2,4,2,2,1,2,1,6,1,5,1,2,30,26,"Female","Black","West (AK, AZ, CA, CO, HI, ID, MT, NV, NM, OR, UT, WA, WY)","High school diploma (Regular 12 year program)","In CBSA, in central city","NO","3: Mother","YES","NO","NO","NO","YES","0: 0  CONDITION DOES NOT APPLY","ALWAYS WITH RIGHT HAND","ALWAYS WITH RIGHT HAND","ALWAYS WITH RIGHT HAND","ALWAYS WITH RIGHT HAND","ALWAYS WITH LEFT HAND","1: 1  CONDITION APPLIES","1: 1  CONDITION APPLIES","NO","MALE","MALE"
1985,53014,3,0,1,33790,6,183,1,1,3,3,1,1,1,2,2,1,1,3,2,7,1,1,28,19,"Male","Non-Black / Non-Hispanic","North Central (IL, IN, IA, KS, MI, MN, MO, NE, OH, ND, SD, WI)","None","In CBSA, not in central city","NO","3: Mother","NO","NO","NO","NO","YES","0: 0  CONDITION DOES NOT APPLY","ALWAYS WITH LEFT HAND","ALWAYS WITH RIGHT HAND","ALWAYS WITH LEFT HAND","ALWAYS WITH LEFT HAND","ALWAYS WITH LEFT HAND","1: 1  CONDITION APPLIES","1: 1  CONDITION APPLIES","NO","FEMALE","FEMALE"
1981,64735,3,1,3,20000,5,250,2,2,5,7,4,2,2,2,1,2,2,6,4,6,1,1,25,4,"Male","Non-Black / Non-Hispanic","South (AL, AR, DE, DC, FL, GA, KY, LA, MD, MS, NC, OK, SC, TN , TX, VA, WV)","None","In CBSA, in central city","NO","3: Mother","NO","YES","YES","NO","NO","0: 0  CONDITION DOES NOT APPLY","ALWAYS WITH RIGHT HAND","ALWAYS WITH RIGHT HAND","ALWAYS WITH RIGHT HAND","ALWAYS WITH RIGHT HAND","ALWAYS WITH LEFT HAND","1: 1  CONDITION APPLIES","1: 1  CONDITION APPLIES","NO","FEMALE","FEMALE"
1983,64735,3,0,1,33790,5,97,1,1,1,3,5,3,2,2,1,2,1,7,4,7,1,2,31,22,"Female","Non-Black / Non-Hispanic","West (AK, AZ, CA, CO, HI, ID, MT, NV, NM, OR, UT, WA, WY)","Master's degree (MA, MS)","In CBSA, in central city","NO","3: Mother","YES","NO","NO","NO","YES","0: 0  CONDITION DOES NOT APPLY","ALWAYS WITH RIGHT HAND","ALWAYS WITH RIGHT HAND","ALWAYS WITH RIGHT HAND","ALWAYS WITH RIGHT HAND","ALWAYS WITH LEFT HAND","1: 1  CONDITION APPLIES","1: 1  CONDITION APPLIES","NO","MALE","MALE"
1980,64735,4,0,1,33790,5,182,1,2,2,4,5,3,2,2,1,1,1,3,2,6,1,1,33,21,"Female","Hispanic","Northeast (CT, ME, MA, NH, NJ, NY, PA, RI, VT)","High school diploma (Regular 12 year program)","In CBSA, in central city","NO","3: Mother","NO","NO","NO","NO","YES","0: 0  CONDITION DOES NOT APPLY","ALWAYS WITH RIGHT HAND","ALWAYS WITH RIGHT HAND","ALWAYS WITH RIGHT HAND","ALWAYS WITH RIGHT HAND","ALWAYS WITH LEFT HAND","1: 1  CONDITION APPLIES","1: 1  CONDITION APPLIES","YES","MALE","FEMALE"
1983,64735,5,1,2,33790,5,182,1,1,2,5,3,3,2,2,2,2,2,1,4,7,1,1,31,22,"Male","Non-Black / Non-Hispanic","West (AK, AZ, CA, CO, HI, ID, MT, NV, NM, OR, UT, WA, WY)","GED","In CBSA, in central city","NO","3: Mother","NO","NO","NO","NO","NO","0: 0  CONDITION DOES NOT APPLY","ALWAYS WITH RIGHT HAND","ALWAYS WITH RIGHT HAND","ALWAYS WITH RIGHT HAND","ALWAYS WITH RIGHT HAND","ALWAYS WITH LEFT HAND","1: 1  CONDITION APPLIES","1: 1  CONDITION APPLIES","NO","FEMALE","FEMALE"
1982,64735,2,0,2,33790,5,184,2,1,3,5,3,2,2,2,1,2,1,3,2,7,1,1,32,23,"Male","Non-Black / Non-Hispanic","South (AL, AR, DE, DC, FL, GA, KY, LA, MD, MS, NC, OK, SC, TN , TX, VA, WV)","GED","In CBSA, not in central city","NO","3: Mother","NO","NO","NO","NO","YES","0: 0  CONDITION DOES NOT APPLY","ALWAYS WITH RIGHT HAND","ALWAYS WITH LEFT HAND","ALWAYS WITH RIGHT HAND","ALWAYS WITH LEFT HAND","ALWAYS WITH LEFT HAND","1: 1  CONDITION APPLIES","1: 1  CONDITION APPLIES","NO","FEMALE","MALE"
1980,64735,4,1,1,33790,5,184,2,2,3,4,2,3,1,2,1,2,1,4,3,6,1,1,28,5,"Female","Hispanic","West (AK, AZ, CA, CO, HI, ID, MT, NV, NM, OR, UT, WA, WY)","High school diploma (Regular 12 year program)","In CBSA, in central city","NO","3: Mother","YES","NO","NO","NO","YES","0: 0  CONDITION DOES NOT APPLY","ALWAYS WITH RIGHT HAND","ALWAYS WITH RIGHT HAND","ALWAYS WITH RIGHT HAND","ALWAYS WITH RIGHT HAND","ALWAYS WITH LEFT HAND","0: 0  CONDITION DOES NOT APPLY","1: 1  CONDITION APPLIES","YES","FEMALE","MALE"
1984,64735,3,0,3,33790,5,185,1,2,8,5,1,7,2,2,1,2,1,2,4,8,1,1,27,21,"Female","Non-Black / Non-Hispanic","Northeast (CT, ME, MA, NH, NJ, NY, PA, RI, VT)","High school diploma (Regular 12 year program)","In CBSA, in central city","YES","3: Mother","YES","YES","YES","NO","NO","0: 0  CONDITION DOES NOT APPLY","ALWAYS WITH LEFT HAND","ALWAYS WITH LEFT HAND","ALWAYS WITH LEFT HAND","ALWAYS WITH RIGHT HAND","ALWAYS WITH LEFT HAND","1: 1  CONDITION APPLIES","0: 0  CONDITION DOES NOT APPLY","NO","FEMALE","FEMALE"
1982,64735,2,1,2,33790,5,181,1,1,1,3,6,2,2,2,1,2,1,6,3,7,1,1,31,20,"Female","Non-Black / Non-Hispanic","West (AK, AZ, CA, CO, HI, ID, MT, NV, NM, OR, UT, WA, WY)","High school diploma (Regular 12 year program)","In CBSA, not in central city","NO","3: Mother","NO","NO","NO","NO","YES","0: 0  CONDITION DOES NOT APPLY","ALWAYS WITH RIGHT HAND","ALWAYS WITH RIGHT HAND","ALWAYS WITH RIGHT HAND","ALWAYS WITH RIGHT HAND","ALWAYS WITH LEFT HAND","1: 1  CONDITION APPLIES","0: 0  CONDITION DOES NOT APPLY","NO","FEMALE","FEMALE"
1981,94000,3,0,2,38000,5,179,1,1,3,1,1,3,2,2,2,1,1,6,1,9,1,1,34,26,"Female","Non-Black / Non-Hispanic","South (AL, AR, DE, DC, FL, GA, KY, LA, MD, MS, NC, OK, SC, TN , TX, VA, WV)","Associate/Junior college (AA)","In CBSA, not in central city","NO","3: Mother","NO","NO","NO","NO","NO","0: 0  CONDITION DOES NOT APPLY","ALWAYS WITH LEFT HAND","ALWAYS WITH RIGHT HAND","ALWAYS WITH RIGHT HAND","ALWAYS WITH LEFT HAND","ALWAYS WITH LEFT HAND","1: 1  CONDITION APPLIES","1: 1  CONDITION APPLIES","NO","FEMALE","MALE"
1981,64735,3,1,2,33790,6,183,1,1,2,6,1,2,2,2,1,2,1,4,4,8,1,1,25,1,"Male","Hispanic","West (AK, AZ, CA, CO, HI, ID, MT, NV, NM, OR, UT, WA, WY)","None","In CBSA, not in central city","NO","3: Mother","NO","NO","NO","NO","NO","0: 0  CONDITION DOES NOT APPLY","ALWAYS WITH RIGHT HAND","ALWAYS WITH RIGHT HAND","ALWAYS WITH RIGHT HAND","ALWAYS WITH RIGHT HAND","ALWAYS WITH LEFT HAND","1: 1  CONDITION APPLIES","1: 1  CONDITION APPLIES","YES","FEMALE","FEMALE"
1980,64735,2,0,1,33790,5,118,2,2,1,3,3,3,2,2,1,2,1,5,4,7,2,1,35,24,"Female","Non-Black / Non-Hispanic","Northeast (CT, ME, MA, NH, NJ, NY, PA, RI, VT)","Bachelor's degree (BA, BS)","In CBSA, not in central city","NO","3: Mother","YES","NO","YES","NO","YES","0: 0  CONDITION DOES NOT APPLY","ALWAYS WITH RIGHT HAND","ALWAYS WITH RIGHT HAND","ALWAYS WITH RIGHT HAND","ALWAYS WITH RIGHT HAND","ALWAYS WITH RIGHT HAND","1: 1  CONDITION APPLIES","1: 1  CONDITION APPLIES","NO","FEMALE","FEMALE"
1982,64735,3,1,2,33790,5,183,1,1,5,2,3,4,2,2,1,1,1,5,2,7,1,1,31,21,"Female","Non-Black / Non-Hispanic","Northeast (CT, ME, MA, NH, NJ, NY, PA, RI, VT)","High school diploma (Regular 12 year program)","In CBSA, not in central city","NO","3: Mother","YES","NO","NO","NO","YES","0: 0  CONDITION DOES NOT APPLY","ALWAYS WITH RIGHT HAND","ALWAYS WITH RIGHT HAND","ALWAYS WITH RIGHT HAND","ALWAYS WITH RIGHT HAND","ALWAYS WITH LEFT HAND","1: 1  CONDITION APPLIES","1: 1  CONDITION APPLIES","NO","MALE","FEMALE"
1981,64735,4,1,2,33790,6,183,1,1,1,4,3,2,2,1,1,1,1,6,2,3,1,1,32,21,"Female","Black","South (AL, AR, DE, DC, FL, GA, KY, LA, MD, MS, NC, OK, SC, TN , TX, VA, WV)","High school diploma (Regular 12 year program)","In CBSA, not in central city","NO","3: Mother","YES","YES","NO","NO","YES","0: 0  CONDITION DOES NOT APPLY","ALWAYS WITH RIGHT HAND","ALWAYS WITH RIGHT HAND","ALWAYS WITH RIGHT HAND","ALWAYS WITH RIGHT HAND","ALWAYS WITH LEFT HAND","1: 1  CONDITION APPLIES","1: 1  CONDITION APPLIES","NO","FEMALE","MALE"
1980,64735,6,2,2,33790,5,264,2,2,2,6,2,1,2,2,1,2,2,2,2,5,1,1,44,19,"Male","Black","South (AL, AR, DE, DC, FL, GA, KY, LA, MD, MS, NC, OK, SC, TN , TX, VA, WV)","Bachelor's degree (BA, BS)","In CBSA, in central city","YES","3: Mother","NO","YES","NO","NO","YES","0: 0  CONDITION DOES NOT APPLY","ALWAYS WITH RIGHT HAND","ALWAYS WITH RIGHT HAND","ALWAYS WITH RIGHT HAND","ALWAYS WITH RIGHT HAND","ALWAYS WITH LEFT HAND","1: 1  CONDITION APPLIES","1: 1  CONDITION APPLIES","NO","FEMALE","FEMALE"
1981,48900,4,0,2,33790,5,181,1,3,1,3,5,4,2,2,1,2,1,4,1,7,1,1,29,19,"Male","Black","West (AK, AZ, CA, CO, HI, ID, MT, NV, NM, OR, UT, WA, WY)","Associate/Junior college (AA)","In CBSA, not in central city","NO","3: Mother","NO","YES","NO","NO","YES","0: 0  CONDITION DOES NOT APPLY","ALWAYS WITH RIGHT HAND","ALWAYS WITH RIGHT HAND","ALWAYS WITH RIGHT HAND","USUALLY WITH LEFT HAND","ALWAYS WITH LEFT HAND","1: 1  CONDITION APPLIES","1: 1  CONDITION APPLIES","NO","MALE","FEMALE"
1983,64735,3,0,1,33790,5,181,1,3,2,3,4,4,2,2,1,2,1,4,5,6,1,1,37,23,"Female","Black","West (AK, AZ, CA, CO, HI, ID, MT, NV, NM, OR, UT, WA, WY)","None","In CBSA, not in central city","NO","3: Mother","NO","NO","NO","NO","YES","0: 0  CONDITION DOES NOT APPLY","ALWAYS WITH RIGHT HAND","ALWAYS WITH RIGHT HAND","ALWAYS WITH RIGHT HAND","ALWAYS WITH RIGHT HAND","ALWAYS WITH LEFT HAND","1: 1  CONDITION APPLIES","1: 1  CONDITION APPLIES","NO","MALE","FEMALE"
1981,64735,4,0,1,33790,5,185,1,2,2,3,3,3,1,2,2,2,2,1,2,6,1,1,29,4,"Male","Non-Black / Non-Hispanic","South (AL, AR, DE, DC, FL, GA, KY, LA, MD, MS, NC, OK, SC, TN , TX, VA, WV)","High school diploma (Regular 12 year program)","In CBSA, not in central city","NO","3: Mother","NO","YES","NO","NO","YES","0: 0  CONDITION DOES NOT APPLY","ALWAYS WITH RIGHT HAND","ALWAYS WITH RIGHT HAND","ALWAYS WITH RIGHT HAND","ALWAYS WITH RIGHT HAND","ALWAYS WITH LEFT HAND","1: 1  CONDITION APPLIES","1: 1  CONDITION APPLIES","NO","MALE","FEMALE"
1982,37879,3,1,6,33790,5,181,1,1,1,4,1,6,1,1,2,2,2,4,4,12,1,1,26,4,"Female","Black","North Central (IL, IN, IA, KS, MI, MN, MO, NE, OH, ND, SD, WI)","High school diploma (Regular 12 year program)","Not in CBSA","NO","3: Mother","NO","YES","NO","NO","YES","0: 0  CONDITION DOES NOT APPLY","ALWAYS WITH RIGHT HAND","ALWAYS WITH RIGHT HAND","ALWAYS WITH RIGHT HAND","ALWAYS WITH RIGHT HAND","ALWAYS WITH LEFT HAND","1: 1  CONDITION APPLIES","1: 1  CONDITION APPLIES","NO","MALE","FEMALE"
1983,64735,3,1,1,33790,5,182,1,1,1,2,2,3,2,2,1,2,2,7,5,7,1,1,31,24,"Male","Black","South (AL, AR, DE, DC, FL, GA, KY, LA, MD, MS, NC, OK, SC, TN , TX, VA, WV)","High school diploma (Regular 12 year program)","In CBSA, not in central city","NO","3: Mother","NO","YES","NO","NO","YES","0: 0  CONDITION DOES NOT APPLY","ALWAYS WITH RIGHT HAND","ALWAYS WITH RIGHT HAND","ALWAYS WITH RIGHT HAND","ALWAYS WITH RIGHT HAND","ALWAYS WITH LEFT HAND","1: 1  CONDITION APPLIES","1: 1  CONDITION APPLIES","NO","FEMALE","MALE"
1983,64735,3,1,2,33790,5,185,2,2,1,1,1,5,2,2,2,2,2,4,2,7,1,1,25,17,"Male","Black","South (AL, AR, DE, DC, FL, GA, KY, LA, MD, MS, NC, OK, SC, TN , TX, VA, WV)","High school diploma (Regular 12 year program)","In CBSA, not in central city","NO","3: Mother","YES","NO","NO","NO","YES","0: 0  CONDITION DOES NOT APPLY","ALWAYS WITH LEFT HAND","ALWAYS WITH RIGHT HAND","USUALLY WITH BOTH HANDS EQUALLY","ALWAYS WITH RIGHT HAND","ALWAYS WITH LEFT HAND","1: 1  CONDITION APPLIES","1: 1  CONDITION APPLIES","NO","FEMALE","FEMALE"
1981,64735,3,1,4,33790,5,183,1,1,2,4,3,4,2,2,2,2,1,6,3,8,1,1,26,21,"Female","Black","South (AL, AR, DE, DC, FL, GA, KY, LA, MD, MS, NC, OK, SC, TN , TX, VA, WV)","Bachelor's degree (BA, BS)","In CBSA, in central city","NO","3: Mother","NO","YES","NO","NO","NO","0: 0  CONDITION DOES NOT APPLY","ALWAYS WITH RIGHT HAND","ALWAYS WITH RIGHT HAND","ALWAYS WITH RIGHT HAND","ALWAYS WITH RIGHT HAND","ALWAYS WITH RIGHT HAND","1: 1  CONDITION APPLIES","1: 1  CONDITION APPLIES","NO","FEMALE","MALE"
1980,64735,5,0,3,33790,5,186,1,2,2,5,2,2,2,2,1,2,1,5,2,7,1,1,35,17,"Female","Hispanic","South (AL, AR, DE, DC, FL, GA, KY, LA, MD, MS, NC, OK, SC, TN , TX, VA, WV)","High school diploma (Regular 12 year program)","In CBSA, in central city","NO","3: Mother","NO","YES","NO","NO","YES","0: 0  CONDITION DOES NOT APPLY","DON'T DO THIS ACTIVITY","DON'T DO THIS ACTIVITY","ALWAYS WITH RIGHT HAND","DON'T DO THIS ACTIVITY","ALWAYS WITH LEFT HAND","1: 1  CONDITION APPLIES","1: 1  CONDITION APPLIES","NO","FEMALE","MALE"
1985,9750,2,0,1,33790,6,184,1,2,2,2,3,3,2,2,2,1,1,4,3,6,1,1,31,22,"Male","Hispanic","West (AK, AZ, CA, CO, HI, ID, MT, NV, NM, OR, UT, WA, WY)","GED","In CBSA, not in central city","NO","3: Mother","YES","NO","NO","NO","NO","0: 0  CONDITION DOES NOT APPLY","USUALLY WITH RIGHT HAND","ALWAYS WITH RIGHT HAND","ALWAYS WITH RIGHT HAND","ALWAYS WITH RIGHT HAND","ALWAYS WITH LEFT HAND","1: 1  CONDITION APPLIES","1: 1  CONDITION APPLIES","NO","MALE","MALE"
1987,64735,5,1,2,33790,6,183,1,2,3,4,2,1,2,2,2,2,2,6,2,8,1,1,30,24,"Male","Non-Black / Non-Hispanic","South (AL, AR, DE, DC, FL, GA, KY, LA, MD, MS, NC, OK, SC, TN , TX, VA, WV)","High school diploma (Regular 12 year program)","In CBSA, in central city","YES","3: Mother","YES","NO","NO","NO","YES","0: 0  CONDITION DOES NOT APPLY","ALWAYS WITH RIGHT HAND","ALWAYS WITH RIGHT HAND","ALWAYS WITH RIGHT HAND","ALWAYS WITH RIGHT HAND","ALWAYS WITH LEFT HAND","1: 1  CONDITION APPLIES","1: 1  CONDITION APPLIES","NO","FEMALE","MALE"
1981,64735,6,4,1,33790,5,179,1,1,3,3,2,3,2,2,1,4,1,2,3,6,1,1,26,16,"Male","Non-Black / Non-Hispanic","South (AL, AR, DE, DC, FL, GA, KY, LA, MD, MS, NC, OK, SC, TN , TX, VA, WV)","GED","In CBSA, in central city","NO","3: Mother","NO","YES","NO","NO","YES","0: 0  CONDITION DOES NOT APPLY","ALWAYS WITH RIGHT HAND","DON'T DO THIS ACTIVITY","DON'T DO THIS ACTIVITY","DON'T DO THIS ACTIVITY","DON'T DO THIS ACTIVITY","1: 1  CONDITION APPLIES","1: 1  CONDITION APPLIES","NO","FEMALE","MALE"
1984,64735,3,1,2,33790,5,184,2,1,4,3,5,4,2,2,1,1,1,6,4,7,1,1,24,6,"Female","Non-Black / Non-Hispanic","North Central (IL, IN, IA, KS, MI, MN, MO, NE, OH, ND, SD, WI)","GED","In CBSA, not in central city","NO","3: Mother","NO","NO","YES","NO","YES","0: 0  CONDITION DOES NOT APPLY","ALWAYS WITH RIGHT HAND","ALWAYS WITH LEFT HAND","ALWAYS WITH LEFT HAND","ALWAYS WITH LEFT HAND","ALWAYS WITH LEFT HAND","1: 1  CONDITION APPLIES","1: 1  CONDITION APPLIES","NO","MALE","MALE"
1980,64735,5,1,4,33790,5,184,1,3,2,4,6,1,2,1,2,2,1,1,2,7,1,1,31,19,"Female","Non-Black / Non-Hispanic","South (AL, AR, DE, DC, FL, GA, KY, LA, MD, MS, NC, OK, SC, TN , TX, VA, WV)","High school diploma (Regular 12 year program)","In CBSA, in central city","NO","3: Mother","NO","NO","NO","NO","NO","0: 0  CONDITION DOES NOT APPLY","ALWAYS WITH RIGHT HAND","ALWAYS WITH RIGHT HAND","ALWAYS WITH LEFT HAND","ALWAYS WITH RIGHT HAND","ALWAYS WITH LEFT HAND","1: 1  CONDITION APPLIES","1: 1  CONDITION APPLIES","NO","FEMALE","FEMALE"
1983,64735,4,0,1,33790,5,184,2,2,3,3,4,2,2,2,1,2,1,6,2,3,1,1,31,22,"Male","Non-Black / Non-Hispanic","South (AL, AR, DE, DC, FL, GA, KY, LA, MD, MS, NC, OK, SC, TN , TX, VA, WV)","None","In CBSA, not in central city","NO","3: Mother","YES","NO","NO","NO","YES","0: 0  CONDITION DOES NOT APPLY","ALWAYS WITH RIGHT HAND","ALWAYS WITH RIGHT HAND","ALWAYS WITH RIGHT HAND","ALWAYS WITH RIGHT HAND","USUALLY WITH LEFT HAND","1: 1  CONDITION APPLIES","1: 1  CONDITION APPLIES","NO","MALE","FEMALE"
1984,64735,2,0,2,33790,5,200,1,3,1,2,2,2,2,2,2,2,1,4,2,6,1,1,37,20,"Female","Non-Black / Non-Hispanic","Northeast (CT, ME, MA, NH, NJ, NY, PA, RI, VT)","Bachelor's degree (BA, BS)","In CBSA, in central city","NO","3: Mother","NO","YES","NO","NO","YES","0: 0  CONDITION DOES NOT APPLY","ALWAYS WITH RIGHT HAND","ALWAYS WITH RIGHT HAND","ALWAYS WITH RIGHT HAND","USUALLY WITH BOTH HANDS EQUALLY","USUALLY WITH RIGHT HAND","1: 1  CONDITION APPLIES","1: 1  CONDITION APPLIES","NO","FEMALE","MALE"
1983,64735,8,2,2,33790,5,147,1,1,1,3,2,2,2,2,2,2,2,7,6,6,1,1,30,11,"Female","Black","South (AL, AR, DE, DC, FL, GA, KY, LA, MD, MS, NC, OK, SC, TN , TX, VA, WV)","High school diploma (Regular 12 year program)","In CBSA, in central city","NO","3: Mother","NO","NO","NO","NO","NO","0: 0  CONDITION DOES NOT APPLY","ALWAYS WITH RIGHT HAND","ALWAYS WITH LEFT HAND","ALWAYS WITH RIGHT HAND","ALWAYS WITH RIGHT HAND","ALWAYS WITH RIGHT HAND","1: 1  CONDITION APPLIES","1: 1  CONDITION APPLIES","NO","FEMALE","FEMALE"
1983,64735,4,1,1,33790,5,183,1,2,2,3,2,2,2,2,1,2,1,5,2,7,1,1,29,19,"Male","Non-Black / Non-Hispanic","West (AK, AZ, CA, CO, HI, ID, MT, NV, NM, OR, UT, WA, WY)","High school diploma (Regular 12 year program)","In CBSA, in central city","NO","3: Mother","YES","NO","NO","NO","NO","0: 0  CONDITION DOES NOT APPLY","ALWAYS WITH RIGHT HAND","ALWAYS WITH RIGHT HAND","ALWAYS WITH RIGHT HAND","ALWAYS WITH RIGHT HAND","ALWAYS WITH RIGHT HAND","1: 1  CONDITION APPLIES","1: 1  CONDITION APPLIES","NO","MALE","MALE"
1982,45750,5,2,2,33790,5,155,2,1,1,2,1,2,1,2,2,2,1,2,3,8,1,1,30,21,"Female","Black","South (AL, AR, DE, DC, FL, GA, KY, LA, MD, MS, NC, OK, SC, TN , TX, VA, WV)","High school diploma (Regular 12 year program)","In CBSA, not in central city","NO","3: Mother","NO","YES","NO","NO","YES","0: 0  CONDITION DOES NOT APPLY","ALWAYS WITH RIGHT HAND","ALWAYS WITH RIGHT HAND","ALWAYS WITH RIGHT HAND","ALWAYS WITH RIGHT HAND","ALWAYS WITH LEFT HAND","1: 1  CONDITION APPLIES","1: 1  CONDITION APPLIES","NO","FEMALE","FEMALE"
1983,64735,4,0,1,33790,5,184,1,2,1,4,2,2,2,2,2,2,2,5,1,7,1,1,32,21,"Female","Black","North Central (IL, IN, IA, KS, MI, MN, MO, NE, OH, ND, SD, WI)","High school diploma (Regular 12 year program)","Not in CBSA","NO","3: Mother","NO","YES","NO","NO","NO","0: 0  CONDITION DOES NOT APPLY","ALWAYS WITH RIGHT HAND","ALWAYS WITH LEFT HAND","ALWAYS WITH RIGHT HAND","ALWAYS WITH RIGHT HAND","ALWAYS WITH RIGHT HAND","1: 1  CONDITION APPLIES","1: 1  CONDITION APPLIES","NO","FEMALE","FEMALE"
1985,64735,4,0,1,33790,5,180,2,2,2,4,2,2,2,2,2,1,1,3,3,5,1,1,35,22,"Female","Black","South (AL, AR, DE, DC, FL, GA, KY, LA, MD, MS, NC, OK, SC, TN , TX, VA, WV)","None","In CBSA, not in central city","NO","3: Mother","NO","YES","NO","NO","YES","0: 0  CONDITION DOES NOT APPLY","ALWAYS WITH RIGHT HAND","ALWAYS WITH RIGHT HAND","ALWAYS WITH RIGHT HAND","ALWAYS WITH RIGHT HAND","USUALLY WITH RIGHT HAND","1: 1  CONDITION APPLIES","1: 1  CONDITION APPLIES","NO","FEMALE","MALE"
1983,64735,3,0,3,33790,5,182,2,1,3,3,4,8,2,2,1,2,2,2,3,6,1,1,28,19,"Male","Non-Black / Non-Hispanic","South (AL, AR, DE, DC, FL, GA, KY, LA, MD, MS, NC, OK, SC, TN , TX, VA, WV)","High school diploma (Regular 12 year program)","Not in CBSA","NO","3: Mother","NO","NO","NO","NO","YES","0: 0  CONDITION DOES NOT APPLY","ALWAYS WITH RIGHT HAND","ALWAYS WITH RIGHT HAND","ALWAYS WITH RIGHT HAND","ALWAYS WITH RIGHT HAND","ALWAYS WITH LEFT HAND","0: 0  CONDITION DOES NOT APPLY","0: 0  CONDITION DOES NOT APPLY","NO","FEMALE","MALE"
1983,64735,1,0,2,33790,5,179,1,1,2,3,3,4,2,1,1,2,1,2,2,8,1,2,30,20,"Male","Hispanic","North Central (IL, IN, IA, KS, MI, MN, MO, NE, OH, ND, SD, WI)","Bachelor's degree (BA, BS)","In CBSA, not in central city","NO","3: Mother","YES","NO","NO","NO","YES","0: 0  CONDITION DOES NOT APPLY","ALWAYS WITH RIGHT HAND","ALWAYS WITH RIGHT HAND","ALWAYS WITH RIGHT HAND","ALWAYS WITH RIGHT HAND","ALWAYS WITH LEFT HAND","1: 1  CONDITION APPLIES","1: 1  CONDITION APPLIES","NO","FEMALE","MALE"
1982,47071,3,1,3,33790,5,180,1,1,4,4,6,2,2,2,1,2,1,3,3,7,1,1,29,20,"Male","Black","South (AL, AR, DE, DC, FL, GA, KY, LA, MD, MS, NC, OK, SC, TN , TX, VA, WV)","High school diploma (Regular 12 year program)","In CBSA, not in central city","YES","3: Mother","YES","NO","NO","NO","YES","0: 0  CONDITION DOES NOT APPLY","ALWAYS WITH RIGHT HAND","ALWAYS WITH RIGHT HAND","ALWAYS WITH RIGHT HAND","ALWAYS WITH RIGHT HAND","ALWAYS WITH LEFT HAND","1: 1  CONDITION APPLIES","1: 1  CONDITION APPLIES","NO","FEMALE","FEMALE"
1981,64735,4,0,4,33790,5,182,1,1,3,4,2,7,1,2,2,2,1,6,3,10,1,1,22,16,"Female","Hispanic","West (AK, AZ, CA, CO, HI, ID, MT, NV, NM, OR, UT, WA, WY)","Bachelor's degree (BA, BS)","In CBSA, not known","NO","3: Mother","NO","NO","YES","NO","YES","0: 0  CONDITION DOES NOT APPLY","ALWAYS WITH RIGHT HAND","USUALLY WITH LEFT HAND","ALWAYS WITH LEFT HAND","ALWAYS WITH LEFT HAND","ALWAYS WITH RIGHT HAND","1: 1  CONDITION APPLIES","1: 1  CONDITION APPLIES","NO","FEMALE","MALE"
1984,64735,3,0,1,33790,5,183,2,2,1,3,1,4,2,2,1,2,1,6,3,7,1,1,28,21,"Female","Black","West (AK, AZ, CA, CO, HI, ID, MT, NV, NM, OR, UT, WA, WY)","Bachelor's degree (BA, BS)","In CBSA, in central city","NO","3: Mother","NO","YES","NO","NO","YES","0: 0  CONDITION DOES NOT APPLY","ALWAYS WITH RIGHT HAND","ALWAYS WITH RIGHT HAND","ALWAYS WITH RIGHT HAND","ALWAYS WITH RIGHT HAND","ALWAYS WITH LEFT HAND","1: 1  CONDITION APPLIES","1: 1  CONDITION APPLIES","NO","FEMALE","MALE"
1983,316618,3,0,3,33790,5,182,1,1,1,4,2,5,2,2,1,2,1,4,2,7,1,1,38,55,"Male","Non-Black / Non-Hispanic","South (AL, AR, DE, DC, FL, GA, KY, LA, MD, MS, NC, OK, SC, TN , TX, VA, WV)","Bachelor's degree (BA, BS)","In CBSA, in central city","YES","3: Mother","YES","NO","NO","NO","YES","0: 0  CONDITION DOES NOT APPLY","ALWAYS WITH RIGHT HAND","ALWAYS WITH RIGHT HAND","ALWAYS WITH RIGHT HAND","ALWAYS WITH RIGHT HAND","ALWAYS WITH LEFT HAND","1: 1  CONDITION APPLIES","1: 1  CONDITION APPLIES","NO","FEMALE","MALE"
1982,64735,5,1,2,33790,5,186,1,1,3,1,2,4,2,2,1,2,1,1,4,7,1,1,31,20,"Male","Hispanic","South (AL, AR, DE, DC, FL, GA, KY, LA, MD, MS, NC, OK, SC, TN , TX, VA, WV)","Bachelor's degree (BA, BS)","In CBSA, not in central city","YES","3: Mother","NO","YES","NO","NO","NO","0: 0  CONDITION DOES NOT APPLY","ALWAYS WITH RIGHT HAND","ALWAYS WITH RIGHT HAND","ALWAYS WITH RIGHT HAND","ALWAYS WITH RIGHT HAND","ALWAYS WITH LEFT HAND","1: 1  CONDITION APPLIES","1: 1  CONDITION APPLIES","NO","FEMALE","MALE"
1984,64735,4,0,1,33790,5,182,1,1,1,3,4,3,2,2,1,2,1,6,6,6,1,1,27,22,"Female","Black","South (AL, AR, DE, DC, FL, GA, KY, LA, MD, MS, NC, OK, SC, TN , TX, VA, WV)","Professional degree (DDS, JD, MD)","In CBSA, in central city","NO","3: Mother","NO","YES","NO","NO","YES","0: 0  CONDITION DOES NOT APPLY","ALWAYS WITH RIGHT HAND","ALWAYS WITH RIGHT HAND","ALWAYS WITH RIGHT HAND","ALWAYS WITH RIGHT HAND","ALWAYS WITH LEFT HAND","1: 1  CONDITION APPLIES","1: 1  CONDITION APPLIES","NO","FEMALE","MALE"
1982,64735,4,1,3,33790,5,181,1,1,1,4,5,2,2,2,1,1,1,1,3,7,1,1,29,22,"Male","Non-Black / Non-Hispanic","South (AL, AR, DE, DC, FL, GA, KY, LA, MD, MS, NC, OK, SC, TN , TX, VA, WV)","Associate/Junior college (AA)","In CBSA, not in central city","NO","3: Mother","NO","YES","NO","NO","YES","0: 0  CONDITION DOES NOT APPLY","ALWAYS WITH RIGHT HAND","ALWAYS WITH RIGHT HAND","ALWAYS WITH RIGHT HAND","ALWAYS WITH RIGHT HAND","ALWAYS WITH LEFT HAND","1: 1  CONDITION APPLIES","1: 1  CONDITION APPLIES","NO","FEMALE","MALE"
1982,64735,3,1,1,33790,5,181,1,2,2,5,7,2,2,2,2,2,2,5,2,6,1,1,35,22,"Female","Black","South (AL, AR, DE, DC, FL, GA, KY, LA, MD, MS, NC, OK, SC, TN , TX, VA, WV)","None","In CBSA, not in central city","NO","3: Mother","NO","YES","NO","NO","YES","0: 0  CONDITION DOES NOT APPLY","ALWAYS WITH RIGHT HAND","ALWAYS WITH RIGHT HAND","ALWAYS WITH RIGHT HAND","USUALLY WITH RIGHT HAND","ALWAYS WITH RIGHT HAND","1: 1  CONDITION APPLIES","1: 1  CONDITION APPLIES","NO","FEMALE","MALE"
1984,64735,4,1,3,33790,5,175,1,2,4,4,6,2,2,2,1,1,1,6,4,8,5,1,33,24,"Male","Hispanic","South (AL, AR, DE, DC, FL, GA, KY, LA, MD, MS, NC, OK, SC, TN , TX, VA, WV)","Bachelor's degree (BA, BS)","In CBSA, in central city","NO","3: Mother","NO","NO","NO","NO","NO","0: 0  CONDITION DOES NOT APPLY","ALWAYS WITH RIGHT HAND","ALWAYS WITH RIGHT HAND","ALWAYS WITH RIGHT HAND","ALWAYS WITH LEFT HAND","DON'T DO THIS ACTIVITY","1: 1  CONDITION APPLIES","1: 1  CONDITION APPLIES","NO","FEMALE","MALE"
1983,64735,4,0,1,33790,5,180,1,1,3,3,2,4,2,1,2,2,1,2,3,7,1,1,31,20,"Female","Black","West (AK, AZ, CA, CO, HI, ID, MT, NV, NM, OR, UT, WA, WY)","High school diploma (Regular 12 year program)","In CBSA, not in central city","NO","3: Mother","YES","NO","NO","NO","YES","0: 0  CONDITION DOES NOT APPLY","ALWAYS WITH RIGHT HAND","ALWAYS WITH RIGHT HAND","DON'T DO THIS ACTIVITY","ALWAYS WITH RIGHT HAND","ALWAYS WITH LEFT HAND","1: 1  CONDITION APPLIES","1: 1  CONDITION APPLIES","NO","MALE","FEMALE"
1982,64735,4,1,1,33790,5,180,2,1,2,7,1,4,1,2,1,2,1,2,2,6,1,1,27,17,"Male","Non-Black / Non-Hispanic","North Central (IL, IN, IA, KS, MI, MN, MO, NE, OH, ND, SD, WI)","Associate/Junior college (AA)","In CBSA, not in central city","NO","3: Mother","YES","NO","NO","NO","YES","0: 0  CONDITION DOES NOT APPLY","ALWAYS WITH RIGHT HAND","ALWAYS WITH RIGHT HAND","ALWAYS WITH RIGHT HAND","ALWAYS WITH RIGHT HAND","ALWAYS WITH LEFT HAND","1: 1  CONDITION APPLIES","1: 1  CONDITION APPLIES","NO","FEMALE","FEMALE"
1983,64735,2,0,2,33790,5,183,1,3,1,5,4,3,2,2,1,2,1,4,4,7,2,2,31,24,"Female","Black","West (AK, AZ, CA, CO, HI, ID, MT, NV, NM, OR, UT, WA, WY)","High school diploma (Regular 12 year program)","In CBSA, in central city","NO","3: Mother","NO","NO","NO","NO","YES","0: 0  CONDITION DOES NOT APPLY","ALWAYS WITH RIGHT HAND","ALWAYS WITH RIGHT HAND","ALWAYS WITH RIGHT HAND","ALWAYS WITH RIGHT HAND","ALWAYS WITH LEFT HAND","1: 1  CONDITION APPLIES","1: 1  CONDITION APPLIES","YES","FEMALE","MALE"
1983,64735,3,0,3,41000,5,182,1,2,3,6,2,3,1,1,1,2,1,6,1,8,1,1,29,23,"Female","Black","West (AK, AZ, CA, CO, HI, ID, MT, NV, NM, OR, UT, WA, WY)","Associate/Junior college (AA)","In CBSA, in central city","NO","3: Mother","YES","NO","NO","NO","YES","0: 0  CONDITION DOES NOT APPLY","ALWAYS WITH RIGHT HAND","ALWAYS WITH RIGHT HAND","ALWAYS WITH RIGHT HAND","ALWAYS WITH RIGHT HAND","ALWAYS WITH LEFT HAND","1: 1  CONDITION APPLIES","1: 1  CONDITION APPLIES","NO","FEMALE","MALE"
1981,64735,4,0,4,33790,6,184,1,1,3,4,3,4,1,1,1,1,2,7,2,6,1,1,32,19,"Female","Black","South (AL, AR, DE, DC, FL, GA, KY, LA, MD, MS, NC, OK, SC, TN , TX, VA, WV)","High school diploma (Regular 12 year program)","In CBSA, not in central city","NO","3: Mother","YES","NO","YES","NO","YES","0: 0  CONDITION DOES NOT APPLY","ALWAYS WITH RIGHT HAND","ALWAYS WITH RIGHT HAND","USUALLY WITH BOTH HANDS EQUALLY","ALWAYS WITH RIGHT HAND","ALWAYS WITH LEFT HAND","1: 1  CONDITION APPLIES","1: 1  CONDITION APPLIES","NO","FEMALE","FEMALE"
1985,23250,3,1,2,33790,6,184,1,2,5,6,5,5,1,2,1,2,1,6,2,6,1,1,29,22,"Female","Black","West (AK, AZ, CA, CO, HI, ID, MT, NV, NM, OR, UT, WA, WY)","Associate/Junior college (AA)","In CBSA, not in central city","NO","3: Mother","YES","NO","NO","YES","YES","0: 0  CONDITION DOES NOT APPLY","ALWAYS WITH RIGHT HAND","ALWAYS WITH RIGHT HAND","ALWAYS WITH RIGHT HAND","ALWAYS WITH RIGHT HAND","ALWAYS WITH LEFT HAND","1: 1  CONDITION APPLIES","1: 1  CONDITION APPLIES","NO","FEMALE","FEMALE"
1981,64735,4,0,4,33790,5,182,1,2,2,4,2,2,1,2,2,1,2,1,4,7,1,1,32,21,"Male","Non-Black / Non-Hispanic","South (AL, AR, DE, DC, FL, GA, KY, LA, MD, MS, NC, OK, SC, TN , TX, VA, WV)","High school diploma (Regular 12 year program)","In CBSA, not in central city","YES","3: Mother","YES","YES","YES","NO","YES","0: 0  CONDITION DOES NOT APPLY","ALWAYS WITH RIGHT HAND","ALWAYS WITH RIGHT HAND","ALWAYS WITH RIGHT HAND","ALWAYS WITH RIGHT HAND","ALWAYS WITH LEFT HAND","1: 1  CONDITION APPLIES","1: 1  CONDITION APPLIES","NO","FEMALE","MALE"
1983,64735,7,1,3,33790,5,182,2,2,1,4,2,2,2,2,2,2,1,6,2,7,1,1,34,22,"Female","Black","West (AK, AZ, CA, CO, HI, ID, MT, NV, NM, OR, UT, WA, WY)","None","In CBSA, not in central city","NO","3: Mother","NO","NO","NO","NO","NO","0: 0  CONDITION DOES NOT APPLY","ALWAYS WITH RIGHT HAND","ALWAYS WITH RIGHT HAND","USUALLY WITH BOTH HANDS EQUALLY","ALWAYS WITH RIGHT HAND","ALWAYS WITH LEFT HAND","0: 0  CONDITION DOES NOT APPLY","1: 1  CONDITION APPLIES","NO","FEMALE","FEMALE"
1982,64735,2,1,1,12000,5,179,1,1,1,3,5,5,1,1,1,2,1,6,3,8,1,1,32,10,"Male","Hispanic","West (AK, AZ, CA, CO, HI, ID, MT, NV, NM, OR, UT, WA, WY)","Bachelor's degree (BA, BS)","In CBSA, in central city","NO","3: Mother","YES","NO","NO","NO","YES","0: 0  CONDITION DOES NOT APPLY","ALWAYS WITH RIGHT HAND","ALWAYS WITH RIGHT HAND","ALWAYS WITH RIGHT HAND","ALWAYS WITH RIGHT HAND","ALWAYS WITH LEFT HAND","0: 0  CONDITION DOES NOT APPLY","1: 1  CONDITION APPLIES","NO","MALE","FEMALE"
1982,64735,2,0,2,33790,5,180,2,1,1,3,7,7,1,2,1,1,2,1,3,8,1,1,30,20,"Female","Black","South (AL, AR, DE, DC, FL, GA, KY, LA, MD, MS, NC, OK, SC, TN , TX, VA, WV)","Associate/Junior college (AA)","In CBSA, not in central city","NO","3: Mother","NO","YES","NO","NO","YES","0: 0  CONDITION DOES NOT APPLY","ALWAYS WITH RIGHT HAND","ALWAYS WITH RIGHT HAND","ALWAYS WITH LEFT HAND","ALWAYS WITH LEFT HAND","ALWAYS WITH RIGHT HAND","1: 1  CONDITION APPLIES","1: 1  CONDITION APPLIES","NO","FEMALE","MALE"
1982,64735,2,0,1,33790,5,110,1,2,1,4,1,7,2,1,1,1,1,3,1,7,2,1,31,20,"Female","Non-Black / Non-Hispanic","South (AL, AR, DE, DC, FL, GA, KY, LA, MD, MS, NC, OK, SC, TN , TX, VA, WV)","High school diploma (Regular 12 year program)","In CBSA, not in central city","NO","3: Mother","YES","YES","NO","NO","NO","0: 0  CONDITION DOES NOT APPLY","ALWAYS WITH RIGHT HAND","ALWAYS WITH RIGHT HAND","ALWAYS WITH RIGHT HAND","ALWAYS WITH RIGHT HAND","ALWAYS WITH RIGHT HAND","1: 1  CONDITION APPLIES","1: 1  CONDITION APPLIES","NO","MALE","FEMALE"
1983,64735,9,3,2,33790,5,179,1,2,2,3,5,4,1,2,1,2,1,6,1,6,1,1,24,11,"Female","Black","North Central (IL, IN, IA, KS, MI, MN, MO, NE, OH, ND, SD, WI)","GED","In CBSA, not in central city","NO","3: Mother","NO","YES","NO","NO","YES","0: 0  CONDITION DOES NOT APPLY","ALWAYS WITH RIGHT HAND","ALWAYS WITH RIGHT HAND","ALWAYS WITH RIGHT HAND","ALWAYS WITH RIGHT HAND","ALWAYS WITH LEFT HAND","1: 1  CONDITION APPLIES","1: 1  CONDITION APPLIES","NO","MALE","FEMALE"
1983,64735,3,0,4,33790,5,182,1,2,2,3,1,4,2,2,2,1,1,4,3,6,1,1,31,27,"Male","Black","West (AK, AZ, CA, CO, HI, ID, MT, NV, NM, OR, UT, WA, WY)","GED","In CBSA, not in central city","YES","3: Mother","NO","YES","NO","NO","NO","0: 0  CONDITION DOES NOT APPLY","ALWAYS WITH LEFT HAND","ALWAYS WITH LEFT HAND","ALWAYS WITH LEFT HAND","ALWAYS WITH LEFT HAND","ALWAYS WITH RIGHT HAND","1: 1  CONDITION APPLIES","1: 1  CONDITION APPLIES","NO","FEMALE","MALE"
1982,64735,3,1,3,33790,5,183,2,1,4,3,3,3,2,2,2,2,2,1,2,8,1,1,30,20,"Male","Hispanic","West (AK, AZ, CA, CO, HI, ID, MT, NV, NM, OR, UT, WA, WY)","None","In CBSA, not in central city","NO","3: Mother","YES","NO","YES","NO","YES","0: 0  CONDITION DOES NOT APPLY","ALWAYS WITH RIGHT HAND","ALWAYS WITH RIGHT HAND","ALWAYS WITH RIGHT HAND","ALWAYS WITH RIGHT HAND","ALWAYS WITH LEFT HAND","1: 1  CONDITION APPLIES","0: 0  CONDITION DOES NOT APPLY","NO","FEMALE","MALE"
1983,64735,4,0,2,33790,6,186,1,1,5,4,3,3,2,2,1,1,2,5,3,5,1,1,32,24,"Male","Non-Black / Non-Hispanic","West (AK, AZ, CA, CO, HI, ID, MT, NV, NM, OR, UT, WA, WY)","High school diploma (Regular 12 year program)","In CBSA, not in central city","YES","5: Adoptive Mother","YES","NO","YES","NO","NO","0: 0  CONDITION DOES NOT APPLY","ALWAYS WITH RIGHT HAND","ALWAYS WITH RIGHT HAND","ALWAYS WITH RIGHT HAND","ALWAYS WITH RIGHT HAND","ALWAYS WITH LEFT HAND","1: 1  CONDITION APPLIES","1: 1  CONDITION APPLIES","YES","FEMALE","FEMALE"
1985,65000,4,2,3,33790,5,184,1,2,3,7,1,1,1,2,1,2,1,4,5,6,1,1,22,3,"Male","Black","Northeast (CT, ME, MA, NH, NJ, NY, PA, RI, VT)","High school diploma (Regular 12 year program)","In CBSA, not in central city","NO","3: Mother","YES","NO","NO","NO","YES","0: 0  CONDITION DOES NOT APPLY","ALWAYS WITH RIGHT HAND","ALWAYS WITH RIGHT HAND","ALWAYS WITH RIGHT HAND","ALWAYS WITH RIGHT HAND","ALWAYS WITH LEFT HAND","1: 1  CONDITION APPLIES","1: 1  CONDITION APPLIES","NO","FEMALE","MALE"
1982,64735,5,1,2,33790,5,179,1,1,2,5,2,4,2,2,1,2,1,3,5,9,1,1,30,23,"Female","Non-Black / Non-Hispanic","West (AK, AZ, CA, CO, HI, ID, MT, NV, NM, OR, UT, WA, WY)","High school diploma (Regular 12 year program)","In CBSA, in central city","NO","3: Mother","NO","NO","NO","YES","YES","0: 0  CONDITION DOES NOT APPLY","ALWAYS WITH RIGHT HAND","ALWAYS WITH RIGHT HAND","ALWAYS WITH RIGHT HAND","ALWAYS WITH RIGHT HAND","ALWAYS WITH LEFT HAND","1: 1  CONDITION APPLIES","1: 1  CONDITION APPLIES","NO","FEMALE","MALE"
1984,64735,3,0,1,33790,5,183,1,1,2,3,3,3,2,2,1,2,1,6,3,6,1,1,48,27,"Female","Non-Black / Non-Hispanic","West (AK, AZ, CA, CO, HI, ID, MT, NV, NM, OR, UT, WA, WY)","High school diploma (Regular 12 year program)","In CBSA, in central city","YES","3: Mother","NO","NO","NO","NO","YES","0: 0  CONDITION DOES NOT APPLY","ALWAYS WITH RIGHT HAND","ALWAYS WITH RIGHT HAND","ALWAYS WITH RIGHT HAND","ALWAYS WITH RIGHT HAND","ALWAYS WITH LEFT HAND","1: 1  CONDITION APPLIES","1: 1  CONDITION APPLIES","NO","MALE","MALE"
1981,64735,3,1,2,33790,6,183,1,1,6,3,3,3,2,2,2,2,1,3,3,7,1,1,27,21,"Male","Non-Black / Non-Hispanic","South (AL, AR, DE, DC, FL, GA, KY, LA, MD, MS, NC, OK, SC, TN , TX, VA, WV)","Associate/Junior college (AA)","In CBSA, in central city","NO","3: Mother","NO","NO","NO","NO","YES","0: 0  CONDITION DOES NOT APPLY","ALWAYS WITH RIGHT HAND","ALWAYS WITH RIGHT HAND","ALWAYS WITH RIGHT HAND","ALWAYS WITH RIGHT HAND","ALWAYS WITH LEFT HAND","1: 1  CONDITION APPLIES","1: 1  CONDITION APPLIES","NO","FEMALE","FEMALE"
1984,64735,3,1,1,33790,5,182,1,1,4,5,4,3,2,2,1,2,1,4,2,7,1,1,30,20,"Female","Non-Black / Non-Hispanic","South (AL, AR, DE, DC, FL, GA, KY, LA, MD, MS, NC, OK, SC, TN , TX, VA, WV)","High school diploma (Regular 12 year program)","In CBSA, not in central city","NO","3: Mother","YES","NO","NO","NO","YES","0: 0  CONDITION DOES NOT APPLY","ALWAYS WITH RIGHT HAND","ALWAYS WITH RIGHT HAND","ALWAYS WITH RIGHT HAND","ALWAYS WITH RIGHT HAND","ALWAYS WITH LEFT HAND","0: 0  CONDITION DOES NOT APPLY","1: 1  CONDITION APPLIES","NO","MALE","MALE"
1985,64735,4,0,3,33790,6,186,1,2,6,5,6,1,1,2,2,1,2,1,3,6,1,1,34,20,"Male","Hispanic","West (AK, AZ, CA, CO, HI, ID, MT, NV, NM, OR, UT, WA, WY)","High school diploma (Regular 12 year program)","In CBSA, in central city","YES","3: Mother","YES","YES","YES","NO","NO","0: 0  CONDITION DOES NOT APPLY","ALWAYS WITH RIGHT HAND","ALWAYS WITH RIGHT HAND","ALWAYS WITH RIGHT HAND","ALWAYS WITH RIGHT HAND","ALWAYS WITH LEFT HAND","1: 1  CONDITION APPLIES","1: 1  CONDITION APPLIES","NO","FEMALE","FEMALE"
1983,46250,4,0,1,33790,5,181,2,1,3,4,4,5,2,2,1,2,1,6,1,6,1,1,29,21,"Male","Hispanic","South (AL, AR, DE, DC, FL, GA, KY, LA, MD, MS, NC, OK, SC, TN , TX, VA, WV)","None","In CBSA, not in central city","NO","3: Mother","YES","NO","NO","YES","YES","0: 0  CONDITION DOES NOT APPLY","ALWAYS WITH RIGHT HAND","ALWAYS WITH RIGHT HAND","ALWAYS WITH RIGHT HAND","ALWAYS WITH RIGHT HAND","ALWAYS WITH LEFT HAND","1: 1  CONDITION APPLIES","1: 1  CONDITION APPLIES","YES","MALE","FEMALE"
1984,64735,3,1,1,33790,5,183,1,1,5,4,7,4,2,2,1,1,2,3,3,8,1,1,35,26,"Male","Hispanic","West (AK, AZ, CA, CO, HI, ID, MT, NV, NM, OR, UT, WA, WY)","High school diploma (Regular 12 year program)","In CBSA, in central city","NO","3: Mother","NO","NO","NO","NO","NO","1: 1  CONDITION APPLIES","ALWAYS WITH RIGHT HAND","ALWAYS WITH RIGHT HAND","USUALLY WITH LEFT HAND","ALWAYS WITH RIGHT HAND","ALWAYS WITH LEFT HAND","1: 1  CONDITION APPLIES","1: 1  CONDITION APPLIES","YES","FEMALE","MALE"
1983,64735,5,1,3,33790,6,189,2,1,3,4,2,6,2,2,2,2,1,1,3,5,1,1,29,18,"Male","Hispanic","West (AK, AZ, CA, CO, HI, ID, MT, NV, NM, OR, UT, WA, WY)","High school diploma (Regular 12 year program)","In CBSA, in central city","NO","3: Mother","NO","NO","NO","NO","NO","0: 0  CONDITION DOES NOT APPLY","ALWAYS WITH RIGHT HAND","ALWAYS WITH RIGHT HAND","ALWAYS WITH RIGHT HAND","ALWAYS WITH RIGHT HAND","ALWAYS WITH LEFT HAND","1: 1  CONDITION APPLIES","1: 1  CONDITION APPLIES","NO","FEMALE","FEMALE"
1983,64735,3,0,1,33790,5,135,1,1,2,2,3,2,2,2,1,2,1,4,3,6,1,2,46,52,"Female","Hispanic","South (AL, AR, DE, DC, FL, GA, KY, LA, MD, MS, NC, OK, SC, TN , TX, VA, WV)","Bachelor's degree (BA, BS)","In CBSA, in central city","YES","3: Mother","YES","NO","NO","NO","YES","0: 0  CONDITION DOES NOT APPLY","ALWAYS WITH RIGHT HAND","ALWAYS WITH RIGHT HAND","ALWAYS WITH RIGHT HAND","ALWAYS WITH RIGHT HAND","ALWAYS WITH LEFT HAND","1: 1  CONDITION APPLIES","1: 1  CONDITION APPLIES","YES","FEMALE","MALE"
1983,64735,4,1,4,33790,5,184,1,1,1,1,2,3,2,2,2,2,1,1,3,7,1,1,30,22,"Male","Non-Black / Non-Hispanic","West (AK, AZ, CA, CO, HI, ID, MT, NV, NM, OR, UT, WA, WY)","Professional degree (DDS, JD, MD)","In CBSA, not in central city","NO","3: Mother","NO","YES","NO","NO","NO","1: 1  CONDITION APPLIES","ALWAYS WITH RIGHT HAND","ALWAYS WITH RIGHT HAND","ALWAYS WITH RIGHT HAND","ALWAYS WITH RIGHT HAND","ALWAYS WITH LEFT HAND","1: 1  CONDITION APPLIES","1: 1  CONDITION APPLIES","NO","FEMALE","MALE"
1982,64735,2,0,2,33790,5,183,1,2,2,4,3,4,2,1,1,2,1,6,3,7,1,2,31,20,"Female","Non-Black / Non-Hispanic","North Central (IL, IN, IA, KS, MI, MN, MO, NE, OH, ND, SD, WI)","High school diploma (Regular 12 year program)","In CBSA, in central city","NO","3: Mother","YES","NO","NO","NO","YES","0: 0  CONDITION DOES NOT APPLY","ALWAYS WITH RIGHT HAND","ALWAYS WITH RIGHT HAND","ALWAYS WITH RIGHT HAND","ALWAYS WITH RIGHT HAND","ALWAYS WITH LEFT HAND","1: 1  CONDITION APPLIES","1: 1  CONDITION APPLIES","NO","MALE","MALE"
1983,64735,3,0,3,33790,5,181,1,1,3,6,2,4,2,2,2,1,1,4,3,7,1,3,31,21,"Female","Non-Black / Non-Hispanic","Northeast (CT, ME, MA, NH, NJ, NY, PA, RI, VT)","None","In CBSA, not in central city","NO","3: Mother","YES","NO","NO","NO","YES","0: 0  CONDITION DOES NOT APPLY","ALWAYS WITH RIGHT HAND","USUALLY WITH RIGHT HAND","ALWAYS WITH RIGHT HAND","ALWAYS WITH RIGHT HAND","ALWAYS WITH LEFT HAND","1: 1  CONDITION APPLIES","1: 1  CONDITION APPLIES","NO","MALE","MALE"
1984,64735,4,0,2,15000,5,181,1,2,3,5,1,2,1,2,1,2,1,6,6,6,1,1,58,24,"Male","Hispanic","South (AL, AR, DE, DC, FL, GA, KY, LA, MD, MS, NC, OK, SC, TN , TX, VA, WV)","High school diploma (Regular 12 year program)","In CBSA, not in central city","NO","3: Mother","NO","NO","NO","NO","NO","0: 0  CONDITION DOES NOT APPLY","ALWAYS WITH RIGHT HAND","ALWAYS WITH RIGHT HAND","ALWAYS WITH RIGHT HAND","ALWAYS WITH RIGHT HAND","ALWAYS WITH LEFT HAND","1: 1  CONDITION APPLIES","1: 1  CONDITION APPLIES","YES","FEMALE","MALE"
1980,64735,4,0,1,33790,5,179,2,1,3,3,5,4,1,2,1,2,1,5,2,6,1,1,33,18,"Female","Hispanic","West (AK, AZ, CA, CO, HI, ID, MT, NV, NM, OR, UT, WA, WY)","GED","In CBSA, not in central city","NO","3: Mother","YES","NO","NO","NO","YES","0: 0  CONDITION DOES NOT APPLY","ALWAYS WITH RIGHT HAND","ALWAYS WITH RIGHT HAND","USUALLY WITH RIGHT HAND","ALWAYS WITH LEFT HAND","USUALLY WITH LEFT HAND","0: 0  CONDITION DOES NOT APPLY","0: 0  CONDITION DOES NOT APPLY","YES","FEMALE","MALE"
1983,64735,2,0,2,52000,5,183,1,1,4,4,2,4,1,2,2,2,1,5,3,7,1,1,29,23,"Male","Non-Black / Non-Hispanic","North Central (IL, IN, IA, KS, MI, MN, MO, NE, OH, ND, SD, WI)","High school diploma (Regular 12 year program)","In CBSA, in central city","NO","3: Mother","YES","NO","YES","NO","YES","0: 0  CONDITION DOES NOT APPLY","DON'T DO THIS ACTIVITY","ALWAYS WITH RIGHT HAND","ALWAYS WITH RIGHT HAND","ALWAYS WITH RIGHT HAND","ALWAYS WITH LEFT HAND","1: 1  CONDITION APPLIES","1: 1  CONDITION APPLIES","NO","MALE","MALE"
1981,64735,4,0,2,33790,5,179,1,1,3,2,4,6,2,1,2,1,2,1,5,7,1,1,27,14,"Female","Non-Black / Non-Hispanic","West (AK, AZ, CA, CO, HI, ID, MT, NV, NM, OR, UT, WA, WY)","None","Not in CBSA","NO","3: Mother","NO","NO","YES","NO","NO","0: 0  CONDITION DOES NOT APPLY","ALWAYS WITH RIGHT HAND","USUALLY WITH BOTH HANDS EQUALLY","ALWAYS WITH RIGHT HAND","USUALLY WITH BOTH HANDS EQUALLY","ALWAYS WITH LEFT HAND","0: 0  CONDITION DOES NOT APPLY","1: 1  CONDITION APPLIES","YES","FEMALE","MALE"
1980,64735,2,1,3,33790,5,183,2,1,3,5,1,4,2,2,2,2,1,3,2,7,1,1,30,21,"Male","Hispanic","South (AL, AR, DE, DC, FL, GA, KY, LA, MD, MS, NC, OK, SC, TN , TX, VA, WV)","Professional degree (DDS, JD, MD)","In CBSA, in central city","NO","3: Mother","YES","NO","NO","NO","NO","0: 0  CONDITION DOES NOT APPLY","ALWAYS WITH RIGHT HAND","ALWAYS WITH RIGHT HAND","ALWAYS WITH RIGHT HAND","ALWAYS WITH RIGHT HAND","ALWAYS WITH LEFT HAND","1: 1  CONDITION APPLIES","1: 1  CONDITION APPLIES","YES","MALE","FEMALE"
1980,64735,4,0,1,33790,5,183,1,1,2,4,3,2,2,2,2,1,1,6,3,7,1,1,33,23,"Male","Hispanic","West (AK, AZ, CA, CO, HI, ID, MT, NV, NM, OR, UT, WA, WY)","GED","In CBSA, not in central city","NO","3: Mother","NO","YES","NO","NO","YES","0: 0  CONDITION DOES NOT APPLY","ALWAYS WITH RIGHT HAND","ALWAYS WITH RIGHT HAND","ALWAYS WITH RIGHT HAND","ALWAYS WITH RIGHT HAND","ALWAYS WITH RIGHT HAND","1: 1  CONDITION APPLIES","1: 1  CONDITION APPLIES","NO","FEMALE","FEMALE"
1980,64735,2,0,4,33790,5,180,1,2,4,4,4,1,1,2,2,2,1,6,2,7,1,1,32,21,"Female","Non-Black / Non-Hispanic","West (AK, AZ, CA, CO, HI, ID, MT, NV, NM, OR, UT, WA, WY)","High school diploma (Regular 12 year program)","In CBSA, not in central city","NO","3: Mother","YES","NO","NO","NO","YES","0: 0  CONDITION DOES NOT APPLY","ALWAYS WITH LEFT HAND","ALWAYS WITH RIGHT HAND","ALWAYS WITH LEFT HAND","USUALLY WITH RIGHT HAND","ALWAYS WITH LEFT HAND","1: 1  CONDITION APPLIES","1: 1  CONDITION APPLIES","NO","FEMALE","MALE"
1983,96821,4,0,3,45000,5,173,1,2,2,4,4,5,1,2,1,2,1,3,2,6,1,1,31,19,"Female","Non-Black / Non-Hispanic","Northeast (CT, ME, MA, NH, NJ, NY, PA, RI, VT)","Master's degree (MA, MS)","In CBSA, not in central city","NO","3: Mother","YES","NO","NO","NO","YES","0: 0  CONDITION DOES NOT APPLY","ALWAYS WITH RIGHT HAND","ALWAYS WITH RIGHT HAND","ALWAYS WITH RIGHT HAND","ALWAYS WITH RIGHT HAND","ALWAYS WITH LEFT HAND","0: 0  CONDITION DOES NOT APPLY","1: 1  CONDITION APPLIES","NO","MALE","FEMALE"
1981,45000,4,1,3,33790,5,182,1,1,3,4,4,4,2,2,1,2,1,4,2,7,1,1,32,21,"Female","Non-Black / Non-Hispanic","Northeast (CT, ME, MA, NH, NJ, NY, PA, RI, VT)","High school diploma (Regular 12 year program)","In CBSA, not in central city","NO","3: Mother","YES","NO","NO","NO","YES","0: 0  CONDITION DOES NOT APPLY","ALWAYS WITH RIGHT HAND","ALWAYS WITH RIGHT HAND","ALWAYS WITH RIGHT HAND","ALWAYS WITH RIGHT HAND","ALWAYS WITH LEFT HAND","0: 0  CONDITION DOES NOT APPLY","1: 1  CONDITION APPLIES","NO","MALE","MALE"
1981,64735,4,0,3,33790,5,183,1,1,2,3,2,5,1,2,2,1,1,1,6,7,1,1,30,21,"Male","Hispanic","South (AL, AR, DE, DC, FL, GA, KY, LA, MD, MS, NC, OK, SC, TN , TX, VA, WV)","High school diploma (Regular 12 year program)","In CBSA, not in central city","NO","3: Mother","YES","NO","NO","NO","YES","0: 0  CONDITION DOES NOT APPLY","ALWAYS WITH RIGHT HAND","ALWAYS WITH RIGHT HAND","ALWAYS WITH RIGHT HAND","ALWAYS WITH RIGHT HAND","ALWAYS WITH LEFT HAND","1: 1  CONDITION APPLIES","1: 1  CONDITION APPLIES","YES","FEMALE","MALE"
1985,64735,4,1,3,33790,5,183,1,2,3,3,3,2,1,2,1,2,1,3,2,8,1,1,32,19,"Female","Hispanic","West (AK, AZ, CA, CO, HI, ID, MT, NV, NM, OR, UT, WA, WY)","High school diploma (Regular 12 year program)","In CBSA, in central city","NO","3: Mother","NO","NO","NO","NO","YES","0: 0  CONDITION DOES NOT APPLY","ALWAYS WITH LEFT HAND","ALWAYS WITH LEFT HAND","ALWAYS WITH RIGHT HAND","ALWAYS WITH RIGHT HAND","ALWAYS WITH LEFT HAND","1: 1  CONDITION APPLIES","1: 1  CONDITION APPLIES","YES","FEMALE","FEMALE"
1981,64735,4,2,2,33790,5,140,1,1,2,2,4,5,1,2,1,2,1,6,1,7,1,1,31,21,"Male","Black","West (AK, AZ, CA, CO, HI, ID, MT, NV, NM, OR, UT, WA, WY)","Bachelor's degree (BA, BS)","In CBSA, in central city","NO","3: Mother","NO","YES","NO","NO","YES","0: 0  CONDITION DOES NOT APPLY","ALWAYS WITH RIGHT HAND","ALWAYS WITH RIGHT HAND","ALWAYS WITH RIGHT HAND","ALWAYS WITH RIGHT HAND","ALWAYS WITH LEFT HAND","1: 1  CONDITION APPLIES","1: 1  CONDITION APPLIES","NO","FEMALE","FEMALE"
1980,64735,4,1,2,33790,5,182,2,1,4,5,5,4,2,2,1,2,2,6,1,6,1,1,29,19,"Female","Non-Black / Non-Hispanic","West (AK, AZ, CA, CO, HI, ID, MT, NV, NM, OR, UT, WA, WY)","GED","In CBSA, not in central city","NO","3: Mother","YES","NO","NO","NO","YES","0: 0  CONDITION DOES NOT APPLY","ALWAYS WITH RIGHT HAND","ALWAYS WITH LEFT HAND","ALWAYS WITH LEFT HAND","ALWAYS WITH RIGHT HAND","ALWAYS WITH LEFT HAND","1: 1  CONDITION APPLIES","1: 1  CONDITION APPLIES","NO","MALE","FEMALE"
1981,64735,4,2,2,1600,5,215,1,1,6,4,2,2,2,2,1,2,1,6,2,7,1,1,24,18,"Female","Mixed Race (Non-Hispanic)","West (AK, AZ, CA, CO, HI, ID, MT, NV, NM, OR, UT, WA, WY)","High school diploma (Regular 12 year program)","In CBSA, in central city","NO","3: Mother","YES","NO","YES","NO","YES","0: 0  CONDITION DOES NOT APPLY","ALWAYS WITH RIGHT HAND","ALWAYS WITH RIGHT HAND","ALWAYS WITH RIGHT HAND","ALWAYS WITH LEFT HAND","ALWAYS WITH LEFT HAND","1: 1  CONDITION APPLIES","1: 1  CONDITION APPLIES","NO","FEMALE","MALE"
1984,64735,3,0,2,33790,6,183,1,1,3,3,4,5,2,3,1,2,1,6,1,8,1,1,39,59,"Female","Hispanic","South (AL, AR, DE, DC, FL, GA, KY, LA, MD, MS, NC, OK, SC, TN , TX, VA, WV)","Associate/Junior college (AA)","In CBSA, not in central city","NO","3: Mother","YES","YES","YES","NO","NO","1: 1  CONDITION APPLIES","ALWAYS WITH RIGHT HAND","ALWAYS WITH RIGHT HAND","ALWAYS WITH RIGHT HAND","ALWAYS WITH RIGHT HAND","ALWAYS WITH LEFT HAND","1: 1  CONDITION APPLIES","1: 1  CONDITION APPLIES","NO","FEMALE","MALE"
1984,64735,3,1,6,55000,5,183,1,1,1,4,4,4,2,2,1,2,1,3,2,8,1,1,27,1,"Female","Hispanic","West (AK, AZ, CA, CO, HI, ID, MT, NV, NM, OR, UT, WA, WY)","High school diploma (Regular 12 year program)","In CBSA, not in central city","NO","3: Mother","NO","NO","YES","NO","NO","0: 0  CONDITION DOES NOT APPLY","ALWAYS WITH RIGHT HAND","ALWAYS WITH RIGHT HAND","ALWAYS WITH RIGHT HAND","ALWAYS WITH RIGHT HAND","ALWAYS WITH LEFT HAND","1: 1  CONDITION APPLIES","1: 1  CONDITION APPLIES","YES","MALE","MALE"
1983,64735,3,1,3,33790,5,130,3,2,1,4,3,2,2,2,1,2,1,2,6,7,1,1,29,17,"Female","Black","West (AK, AZ, CA, CO, HI, ID, MT, NV, NM, OR, UT, WA, WY)","None","In CBSA, not in central city","YES","3: Mother","NO","YES","NO","YES","NO","0: 0  CONDITION DOES NOT APPLY","ALWAYS WITH RIGHT HAND","ALWAYS WITH RIGHT HAND","ALWAYS WITH RIGHT HAND","ALWAYS WITH RIGHT HAND","ALWAYS WITH LEFT HAND","1: 1  CONDITION APPLIES","1: 1  CONDITION APPLIES","NO","FEMALE","FEMALE"
1982,64735,4,1,3,33790,5,183,1,1,1,5,5,2,2,2,1,1,1,3,1,7,1,2,32,17,"Female","Non-Black / Non-Hispanic","South (AL, AR, DE, DC, FL, GA, KY, LA, MD, MS, NC, OK, SC, TN , TX, VA, WV)","Bachelor's degree (BA, BS)","In CBSA, not in central city","NO","3: Mother","NO","NO","NO","NO","YES","0: 0  CONDITION DOES NOT APPLY","ALWAYS WITH RIGHT HAND","ALWAYS WITH RIGHT HAND","ALWAYS WITH RIGHT HAND","ALWAYS WITH RIGHT HAND","ALWAYS WITH LEFT HAND","1: 1  CONDITION APPLIES","1: 1  CONDITION APPLIES","NO","MALE","FEMALE"
1982,64735,4,0,5,33790,5,183,1,1,2,4,3,4,2,2,1,2,1,5,3,5,1,1,29,19,"Male","Hispanic","West (AK, AZ, CA, CO, HI, ID, MT, NV, NM, OR, UT, WA, WY)","High school diploma (Regular 12 year program)","In CBSA, in central city","NO","3: Mother","YES","NO","NO","NO","YES","0: 0  CONDITION DOES NOT APPLY","ALWAYS WITH RIGHT HAND","ALWAYS WITH RIGHT HAND","ALWAYS WITH RIGHT HAND","ALWAYS WITH RIGHT HAND","ALWAYS WITH LEFT HAND","1: 1  CONDITION APPLIES","1: 1  CONDITION APPLIES","YES","FEMALE","FEMALE"
1984,64735,2,1,1,33790,5,182,1,2,2,5,2,1,2,2,2,2,1,4,2,9,2,1,32,18,"Female","Hispanic","West (AK, AZ, CA, CO, HI, ID, MT, NV, NM, OR, UT, WA, WY)","High school diploma (Regular 12 year program)","In CBSA, in central city","NO","3: Mother","NO","NO","NO","NO","YES","0: 0  CONDITION DOES NOT APPLY","ALWAYS WITH RIGHT HAND","ALWAYS WITH RIGHT HAND","ALWAYS WITH RIGHT HAND","ALWAYS WITH LEFT HAND","USUALLY WITH BOTH HANDS EQUALLY","0: 0  CONDITION DOES NOT APPLY","1: 1  CONDITION APPLIES","YES","FEMALE","MALE"
1983,64735,2,0,1,33790,5,183,1,1,4,4,5,6,2,1,1,2,2,6,1,7,1,1,30,25,"Male","Hispanic","Northeast (CT, ME, MA, NH, NJ, NY, PA, RI, VT)","Associate/Junior college (AA)","In CBSA, not in central city","NO","3: Mother","NO","YES","NO","NO","YES","0: 0  CONDITION DOES NOT APPLY","ALWAYS WITH RIGHT HAND","ALWAYS WITH RIGHT HAND","ALWAYS WITH RIGHT HAND","ALWAYS WITH RIGHT HAND","ALWAYS WITH LEFT HAND","1: 1  CONDITION APPLIES","1: 1  CONDITION APPLIES","YES","FEMALE","MALE"
1984,64735,4,0,3,33790,6,186,1,1,2,5,2,3,2,1,2,1,1,6,6,4,1,1,32,18,"Male","Hispanic","West (AK, AZ, CA, CO, HI, ID, MT, NV, NM, OR, UT, WA, WY)","High school diploma (Regular 12 year program)","In CBSA, not in central city","NO","3: Mother","NO","NO","NO","NO","NO","0: 0  CONDITION DOES NOT APPLY","ALWAYS WITH RIGHT HAND","ALWAYS WITH RIGHT HAND","ALWAYS WITH RIGHT HAND","ALWAYS WITH LEFT HAND","ALWAYS WITH LEFT HAND","1: 1  CONDITION APPLIES","1: 1  CONDITION APPLIES","NO","FEMALE","MALE"
1981,64735,4,0,1,33790,5,162,1,1,2,2,2,2,2,2,1,1,1,1,2,7,1,1,47,75,"Male","Black","South (AL, AR, DE, DC, FL, GA, KY, LA, MD, MS, NC, OK, SC, TN , TX, VA, WV)","Bachelor's degree (BA, BS)","In CBSA, in central city","YES","3: Mother","NO","YES","YES","NO","YES","0: 0  CONDITION DOES NOT APPLY","USUALLY WITH RIGHT HAND","USUALLY WITH RIGHT HAND","ALWAYS WITH RIGHT HAND","ALWAYS WITH RIGHT HAND","ALWAYS WITH LEFT HAND","1: 1  CONDITION APPLIES","1: 1  CONDITION APPLIES","NO","MALE","MALE"
1981,64735,3,0,2,33790,6,270,1,2,3,5,3,3,1,1,1,2,1,3,2,6,1,1,30,21,"Male","Non-Black / Non-Hispanic","North Central (IL, IN, IA, KS, MI, MN, MO, NE, OH, ND, SD, WI)","High school diploma (Regular 12 year program)","In CBSA, in central city","NO","3: Mother","YES","NO","NO","NO","YES","0: 0  CONDITION DOES NOT APPLY","ALWAYS WITH RIGHT HAND","ALWAYS WITH RIGHT HAND","ALWAYS WITH RIGHT HAND","ALWAYS WITH RIGHT HAND","ALWAYS WITH LEFT HAND","1: 1  CONDITION APPLIES","1: 1  CONDITION APPLIES","NO","MALE","MALE"
1982,64735,2,0,1,33790,5,183,3,1,2,3,2,1,2,2,2,2,1,3,2,6,1,1,36,24,"Female","Non-Black / Non-Hispanic","South (AL, AR, DE, DC, FL, GA, KY, LA, MD, MS, NC, OK, SC, TN , TX, VA, WV)","GED","In CBSA, in central city","NO","3: Mother","NO","YES","NO","NO","YES","0: 0  CONDITION DOES NOT APPLY","DON'T DO THIS ACTIVITY","DON'T DO THIS ACTIVITY","USUALLY WITH RIGHT HAND","ALWAYS WITH RIGHT HAND","ALWAYS WITH LEFT HAND","1: 1  CONDITION APPLIES","1: 1  CONDITION APPLIES","NO","FEMALE","MALE"
1983,64735,4,0,2,33790,5,178,1,2,3,3,6,7,2,2,2,1,1,3,3,7,1,1,33,18,"Female","Hispanic","West (AK, AZ, CA, CO, HI, ID, MT, NV, NM, OR, UT, WA, WY)","GED","In CBSA, not in central city","NO","3: Mother","NO","NO","NO","NO","YES","0: 0  CONDITION DOES NOT APPLY","ALWAYS WITH RIGHT HAND","ALWAYS WITH RIGHT HAND","ALWAYS WITH RIGHT HAND","ALWAYS WITH RIGHT HAND","ALWAYS WITH LEFT HAND","0: 0  CONDITION DOES NOT APPLY","1: 1  CONDITION APPLIES","NO","MALE","MALE"
1981,64735,3,1,3,33790,6,181,1,2,2,4,3,6,2,2,1,1,1,2,1,6,1,1,32,21,"Female","Hispanic","West (AK, AZ, CA, CO, HI, ID, MT, NV, NM, OR, UT, WA, WY)","High school diploma (Regular 12 year program)","In CBSA, not in central city","NO","3: Mother","YES","NO","NO","NO","NO","0: 0  CONDITION DOES NOT APPLY","ALWAYS WITH RIGHT HAND","ALWAYS WITH RIGHT HAND","ALWAYS WITH RIGHT HAND","ALWAYS WITH RIGHT HAND","ALWAYS WITH RIGHT HAND","1: 1  CONDITION APPLIES","1: 1  CONDITION APPLIES","NO","FEMALE","MALE"
1983,64735,7,2,1,33790,5,165,1,2,1,4,4,9,2,2,1,2,1,2,2,6,1,1,26,16,"Male","Non-Black / Non-Hispanic","South (AL, AR, DE, DC, FL, GA, KY, LA, MD, MS, NC, OK, SC, TN , TX, VA, WV)","High school diploma (Regular 12 year program)","In CBSA, not in central city","NO","3: Mother","YES","YES","NO","NO","NO","0: 0  CONDITION DOES NOT APPLY","ALWAYS WITH RIGHT HAND","ALWAYS WITH RIGHT HAND","ALWAYS WITH RIGHT HAND","ALWAYS WITH RIGHT HAND","ALWAYS WITH LEFT HAND","0: 0  CONDITION DOES NOT APPLY","1: 1  CONDITION APPLIES","NO","FEMALE","FEMALE"
1982,64735,3,0,3,33790,5,165,1,2,2,3,2,2,2,2,1,1,1,3,2,7,1,1,29,20,"Female","Hispanic","South (AL, AR, DE, DC, FL, GA, KY, LA, MD, MS, NC, OK, SC, TN , TX, VA, WV)","High school diploma (Regular 12 year program)","In CBSA, in central city","YES","3: Mother","NO","YES","NO","NO","YES","0: 0  CONDITION DOES NOT APPLY","ALWAYS WITH RIGHT HAND","ALWAYS WITH RIGHT HAND","ALWAYS WITH RIGHT HAND","ALWAYS WITH RIGHT HAND","ALWAYS WITH LEFT HAND","1: 1  CONDITION APPLIES","1: 1  CONDITION APPLIES","NO","FEMALE","FEMALE"
1985,91000,4,1,2,33790,5,183,2,2,3,1,4,4,2,2,2,2,2,3,1,7,1,1,31,8,"Female","Non-Black / Non-Hispanic","West (AK, AZ, CA, CO, HI, ID, MT, NV, NM, OR, UT, WA, WY)","High school diploma (Regular 12 year program)","In CBSA, not in central city","YES","3: Mother","YES","YES","NO","NO","NO","0: 0  CONDITION DOES NOT APPLY","ALWAYS WITH RIGHT HAND","ALWAYS WITH RIGHT HAND","ALWAYS WITH RIGHT HAND","ALWAYS WITH RIGHT HAND","ALWAYS WITH LEFT HAND","0: 0  CONDITION DOES NOT APPLY","1: 1  CONDITION APPLIES","NO","MALE","FEMALE"
1981,64735,3,0,1,33790,5,180,2,2,1,3,4,2,2,2,1,2,1,6,3,6,1,1,31,21,"Female","Hispanic","South (AL, AR, DE, DC, FL, GA, KY, LA, MD, MS, NC, OK, SC, TN , TX, VA, WV)","High school diploma (Regular 12 year program)","In CBSA, in central city","NO","3: Mother","YES","NO","NO","NO","YES","0: 0  CONDITION DOES NOT APPLY","ALWAYS WITH RIGHT HAND","ALWAYS WITH RIGHT HAND","ALWAYS WITH RIGHT HAND","ALWAYS WITH RIGHT HAND","USUALLY WITH LEFT HAND","1: 1  CONDITION APPLIES","1: 1  CONDITION APPLIES","YES","MALE","FEMALE"
1984,64735,3,0,2,33790,5,180,1,1,2,3,2,5,2,2,1,2,1,4,4,6,1,3,31,24,"Female","Black","North Central (IL, IN, IA, KS, MI, MN, MO, NE, OH, ND, SD, WI)","High school diploma (Regular 12 year program)","In CBSA, not in central city","NO","3: Mother","NO","NO","NO","NO","NO","0: 0  CONDITION DOES NOT APPLY","ALWAYS WITH RIGHT HAND","ALWAYS WITH RIGHT HAND","ALWAYS WITH RIGHT HAND","ALWAYS WITH RIGHT HAND","ALWAYS WITH LEFT HAND","1: 1  CONDITION APPLIES","0: 0  CONDITION DOES NOT APPLY","NO","FEMALE","MALE"
1981,64735,5,0,3,68000,6,182,1,1,3,2,3,2,1,2,2,1,1,6,4,7,1,1,33,23,"Male","Non-Black / Non-Hispanic","South (AL, AR, DE, DC, FL, GA, KY, LA, MD, MS, NC, OK, SC, TN , TX, VA, WV)","High school diploma (Regular 12 year program)","In CBSA, not in central city","NO","3: Mother","NO","NO","NO","NO","YES","0: 0  CONDITION DOES NOT APPLY","ALWAYS WITH RIGHT HAND","ALWAYS WITH RIGHT HAND","ALWAYS WITH RIGHT HAND","ALWAYS WITH RIGHT HAND","ALWAYS WITH RIGHT HAND","1: 1  CONDITION APPLIES","1: 1  CONDITION APPLIES","NO","MALE","FEMALE"
1982,34557,5,0,2,33790,5,181,1,2,1,3,7,2,2,2,1,2,1,3,3,8,1,1,22,18,"Male","Hispanic","West (AK, AZ, CA, CO, HI, ID, MT, NV, NM, OR, UT, WA, WY)","None","In CBSA, not in central city","NO","3: Mother","NO","YES","NO","NO","YES","0: 0  CONDITION DOES NOT APPLY","ALWAYS WITH RIGHT HAND","ALWAYS WITH RIGHT HAND","USUALLY WITH RIGHT HAND","USUALLY WITH RIGHT HAND","USUALLY WITH LEFT HAND","1: 1  CONDITION APPLIES","1: 1  CONDITION APPLIES","YES","FEMALE","MALE"
1981,64735,4,2,5,33790,5,185,2,2,3,5,2,5,2,2,1,2,1,3,5,7,1,1,28,8,"Female","Non-Black / Non-Hispanic","West (AK, AZ, CA, CO, HI, ID, MT, NV, NM, OR, UT, WA, WY)","High school diploma (Regular 12 year program)","In CBSA, in central city","NO","3: Mother","YES","NO","NO","NO","YES","0: 0  CONDITION DOES NOT APPLY","ALWAYS WITH RIGHT HAND","ALWAYS WITH RIGHT HAND","ALWAYS WITH RIGHT HAND","ALWAYS WITH RIGHT HAND","ALWAYS WITH LEFT HAND","0: 0  CONDITION DOES NOT APPLY","1: 1  CONDITION APPLIES","YES","FEMALE","FEMALE"
1982,64734,3,1,3,33790,5,181,1,2,3,3,2,5,2,2,2,2,2,2,2,7,1,1,25,4,"Male","Non-Black / Non-Hispanic","North Central (IL, IN, IA, KS, MI, MN, MO, NE, OH, ND, SD, WI)","High school diploma (Regular 12 year program)","In CBSA, in central city","NO","3: Mother","YES","YES","NO","NO","NO","0: 0  CONDITION DOES NOT APPLY","ALWAYS WITH RIGHT HAND","ALWAYS WITH RIGHT HAND","ALWAYS WITH RIGHT HAND","ALWAYS WITH RIGHT HAND","ALWAYS WITH LEFT HAND","1: 1  CONDITION APPLIES","1: 1  CONDITION APPLIES","NO","FEMALE","MALE"
1982,64735,3,1,1,33790,5,182,2,2,3,3,5,3,2,2,2,2,1,6,2,6,1,1,32,22,"Female","Hispanic","West (AK, AZ, CA, CO, HI, ID, MT, NV, NM, OR, UT, WA, WY)","Bachelor's degree (BA, BS)","In CBSA, not in central city","NO","3: Mother","NO","NO","NO","NO","YES","0: 0  CONDITION DOES NOT APPLY","ALWAYS WITH RIGHT HAND","ALWAYS WITH RIGHT HAND","ALWAYS WITH RIGHT HAND","ALWAYS WITH RIGHT HAND","ALWAYS WITH LEFT HAND","1: 1  CONDITION APPLIES","1: 1  CONDITION APPLIES","YES","FEMALE","FEMALE"
1984,64735,1,1,1,10000,5,182,1,1,2,2,2,2,1,2,2,2,1,7,3,7,1,1,29,21,"Female","Hispanic","South (AL, AR, DE, DC, FL, GA, KY, LA, MD, MS, NC, OK, SC, TN , TX, VA, WV)","Associate/Junior college (AA)","In CBSA, in central city","NO","3: Mother","YES","NO","NO","NO","NO","0: 0  CONDITION DOES NOT APPLY","ALWAYS WITH RIGHT HAND","ALWAYS WITH RIGHT HAND","ALWAYS WITH RIGHT HAND","ALWAYS WITH RIGHT HAND","ALWAYS WITH RIGHT HAND","1: 1  CONDITION APPLIES","1: 1  CONDITION APPLIES","NO","FEMALE","MALE"
1985,64735,4,1,1,33790,5,174,2,1,1,2,2,2,2,2,2,2,1,3,3,8,1,1,29,22,"Female","Non-Black / Non-Hispanic","South (AL, AR, DE, DC, FL, GA, KY, LA, MD, MS, NC, OK, SC, TN , TX, VA, WV)","High school diploma (Regular 12 year program)","In CBSA, not in central city","NO","3: Mother","NO","YES","NO","NO","YES","0: 0  CONDITION DOES NOT APPLY","ALWAYS WITH RIGHT HAND","ALWAYS WITH RIGHT HAND","ALWAYS WITH RIGHT HAND","ALWAYS WITH RIGHT HAND","ALWAYS WITH RIGHT HAND","1: 1  CONDITION APPLIES","1: 1  CONDITION APPLIES","NO","FEMALE","MALE"
1985,64735,4,2,2,33790,5,180,1,1,4,1,6,3,2,2,2,1,1,5,1,8,1,1,32,21,"Male","Hispanic","West (AK, AZ, CA, CO, HI, ID, MT, NV, NM, OR, UT, WA, WY)","High school diploma (Regular 12 year program)","In CBSA, not in central city","NO","3: Mother","YES","NO","YES","NO","NO","0: 0  CONDITION DOES NOT APPLY","ALWAYS WITH RIGHT HAND","ALWAYS WITH LEFT HAND","ALWAYS WITH RIGHT HAND","USUALLY WITH RIGHT HAND","ALWAYS WITH LEFT HAND","1: 1  CONDITION APPLIES","1: 1  CONDITION APPLIES","YES","FEMALE","MALE"
1985,64735,3,0,2,33790,5,183,1,1,3,3,4,4,2,1,2,1,2,1,2,7,1,1,32,21,"Female","Hispanic","West (AK, AZ, CA, CO, HI, ID, MT, NV, NM, OR, UT, WA, WY)","Associate/Junior college (AA)","In CBSA, not in central city","NO","3: Mother","NO","NO","NO","NO","NO","0: 0  CONDITION DOES NOT APPLY","ALWAYS WITH RIGHT HAND","ALWAYS WITH RIGHT HAND","ALWAYS WITH RIGHT HAND","ALWAYS WITH RIGHT HAND","ALWAYS WITH LEFT HAND","1: 1  CONDITION APPLIES","1: 1  CONDITION APPLIES","NO","MALE","MALE"
1980,64735,3,0,1,33790,5,183,3,1,4,4,6,4,2,2,2,2,1,6,2,7,1,1,32,21,"Male","Hispanic","West (AK, AZ, CA, CO, HI, ID, MT, NV, NM, OR, UT, WA, WY)","High school diploma (Regular 12 year program)","In CBSA, not in central city","NO","3: Mother","YES","NO","NO","NO","YES","0: 0  CONDITION DOES NOT APPLY","ALWAYS WITH RIGHT HAND","ALWAYS WITH RIGHT HAND","ALWAYS WITH RIGHT HAND","ALWAYS WITH RIGHT HAND","ALWAYS WITH LEFT HAND","0: 0  CONDITION DOES NOT APPLY","1: 1  CONDITION APPLIES","NO","FEMALE","FEMALE"
1982,64735,3,0,2,33790,6,184,1,1,1,1,2,4,2,2,1,1,1,4,4,5,1,3,31,19,"Male","Non-Black / Non-Hispanic","South (AL, AR, DE, DC, FL, GA, KY, LA, MD, MS, NC, OK, SC, TN , TX, VA, WV)","High school diploma (Regular 12 year program)","In CBSA, not in central city","NO","3: Mother","NO","NO","NO","NO","YES","0: 0  CONDITION DOES NOT APPLY","ALWAYS WITH LEFT HAND","ALWAYS WITH LEFT HAND","ALWAYS WITH LEFT HAND","ALWAYS WITH LEFT HAND","ALWAYS WITH RIGHT HAND","1: 1  CONDITION APPLIES","1: 1  CONDITION APPLIES","NO","MALE","FEMALE"
1982,64735,3,0,2,80000,6,181,1,1,2,4,1,4,1,2,1,2,2,4,2,7,1,1,33,20,"Male","Non-Black / Non-Hispanic","South (AL, AR, DE, DC, FL, GA, KY, LA, MD, MS, NC, OK, SC, TN , TX, VA, WV)","GED","In CBSA, in central city","NO","3: Mother","NO","YES","YES","NO","YES","0: 0  CONDITION DOES NOT APPLY","ALWAYS WITH RIGHT HAND","ALWAYS WITH RIGHT HAND","USUALLY WITH RIGHT HAND","ALWAYS WITH RIGHT HAND","ALWAYS WITH LEFT HAND","1: 1  CONDITION APPLIES","1: 1  CONDITION APPLIES","NO","FEMALE","MALE"
1981,205000,5,0,2,33790,5,181,2,1,1,2,1,2,1,1,1,1,1,3,3,6,1,1,37,20,"Male","Hispanic","West (AK, AZ, CA, CO, HI, ID, MT, NV, NM, OR, UT, WA, WY)","None","In CBSA, not in central city","YES","3: Mother","NO","NO","YES","NO","NO","0: 0  CONDITION DOES NOT APPLY","ALWAYS WITH RIGHT HAND","ALWAYS WITH RIGHT HAND","ALWAYS WITH RIGHT HAND","ALWAYS WITH RIGHT HAND","ALWAYS WITH RIGHT HAND","1: 1  CONDITION APPLIES","1: 1  CONDITION APPLIES","YES","MALE","FEMALE"
1985,64735,4,1,4,33790,5,181,1,1,4,4,5,3,1,2,2,2,2,1,1,8,1,1,35,21,"Male","Hispanic","West (AK, AZ, CA, CO, HI, ID, MT, NV, NM, OR, UT, WA, WY)","High school diploma (Regular 12 year program)","In CBSA, in central city","NO","3: Mother","YES","NO","NO","NO","YES","0: 0  CONDITION DOES NOT APPLY","ALWAYS WITH RIGHT HAND","ALWAYS WITH RIGHT HAND","ALWAYS WITH RIGHT HAND","ALWAYS WITH RIGHT HAND","ALWAYS WITH RIGHT HAND","0: 0  CONDITION DOES NOT APPLY","1: 1  CONDITION APPLIES","YES","FEMALE","FEMALE"
1981,64734,3,0,2,30000,5,184,3,1,4,5,2,3,2,1,2,1,2,3,1,8,1,1,17,20,"Female","Black","South (AL, AR, DE, DC, FL, GA, KY, LA, MD, MS, NC, OK, SC, TN , TX, VA, WV)","None","In CBSA, in central city","NO","3: Mother","YES","NO","YES","NO","YES","0: 0  CONDITION DOES NOT APPLY","ALWAYS WITH LEFT HAND","ALWAYS WITH RIGHT HAND","ALWAYS WITH RIGHT HAND","ALWAYS WITH RIGHT HAND","ALWAYS WITH LEFT HAND","1: 1  CONDITION APPLIES","1: 1  CONDITION APPLIES","NO","FEMALE","FEMALE"
1982,64735,6,3,1,3000,5,179,1,2,5,2,3,2,2,2,2,1,1,4,3,7,1,1,23,10,"Female","Black","North Central (IL, IN, IA, KS, MI, MN, MO, NE, OH, ND, SD, WI)","None","In CBSA, not in central city","NO","3: Mother","NO","NO","NO","NO","YES","0: 0  CONDITION DOES NOT APPLY","ALWAYS WITH RIGHT HAND","ALWAYS WITH RIGHT HAND","ALWAYS WITH RIGHT HAND","ALWAYS WITH RIGHT HAND","ALWAYS WITH LEFT HAND","1: 1  CONDITION APPLIES","1: 1  CONDITION APPLIES","YES","FEMALE","FEMALE"
1985,64735,7,2,3,33790,5,183,1,2,3,4,1,4,2,2,1,2,2,3,1,6,1,1,29,19,"Male","Non-Black / Non-Hispanic","North Central (IL, IN, IA, KS, MI, MN, MO, NE, OH, ND, SD, WI)","GED","In CBSA, not in central city","YES","3: Mother","YES","NO","NO","NO","NO","0: 0  CONDITION DOES NOT APPLY","ALWAYS WITH RIGHT HAND","ALWAYS WITH RIGHT HAND","ALWAYS WITH RIGHT HAND","ALWAYS WITH RIGHT HAND","ALWAYS WITH LEFT HAND","1: 1  CONDITION APPLIES","1: 1  CONDITION APPLIES","YES","FEMALE","FEMALE"
1981,64735,4,1,2,13000,5,184,1,2,3,3,1,2,2,1,2,2,2,5,2,7,1,1,30,21,"Female","Non-Black / Non-Hispanic","South (AL, AR, DE, DC, FL, GA, KY, LA, MD, MS, NC, OK, SC, TN , TX, VA, WV)","None","In CBSA, not in central city","YES","3: Mother","NO","YES","NO","NO","YES","0: 0  CONDITION DOES NOT APPLY","ALWAYS WITH RIGHT HAND","ALWAYS WITH RIGHT HAND","ALWAYS WITH RIGHT HAND","ALWAYS WITH RIGHT HAND","USUALLY WITH LEFT HAND","1: 1  CONDITION APPLIES","1: 1  CONDITION APPLIES","NO","FEMALE","MALE"
1982,64735,4,0,5,33790,5,182,2,1,3,4,3,5,2,2,1,1,1,6,2,6,1,1,30,19,"Female","Non-Black / Non-Hispanic","West (AK, AZ, CA, CO, HI, ID, MT, NV, NM, OR, UT, WA, WY)","High school diploma (Regular 12 year program)","In CBSA, not in central city","YES","3: Mother","NO","NO","NO","NO","NO","0: 0  CONDITION DOES NOT APPLY","ALWAYS WITH RIGHT HAND","ALWAYS WITH RIGHT HAND","ALWAYS WITH RIGHT HAND","ALWAYS WITH RIGHT HAND","ALWAYS WITH LEFT HAND","0: 0  CONDITION DOES NOT APPLY","1: 1  CONDITION APPLIES","NO","FEMALE","MALE"
1984,62650,3,1,1,33790,5,182,1,1,1,4,1,1,2,2,2,2,1,4,1,8,1,1,31,20,"Female","Hispanic","North Central (IL, IN, IA, KS, MI, MN, MO, NE, OH, ND, SD, WI)","High school diploma (Regular 12 year program)","In CBSA, not in central city","YES","3: Mother","NO","YES","NO","NO","NO","0: 0  CONDITION DOES NOT APPLY","ALWAYS WITH RIGHT HAND","ALWAYS WITH RIGHT HAND","ALWAYS WITH RIGHT HAND","ALWAYS WITH RIGHT HAND","ALWAYS WITH LEFT HAND","1: 1  CONDITION APPLIES","0: 0  CONDITION DOES NOT APPLY","NO","MALE","MALE"
1983,64735,4,1,1,33790,6,180,1,2,3,4,6,3,2,2,2,1,1,6,2,8,1,1,29,18,"Male","Hispanic","West (AK, AZ, CA, CO, HI, ID, MT, NV, NM, OR, UT, WA, WY)","High school diploma (Regular 12 year program)","In CBSA, not in central city","NO","3: Mother","NO","NO","NO","NO","YES","0: 0  CONDITION DOES NOT APPLY","ALWAYS WITH RIGHT HAND","ALWAYS WITH RIGHT HAND","ALWAYS WITH RIGHT HAND","ALWAYS WITH RIGHT HAND","ALWAYS WITH LEFT HAND","0: 0  CONDITION DOES NOT APPLY","1: 1  CONDITION APPLIES","NO","MALE","MALE"
1980,64735,5,1,3,33790,5,182,1,2,1,4,4,4,1,2,2,2,1,4,5,7,1,1,32,17,"Female","Hispanic","West (AK, AZ, CA, CO, HI, ID, MT, NV, NM, OR, UT, WA, WY)","None","In CBSA, in central city","NO","3: Mother","YES","NO","NO","NO","YES","0: 0  CONDITION DOES NOT APPLY","ALWAYS WITH RIGHT HAND","ALWAYS WITH RIGHT HAND","ALWAYS WITH RIGHT HAND","ALWAYS WITH RIGHT HAND","ALWAYS WITH LEFT HAND","0: 0  CONDITION DOES NOT APPLY","1: 1  CONDITION APPLIES","YES","FEMALE","MALE"
1982,64735,3,0,3,33790,6,185,1,1,5,4,2,2,2,2,1,2,1,4,4,7,5,1,33,17,"Male","Non-Black / Non-Hispanic","West (AK, AZ, CA, CO, HI, ID, MT, NV, NM, OR, UT, WA, WY)","None","In CBSA, not in central city","NO","3: Mother","YES","NO","NO","NO","YES","0: 0  CONDITION DOES NOT APPLY","ALWAYS WITH RIGHT HAND","ALWAYS WITH RIGHT HAND","ALWAYS WITH RIGHT HAND","ALWAYS WITH RIGHT HAND","ALWAYS WITH LEFT HAND","0: 0  CONDITION DOES NOT APPLY","1: 1  CONDITION APPLIES","NO","FEMALE","FEMALE"
1983,64735,3,1,3,75000,5,182,1,1,4,3,3,3,1,2,1,1,2,8,2,7,3,1,29,3,"Male","Non-Black / Non-Hispanic","Northeast (CT, ME, MA, NH, NJ, NY, PA, RI, VT)","None","In CBSA, in central city","NO","3: Mother","NO","NO","NO","NO","YES","0: 0  CONDITION DOES NOT APPLY","ALWAYS WITH RIGHT HAND","ALWAYS WITH RIGHT HAND","ALWAYS WITH RIGHT HAND","ALWAYS WITH RIGHT HAND","ALWAYS WITH LEFT HAND","1: 1  CONDITION APPLIES","1: 1  CONDITION APPLIES","NO","MALE","MALE"
1982,316618,3,1,1,33790,5,186,3,2,4,3,2,2,2,2,2,2,1,1,3,6,1,1,29,22,"Female","Non-Black / Non-Hispanic","West (AK, AZ, CA, CO, HI, ID, MT, NV, NM, OR, UT, WA, WY)","Bachelor's degree (BA, BS)","Not in CBSA","YES","3: Mother","NO","NO","NO","NO","YES","0: 0  CONDITION DOES NOT APPLY","ALWAYS WITH RIGHT HAND","ALWAYS WITH RIGHT HAND","ALWAYS WITH RIGHT HAND","ALWAYS WITH RIGHT HAND","ALWAYS WITH LEFT HAND","1: 1  CONDITION APPLIES","1: 1  CONDITION APPLIES","NO","FEMALE","FEMALE"
1982,64735,3,0,2,33790,5,184,1,2,3,4,1,2,2,2,1,2,1,4,4,8,1,1,29,22,"Female","Hispanic","West (AK, AZ, CA, CO, HI, ID, MT, NV, NM, OR, UT, WA, WY)","High school diploma (Regular 12 year program)","In CBSA, in central city","NO","3: Mother","NO","NO","NO","NO","YES","0: 0  CONDITION DOES NOT APPLY","ALWAYS WITH RIGHT HAND","ALWAYS WITH RIGHT HAND","ALWAYS WITH RIGHT HAND","ALWAYS WITH RIGHT HAND","ALWAYS WITH LEFT HAND","1: 1  CONDITION APPLIES","1: 1  CONDITION APPLIES","NO","FEMALE","MALE"
1982,64735,3,1,5,33790,5,165,1,2,4,6,2,5,2,2,1,1,1,2,3,6,1,1,26,18,"Male","Hispanic","Northeast (CT, ME, MA, NH, NJ, NY, PA, RI, VT)","Associate/Junior college (AA)","In CBSA, not in central city","NO","3: Mother","NO","NO","NO","NO","NO","0: 0  CONDITION DOES NOT APPLY","ALWAYS WITH RIGHT HAND","ALWAYS WITH RIGHT HAND","ALWAYS WITH RIGHT HAND","ALWAYS WITH RIGHT HAND","ALWAYS WITH LEFT HAND","1: 1  CONDITION APPLIES","1: 1  CONDITION APPLIES","NO","FEMALE","MALE"
1984,64735,2,0,3,33790,5,182,1,1,3,3,4,3,1,1,1,2,1,3,1,7,2,1,36,24,"Female","Hispanic","West (AK, AZ, CA, CO, HI, ID, MT, NV, NM, OR, UT, WA, WY)","High school diploma (Regular 12 year program)","In CBSA, not in central city","NO","3: Mother","NO","YES","NO","NO","YES","0: 0  CONDITION DOES NOT APPLY","ALWAYS WITH RIGHT HAND","ALWAYS WITH RIGHT HAND","ALWAYS WITH RIGHT HAND","ALWAYS WITH RIGHT HAND","ALWAYS WITH LEFT HAND","0: 0  CONDITION DOES NOT APPLY","1: 1  CONDITION APPLIES","NO","FEMALE","MALE"
1984,64735,3,0,2,33790,5,182,1,1,3,4,1,4,2,1,1,1,2,6,1,7,2,1,29,20,"Female","Black","North Central (IL, IN, IA, KS, MI, MN, MO, NE, OH, ND, SD, WI)","High school diploma (Regular 12 year program)","In CBSA, not in central city","NO","3: Mother","YES","NO","NO","NO","YES","0: 0  CONDITION DOES NOT APPLY","ALWAYS WITH RIGHT HAND","ALWAYS WITH RIGHT HAND","ALWAYS WITH RIGHT HAND","ALWAYS WITH RIGHT HAND","USUALLY WITH RIGHT HAND","1: 1  CONDITION APPLIES","1: 1  CONDITION APPLIES","NO","FEMALE","MALE"
1983,64735,7,2,1,33790,5,181,1,1,2,4,3,4,1,2,1,2,1,1,5,7,1,1,28,19,"Female","Non-Black / Non-Hispanic","South (AL, AR, DE, DC, FL, GA, KY, LA, MD, MS, NC, OK, SC, TN , TX, VA, WV)","High school diploma (Regular 12 year program)","In CBSA, not in central city","NO","3: Mother","NO","YES","NO","NO","YES","0: 0  CONDITION DOES NOT APPLY","ALWAYS WITH RIGHT HAND","ALWAYS WITH RIGHT HAND","ALWAYS WITH RIGHT HAND","ALWAYS WITH RIGHT HAND","ALWAYS WITH LEFT HAND","1: 1  CONDITION APPLIES","0: 0  CONDITION DOES NOT APPLY","YES","FEMALE","FEMALE"
1983,64735,5,1,3,33790,5,184,1,1,4,3,6,3,2,2,1,2,1,6,2,7,1,1,3,15,"Female","Black","North Central (IL, IN, IA, KS, MI, MN, MO, NE, OH, ND, SD, WI)","Associate/Junior college (AA)","In CBSA, not in central city","NO","3: Mother","YES","YES","NO","NO","YES","0: 0  CONDITION DOES NOT APPLY","ALWAYS WITH RIGHT HAND","ALWAYS WITH RIGHT HAND","ALWAYS WITH RIGHT HAND","ALWAYS WITH RIGHT HAND","ALWAYS WITH LEFT HAND","1: 1  CONDITION APPLIES","1: 1  CONDITION APPLIES","NO","MALE","MALE"
1984,64735,3,1,3,45000,5,181,1,1,3,4,3,3,2,2,1,2,1,6,2,6,1,1,31,22,"Male","Non-Black / Non-Hispanic","West (AK, AZ, CA, CO, HI, ID, MT, NV, NM, OR, UT, WA, WY)","Bachelor's degree (BA, BS)","In CBSA, not in central city","NO","3: Mother","NO","NO","NO","NO","YES","0: 0  CONDITION DOES NOT APPLY","ALWAYS WITH RIGHT HAND","ALWAYS WITH RIGHT HAND","ALWAYS WITH RIGHT HAND","ALWAYS WITH RIGHT HAND","ALWAYS WITH RIGHT HAND","0: 0  CONDITION DOES NOT APPLY","1: 1  CONDITION APPLIES","NO","FEMALE","MALE"
1981,64735,6,1,4,33790,5,280,2,2,4,4,3,3,2,2,2,2,2,1,4,8,1,1,49,27,"Male","Hispanic","West (AK, AZ, CA, CO, HI, ID, MT, NV, NM, OR, UT, WA, WY)","None","In CBSA, not in central city","YES","3: Mother","YES","YES","YES","NO","YES","0: 0  CONDITION DOES NOT APPLY","ALWAYS WITH RIGHT HAND","ALWAYS WITH RIGHT HAND","ALWAYS WITH RIGHT HAND","ALWAYS WITH RIGHT HAND","ALWAYS WITH LEFT HAND","1: 1  CONDITION APPLIES","1: 1  CONDITION APPLIES","YES","FEMALE","FEMALE"
1981,64735,5,0,2,33790,5,183,1,2,1,2,2,7,2,1,2,1,1,4,2,8,1,1,35,24,"Male","Hispanic","North Central (IL, IN, IA, KS, MI, MN, MO, NE, OH, ND, SD, WI)","High school diploma (Regular 12 year program)","In CBSA, in central city","NO","3: Mother","NO","YES","NO","NO","YES","0: 0  CONDITION DOES NOT APPLY","ALWAYS WITH RIGHT HAND","ALWAYS WITH RIGHT HAND","ALWAYS WITH RIGHT HAND","ALWAYS WITH RIGHT HAND","ALWAYS WITH LEFT HAND","1: 1  CONDITION APPLIES","1: 1  CONDITION APPLIES","NO","FEMALE","FEMALE"
1984,64735,3,0,1,33790,5,190,1,1,1,4,4,4,2,1,1,2,1,4,1,8,1,1,30,21,"Female","Hispanic","South (AL, AR, DE, DC, FL, GA, KY, LA, MD, MS, NC, OK, SC, TN , TX, VA, WV)","High school diploma (Regular 12 year program)","In CBSA, in central city","NO","3: Mother","NO","NO","NO","NO","YES","0: 0  CONDITION DOES NOT APPLY","ALWAYS WITH RIGHT HAND","ALWAYS WITH RIGHT HAND","ALWAYS WITH RIGHT HAND","ALWAYS WITH RIGHT HAND","ALWAYS WITH LEFT HAND","1: 1  CONDITION APPLIES","1: 1  CONDITION APPLIES","NO","MALE","MALE"
1982,64735,3,1,1,41820,5,160,1,1,3,4,4,3,1,2,1,2,2,5,4,6,2,1,33,16,"Female","Hispanic","West (AK, AZ, CA, CO, HI, ID, MT, NV, NM, OR, UT, WA, WY)","Associate/Junior college (AA)","In CBSA, in central city","NO","3: Mother","YES","NO","YES","NO","YES","0: 0  CONDITION DOES NOT APPLY","ALWAYS WITH RIGHT HAND","ALWAYS WITH RIGHT HAND","USUALLY WITH RIGHT HAND","ALWAYS WITH RIGHT HAND","ALWAYS WITH LEFT HAND","1: 1  CONDITION APPLIES","1: 1  CONDITION APPLIES","NO","FEMALE","MALE"
1984,64735,4,1,5,33790,6,183,2,2,4,6,3,3,2,2,1,2,1,8,5,7,1,1,26,9,"Female","Black","West (AK, AZ, CA, CO, HI, ID, MT, NV, NM, OR, UT, WA, WY)","Associate/Junior college (AA)","In CBSA, in central city","NO","3: Mother","YES","NO","YES","NO","YES","0: 0  CONDITION DOES NOT APPLY","ALWAYS WITH RIGHT HAND","ALWAYS WITH RIGHT HAND","ALWAYS WITH RIGHT HAND","ALWAYS WITH RIGHT HAND","ALWAYS WITH LEFT HAND","1: 1  CONDITION APPLIES","1: 1  CONDITION APPLIES","NO","MALE","MALE"
1983,64735,5,0,3,33790,5,182,1,2,2,7,1,2,2,2,1,1,1,1,3,8,1,1,32,24,"Female","Hispanic","West (AK, AZ, CA, CO, HI, ID, MT, NV, NM, OR, UT, WA, WY)","None","In CBSA, in central city","NO","3: Mother","NO","YES","NO","NO","NO","0: 0  CONDITION DOES NOT APPLY","ALWAYS WITH RIGHT HAND","ALWAYS WITH RIGHT HAND","ALWAYS WITH RIGHT HAND","ALWAYS WITH RIGHT HAND","ALWAYS WITH LEFT HAND","0: 0  CONDITION DOES NOT APPLY","1: 1  CONDITION APPLIES","YES","FEMALE","FEMALE"
1982,64735,3,0,1,33790,5,184,2,2,1,4,2,2,2,1,1,1,2,3,3,5,1,1,64,30,"Female","Non-Black / Non-Hispanic","West (AK, AZ, CA, CO, HI, ID, MT, NV, NM, OR, UT, WA, WY)","None","In CBSA, in central city","YES","3: Mother","NO","YES","NO","NO","YES","0: 0  CONDITION DOES NOT APPLY","ALWAYS WITH RIGHT HAND","USUALLY WITH RIGHT HAND","ALWAYS WITH RIGHT HAND","USUALLY WITH RIGHT HAND","USUALLY WITH RIGHT HAND","0: 0  CONDITION DOES NOT APPLY","1: 1  CONDITION APPLIES","NO","FEMALE","FEMALE"
1983,64735,3,0,3,33790,5,200,2,2,2,4,2,2,2,2,1,2,2,5,3,7,1,1,27,18,"Female","Hispanic","South (AL, AR, DE, DC, FL, GA, KY, LA, MD, MS, NC, OK, SC, TN , TX, VA, WV)","High school diploma (Regular 12 year program)","In CBSA, not in central city","NO","3: Mother","NO","NO","YES","NO","YES","0: 0  CONDITION DOES NOT APPLY","ALWAYS WITH RIGHT HAND","ALWAYS WITH RIGHT HAND","ALWAYS WITH RIGHT HAND","ALWAYS WITH RIGHT HAND","ALWAYS WITH LEFT HAND","1: 1  CONDITION APPLIES","0: 0  CONDITION DOES NOT APPLY","NO","MALE","FEMALE"
1982,64735,3,1,1,33790,6,193,2,2,2,3,5,6,2,2,2,2,2,3,5,7,1,1,23,19,"Male","Hispanic","South (AL, AR, DE, DC, FL, GA, KY, LA, MD, MS, NC, OK, SC, TN , TX, VA, WV)","High school diploma (Regular 12 year program)","In CBSA, in central city","NO","3: Mother","YES","NO","YES","NO","YES","0: 0  CONDITION DOES NOT APPLY","ALWAYS WITH RIGHT HAND","ALWAYS WITH RIGHT HAND","ALWAYS WITH RIGHT HAND","ALWAYS WITH RIGHT HAND","ALWAYS WITH LEFT HAND","1: 1  CONDITION APPLIES","1: 1  CONDITION APPLIES","NO","FEMALE","FEMALE"
1983,64735,4,1,1,33790,5,183,1,2,3,4,4,5,2,2,1,2,1,3,2,7,2,1,30,21,"Male","Hispanic","South (AL, AR, DE, DC, FL, GA, KY, LA, MD, MS, NC, OK, SC, TN , TX, VA, WV)","High school diploma (Regular 12 year program)","In CBSA, not in central city","NO","3: Mother","NO","NO","NO","NO","YES","0: 0  CONDITION DOES NOT APPLY","ALWAYS WITH RIGHT HAND","ALWAYS WITH RIGHT HAND","ALWAYS WITH RIGHT HAND","ALWAYS WITH RIGHT HAND","ALWAYS WITH LEFT HAND","1: 1  CONDITION APPLIES","1: 1  CONDITION APPLIES","NO","FEMALE","MALE"
1981,64735,4,0,1,33790,5,185,1,2,1,4,1,4,2,2,2,2,1,6,4,8,1,1,28,17,"Male","Non-Black / Non-Hispanic","South (AL, AR, DE, DC, FL, GA, KY, LA, MD, MS, NC, OK, SC, TN , TX, VA, WV)","High school diploma (Regular 12 year program)","In CBSA, not in central city","NO","3: Mother","NO","YES","NO","NO","NO","0: 0  CONDITION DOES NOT APPLY","ALWAYS WITH RIGHT HAND","ALWAYS WITH RIGHT HAND","ALWAYS WITH RIGHT HAND","ALWAYS WITH RIGHT HAND","ALWAYS WITH LEFT HAND","1: 1  CONDITION APPLIES","1: 1  CONDITION APPLIES","NO","FEMALE","MALE"
1981,561,2,1,2,33790,4,182,1,1,3,7,3,2,1,1,2,1,1,3,2,8,1,1,31,21,"Male","Hispanic","West (AK, AZ, CA, CO, HI, ID, MT, NV, NM, OR, UT, WA, WY)","Professional degree (DDS, JD, MD)","In CBSA, in central city","YES","3: Mother","YES","NO","NO","NO","NO","0: 0  CONDITION DOES NOT APPLY","ALWAYS WITH RIGHT HAND","ALWAYS WITH RIGHT HAND","ALWAYS WITH RIGHT HAND","ALWAYS WITH RIGHT HAND","ALWAYS WITH LEFT HAND","1: 1  CONDITION APPLIES","1: 1  CONDITION APPLIES","YES","MALE","MALE"
1982,64735,3,1,4,33790,5,183,1,1,4,5,2,1,2,2,1,1,1,3,2,5,1,1,28,18,"Female","Hispanic","West (AK, AZ, CA, CO, HI, ID, MT, NV, NM, OR, UT, WA, WY)","GED","In CBSA, not in central city","NO","3: Mother","YES","NO","NO","NO","YES","0: 0  CONDITION DOES NOT APPLY","ALWAYS WITH RIGHT HAND","ALWAYS WITH RIGHT HAND","ALWAYS WITH RIGHT HAND","ALWAYS WITH RIGHT HAND","ALWAYS WITH LEFT HAND","0: 0  CONDITION DOES NOT APPLY","1: 1  CONDITION APPLIES","NO","MALE","MALE"
1981,64735,3,0,2,33790,5,181,2,1,3,4,6,2,1,1,2,1,1,7,3,7,1,1,33,22,"Female","Non-Black / Non-Hispanic","West (AK, AZ, CA, CO, HI, ID, MT, NV, NM, OR, UT, WA, WY)","Bachelor's degree (BA, BS)","In CBSA, in central city","YES","3: Mother","YES","NO","NO","NO","NO","0: 0  CONDITION DOES NOT APPLY","ALWAYS WITH RIGHT HAND","USUALLY WITH RIGHT HAND","ALWAYS WITH RIGHT HAND","ALWAYS WITH RIGHT HAND","ALWAYS WITH LEFT HAND","1: 1  CONDITION APPLIES","1: 1  CONDITION APPLIES","NO","FEMALE","FEMALE"
1983,64735,3,0,1,33790,5,154,1,1,3,5,5,3,2,2,1,2,1,6,2,6,1,1,30,21,"Male","Hispanic","West (AK, AZ, CA, CO, HI, ID, MT, NV, NM, OR, UT, WA, WY)","Master's degree (MA, MS)","In CBSA, in central city","NO","3: Mother","NO","YES","NO","NO","YES","0: 0  CONDITION DOES NOT APPLY","ALWAYS WITH RIGHT HAND","ALWAYS WITH RIGHT HAND","ALWAYS WITH RIGHT HAND","ALWAYS WITH RIGHT HAND","ALWAYS WITH LEFT HAND","1: 1  CONDITION APPLIES","1: 1  CONDITION APPLIES","YES","MALE","MALE"
1982,64735,4,1,1,33790,5,130,1,2,2,3,1,3,2,2,1,1,1,1,2,7,1,1,30,22,"Female","Non-Black / Non-Hispanic","South (AL, AR, DE, DC, FL, GA, KY, LA, MD, MS, NC, OK, SC, TN , TX, VA, WV)","None","In CBSA, in central city","NO","3: Mother","NO","YES","NO","NO","YES","0: 0  CONDITION DOES NOT APPLY","ALWAYS WITH RIGHT HAND","ALWAYS WITH RIGHT HAND","ALWAYS WITH RIGHT HAND","ALWAYS WITH RIGHT HAND","ALWAYS WITH LEFT HAND","1: 1  CONDITION APPLIES","1: 1  CONDITION APPLIES","NO","FEMALE","MALE"
1982,64735,5,0,3,33790,5,180,1,3,3,3,6,5,1,2,2,1,2,1,1,7,1,1,32,22,"Male","Black","West (AK, AZ, CA, CO, HI, ID, MT, NV, NM, OR, UT, WA, WY)","None","In CBSA, in central city","NO","3: Mother","NO","YES","NO","NO","YES","0: 0  CONDITION DOES NOT APPLY","ALWAYS WITH RIGHT HAND","ALWAYS WITH RIGHT HAND","ALWAYS WITH RIGHT HAND","USUALLY WITH BOTH HANDS EQUALLY","ALWAYS WITH LEFT HAND","1: 1  CONDITION APPLIES","1: 1  CONDITION APPLIES","YES","FEMALE","MALE"
1982,64735,2,1,3,33790,5,184,2,3,4,6,5,5,2,2,1,2,2,3,1,7,1,1,29,19,"Female","Hispanic","West (AK, AZ, CA, CO, HI, ID, MT, NV, NM, OR, UT, WA, WY)","Associate/Junior college (AA)","In CBSA, not in central city","NO","3: Mother","NO","NO","NO","NO","NO","0: 0  CONDITION DOES NOT APPLY","ALWAYS WITH RIGHT HAND","ALWAYS WITH RIGHT HAND","ALWAYS WITH RIGHT HAND","ALWAYS WITH RIGHT HAND","ALWAYS WITH LEFT HAND","0: 0  CONDITION DOES NOT APPLY","0: 0  CONDITION DOES NOT APPLY","NO","FEMALE","MALE"
1981,64735,5,1,4,33790,5,200,2,1,2,4,3,4,2,2,1,1,2,8,1,7,1,1,28,17,"Male","Hispanic","South (AL, AR, DE, DC, FL, GA, KY, LA, MD, MS, NC, OK, SC, TN , TX, VA, WV)","High school diploma (Regular 12 year program)","In CBSA, in central city","NO","3: Mother","NO","YES","NO","NO","YES","0: 0  CONDITION DOES NOT APPLY","ALWAYS WITH RIGHT HAND","ALWAYS WITH RIGHT HAND","ALWAYS WITH RIGHT HAND","ALWAYS WITH RIGHT HAND","ALWAYS WITH LEFT HAND","1: 1  CONDITION APPLIES","1: 1  CONDITION APPLIES","NO","FEMALE","FEMALE"
1981,64735,4,0,2,47000,5,155,1,1,4,3,5,5,1,2,2,1,1,4,4,8,3,1,35,24,"Male","Hispanic","South (AL, AR, DE, DC, FL, GA, KY, LA, MD, MS, NC, OK, SC, TN , TX, VA, WV)","Bachelor's degree (BA, BS)","In CBSA, in central city","NO","3: Mother","NO","NO","NO","NO","NO","1: 1  CONDITION APPLIES","ALWAYS WITH RIGHT HAND","ALWAYS WITH RIGHT HAND","ALWAYS WITH RIGHT HAND","ALWAYS WITH RIGHT HAND","ALWAYS WITH LEFT HAND","1: 1  CONDITION APPLIES","1: 1  CONDITION APPLIES","NO","FEMALE","MALE"
1983,64735,3,0,2,33790,5,182,1,1,2,4,2,3,2,2,1,2,2,6,3,8,1,1,25,19,"Female","Non-Black / Non-Hispanic","North Central (IL, IN, IA, KS, MI, MN, MO, NE, OH, ND, SD, WI)","GED","In CBSA, not in central city","NO","3: Mother","NO","NO","NO","NO","YES","0: 0  CONDITION DOES NOT APPLY","ALWAYS WITH RIGHT HAND","USUALLY WITH RIGHT HAND","ALWAYS WITH RIGHT HAND","DON'T DO THIS ACTIVITY","ALWAYS WITH LEFT HAND","1: 1  CONDITION APPLIES","1: 1  CONDITION APPLIES","NO","FEMALE","MALE"
1981,64735,4,1,2,33790,5,118,2,2,2,4,5,4,1,2,2,2,2,6,4,8,1,1,28,19,"Female","Hispanic","West (AK, AZ, CA, CO, HI, ID, MT, NV, NM, OR, UT, WA, WY)","High school diploma (Regular 12 year program)","In CBSA, in central city","NO","3: Mother","YES","NO","YES","NO","YES","0: 0  CONDITION DOES NOT APPLY","ALWAYS WITH RIGHT HAND","ALWAYS WITH RIGHT HAND","ALWAYS WITH RIGHT HAND","ALWAYS WITH RIGHT HAND","ALWAYS WITH LEFT HAND","1: 1  CONDITION APPLIES","1: 1  CONDITION APPLIES","NO","FEMALE","MALE"
1983,64735,5,1,1,33790,5,178,1,1,3,3,1,3,1,1,1,1,1,2,5,8,1,1,30,20,"Male","Hispanic","North Central (IL, IN, IA, KS, MI, MN, MO, NE, OH, ND, SD, WI)","Master's degree (MA, MS)","In CBSA, not in central city","NO","3: Mother","NO","NO","NO","NO","YES","0: 0  CONDITION DOES NOT APPLY","ALWAYS WITH RIGHT HAND","ALWAYS WITH RIGHT HAND","ALWAYS WITH RIGHT HAND","ALWAYS WITH RIGHT HAND","ALWAYS WITH LEFT HAND","1: 1  CONDITION APPLIES","1: 1  CONDITION APPLIES","NO","MALE","FEMALE"
1980,64735,3,0,2,33790,5,180,1,2,2,3,6,4,2,2,1,1,2,9,3,7,1,2,32,22,"Female","Hispanic","West (AK, AZ, CA, CO, HI, ID, MT, NV, NM, OR, UT, WA, WY)","High school diploma (Regular 12 year program)","In CBSA, in central city","NO","3: Mother","YES","YES","NO","NO","YES","0: 0  CONDITION DOES NOT APPLY","ALWAYS WITH RIGHT HAND","ALWAYS WITH RIGHT HAND","ALWAYS WITH RIGHT HAND","ALWAYS WITH RIGHT HAND","ALWAYS WITH LEFT HAND","1: 1  CONDITION APPLIES","1: 1  CONDITION APPLIES","YES","FEMALE","MALE"
1981,85000,3,0,3,33790,5,181,1,1,2,3,5,2,1,2,1,2,1,4,1,7,1,1,31,21,"Female","Non-Black / Non-Hispanic","North Central (IL, IN, IA, KS, MI, MN, MO, NE, OH, ND, SD, WI)","Bachelor's degree (BA, BS)","In CBSA, in central city","NO","3: Mother","NO","NO","NO","NO","YES","0: 0  CONDITION DOES NOT APPLY","ALWAYS WITH RIGHT HAND","ALWAYS WITH RIGHT HAND","ALWAYS WITH RIGHT HAND","ALWAYS WITH RIGHT HAND","ALWAYS WITH RIGHT HAND","1: 1  CONDITION APPLIES","1: 1  CONDITION APPLIES","NO","MALE","MALE"
1980,64735,3,1,2,33790,5,182,1,1,1,3,4,3,2,2,2,2,1,2,2,7,1,1,30,23,"Male","Hispanic","West (AK, AZ, CA, CO, HI, ID, MT, NV, NM, OR, UT, WA, WY)","GED","In CBSA, not in central city","NO","3: Mother","NO","YES","YES","NO","YES","0: 0  CONDITION DOES NOT APPLY","ALWAYS WITH RIGHT HAND","ALWAYS WITH RIGHT HAND","ALWAYS WITH RIGHT HAND","ALWAYS WITH RIGHT HAND","ALWAYS WITH LEFT HAND","1: 1  CONDITION APPLIES","1: 1  CONDITION APPLIES","NO","FEMALE","MALE"
1981,64735,4,1,3,33790,5,182,3,2,5,2,2,4,1,2,1,2,1,6,1,8,1,2,28,23,"Female","Non-Black / Non-Hispanic","South (AL, AR, DE, DC, FL, GA, KY, LA, MD, MS, NC, OK, SC, TN , TX, VA, WV)","GED","In CBSA, not in central city","NO","3: Mother","NO","NO","YES","NO","YES","0: 0  CONDITION DOES NOT APPLY","ALWAYS WITH RIGHT HAND","ALWAYS WITH RIGHT HAND","ALWAYS WITH LEFT HAND","ALWAYS WITH RIGHT HAND","ALWAYS WITH LEFT HAND","1: 1  CONDITION APPLIES","1: 1  CONDITION APPLIES","YES","FEMALE","MALE"
1980,64735,2,1,1,33790,5,182,1,1,1,4,3,3,2,2,1,2,1,6,2,7,1,1,35,22,"Male","Non-Black / Non-Hispanic","Northeast (CT, ME, MA, NH, NJ, NY, PA, RI, VT)","Bachelor's degree (BA, BS)","In CBSA, not in central city","NO","3: Mother","NO","NO","NO","NO","YES","0: 0  CONDITION DOES NOT APPLY","ALWAYS WITH RIGHT HAND","ALWAYS WITH RIGHT HAND","ALWAYS WITH RIGHT HAND","ALWAYS WITH RIGHT HAND","ALWAYS WITH LEFT HAND","0: 0  CONDITION DOES NOT APPLY","1: 1  CONDITION APPLIES","NO","FEMALE","FEMALE"
1982,64735,4,0,4,15840,5,178,1,2,2,4,4,4,2,2,1,2,1,3,1,5,1,1,31,31,"Female","Hispanic","West (AK, AZ, CA, CO, HI, ID, MT, NV, NM, OR, UT, WA, WY)","None","In CBSA, not in central city","YES","3: Mother","NO","NO","NO","NO","YES","0: 0  CONDITION DOES NOT APPLY","ALWAYS WITH RIGHT HAND","ALWAYS WITH RIGHT HAND","USUALLY WITH BOTH HANDS EQUALLY","ALWAYS WITH RIGHT HAND","ALWAYS WITH LEFT HAND","0: 0  CONDITION DOES NOT APPLY","1: 1  CONDITION APPLIES","YES","FEMALE","MALE"
1983,64735,2,1,1,33790,5,179,2,1,3,2,2,5,2,1,1,2,1,2,3,8,1,1,30,20,"Male","Hispanic","West (AK, AZ, CA, CO, HI, ID, MT, NV, NM, OR, UT, WA, WY)","GED","In CBSA, not in central city","NO","3: Mother","NO","YES","NO","NO","NO","0: 0  CONDITION DOES NOT APPLY","ALWAYS WITH RIGHT HAND","ALWAYS WITH RIGHT HAND","USUALLY WITH BOTH HANDS EQUALLY","ALWAYS WITH RIGHT HAND","ALWAYS WITH LEFT HAND","0: 0  CONDITION DOES NOT APPLY","1: 1  CONDITION APPLIES","NO","FEMALE","FEMALE"
1982,64735,5,1,1,33790,5,183,1,1,3,3,2,2,2,1,1,1,1,7,3,7,1,1,31,23,"Female","Hispanic","West (AK, AZ, CA, CO, HI, ID, MT, NV, NM, OR, UT, WA, WY)","High school diploma (Regular 12 year program)","In CBSA, in central city","NO","3: Mother","YES","YES","NO","NO","YES","0: 0  CONDITION DOES NOT APPLY","ALWAYS WITH RIGHT HAND","ALWAYS WITH RIGHT HAND","ALWAYS WITH RIGHT HAND","ALWAYS WITH RIGHT HAND","ALWAYS WITH LEFT HAND","1: 1  CONDITION APPLIES","1: 1  CONDITION APPLIES","YES","FEMALE","MALE"
1983,64735,4,0,2,33790,5,146,1,1,3,3,2,3,2,2,2,1,2,4,4,7,1,1,64,28,"Male","Non-Black / Non-Hispanic","North Central (IL, IN, IA, KS, MI, MN, MO, NE, OH, ND, SD, WI)","GED","In CBSA, in central city","NO","3: Mother","NO","NO","NO","NO","YES","0: 0  CONDITION DOES NOT APPLY","ALWAYS WITH LEFT HAND","ALWAYS WITH RIGHT HAND","ALWAYS WITH LEFT HAND","ALWAYS WITH LEFT HAND","ALWAYS WITH LEFT HAND","1: 1  CONDITION APPLIES","1: 1  CONDITION APPLIES","NO","FEMALE","MALE"
1984,64735,6,1,4,33790,5,182,1,2,2,3,1,2,2,2,1,2,1,2,2,7,1,1,34,21,"Female","Hispanic","West (AK, AZ, CA, CO, HI, ID, MT, NV, NM, OR, UT, WA, WY)","None","In CBSA, in central city","NO","3: Mother","NO","NO","NO","NO","NO","0: 0  CONDITION DOES NOT APPLY","ALWAYS WITH RIGHT HAND","ALWAYS WITH RIGHT HAND","ALWAYS WITH RIGHT HAND","ALWAYS WITH LEFT HAND","ALWAYS WITH LEFT HAND","1: 1  CONDITION APPLIES","1: 1  CONDITION APPLIES","YES","FEMALE","MALE"
1982,132650,4,0,2,33790,5,168,1,1,3,2,3,3,2,1,1,2,1,6,2,8,2,1,33,20,"Male","Non-Black / Non-Hispanic","West (AK, AZ, CA, CO, HI, ID, MT, NV, NM, OR, UT, WA, WY)","High school diploma (Regular 12 year program)","In CBSA, in central city","NO","3: Mother","NO","NO","NO","NO","YES","0: 0  CONDITION DOES NOT APPLY","ALWAYS WITH RIGHT HAND","ALWAYS WITH RIGHT HAND","ALWAYS WITH RIGHT HAND","ALWAYS WITH RIGHT HAND","ALWAYS WITH LEFT HAND","0: 0  CONDITION DOES NOT APPLY","1: 1  CONDITION APPLIES","NO","FEMALE","FEMALE"
1982,64735,3,0,2,33790,5,183,1,1,2,2,5,2,2,2,1,2,1,6,3,7,1,2,7,17,"Female","Hispanic","Northeast (CT, ME, MA, NH, NJ, NY, PA, RI, VT)","GED","In CBSA, in central city","NO","3: Mother","YES","NO","NO","NO","YES","0: 0  CONDITION DOES NOT APPLY","ALWAYS WITH RIGHT HAND","ALWAYS WITH LEFT HAND","ALWAYS WITH RIGHT HAND","ALWAYS WITH RIGHT HAND","ALWAYS WITH LEFT HAND","1: 1  CONDITION APPLIES","1: 1  CONDITION APPLIES","YES","FEMALE","MALE"
1983,64735,3,1,3,33790,5,181,1,1,5,3,4,5,1,1,2,1,2,1,3,8,1,1,27,19,"Female","Hispanic","West (AK, AZ, CA, CO, HI, ID, MT, NV, NM, OR, UT, WA, WY)","High school diploma (Regular 12 year program)","In CBSA, not in central city","NO","3: Mother","YES","NO","YES","NO","NO","0: 0  CONDITION DOES NOT APPLY","ALWAYS WITH RIGHT HAND","ALWAYS WITH LEFT HAND","USUALLY WITH BOTH HANDS EQUALLY","ALWAYS WITH LEFT HAND","USUALLY WITH BOTH HANDS EQUALLY","0: 0  CONDITION DOES NOT APPLY","1: 1  CONDITION APPLIES","YES","FEMALE","FEMALE"
1981,37500,7,2,1,33790,5,182,2,2,1,4,7,5,2,2,2,2,2,5,4,6,1,1,24,12,"Female","Non-Black / Non-Hispanic","West (AK, AZ, CA, CO, HI, ID, MT, NV, NM, OR, UT, WA, WY)","Bachelor's degree (BA, BS)","In CBSA, not in central city","NO","3: Mother","NO","NO","NO","NO","YES","0: 0  CONDITION DOES NOT APPLY","ALWAYS WITH RIGHT HAND","ALWAYS WITH RIGHT HAND","ALWAYS WITH RIGHT HAND","ALWAYS WITH RIGHT HAND","ALWAYS WITH LEFT HAND","1: 1  CONDITION APPLIES","1: 1  CONDITION APPLIES","NO","MALE","FEMALE"
1981,64735,4,1,1,47000,5,184,2,2,2,2,6,4,2,2,1,1,1,4,4,6,1,1,28,7,"Female","Non-Black / Non-Hispanic","South (AL, AR, DE, DC, FL, GA, KY, LA, MD, MS, NC, OK, SC, TN , TX, VA, WV)","High school diploma (Regular 12 year program)","In CBSA, not in central city","NO","3: Mother","NO","YES","NO","NO","YES","0: 0  CONDITION DOES NOT APPLY","ALWAYS WITH RIGHT HAND","ALWAYS WITH RIGHT HAND","ALWAYS WITH RIGHT HAND","ALWAYS WITH RIGHT HAND","ALWAYS WITH LEFT HAND","1: 1  CONDITION APPLIES","1: 1  CONDITION APPLIES","NO","MALE","MALE"
1982,64735,4,0,2,33790,5,180,1,1,2,4,3,2,2,2,2,2,2,7,1,9,1,1,35,31,"Female","Black","North Central (IL, IN, IA, KS, MI, MN, MO, NE, OH, ND, SD, WI)","GED","In CBSA, in central city","NO","3: Mother","YES","NO","NO","NO","YES","0: 0  CONDITION DOES NOT APPLY","ALWAYS WITH RIGHT HAND","ALWAYS WITH LEFT HAND","ALWAYS WITH RIGHT HAND","ALWAYS WITH LEFT HAND","ALWAYS WITH RIGHT HAND","1: 1  CONDITION APPLIES","1: 1  CONDITION APPLIES","NO","FEMALE","MALE"
1981,64735,7,2,3,33790,5,181,1,1,1,3,5,4,2,2,2,2,1,6,2,6,1,1,28,13,"Male","Hispanic","South (AL, AR, DE, DC, FL, GA, KY, LA, MD, MS, NC, OK, SC, TN , TX, VA, WV)","High school diploma (Regular 12 year program)","In CBSA, not in central city","YES","3: Mother","YES","NO","NO","NO","YES","0: 0  CONDITION DOES NOT APPLY","ALWAYS WITH RIGHT HAND","ALWAYS WITH RIGHT HAND","ALWAYS WITH RIGHT HAND","ALWAYS WITH RIGHT HAND","ALWAYS WITH LEFT HAND","1: 1  CONDITION APPLIES","1: 1  CONDITION APPLIES","NO","FEMALE","MALE"
1982,42500,4,0,2,33790,5,183,1,2,2,6,1,5,1,1,2,2,2,4,1,6,1,1,35,24,"Female","Mixed Race (Non-Hispanic)","North Central (IL, IN, IA, KS, MI, MN, MO, NE, OH, ND, SD, WI)","Associate/Junior college (AA)","In CBSA, in central city","YES","3: Mother","NO","NO","NO","NO","YES","0: 0  CONDITION DOES NOT APPLY","ALWAYS WITH RIGHT HAND","ALWAYS WITH RIGHT HAND","ALWAYS WITH RIGHT HAND","ALWAYS WITH RIGHT HAND","ALWAYS WITH LEFT HAND","1: 1  CONDITION APPLIES","0: 0  CONDITION DOES NOT APPLY","NO","FEMALE","FEMALE"
1983,64735,4,1,1,33790,5,182,1,1,2,3,4,4,2,1,1,2,1,6,7,7,1,1,28,19,"Female","Non-Black / Non-Hispanic","West (AK, AZ, CA, CO, HI, ID, MT, NV, NM, OR, UT, WA, WY)","High school diploma (Regular 12 year program)","In CBSA, not in central city","NO","3: Mother","NO","NO","NO","NO","YES","0: 0  CONDITION DOES NOT APPLY","ALWAYS WITH RIGHT HAND","ALWAYS WITH LEFT HAND","ALWAYS WITH LEFT HAND","ALWAYS WITH LEFT HAND","ALWAYS WITH LEFT HAND","1: 1  CONDITION APPLIES","1: 1  CONDITION APPLIES","YES","FEMALE","FEMALE"
1981,64735,4,0,2,33790,5,183,1,2,7,4,6,2,1,2,2,2,2,6,6,6,6,2,30,25,"Male","Hispanic","West (AK, AZ, CA, CO, HI, ID, MT, NV, NM, OR, UT, WA, WY)","Associate/Junior college (AA)","In CBSA, in central city","YES","3: Mother","NO","YES","NO","NO","NO","0: 0  CONDITION DOES NOT APPLY","ALWAYS WITH RIGHT HAND","ALWAYS WITH RIGHT HAND","ALWAYS WITH RIGHT HAND","ALWAYS WITH RIGHT HAND","ALWAYS WITH LEFT HAND","0: 0  CONDITION DOES NOT APPLY","1: 1  CONDITION APPLIES","YES","FEMALE","MALE"
1980,64735,3,1,1,33790,5,179,1,2,4,5,3,4,2,2,2,2,1,6,2,6,2,1,56,29,"Female","Black","South (AL, AR, DE, DC, FL, GA, KY, LA, MD, MS, NC, OK, SC, TN , TX, VA, WV)","High school diploma (Regular 12 year program)","In CBSA, in central city","NO","3: Mother","YES","NO","NO","NO","YES","0: 0  CONDITION DOES NOT APPLY","ALWAYS WITH RIGHT HAND","ALWAYS WITH RIGHT HAND","ALWAYS WITH RIGHT HAND","ALWAYS WITH RIGHT HAND","ALWAYS WITH LEFT HAND","1: 1  CONDITION APPLIES","1: 1  CONDITION APPLIES","NO","FEMALE","MALE"
1980,64735,3,1,3,33790,5,183,1,1,2,3,3,4,2,2,2,2,1,6,3,6,1,1,33,21,"Male","Non-Black / Non-Hispanic","South (AL, AR, DE, DC, FL, GA, KY, LA, MD, MS, NC, OK, SC, TN , TX, VA, WV)","High school diploma (Regular 12 year program)","In CBSA, not in central city","NO","3: Mother","NO","NO","NO","NO","YES","0: 0  CONDITION DOES NOT APPLY","ALWAYS WITH RIGHT HAND","ALWAYS WITH RIGHT HAND","ALWAYS WITH RIGHT HAND","ALWAYS WITH RIGHT HAND","ALWAYS WITH LEFT HAND","1: 1  CONDITION APPLIES","1: 1  CONDITION APPLIES","NO","MALE","FEMALE"
1981,64735,2,0,1,33790,5,181,1,2,3,3,2,2,2,1,1,1,1,6,2,7,1,1,31,19,"Male","Non-Black / Non-Hispanic","West (AK, AZ, CA, CO, HI, ID, MT, NV, NM, OR, UT, WA, WY)","None","In CBSA, in central city","NO","3: Mother","NO","NO","NO","NO","YES","0: 0  CONDITION DOES NOT APPLY","ALWAYS WITH RIGHT HAND","USUALLY WITH BOTH HANDS EQUALLY","DON'T DO THIS ACTIVITY","ALWAYS WITH RIGHT HAND","ALWAYS WITH LEFT HAND","1: 1  CONDITION APPLIES","0: 0  CONDITION DOES NOT APPLY","NO","FEMALE","MALE"
1983,64735,4,0,3,33790,5,183,1,1,1,3,2,5,2,1,2,2,1,4,1,6,1,1,33,22,"Male","Non-Black / Non-Hispanic","West (AK, AZ, CA, CO, HI, ID, MT, NV, NM, OR, UT, WA, WY)","Bachelor's degree (BA, BS)","In CBSA, in central city","NO","3: Mother","NO","YES","NO","NO","YES","0: 0  CONDITION DOES NOT APPLY","ALWAYS WITH RIGHT HAND","ALWAYS WITH RIGHT HAND","ALWAYS WITH RIGHT HAND","ALWAYS WITH RIGHT HAND","ALWAYS WITH LEFT HAND","1: 1  CONDITION APPLIES","0: 0  CONDITION DOES NOT APPLY","NO","FEMALE","MALE"
1982,64735,4,0,3,33790,5,179,1,1,4,3,5,3,1,2,1,2,1,6,1,7,1,1,28,21,"Female","Hispanic","Northeast (CT, ME, MA, NH, NJ, NY, PA, RI, VT)","GED","In CBSA, in central city","NO","3: Mother","YES","NO","NO","NO","YES","0: 0  CONDITION DOES NOT APPLY","ALWAYS WITH RIGHT HAND","ALWAYS WITH RIGHT HAND","ALWAYS WITH RIGHT HAND","ALWAYS WITH RIGHT HAND","ALWAYS WITH LEFT HAND","1: 1  CONDITION APPLIES","0: 0  CONDITION DOES NOT APPLY","YES","MALE","FEMALE"
1980,64735,2,1,2,33790,5,180,1,1,6,2,5,5,2,2,2,2,1,4,2,6,1,1,36,20,"Male","Hispanic","West (AK, AZ, CA, CO, HI, ID, MT, NV, NM, OR, UT, WA, WY)","Bachelor's degree (BA, BS)","In CBSA, not in central city","NO","3: Mother","YES","NO","NO","NO","YES","0: 0  CONDITION DOES NOT APPLY","ALWAYS WITH RIGHT HAND","ALWAYS WITH RIGHT HAND","USUALLY WITH BOTH HANDS EQUALLY","ALWAYS WITH RIGHT HAND","ALWAYS WITH LEFT HAND","1: 1  CONDITION APPLIES","1: 1  CONDITION APPLIES","YES","MALE","MALE"
1981,34400,3,0,3,33790,6,187,1,1,4,5,2,7,2,1,1,1,1,5,2,4,1,2,62,31,"Male","Non-Black / Non-Hispanic","West (AK, AZ, CA, CO, HI, ID, MT, NV, NM, OR, UT, WA, WY)","High school diploma (Regular 12 year program)","In CBSA, in central city","YES","3: Mother","YES","NO","YES","NO","YES","0: 0  CONDITION DOES NOT APPLY","ALWAYS WITH RIGHT HAND","ALWAYS WITH LEFT HAND","ALWAYS WITH RIGHT HAND","ALWAYS WITH RIGHT HAND","USUALLY WITH BOTH HANDS EQUALLY","1: 1  CONDITION APPLIES","1: 1  CONDITION APPLIES","YES","FEMALE","MALE"
1982,64735,4,0,3,33790,5,183,1,1,3,2,2,1,1,2,2,2,2,6,1,7,1,1,30,25,"Male","Non-Black / Non-Hispanic","South (AL, AR, DE, DC, FL, GA, KY, LA, MD, MS, NC, OK, SC, TN , TX, VA, WV)","High school diploma (Regular 12 year program)","In CBSA, not in central city","NO","3: Mother","NO","NO","NO","NO","YES","0: 0  CONDITION DOES NOT APPLY","ALWAYS WITH RIGHT HAND","ALWAYS WITH RIGHT HAND","ALWAYS WITH RIGHT HAND","ALWAYS WITH RIGHT HAND","ALWAYS WITH LEFT HAND","1: 1  CONDITION APPLIES","1: 1  CONDITION APPLIES","NO","FEMALE","MALE"
1984,64735,1,0,2,33790,5,180,1,2,1,3,2,6,2,2,2,2,2,4,3,9,1,1,31,18,"Male","Non-Black / Non-Hispanic","Northeast (CT, ME, MA, NH, NJ, NY, PA, RI, VT)","High school diploma (Regular 12 year program)","In CBSA, in central city","NO","3: Mother","YES","YES","NO","NO","YES","0: 0  CONDITION DOES NOT APPLY","ALWAYS WITH RIGHT HAND","USUALLY WITH BOTH HANDS EQUALLY","ALWAYS WITH RIGHT HAND","ALWAYS WITH RIGHT HAND","ALWAYS WITH RIGHT HAND","1: 1  CONDITION APPLIES","0: 0  CONDITION DOES NOT APPLY","NO","FEMALE","MALE"
1981,64735,4,0,2,33790,5,182,1,1,3,3,2,3,2,2,1,2,1,7,1,7,1,1,30,23,"Female","Hispanic","West (AK, AZ, CA, CO, HI, ID, MT, NV, NM, OR, UT, WA, WY)","High school diploma (Regular 12 year program)","In CBSA, in central city","NO","3: Mother","YES","NO","NO","NO","YES","0: 0  CONDITION DOES NOT APPLY","ALWAYS WITH RIGHT HAND","ALWAYS WITH RIGHT HAND","ALWAYS WITH RIGHT HAND","ALWAYS WITH RIGHT HAND","ALWAYS WITH LEFT HAND","0: 0  CONDITION DOES NOT APPLY","1: 1  CONDITION APPLIES","NO","FEMALE","FEMALE"
1984,64735,2,0,1,33790,5,250,1,2,2,5,2,2,2,1,1,2,1,3,2,7,1,1,44,60,"Male","Hispanic","West (AK, AZ, CA, CO, HI, ID, MT, NV, NM, OR, UT, WA, WY)","High school diploma (Regular 12 year program)","In CBSA, in central city","YES","3: Mother","NO","NO","NO","NO","YES","0: 0  CONDITION DOES NOT APPLY","ALWAYS WITH RIGHT HAND","ALWAYS WITH RIGHT HAND","ALWAYS WITH RIGHT HAND","ALWAYS WITH RIGHT HAND","ALWAYS WITH LEFT HAND","1: 1  CONDITION APPLIES","1: 1  CONDITION APPLIES","YES","FEMALE","MALE"
1986,64735,4,1,1,33790,5,183,1,1,3,6,2,5,1,2,1,1,1,4,2,7,1,1,35,22,"Female","Hispanic","West (AK, AZ, CA, CO, HI, ID, MT, NV, NM, OR, UT, WA, WY)","GED","In CBSA, in central city","YES","3: Mother","NO","NO","NO","NO","YES","0: 0  CONDITION DOES NOT APPLY","ALWAYS WITH RIGHT HAND","ALWAYS WITH RIGHT HAND","ALWAYS WITH RIGHT HAND","ALWAYS WITH RIGHT HAND","ALWAYS WITH LEFT HAND","1: 1  CONDITION APPLIES","1: 1  CONDITION APPLIES","NO","MALE","MALE"
1982,38500,3,1,2,4500,5,181,1,1,2,4,5,3,2,2,1,2,1,4,3,7,1,1,28,18,"Female","Non-Black / Non-Hispanic","South (AL, AR, DE, DC, FL, GA, KY, LA, MD, MS, NC, OK, SC, TN , TX, VA, WV)","High school diploma (Regular 12 year program)","In CBSA, not in central city","YES","3: Mother","YES","NO","NO","NO","YES","0: 0  CONDITION DOES NOT APPLY","ALWAYS WITH RIGHT HAND","ALWAYS WITH RIGHT HAND","ALWAYS WITH RIGHT HAND","ALWAYS WITH RIGHT HAND","ALWAYS WITH LEFT HAND","0: 0  CONDITION DOES NOT APPLY","1: 1  CONDITION APPLIES","NO","MALE","MALE"
1981,65000,3,0,1,33790,5,140,1,1,1,3,4,1,2,2,2,2,1,3,2,7,1,1,33,21,"Male","Hispanic","West (AK, AZ, CA, CO, HI, ID, MT, NV, NM, OR, UT, WA, WY)","High school diploma (Regular 12 year program)","In CBSA, in central city","NO","3: Mother","YES","NO","NO","NO","NO","0: 0  CONDITION DOES NOT APPLY","ALWAYS WITH RIGHT HAND","ALWAYS WITH RIGHT HAND","ALWAYS WITH RIGHT HAND","ALWAYS WITH RIGHT HAND","USUALLY WITH BOTH HANDS EQUALLY","1: 1  CONDITION APPLIES","1: 1  CONDITION APPLIES","NO","FEMALE","MALE"
1983,180000,2,1,2,33790,5,181,1,1,2,5,5,4,2,2,1,2,1,6,3,9,1,1,24,18,"Female","Non-Black / Non-Hispanic","West (AK, AZ, CA, CO, HI, ID, MT, NV, NM, OR, UT, WA, WY)","Bachelor's degree (BA, BS)","In CBSA, not in central city","NO","3: Mother","YES","NO","NO","NO","YES","0: 0  CONDITION DOES NOT APPLY","ALWAYS WITH RIGHT HAND","ALWAYS WITH RIGHT HAND","ALWAYS WITH LEFT HAND","ALWAYS WITH RIGHT HAND","ALWAYS WITH LEFT HAND","1: 1  CONDITION APPLIES","1: 1  CONDITION APPLIES","NO","MALE","FEMALE"
1980,64735,4,1,2,33790,5,186,1,2,3,4,2,3,2,2,1,2,1,8,5,5,1,1,25,2,"Male","Hispanic","West (AK, AZ, CA, CO, HI, ID, MT, NV, NM, OR, UT, WA, WY)","High school diploma (Regular 12 year program)","In CBSA, not in central city","NO","3: Mother","NO","NO","YES","NO","YES","0: 0  CONDITION DOES NOT APPLY","ALWAYS WITH RIGHT HAND","ALWAYS WITH RIGHT HAND","USUALLY WITH RIGHT HAND","ALWAYS WITH RIGHT HAND","ALWAYS WITH LEFT HAND","1: 1  CONDITION APPLIES","1: 1  CONDITION APPLIES","NO","FEMALE","FEMALE"
1980,64735,4,1,2,20000,5,181,1,2,3,3,4,4,2,1,2,1,1,4,2,8,1,1,34,22,"Female","Non-Black / Non-Hispanic","South (AL, AR, DE, DC, FL, GA, KY, LA, MD, MS, NC, OK, SC, TN , TX, VA, WV)","High school diploma (Regular 12 year program)","In CBSA, in central city","NO","3: Mother","YES","YES","NO","NO","YES","0: 0  CONDITION DOES NOT APPLY","ALWAYS WITH LEFT HAND","ALWAYS WITH LEFT HAND","ALWAYS WITH LEFT HAND","ALWAYS WITH LEFT HAND","ALWAYS WITH LEFT HAND","1: 1  CONDITION APPLIES","1: 1  CONDITION APPLIES","NO","FEMALE","FEMALE"
1981,31780,4,1,1,20000,5,184,1,1,2,4,3,6,2,2,1,2,1,6,1,6,4,1,30,16,"Male","Black","North Central (IL, IN, IA, KS, MI, MN, MO, NE, OH, ND, SD, WI)","High school diploma (Regular 12 year program)","In CBSA, in central city","NO","3: Mother","YES","NO","NO","NO","YES","0: 0  CONDITION DOES NOT APPLY","ALWAYS WITH RIGHT HAND","ALWAYS WITH RIGHT HAND","ALWAYS WITH RIGHT HAND","ALWAYS WITH RIGHT HAND","ALWAYS WITH LEFT HAND","1: 1  CONDITION APPLIES","1: 1  CONDITION APPLIES","NO","FEMALE","FEMALE"
1988,64735,1,0,2,33790,5,184,1,1,2,5,3,2,2,2,1,2,1,5,2,7,1,1,44,28,"Female","Mixed Race (Non-Hispanic)","South (AL, AR, DE, DC, FL, GA, KY, LA, MD, MS, NC, OK, SC, TN , TX, VA, WV)","Bachelor's degree (BA, BS)","In CBSA, in central city","NO","3: Mother","NO","YES","NO","NO","YES","0: 0  CONDITION DOES NOT APPLY","ALWAYS WITH RIGHT HAND","ALWAYS WITH RIGHT HAND","ALWAYS WITH RIGHT HAND","ALWAYS WITH RIGHT HAND","ALWAYS WITH LEFT HAND","1: 1  CONDITION APPLIES","1: 1  CONDITION APPLIES","NO","FEMALE","MALE"
1981,25000,4,0,1,25000,5,185,2,2,2,4,4,2,2,1,2,2,2,3,3,5,1,1,34,18,"Female","Non-Black / Non-Hispanic","South (AL, AR, DE, DC, FL, GA, KY, LA, MD, MS, NC, OK, SC, TN , TX, VA, WV)","High school diploma (Regular 12 year program)","In CBSA, not in central city","NO","3: Mother","YES","YES","NO","NO","YES","0: 0  CONDITION DOES NOT APPLY","ALWAYS WITH RIGHT HAND","ALWAYS WITH RIGHT HAND","ALWAYS WITH RIGHT HAND","ALWAYS WITH RIGHT HAND","ALWAYS WITH RIGHT HAND","1: 1  CONDITION APPLIES","1: 1  CONDITION APPLIES","NO","FEMALE","FEMALE"
1982,64735,3,0,1,33790,5,182,1,2,4,4,2,3,2,2,1,2,1,6,2,8,1,1,33,28,"Female","Hispanic","West (AK, AZ, CA, CO, HI, ID, MT, NV, NM, OR, UT, WA, WY)","High school diploma (Regular 12 year program)","In CBSA, not in central city","YES","3: Mother","YES","NO","NO","NO","YES","0: 0  CONDITION DOES NOT APPLY","ALWAYS WITH RIGHT HAND","ALWAYS WITH RIGHT HAND","ALWAYS WITH RIGHT HAND","ALWAYS WITH RIGHT HAND","ALWAYS WITH LEFT HAND","1: 1  CONDITION APPLIES","1: 1  CONDITION APPLIES","NO","MALE","MALE"
1980,64735,3,0,1,33790,5,184,1,2,3,4,3,2,2,2,2,2,1,5,3,6,1,1,35,22,"Male","Black","West (AK, AZ, CA, CO, HI, ID, MT, NV, NM, OR, UT, WA, WY)","High school diploma (Regular 12 year program)","In CBSA, in central city","NO","3: Mother","NO","YES","NO","NO","YES","0: 0  CONDITION DOES NOT APPLY","ALWAYS WITH RIGHT HAND","ALWAYS WITH RIGHT HAND","ALWAYS WITH RIGHT HAND","ALWAYS WITH RIGHT HAND","ALWAYS WITH LEFT HAND","1: 1  CONDITION APPLIES","1: 1  CONDITION APPLIES","NO","FEMALE","FEMALE"
1982,64735,4,0,2,33790,5,182,1,2,3,3,1,2,2,2,2,2,1,5,3,10,1,1,31,26,"Female","Hispanic","South (AL, AR, DE, DC, FL, GA, KY, LA, MD, MS, NC, OK, SC, TN , TX, VA, WV)","High school diploma (Regular 12 year program)","In CBSA, not in central city","YES","3: Mother","NO","YES","NO","NO","NO","0: 0  CONDITION DOES NOT APPLY","ALWAYS WITH RIGHT HAND","ALWAYS WITH RIGHT HAND","ALWAYS WITH RIGHT HAND","ALWAYS WITH RIGHT HAND","ALWAYS WITH LEFT HAND","1: 1  CONDITION APPLIES","1: 1  CONDITION APPLIES","NO","FEMALE","MALE"
1985,64735,3,0,2,33790,5,184,1,1,2,5,3,4,2,2,1,2,2,6,1,5,1,3,31,22,"Male","Hispanic","West (AK, AZ, CA, CO, HI, ID, MT, NV, NM, OR, UT, WA, WY)","High school diploma (Regular 12 year program)","In CBSA, not in central city","NO","3: Mother","NO","NO","NO","NO","NO","0: 0  CONDITION DOES NOT APPLY","ALWAYS WITH RIGHT HAND","ALWAYS WITH RIGHT HAND","ALWAYS WITH RIGHT HAND","ALWAYS WITH RIGHT HAND","ALWAYS WITH LEFT HAND","1: 1  CONDITION APPLIES","1: 1  CONDITION APPLIES","YES","FEMALE","FEMALE"
1982,64735,3,1,1,9000,5,186,2,2,5,7,3,5,2,2,1,2,1,2,1,3,1,1,27,18,"Male","Non-Black / Non-Hispanic","North Central (IL, IN, IA, KS, MI, MN, MO, NE, OH, ND, SD, WI)","Associate/Junior college (AA)","Not in CBSA","NO","3: Mother","YES","NO","YES","NO","YES","0: 0  CONDITION DOES NOT APPLY","ALWAYS WITH RIGHT HAND","ALWAYS WITH RIGHT HAND","ALWAYS WITH RIGHT HAND","ALWAYS WITH RIGHT HAND","ALWAYS WITH LEFT HAND","1: 1  CONDITION APPLIES","1: 1  CONDITION APPLIES","NO","FEMALE","MALE"
1980,64735,4,0,7,33790,5,179,1,1,5,3,7,5,1,1,1,2,1,6,1,8,1,1,31,22,"Female","Non-Black / Non-Hispanic","West (AK, AZ, CA, CO, HI, ID, MT, NV, NM, OR, UT, WA, WY)","Bachelor's degree (BA, BS)","In CBSA, in central city","NO","3: Mother","YES","NO","NO","NO","YES","0: 0  CONDITION DOES NOT APPLY","ALWAYS WITH RIGHT HAND","ALWAYS WITH RIGHT HAND","ALWAYS WITH RIGHT HAND","ALWAYS WITH RIGHT HAND","DON'T DO THIS ACTIVITY","1: 1  CONDITION APPLIES","1: 1  CONDITION APPLIES","NO","FEMALE","FEMALE"
1984,64735,4,0,7,33790,5,181,1,2,2,5,3,4,2,2,2,2,1,7,1,7,1,1,29,25,"Female","Non-Black / Non-Hispanic","West (AK, AZ, CA, CO, HI, ID, MT, NV, NM, OR, UT, WA, WY)","High school diploma (Regular 12 year program)","In CBSA, not in central city","NO","3: Mother","YES","NO","YES","NO","YES","0: 0  CONDITION DOES NOT APPLY","ALWAYS WITH RIGHT HAND","ALWAYS WITH RIGHT HAND","ALWAYS WITH RIGHT HAND","ALWAYS WITH RIGHT HAND","ALWAYS WITH LEFT HAND","0: 0  CONDITION DOES NOT APPLY","1: 1  CONDITION APPLIES","NO","MALE","MALE"
1982,64735,3,0,3,46000,5,180,1,1,3,3,5,3,1,2,2,2,1,5,2,7,1,1,30,20,"Female","Non-Black / Non-Hispanic","Northeast (CT, ME, MA, NH, NJ, NY, PA, RI, VT)","High school diploma (Regular 12 year program)","In CBSA, in central city","NO","3: Mother","YES","NO","NO","NO","YES","0: 0  CONDITION DOES NOT APPLY","ALWAYS WITH RIGHT HAND","ALWAYS WITH RIGHT HAND","ALWAYS WITH RIGHT HAND","ALWAYS WITH RIGHT HAND","ALWAYS WITH LEFT HAND","1: 1  CONDITION APPLIES","1: 1  CONDITION APPLIES","NO","FEMALE","FEMALE"
1980,64735,2,1,3,33790,5,185,2,1,3,4,2,3,2,2,1,2,1,6,2,8,1,1,31,25,"Male","Non-Black / Non-Hispanic","West (AK, AZ, CA, CO, HI, ID, MT, NV, NM, OR, UT, WA, WY)","High school diploma (Regular 12 year program)","In CBSA, in central city","YES","3: Mother","NO","NO","NO","NO","NO","0: 0  CONDITION DOES NOT APPLY","ALWAYS WITH RIGHT HAND","ALWAYS WITH RIGHT HAND","USUALLY WITH BOTH HANDS EQUALLY","ALWAYS WITH RIGHT HAND","ALWAYS WITH LEFT HAND","0: 0  CONDITION DOES NOT APPLY","1: 1  CONDITION APPLIES","NO","MALE","MALE"
1982,20963,5,1,3,33790,6,183,1,1,4,6,3,1,1,2,2,1,1,6,2,5,3,1,31,25,"Female","Hispanic","South (AL, AR, DE, DC, FL, GA, KY, LA, MD, MS, NC, OK, SC, TN , TX, VA, WV)","High school diploma (Regular 12 year program)","In CBSA, in central city","YES","3: Mother","YES","NO","NO","NO","YES","0: 0  CONDITION DOES NOT APPLY","ALWAYS WITH RIGHT HAND","ALWAYS WITH RIGHT HAND","ALWAYS WITH RIGHT HAND","ALWAYS WITH RIGHT HAND","ALWAYS WITH LEFT HAND","1: 1  CONDITION APPLIES","1: 1  CONDITION APPLIES","YES","FEMALE","MALE"
1980,64735,3,1,4,33790,5,184,1,2,3,4,5,1,2,2,2,2,2,2,6,7,1,1,8,2,"Male","Hispanic","West (AK, AZ, CA, CO, HI, ID, MT, NV, NM, OR, UT, WA, WY)","High school diploma (Regular 12 year program)","In CBSA, not in central city","NO","3: Mother","NO","NO","NO","NO","NO","0: 0  CONDITION DOES NOT APPLY","ALWAYS WITH RIGHT HAND","ALWAYS WITH RIGHT HAND","ALWAYS WITH RIGHT HAND","ALWAYS WITH RIGHT HAND","ALWAYS WITH LEFT HAND","0: 0  CONDITION DOES NOT APPLY","0: 0  CONDITION DOES NOT APPLY","NO","FEMALE","FEMALE"
1981,64735,3,0,2,33790,5,225,1,1,3,3,1,6,2,2,1,2,1,3,2,8,1,1,31,19,"Male","Hispanic","West (AK, AZ, CA, CO, HI, ID, MT, NV, NM, OR, UT, WA, WY)","High school diploma (Regular 12 year program)","In CBSA, not in central city","NO","3: Mother","NO","NO","NO","NO","YES","0: 0  CONDITION DOES NOT APPLY","ALWAYS WITH RIGHT HAND","ALWAYS WITH RIGHT HAND","ALWAYS WITH RIGHT HAND","ALWAYS WITH RIGHT HAND","ALWAYS WITH LEFT HAND","0: 0  CONDITION DOES NOT APPLY","1: 1  CONDITION APPLIES","NO","FEMALE","FEMALE"
1983,64735,3,1,3,33790,5,180,1,2,3,4,2,4,1,2,1,1,1,6,3,7,1,1,29,20,"Female","Non-Black / Non-Hispanic","West (AK, AZ, CA, CO, HI, ID, MT, NV, NM, OR, UT, WA, WY)","Associate/Junior college (AA)","In CBSA, not in central city","NO","3: Mother","YES","NO","NO","NO","YES","0: 0  CONDITION DOES NOT APPLY","ALWAYS WITH RIGHT HAND","ALWAYS WITH RIGHT HAND","ALWAYS WITH RIGHT HAND","ALWAYS WITH RIGHT HAND","ALWAYS WITH LEFT HAND","0: 0  CONDITION DOES NOT APPLY","1: 1  CONDITION APPLIES","NO","MALE","MALE"
1980,64735,4,0,2,33790,5,185,2,1,2,5,3,2,2,2,1,2,1,5,2,3,1,1,60,15,"Male","Non-Black / Non-Hispanic","South (AL, AR, DE, DC, FL, GA, KY, LA, MD, MS, NC, OK, SC, TN , TX, VA, WV)","High school diploma (Regular 12 year program)","In CBSA, in central city","YES","3: Mother","YES","NO","NO","NO","YES","0: 0  CONDITION DOES NOT APPLY","ALWAYS WITH RIGHT HAND","ALWAYS WITH RIGHT HAND","ALWAYS WITH RIGHT HAND","ALWAYS WITH RIGHT HAND","ALWAYS WITH LEFT HAND","0: 0  CONDITION DOES NOT APPLY","1: 1  CONDITION APPLIES","NO","FEMALE","FEMALE"
1984,64735,3,0,4,33790,5,180,2,2,5,3,3,2,2,2,2,2,1,6,4,6,1,1,30,23,"Female","Non-Black / Non-Hispanic","West (AK, AZ, CA, CO, HI, ID, MT, NV, NM, OR, UT, WA, WY)","GED","In CBSA, in central city","NO","3: Mother","YES","NO","NO","NO","NO","0: 0  CONDITION DOES NOT APPLY","ALWAYS WITH RIGHT HAND","ALWAYS WITH RIGHT HAND","ALWAYS WITH RIGHT HAND","ALWAYS WITH RIGHT HAND","ALWAYS WITH LEFT HAND","1: 1  CONDITION APPLIES","1: 1  CONDITION APPLIES","YES","MALE","FEMALE"
1984,64735,3,1,1,33790,6,185,2,1,5,4,2,3,2,2,1,2,2,6,4,6,1,2,32,23,"Female","Hispanic","West (AK, AZ, CA, CO, HI, ID, MT, NV, NM, OR, UT, WA, WY)","Bachelor's degree (BA, BS)","In CBSA, not in central city","NO","3: Mother","YES","NO","NO","NO","NO","0: 0  CONDITION DOES NOT APPLY","ALWAYS WITH RIGHT HAND","ALWAYS WITH RIGHT HAND","ALWAYS WITH RIGHT HAND","ALWAYS WITH RIGHT HAND","USUALLY WITH LEFT HAND","1: 1  CONDITION APPLIES","1: 1  CONDITION APPLIES","NO","FEMALE","FEMALE"
1980,64735,1,0,1,33790,5,184,1,2,2,4,4,6,2,2,1,2,1,4,2,7,1,1,33,21,"Female","Non-Black / Non-Hispanic","West (AK, AZ, CA, CO, HI, ID, MT, NV, NM, OR, UT, WA, WY)","High school diploma (Regular 12 year program)","In CBSA, not in central city","YES","3: Mother","YES","NO","YES","NO","YES","0: 0  CONDITION DOES NOT APPLY","ALWAYS WITH RIGHT HAND","ALWAYS WITH RIGHT HAND","ALWAYS WITH RIGHT HAND","ALWAYS WITH RIGHT HAND","ALWAYS WITH RIGHT HAND","1: 1  CONDITION APPLIES","1: 1  CONDITION APPLIES","NO","MALE","MALE"
1980,64735,3,0,2,33790,5,184,2,3,5,5,1,2,2,2,1,2,1,6,2,7,2,4,29,24,"Female","Hispanic","West (AK, AZ, CA, CO, HI, ID, MT, NV, NM, OR, UT, WA, WY)","Bachelor's degree (BA, BS)","In CBSA, in central city","NO","3: Mother","YES","NO","NO","NO","YES","0: 0  CONDITION DOES NOT APPLY","ALWAYS WITH RIGHT HAND","ALWAYS WITH RIGHT HAND","ALWAYS WITH RIGHT HAND","ALWAYS WITH RIGHT HAND","ALWAYS WITH LEFT HAND","1: 1  CONDITION APPLIES","1: 1  CONDITION APPLIES","YES","FEMALE","MALE"
1981,64735,3,1,4,33790,5,183,2,2,4,3,4,6,2,2,2,2,1,4,1,7,1,1,24,1,"Female","Hispanic","West (AK, AZ, CA, CO, HI, ID, MT, NV, NM, OR, UT, WA, WY)","None","In CBSA, not in central city","NO","3: Mother","NO","NO","NO","NO","NO","0: 0  CONDITION DOES NOT APPLY","ALWAYS WITH RIGHT HAND","ALWAYS WITH RIGHT HAND","ALWAYS WITH RIGHT HAND","ALWAYS WITH RIGHT HAND","ALWAYS WITH LEFT HAND","1: 1  CONDITION APPLIES","1: 1  CONDITION APPLIES","NO","MALE","MALE"
1982,64735,4,1,4,33790,5,184,2,1,5,5,2,1,2,2,1,2,1,2,1,6,1,1,10,15,"Female","Hispanic","West (AK, AZ, CA, CO, HI, ID, MT, NV, NM, OR, UT, WA, WY)","Bachelor's degree (BA, BS)","Not in CBSA","NO","3: Mother","YES","NO","NO","NO","YES","0: 0  CONDITION DOES NOT APPLY","ALWAYS WITH RIGHT HAND","ALWAYS WITH RIGHT HAND","ALWAYS WITH RIGHT HAND","ALWAYS WITH RIGHT HAND","ALWAYS WITH LEFT HAND","0: 0  CONDITION DOES NOT APPLY","1: 1  CONDITION APPLIES","YES","MALE","MALE"
1985,64735,4,0,2,33790,6,184,1,1,3,4,2,3,2,1,1,2,2,3,2,7,1,1,31,20,"Female","Hispanic","West (AK, AZ, CA, CO, HI, ID, MT, NV, NM, OR, UT, WA, WY)","GED","In CBSA, in central city","YES","3: Mother","YES","NO","NO","NO","YES","0: 0  CONDITION DOES NOT APPLY","ALWAYS WITH RIGHT HAND","ALWAYS WITH RIGHT HAND","ALWAYS WITH RIGHT HAND","ALWAYS WITH RIGHT HAND","ALWAYS WITH LEFT HAND","0: 0  CONDITION DOES NOT APPLY","1: 1  CONDITION APPLIES","YES","MALE","FEMALE"
1983,64735,4,0,1,33790,5,183,1,1,4,4,2,3,2,2,1,1,1,3,3,8,1,1,32,21,"Female","Hispanic","West (AK, AZ, CA, CO, HI, ID, MT, NV, NM, OR, UT, WA, WY)","High school diploma (Regular 12 year program)","In CBSA, not in central city","NO","3: Mother","YES","YES","YES","NO","NO","0: 0  CONDITION DOES NOT APPLY","ALWAYS WITH RIGHT HAND","ALWAYS WITH RIGHT HAND","ALWAYS WITH RIGHT HAND","ALWAYS WITH RIGHT HAND","ALWAYS WITH LEFT HAND","1: 1  CONDITION APPLIES","0: 0  CONDITION DOES NOT APPLY","NO","MALE","FEMALE"
1984,64735,3,1,2,33790,5,177,1,1,1,3,4,5,2,2,2,2,2,6,1,8,1,1,30,20,"Female","Hispanic","South (AL, AR, DE, DC, FL, GA, KY, LA, MD, MS, NC, OK, SC, TN , TX, VA, WV)","High school diploma (Regular 12 year program)","In CBSA, not in central city","NO","3: Mother","NO","YES","NO","NO","NO","0: 0  CONDITION DOES NOT APPLY","ALWAYS WITH LEFT HAND","USUALLY WITH BOTH HANDS EQUALLY","ALWAYS WITH RIGHT HAND","ALWAYS WITH LEFT HAND","ALWAYS WITH LEFT HAND","0: 0  CONDITION DOES NOT APPLY","1: 1  CONDITION APPLIES","YES","FEMALE","MALE"
1983,81120,4,1,1,33790,5,183,1,1,5,3,3,4,2,2,2,2,1,2,2,6,1,1,29,20,"Female","Non-Black / Non-Hispanic","West (AK, AZ, CA, CO, HI, ID, MT, NV, NM, OR, UT, WA, WY)","GED","In CBSA, in central city","NO","3: Mother","NO","NO","YES","NO","YES","0: 0  CONDITION DOES NOT APPLY","ALWAYS WITH RIGHT HAND","ALWAYS WITH RIGHT HAND","ALWAYS WITH RIGHT HAND","ALWAYS WITH RIGHT HAND","ALWAYS WITH LEFT HAND","1: 1  CONDITION APPLIES","1: 1  CONDITION APPLIES","NO","FEMALE","MALE"
1981,64735,4,1,2,33790,5,182,2,2,2,4,2,4,2,1,1,1,1,3,2,7,1,1,12,15,"Female","Hispanic","South (AL, AR, DE, DC, FL, GA, KY, LA, MD, MS, NC, OK, SC, TN , TX, VA, WV)","High school diploma (Regular 12 year program)","In CBSA, in central city","NO","3: Mother","YES","NO","NO","NO","YES","0: 0  CONDITION DOES NOT APPLY","ALWAYS WITH RIGHT HAND","ALWAYS WITH RIGHT HAND","ALWAYS WITH RIGHT HAND","ALWAYS WITH RIGHT HAND","ALWAYS WITH LEFT HAND","1: 1  CONDITION APPLIES","1: 1  CONDITION APPLIES","NO","MALE","MALE"
1981,64735,2,0,1,33790,5,209,1,1,3,4,3,6,1,2,2,2,1,2,2,7,1,1,29,21,"Female","Non-Black / Non-Hispanic","Northeast (CT, ME, MA, NH, NJ, NY, PA, RI, VT)","Associate/Junior college (AA)","In CBSA, not in central city","NO","3: Mother","NO","YES","NO","NO","YES","0: 0  CONDITION DOES NOT APPLY","ALWAYS WITH RIGHT HAND","ALWAYS WITH RIGHT HAND","ALWAYS WITH RIGHT HAND","ALWAYS WITH RIGHT HAND","ALWAYS WITH LEFT HAND","1: 1  CONDITION APPLIES","1: 1  CONDITION APPLIES","NO","FEMALE","MALE"
1981,64735,5,0,2,33790,6,179,1,2,2,3,1,2,2,1,2,1,1,4,2,7,1,1,30,23,"Female","Black","South (AL, AR, DE, DC, FL, GA, KY, LA, MD, MS, NC, OK, SC, TN , TX, VA, WV)","GED","In CBSA, not in central city","NO","3: Mother","YES","YES","YES","NO","NO","0: 0  CONDITION DOES NOT APPLY","ALWAYS WITH RIGHT HAND","ALWAYS WITH LEFT HAND","ALWAYS WITH RIGHT HAND","ALWAYS WITH RIGHT HAND","ALWAYS WITH LEFT HAND","1: 1  CONDITION APPLIES","1: 1  CONDITION APPLIES","NO","FEMALE","MALE"
1984,64735,2,0,3,33790,5,250,2,1,4,3,2,2,2,2,2,2,1,3,4,7,1,1,12,16,"Female","Non-Black / Non-Hispanic","South (AL, AR, DE, DC, FL, GA, KY, LA, MD, MS, NC, OK, SC, TN , TX, VA, WV)","High school diploma (Regular 12 year program)","In CBSA, in central city","NO","3: Mother","NO","NO","NO","NO","YES","0: 0  CONDITION DOES NOT APPLY","ALWAYS WITH RIGHT HAND","ALWAYS WITH RIGHT HAND","ALWAYS WITH RIGHT HAND","ALWAYS WITH RIGHT HAND","ALWAYS WITH LEFT HAND","1: 1  CONDITION APPLIES","0: 0  CONDITION DOES NOT APPLY","NO","FEMALE","MALE"
1982,64735,3,0,1,33790,5,180,1,1,3,3,4,5,2,2,1,2,2,6,3,7,4,1,27,18,"Male","Non-Black / Non-Hispanic","West (AK, AZ, CA, CO, HI, ID, MT, NV, NM, OR, UT, WA, WY)","Bachelor's degree (BA, BS)","In CBSA, in central city","NO","3: Mother","YES","NO","YES","NO","YES","0: 0  CONDITION DOES NOT APPLY","ALWAYS WITH RIGHT HAND","ALWAYS WITH RIGHT HAND","ALWAYS WITH RIGHT HAND","ALWAYS WITH RIGHT HAND","ALWAYS WITH LEFT HAND","0: 0  CONDITION DOES NOT APPLY","0: 0  CONDITION DOES NOT APPLY","NO","FEMALE","MALE"
1981,80350,1,0,1,33790,5,183,1,1,3,6,2,2,2,2,1,2,1,5,3,6,1,1,35,22,"Female","Hispanic","North Central (IL, IN, IA, KS, MI, MN, MO, NE, OH, ND, SD, WI)","GED","In CBSA, in central city","NO","3: Mother","YES","NO","YES","NO","YES","0: 0  CONDITION DOES NOT APPLY","ALWAYS WITH RIGHT HAND","ALWAYS WITH RIGHT HAND","ALWAYS WITH RIGHT HAND","ALWAYS WITH RIGHT HAND","ALWAYS WITH LEFT HAND","1: 1  CONDITION APPLIES","1: 1  CONDITION APPLIES","NO","FEMALE","FEMALE"
1983,64735,3,0,3,33790,5,220,1,2,3,3,2,2,1,2,1,1,1,5,3,7,1,1,31,21,"Female","Black","West (AK, AZ, CA, CO, HI, ID, MT, NV, NM, OR, UT, WA, WY)","High school diploma (Regular 12 year program)","In CBSA, not in central city","NO","3: Mother","YES","NO","NO","NO","NO","0: 0  CONDITION DOES NOT APPLY","ALWAYS WITH RIGHT HAND","ALWAYS WITH RIGHT HAND","ALWAYS WITH RIGHT HAND","ALWAYS WITH RIGHT HAND","ALWAYS WITH LEFT HAND","1: 1  CONDITION APPLIES","1: 1  CONDITION APPLIES","NO","FEMALE","MALE"
1984,64735,5,1,5,33790,5,182,3,3,2,3,3,2,2,2,1,2,1,4,4,6,1,1,27,20,"Female","Non-Black / Non-Hispanic","North Central (IL, IN, IA, KS, MI, MN, MO, NE, OH, ND, SD, WI)","GED","In CBSA, not in central city","YES","3: Mother","YES","YES","NO","NO","NO","0: 0  CONDITION DOES NOT APPLY","ALWAYS WITH RIGHT HAND","ALWAYS WITH RIGHT HAND","ALWAYS WITH RIGHT HAND","ALWAYS WITH RIGHT HAND","ALWAYS WITH LEFT HAND","1: 1  CONDITION APPLIES","1: 1  CONDITION APPLIES","NO","MALE","MALE"
1982,64735,3,1,3,33790,5,184,2,2,2,3,3,4,1,2,2,2,2,1,2,7,1,1,31,21,"Male","Black","South (AL, AR, DE, DC, FL, GA, KY, LA, MD, MS, NC, OK, SC, TN , TX, VA, WV)","High school diploma (Regular 12 year program)","In CBSA, in central city","NO","3: Mother","NO","YES","NO","NO","YES","0: 0  CONDITION DOES NOT APPLY","ALWAYS WITH RIGHT HAND","ALWAYS WITH RIGHT HAND","ALWAYS WITH RIGHT HAND","ALWAYS WITH RIGHT HAND","ALWAYS WITH LEFT HAND","1: 1  CONDITION APPLIES","1: 1  CONDITION APPLIES","NO","FEMALE","MALE"
1984,64735,2,1,1,33790,5,184,1,2,1,2,7,2,2,2,2,2,1,3,5,8,1,1,31,21,"Female","Non-Black / Non-Hispanic","North Central (IL, IN, IA, KS, MI, MN, MO, NE, OH, ND, SD, WI)","Bachelor's degree (BA, BS)","In CBSA, in central city","NO","3: Mother","NO","NO","NO","NO","YES","0: 0  CONDITION DOES NOT APPLY","ALWAYS WITH RIGHT HAND","ALWAYS WITH LEFT HAND","ALWAYS WITH LEFT HAND","ALWAYS WITH RIGHT HAND","ALWAYS WITH LEFT HAND","1: 1  CONDITION APPLIES","1: 1  CONDITION APPLIES","NO","FEMALE","MALE"
1980,64735,3,1,2,33790,5,183,1,1,2,3,2,8,2,1,2,2,1,2,4,6,1,1,28,6,"Male","Black","South (AL, AR, DE, DC, FL, GA, KY, LA, MD, MS, NC, OK, SC, TN , TX, VA, WV)","High school diploma (Regular 12 year program)","In CBSA, not in central city","NO","3: Mother","NO","YES","NO","NO","YES","0: 0  CONDITION DOES NOT APPLY","ALWAYS WITH RIGHT HAND","ALWAYS WITH RIGHT HAND","ALWAYS WITH RIGHT HAND","ALWAYS WITH RIGHT HAND","ALWAYS WITH LEFT HAND","1: 1  CONDITION APPLIES","0: 0  CONDITION DOES NOT APPLY","NO","FEMALE","MALE"
1981,64735,8,1,1,33790,6,183,1,1,2,6,2,1,2,1,1,2,2,1,2,7,1,1,30,21,"Male","Black","South (AL, AR, DE, DC, FL, GA, KY, LA, MD, MS, NC, OK, SC, TN , TX, VA, WV)","High school diploma (Regular 12 year program)","In CBSA, not in central city","NO","3: Mother","YES","YES","NO","NO","YES","0: 0  CONDITION DOES NOT APPLY","ALWAYS WITH RIGHT HAND","ALWAYS WITH RIGHT HAND","ALWAYS WITH RIGHT HAND","ALWAYS WITH RIGHT HAND","ALWAYS WITH LEFT HAND","1: 1  CONDITION APPLIES","1: 1  CONDITION APPLIES","NO","FEMALE","FEMALE"
1983,64735,3,0,2,33790,5,179,2,1,2,3,4,2,1,2,1,1,1,3,2,7,1,1,35,22,"Female","Hispanic","South (AL, AR, DE, DC, FL, GA, KY, LA, MD, MS, NC, OK, SC, TN , TX, VA, WV)","GED","In CBSA, not in central city","NO","3: Mother","NO","YES","YES","NO","YES","0: 0  CONDITION DOES NOT APPLY","ALWAYS WITH RIGHT HAND","ALWAYS WITH RIGHT HAND","ALWAYS WITH RIGHT HAND","ALWAYS WITH RIGHT HAND","ALWAYS WITH LEFT HAND","0: 0  CONDITION DOES NOT APPLY","0: 0  CONDITION DOES NOT APPLY","NO","FEMALE","FEMALE"
1982,64735,3,0,3,33790,5,185,2,3,2,2,1,1,2,1,2,2,1,4,2,7,1,1,30,19,"Male","Non-Black / Non-Hispanic","Northeast (CT, ME, MA, NH, NJ, NY, PA, RI, VT)","High school diploma (Regular 12 year program)","In CBSA, not in central city","NO","3: Mother","NO","NO","NO","NO","YES","0: 0  CONDITION DOES NOT APPLY","ALWAYS WITH RIGHT HAND","ALWAYS WITH RIGHT HAND","ALWAYS WITH RIGHT HAND","ALWAYS WITH RIGHT HAND","ALWAYS WITH LEFT HAND","1: 1  CONDITION APPLIES","1: 1  CONDITION APPLIES","NO","MALE","MALE"
1984,55000,3,1,4,55000,5,184,1,3,3,3,4,3,2,2,2,1,1,7,3,6,1,1,7,15,"Female","Black","Northeast (CT, ME, MA, NH, NJ, NY, PA, RI, VT)","Associate/Junior college (AA)","Not in CBSA","NO","3: Mother","NO","YES","NO","NO","NO","0: 0  CONDITION DOES NOT APPLY","ALWAYS WITH LEFT HAND","USUALLY WITH BOTH HANDS EQUALLY","ALWAYS WITH RIGHT HAND","ALWAYS WITH LEFT HAND","ALWAYS WITH RIGHT HAND","1: 1  CONDITION APPLIES","1: 1  CONDITION APPLIES","NO","FEMALE","MALE"
1980,64735,3,0,2,33790,5,185,1,1,4,6,2,3,2,2,1,2,2,6,2,6,1,1,27,19,"Male","Hispanic","Northeast (CT, ME, MA, NH, NJ, NY, PA, RI, VT)","High school diploma (Regular 12 year program)","In CBSA, not in central city","NO","3: Mother","YES","NO","NO","NO","NO","0: 0  CONDITION DOES NOT APPLY","ALWAYS WITH RIGHT HAND","ALWAYS WITH RIGHT HAND","ALWAYS WITH RIGHT HAND","ALWAYS WITH RIGHT HAND","ALWAYS WITH LEFT HAND","1: 1  CONDITION APPLIES","1: 1  CONDITION APPLIES","YES","MALE","MALE"
1981,64735,3,1,4,33790,5,143,2,2,2,3,4,4,2,2,2,1,1,6,2,8,1,1,12,15,"Female","Non-Black / Non-Hispanic","South (AL, AR, DE, DC, FL, GA, KY, LA, MD, MS, NC, OK, SC, TN , TX, VA, WV)","High school diploma (Regular 12 year program)","In CBSA, not in central city","NO","3: Mother","NO","NO","NO","NO","NO","0: 0  CONDITION DOES NOT APPLY","ALWAYS WITH RIGHT HAND","USUALLY WITH RIGHT HAND","ALWAYS WITH RIGHT HAND","ALWAYS WITH RIGHT HAND","ALWAYS WITH LEFT HAND","1: 1  CONDITION APPLIES","1: 1  CONDITION APPLIES","NO","FEMALE","MALE"
1981,64735,3,1,2,33790,5,181,2,1,3,4,5,5,2,1,1,1,1,5,2,6,1,1,28,21,"Female","Non-Black / Non-Hispanic","West (AK, AZ, CA, CO, HI, ID, MT, NV, NM, OR, UT, WA, WY)","Associate/Junior college (AA)","In CBSA, not in central city","NO","3: Mother","YES","NO","NO","NO","YES","0: 0  CONDITION DOES NOT APPLY","ALWAYS WITH RIGHT HAND","USUALLY WITH BOTH HANDS EQUALLY","ALWAYS WITH RIGHT HAND","ALWAYS WITH RIGHT HAND","ALWAYS WITH LEFT HAND","0: 0  CONDITION DOES NOT APPLY","0: 0  CONDITION DOES NOT APPLY","NO","FEMALE","MALE"
1980,64735,5,1,3,33790,5,145,2,1,1,3,1,2,2,2,2,2,1,2,2,8,1,1,24,4,"Female","Black","South (AL, AR, DE, DC, FL, GA, KY, LA, MD, MS, NC, OK, SC, TN , TX, VA, WV)","High school diploma (Regular 12 year program)","In CBSA, not in central city","NO","3: Mother","YES","NO","NO","NO","YES","0: 0  CONDITION DOES NOT APPLY","ALWAYS WITH LEFT HAND","DON'T DO THIS ACTIVITY","ALWAYS WITH LEFT HAND","ALWAYS WITH LEFT HAND","ALWAYS WITH RIGHT HAND","1: 1  CONDITION APPLIES","1: 1  CONDITION APPLIES","NO","FEMALE","MALE"
1981,64735,3,1,2,33790,5,182,1,1,3,4,2,4,2,2,1,2,2,5,2,7,1,1,30,20,"Female","Non-Black / Non-Hispanic","South (AL, AR, DE, DC, FL, GA, KY, LA, MD, MS, NC, OK, SC, TN , TX, VA, WV)","Bachelor's degree (BA, BS)","In CBSA, in central city","NO","3: Mother","NO","NO","NO","NO","YES","0: 0  CONDITION DOES NOT APPLY","ALWAYS WITH RIGHT HAND","ALWAYS WITH RIGHT HAND","ALWAYS WITH RIGHT HAND","ALWAYS WITH RIGHT HAND","ALWAYS WITH LEFT HAND","1: 1  CONDITION APPLIES","1: 1  CONDITION APPLIES","NO","FEMALE","MALE"
1981,64735,3,1,3,33790,5,183,1,2,2,3,3,4,2,1,1,2,1,6,3,7,1,2,27,18,"Male","Black","South (AL, AR, DE, DC, FL, GA, KY, LA, MD, MS, NC, OK, SC, TN , TX, VA, WV)","High school diploma (Regular 12 year program)","In CBSA, not in central city","NO","3: Mother","YES","YES","NO","NO","NO","0: 0  CONDITION DOES NOT APPLY","ALWAYS WITH RIGHT HAND","ALWAYS WITH LEFT HAND","ALWAYS WITH LEFT HAND","ALWAYS WITH RIGHT HAND","ALWAYS WITH LEFT HAND","1: 1  CONDITION APPLIES","1: 1  CONDITION APPLIES","YES","MALE","FEMALE"
1983,64735,1,0,5,33790,5,184,1,1,3,4,4,2,2,1,2,2,1,5,2,7,1,1,31,25,"Male","Non-Black / Non-Hispanic","North Central (IL, IN, IA, KS, MI, MN, MO, NE, OH, ND, SD, WI)","High school diploma (Regular 12 year program)","In CBSA, not in central city","NO","3: Mother","YES","NO","NO","NO","YES","0: 0  CONDITION DOES NOT APPLY","ALWAYS WITH RIGHT HAND","ALWAYS WITH RIGHT HAND","ALWAYS WITH RIGHT HAND","ALWAYS WITH RIGHT HAND","ALWAYS WITH LEFT HAND","1: 1  CONDITION APPLIES","1: 1  CONDITION APPLIES","NO","FEMALE","MALE"
1981,64735,4,0,3,33790,5,181,1,2,3,2,5,3,1,2,2,1,2,4,4,7,1,1,28,20,"Male","Non-Black / Non-Hispanic","South (AL, AR, DE, DC, FL, GA, KY, LA, MD, MS, NC, OK, SC, TN , TX, VA, WV)","High school diploma (Regular 12 year program)","In CBSA, not in central city","NO","3: Mother","NO","NO","NO","NO","NO","0: 0  CONDITION DOES NOT APPLY","ALWAYS WITH RIGHT HAND","ALWAYS WITH RIGHT HAND","ALWAYS WITH RIGHT HAND","ALWAYS WITH RIGHT HAND","ALWAYS WITH LEFT HAND","1: 1  CONDITION APPLIES","1: 1  CONDITION APPLIES","NO","FEMALE","MALE"
1981,67500,2,0,3,33790,5,184,1,3,4,4,7,4,2,2,2,1,2,1,3,6,1,1,32,22,"Female","Non-Black / Non-Hispanic","South (AL, AR, DE, DC, FL, GA, KY, LA, MD, MS, NC, OK, SC, TN , TX, VA, WV)","Professional degree (DDS, JD, MD)","In CBSA, not in central city","NO","3: Mother","YES","NO","NO","NO","YES","0: 0  CONDITION DOES NOT APPLY","ALWAYS WITH RIGHT HAND","ALWAYS WITH RIGHT HAND","USUALLY WITH BOTH HANDS EQUALLY","ALWAYS WITH LEFT HAND","ALWAYS WITH RIGHT HAND","1: 1  CONDITION APPLIES","1: 1  CONDITION APPLIES","NO","FEMALE","FEMALE"
1981,64735,3,1,1,33790,5,185,1,2,1,5,5,3,2,2,1,2,1,5,1,8,1,1,32,21,"Female","Black","South (AL, AR, DE, DC, FL, GA, KY, LA, MD, MS, NC, OK, SC, TN , TX, VA, WV)","High school diploma (Regular 12 year program)","In CBSA, not in central city","NO","3: Mother","NO","YES","NO","NO","NO","0: 0  CONDITION DOES NOT APPLY","ALWAYS WITH RIGHT HAND","ALWAYS WITH RIGHT HAND","ALWAYS WITH RIGHT HAND","ALWAYS WITH RIGHT HAND","ALWAYS WITH LEFT HAND","1: 1  CONDITION APPLIES","1: 1  CONDITION APPLIES","NO","MALE","FEMALE"
1985,64735,3,1,1,18000,5,183,2,2,2,4,1,3,2,2,2,2,2,6,1,7,1,1,29,21,"Female","Hispanic","South (AL, AR, DE, DC, FL, GA, KY, LA, MD, MS, NC, OK, SC, TN , TX, VA, WV)","High school diploma (Regular 12 year program)","In CBSA, in central city","NO","3: Mother","NO","YES","NO","NO","YES","0: 0  CONDITION DOES NOT APPLY","ALWAYS WITH RIGHT HAND","ALWAYS WITH RIGHT HAND","ALWAYS WITH RIGHT HAND","ALWAYS WITH RIGHT HAND","ALWAYS WITH LEFT HAND","0: 0  CONDITION DOES NOT APPLY","1: 1  CONDITION APPLIES","NO","FEMALE","FEMALE"
1982,64735,3,1,1,33790,5,120,2,1,2,4,2,6,2,2,2,1,1,6,2,8,1,1,30,21,"Female","Non-Black / Non-Hispanic","South (AL, AR, DE, DC, FL, GA, KY, LA, MD, MS, NC, OK, SC, TN , TX, VA, WV)","Master's degree (MA, MS)","Not in CBSA","NO","3: Mother","YES","YES","YES","NO","YES","0: 0  CONDITION DOES NOT APPLY","ALWAYS WITH LEFT HAND","ALWAYS WITH RIGHT HAND","ALWAYS WITH LEFT HAND","ALWAYS WITH LEFT HAND","ALWAYS WITH LEFT HAND","1: 1  CONDITION APPLIES","1: 1  CONDITION APPLIES","NO","MALE","MALE"
1982,64735,3,1,2,33790,5,155,1,1,3,1,2,1,2,2,1,2,1,6,2,4,1,1,32,21,"Male","Hispanic","South (AL, AR, DE, DC, FL, GA, KY, LA, MD, MS, NC, OK, SC, TN , TX, VA, WV)","High school diploma (Regular 12 year program)","Not in CBSA","YES","3: Mother","NO","NO","NO","NO","YES","0: 0  CONDITION DOES NOT APPLY","ALWAYS WITH RIGHT HAND","ALWAYS WITH RIGHT HAND","ALWAYS WITH RIGHT HAND","ALWAYS WITH RIGHT HAND","USUALLY WITH BOTH HANDS EQUALLY","1: 1  CONDITION APPLIES","1: 1  CONDITION APPLIES","NO","FEMALE","FEMALE"
1984,64735,4,0,1,33790,5,130,1,2,3,3,2,5,2,2,1,1,1,1,6,8,6,2,30,22,"Male","Black","South (AL, AR, DE, DC, FL, GA, KY, LA, MD, MS, NC, OK, SC, TN , TX, VA, WV)","High school diploma (Regular 12 year program)","In CBSA, not in central city","NO","3: Mother","NO","NO","NO","NO","NO","0: 0  CONDITION DOES NOT APPLY","ALWAYS WITH RIGHT HAND","ALWAYS WITH RIGHT HAND","ALWAYS WITH RIGHT HAND","ALWAYS WITH RIGHT HAND","ALWAYS WITH LEFT HAND","1: 1  CONDITION APPLIES","1: 1  CONDITION APPLIES","NO","MALE","MALE"
1982,64735,3,0,1,33790,5,110,1,1,3,4,4,4,2,2,1,1,1,6,3,7,1,1,34,21,"Male","Non-Black / Non-Hispanic","South (AL, AR, DE, DC, FL, GA, KY, LA, MD, MS, NC, OK, SC, TN , TX, VA, WV)","High school diploma (Regular 12 year program)","In CBSA, in central city","NO","3: Mother","NO","YES","NO","NO","YES","0: 0  CONDITION DOES NOT APPLY","ALWAYS WITH RIGHT HAND","ALWAYS WITH RIGHT HAND","USUALLY WITH BOTH HANDS EQUALLY","ALWAYS WITH LEFT HAND","ALWAYS WITH RIGHT HAND","1: 1  CONDITION APPLIES","0: 0  CONDITION DOES NOT APPLY","NO","MALE","MALE"
1981,64735,3,1,2,33790,5,181,1,1,2,2,6,4,2,2,1,1,1,6,2,7,1,1,31,22,"Female","Non-Black / Non-Hispanic","South (AL, AR, DE, DC, FL, GA, KY, LA, MD, MS, NC, OK, SC, TN , TX, VA, WV)","Bachelor's degree (BA, BS)","In CBSA, in central city","NO","3: Mother","NO","NO","NO","NO","YES","0: 0  CONDITION DOES NOT APPLY","ALWAYS WITH RIGHT HAND","ALWAYS WITH RIGHT HAND","ALWAYS WITH RIGHT HAND","ALWAYS WITH RIGHT HAND","ALWAYS WITH RIGHT HAND","1: 1  CONDITION APPLIES","1: 1  CONDITION APPLIES","YES","FEMALE","FEMALE"
1984,64735,2,0,3,33790,5,142,1,2,3,3,4,4,2,2,1,2,1,4,3,7,1,1,27,20,"Female","Non-Black / Non-Hispanic","West (AK, AZ, CA, CO, HI, ID, MT, NV, NM, OR, UT, WA, WY)","High school diploma (Regular 12 year program)","In CBSA, not in central city","YES","3: Mother","YES","NO","NO","NO","NO","0: 0  CONDITION DOES NOT APPLY","ALWAYS WITH RIGHT HAND","USUALLY WITH RIGHT HAND","ALWAYS WITH RIGHT HAND","ALWAYS WITH RIGHT HAND","ALWAYS WITH LEFT HAND","1: 1  CONDITION APPLIES","0: 0  CONDITION DOES NOT APPLY","NO","MALE","MALE"
1984,22350,5,0,1,33790,5,182,1,3,1,1,1,6,1,1,1,2,1,4,1,7,1,1,31,21,"Female","Non-Black / Non-Hispanic","South (AL, AR, DE, DC, FL, GA, KY, LA, MD, MS, NC, OK, SC, TN , TX, VA, WV)","High school diploma (Regular 12 year program)","In CBSA, not in central city","NO","3: Mother","NO","YES","NO","NO","NO","0: 0  CONDITION DOES NOT APPLY","ALWAYS WITH RIGHT HAND","ALWAYS WITH RIGHT HAND","ALWAYS WITH RIGHT HAND","ALWAYS WITH RIGHT HAND","ALWAYS WITH RIGHT HAND","1: 1  CONDITION APPLIES","1: 1  CONDITION APPLIES","NO","MALE","FEMALE"
1981,64735,4,1,6,30000,5,181,1,2,2,1,2,4,1,2,1,2,1,6,3,6,1,1,29,18,"Male","Hispanic","South (AL, AR, DE, DC, FL, GA, KY, LA, MD, MS, NC, OK, SC, TN , TX, VA, WV)","High school diploma (Regular 12 year program)","In CBSA, in central city","NO","3: Mother","YES","YES","NO","NO","NO","0: 0  CONDITION DOES NOT APPLY","ALWAYS WITH RIGHT HAND","USUALLY WITH BOTH HANDS EQUALLY","ALWAYS WITH RIGHT HAND","ALWAYS WITH RIGHT HAND","ALWAYS WITH LEFT HAND","1: 1  CONDITION APPLIES","1: 1  CONDITION APPLIES","NO","FEMALE","MALE"
1983,64735,3,0,1,28000,5,189,1,1,3,4,3,4,2,2,1,1,1,6,2,6,1,1,30,17,"Female","Non-Black / Non-Hispanic","South (AL, AR, DE, DC, FL, GA, KY, LA, MD, MS, NC, OK, SC, TN , TX, VA, WV)","High school diploma (Regular 12 year program)","In CBSA, not in central city","NO","3: Mother","YES","NO","NO","NO","YES","1: 1  CONDITION APPLIES","ALWAYS WITH RIGHT HAND","ALWAYS WITH RIGHT HAND","ALWAYS WITH RIGHT HAND","ALWAYS WITH RIGHT HAND","ALWAYS WITH LEFT HAND","1: 1  CONDITION APPLIES","1: 1  CONDITION APPLIES","NO","FEMALE","MALE"
1983,64735,3,0,2,33790,5,184,1,2,3,4,1,4,2,2,1,2,1,6,2,7,1,1,32,24,"Male","Non-Black / Non-Hispanic","South (AL, AR, DE, DC, FL, GA, KY, LA, MD, MS, NC, OK, SC, TN , TX, VA, WV)","Master's degree (MA, MS)","In CBSA, in central city","NO","3: Mother","YES","YES","NO","YES","NO","0: 0  CONDITION DOES NOT APPLY","ALWAYS WITH RIGHT HAND","ALWAYS WITH RIGHT HAND","ALWAYS WITH RIGHT HAND","ALWAYS WITH RIGHT HAND","ALWAYS WITH RIGHT HAND","1: 1  CONDITION APPLIES","1: 1  CONDITION APPLIES","NO","FEMALE","FEMALE"
1982,64735,9,1,3,33790,5,182,1,2,2,5,3,3,1,2,1,2,1,6,2,6,1,1,33,24,"Female","Non-Black / Non-Hispanic","South (AL, AR, DE, DC, FL, GA, KY, LA, MD, MS, NC, OK, SC, TN , TX, VA, WV)","High school diploma (Regular 12 year program)","In CBSA, not in central city","YES","3: Mother","NO","YES","NO","NO","YES","0: 0  CONDITION DOES NOT APPLY","ALWAYS WITH RIGHT HAND","ALWAYS WITH RIGHT HAND","ALWAYS WITH RIGHT HAND","ALWAYS WITH RIGHT HAND","ALWAYS WITH LEFT HAND","1: 1  CONDITION APPLIES","1: 1  CONDITION APPLIES","NO","FEMALE","FEMALE"
1981,64735,7,1,4,33790,5,275,2,2,2,4,2,4,2,2,2,1,2,2,3,5,1,1,4,2,"Female","Black","South (AL, AR, DE, DC, FL, GA, KY, LA, MD, MS, NC, OK, SC, TN , TX, VA, WV)","High school diploma (Regular 12 year program)","In CBSA, in central city","NO","3: Mother","NO","YES","NO","NO","NO","0: 0  CONDITION DOES NOT APPLY","ALWAYS WITH RIGHT HAND","USUALLY WITH BOTH HANDS EQUALLY","ALWAYS WITH RIGHT HAND","ALWAYS WITH RIGHT HAND","ALWAYS WITH LEFT HAND","1: 1  CONDITION APPLIES","1: 1  CONDITION APPLIES","YES","FEMALE","FEMALE"
1983,64734,3,0,3,33790,5,186,2,2,2,5,4,4,2,2,1,2,1,2,2,5,1,1,23,20,"Male","Black","South (AL, AR, DE, DC, FL, GA, KY, LA, MD, MS, NC, OK, SC, TN , TX, VA, WV)","GED","In CBSA, not in central city","YES","3: Mother","NO","NO","NO","NO","NO","0: 0  CONDITION DOES NOT APPLY","ALWAYS WITH RIGHT HAND","ALWAYS WITH RIGHT HAND","DON'T DO THIS ACTIVITY","ALWAYS WITH RIGHT HAND","ALWAYS WITH LEFT HAND","1: 1  CONDITION APPLIES","1: 1  CONDITION APPLIES","NO","FEMALE","FEMALE"
1983,64735,8,2,2,33790,5,183,1,1,1,4,2,5,2,1,1,1,1,3,6,7,1,1,26,12,"Male","Black","West (AK, AZ, CA, CO, HI, ID, MT, NV, NM, OR, UT, WA, WY)","None","In CBSA, not in central city","NO","3: Mother","NO","YES","NO","NO","YES","0: 0  CONDITION DOES NOT APPLY","ALWAYS WITH LEFT HAND","ALWAYS WITH RIGHT HAND","ALWAYS WITH RIGHT HAND","ALWAYS WITH RIGHT HAND","ALWAYS WITH LEFT HAND","1: 1  CONDITION APPLIES","1: 1  CONDITION APPLIES","NO","MALE","MALE"
1981,64734,4,0,3,33790,5,181,2,3,4,1,3,5,2,2,2,1,1,3,1,8,1,1,26,6,"Male","Non-Black / Non-Hispanic","West (AK, AZ, CA, CO, HI, ID, MT, NV, NM, OR, UT, WA, WY)","High school diploma (Regular 12 year program)","In CBSA, not in central city","NO","3: Mother","NO","NO","NO","NO","NO","1: 1  CONDITION APPLIES","USUALLY WITH RIGHT HAND","DON'T DO THIS ACTIVITY","DON'T DO THIS ACTIVITY","USUALLY WITH RIGHT HAND","ALWAYS WITH LEFT HAND","1: 1  CONDITION APPLIES","1: 1  CONDITION APPLIES","NO","FEMALE","MALE"
1982,64735,3,1,3,33790,5,183,1,2,2,2,3,3,2,2,1,2,2,4,2,7,1,1,10,9,"Female","Black","Northeast (CT, ME, MA, NH, NJ, NY, PA, RI, VT)","Bachelor's degree (BA, BS)","In CBSA, not in central city","NO","3: Mother","NO","NO","NO","NO","YES","0: 0  CONDITION DOES NOT APPLY","ALWAYS WITH RIGHT HAND","ALWAYS WITH RIGHT HAND","ALWAYS WITH RIGHT HAND","ALWAYS WITH RIGHT HAND","ALWAYS WITH RIGHT HAND","1: 1  CONDITION APPLIES","1: 1  CONDITION APPLIES","NO","MALE","FEMALE"
1984,64735,3,0,1,33790,5,182,2,2,4,4,2,4,2,2,2,1,1,6,1,7,1,1,26,20,"Female","Black","South (AL, AR, DE, DC, FL, GA, KY, LA, MD, MS, NC, OK, SC, TN , TX, VA, WV)","High school diploma (Regular 12 year program)","In CBSA, not in central city","NO","3: Mother","YES","NO","YES","NO","YES","0: 0  CONDITION DOES NOT APPLY","ALWAYS WITH RIGHT HAND","ALWAYS WITH RIGHT HAND","ALWAYS WITH RIGHT HAND","ALWAYS WITH RIGHT HAND","ALWAYS WITH LEFT HAND","1: 1  CONDITION APPLIES","1: 1  CONDITION APPLIES","NO","FEMALE","MALE"
1981,19500,5,0,2,33790,5,182,1,2,2,3,2,4,2,1,1,1,1,1,2,8,1,1,12,12,"Female","Black","West (AK, AZ, CA, CO, HI, ID, MT, NV, NM, OR, UT, WA, WY)","High school diploma (Regular 12 year program)","In CBSA, not in central city","NO","3: Mother","NO","YES","NO","NO","YES","0: 0  CONDITION DOES NOT APPLY","ALWAYS WITH RIGHT HAND","ALWAYS WITH RIGHT HAND","ALWAYS WITH RIGHT HAND","ALWAYS WITH RIGHT HAND","ALWAYS WITH LEFT HAND","1: 1  CONDITION APPLIES","1: 1  CONDITION APPLIES","YES","FEMALE","FEMALE"
1984,64735,5,2,2,33790,5,175,1,1,3,6,3,3,2,2,1,2,1,6,2,7,1,1,3,25,"Female","Black","South (AL, AR, DE, DC, FL, GA, KY, LA, MD, MS, NC, OK, SC, TN , TX, VA, WV)","High school diploma (Regular 12 year program)","In CBSA, not in central city","NO","3: Mother","YES","NO","NO","NO","YES","0: 0  CONDITION DOES NOT APPLY","ALWAYS WITH RIGHT HAND","ALWAYS WITH RIGHT HAND","ALWAYS WITH RIGHT HAND","ALWAYS WITH RIGHT HAND","ALWAYS WITH LEFT HAND","1: 1  CONDITION APPLIES","1: 1  CONDITION APPLIES","NO","FEMALE","FEMALE"
1985,64735,4,1,1,33790,5,181,1,2,1,3,4,3,2,2,2,2,2,7,3,7,1,1,29,21,"Female","Black","South (AL, AR, DE, DC, FL, GA, KY, LA, MD, MS, NC, OK, SC, TN , TX, VA, WV)","Associate/Junior college (AA)","In CBSA, in central city","NO","3: Mother","NO","YES","YES","NO","YES","0: 0  CONDITION DOES NOT APPLY","ALWAYS WITH RIGHT HAND","ALWAYS WITH RIGHT HAND","ALWAYS WITH RIGHT HAND","ALWAYS WITH RIGHT HAND","ALWAYS WITH LEFT HAND","1: 1  CONDITION APPLIES","1: 1  CONDITION APPLIES","NO","FEMALE","MALE"
1980,5500,4,0,3,33790,5,185,2,2,3,4,1,4,2,2,2,2,1,3,3,6,1,1,29,20,"Female","Non-Black / Non-Hispanic","South (AL, AR, DE, DC, FL, GA, KY, LA, MD, MS, NC, OK, SC, TN , TX, VA, WV)","High school diploma (Regular 12 year program)","In CBSA, not in central city","NO","3: Mother","YES","NO","NO","YES","NO","0: 0  CONDITION DOES NOT APPLY","ALWAYS WITH LEFT HAND","ALWAYS WITH LEFT HAND","USUALLY WITH LEFT HAND","ALWAYS WITH LEFT HAND","ALWAYS WITH LEFT HAND","1: 1  CONDITION APPLIES","1: 1  CONDITION APPLIES","NO","FEMALE","FEMALE"
1982,64735,4,1,1,33790,5,183,1,1,5,2,1,3,2,1,2,2,2,1,4,7,1,6,37,26,"Male","Black","North Central (IL, IN, IA, KS, MI, MN, MO, NE, OH, ND, SD, WI)","None","In CBSA, not in central city","NO","3: Mother","NO","NO","NO","NO","NO","0: 0  CONDITION DOES NOT APPLY","ALWAYS WITH RIGHT HAND","ALWAYS WITH RIGHT HAND","ALWAYS WITH RIGHT HAND","ALWAYS WITH RIGHT HAND","DON'T DO THIS ACTIVITY","1: 1  CONDITION APPLIES","1: 1  CONDITION APPLIES","NO","FEMALE","FEMALE"
1982,64735,3,1,3,33790,5,183,2,2,2,2,2,3,2,2,2,2,2,2,2,7,1,1,31,22,"Male","Non-Black / Non-Hispanic","South (AL, AR, DE, DC, FL, GA, KY, LA, MD, MS, NC, OK, SC, TN , TX, VA, WV)","High school diploma (Regular 12 year program)","In CBSA, not in central city","YES","3: Mother","YES","NO","YES","NO","NO","0: 0  CONDITION DOES NOT APPLY","ALWAYS WITH RIGHT HAND","ALWAYS WITH RIGHT HAND","ALWAYS WITH RIGHT HAND","ALWAYS WITH RIGHT HAND","ALWAYS WITH LEFT HAND","1: 1  CONDITION APPLIES","1: 1  CONDITION APPLIES","NO","FEMALE","MALE"
1981,64735,3,0,3,33790,4,215,1,2,1,4,5,5,2,2,1,1,1,6,3,6,1,1,26,15,"Female","Hispanic","South (AL, AR, DE, DC, FL, GA, KY, LA, MD, MS, NC, OK, SC, TN , TX, VA, WV)","Master's degree (MA, MS)","In CBSA, not in central city","NO","3: Mother","NO","NO","NO","NO","NO","0: 0  CONDITION DOES NOT APPLY","ALWAYS WITH RIGHT HAND","ALWAYS WITH RIGHT HAND","ALWAYS WITH RIGHT HAND","ALWAYS WITH RIGHT HAND","ALWAYS WITH LEFT HAND","1: 1  CONDITION APPLIES","1: 1  CONDITION APPLIES","NO","FEMALE","FEMALE"
1985,19731,4,1,2,33790,5,183,1,1,3,4,2,4,2,2,1,2,2,7,1,8,1,1,29,25,"Male","Non-Black / Non-Hispanic","South (AL, AR, DE, DC, FL, GA, KY, LA, MD, MS, NC, OK, SC, TN , TX, VA, WV)","GED","In CBSA, not in central city","NO","3: Mother","YES","NO","NO","NO","YES","0: 0  CONDITION DOES NOT APPLY","ALWAYS WITH RIGHT HAND","ALWAYS WITH RIGHT HAND","ALWAYS WITH RIGHT HAND","ALWAYS WITH RIGHT HAND","ALWAYS WITH LEFT HAND","1: 1  CONDITION APPLIES","1: 1  CONDITION APPLIES","NO","FEMALE","FEMALE"
1983,64735,4,0,3,33790,5,184,1,1,5,4,3,4,1,2,1,1,1,7,2,4,1,1,34,22,"Female","Hispanic","South (AL, AR, DE, DC, FL, GA, KY, LA, MD, MS, NC, OK, SC, TN , TX, VA, WV)","High school diploma (Regular 12 year program)","In CBSA, not in central city","YES","3: Mother","NO","NO","NO","NO","YES","0: 0  CONDITION DOES NOT APPLY","ALWAYS WITH RIGHT HAND","ALWAYS WITH RIGHT HAND","USUALLY WITH BOTH HANDS EQUALLY","USUALLY WITH BOTH HANDS EQUALLY","ALWAYS WITH LEFT HAND","1: 1  CONDITION APPLIES","1: 1  CONDITION APPLIES","YES","FEMALE","MALE"
1984,64735,3,0,2,33790,6,182,1,1,4,2,4,3,2,2,2,2,1,6,2,6,1,1,29,20,"Female","Non-Black / Non-Hispanic","North Central (IL, IN, IA, KS, MI, MN, MO, NE, OH, ND, SD, WI)","High school diploma (Regular 12 year program)","In CBSA, in central city","NO","3: Mother","YES","YES","NO","NO","NO","0: 0  CONDITION DOES NOT APPLY","ALWAYS WITH RIGHT HAND","ALWAYS WITH RIGHT HAND","ALWAYS WITH RIGHT HAND","ALWAYS WITH RIGHT HAND","ALWAYS WITH LEFT HAND","1: 1  CONDITION APPLIES","1: 1  CONDITION APPLIES","YES","FEMALE","MALE"
1980,64735,4,0,1,33790,5,183,2,2,6,3,1,4,2,2,1,1,1,6,2,6,1,1,30,19,"Female","Non-Black / Non-Hispanic","North Central (IL, IN, IA, KS, MI, MN, MO, NE, OH, ND, SD, WI)","High school diploma (Regular 12 year program)","In CBSA, in central city","NO","3: Mother","YES","NO","NO","NO","YES","0: 0  CONDITION DOES NOT APPLY","ALWAYS WITH RIGHT HAND","ALWAYS WITH RIGHT HAND","ALWAYS WITH RIGHT HAND","ALWAYS WITH RIGHT HAND","ALWAYS WITH LEFT HAND","1: 1  CONDITION APPLIES","1: 1  CONDITION APPLIES","NO","MALE","FEMALE"
1980,64735,4,0,1,33790,5,182,1,2,4,3,2,2,2,2,1,1,1,6,2,6,1,1,29,22,"Female","Non-Black / Non-Hispanic","South (AL, AR, DE, DC, FL, GA, KY, LA, MD, MS, NC, OK, SC, TN , TX, VA, WV)","GED","In CBSA, in central city","NO","3: Mother","YES","NO","YES","NO","NO","0: 0  CONDITION DOES NOT APPLY","ALWAYS WITH RIGHT HAND","ALWAYS WITH RIGHT HAND","ALWAYS WITH RIGHT HAND","ALWAYS WITH RIGHT HAND","ALWAYS WITH LEFT HAND","1: 1  CONDITION APPLIES","0: 0  CONDITION DOES NOT APPLY","NO","FEMALE","FEMALE"
1982,64735,3,0,2,8000,5,181,1,1,1,4,4,4,2,2,1,2,1,6,2,9,1,1,27,22,"Female","Black","South (AL, AR, DE, DC, FL, GA, KY, LA, MD, MS, NC, OK, SC, TN , TX, VA, WV)","High school diploma (Regular 12 year program)","In CBSA, not in central city","YES","3: Mother","NO","NO","NO","NO","YES","0: 0  CONDITION DOES NOT APPLY","ALWAYS WITH RIGHT HAND","ALWAYS WITH RIGHT HAND","ALWAYS WITH RIGHT HAND","ALWAYS WITH RIGHT HAND","ALWAYS WITH LEFT HAND","0: 0  CONDITION DOES NOT APPLY","1: 1  CONDITION APPLIES","NO","MALE","MALE"
1984,64735,3,1,1,33790,5,186,2,2,1,5,2,1,2,2,1,2,1,3,2,6,1,1,31,21,"Female","Black","South (AL, AR, DE, DC, FL, GA, KY, LA, MD, MS, NC, OK, SC, TN , TX, VA, WV)","High school diploma (Regular 12 year program)","In CBSA, not in central city","NO","3: Mother","NO","NO","NO","NO","YES","0: 0  CONDITION DOES NOT APPLY","ALWAYS WITH RIGHT HAND","ALWAYS WITH RIGHT HAND","USUALLY WITH RIGHT HAND","ALWAYS WITH RIGHT HAND","ALWAYS WITH LEFT HAND","1: 1  CONDITION APPLIES","1: 1  CONDITION APPLIES","NO","MALE","FEMALE"
1982,64735,6,2,1,43500,5,133,1,2,2,5,6,2,1,2,1,2,1,5,3,7,1,1,27,15,"Female","Non-Black / Non-Hispanic","West (AK, AZ, CA, CO, HI, ID, MT, NV, NM, OR, UT, WA, WY)","Master's degree (MA, MS)","In CBSA, not in central city","NO","3: Mother","NO","NO","NO","NO","YES","0: 0  CONDITION DOES NOT APPLY","ALWAYS WITH RIGHT HAND","ALWAYS WITH RIGHT HAND","ALWAYS WITH RIGHT HAND","ALWAYS WITH RIGHT HAND","ALWAYS WITH LEFT HAND","1: 1  CONDITION APPLIES","1: 1  CONDITION APPLIES","NO","MALE","MALE"
1983,64735,1,0,1,33790,5,182,1,2,1,4,5,2,2,1,1,2,1,5,2,7,1,1,36,25,"Female","Black","South (AL, AR, DE, DC, FL, GA, KY, LA, MD, MS, NC, OK, SC, TN , TX, VA, WV)","Bachelor's degree (BA, BS)","In CBSA, not in central city","NO","3: Mother","NO","NO","NO","NO","YES","0: 0  CONDITION DOES NOT APPLY","ALWAYS WITH RIGHT HAND","ALWAYS WITH RIGHT HAND","ALWAYS WITH RIGHT HAND","ALWAYS WITH RIGHT HAND","ALWAYS WITH LEFT HAND","1: 1  CONDITION APPLIES","0: 0  CONDITION DOES NOT APPLY","YES","FEMALE","FEMALE"
1982,0,4,0,1,33790,5,181,1,1,4,3,3,1,2,2,1,1,1,4,1,8,1,1,30,23,"Male","Non-Black / Non-Hispanic","South (AL, AR, DE, DC, FL, GA, KY, LA, MD, MS, NC, OK, SC, TN , TX, VA, WV)","Associate/Junior college (AA)","In CBSA, not in central city","NO","3: Mother","YES","YES","NO","NO","YES","0: 0  CONDITION DOES NOT APPLY","ALWAYS WITH RIGHT HAND","ALWAYS WITH LEFT HAND","ALWAYS WITH LEFT HAND","ALWAYS WITH LEFT HAND","ALWAYS WITH LEFT HAND","1: 1  CONDITION APPLIES","1: 1  CONDITION APPLIES","NO","MALE","FEMALE"
1982,64735,4,0,5,33790,5,120,1,2,1,2,5,5,1,2,1,1,2,6,3,6,1,1,30,20,"Female","Black","South (AL, AR, DE, DC, FL, GA, KY, LA, MD, MS, NC, OK, SC, TN , TX, VA, WV)","Bachelor's degree (BA, BS)","In CBSA, not in central city","NO","3: Mother","YES","NO","NO","NO","YES","0: 0  CONDITION DOES NOT APPLY","ALWAYS WITH RIGHT HAND","ALWAYS WITH RIGHT HAND","ALWAYS WITH RIGHT HAND","ALWAYS WITH RIGHT HAND","ALWAYS WITH RIGHT HAND","1: 1  CONDITION APPLIES","1: 1  CONDITION APPLIES","NO","FEMALE","MALE"
1980,64735,4,0,4,33790,5,181,1,2,1,4,2,4,2,2,1,2,1,6,2,8,1,1,21,4,"Male","Black","South (AL, AR, DE, DC, FL, GA, KY, LA, MD, MS, NC, OK, SC, TN , TX, VA, WV)","Master's degree (MA, MS)","In CBSA, not in central city","NO","3: Mother","NO","YES","NO","NO","YES","0: 0  CONDITION DOES NOT APPLY","ALWAYS WITH RIGHT HAND","ALWAYS WITH RIGHT HAND","ALWAYS WITH RIGHT HAND","ALWAYS WITH RIGHT HAND","ALWAYS WITH RIGHT HAND","1: 1  CONDITION APPLIES","0: 0  CONDITION DOES NOT APPLY","NO","MALE","FEMALE"
1984,64735,3,0,1,33790,5,182,1,1,1,4,3,3,2,2,2,2,1,6,4,7,1,1,30,22,"Female","Non-Black / Non-Hispanic","South (AL, AR, DE, DC, FL, GA, KY, LA, MD, MS, NC, OK, SC, TN , TX, VA, WV)","Bachelor's degree (BA, BS)","In CBSA, not in central city","NO","3: Mother","NO","NO","NO","NO","YES","0: 0  CONDITION DOES NOT APPLY","ALWAYS WITH RIGHT HAND","ALWAYS WITH RIGHT HAND","ALWAYS WITH RIGHT HAND","ALWAYS WITH RIGHT HAND","ALWAYS WITH LEFT HAND","1: 1  CONDITION APPLIES","1: 1  CONDITION APPLIES","NO","MALE","MALE"
1982,19101,5,1,2,33790,4,174,1,2,2,2,5,2,2,2,1,2,1,7,1,9,1,1,28,18,"Female","Non-Black / Non-Hispanic","South (AL, AR, DE, DC, FL, GA, KY, LA, MD, MS, NC, OK, SC, TN , TX, VA, WV)","GED","In CBSA, in central city","NO","3: Mother","YES","YES","NO","NO","YES","0: 0  CONDITION DOES NOT APPLY","ALWAYS WITH RIGHT HAND","ALWAYS WITH RIGHT HAND","USUALLY WITH RIGHT HAND","ALWAYS WITH RIGHT HAND","USUALLY WITH LEFT HAND","0: 0  CONDITION DOES NOT APPLY","1: 1  CONDITION APPLIES","NO","FEMALE","MALE"
1983,64735,3,1,1,18000,5,172,2,2,3,4,3,2,1,1,2,2,1,4,2,7,1,1,29,16,"Female","Black","South (AL, AR, DE, DC, FL, GA, KY, LA, MD, MS, NC, OK, SC, TN , TX, VA, WV)","High school diploma (Regular 12 year program)","In CBSA, not in central city","NO","3: Mother","NO","NO","NO","NO","NO","0: 0  CONDITION DOES NOT APPLY","DON'T DO THIS ACTIVITY","ALWAYS WITH RIGHT HAND","ALWAYS WITH RIGHT HAND","ALWAYS WITH RIGHT HAND","ALWAYS WITH LEFT HAND","1: 1  CONDITION APPLIES","1: 1  CONDITION APPLIES","NO","MALE","FEMALE"
1985,64735,1,0,2,33790,5,183,1,2,2,2,7,7,2,2,2,2,2,5,2,6,1,1,34,23,"Female","Black","South (AL, AR, DE, DC, FL, GA, KY, LA, MD, MS, NC, OK, SC, TN , TX, VA, WV)","High school diploma (Regular 12 year program)","In CBSA, in central city","NO","3: Mother","YES","YES","NO","NO","YES","0: 0  CONDITION DOES NOT APPLY","ALWAYS WITH LEFT HAND","ALWAYS WITH LEFT HAND","ALWAYS WITH LEFT HAND","ALWAYS WITH LEFT HAND","ALWAYS WITH LEFT HAND","1: 1  CONDITION APPLIES","0: 0  CONDITION DOES NOT APPLY","YES","MALE","FEMALE"
1981,64735,1,0,1,33790,5,183,2,2,2,1,3,5,2,1,1,2,1,6,5,7,1,1,31,20,"Female","Non-Black / Non-Hispanic","South (AL, AR, DE, DC, FL, GA, KY, LA, MD, MS, NC, OK, SC, TN , TX, VA, WV)","Professional degree (DDS, JD, MD)","In CBSA, in central city","NO","3: Mother","YES","NO","NO","NO","YES","0: 0  CONDITION DOES NOT APPLY","ALWAYS WITH RIGHT HAND","ALWAYS WITH RIGHT HAND","ALWAYS WITH RIGHT HAND","ALWAYS WITH RIGHT HAND","ALWAYS WITH RIGHT HAND","1: 1  CONDITION APPLIES","1: 1  CONDITION APPLIES","NO","FEMALE","MALE"
1980,64735,4,0,4,33790,5,182,2,2,3,3,2,5,2,1,2,2,1,1,2,6,1,1,29,22,"Female","Black","South (AL, AR, DE, DC, FL, GA, KY, LA, MD, MS, NC, OK, SC, TN , TX, VA, WV)","GED","In CBSA, not in central city","NO","3: Mother","YES","YES","NO","NO","YES","0: 0  CONDITION DOES NOT APPLY","ALWAYS WITH RIGHT HAND","ALWAYS WITH RIGHT HAND","ALWAYS WITH RIGHT HAND","ALWAYS WITH RIGHT HAND","ALWAYS WITH RIGHT HAND","1: 1  CONDITION APPLIES","0: 0  CONDITION DOES NOT APPLY","NO","FEMALE","MALE"
1983,64735,6,3,3,33790,5,184,2,2,4,2,2,2,2,2,2,2,2,5,4,5,1,1,23,10,"Male","Black","Northeast (CT, ME, MA, NH, NJ, NY, PA, RI, VT)","None","In CBSA, not in central city","NO","3: Mother","YES","NO","NO","NO","YES","0: 0  CONDITION DOES NOT APPLY","ALWAYS WITH RIGHT HAND","ALWAYS WITH RIGHT HAND","ALWAYS WITH RIGHT HAND","ALWAYS WITH RIGHT HAND","USUALLY WITH BOTH HANDS EQUALLY","1: 1  CONDITION APPLIES","1: 1  CONDITION APPLIES","NO","FEMALE","FEMALE"
1985,64735,1,0,4,33790,5,182,1,1,3,2,3,7,2,2,1,2,1,1,5,10,1,6,34,27,"Male","Black","North Central (IL, IN, IA, KS, MI, MN, MO, NE, OH, ND, SD, WI)","GED","In CBSA, not in central city","NO","3: Mother","YES","NO","NO","NO","NO","0: 0  CONDITION DOES NOT APPLY","ALWAYS WITH RIGHT HAND","ALWAYS WITH RIGHT HAND","ALWAYS WITH RIGHT HAND","ALWAYS WITH RIGHT HAND","ALWAYS WITH LEFT HAND","1: 1  CONDITION APPLIES","0: 0  CONDITION DOES NOT APPLY","NO","FEMALE","MALE"
1984,64735,2,0,3,33790,5,182,1,2,4,3,4,1,1,2,2,2,2,4,1,7,1,1,32,22,"Male","Black","West (AK, AZ, CA, CO, HI, ID, MT, NV, NM, OR, UT, WA, WY)","None","In CBSA, in central city","YES","3: Mother","YES","NO","NO","NO","NO","0: 0  CONDITION DOES NOT APPLY","ALWAYS WITH RIGHT HAND","ALWAYS WITH RIGHT HAND","ALWAYS WITH RIGHT HAND","ALWAYS WITH RIGHT HAND","ALWAYS WITH LEFT HAND","1: 1  CONDITION APPLIES","0: 0  CONDITION DOES NOT APPLY","NO","MALE","MALE"
1982,64735,4,0,1,33790,5,183,1,1,3,3,2,3,2,2,1,2,1,6,2,7,1,1,27,21,"Female","Non-Black / Non-Hispanic","South (AL, AR, DE, DC, FL, GA, KY, LA, MD, MS, NC, OK, SC, TN , TX, VA, WV)","None","In CBSA, not in central city","NO","3: Mother","NO","YES","YES","NO","YES","0: 0  CONDITION DOES NOT APPLY","ALWAYS WITH RIGHT HAND","ALWAYS WITH RIGHT HAND","USUALLY WITH BOTH HANDS EQUALLY","ALWAYS WITH RIGHT HAND","ALWAYS WITH LEFT HAND","1: 1  CONDITION APPLIES","1: 1  CONDITION APPLIES","YES","FEMALE","MALE"
1982,64735,4,0,3,33790,5,182,1,1,3,2,1,2,1,2,1,2,1,6,1,8,1,1,42,54,"Male","Non-Black / Non-Hispanic","West (AK, AZ, CA, CO, HI, ID, MT, NV, NM, OR, UT, WA, WY)","High school diploma (Regular 12 year program)","In CBSA, not in central city","YES","3: Mother","YES","NO","NO","NO","YES","0: 0  CONDITION DOES NOT APPLY","ALWAYS WITH RIGHT HAND","ALWAYS WITH RIGHT HAND","ALWAYS WITH RIGHT HAND","ALWAYS WITH RIGHT HAND","ALWAYS WITH LEFT HAND","1: 1  CONDITION APPLIES","1: 1  CONDITION APPLIES","NO","FEMALE","FEMALE"
1981,20000,3,0,1,33790,5,182,1,1,4,3,3,4,2,2,2,1,1,4,3,6,1,1,32,20,"Female","Non-Black / Non-Hispanic","South (AL, AR, DE, DC, FL, GA, KY, LA, MD, MS, NC, OK, SC, TN , TX, VA, WV)","High school diploma (Regular 12 year program)","In CBSA, not in central city","NO","3: Mother","YES","YES","NO","NO","YES","0: 0  CONDITION DOES NOT APPLY","ALWAYS WITH RIGHT HAND","ALWAYS WITH RIGHT HAND","ALWAYS WITH RIGHT HAND","ALWAYS WITH RIGHT HAND","ALWAYS WITH LEFT HAND","1: 1  CONDITION APPLIES","0: 0  CONDITION DOES NOT APPLY","NO","MALE","MALE"
1980,64735,2,0,1,33790,5,182,1,2,2,3,3,4,1,2,1,2,1,6,3,6,1,1,33,22,"Male","Black","South (AL, AR, DE, DC, FL, GA, KY, LA, MD, MS, NC, OK, SC, TN , TX, VA, WV)","High school diploma (Regular 12 year program)","In CBSA, in central city","NO","3: Mother","YES","NO","NO","NO","YES","0: 0  CONDITION DOES NOT APPLY","ALWAYS WITH RIGHT HAND","ALWAYS WITH RIGHT HAND","ALWAYS WITH RIGHT HAND","ALWAYS WITH RIGHT HAND","ALWAYS WITH LEFT HAND","1: 1  CONDITION APPLIES","1: 1  CONDITION APPLIES","NO","FEMALE","FEMALE"
1985,64735,4,1,2,33790,5,182,1,1,2,2,1,3,2,1,2,1,1,6,3,8,1,1,32,26,"Female","Black","South (AL, AR, DE, DC, FL, GA, KY, LA, MD, MS, NC, OK, SC, TN , TX, VA, WV)","None","In CBSA, not in central city","YES","3: Mother","NO","YES","NO","NO","NO","0: 0  CONDITION DOES NOT APPLY","ALWAYS WITH RIGHT HAND","ALWAYS WITH RIGHT HAND","ALWAYS WITH RIGHT HAND","ALWAYS WITH RIGHT HAND","ALWAYS WITH LEFT HAND","1: 1  CONDITION APPLIES","1: 1  CONDITION APPLIES","NO","MALE","MALE"
1983,64735,4,1,2,33790,5,181,2,1,1,5,3,2,2,1,1,1,1,5,2,7,1,1,32,20,"Female","Black","South (AL, AR, DE, DC, FL, GA, KY, LA, MD, MS, NC, OK, SC, TN , TX, VA, WV)","High school diploma (Regular 12 year program)","In CBSA, not in central city","NO","3: Mother","NO","YES","NO","NO","YES","0: 0  CONDITION DOES NOT APPLY","ALWAYS WITH RIGHT HAND","ALWAYS WITH RIGHT HAND","ALWAYS WITH RIGHT HAND","ALWAYS WITH RIGHT HAND","ALWAYS WITH LEFT HAND","1: 1  CONDITION APPLIES","0: 0  CONDITION DOES NOT APPLY","NO","FEMALE","FEMALE"
1986,64735,4,0,1,33790,5,183,1,2,2,2,3,3,2,1,2,2,1,4,3,6,1,1,53,30,"Male","Black","West (AK, AZ, CA, CO, HI, ID, MT, NV, NM, OR, UT, WA, WY)","GED","In CBSA, in central city","YES","3: Mother","NO","YES","NO","NO","NO","0: 0  CONDITION DOES NOT APPLY","ALWAYS WITH RIGHT HAND","ALWAYS WITH LEFT HAND","ALWAYS WITH LEFT HAND","ALWAYS WITH LEFT HAND","ALWAYS WITH LEFT HAND","1: 1  CONDITION APPLIES","1: 1  CONDITION APPLIES","NO","FEMALE","FEMALE"
1980,64735,2,0,1,33790,5,195,1,1,3,3,2,3,2,2,1,2,1,6,2,9,1,1,3,1,"Female","Hispanic","South (AL, AR, DE, DC, FL, GA, KY, LA, MD, MS, NC, OK, SC, TN , TX, VA, WV)","High school diploma (Regular 12 year program)","In CBSA, not in central city","NO","3: Mother","YES","NO","NO","NO","YES","0: 0  CONDITION DOES NOT APPLY","ALWAYS WITH LEFT HAND","ALWAYS WITH LEFT HAND","ALWAYS WITH LEFT HAND","ALWAYS WITH LEFT HAND","ALWAYS WITH LEFT HAND","1: 1  CONDITION APPLIES","1: 1  CONDITION APPLIES","NO","MALE","FEMALE"
1981,64735,4,1,2,33790,5,183,1,2,1,4,1,4,2,1,1,2,1,2,3,7,1,1,32,17,"Female","Non-Black / Non-Hispanic","Northeast (CT, ME, MA, NH, NJ, NY, PA, RI, VT)","High school diploma (Regular 12 year program)","Not in CBSA","NO","3: Mother","YES","NO","NO","YES","YES","0: 0  CONDITION DOES NOT APPLY","ALWAYS WITH RIGHT HAND","ALWAYS WITH RIGHT HAND","ALWAYS WITH RIGHT HAND","ALWAYS WITH RIGHT HAND","USUALLY WITH BOTH HANDS EQUALLY","1: 1  CONDITION APPLIES","1: 1  CONDITION APPLIES","NO","FEMALE","FEMALE"
1982,64735,4,1,2,33790,5,183,1,1,1,1,3,3,2,2,2,2,1,5,4,7,1,1,22,20,"Female","Black","South (AL, AR, DE, DC, FL, GA, KY, LA, MD, MS, NC, OK, SC, TN , TX, VA, WV)","High school diploma (Regular 12 year program)","In CBSA, not in central city","NO","3: Mother","NO","YES","NO","YES","NO","0: 0  CONDITION DOES NOT APPLY","ALWAYS WITH RIGHT HAND","ALWAYS WITH RIGHT HAND","ALWAYS WITH RIGHT HAND","ALWAYS WITH RIGHT HAND","ALWAYS WITH LEFT HAND","1: 1  CONDITION APPLIES","1: 1  CONDITION APPLIES","NO","FEMALE","FEMALE"
1982,64735,5,1,1,33790,5,184,2,3,1,4,4,4,2,2,2,2,1,3,3,7,1,2,30,18,"Male","Non-Black / Non-Hispanic","West (AK, AZ, CA, CO, HI, ID, MT, NV, NM, OR, UT, WA, WY)","None","In CBSA, not in central city","NO","3: Mother","NO","YES","NO","NO","NO","0: 0  CONDITION DOES NOT APPLY","ALWAYS WITH RIGHT HAND","ALWAYS WITH RIGHT HAND","ALWAYS WITH RIGHT HAND","ALWAYS WITH RIGHT HAND","ALWAYS WITH LEFT HAND","1: 1  CONDITION APPLIES","1: 1  CONDITION APPLIES","NO","FEMALE","FEMALE"
1980,64735,3,0,1,33790,5,183,1,2,2,2,3,4,2,2,1,2,1,4,3,7,1,1,32,22,"Male","Black","South (AL, AR, DE, DC, FL, GA, KY, LA, MD, MS, NC, OK, SC, TN , TX, VA, WV)","Bachelor's degree (BA, BS)","In CBSA, not in central city","NO","3: Mother","NO","NO","NO","NO","NO","0: 0  CONDITION DOES NOT APPLY","ALWAYS WITH RIGHT HAND","ALWAYS WITH LEFT HAND","ALWAYS WITH RIGHT HAND","ALWAYS WITH RIGHT HAND","ALWAYS WITH LEFT HAND","1: 1  CONDITION APPLIES","1: 1  CONDITION APPLIES","NO","FEMALE","FEMALE"
1980,64735,3,0,3,33790,6,183,1,3,3,4,2,5,2,2,2,2,2,6,1,3,2,5,66,35,"Male","Non-Black / Non-Hispanic","North Central (IL, IN, IA, KS, MI, MN, MO, NE, OH, ND, SD, WI)","High school diploma (Regular 12 year program)","In CBSA, in central city","YES","3: Mother","YES","NO","NO","NO","NO","1: 1  CONDITION APPLIES","ALWAYS WITH RIGHT HAND","ALWAYS WITH RIGHT HAND","ALWAYS WITH RIGHT HAND","ALWAYS WITH RIGHT HAND","ALWAYS WITH LEFT HAND","1: 1  CONDITION APPLIES","1: 1  CONDITION APPLIES","NO","FEMALE","FEMALE"
1983,64734,4,1,3,33790,5,179,2,3,2,3,4,6,1,2,2,2,1,4,3,9,1,1,21,10,"Female","Black","South (AL, AR, DE, DC, FL, GA, KY, LA, MD, MS, NC, OK, SC, TN , TX, VA, WV)","High school diploma (Regular 12 year program)","In CBSA, not in central city","NO","3: Mother","YES","YES","NO","NO","YES","0: 0  CONDITION DOES NOT APPLY","ALWAYS WITH RIGHT HAND","ALWAYS WITH RIGHT HAND","ALWAYS WITH RIGHT HAND","ALWAYS WITH RIGHT HAND","ALWAYS WITH RIGHT HAND","1: 1  CONDITION APPLIES","1: 1  CONDITION APPLIES","NO","MALE","MALE"
1983,64735,4,0,1,33790,5,181,2,2,3,2,1,5,2,1,1,1,1,6,3,5,1,1,53,26,"Female","Black","North Central (IL, IN, IA, KS, MI, MN, MO, NE, OH, ND, SD, WI)","High school diploma (Regular 12 year program)","In CBSA, not in central city","NO","3: Mother","NO","YES","NO","NO","NO","0: 0  CONDITION DOES NOT APPLY","ALWAYS WITH RIGHT HAND","ALWAYS WITH RIGHT HAND","ALWAYS WITH RIGHT HAND","ALWAYS WITH RIGHT HAND","ALWAYS WITH LEFT HAND","1: 1  CONDITION APPLIES","1: 1  CONDITION APPLIES","NO","MALE","FEMALE"
1980,64735,3,0,3,33790,5,187,1,2,3,2,4,5,2,2,1,2,1,6,2,6,1,1,34,26,"Male","Non-Black / Non-Hispanic","South (AL, AR, DE, DC, FL, GA, KY, LA, MD, MS, NC, OK, SC, TN , TX, VA, WV)","GED","In CBSA, in central city","NO","3: Mother","YES","NO","NO","NO","YES","0: 0  CONDITION DOES NOT APPLY","ALWAYS WITH RIGHT HAND","ALWAYS WITH RIGHT HAND","ALWAYS WITH RIGHT HAND","ALWAYS WITH RIGHT HAND","ALWAYS WITH LEFT HAND","1: 1  CONDITION APPLIES","1: 1  CONDITION APPLIES","NO","FEMALE","MALE"
1981,64735,3,1,3,33790,6,265,1,1,1,6,1,1,2,2,1,2,1,4,2,7,1,1,27,23,"Male","Black","South (AL, AR, DE, DC, FL, GA, KY, LA, MD, MS, NC, OK, SC, TN , TX, VA, WV)","High school diploma (Regular 12 year program)","In CBSA, not in central city","NO","3: Mother","NO","YES","NO","NO","YES","0: 0  CONDITION DOES NOT APPLY","ALWAYS WITH LEFT HAND","ALWAYS WITH RIGHT HAND","ALWAYS WITH LEFT HAND","ALWAYS WITH RIGHT HAND","ALWAYS WITH RIGHT HAND","1: 1  CONDITION APPLIES","1: 1  CONDITION APPLIES","NO","FEMALE","MALE"
1983,64735,3,0,3,33790,5,184,1,2,3,4,3,5,2,2,2,1,1,9,2,7,1,1,31,33,"Male","Black","South (AL, AR, DE, DC, FL, GA, KY, LA, MD, MS, NC, OK, SC, TN , TX, VA, WV)","Associate/Junior college (AA)","In CBSA, not in central city","YES","3: Mother","NO","YES","NO","NO","YES","0: 0  CONDITION DOES NOT APPLY","ALWAYS WITH LEFT HAND","ALWAYS WITH RIGHT HAND","ALWAYS WITH RIGHT HAND","ALWAYS WITH LEFT HAND","ALWAYS WITH LEFT HAND","1: 1  CONDITION APPLIES","1: 1  CONDITION APPLIES","NO","FEMALE","FEMALE"
1981,64735,1,0,6,33790,5,180,1,1,1,2,2,6,2,1,2,2,2,6,4,6,1,6,31,25,"Male","Black","South (AL, AR, DE, DC, FL, GA, KY, LA, MD, MS, NC, OK, SC, TN , TX, VA, WV)","None","In CBSA, in central city","NO","3: Mother","NO","YES","NO","NO","YES","0: 0  CONDITION DOES NOT APPLY","ALWAYS WITH RIGHT HAND","ALWAYS WITH RIGHT HAND","ALWAYS WITH RIGHT HAND","ALWAYS WITH RIGHT HAND","ALWAYS WITH RIGHT HAND","1: 1  CONDITION APPLIES","0: 0  CONDITION DOES NOT APPLY","NO","FEMALE","MALE"
1983,64735,3,0,1,33790,5,183,1,1,3,5,2,3,2,2,1,2,1,5,3,7,1,1,30,20,"Male","Non-Black / Non-Hispanic","South (AL, AR, DE, DC, FL, GA, KY, LA, MD, MS, NC, OK, SC, TN , TX, VA, WV)","High school diploma (Regular 12 year program)","In CBSA, in central city","NO","3: Mother","NO","NO","NO","NO","NO","0: 0  CONDITION DOES NOT APPLY","ALWAYS WITH RIGHT HAND","ALWAYS WITH RIGHT HAND","ALWAYS WITH RIGHT HAND","ALWAYS WITH RIGHT HAND","ALWAYS WITH LEFT HAND","1: 1  CONDITION APPLIES","1: 1  CONDITION APPLIES","NO","MALE","FEMALE"
1981,12205,1,0,1,33790,5,181,2,1,3,3,1,3,2,2,1,2,1,2,3,7,1,1,25,18,"Male","Black","North Central (IL, IN, IA, KS, MI, MN, MO, NE, OH, ND, SD, WI)","GED","In CBSA, in central city","NO","3: Mother","NO","NO","NO","NO","YES","0: 0  CONDITION DOES NOT APPLY","DON'T DO THIS ACTIVITY","DON'T DO THIS ACTIVITY","DON'T DO THIS ACTIVITY","DON'T DO THIS ACTIVITY","ALWAYS WITH LEFT HAND","1: 1  CONDITION APPLIES","1: 1  CONDITION APPLIES","NO","FEMALE","FEMALE"
1983,64735,4,1,4,33790,5,182,1,2,3,3,4,3,2,2,2,2,1,2,2,6,1,1,32,22,"Female","Black","South (AL, AR, DE, DC, FL, GA, KY, LA, MD, MS, NC, OK, SC, TN , TX, VA, WV)","GED","In CBSA, in central city","NO","3: Mother","NO","NO","NO","NO","YES","0: 0  CONDITION DOES NOT APPLY","ALWAYS WITH RIGHT HAND","ALWAYS WITH RIGHT HAND","ALWAYS WITH RIGHT HAND","ALWAYS WITH RIGHT HAND","ALWAYS WITH LEFT HAND","1: 1  CONDITION APPLIES","1: 1  CONDITION APPLIES","NO","MALE","MALE"
1982,64735,1,0,1,33790,5,183,1,2,3,3,2,5,2,2,2,2,2,8,1,7,1,1,32,24,"Female","Black","West (AK, AZ, CA, CO, HI, ID, MT, NV, NM, OR, UT, WA, WY)","High school diploma (Regular 12 year program)","In CBSA, not in central city","NO","3: Mother","NO","NO","YES","NO","YES","0: 0  CONDITION DOES NOT APPLY","ALWAYS WITH RIGHT HAND","ALWAYS WITH RIGHT HAND","ALWAYS WITH RIGHT HAND","ALWAYS WITH RIGHT HAND","ALWAYS WITH LEFT HAND","1: 1  CONDITION APPLIES","0: 0  CONDITION DOES NOT APPLY","NO","MALE","MALE"
1981,64735,5,0,2,33790,5,181,1,1,1,3,1,4,2,2,1,2,2,2,2,7,1,1,30,22,"Male","Black","South (AL, AR, DE, DC, FL, GA, KY, LA, MD, MS, NC, OK, SC, TN , TX, VA, WV)","High school diploma (Regular 12 year program)","In CBSA, not in central city","NO","3: Mother","NO","YES","NO","NO","NO","0: 0  CONDITION DOES NOT APPLY","ALWAYS WITH RIGHT HAND","ALWAYS WITH RIGHT HAND","ALWAYS WITH RIGHT HAND","ALWAYS WITH RIGHT HAND","ALWAYS WITH LEFT HAND","1: 1  CONDITION APPLIES","1: 1  CONDITION APPLIES","NO","MALE","MALE"
1980,64735,4,0,1,33790,5,185,2,2,1,4,3,3,2,2,2,2,1,6,2,4,1,1,66,29,"Male","Non-Black / Non-Hispanic","South (AL, AR, DE, DC, FL, GA, KY, LA, MD, MS, NC, OK, SC, TN , TX, VA, WV)","High school diploma (Regular 12 year program)","In CBSA, in central city","YES","3: Mother","YES","NO","NO","NO","YES","0: 0  CONDITION DOES NOT APPLY","ALWAYS WITH RIGHT HAND","ALWAYS WITH RIGHT HAND","ALWAYS WITH RIGHT HAND","ALWAYS WITH RIGHT HAND","ALWAYS WITH LEFT HAND","1: 1  CONDITION APPLIES","0: 0  CONDITION DOES NOT APPLY","NO","MALE","FEMALE"
1980,64735,3,1,3,33790,5,183,1,2,2,7,4,7,2,2,2,1,2,5,1,7,1,1,34,21,"Male","Hispanic","West (AK, AZ, CA, CO, HI, ID, MT, NV, NM, OR, UT, WA, WY)","High school diploma (Regular 12 year program)","In CBSA, in central city","NO","3: Mother","YES","YES","NO","NO","YES","0: 0  CONDITION DOES NOT APPLY","ALWAYS WITH RIGHT HAND","ALWAYS WITH RIGHT HAND","ALWAYS WITH RIGHT HAND","USUALLY WITH BOTH HANDS EQUALLY","ALWAYS WITH LEFT HAND","1: 1  CONDITION APPLIES","1: 1  CONDITION APPLIES","NO","FEMALE","MALE"
1984,64735,3,1,2,33790,5,183,1,2,1,3,4,3,2,2,1,2,1,8,6,6,1,1,30,18,"Female","Black","South (AL, AR, DE, DC, FL, GA, KY, LA, MD, MS, NC, OK, SC, TN , TX, VA, WV)","GED","In CBSA, in central city","NO","3: Mother","NO","YES","NO","NO","YES","0: 0  CONDITION DOES NOT APPLY","ALWAYS WITH RIGHT HAND","ALWAYS WITH RIGHT HAND","ALWAYS WITH RIGHT HAND","ALWAYS WITH RIGHT HAND","ALWAYS WITH LEFT HAND","1: 1  CONDITION APPLIES","1: 1  CONDITION APPLIES","NO","FEMALE","FEMALE"
1982,64735,2,0,1,33790,5,183,2,1,1,1,1,2,1,2,1,2,1,4,5,7,1,1,29,20,"Male","Black","South (AL, AR, DE, DC, FL, GA, KY, LA, MD, MS, NC, OK, SC, TN , TX, VA, WV)","None","In CBSA, not in central city","NO","3: Mother","NO","NO","NO","NO","NO","0: 0  CONDITION DOES NOT APPLY","ALWAYS WITH RIGHT HAND","ALWAYS WITH RIGHT HAND","ALWAYS WITH RIGHT HAND","ALWAYS WITH RIGHT HAND","ALWAYS WITH LEFT HAND","1: 1  CONDITION APPLIES","1: 1  CONDITION APPLIES","NO","FEMALE","FEMALE"
1980,17750,3,1,2,33790,5,350,1,2,1,5,2,2,2,2,1,2,1,3,2,7,1,1,28,21,"Male","Non-Black / Non-Hispanic","South (AL, AR, DE, DC, FL, GA, KY, LA, MD, MS, NC, OK, SC, TN , TX, VA, WV)","High school diploma (Regular 12 year program)","In CBSA, not in central city","YES","3: Mother","NO","YES","NO","NO","YES","0: 0  CONDITION DOES NOT APPLY","ALWAYS WITH RIGHT HAND","ALWAYS WITH RIGHT HAND","ALWAYS WITH RIGHT HAND","ALWAYS WITH RIGHT HAND","ALWAYS WITH LEFT HAND","1: 1  CONDITION APPLIES","1: 1  CONDITION APPLIES","NO","FEMALE","MALE"
1982,64735,5,2,3,33790,5,180,1,2,1,5,3,7,2,1,2,2,2,3,4,8,1,1,25,3,"Female","Black","South (AL, AR, DE, DC, FL, GA, KY, LA, MD, MS, NC, OK, SC, TN , TX, VA, WV)","Bachelor's degree (BA, BS)","In CBSA, not in central city","NO","3: Mother","NO","YES","NO","NO","NO","0: 0  CONDITION DOES NOT APPLY","ALWAYS WITH RIGHT HAND","ALWAYS WITH RIGHT HAND","ALWAYS WITH RIGHT HAND","ALWAYS WITH RIGHT HAND","ALWAYS WITH RIGHT HAND","1: 1  CONDITION APPLIES","0: 0  CONDITION DOES NOT APPLY","NO","FEMALE","MALE"
1981,64735,2,1,3,33790,5,184,1,2,3,4,3,1,2,1,2,1,1,8,1,8,1,1,29,20,"Female","Black","South (AL, AR, DE, DC, FL, GA, KY, LA, MD, MS, NC, OK, SC, TN , TX, VA, WV)","High school diploma (Regular 12 year program)","In CBSA, not in central city","NO","3: Mother","YES","NO","NO","NO","YES","0: 0  CONDITION DOES NOT APPLY","USUALLY WITH RIGHT HAND","ALWAYS WITH LEFT HAND","ALWAYS WITH LEFT HAND","ALWAYS WITH LEFT HAND","ALWAYS WITH RIGHT HAND","1: 1  CONDITION APPLIES","0: 0  CONDITION DOES NOT APPLY","NO","MALE","MALE"
1983,64735,3,0,5,33790,5,183,1,1,2,6,1,1,2,2,2,2,2,1,6,7,1,2,28,20,"Male","Black","North Central (IL, IN, IA, KS, MI, MN, MO, NE, OH, ND, SD, WI)","None","In CBSA, not in central city","YES","3: Mother","YES","YES","YES","NO","NO","0: 0  CONDITION DOES NOT APPLY","ALWAYS WITH RIGHT HAND","ALWAYS WITH RIGHT HAND","ALWAYS WITH RIGHT HAND","ALWAYS WITH RIGHT HAND","ALWAYS WITH LEFT HAND","1: 1  CONDITION APPLIES","1: 1  CONDITION APPLIES","NO","MALE","MALE"
1984,64735,4,1,1,33790,6,196,1,2,2,4,1,2,2,2,1,2,1,4,6,6,1,1,63,34,"Male","Non-Black / Non-Hispanic","West (AK, AZ, CA, CO, HI, ID, MT, NV, NM, OR, UT, WA, WY)","High school diploma (Regular 12 year program)","In CBSA, not in central city","YES","3: Mother","NO","NO","NO","NO","YES","0: 0  CONDITION DOES NOT APPLY","ALWAYS WITH RIGHT HAND","ALWAYS WITH RIGHT HAND","ALWAYS WITH LEFT HAND","ALWAYS WITH LEFT HAND","ALWAYS WITH LEFT HAND","1: 1  CONDITION APPLIES","1: 1  CONDITION APPLIES","NO","FEMALE","MALE"
1982,64735,4,0,2,33790,6,184,1,1,5,4,2,3,2,2,1,2,1,6,2,6,1,1,33,26,"Female","Black","South (AL, AR, DE, DC, FL, GA, KY, LA, MD, MS, NC, OK, SC, TN , TX, VA, WV)","High school diploma (Regular 12 year program)","In CBSA, not in central city","NO","3: Mother","YES","YES","NO","NO","YES","0: 0  CONDITION DOES NOT APPLY","ALWAYS WITH RIGHT HAND","ALWAYS WITH RIGHT HAND","ALWAYS WITH RIGHT HAND","ALWAYS WITH RIGHT HAND","USUALLY WITH LEFT HAND","1: 1  CONDITION APPLIES","1: 1  CONDITION APPLIES","NO","MALE","FEMALE"
1980,64735,4,0,2,33790,5,182,1,2,2,2,2,2,2,2,2,1,2,1,4,7,1,1,37,29,"Female","Black","South (AL, AR, DE, DC, FL, GA, KY, LA, MD, MS, NC, OK, SC, TN , TX, VA, WV)","None","In CBSA, not in central city","NO","3: Mother","NO","YES","NO","YES","NO","0: 0  CONDITION DOES NOT APPLY","ALWAYS WITH RIGHT HAND","ALWAYS WITH RIGHT HAND","ALWAYS WITH RIGHT HAND","ALWAYS WITH RIGHT HAND","ALWAYS WITH LEFT HAND","1: 1  CONDITION APPLIES","0: 0  CONDITION DOES NOT APPLY","NO","FEMALE","FEMALE"
1981,64735,4,0,2,33790,5,181,3,1,1,3,2,4,2,2,2,2,1,2,2,7,1,1,30,18,"Female","Black","South (AL, AR, DE, DC, FL, GA, KY, LA, MD, MS, NC, OK, SC, TN , TX, VA, WV)","High school diploma (Regular 12 year program)","In CBSA, in central city","NO","3: Mother","NO","YES","NO","NO","YES","0: 0  CONDITION DOES NOT APPLY","ALWAYS WITH RIGHT HAND","ALWAYS WITH RIGHT HAND","ALWAYS WITH RIGHT HAND","ALWAYS WITH RIGHT HAND","ALWAYS WITH LEFT HAND","1: 1  CONDITION APPLIES","1: 1  CONDITION APPLIES","NO","FEMALE","MALE"
1981,64735,4,0,3,33790,5,182,1,1,2,2,3,6,2,2,2,1,1,6,2,7,1,1,27,21,"Female","Black","South (AL, AR, DE, DC, FL, GA, KY, LA, MD, MS, NC, OK, SC, TN , TX, VA, WV)","GED","In CBSA, not in central city","NO","3: Mother","NO","YES","NO","NO","YES","0: 0  CONDITION DOES NOT APPLY","ALWAYS WITH RIGHT HAND","ALWAYS WITH RIGHT HAND","ALWAYS WITH RIGHT HAND","ALWAYS WITH RIGHT HAND","ALWAYS WITH LEFT HAND","1: 1  CONDITION APPLIES","1: 1  CONDITION APPLIES","NO","FEMALE","MALE"
1983,64735,3,0,1,33790,6,185,1,2,1,2,3,5,2,2,1,2,1,6,4,7,1,1,31,24,"Female","Non-Black / Non-Hispanic","South (AL, AR, DE, DC, FL, GA, KY, LA, MD, MS, NC, OK, SC, TN , TX, VA, WV)","High school diploma (Regular 12 year program)","In CBSA, in central city","NO","3: Mother","NO","YES","NO","NO","YES","0: 0  CONDITION DOES NOT APPLY","ALWAYS WITH RIGHT HAND","ALWAYS WITH RIGHT HAND","ALWAYS WITH RIGHT HAND","ALWAYS WITH RIGHT HAND","ALWAYS WITH LEFT HAND","1: 1  CONDITION APPLIES","1: 1  CONDITION APPLIES","NO","MALE","FEMALE"
1982,64735,3,0,3,23000,5,182,1,2,3,3,2,5,2,2,2,1,1,3,4,5,1,1,30,20,"Female","Non-Black / Non-Hispanic","South (AL, AR, DE, DC, FL, GA, KY, LA, MD, MS, NC, OK, SC, TN , TX, VA, WV)","GED","In CBSA, not in central city","NO","3: Mother","YES","NO","NO","NO","NO","0: 0  CONDITION DOES NOT APPLY","ALWAYS WITH RIGHT HAND","ALWAYS WITH RIGHT HAND","ALWAYS WITH RIGHT HAND","ALWAYS WITH RIGHT HAND","ALWAYS WITH LEFT HAND","1: 1  CONDITION APPLIES","1: 1  CONDITION APPLIES","NO","FEMALE","MALE"
1981,7500,4,0,2,33790,5,182,2,1,1,4,5,2,2,2,1,2,1,1,4,8,1,1,31,25,"Female","Black","South (AL, AR, DE, DC, FL, GA, KY, LA, MD, MS, NC, OK, SC, TN , TX, VA, WV)","High school diploma (Regular 12 year program)","In CBSA, not in central city","NO","3: Mother","YES","YES","NO","NO","YES","0: 0  CONDITION DOES NOT APPLY","ALWAYS WITH RIGHT HAND","ALWAYS WITH RIGHT HAND","ALWAYS WITH RIGHT HAND","ALWAYS WITH RIGHT HAND","ALWAYS WITH LEFT HAND","1: 1  CONDITION APPLIES","0: 0  CONDITION DOES NOT APPLY","NO","FEMALE","MALE"
1984,64735,4,0,1,33790,5,182,2,2,2,3,2,2,2,2,1,2,2,5,2,6,1,1,28,19,"Male","Non-Black / Non-Hispanic","West (AK, AZ, CA, CO, HI, ID, MT, NV, NM, OR, UT, WA, WY)","None","In CBSA, not in central city","NO","3: Mother","NO","NO","NO","NO","YES","0: 0  CONDITION DOES NOT APPLY","ALWAYS WITH RIGHT HAND","ALWAYS WITH RIGHT HAND","ALWAYS WITH RIGHT HAND","ALWAYS WITH RIGHT HAND","ALWAYS WITH LEFT HAND","1: 1  CONDITION APPLIES","1: 1  CONDITION APPLIES","NO","FEMALE","FEMALE"
1985,64735,3,1,2,33790,6,187,1,2,2,9,3,3,2,1,1,2,1,3,2,6,1,1,29,24,"Male","Black","South (AL, AR, DE, DC, FL, GA, KY, LA, MD, MS, NC, OK, SC, TN , TX, VA, WV)","GED","In CBSA, not in central city","NO","3: Mother","NO","YES","NO","NO","YES","0: 0  CONDITION DOES NOT APPLY","ALWAYS WITH RIGHT HAND","ALWAYS WITH RIGHT HAND","ALWAYS WITH RIGHT HAND","ALWAYS WITH RIGHT HAND","ALWAYS WITH LEFT HAND","1: 1  CONDITION APPLIES","1: 1  CONDITION APPLIES","NO","FEMALE","MALE"
1980,7500,5,1,3,33790,5,183,1,1,2,4,2,4,2,2,1,1,1,3,3,7,1,1,29,20,"Male","Non-Black / Non-Hispanic","South (AL, AR, DE, DC, FL, GA, KY, LA, MD, MS, NC, OK, SC, TN , TX, VA, WV)","None","In CBSA, not in central city","NO","3: Mother","YES","YES","NO","NO","NO","0: 0  CONDITION DOES NOT APPLY","ALWAYS WITH RIGHT HAND","ALWAYS WITH RIGHT HAND","ALWAYS WITH LEFT HAND","ALWAYS WITH RIGHT HAND","ALWAYS WITH RIGHT HAND","1: 1  CONDITION APPLIES","1: 1  CONDITION APPLIES","NO","FEMALE","MALE"
1982,79000,2,0,2,33790,5,197,1,2,2,5,3,4,2,2,1,2,1,6,2,5,1,1,35,23,"Female","Non-Black / Non-Hispanic","South (AL, AR, DE, DC, FL, GA, KY, LA, MD, MS, NC, OK, SC, TN , TX, VA, WV)","High school diploma (Regular 12 year program)","In CBSA, in central city","NO","3: Mother","NO","NO","NO","NO","YES","0: 0  CONDITION DOES NOT APPLY","ALWAYS WITH LEFT HAND","ALWAYS WITH RIGHT HAND","ALWAYS WITH RIGHT HAND","ALWAYS WITH RIGHT HAND","ALWAYS WITH LEFT HAND","1: 1  CONDITION APPLIES","1: 1  CONDITION APPLIES","NO","FEMALE","MALE"
1983,64735,3,0,1,33790,5,181,1,1,3,2,5,5,2,2,1,1,2,2,2,8,1,1,40,61,"Male","Black","South (AL, AR, DE, DC, FL, GA, KY, LA, MD, MS, NC, OK, SC, TN , TX, VA, WV)","High school diploma (Regular 12 year program)","In CBSA, in central city","YES","3: Mother","YES","YES","NO","NO","NO","0: 0  CONDITION DOES NOT APPLY","ALWAYS WITH LEFT HAND","ALWAYS WITH RIGHT HAND","ALWAYS WITH RIGHT HAND","ALWAYS WITH RIGHT HAND","ALWAYS WITH LEFT HAND","1: 1  CONDITION APPLIES","1: 1  CONDITION APPLIES","NO","FEMALE","MALE"
1982,64735,3,0,1,33790,5,180,1,2,3,3,1,6,2,2,1,2,1,3,1,7,1,1,32,12,"Male","Non-Black / Non-Hispanic","South (AL, AR, DE, DC, FL, GA, KY, LA, MD, MS, NC, OK, SC, TN , TX, VA, WV)","High school diploma (Regular 12 year program)","In CBSA, not in central city","NO","3: Mother","YES","NO","NO","NO","YES","0: 0  CONDITION DOES NOT APPLY","ALWAYS WITH RIGHT HAND","ALWAYS WITH RIGHT HAND","ALWAYS WITH LEFT HAND","ALWAYS WITH RIGHT HAND","ALWAYS WITH LEFT HAND","1: 1  CONDITION APPLIES","1: 1  CONDITION APPLIES","NO","MALE","FEMALE"
1982,64735,3,0,1,33790,5,184,1,1,3,4,4,3,2,2,1,2,1,5,2,5,1,1,35,22,"Male","Black","West (AK, AZ, CA, CO, HI, ID, MT, NV, NM, OR, UT, WA, WY)","High school diploma (Regular 12 year program)","In CBSA, not in central city","NO","3: Mother","YES","YES","NO","NO","YES","0: 0  CONDITION DOES NOT APPLY","ALWAYS WITH RIGHT HAND","ALWAYS WITH RIGHT HAND","ALWAYS WITH RIGHT HAND","ALWAYS WITH RIGHT HAND","ALWAYS WITH LEFT HAND","1: 1  CONDITION APPLIES","1: 1  CONDITION APPLIES","NO","MALE","FEMALE"
1984,64735,2,0,7,33790,5,180,1,2,3,3,2,5,2,1,1,2,2,5,3,5,1,6,36,25,"Male","Black","South (AL, AR, DE, DC, FL, GA, KY, LA, MD, MS, NC, OK, SC, TN , TX, VA, WV)","High school diploma (Regular 12 year program)","In CBSA, in central city","YES","3: Mother","NO","NO","NO","NO","NO","0: 0  CONDITION DOES NOT APPLY","ALWAYS WITH LEFT HAND","USUALLY WITH BOTH HANDS EQUALLY","ALWAYS WITH RIGHT HAND","ALWAYS WITH LEFT HAND","ALWAYS WITH LEFT HAND","1: 1  CONDITION APPLIES","1: 1  CONDITION APPLIES","NO","FEMALE","FEMALE"
1982,64735,3,0,3,33790,5,181,2,1,3,3,1,4,2,2,1,1,1,5,3,9,1,1,28,5,"Female","Non-Black / Non-Hispanic","West (AK, AZ, CA, CO, HI, ID, MT, NV, NM, OR, UT, WA, WY)","High school diploma (Regular 12 year program)","In CBSA, not in central city","NO","3: Mother","YES","NO","NO","NO","YES","0: 0  CONDITION DOES NOT APPLY","ALWAYS WITH RIGHT HAND","ALWAYS WITH RIGHT HAND","ALWAYS WITH RIGHT HAND","ALWAYS WITH RIGHT HAND","ALWAYS WITH LEFT HAND","1: 1  CONDITION APPLIES","1: 1  CONDITION APPLIES","NO","MALE","FEMALE"
1981,64735,3,1,1,33790,5,182,2,2,2,5,3,5,2,2,2,2,1,3,4,7,1,1,25,1,"Male","Black","South (AL, AR, DE, DC, FL, GA, KY, LA, MD, MS, NC, OK, SC, TN , TX, VA, WV)","High school diploma (Regular 12 year program)","In CBSA, in central city","NO","3: Mother","YES","NO","NO","NO","YES","0: 0  CONDITION DOES NOT APPLY","ALWAYS WITH RIGHT HAND","ALWAYS WITH RIGHT HAND","ALWAYS WITH RIGHT HAND","ALWAYS WITH RIGHT HAND","ALWAYS WITH LEFT HAND","0: 0  CONDITION DOES NOT APPLY","1: 1  CONDITION APPLIES","NO","MALE","FEMALE"
1982,64735,2,0,2,33790,5,223,1,1,1,1,1,3,2,2,2,2,1,6,2,7,1,1,30,21,"Female","Non-Black / Non-Hispanic","South (AL, AR, DE, DC, FL, GA, KY, LA, MD, MS, NC, OK, SC, TN , TX, VA, WV)","Bachelor's degree (BA, BS)","In CBSA, in central city","NO","3: Mother","NO","NO","NO","NO","YES","0: 0  CONDITION DOES NOT APPLY","ALWAYS WITH RIGHT HAND","ALWAYS WITH RIGHT HAND","ALWAYS WITH RIGHT HAND","ALWAYS WITH RIGHT HAND","ALWAYS WITH LEFT HAND","1: 1  CONDITION APPLIES","1: 1  CONDITION APPLIES","NO","FEMALE","MALE"
1981,64735,5,0,5,33790,5,178,1,3,1,2,1,4,1,2,1,1,1,2,3,7,1,1,32,20,"Female","Black","Northeast (CT, ME, MA, NH, NJ, NY, PA, RI, VT)","None","In CBSA, in central city","NO","3: Mother","NO","YES","NO","NO","YES","0: 0  CONDITION DOES NOT APPLY","ALWAYS WITH RIGHT HAND","ALWAYS WITH RIGHT HAND","ALWAYS WITH RIGHT HAND","ALWAYS WITH RIGHT HAND","ALWAYS WITH LEFT HAND","1: 1  CONDITION APPLIES","1: 1  CONDITION APPLIES","NO","MALE","MALE"
1981,45550,3,0,1,33790,5,179,1,1,3,2,4,4,2,2,2,2,2,6,2,4,1,1,29,18,"Male","Black","South (AL, AR, DE, DC, FL, GA, KY, LA, MD, MS, NC, OK, SC, TN , TX, VA, WV)","Bachelor's degree (BA, BS)","In CBSA, in central city","NO","3: Mother","NO","YES","NO","NO","YES","0: 0  CONDITION DOES NOT APPLY","ALWAYS WITH RIGHT HAND","ALWAYS WITH RIGHT HAND","USUALLY WITH BOTH HANDS EQUALLY","ALWAYS WITH RIGHT HAND","ALWAYS WITH LEFT HAND","1: 1  CONDITION APPLIES","1: 1  CONDITION APPLIES","YES","MALE","FEMALE"
1980,1094,3,2,2,33790,6,183,1,2,3,6,4,7,2,2,2,1,2,5,6,6,1,1,26,5,"Male","Black","South (AL, AR, DE, DC, FL, GA, KY, LA, MD, MS, NC, OK, SC, TN , TX, VA, WV)","GED","In CBSA, not in central city","NO","3: Mother","NO","NO","NO","NO","YES","0: 0  CONDITION DOES NOT APPLY","ALWAYS WITH RIGHT HAND","ALWAYS WITH RIGHT HAND","ALWAYS WITH RIGHT HAND","ALWAYS WITH RIGHT HAND","ALWAYS WITH LEFT HAND","0: 0  CONDITION DOES NOT APPLY","1: 1  CONDITION APPLIES","NO","MALE","MALE"
1980,64735,6,0,1,33790,5,182,1,2,2,3,3,4,2,1,1,1,1,3,2,6,1,1,36,28,"Female","Black","South (AL, AR, DE, DC, FL, GA, KY, LA, MD, MS, NC, OK, SC, TN , TX, VA, WV)","GED","In CBSA, not in central city","NO","3: Mother","NO","NO","NO","NO","NO","0: 0  CONDITION DOES NOT APPLY","ALWAYS WITH RIGHT HAND","ALWAYS WITH RIGHT HAND","ALWAYS WITH RIGHT HAND","ALWAYS WITH RIGHT HAND","ALWAYS WITH LEFT HAND","1: 1  CONDITION APPLIES","1: 1  CONDITION APPLIES","YES","FEMALE","FEMALE"
1981,17850,3,0,4,33790,5,183,1,1,1,4,2,3,2,2,2,2,2,5,2,6,1,1,32,22,"Male","Black","South (AL, AR, DE, DC, FL, GA, KY, LA, MD, MS, NC, OK, SC, TN , TX, VA, WV)","High school diploma (Regular 12 year program)","In CBSA, in central city","NO","3: Mother","NO","NO","NO","NO","NO","0: 0  CONDITION DOES NOT APPLY","ALWAYS WITH RIGHT HAND","ALWAYS WITH RIGHT HAND","ALWAYS WITH RIGHT HAND","ALWAYS WITH RIGHT HAND","ALWAYS WITH LEFT HAND","1: 1  CONDITION APPLIES","1: 1  CONDITION APPLIES","NO","FEMALE","FEMALE"
1985,64735,3,0,4,33790,6,167,1,1,3,2,3,2,2,2,2,2,2,6,4,7,1,1,31,21,"Female","Non-Black / Non-Hispanic","Northeast (CT, ME, MA, NH, NJ, NY, PA, RI, VT)","High school diploma (Regular 12 year program)","In CBSA, not in central city","NO","3: Mother","NO","YES","NO","NO","NO","0: 0  CONDITION DOES NOT APPLY","ALWAYS WITH RIGHT HAND","ALWAYS WITH RIGHT HAND","ALWAYS WITH RIGHT HAND","ALWAYS WITH RIGHT HAND","ALWAYS WITH LEFT HAND","1: 1  CONDITION APPLIES","1: 1  CONDITION APPLIES","NO","FEMALE","MALE"
1981,64735,3,1,1,33790,5,183,1,1,2,5,3,2,1,2,1,2,2,5,2,5,1,1,31,21,"Male","Black","South (AL, AR, DE, DC, FL, GA, KY, LA, MD, MS, NC, OK, SC, TN , TX, VA, WV)","High school diploma (Regular 12 year program)","In CBSA, not in central city","NO","3: Mother","YES","NO","NO","NO","YES","0: 0  CONDITION DOES NOT APPLY","ALWAYS WITH RIGHT HAND","ALWAYS WITH RIGHT HAND","ALWAYS WITH RIGHT HAND","ALWAYS WITH RIGHT HAND","ALWAYS WITH LEFT HAND","1: 1  CONDITION APPLIES","1: 1  CONDITION APPLIES","NO","MALE","FEMALE"
1983,64735,4,0,2,32500,5,184,1,1,4,4,2,3,2,2,1,2,1,5,2,7,1,1,28,19,"Female","Non-Black / Non-Hispanic","South (AL, AR, DE, DC, FL, GA, KY, LA, MD, MS, NC, OK, SC, TN , TX, VA, WV)","High school diploma (Regular 12 year program)","In CBSA, not in central city","NO","3: Mother","YES","NO","NO","NO","YES","0: 0  CONDITION DOES NOT APPLY","ALWAYS WITH RIGHT HAND","ALWAYS WITH RIGHT HAND","ALWAYS WITH RIGHT HAND","ALWAYS WITH RIGHT HAND","ALWAYS WITH LEFT HAND","1: 1  CONDITION APPLIES","1: 1  CONDITION APPLIES","NO","MALE","FEMALE"
1981,64735,5,0,3,33790,5,158,1,1,3,2,3,5,2,2,1,2,1,6,3,6,1,1,27,18,"Female","Non-Black / Non-Hispanic","South (AL, AR, DE, DC, FL, GA, KY, LA, MD, MS, NC, OK, SC, TN , TX, VA, WV)","High school diploma (Regular 12 year program)","In CBSA, not in central city","NO","3: Mother","NO","NO","NO","NO","YES","0: 0  CONDITION DOES NOT APPLY","ALWAYS WITH RIGHT HAND","ALWAYS WITH RIGHT HAND","ALWAYS WITH RIGHT HAND","ALWAYS WITH RIGHT HAND","ALWAYS WITH LEFT HAND","1: 1  CONDITION APPLIES","1: 1  CONDITION APPLIES","NO","FEMALE","MALE"
1982,64735,2,0,3,33790,5,184,2,1,4,1,1,3,2,2,2,2,1,4,1,8,1,1,30,26,"Male","Black","South (AL, AR, DE, DC, FL, GA, KY, LA, MD, MS, NC, OK, SC, TN , TX, VA, WV)","GED","In CBSA, in central city","YES","3: Mother","YES","NO","NO","NO","NO","0: 0  CONDITION DOES NOT APPLY","ALWAYS WITH RIGHT HAND","ALWAYS WITH RIGHT HAND","ALWAYS WITH RIGHT HAND","ALWAYS WITH RIGHT HAND","ALWAYS WITH LEFT HAND","1: 1  CONDITION APPLIES","1: 1  CONDITION APPLIES","NO","FEMALE","MALE"
1981,17500,3,0,2,33790,5,182,1,1,4,4,3,5,2,2,1,2,2,6,2,5,1,1,26,14,"Female","Hispanic","Northeast (CT, ME, MA, NH, NJ, NY, PA, RI, VT)","High school diploma (Regular 12 year program)","In CBSA, not in central city","NO","3: Mother","NO","NO","NO","NO","NO","0: 0  CONDITION DOES NOT APPLY","DON'T DO THIS ACTIVITY","DON'T DO THIS ACTIVITY","DON'T DO THIS ACTIVITY","DON'T DO THIS ACTIVITY","ALWAYS WITH LEFT HAND","1: 1  CONDITION APPLIES","1: 1  CONDITION APPLIES","NO","FEMALE","FEMALE"
1981,64735,4,0,3,33790,5,184,2,1,3,2,2,2,2,2,1,2,1,6,3,6,1,1,31,24,"Male","Non-Black / Non-Hispanic","South (AL, AR, DE, DC, FL, GA, KY, LA, MD, MS, NC, OK, SC, TN , TX, VA, WV)","High school diploma (Regular 12 year program)","In CBSA, in central city","NO","3: Mother","NO","YES","NO","NO","YES","0: 0  CONDITION DOES NOT APPLY","ALWAYS WITH RIGHT HAND","ALWAYS WITH RIGHT HAND","ALWAYS WITH RIGHT HAND","ALWAYS WITH RIGHT HAND","ALWAYS WITH LEFT HAND","1: 1  CONDITION APPLIES","1: 1  CONDITION APPLIES","NO","MALE","MALE"
1982,45250,4,0,1,22000,5,183,1,2,1,3,4,5,2,2,1,2,1,2,3,7,1,1,29,22,"Female","Black","South (AL, AR, DE, DC, FL, GA, KY, LA, MD, MS, NC, OK, SC, TN , TX, VA, WV)","High school diploma (Regular 12 year program)","In CBSA, in central city","NO","3: Mother","YES","YES","NO","NO","YES","0: 0  CONDITION DOES NOT APPLY","ALWAYS WITH RIGHT HAND","ALWAYS WITH RIGHT HAND","ALWAYS WITH RIGHT HAND","ALWAYS WITH RIGHT HAND","ALWAYS WITH LEFT HAND","1: 1  CONDITION APPLIES","1: 1  CONDITION APPLIES","NO","FEMALE","FEMALE"
1983,64735,2,0,1,33790,5,165,1,2,2,3,4,2,2,1,2,1,2,3,2,6,2,2,36,26,"Male","Non-Black / Non-Hispanic","South (AL, AR, DE, DC, FL, GA, KY, LA, MD, MS, NC, OK, SC, TN , TX, VA, WV)","High school diploma (Regular 12 year program)","In CBSA, not in central city","YES","3: Mother","NO","NO","NO","NO","NO","0: 0  CONDITION DOES NOT APPLY","ALWAYS WITH RIGHT HAND","ALWAYS WITH RIGHT HAND","ALWAYS WITH RIGHT HAND","ALWAYS WITH RIGHT HAND","ALWAYS WITH LEFT HAND","1: 1  CONDITION APPLIES","1: 1  CONDITION APPLIES","NO","FEMALE","FEMALE"
1981,64735,5,2,1,33790,5,183,2,1,2,5,2,4,2,2,1,2,2,4,1,7,1,1,5,11,"Male","Black","West (AK, AZ, CA, CO, HI, ID, MT, NV, NM, OR, UT, WA, WY)","Master's degree (MA, MS)","In CBSA, not in central city","NO","3: Mother","YES","YES","NO","NO","YES","0: 0  CONDITION DOES NOT APPLY","ALWAYS WITH RIGHT HAND","ALWAYS WITH RIGHT HAND","ALWAYS WITH RIGHT HAND","USUALLY WITH RIGHT HAND","ALWAYS WITH LEFT HAND","1: 1  CONDITION APPLIES","1: 1  CONDITION APPLIES","NO","FEMALE","MALE"
1983,64735,4,0,3,33790,6,124,1,1,3,3,3,4,2,2,2,1,1,6,3,6,1,1,31,22,"Female","Non-Black / Non-Hispanic","South (AL, AR, DE, DC, FL, GA, KY, LA, MD, MS, NC, OK, SC, TN , TX, VA, WV)","High school diploma (Regular 12 year program)","In CBSA, not in central city","NO","3: Mother","YES","NO","NO","NO","YES","0: 0  CONDITION DOES NOT APPLY","ALWAYS WITH RIGHT HAND","ALWAYS WITH RIGHT HAND","ALWAYS WITH RIGHT HAND","ALWAYS WITH RIGHT HAND","ALWAYS WITH LEFT HAND","1: 1  CONDITION APPLIES","1: 1  CONDITION APPLIES","NO","FEMALE","MALE"
1981,0,5,1,1,33790,5,150,2,3,2,2,5,4,2,2,2,1,1,1,2,4,1,1,32,19,"Female","Black","North Central (IL, IN, IA, KS, MI, MN, MO, NE, OH, ND, SD, WI)","None","In CBSA, not in central city","YES","3: Mother","YES","YES","NO","NO","NO","0: 0  CONDITION DOES NOT APPLY","ALWAYS WITH RIGHT HAND","ALWAYS WITH RIGHT HAND","ALWAYS WITH RIGHT HAND","ALWAYS WITH RIGHT HAND","ALWAYS WITH LEFT HAND","1: 1  CONDITION APPLIES","1: 1  CONDITION APPLIES","NO","FEMALE","FEMALE"
1982,64735,3,0,3,33790,5,183,1,1,2,3,3,4,2,2,2,1,1,5,3,7,1,1,26,21,"Male","Black","South (AL, AR, DE, DC, FL, GA, KY, LA, MD, MS, NC, OK, SC, TN , TX, VA, WV)","GED","In CBSA, not in central city","NO","3: Mother","YES","YES","NO","NO","YES","0: 0  CONDITION DOES NOT APPLY","ALWAYS WITH RIGHT HAND","ALWAYS WITH RIGHT HAND","ALWAYS WITH RIGHT HAND","ALWAYS WITH RIGHT HAND","ALWAYS WITH LEFT HAND","1: 1  CONDITION APPLIES","1: 1  CONDITION APPLIES","NO","FEMALE","MALE"
1982,64735,2,0,1,33790,6,245,1,2,2,5,4,5,2,2,2,2,2,3,2,5,1,1,35,22,"Male","Non-Black / Non-Hispanic","South (AL, AR, DE, DC, FL, GA, KY, LA, MD, MS, NC, OK, SC, TN , TX, VA, WV)","High school diploma (Regular 12 year program)","In CBSA, not in central city","YES","3: Mother","YES","NO","NO","NO","YES","0: 0  CONDITION DOES NOT APPLY","ALWAYS WITH RIGHT HAND","USUALLY WITH BOTH HANDS EQUALLY","ALWAYS WITH RIGHT HAND","ALWAYS WITH RIGHT HAND","ALWAYS WITH LEFT HAND","1: 1  CONDITION APPLIES","0: 0  CONDITION DOES NOT APPLY","NO","FEMALE","MALE"
1980,64735,5,1,3,33790,5,184,1,1,3,4,1,3,2,2,2,1,1,6,1,7,1,1,32,28,"Female","Non-Black / Non-Hispanic","South (AL, AR, DE, DC, FL, GA, KY, LA, MD, MS, NC, OK, SC, TN , TX, VA, WV)","High school diploma (Regular 12 year program)","In CBSA, not in central city","YES","3: Mother","YES","NO","NO","NO","YES","0: 0  CONDITION DOES NOT APPLY","ALWAYS WITH RIGHT HAND","ALWAYS WITH RIGHT HAND","ALWAYS WITH RIGHT HAND","ALWAYS WITH RIGHT HAND","ALWAYS WITH LEFT HAND","1: 1  CONDITION APPLIES","1: 1  CONDITION APPLIES","NO","FEMALE","MALE"
1981,35500,5,1,4,33790,5,182,2,1,1,5,7,7,1,1,2,1,1,7,2,8,1,1,32,23,"Female","Black","South (AL, AR, DE, DC, FL, GA, KY, LA, MD, MS, NC, OK, SC, TN , TX, VA, WV)","Bachelor's degree (BA, BS)","In CBSA, not in central city","NO","3: Mother","NO","YES","NO","NO","YES","0: 0  CONDITION DOES NOT APPLY","ALWAYS WITH RIGHT HAND","ALWAYS WITH RIGHT HAND","ALWAYS WITH RIGHT HAND","ALWAYS WITH RIGHT HAND","ALWAYS WITH LEFT HAND","1: 1  CONDITION APPLIES","1: 1  CONDITION APPLIES","NO","FEMALE","MALE"
1982,64735,4,1,3,33790,5,125,1,1,1,3,4,4,1,2,1,2,2,5,1,8,1,1,31,13,"Female","Black","North Central (IL, IN, IA, KS, MI, MN, MO, NE, OH, ND, SD, WI)","None","In CBSA, not in central city","NO","3: Mother","YES","NO","NO","NO","YES","0: 0  CONDITION DOES NOT APPLY","ALWAYS WITH RIGHT HAND","ALWAYS WITH RIGHT HAND","ALWAYS WITH RIGHT HAND","ALWAYS WITH RIGHT HAND","ALWAYS WITH LEFT HAND","1: 1  CONDITION APPLIES","1: 1  CONDITION APPLIES","NO","MALE","FEMALE"
1980,64735,2,0,1,33790,5,185,1,2,1,4,3,2,1,2,2,2,1,2,3,6,1,1,32,24,"Male","Black","South (AL, AR, DE, DC, FL, GA, KY, LA, MD, MS, NC, OK, SC, TN , TX, VA, WV)","GED","In CBSA, in central city","NO","3: Mother","YES","NO","NO","NO","YES","0: 0  CONDITION DOES NOT APPLY","ALWAYS WITH RIGHT HAND","ALWAYS WITH RIGHT HAND","ALWAYS WITH RIGHT HAND","ALWAYS WITH RIGHT HAND","ALWAYS WITH LEFT HAND","1: 1  CONDITION APPLIES","1: 1  CONDITION APPLIES","NO","FEMALE","MALE"
1982,64735,5,0,4,33790,5,181,1,1,1,3,2,2,2,2,1,2,1,1,1,4,1,1,26,20,"Female","Black","South (AL, AR, DE, DC, FL, GA, KY, LA, MD, MS, NC, OK, SC, TN , TX, VA, WV)","GED","Not in CBSA","NO","3: Mother","YES","YES","YES","NO","YES","0: 0  CONDITION DOES NOT APPLY","ALWAYS WITH RIGHT HAND","USUALLY WITH LEFT HAND","ALWAYS WITH RIGHT HAND","ALWAYS WITH RIGHT HAND","ALWAYS WITH LEFT HAND","1: 1  CONDITION APPLIES","1: 1  CONDITION APPLIES","NO","FEMALE","FEMALE"
1983,64735,7,2,1,33790,5,183,2,2,2,4,5,4,2,2,1,2,1,3,3,5,1,1,28,14,"Female","Black","North Central (IL, IN, IA, KS, MI, MN, MO, NE, OH, ND, SD, WI)","High school diploma (Regular 12 year program)","In CBSA, not in central city","NO","3: Mother","NO","YES","NO","NO","YES","0: 0  CONDITION DOES NOT APPLY","ALWAYS WITH RIGHT HAND","ALWAYS WITH RIGHT HAND","ALWAYS WITH RIGHT HAND","ALWAYS WITH RIGHT HAND","ALWAYS WITH LEFT HAND","1: 1  CONDITION APPLIES","1: 1  CONDITION APPLIES","NO","MALE","MALE"
1982,37000,3,0,2,33790,5,184,1,2,1,3,2,5,2,2,2,1,1,3,2,7,1,1,34,20,"Female","Black","South (AL, AR, DE, DC, FL, GA, KY, LA, MD, MS, NC, OK, SC, TN , TX, VA, WV)","GED","In CBSA, not in central city","YES","3: Mother","NO","YES","NO","NO","YES","0: 0  CONDITION DOES NOT APPLY","ALWAYS WITH RIGHT HAND","ALWAYS WITH RIGHT HAND","ALWAYS WITH RIGHT HAND","ALWAYS WITH RIGHT HAND","ALWAYS WITH LEFT HAND","0: 0  CONDITION DOES NOT APPLY","1: 1  CONDITION APPLIES","NO","MALE","MALE"
1984,64735,3,0,4,33790,5,184,1,1,4,4,2,3,2,2,2,2,1,5,1,7,1,3,45,61,"Male","Hispanic","North Central (IL, IN, IA, KS, MI, MN, MO, NE, OH, ND, SD, WI)","None","In CBSA, in central city","YES","3: Mother","YES","YES","NO","NO","NO","0: 0  CONDITION DOES NOT APPLY","USUALLY WITH RIGHT HAND","ALWAYS WITH RIGHT HAND","ALWAYS WITH RIGHT HAND","USUALLY WITH BOTH HANDS EQUALLY","ALWAYS WITH LEFT HAND","1: 1  CONDITION APPLIES","1: 1  CONDITION APPLIES","NO","FEMALE","MALE"
1981,64735,4,1,3,33790,5,255,2,3,3,5,6,7,2,1,1,2,2,1,1,8,1,1,26,21,"Female","Black","South (AL, AR, DE, DC, FL, GA, KY, LA, MD, MS, NC, OK, SC, TN , TX, VA, WV)","High school diploma (Regular 12 year program)","In CBSA, not in central city","NO","3: Mother","YES","YES","YES","NO","YES","0: 0  CONDITION DOES NOT APPLY","ALWAYS WITH RIGHT HAND","ALWAYS WITH RIGHT HAND","ALWAYS WITH RIGHT HAND","ALWAYS WITH RIGHT HAND","ALWAYS WITH LEFT HAND","1: 1  CONDITION APPLIES","1: 1  CONDITION APPLIES","NO","FEMALE","FEMALE"
1980,47000,1,0,3,33790,5,335,1,2,4,5,2,3,2,1,1,1,1,7,6,6,1,1,29,22,"Male","Non-Black / Non-Hispanic","South (AL, AR, DE, DC, FL, GA, KY, LA, MD, MS, NC, OK, SC, TN , TX, VA, WV)","High school diploma (Regular 12 year program)","In CBSA, not in central city","YES","3: Mother","YES","YES","NO","NO","YES","0: 0  CONDITION DOES NOT APPLY","ALWAYS WITH RIGHT HAND","ALWAYS WITH RIGHT HAND","ALWAYS WITH RIGHT HAND","ALWAYS WITH RIGHT HAND","ALWAYS WITH LEFT HAND","1: 1  CONDITION APPLIES","1: 1  CONDITION APPLIES","NO","FEMALE","MALE"
1982,64735,3,0,1,30000,5,185,2,2,3,5,4,5,2,1,1,1,2,5,1,8,1,1,29,22,"Male","Non-Black / Non-Hispanic","North Central (IL, IN, IA, KS, MI, MN, MO, NE, OH, ND, SD, WI)","Associate/Junior college (AA)","In CBSA, not in central city","YES","3: Mother","YES","YES","NO","YES","NO","0: 0  CONDITION DOES NOT APPLY","ALWAYS WITH RIGHT HAND","ALWAYS WITH RIGHT HAND","ALWAYS WITH RIGHT HAND","ALWAYS WITH RIGHT HAND","ALWAYS WITH LEFT HAND","1: 1  CONDITION APPLIES","0: 0  CONDITION DOES NOT APPLY","NO","MALE","MALE"
1983,64735,7,1,6,33790,5,181,1,1,1,3,2,3,2,2,2,2,1,4,2,6,1,1,28,20,"Female","Black","South (AL, AR, DE, DC, FL, GA, KY, LA, MD, MS, NC, OK, SC, TN , TX, VA, WV)","Associate/Junior college (AA)","In CBSA, not in central city","YES","3: Mother","NO","YES","NO","NO","YES","0: 0  CONDITION DOES NOT APPLY","ALWAYS WITH RIGHT HAND","ALWAYS WITH RIGHT HAND","ALWAYS WITH RIGHT HAND","ALWAYS WITH RIGHT HAND","USUALLY WITH BOTH HANDS EQUALLY","1: 1  CONDITION APPLIES","1: 1  CONDITION APPLIES","NO","FEMALE","FEMALE"
1981,64735,3,0,1,33790,5,183,1,1,2,3,3,3,2,2,1,2,1,4,3,7,1,1,30,22,"Female","Non-Black / Non-Hispanic","North Central (IL, IN, IA, KS, MI, MN, MO, NE, OH, ND, SD, WI)","High school diploma (Regular 12 year program)","In CBSA, not in central city","NO","3: Mother","YES","NO","NO","NO","YES","0: 0  CONDITION DOES NOT APPLY","ALWAYS WITH RIGHT HAND","ALWAYS WITH RIGHT HAND","ALWAYS WITH RIGHT HAND","ALWAYS WITH RIGHT HAND","ALWAYS WITH LEFT HAND","1: 1  CONDITION APPLIES","1: 1  CONDITION APPLIES","NO","FEMALE","MALE"
1981,64735,2,0,1,33790,6,240,1,2,2,3,3,2,2,2,2,2,1,6,2,5,1,1,34,21,"Male","Non-Black / Non-Hispanic","South (AL, AR, DE, DC, FL, GA, KY, LA, MD, MS, NC, OK, SC, TN , TX, VA, WV)","High school diploma (Regular 12 year program)","In CBSA, in central city","NO","3: Mother","NO","NO","NO","NO","YES","0: 0  CONDITION DOES NOT APPLY","ALWAYS WITH LEFT HAND","ALWAYS WITH RIGHT HAND","ALWAYS WITH RIGHT HAND","ALWAYS WITH RIGHT HAND","ALWAYS WITH LEFT HAND","1: 1  CONDITION APPLIES","1: 1  CONDITION APPLIES","NO","FEMALE","FEMALE"
1981,64735,2,0,3,33790,5,183,2,1,3,3,5,2,2,2,2,2,1,6,3,8,1,1,29,22,"Male","Black","South (AL, AR, DE, DC, FL, GA, KY, LA, MD, MS, NC, OK, SC, TN , TX, VA, WV)","Bachelor's degree (BA, BS)","In CBSA, in central city","YES","3: Mother","NO","YES","YES","NO","YES","0: 0  CONDITION DOES NOT APPLY","ALWAYS WITH RIGHT HAND","ALWAYS WITH RIGHT HAND","USUALLY WITH LEFT HAND","ALWAYS WITH RIGHT HAND","USUALLY WITH RIGHT HAND","1: 1  CONDITION APPLIES","1: 1  CONDITION APPLIES","NO","FEMALE","MALE"
1985,64735,4,0,1,33790,5,183,1,2,1,5,2,1,2,1,1,2,1,5,2,6,1,1,28,21,"Male","Non-Black / Non-Hispanic","South (AL, AR, DE, DC, FL, GA, KY, LA, MD, MS, NC, OK, SC, TN , TX, VA, WV)","GED","In CBSA, in central city","YES","3: Mother","NO","YES","NO","NO","NO","0: 0  CONDITION DOES NOT APPLY","ALWAYS WITH RIGHT HAND","ALWAYS WITH RIGHT HAND","ALWAYS WITH RIGHT HAND","ALWAYS WITH RIGHT HAND","ALWAYS WITH LEFT HAND","1: 1  CONDITION APPLIES","1: 1  CONDITION APPLIES","NO","FEMALE","MALE"
1982,64735,4,1,3,33790,5,183,1,1,4,4,3,4,2,2,1,2,1,8,1,4,1,1,26,19,"Female","Black","South (AL, AR, DE, DC, FL, GA, KY, LA, MD, MS, NC, OK, SC, TN , TX, VA, WV)","High school diploma (Regular 12 year program)","In CBSA, not in central city","YES","3: Mother","YES","NO","YES","NO","YES","0: 0  CONDITION DOES NOT APPLY","ALWAYS WITH RIGHT HAND","USUALLY WITH RIGHT HAND","ALWAYS WITH RIGHT HAND","ALWAYS WITH RIGHT HAND","ALWAYS WITH LEFT HAND","1: 1  CONDITION APPLIES","1: 1  CONDITION APPLIES","NO","FEMALE","MALE"
1987,7250,3,0,4,33790,5,182,1,2,1,3,2,5,2,1,1,1,1,7,1,7,1,1,30,22,"Female","Black","South (AL, AR, DE, DC, FL, GA, KY, LA, MD, MS, NC, OK, SC, TN , TX, VA, WV)","High school diploma (Regular 12 year program)","In CBSA, not in central city","NO","3: Mother","YES","YES","NO","NO","NO","0: 0  CONDITION DOES NOT APPLY","ALWAYS WITH RIGHT HAND","ALWAYS WITH RIGHT HAND","ALWAYS WITH RIGHT HAND","ALWAYS WITH RIGHT HAND","ALWAYS WITH LEFT HAND","1: 1  CONDITION APPLIES","1: 1  CONDITION APPLIES","YES","FEMALE","MALE"
1981,60250,4,0,1,20000,5,160,1,1,2,3,2,7,1,1,1,2,1,5,4,6,1,1,27,1,"Female","Black","South (AL, AR, DE, DC, FL, GA, KY, LA, MD, MS, NC, OK, SC, TN , TX, VA, WV)","GED","In CBSA, in central city","NO","3: Mother","NO","NO","YES","NO","YES","0: 0  CONDITION DOES NOT APPLY","ALWAYS WITH RIGHT HAND","ALWAYS WITH RIGHT HAND","ALWAYS WITH RIGHT HAND","ALWAYS WITH RIGHT HAND","ALWAYS WITH RIGHT HAND","1: 1  CONDITION APPLIES","1: 1  CONDITION APPLIES","NO","MALE","FEMALE"
1983,64735,3,1,1,12000,5,182,1,1,1,3,2,4,2,1,1,1,2,6,3,7,1,1,27,21,"Male","Black","Northeast (CT, ME, MA, NH, NJ, NY, PA, RI, VT)","Master's degree (MA, MS)","In CBSA, in central city","NO","3: Mother","NO","NO","NO","NO","NO","0: 0  CONDITION DOES NOT APPLY","ALWAYS WITH RIGHT HAND","ALWAYS WITH RIGHT HAND","ALWAYS WITH RIGHT HAND","ALWAYS WITH RIGHT HAND","ALWAYS WITH LEFT HAND","1: 1  CONDITION APPLIES","1: 1  CONDITION APPLIES","NO","MALE","MALE"
1980,64735,2,0,1,33790,6,185,1,2,3,4,1,3,2,2,2,2,2,1,3,7,1,2,32,25,"Male","Non-Black / Non-Hispanic","South (AL, AR, DE, DC, FL, GA, KY, LA, MD, MS, NC, OK, SC, TN , TX, VA, WV)","High school diploma (Regular 12 year program)","In CBSA, in central city","YES","3: Mother","NO","YES","NO","NO","NO","0: 0  CONDITION DOES NOT APPLY","ALWAYS WITH RIGHT HAND","ALWAYS WITH RIGHT HAND","ALWAYS WITH RIGHT HAND","ALWAYS WITH RIGHT HAND","ALWAYS WITH LEFT HAND","1: 1  CONDITION APPLIES","1: 1  CONDITION APPLIES","NO","FEMALE","MALE"
1981,64735,3,1,2,33790,5,183,1,2,1,5,3,3,2,2,1,2,2,6,2,7,1,1,32,23,"Male","Black","South (AL, AR, DE, DC, FL, GA, KY, LA, MD, MS, NC, OK, SC, TN , TX, VA, WV)","High school diploma (Regular 12 year program)","In CBSA, not in central city","NO","3: Mother","YES","YES","NO","NO","YES","0: 0  CONDITION DOES NOT APPLY","ALWAYS WITH RIGHT HAND","ALWAYS WITH RIGHT HAND","ALWAYS WITH RIGHT HAND","ALWAYS WITH RIGHT HAND","ALWAYS WITH LEFT HAND","1: 1  CONDITION APPLIES","1: 1  CONDITION APPLIES","NO","FEMALE","MALE"
1980,64735,4,1,1,33790,5,160,2,2,2,2,2,5,2,1,2,2,2,4,1,7,1,2,32,20,"Female","Non-Black / Non-Hispanic","South (AL, AR, DE, DC, FL, GA, KY, LA, MD, MS, NC, OK, SC, TN , TX, VA, WV)","Bachelor's degree (BA, BS)","In CBSA, in central city","NO","3: Mother","NO","NO","NO","NO","YES","0: 0  CONDITION DOES NOT APPLY","ALWAYS WITH RIGHT HAND","ALWAYS WITH RIGHT HAND","ALWAYS WITH RIGHT HAND","ALWAYS WITH RIGHT HAND","USUALLY WITH BOTH HANDS EQUALLY","1: 1  CONDITION APPLIES","1: 1  CONDITION APPLIES","NO","FEMALE","MALE"
1984,64735,2,0,2,33790,5,184,1,1,1,2,3,5,2,2,1,2,1,6,2,6,1,1,35,25,"Female","Black","South (AL, AR, DE, DC, FL, GA, KY, LA, MD, MS, NC, OK, SC, TN , TX, VA, WV)","High school diploma (Regular 12 year program)","In CBSA, in central city","NO","3: Mother","NO","NO","NO","NO","YES","0: 0  CONDITION DOES NOT APPLY","ALWAYS WITH RIGHT HAND","ALWAYS WITH RIGHT HAND","ALWAYS WITH RIGHT HAND","ALWAYS WITH RIGHT HAND","ALWAYS WITH LEFT HAND","1: 1  CONDITION APPLIES","1: 1  CONDITION APPLIES","NO","FEMALE","MALE"
1981,64735,3,1,3,24000,5,183,1,1,1,2,1,3,2,1,1,2,1,6,2,6,1,1,7,14,"Female","Black","North Central (IL, IN, IA, KS, MI, MN, MO, NE, OH, ND, SD, WI)","GED","In CBSA, in central city","NO","3: Mother","YES","YES","NO","NO","YES","0: 0  CONDITION DOES NOT APPLY","ALWAYS WITH RIGHT HAND","ALWAYS WITH RIGHT HAND","ALWAYS WITH RIGHT HAND","ALWAYS WITH RIGHT HAND","ALWAYS WITH LEFT HAND","1: 1  CONDITION APPLIES","0: 0  CONDITION DOES NOT APPLY","NO","MALE","MALE"
1982,64735,3,1,1,33790,5,182,1,1,2,3,3,4,2,2,1,2,2,6,5,5,1,1,31,20,"Male","Black","North Central (IL, IN, IA, KS, MI, MN, MO, NE, OH, ND, SD, WI)","GED","In CBSA, in central city","NO","3: Mother","NO","NO","NO","NO","YES","0: 0  CONDITION DOES NOT APPLY","ALWAYS WITH RIGHT HAND","ALWAYS WITH RIGHT HAND","ALWAYS WITH RIGHT HAND","ALWAYS WITH RIGHT HAND","ALWAYS WITH LEFT HAND","0: 0  CONDITION DOES NOT APPLY","1: 1  CONDITION APPLIES","NO","FEMALE","MALE"
1985,64735,5,1,1,33790,6,180,2,1,4,3,2,4,2,2,2,2,1,5,2,6,1,1,29,21,"Male","Black","North Central (IL, IN, IA, KS, MI, MN, MO, NE, OH, ND, SD, WI)","High school diploma (Regular 12 year program)","In CBSA, not in central city","NO","3: Mother","YES","YES","NO","NO","NO","0: 0  CONDITION DOES NOT APPLY","ALWAYS WITH RIGHT HAND","ALWAYS WITH RIGHT HAND","ALWAYS WITH RIGHT HAND","ALWAYS WITH RIGHT HAND","ALWAYS WITH LEFT HAND","1: 1  CONDITION APPLIES","1: 1  CONDITION APPLIES","NO","FEMALE","MALE"
1983,64735,3,0,3,33790,5,181,1,1,2,4,3,2,2,2,2,2,1,3,2,8,1,1,30,20,"Female","Non-Black / Non-Hispanic","North Central (IL, IN, IA, KS, MI, MN, MO, NE, OH, ND, SD, WI)","High school diploma (Regular 12 year program)","In CBSA, not in central city","NO","3: Mother","NO","YES","YES","NO","YES","0: 0  CONDITION DOES NOT APPLY","ALWAYS WITH RIGHT HAND","ALWAYS WITH RIGHT HAND","ALWAYS WITH RIGHT HAND","ALWAYS WITH RIGHT HAND","ALWAYS WITH LEFT HAND","1: 1  CONDITION APPLIES","1: 1  CONDITION APPLIES","NO","MALE","MALE"
1983,64735,3,2,2,33790,5,184,1,2,4,2,4,3,2,2,1,2,1,5,2,7,1,1,31,22,"Female","Non-Black / Non-Hispanic","South (AL, AR, DE, DC, FL, GA, KY, LA, MD, MS, NC, OK, SC, TN , TX, VA, WV)","High school diploma (Regular 12 year program)","In CBSA, in central city","NO","3: Mother","YES","NO","NO","NO","YES","0: 0  CONDITION DOES NOT APPLY","ALWAYS WITH RIGHT HAND","ALWAYS WITH RIGHT HAND","ALWAYS WITH RIGHT HAND","ALWAYS WITH RIGHT HAND","USUALLY WITH LEFT HAND","1: 1  CONDITION APPLIES","1: 1  CONDITION APPLIES","NO","FEMALE","MALE"
1981,64735,1,0,2,33790,6,180,2,1,2,4,1,2,2,3,2,2,2,6,4,5,1,1,28,22,"Male","Black","North Central (IL, IN, IA, KS, MI, MN, MO, NE, OH, ND, SD, WI)","Bachelor's degree (BA, BS)","In CBSA, in central city","NO","3: Mother","YES","NO","NO","NO","YES","0: 0  CONDITION DOES NOT APPLY","ALWAYS WITH RIGHT HAND","ALWAYS WITH RIGHT HAND","ALWAYS WITH RIGHT HAND","ALWAYS WITH RIGHT HAND","ALWAYS WITH LEFT HAND","1: 1  CONDITION APPLIES","1: 1  CONDITION APPLIES","NO","FEMALE","FEMALE"
1980,64735,2,1,2,33790,5,184,2,2,3,2,1,2,2,2,2,2,2,6,3,7,1,1,8,17,"Female","Hispanic","North Central (IL, IN, IA, KS, MI, MN, MO, NE, OH, ND, SD, WI)","High school diploma (Regular 12 year program)","In CBSA, in central city","NO","3: Mother","YES","YES","NO","NO","YES","0: 0  CONDITION DOES NOT APPLY","ALWAYS WITH LEFT HAND","USUALLY WITH BOTH HANDS EQUALLY","USUALLY WITH LEFT HAND","ALWAYS WITH RIGHT HAND","ALWAYS WITH LEFT HAND","1: 1  CONDITION APPLIES","1: 1  CONDITION APPLIES","NO","MALE","FEMALE"
1980,64735,6,1,3,33790,5,169,1,3,3,4,4,3,2,2,1,2,1,3,2,5,1,1,33,24,"Female","Non-Black / Non-Hispanic","North Central (IL, IN, IA, KS, MI, MN, MO, NE, OH, ND, SD, WI)","GED","In CBSA, in central city","YES","3: Mother","NO","YES","NO","NO","YES","0: 0  CONDITION DOES NOT APPLY","ALWAYS WITH RIGHT HAND","ALWAYS WITH RIGHT HAND","ALWAYS WITH RIGHT HAND","ALWAYS WITH RIGHT HAND","ALWAYS WITH LEFT HAND","1: 1  CONDITION APPLIES","1: 1  CONDITION APPLIES","NO","FEMALE","FEMALE"
1983,64735,3,0,5,33790,5,184,2,3,2,4,2,5,2,2,1,2,1,2,1,7,1,1,27,18,"Female","Non-Black / Non-Hispanic","North Central (IL, IN, IA, KS, MI, MN, MO, NE, OH, ND, SD, WI)","High school diploma (Regular 12 year program)","In CBSA, in central city","NO","3: Mother","YES","YES","NO","NO","YES","0: 0  CONDITION DOES NOT APPLY","ALWAYS WITH RIGHT HAND","ALWAYS WITH RIGHT HAND","USUALLY WITH LEFT HAND","ALWAYS WITH RIGHT HAND","ALWAYS WITH LEFT HAND","1: 1  CONDITION APPLIES","1: 1  CONDITION APPLIES","NO","FEMALE","MALE"
1981,64735,4,0,4,33790,5,184,1,2,2,3,2,3,2,2,2,2,2,5,1,8,1,1,1,16,"Female","Non-Black / Non-Hispanic","North Central (IL, IN, IA, KS, MI, MN, MO, NE, OH, ND, SD, WI)","GED","In CBSA, in central city","NO","3: Mother","NO","NO","NO","NO","YES","0: 0  CONDITION DOES NOT APPLY","ALWAYS WITH RIGHT HAND","ALWAYS WITH RIGHT HAND","ALWAYS WITH RIGHT HAND","ALWAYS WITH RIGHT HAND","ALWAYS WITH LEFT HAND","1: 1  CONDITION APPLIES","1: 1  CONDITION APPLIES","NO","FEMALE","MALE"
1983,64735,4,1,7,33790,5,182,1,1,2,4,2,4,2,1,2,2,1,2,2,5,1,1,28,21,"Male","Black","South (AL, AR, DE, DC, FL, GA, KY, LA, MD, MS, NC, OK, SC, TN , TX, VA, WV)","GED","In CBSA, in central city","NO","3: Mother","NO","NO","NO","NO","YES","0: 0  CONDITION DOES NOT APPLY","ALWAYS WITH RIGHT HAND","ALWAYS WITH LEFT HAND","ALWAYS WITH RIGHT HAND","ALWAYS WITH RIGHT HAND","ALWAYS WITH LEFT HAND","1: 1  CONDITION APPLIES","1: 1  CONDITION APPLIES","NO","MALE","MALE"
1980,64735,2,0,1,33790,5,285,1,1,2,4,4,3,2,1,1,1,1,2,2,4,1,1,41,46,"Male","Black","South (AL, AR, DE, DC, FL, GA, KY, LA, MD, MS, NC, OK, SC, TN , TX, VA, WV)","High school diploma (Regular 12 year program)","In CBSA, not in central city","YES","3: Mother","YES","YES","YES","NO","NO","0: 0  CONDITION DOES NOT APPLY","ALWAYS WITH RIGHT HAND","ALWAYS WITH RIGHT HAND","ALWAYS WITH RIGHT HAND","ALWAYS WITH RIGHT HAND","ALWAYS WITH LEFT HAND","1: 1  CONDITION APPLIES","1: 1  CONDITION APPLIES","NO","FEMALE","FEMALE"
1983,64735,4,0,2,33790,5,182,1,2,1,3,1,3,2,1,2,1,1,6,3,7,1,1,28,21,"Male","Black","South (AL, AR, DE, DC, FL, GA, KY, LA, MD, MS, NC, OK, SC, TN , TX, VA, WV)","High school diploma (Regular 12 year program)","In CBSA, not in central city","YES","3: Mother","YES","NO","NO","NO","NO","0: 0  CONDITION DOES NOT APPLY","ALWAYS WITH RIGHT HAND","ALWAYS WITH RIGHT HAND","ALWAYS WITH RIGHT HAND","ALWAYS WITH RIGHT HAND","ALWAYS WITH LEFT HAND","1: 1  CONDITION APPLIES","1: 1  CONDITION APPLIES","NO","FEMALE","MALE"
1983,40000,3,1,1,33790,6,186,1,1,3,3,3,3,2,2,1,2,2,3,2,4,1,1,45,24,"Male","Non-Black / Non-Hispanic","North Central (IL, IN, IA, KS, MI, MN, MO, NE, OH, ND, SD, WI)","GED","In CBSA, in central city","YES","3: Mother","YES","NO","NO","NO","NO","0: 0  CONDITION DOES NOT APPLY","ALWAYS WITH RIGHT HAND","ALWAYS WITH RIGHT HAND","ALWAYS WITH RIGHT HAND","ALWAYS WITH RIGHT HAND","ALWAYS WITH LEFT HAND","1: 1  CONDITION APPLIES","1: 1  CONDITION APPLIES","NO","FEMALE","MALE"
1983,64735,3,0,2,30000,5,160,1,2,3,4,4,5,2,1,1,1,1,6,2,6,1,1,26,19,"Female","Non-Black / Non-Hispanic","South (AL, AR, DE, DC, FL, GA, KY, LA, MD, MS, NC, OK, SC, TN , TX, VA, WV)","High school diploma (Regular 12 year program)","In CBSA, not in central city","NO","3: Mother","YES","NO","NO","NO","YES","0: 0  CONDITION DOES NOT APPLY","ALWAYS WITH RIGHT HAND","ALWAYS WITH RIGHT HAND","ALWAYS WITH RIGHT HAND","ALWAYS WITH RIGHT HAND","ALWAYS WITH LEFT HAND","0: 0  CONDITION DOES NOT APPLY","1: 1  CONDITION APPLIES","NO","MALE","MALE"
1980,64735,3,0,4,33790,5,185,1,1,4,2,1,3,2,2,2,2,1,4,2,7,1,1,30,20,"Male","Non-Black / Non-Hispanic","North Central (IL, IN, IA, KS, MI, MN, MO, NE, OH, ND, SD, WI)","High school diploma (Regular 12 year program)","In CBSA, not in central city","NO","3: Mother","YES","NO","NO","NO","YES","0: 0  CONDITION DOES NOT APPLY","ALWAYS WITH RIGHT HAND","ALWAYS WITH RIGHT HAND","ALWAYS WITH RIGHT HAND","ALWAYS WITH RIGHT HAND","ALWAYS WITH LEFT HAND","1: 1  CONDITION APPLIES","1: 1  CONDITION APPLIES","NO","FEMALE","FEMALE"
1983,64735,3,0,2,40000,6,265,1,2,3,6,2,5,2,2,1,2,2,3,2,5,1,1,32,24,"Male","Non-Black / Non-Hispanic","South (AL, AR, DE, DC, FL, GA, KY, LA, MD, MS, NC, OK, SC, TN , TX, VA, WV)","High school diploma (Regular 12 year program)","In CBSA, not in central city","NO","3: Mother","YES","NO","YES","NO","YES","0: 0  CONDITION DOES NOT APPLY","ALWAYS WITH RIGHT HAND","ALWAYS WITH RIGHT HAND","ALWAYS WITH RIGHT HAND","ALWAYS WITH RIGHT HAND","ALWAYS WITH LEFT HAND","1: 1  CONDITION APPLIES","1: 1  CONDITION APPLIES","NO","FEMALE","FEMALE"
1983,64735,2,1,3,33790,5,183,1,1,3,1,2,2,2,2,2,2,1,4,3,7,1,1,30,17,"Male","Non-Black / Non-Hispanic","North Central (IL, IN, IA, KS, MI, MN, MO, NE, OH, ND, SD, WI)","GED","In CBSA, in central city","YES","3: Mother","NO","YES","NO","NO","YES","0: 0  CONDITION DOES NOT APPLY","ALWAYS WITH RIGHT HAND","ALWAYS WITH RIGHT HAND","ALWAYS WITH RIGHT HAND","ALWAYS WITH RIGHT HAND","ALWAYS WITH LEFT HAND","0: 0  CONDITION DOES NOT APPLY","1: 1  CONDITION APPLIES","NO","FEMALE","FEMALE"
1987,64735,2,0,1,33790,5,108,2,2,5,1,5,2,2,2,1,2,2,2,4,7,1,1,34,24,"Female","Non-Black / Non-Hispanic","South (AL, AR, DE, DC, FL, GA, KY, LA, MD, MS, NC, OK, SC, TN , TX, VA, WV)","High school diploma (Regular 12 year program)","In CBSA, in central city","NO","3: Mother","YES","YES","NO","NO","YES","0: 0  CONDITION DOES NOT APPLY","ALWAYS WITH RIGHT HAND","ALWAYS WITH LEFT HAND","ALWAYS WITH RIGHT HAND","ALWAYS WITH RIGHT HAND","ALWAYS WITH LEFT HAND","1: 1  CONDITION APPLIES","0: 0  CONDITION DOES NOT APPLY","NO","MALE","FEMALE"
1983,64735,3,0,2,200,5,187,2,2,3,1,1,4,2,2,2,2,2,5,2,6,1,1,29,19,"Female","Black","South (AL, AR, DE, DC, FL, GA, KY, LA, MD, MS, NC, OK, SC, TN , TX, VA, WV)","High school diploma (Regular 12 year program)","In CBSA, not in central city","NO","3: Mother","YES","NO","NO","NO","YES","0: 0  CONDITION DOES NOT APPLY","ALWAYS WITH LEFT HAND","ALWAYS WITH LEFT HAND","ALWAYS WITH LEFT HAND","ALWAYS WITH LEFT HAND","ALWAYS WITH RIGHT HAND","1: 1  CONDITION APPLIES","1: 1  CONDITION APPLIES","NO","FEMALE","FEMALE"
1982,60750,7,2,1,33790,5,183,1,1,3,4,3,5,2,2,1,2,2,4,3,5,1,1,27,16,"Male","Non-Black / Non-Hispanic","North Central (IL, IN, IA, KS, MI, MN, MO, NE, OH, ND, SD, WI)","None","In CBSA, in central city","NO","3: Mother","YES","YES","NO","NO","NO","0: 0  CONDITION DOES NOT APPLY","ALWAYS WITH RIGHT HAND","USUALLY WITH RIGHT HAND","USUALLY WITH RIGHT HAND","ALWAYS WITH RIGHT HAND","ALWAYS WITH LEFT HAND","1: 1  CONDITION APPLIES","1: 1  CONDITION APPLIES","NO","FEMALE","FEMALE"
1982,64735,3,0,4,33790,5,182,1,1,2,1,3,2,2,2,2,2,2,3,3,8,1,1,32,19,"Male","Non-Black / Non-Hispanic","South (AL, AR, DE, DC, FL, GA, KY, LA, MD, MS, NC, OK, SC, TN , TX, VA, WV)","High school diploma (Regular 12 year program)","In CBSA, in central city","NO","3: Mother","YES","NO","YES","NO","YES","0: 0  CONDITION DOES NOT APPLY","ALWAYS WITH RIGHT HAND","ALWAYS WITH RIGHT HAND","ALWAYS WITH RIGHT HAND","ALWAYS WITH RIGHT HAND","ALWAYS WITH RIGHT HAND","1: 1  CONDITION APPLIES","1: 1  CONDITION APPLIES","NO","MALE","MALE"
1982,64735,5,1,1,33790,5,181,1,1,3,3,2,2,2,2,1,2,1,8,4,7,1,1,28,20,"Male","Non-Black / Non-Hispanic","Northeast (CT, ME, MA, NH, NJ, NY, PA, RI, VT)","High school diploma (Regular 12 year program)","In CBSA, not in central city","NO","3: Mother","YES","YES","YES","NO","YES","0: 0  CONDITION DOES NOT APPLY","ALWAYS WITH RIGHT HAND","ALWAYS WITH RIGHT HAND","ALWAYS WITH RIGHT HAND","ALWAYS WITH RIGHT HAND","ALWAYS WITH LEFT HAND","1: 1  CONDITION APPLIES","1: 1  CONDITION APPLIES","YES","FEMALE","MALE"
1980,64735,4,0,2,39000,5,181,2,1,3,4,4,2,1,2,1,1,1,5,2,7,1,1,23,6,"Female","Black","North Central (IL, IN, IA, KS, MI, MN, MO, NE, OH, ND, SD, WI)","Associate/Junior college (AA)","Not in CBSA","NO","3: Mother","YES","YES","NO","NO","YES","0: 0  CONDITION DOES NOT APPLY","ALWAYS WITH RIGHT HAND","ALWAYS WITH RIGHT HAND","ALWAYS WITH LEFT HAND","ALWAYS WITH RIGHT HAND","ALWAYS WITH LEFT HAND","1: 1  CONDITION APPLIES","1: 1  CONDITION APPLIES","NO","MALE","FEMALE"
1981,64735,3,0,1,33790,5,183,1,2,2,3,3,5,2,1,2,2,2,2,3,6,1,1,35,22,"Male","Black","North Central (IL, IN, IA, KS, MI, MN, MO, NE, OH, ND, SD, WI)","None","In CBSA, in central city","NO","3: Mother","NO","YES","NO","NO","YES","0: 0  CONDITION DOES NOT APPLY","ALWAYS WITH RIGHT HAND","ALWAYS WITH RIGHT HAND","ALWAYS WITH RIGHT HAND","USUALLY WITH BOTH HANDS EQUALLY","ALWAYS WITH LEFT HAND","1: 1  CONDITION APPLIES","1: 1  CONDITION APPLIES","NO","FEMALE","MALE"
1981,64735,2,0,1,33790,5,181,1,1,1,2,2,3,2,2,2,1,1,2,2,8,2,1,33,22,"Female","Black","South (AL, AR, DE, DC, FL, GA, KY, LA, MD, MS, NC, OK, SC, TN , TX, VA, WV)","High school diploma (Regular 12 year program)","In CBSA, in central city","NO","3: Mother","NO","YES","NO","NO","NO","0: 0  CONDITION DOES NOT APPLY","ALWAYS WITH RIGHT HAND","USUALLY WITH BOTH HANDS EQUALLY","USUALLY WITH BOTH HANDS EQUALLY","ALWAYS WITH RIGHT HAND","ALWAYS WITH LEFT HAND","1: 1  CONDITION APPLIES","1: 1  CONDITION APPLIES","YES","FEMALE","MALE"
1981,64735,4,0,2,33790,6,184,2,1,2,5,5,5,2,2,1,2,1,4,1,6,2,1,27,21,"Male","Non-Black / Non-Hispanic","South (AL, AR, DE, DC, FL, GA, KY, LA, MD, MS, NC, OK, SC, TN , TX, VA, WV)","High school diploma (Regular 12 year program)","In CBSA, in central city","NO","3: Mother","NO","YES","NO","NO","YES","0: 0  CONDITION DOES NOT APPLY","ALWAYS WITH RIGHT HAND","ALWAYS WITH RIGHT HAND","ALWAYS WITH RIGHT HAND","ALWAYS WITH RIGHT HAND","ALWAYS WITH LEFT HAND","1: 1  CONDITION APPLIES","1: 1  CONDITION APPLIES","NO","MALE","FEMALE"
1980,64735,3,0,3,15600,5,183,1,2,3,2,2,3,2,2,1,1,2,3,2,8,1,1,31,21,"Female","Black","South (AL, AR, DE, DC, FL, GA, KY, LA, MD, MS, NC, OK, SC, TN , TX, VA, WV)","High school diploma (Regular 12 year program)","In CBSA, in central city","NO","3: Mother","NO","NO","NO","NO","NO","0: 0  CONDITION DOES NOT APPLY","ALWAYS WITH RIGHT HAND","ALWAYS WITH RIGHT HAND","ALWAYS WITH RIGHT HAND","ALWAYS WITH RIGHT HAND","ALWAYS WITH LEFT HAND","1: 1  CONDITION APPLIES","1: 1  CONDITION APPLIES","NO","MALE","MALE"
1981,64735,5,2,2,33790,5,181,1,2,4,4,3,3,2,2,1,2,1,7,3,8,1,1,23,13,"Female","Non-Black / Non-Hispanic","North Central (IL, IN, IA, KS, MI, MN, MO, NE, OH, ND, SD, WI)","High school diploma (Regular 12 year program)","In CBSA, in central city","NO","3: Mother","YES","NO","NO","NO","YES","0: 0  CONDITION DOES NOT APPLY","ALWAYS WITH RIGHT HAND","ALWAYS WITH RIGHT HAND","ALWAYS WITH RIGHT HAND","ALWAYS WITH RIGHT HAND","ALWAYS WITH RIGHT HAND","1: 1  CONDITION APPLIES","1: 1  CONDITION APPLIES","NO","FEMALE","MALE"
1981,64735,5,1,2,26400,5,100,1,1,5,3,4,4,1,2,1,1,1,6,1,8,1,2,33,27,"Female","Non-Black / Non-Hispanic","Northeast (CT, ME, MA, NH, NJ, NY, PA, RI, VT)","Master's degree (MA, MS)","In CBSA, in central city","NO","3: Mother","YES","NO","NO","NO","NO","0: 0  CONDITION DOES NOT APPLY","ALWAYS WITH RIGHT HAND","ALWAYS WITH RIGHT HAND","ALWAYS WITH RIGHT HAND","USUALLY WITH BOTH HANDS EQUALLY","ALWAYS WITH LEFT HAND","1: 1  CONDITION APPLIES","1: 1  CONDITION APPLIES","NO","MALE","MALE"
1984,64735,2,1,2,33790,5,183,1,1,4,4,4,3,2,2,1,1,1,2,2,6,1,1,31,30,"Female","Non-Black / Non-Hispanic","North Central (IL, IN, IA, KS, MI, MN, MO, NE, OH, ND, SD, WI)","High school diploma (Regular 12 year program)","In CBSA, not in central city","NO","3: Mother","NO","YES","NO","NO","YES","0: 0  CONDITION DOES NOT APPLY","ALWAYS WITH RIGHT HAND","ALWAYS WITH LEFT HAND","ALWAYS WITH RIGHT HAND","ALWAYS WITH RIGHT HAND","ALWAYS WITH LEFT HAND","1: 1  CONDITION APPLIES","1: 1  CONDITION APPLIES","NO","FEMALE","MALE"
1983,64735,2,1,1,33790,5,182,1,1,5,4,2,2,2,2,1,2,1,6,2,6,1,1,30,22,"Female","Non-Black / Non-Hispanic","North Central (IL, IN, IA, KS, MI, MN, MO, NE, OH, ND, SD, WI)","Master's degree (MA, MS)","In CBSA, not in central city","NO","3: Mother","YES","NO","NO","NO","YES","0: 0  CONDITION DOES NOT APPLY","ALWAYS WITH RIGHT HAND","ALWAYS WITH RIGHT HAND","ALWAYS WITH RIGHT HAND","ALWAYS WITH RIGHT HAND","ALWAYS WITH LEFT HAND","1: 1  CONDITION APPLIES","1: 1  CONDITION APPLIES","NO","FEMALE","MALE"
1983,64735,5,2,2,33790,5,181,1,1,2,4,1,4,2,2,1,2,1,6,4,8,1,1,21,11,"Male","Non-Black / Non-Hispanic","South (AL, AR, DE, DC, FL, GA, KY, LA, MD, MS, NC, OK, SC, TN , TX, VA, WV)","High school diploma (Regular 12 year program)","In CBSA, not in central city","YES","3: Mother","YES","NO","NO","NO","YES","0: 0  CONDITION DOES NOT APPLY","ALWAYS WITH RIGHT HAND","ALWAYS WITH RIGHT HAND","ALWAYS WITH RIGHT HAND","ALWAYS WITH RIGHT HAND","ALWAYS WITH LEFT HAND","1: 1  CONDITION APPLIES","1: 1  CONDITION APPLIES","NO","FEMALE","FEMALE"
1984,64735,4,0,1,33790,5,182,1,1,2,3,2,5,2,2,1,1,1,5,2,5,1,1,56,29,"Male","Black","South (AL, AR, DE, DC, FL, GA, KY, LA, MD, MS, NC, OK, SC, TN , TX, VA, WV)","Bachelor's degree (BA, BS)","In CBSA, in central city","YES","3: Mother","NO","NO","NO","NO","YES","0: 0  CONDITION DOES NOT APPLY","ALWAYS WITH RIGHT HAND","ALWAYS WITH RIGHT HAND","ALWAYS WITH RIGHT HAND","ALWAYS WITH RIGHT HAND","ALWAYS WITH LEFT HAND","1: 1  CONDITION APPLIES","1: 1  CONDITION APPLIES","NO","MALE","MALE"
1982,13800,5,0,4,33790,6,188,2,2,3,3,2,3,2,1,2,2,2,5,1,4,1,1,31,22,"Male","Non-Black / Non-Hispanic","North Central (IL, IN, IA, KS, MI, MN, MO, NE, OH, ND, SD, WI)","High school diploma (Regular 12 year program)","In CBSA, in central city","NO","3: Mother","YES","YES","NO","NO","YES","0: 0  CONDITION DOES NOT APPLY","ALWAYS WITH RIGHT HAND","ALWAYS WITH RIGHT HAND","USUALLY WITH BOTH HANDS EQUALLY","USUALLY WITH BOTH HANDS EQUALLY","ALWAYS WITH LEFT HAND","1: 1  CONDITION APPLIES","1: 1  CONDITION APPLIES","NO","FEMALE","FEMALE"
1984,8000,3,1,2,33790,6,183,2,1,3,4,1,3,2,2,1,2,1,5,3,7,1,1,30,20,"Male","Hispanic","North Central (IL, IN, IA, KS, MI, MN, MO, NE, OH, ND, SD, WI)","High school diploma (Regular 12 year program)","In CBSA, in central city","NO","3: Mother","YES","NO","NO","NO","YES","0: 0  CONDITION DOES NOT APPLY","ALWAYS WITH RIGHT HAND","ALWAYS WITH RIGHT HAND","USUALLY WITH RIGHT HAND","ALWAYS WITH RIGHT HAND","ALWAYS WITH LEFT HAND","1: 1  CONDITION APPLIES","1: 1  CONDITION APPLIES","NO","FEMALE","MALE"
1982,64735,7,2,2,33790,6,175,2,2,1,4,2,4,2,1,2,1,1,6,2,4,1,2,27,13,"Female","Black","North Central (IL, IN, IA, KS, MI, MN, MO, NE, OH, ND, SD, WI)","High school diploma (Regular 12 year program)","In CBSA, not in central city","NO","3: Mother","YES","NO","NO","NO","YES","0: 0  CONDITION DOES NOT APPLY","ALWAYS WITH RIGHT HAND","ALWAYS WITH RIGHT HAND","ALWAYS WITH RIGHT HAND","ALWAYS WITH RIGHT HAND","ALWAYS WITH RIGHT HAND","1: 1  CONDITION APPLIES","1: 1  CONDITION APPLIES","NO","FEMALE","MALE"
1981,64735,10,3,1,33790,5,182,1,1,2,4,7,7,2,2,2,2,1,6,2,6,2,1,63,33,"Female","Non-Black / Non-Hispanic","North Central (IL, IN, IA, KS, MI, MN, MO, NE, OH, ND, SD, WI)","High school diploma (Regular 12 year program)","In CBSA, not in central city","YES","3: Mother","YES","NO","NO","NO","YES","0: 0  CONDITION DOES NOT APPLY","ALWAYS WITH RIGHT HAND","ALWAYS WITH RIGHT HAND","ALWAYS WITH RIGHT HAND","ALWAYS WITH RIGHT HAND","ALWAYS WITH LEFT HAND","1: 1  CONDITION APPLIES","0: 0  CONDITION DOES NOT APPLY","NO","FEMALE","FEMALE"
1981,19000,4,0,5,33790,5,181,1,1,1,2,2,4,1,1,2,2,1,3,3,8,1,1,33,23,"Male","Hispanic","North Central (IL, IN, IA, KS, MI, MN, MO, NE, OH, ND, SD, WI)","Bachelor's degree (BA, BS)","In CBSA, in central city","NO","3: Mother","NO","YES","NO","NO","YES","0: 0  CONDITION DOES NOT APPLY","ALWAYS WITH RIGHT HAND","ALWAYS WITH RIGHT HAND","ALWAYS WITH RIGHT HAND","ALWAYS WITH RIGHT HAND","ALWAYS WITH LEFT HAND","1: 1  CONDITION APPLIES","1: 1  CONDITION APPLIES","NO","FEMALE","MALE"
1983,64735,3,0,1,33790,6,187,1,1,2,5,7,2,2,2,2,1,1,3,4,7,1,1,36,31,"Male","Black","Northeast (CT, ME, MA, NH, NJ, NY, PA, RI, VT)","High school diploma (Regular 12 year program)","In CBSA, in central city","YES","3: Mother","YES","YES","NO","NO","NO","0: 0  CONDITION DOES NOT APPLY","ALWAYS WITH RIGHT HAND","ALWAYS WITH RIGHT HAND","ALWAYS WITH RIGHT HAND","ALWAYS WITH RIGHT HAND","ALWAYS WITH LEFT HAND","1: 1  CONDITION APPLIES","1: 1  CONDITION APPLIES","NO","FEMALE","FEMALE"
1985,4250,1,0,2,33790,5,182,1,1,3,4,3,1,2,2,2,1,2,3,3,7,1,1,32,19,"Male","Black","South (AL, AR, DE, DC, FL, GA, KY, LA, MD, MS, NC, OK, SC, TN , TX, VA, WV)","High school diploma (Regular 12 year program)","In CBSA, in central city","NO","3: Mother","YES","NO","NO","NO","YES","0: 0  CONDITION DOES NOT APPLY","ALWAYS WITH RIGHT HAND","ALWAYS WITH RIGHT HAND","ALWAYS WITH RIGHT HAND","ALWAYS WITH RIGHT HAND","ALWAYS WITH LEFT HAND","1: 1  CONDITION APPLIES","1: 1  CONDITION APPLIES","NO","FEMALE","MALE"
1981,64735,1,0,1,33790,5,208,1,2,4,5,2,2,2,2,1,2,2,3,2,6,1,1,35,29,"Male","Black","North Central (IL, IN, IA, KS, MI, MN, MO, NE, OH, ND, SD, WI)","GED","In CBSA, in central city","YES","3: Mother","NO","NO","YES","NO","NO","0: 0  CONDITION DOES NOT APPLY","ALWAYS WITH RIGHT HAND","ALWAYS WITH RIGHT HAND","ALWAYS WITH RIGHT HAND","ALWAYS WITH RIGHT HAND","ALWAYS WITH LEFT HAND","1: 1  CONDITION APPLIES","1: 1  CONDITION APPLIES","NO","FEMALE","FEMALE"
1984,64735,4,1,1,33790,5,183,1,1,1,4,2,3,1,2,2,1,1,5,4,7,1,1,28,19,"Male","Black","North Central (IL, IN, IA, KS, MI, MN, MO, NE, OH, ND, SD, WI)","High school diploma (Regular 12 year program)","In CBSA, not in central city","NO","3: Mother","NO","NO","NO","NO","NO","0: 0  CONDITION DOES NOT APPLY","ALWAYS WITH RIGHT HAND","ALWAYS WITH RIGHT HAND","ALWAYS WITH RIGHT HAND","ALWAYS WITH RIGHT HAND","ALWAYS WITH LEFT HAND","1: 1  CONDITION APPLIES","1: 1  CONDITION APPLIES","NO","FEMALE","MALE"
1983,64735,4,0,4,33790,5,183,1,1,2,4,2,3,2,2,2,1,1,3,4,9,1,1,30,21,"Female","Non-Black / Non-Hispanic","North Central (IL, IN, IA, KS, MI, MN, MO, NE, OH, ND, SD, WI)","GED","In CBSA, not in central city","NO","3: Mother","NO","YES","NO","NO","YES","1: 1  CONDITION APPLIES","ALWAYS WITH RIGHT HAND","ALWAYS WITH RIGHT HAND","ALWAYS WITH RIGHT HAND","ALWAYS WITH RIGHT HAND","ALWAYS WITH LEFT HAND","1: 1  CONDITION APPLIES","0: 0  CONDITION DOES NOT APPLY","NO","MALE","FEMALE"
1984,104000,3,0,3,33790,5,177,1,2,1,4,2,3,2,3,1,2,2,4,1,6,1,2,35,26,"Male","Black","South (AL, AR, DE, DC, FL, GA, KY, LA, MD, MS, NC, OK, SC, TN , TX, VA, WV)","GED","In CBSA, in central city","YES","3: Mother","NO","NO","NO","NO","YES","0: 0  CONDITION DOES NOT APPLY","ALWAYS WITH RIGHT HAND","ALWAYS WITH RIGHT HAND","ALWAYS WITH RIGHT HAND","ALWAYS WITH RIGHT HAND","ALWAYS WITH LEFT HAND","1: 1  CONDITION APPLIES","1: 1  CONDITION APPLIES","NO","MALE","MALE"
1981,30100,8,3,1,33790,5,180,1,2,2,2,2,7,1,2,2,2,1,4,2,6,1,1,28,6,"Female","Black","West (AK, AZ, CA, CO, HI, ID, MT, NV, NM, OR, UT, WA, WY)","High school diploma (Regular 12 year program)","In CBSA, not in central city","NO","3: Mother","NO","YES","NO","NO","YES","0: 0  CONDITION DOES NOT APPLY","ALWAYS WITH RIGHT HAND","ALWAYS WITH RIGHT HAND","ALWAYS WITH RIGHT HAND","ALWAYS WITH RIGHT HAND","USUALLY WITH BOTH HANDS EQUALLY","1: 1  CONDITION APPLIES","1: 1  CONDITION APPLIES","NO","MALE","FEMALE"
1983,64735,4,1,3,33790,5,186,1,2,2,5,3,1,1,2,2,2,2,3,2,7,1,1,36,19,"Male","Non-Black / Non-Hispanic","West (AK, AZ, CA, CO, HI, ID, MT, NV, NM, OR, UT, WA, WY)","High school diploma (Regular 12 year program)","In CBSA, in central city","NO","3: Mother","YES","YES","NO","NO","YES","0: 0  CONDITION DOES NOT APPLY","ALWAYS WITH RIGHT HAND","ALWAYS WITH RIGHT HAND","ALWAYS WITH RIGHT HAND","ALWAYS WITH RIGHT HAND","ALWAYS WITH LEFT HAND","1: 1  CONDITION APPLIES","1: 1  CONDITION APPLIES","NO","FEMALE","FEMALE"
1980,64735,3,0,3,33790,5,145,2,1,4,6,1,5,2,2,2,2,1,4,2,6,1,1,32,23,"Female","Non-Black / Non-Hispanic","North Central (IL, IN, IA, KS, MI, MN, MO, NE, OH, ND, SD, WI)","None","In CBSA, in central city","YES","3: Mother","YES","NO","NO","NO","YES","0: 0  CONDITION DOES NOT APPLY","ALWAYS WITH RIGHT HAND","ALWAYS WITH RIGHT HAND","ALWAYS WITH RIGHT HAND","ALWAYS WITH RIGHT HAND","ALWAYS WITH LEFT HAND","1: 1  CONDITION APPLIES","1: 1  CONDITION APPLIES","NO","FEMALE","MALE"
1984,64735,2,0,1,33790,5,186,2,3,2,5,7,4,2,2,1,2,2,3,2,7,1,1,33,18,"Female","Non-Black / Non-Hispanic","North Central (IL, IN, IA, KS, MI, MN, MO, NE, OH, ND, SD, WI)","Associate/Junior college (AA)","In CBSA, in central city","NO","3: Mother","NO","NO","NO","NO","YES","0: 0  CONDITION DOES NOT APPLY","ALWAYS WITH RIGHT HAND","ALWAYS WITH RIGHT HAND","ALWAYS WITH RIGHT HAND","ALWAYS WITH RIGHT HAND","ALWAYS WITH LEFT HAND","1: 1  CONDITION APPLIES","1: 1  CONDITION APPLIES","NO","MALE","MALE"
1980,93600,3,1,2,33790,5,255,1,1,1,7,4,4,2,2,1,1,1,6,2,7,1,1,31,22,"Female","Non-Black / Non-Hispanic","South (AL, AR, DE, DC, FL, GA, KY, LA, MD, MS, NC, OK, SC, TN , TX, VA, WV)","Master's degree (MA, MS)","In CBSA, not in central city","NO","3: Mother","NO","NO","NO","NO","YES","0: 0  CONDITION DOES NOT APPLY","ALWAYS WITH RIGHT HAND","ALWAYS WITH RIGHT HAND","ALWAYS WITH RIGHT HAND","ALWAYS WITH RIGHT HAND","ALWAYS WITH LEFT HAND","1: 1  CONDITION APPLIES","1: 1  CONDITION APPLIES","NO","FEMALE","MALE"
1983,64735,3,0,1,33790,6,188,1,3,2,6,3,2,2,2,1,2,1,3,5,5,2,1,32,23,"Male","Black","South (AL, AR, DE, DC, FL, GA, KY, LA, MD, MS, NC, OK, SC, TN , TX, VA, WV)","High school diploma (Regular 12 year program)","In CBSA, not in central city","NO","3: Mother","NO","YES","NO","NO","NO","0: 0  CONDITION DOES NOT APPLY","ALWAYS WITH RIGHT HAND","ALWAYS WITH RIGHT HAND","ALWAYS WITH RIGHT HAND","ALWAYS WITH LEFT HAND","ALWAYS WITH LEFT HAND","1: 1  CONDITION APPLIES","1: 1  CONDITION APPLIES","NO","FEMALE","FEMALE"
1982,64735,6,2,3,21000,5,160,2,1,3,4,1,3,2,2,1,2,2,4,3,7,1,1,14,10,"Female","Black","North Central (IL, IN, IA, KS, MI, MN, MO, NE, OH, ND, SD, WI)","High school diploma (Regular 12 year program)","In CBSA, in central city","NO","3: Mother","YES","NO","NO","NO","YES","0: 0  CONDITION DOES NOT APPLY","ALWAYS WITH RIGHT HAND","ALWAYS WITH RIGHT HAND","ALWAYS WITH RIGHT HAND","ALWAYS WITH RIGHT HAND","ALWAYS WITH LEFT HAND","0: 0  CONDITION DOES NOT APPLY","1: 1  CONDITION APPLIES","NO","MALE","FEMALE"
1981,120020,4,1,4,33790,5,182,1,1,5,2,4,4,2,2,1,2,1,4,3,6,1,1,32,23,"Female","Non-Black / Non-Hispanic","North Central (IL, IN, IA, KS, MI, MN, MO, NE, OH, ND, SD, WI)","GED","In CBSA, not in central city","NO","3: Mother","YES","NO","NO","NO","YES","0: 0  CONDITION DOES NOT APPLY","ALWAYS WITH RIGHT HAND","ALWAYS WITH RIGHT HAND","ALWAYS WITH RIGHT HAND","ALWAYS WITH RIGHT HAND","ALWAYS WITH LEFT HAND","1: 1  CONDITION APPLIES","1: 1  CONDITION APPLIES","NO","FEMALE","FEMALE"
1982,64735,3,1,1,33790,5,181,2,2,4,3,4,6,2,2,1,2,1,3,1,8,1,1,1,30,"Male","Black","Northeast (CT, ME, MA, NH, NJ, NY, PA, RI, VT)","Bachelor's degree (BA, BS)","In CBSA, not in central city","NO","3: Mother","YES","YES","NO","NO","NO","0: 0  CONDITION DOES NOT APPLY","ALWAYS WITH RIGHT HAND","ALWAYS WITH RIGHT HAND","ALWAYS WITH RIGHT HAND","ALWAYS WITH RIGHT HAND","ALWAYS WITH LEFT HAND","1: 1  CONDITION APPLIES","1: 1  CONDITION APPLIES","NO","FEMALE","FEMALE"
1980,64735,3,0,1,33790,5,185,2,2,4,4,1,2,2,2,2,2,1,4,4,6,1,1,28,5,"Male","Black","North Central (IL, IN, IA, KS, MI, MN, MO, NE, OH, ND, SD, WI)","High school diploma (Regular 12 year program)","In CBSA, not in central city","NO","3: Mother","YES","NO","NO","NO","YES","0: 0  CONDITION DOES NOT APPLY","ALWAYS WITH RIGHT HAND","ALWAYS WITH RIGHT HAND","ALWAYS WITH RIGHT HAND","ALWAYS WITH RIGHT HAND","USUALLY WITH BOTH HANDS EQUALLY","1: 1  CONDITION APPLIES","1: 1  CONDITION APPLIES","NO","FEMALE","FEMALE"
1981,64735,2,0,2,33790,5,180,1,1,3,6,4,4,1,2,2,2,2,4,1,7,1,1,59,30,"Male","Non-Black / Non-Hispanic","North Central (IL, IN, IA, KS, MI, MN, MO, NE, OH, ND, SD, WI)","High school diploma (Regular 12 year program)","In CBSA, not in central city","NO","3: Mother","YES","YES","NO","NO","YES","0: 0  CONDITION DOES NOT APPLY","ALWAYS WITH RIGHT HAND","ALWAYS WITH RIGHT HAND","ALWAYS WITH RIGHT HAND","ALWAYS WITH RIGHT HAND","ALWAYS WITH LEFT HAND","0: 0  CONDITION DOES NOT APPLY","1: 1  CONDITION APPLIES","NO","FEMALE","MALE"
1982,64735,2,2,5,33790,5,140,2,2,5,1,7,1,2,2,2,2,2,4,5,7,1,1,26,20,"Male","Black","South (AL, AR, DE, DC, FL, GA, KY, LA, MD, MS, NC, OK, SC, TN , TX, VA, WV)","GED","In CBSA, in central city","NO","3: Mother","YES","YES","YES","NO","YES","0: 0  CONDITION DOES NOT APPLY","ALWAYS WITH RIGHT HAND","USUALLY WITH BOTH HANDS EQUALLY","ALWAYS WITH RIGHT HAND","ALWAYS WITH RIGHT HAND","ALWAYS WITH LEFT HAND","1: 1  CONDITION APPLIES","1: 1  CONDITION APPLIES","NO","FEMALE","MALE"
1981,2750,1,0,2,33790,5,181,1,2,1,3,2,7,1,2,1,2,1,2,3,7,1,1,28,17,"Female","Hispanic","South (AL, AR, DE, DC, FL, GA, KY, LA, MD, MS, NC, OK, SC, TN , TX, VA, WV)","None","In CBSA, not in central city","NO","3: Mother","NO","YES","NO","NO","NO","0: 0  CONDITION DOES NOT APPLY","ALWAYS WITH RIGHT HAND","ALWAYS WITH RIGHT HAND","ALWAYS WITH RIGHT HAND","ALWAYS WITH RIGHT HAND","ALWAYS WITH LEFT HAND","1: 1  CONDITION APPLIES","1: 1  CONDITION APPLIES","NO","FEMALE","MALE"
1981,64735,3,0,5,33790,6,183,1,2,2,3,1,3,2,2,2,2,2,2,4,6,6,6,32,24,"Male","Hispanic","North Central (IL, IN, IA, KS, MI, MN, MO, NE, OH, ND, SD, WI)","High school diploma (Regular 12 year program)","In CBSA, not in central city","NO","3: Mother","YES","NO","NO","NO","NO","1: 1  CONDITION APPLIES","ALWAYS WITH RIGHT HAND","ALWAYS WITH RIGHT HAND","ALWAYS WITH RIGHT HAND","ALWAYS WITH RIGHT HAND","ALWAYS WITH LEFT HAND","1: 1  CONDITION APPLIES","1: 1  CONDITION APPLIES","NO","FEMALE","FEMALE"
1980,64735,6,1,2,33790,5,250,1,2,1,4,2,2,2,2,1,2,2,2,5,6,1,1,31,22,"Male","Black","South (AL, AR, DE, DC, FL, GA, KY, LA, MD, MS, NC, OK, SC, TN , TX, VA, WV)","High school diploma (Regular 12 year program)","In CBSA, not in central city","NO","3: Mother","NO","YES","YES","NO","NO","0: 0  CONDITION DOES NOT APPLY","ALWAYS WITH RIGHT HAND","ALWAYS WITH RIGHT HAND","ALWAYS WITH RIGHT HAND","ALWAYS WITH RIGHT HAND","ALWAYS WITH RIGHT HAND","1: 1  CONDITION APPLIES","1: 1  CONDITION APPLIES","NO","MALE","FEMALE"
1981,64735,6,1,4,33790,5,183,1,3,5,5,3,3,2,2,2,2,2,4,1,6,1,1,33,20,"Female","Black","West (AK, AZ, CA, CO, HI, ID, MT, NV, NM, OR, UT, WA, WY)","High school diploma (Regular 12 year program)","In CBSA, not in central city","NO","3: Mother","YES","NO","NO","NO","YES","0: 0  CONDITION DOES NOT APPLY","ALWAYS WITH RIGHT HAND","ALWAYS WITH RIGHT HAND","ALWAYS WITH RIGHT HAND","ALWAYS WITH RIGHT HAND","ALWAYS WITH RIGHT HAND","0: 0  CONDITION DOES NOT APPLY","1: 1  CONDITION APPLIES","NO","FEMALE","FEMALE"
1982,64735,3,1,1,24000,5,186,1,1,3,5,3,3,2,1,1,1,1,6,2,8,1,1,31,20,"Female","Non-Black / Non-Hispanic","South (AL, AR, DE, DC, FL, GA, KY, LA, MD, MS, NC, OK, SC, TN , TX, VA, WV)","High school diploma (Regular 12 year program)","In CBSA, in central city","NO","3: Mother","YES","NO","NO","NO","YES","0: 0  CONDITION DOES NOT APPLY","ALWAYS WITH RIGHT HAND","ALWAYS WITH RIGHT HAND","ALWAYS WITH RIGHT HAND","ALWAYS WITH RIGHT HAND","ALWAYS WITH RIGHT HAND","1: 1  CONDITION APPLIES","1: 1  CONDITION APPLIES","NO","FEMALE","MALE"
1981,64735,5,0,1,33790,6,184,1,1,3,4,2,4,2,1,1,1,1,4,3,6,1,1,31,19,"Female","Hispanic","South (AL, AR, DE, DC, FL, GA, KY, LA, MD, MS, NC, OK, SC, TN , TX, VA, WV)","None","In CBSA, in central city","NO","3: Mother","NO","NO","NO","NO","YES","0: 0  CONDITION DOES NOT APPLY","ALWAYS WITH RIGHT HAND","ALWAYS WITH RIGHT HAND","ALWAYS WITH RIGHT HAND","ALWAYS WITH RIGHT HAND","ALWAYS WITH LEFT HAND","1: 1  CONDITION APPLIES","1: 1  CONDITION APPLIES","NO","MALE","FEMALE"
1982,64735,4,1,3,33790,5,180,1,1,3,2,5,1,2,1,1,1,2,6,3,4,1,2,28,20,"Male","Black","South (AL, AR, DE, DC, FL, GA, KY, LA, MD, MS, NC, OK, SC, TN , TX, VA, WV)","GED","In CBSA, in central city","NO","3: Mother","YES","NO","YES","NO","YES","0: 0  CONDITION DOES NOT APPLY","ALWAYS WITH RIGHT HAND","ALWAYS WITH RIGHT HAND","ALWAYS WITH RIGHT HAND","ALWAYS WITH RIGHT HAND","ALWAYS WITH LEFT HAND","1: 1  CONDITION APPLIES","1: 1  CONDITION APPLIES","NO","MALE","MALE"
1984,64735,6,1,6,33790,5,182,1,2,1,3,1,5,2,2,2,2,2,4,2,6,5,5,49,27,"Male","Non-Black / Non-Hispanic","South (AL, AR, DE, DC, FL, GA, KY, LA, MD, MS, NC, OK, SC, TN , TX, VA, WV)","High school diploma (Regular 12 year program)","In CBSA, in central city","YES","3: Mother","NO","NO","NO","NO","NO","0: 0  CONDITION DOES NOT APPLY","ALWAYS WITH RIGHT HAND","ALWAYS WITH RIGHT HAND","ALWAYS WITH RIGHT HAND","ALWAYS WITH RIGHT HAND","ALWAYS WITH LEFT HAND","1: 1  CONDITION APPLIES","1: 1  CONDITION APPLIES","NO","FEMALE","MALE"
1983,64735,4,1,4,33790,5,182,1,1,2,2,2,4,2,2,1,1,1,6,3,7,1,1,28,21,"Female","Hispanic","South (AL, AR, DE, DC, FL, GA, KY, LA, MD, MS, NC, OK, SC, TN , TX, VA, WV)","High school diploma (Regular 12 year program)","In CBSA, in central city","NO","3: Mother","YES","YES","NO","NO","YES","0: 0  CONDITION DOES NOT APPLY","ALWAYS WITH RIGHT HAND","ALWAYS WITH RIGHT HAND","ALWAYS WITH RIGHT HAND","ALWAYS WITH RIGHT HAND","ALWAYS WITH RIGHT HAND","1: 1  CONDITION APPLIES","1: 1  CONDITION APPLIES","NO","FEMALE","FEMALE"
1981,64735,3,1,3,33790,5,183,2,1,3,4,4,1,2,2,2,2,1,6,2,7,1,1,30,22,"Female","Black","South (AL, AR, DE, DC, FL, GA, KY, LA, MD, MS, NC, OK, SC, TN , TX, VA, WV)","None","In CBSA, in central city","NO","3: Mother","NO","NO","NO","NO","NO","0: 0  CONDITION DOES NOT APPLY","ALWAYS WITH RIGHT HAND","ALWAYS WITH RIGHT HAND","ALWAYS WITH RIGHT HAND","ALWAYS WITH RIGHT HAND","ALWAYS WITH LEFT HAND","1: 1  CONDITION APPLIES","1: 1  CONDITION APPLIES","NO","FEMALE","FEMALE"
1981,64735,3,0,5,33790,5,165,1,1,2,3,3,5,2,2,1,1,1,5,1,7,1,1,29,20,"Female","Black","South (AL, AR, DE, DC, FL, GA, KY, LA, MD, MS, NC, OK, SC, TN , TX, VA, WV)","Bachelor's degree (BA, BS)","In CBSA, in central city","NO","3: Mother","YES","YES","NO","NO","NO","0: 0  CONDITION DOES NOT APPLY","ALWAYS WITH RIGHT HAND","ALWAYS WITH RIGHT HAND","ALWAYS WITH RIGHT HAND","ALWAYS WITH RIGHT HAND","USUALLY WITH LEFT HAND","1: 1  CONDITION APPLIES","1: 1  CONDITION APPLIES","NO","MALE","MALE"
1983,52501,5,1,5,33790,5,184,1,1,4,4,3,3,2,2,1,2,1,7,2,7,1,1,25,2,"Male","Black","South (AL, AR, DE, DC, FL, GA, KY, LA, MD, MS, NC, OK, SC, TN , TX, VA, WV)","High school diploma (Regular 12 year program)","In CBSA, not in central city","NO","3: Mother","YES","YES","NO","NO","NO","0: 0  CONDITION DOES NOT APPLY","ALWAYS WITH RIGHT HAND","ALWAYS WITH RIGHT HAND","ALWAYS WITH RIGHT HAND","ALWAYS WITH RIGHT HAND","ALWAYS WITH LEFT HAND","1: 1  CONDITION APPLIES","1: 1  CONDITION APPLIES","NO","FEMALE","FEMALE"
1980,64735,4,2,3,16181,5,183,1,2,1,4,2,3,1,2,2,1,1,6,2,7,1,1,30,24,"Male","Hispanic","South (AL, AR, DE, DC, FL, GA, KY, LA, MD, MS, NC, OK, SC, TN , TX, VA, WV)","Associate/Junior college (AA)","In CBSA, not in central city","NO","3: Mother","NO","NO","NO","NO","NO","0: 0  CONDITION DOES NOT APPLY","ALWAYS WITH RIGHT HAND","ALWAYS WITH RIGHT HAND","ALWAYS WITH RIGHT HAND","ALWAYS WITH RIGHT HAND","ALWAYS WITH RIGHT HAND","1: 1  CONDITION APPLIES","1: 1  CONDITION APPLIES","NO","FEMALE","MALE"
1984,64735,4,1,2,33790,6,188,1,3,1,4,2,2,2,2,1,2,1,2,2,5,1,1,34,21,"Male","Non-Black / Non-Hispanic","West (AK, AZ, CA, CO, HI, ID, MT, NV, NM, OR, UT, WA, WY)","High school diploma (Regular 12 year program)","In CBSA, not in central city","NO","3: Mother","NO","YES","NO","NO","NO","0: 0  CONDITION DOES NOT APPLY","ALWAYS WITH RIGHT HAND","ALWAYS WITH RIGHT HAND","ALWAYS WITH RIGHT HAND","ALWAYS WITH RIGHT HAND","ALWAYS WITH LEFT HAND","1: 1  CONDITION APPLIES","1: 1  CONDITION APPLIES","NO","FEMALE","FEMALE"
1981,64735,1,0,1,33790,5,184,1,1,2,5,3,4,2,1,1,1,1,6,2,5,1,1,29,18,"Male","Black","South (AL, AR, DE, DC, FL, GA, KY, LA, MD, MS, NC, OK, SC, TN , TX, VA, WV)","High school diploma (Regular 12 year program)","In CBSA, in central city","NO","3: Mother","YES","YES","NO","NO","YES","0: 0  CONDITION DOES NOT APPLY","ALWAYS WITH RIGHT HAND","ALWAYS WITH RIGHT HAND","USUALLY WITH RIGHT HAND","ALWAYS WITH RIGHT HAND","USUALLY WITH LEFT HAND","1: 1  CONDITION APPLIES","1: 1  CONDITION APPLIES","NO","MALE","MALE"
1980,64735,5,1,2,33790,5,182,1,1,2,5,2,2,2,2,2,2,1,7,2,5,1,1,52,27,"Female","Non-Black / Non-Hispanic","South (AL, AR, DE, DC, FL, GA, KY, LA, MD, MS, NC, OK, SC, TN , TX, VA, WV)","High school diploma (Regular 12 year program)","In CBSA, not in central city","YES","3: Mother","YES","NO","NO","NO","YES","0: 0  CONDITION DOES NOT APPLY","ALWAYS WITH RIGHT HAND","ALWAYS WITH RIGHT HAND","USUALLY WITH RIGHT HAND","ALWAYS WITH RIGHT HAND","USUALLY WITH LEFT HAND","0: 0  CONDITION DOES NOT APPLY","1: 1  CONDITION APPLIES","NO","FEMALE","MALE"
1983,64735,6,2,2,15000,5,182,1,1,1,2,3,5,2,2,1,2,1,6,2,6,1,1,26,14,"Male","Black","South (AL, AR, DE, DC, FL, GA, KY, LA, MD, MS, NC, OK, SC, TN , TX, VA, WV)","High school diploma (Regular 12 year program)","In CBSA, not in central city","NO","3: Mother","NO","YES","NO","NO","YES","0: 0  CONDITION DOES NOT APPLY","ALWAYS WITH RIGHT HAND","ALWAYS WITH RIGHT HAND","USUALLY WITH BOTH HANDS EQUALLY","ALWAYS WITH RIGHT HAND","ALWAYS WITH LEFT HAND","1: 1  CONDITION APPLIES","1: 1  CONDITION APPLIES","NO","FEMALE","FEMALE"
1982,28750,4,1,3,33790,5,183,2,2,1,4,7,3,2,2,1,2,1,5,5,7,1,1,34,23,"Female","Black","South (AL, AR, DE, DC, FL, GA, KY, LA, MD, MS, NC, OK, SC, TN , TX, VA, WV)","High school diploma (Regular 12 year program)","In CBSA, not in central city","NO","3: Mother","NO","NO","NO","NO","YES","0: 0  CONDITION DOES NOT APPLY","ALWAYS WITH RIGHT HAND","ALWAYS WITH RIGHT HAND","ALWAYS WITH RIGHT HAND","ALWAYS WITH RIGHT HAND","ALWAYS WITH LEFT HAND","1: 1  CONDITION APPLIES","1: 1  CONDITION APPLIES","NO","MALE","FEMALE"
1984,64735,4,0,4,33790,5,184,2,2,3,4,2,4,2,2,1,1,1,6,2,7,1,1,35,48,"Male","Black","South (AL, AR, DE, DC, FL, GA, KY, LA, MD, MS, NC, OK, SC, TN , TX, VA, WV)","Associate/Junior college (AA)","In CBSA, not in central city","NO","3: Mother","NO","YES","NO","NO","NO","0: 0  CONDITION DOES NOT APPLY","ALWAYS WITH RIGHT HAND","ALWAYS WITH RIGHT HAND","ALWAYS WITH RIGHT HAND","ALWAYS WITH RIGHT HAND","ALWAYS WITH LEFT HAND","1: 1  CONDITION APPLIES","1: 1  CONDITION APPLIES","NO","FEMALE","MALE"
1981,64735,3,0,1,33790,5,184,1,1,1,2,2,1,2,2,1,2,2,2,2,9,1,1,42,62,"Male","Non-Black / Non-Hispanic","South (AL, AR, DE, DC, FL, GA, KY, LA, MD, MS, NC, OK, SC, TN , TX, VA, WV)","High school diploma (Regular 12 year program)","In CBSA, not in central city","YES","3: Mother","YES","YES","NO","NO","YES","0: 0  CONDITION DOES NOT APPLY","ALWAYS WITH RIGHT HAND","ALWAYS WITH RIGHT HAND","ALWAYS WITH RIGHT HAND","ALWAYS WITH RIGHT HAND","ALWAYS WITH LEFT HAND","1: 1  CONDITION APPLIES","1: 1  CONDITION APPLIES","NO","FEMALE","MALE"
1981,64735,1,0,1,33790,5,184,1,1,1,5,4,2,2,2,1,2,1,6,2,7,1,1,30,24,"Female","Non-Black / Non-Hispanic","South (AL, AR, DE, DC, FL, GA, KY, LA, MD, MS, NC, OK, SC, TN , TX, VA, WV)","Associate/Junior college (AA)","In CBSA, in central city","NO","3: Mother","NO","YES","NO","NO","YES","0: 0  CONDITION DOES NOT APPLY","ALWAYS WITH RIGHT HAND","ALWAYS WITH RIGHT HAND","ALWAYS WITH RIGHT HAND","ALWAYS WITH RIGHT HAND","ALWAYS WITH LEFT HAND","1: 1  CONDITION APPLIES","1: 1  CONDITION APPLIES","YES","FEMALE","MALE"
1981,64735,3,1,3,33790,5,181,1,2,2,4,1,4,1,2,2,2,2,3,2,7,1,1,34,22,"Female","Non-Black / Non-Hispanic","North Central (IL, IN, IA, KS, MI, MN, MO, NE, OH, ND, SD, WI)","None","In CBSA, in central city","NO","3: Mother","YES","YES","NO","NO","YES","0: 0  CONDITION DOES NOT APPLY","ALWAYS WITH RIGHT HAND","ALWAYS WITH RIGHT HAND","ALWAYS WITH RIGHT HAND","ALWAYS WITH RIGHT HAND","ALWAYS WITH LEFT HAND","1: 1  CONDITION APPLIES","1: 1  CONDITION APPLIES","YES","FEMALE","FEMALE"
1984,64735,4,0,2,33790,5,155,2,2,3,9,8,2,2,1,1,2,2,6,6,6,1,1,29,20,"Male","Non-Black / Non-Hispanic","West (AK, AZ, CA, CO, HI, ID, MT, NV, NM, OR, UT, WA, WY)","Master's degree (MA, MS)","In CBSA, not in central city","NO","3: Mother","NO","YES","NO","NO","YES","0: 0  CONDITION DOES NOT APPLY","ALWAYS WITH RIGHT HAND","ALWAYS WITH RIGHT HAND","ALWAYS WITH RIGHT HAND","ALWAYS WITH RIGHT HAND","ALWAYS WITH LEFT HAND","1: 1  CONDITION APPLIES","0: 0  CONDITION DOES NOT APPLY","NO","MALE","MALE"
1982,64735,2,0,1,33790,5,181,1,1,1,2,2,1,2,2,1,2,1,3,3,7,1,1,31,20,"Female","Non-Black / Non-Hispanic","West (AK, AZ, CA, CO, HI, ID, MT, NV, NM, OR, UT, WA, WY)","Bachelor's degree (BA, BS)","In CBSA, not in central city","NO","3: Mother","NO","NO","NO","NO","YES","0: 0  CONDITION DOES NOT APPLY","ALWAYS WITH RIGHT HAND","ALWAYS WITH RIGHT HAND","ALWAYS WITH RIGHT HAND","ALWAYS WITH RIGHT HAND","USUALLY WITH LEFT HAND","1: 1  CONDITION APPLIES","1: 1  CONDITION APPLIES","NO","FEMALE","FEMALE"
1988,64735,4,0,1,33790,5,183,1,2,4,1,1,2,1,1,1,2,1,5,4,7,1,1,34,22,"Male","Black","South (AL, AR, DE, DC, FL, GA, KY, LA, MD, MS, NC, OK, SC, TN , TX, VA, WV)","Master's degree (MA, MS)","In CBSA, not in central city","NO","3: Mother","NO","YES","NO","NO","NO","0: 0  CONDITION DOES NOT APPLY","ALWAYS WITH RIGHT HAND","ALWAYS WITH RIGHT HAND","ALWAYS WITH RIGHT HAND","ALWAYS WITH RIGHT HAND","ALWAYS WITH LEFT HAND","1: 1  CONDITION APPLIES","1: 1  CONDITION APPLIES","NO","FEMALE","MALE"
1982,30001,3,0,1,33790,5,182,2,2,4,3,4,4,2,2,2,1,2,1,3,6,1,1,25,17,"Male","Non-Black / Non-Hispanic","South (AL, AR, DE, DC, FL, GA, KY, LA, MD, MS, NC, OK, SC, TN , TX, VA, WV)","GED","In CBSA, not in central city","NO","3: Mother","NO","YES","NO","NO","NO","0: 0  CONDITION DOES NOT APPLY","ALWAYS WITH RIGHT HAND","ALWAYS WITH RIGHT HAND","ALWAYS WITH RIGHT HAND","ALWAYS WITH RIGHT HAND","ALWAYS WITH LEFT HAND","1: 1  CONDITION APPLIES","1: 1  CONDITION APPLIES","NO","FEMALE","FEMALE"
1984,64735,2,0,1,60000,5,183,1,1,1,6,1,1,1,1,2,1,1,3,3,7,1,1,39,26,"Female","Black","South (AL, AR, DE, DC, FL, GA, KY, LA, MD, MS, NC, OK, SC, TN , TX, VA, WV)","High school diploma (Regular 12 year program)","In CBSA, not in central city","YES","3: Mother","NO","NO","NO","NO","NO","0: 0  CONDITION DOES NOT APPLY","ALWAYS WITH RIGHT HAND","ALWAYS WITH RIGHT HAND","ALWAYS WITH RIGHT HAND","ALWAYS WITH RIGHT HAND","USUALLY WITH BOTH HANDS EQUALLY","0: 0  CONDITION DOES NOT APPLY","1: 1  CONDITION APPLIES","NO","FEMALE","MALE"
1982,64735,3,0,1,17000,5,183,1,1,5,2,3,3,2,2,1,1,1,4,2,5,1,1,33,21,"Male","Hispanic","South (AL, AR, DE, DC, FL, GA, KY, LA, MD, MS, NC, OK, SC, TN , TX, VA, WV)","GED","In CBSA, in central city","NO","3: Mother","NO","YES","NO","NO","YES","0: 0  CONDITION DOES NOT APPLY","ALWAYS WITH RIGHT HAND","ALWAYS WITH RIGHT HAND","ALWAYS WITH RIGHT HAND","ALWAYS WITH RIGHT HAND","USUALLY WITH LEFT HAND","1: 1  CONDITION APPLIES","1: 1  CONDITION APPLIES","NO","FEMALE","MALE"
1983,64735,2,0,2,33790,6,187,1,1,2,3,3,2,2,2,2,1,1,1,2,5,1,1,35,25,"Male","Black","West (AK, AZ, CA, CO, HI, ID, MT, NV, NM, OR, UT, WA, WY)","High school diploma (Regular 12 year program)","In CBSA, not in central city","NO","3: Mother","NO","NO","NO","NO","NO","0: 0  CONDITION DOES NOT APPLY","ALWAYS WITH RIGHT HAND","ALWAYS WITH RIGHT HAND","ALWAYS WITH RIGHT HAND","ALWAYS WITH RIGHT HAND","ALWAYS WITH LEFT HAND","1: 1  CONDITION APPLIES","1: 1  CONDITION APPLIES","NO","FEMALE","MALE"
1980,64735,3,0,2,33790,5,183,1,1,2,4,2,3,2,2,2,1,1,10,3,6,1,1,32,22,"Female","Non-Black / Non-Hispanic","North Central (IL, IN, IA, KS, MI, MN, MO, NE, OH, ND, SD, WI)","None","In CBSA, not in central city","NO","3: Mother","NO","NO","NO","NO","NO","0: 0  CONDITION DOES NOT APPLY","ALWAYS WITH RIGHT HAND","ALWAYS WITH RIGHT HAND","ALWAYS WITH RIGHT HAND","ALWAYS WITH RIGHT HAND","ALWAYS WITH LEFT HAND","1: 1  CONDITION APPLIES","1: 1  CONDITION APPLIES","NO","MALE","FEMALE"
1981,64735,2,0,2,33790,5,182,1,2,5,1,4,3,2,2,2,2,1,6,3,3,1,1,30,24,"Female","Non-Black / Non-Hispanic","South (AL, AR, DE, DC, FL, GA, KY, LA, MD, MS, NC, OK, SC, TN , TX, VA, WV)","High school diploma (Regular 12 year program)","In CBSA, not in central city","NO","3: Mother","NO","NO","NO","NO","YES","0: 0  CONDITION DOES NOT APPLY","ALWAYS WITH RIGHT HAND","ALWAYS WITH RIGHT HAND","ALWAYS WITH RIGHT HAND","ALWAYS WITH RIGHT HAND","ALWAYS WITH RIGHT HAND","1: 1  CONDITION APPLIES","1: 1  CONDITION APPLIES","NO","FEMALE","FEMALE"
1983,64735,2,0,1,33790,5,182,1,1,3,3,5,4,2,2,1,1,1,3,2,7,1,1,30,20,"Female","Black","South (AL, AR, DE, DC, FL, GA, KY, LA, MD, MS, NC, OK, SC, TN , TX, VA, WV)","High school diploma (Regular 12 year program)","In CBSA, in central city","NO","3: Mother","NO","NO","NO","NO","YES","0: 0  CONDITION DOES NOT APPLY","ALWAYS WITH RIGHT HAND","ALWAYS WITH RIGHT HAND","ALWAYS WITH RIGHT HAND","ALWAYS WITH RIGHT HAND","ALWAYS WITH LEFT HAND","1: 1  CONDITION APPLIES","1: 1  CONDITION APPLIES","NO","FEMALE","MALE"
1981,64735,3,0,4,53000,5,220,2,2,2,8,2,3,1,2,1,1,1,6,2,8,1,3,27,22,"Male","Black","South (AL, AR, DE, DC, FL, GA, KY, LA, MD, MS, NC, OK, SC, TN , TX, VA, WV)","Associate/Junior college (AA)","In CBSA, not in central city","YES","3: Mother","NO","YES","NO","NO","NO","0: 0  CONDITION DOES NOT APPLY","ALWAYS WITH RIGHT HAND","ALWAYS WITH RIGHT HAND","ALWAYS WITH RIGHT HAND","ALWAYS WITH RIGHT HAND","ALWAYS WITH LEFT HAND","1: 1  CONDITION APPLIES","1: 1  CONDITION APPLIES","NO","FEMALE","FEMALE"
1982,64735,3,1,3,33790,5,182,1,1,2,3,4,3,2,2,1,2,2,2,2,7,1,2,32,22,"Male","Black","South (AL, AR, DE, DC, FL, GA, KY, LA, MD, MS, NC, OK, SC, TN , TX, VA, WV)","High school diploma (Regular 12 year program)","In CBSA, in central city","YES","3: Mother","YES","NO","NO","NO","YES","0: 0  CONDITION DOES NOT APPLY","DON'T DO THIS ACTIVITY","ALWAYS WITH RIGHT HAND","ALWAYS WITH RIGHT HAND","ALWAYS WITH RIGHT HAND","ALWAYS WITH LEFT HAND","0: 0  CONDITION DOES NOT APPLY","1: 1  CONDITION APPLIES","NO","FEMALE","FEMALE"
1984,23250,3,1,5,33790,5,184,1,1,2,3,4,5,2,2,1,2,2,3,5,4,1,1,26,10,"Female","Black","North Central (IL, IN, IA, KS, MI, MN, MO, NE, OH, ND, SD, WI)","Bachelor's degree (BA, BS)","Not in CBSA","NO","3: Mother","NO","YES","NO","NO","YES","0: 0  CONDITION DOES NOT APPLY","ALWAYS WITH RIGHT HAND","ALWAYS WITH RIGHT HAND","ALWAYS WITH RIGHT HAND","ALWAYS WITH RIGHT HAND","ALWAYS WITH LEFT HAND","1: 1  CONDITION APPLIES","1: 1  CONDITION APPLIES","NO","MALE","FEMALE"
1984,0,4,0,3,33790,5,183,2,1,3,3,1,1,2,2,1,2,2,6,3,7,6,1,39,54,"Female","Non-Black / Non-Hispanic","South (AL, AR, DE, DC, FL, GA, KY, LA, MD, MS, NC, OK, SC, TN , TX, VA, WV)","Bachelor's degree (BA, BS)","In CBSA, in central city","YES","3: Mother","NO","NO","YES","NO","NO","0: 0  CONDITION DOES NOT APPLY","ALWAYS WITH RIGHT HAND","ALWAYS WITH RIGHT HAND","ALWAYS WITH RIGHT HAND","ALWAYS WITH RIGHT HAND","ALWAYS WITH RIGHT HAND","1: 1  CONDITION APPLIES","1: 1  CONDITION APPLIES","NO","FEMALE","MALE"
1984,64735,5,0,1,33790,5,150,1,2,1,3,2,3,2,1,1,2,1,7,3,7,1,1,32,22,"Male","Non-Black / Non-Hispanic","South (AL, AR, DE, DC, FL, GA, KY, LA, MD, MS, NC, OK, SC, TN , TX, VA, WV)","High school diploma (Regular 12 year program)","In CBSA, in central city","NO","3: Mother","NO","YES","NO","NO","YES","0: 0  CONDITION DOES NOT APPLY","ALWAYS WITH RIGHT HAND","ALWAYS WITH RIGHT HAND","ALWAYS WITH RIGHT HAND","ALWAYS WITH RIGHT HAND","ALWAYS WITH LEFT HAND","1: 1  CONDITION APPLIES","1: 1  CONDITION APPLIES","NO","MALE","FEMALE"
1984,64735,5,0,1,33790,5,129,1,1,2,3,3,4,1,2,1,1,1,2,4,6,1,1,35,19,"Female","Hispanic","North Central (IL, IN, IA, KS, MI, MN, MO, NE, OH, ND, SD, WI)","None","In CBSA, in central city","NO","3: Mother","YES","YES","NO","NO","YES","0: 0  CONDITION DOES NOT APPLY","ALWAYS WITH RIGHT HAND","USUALLY WITH BOTH HANDS EQUALLY","DON'T DO THIS ACTIVITY","DON'T DO THIS ACTIVITY","USUALLY WITH LEFT HAND","1: 1  CONDITION APPLIES","1: 1  CONDITION APPLIES","YES","FEMALE","FEMALE"
1983,8750,7,2,4,33790,5,111,1,1,1,2,2,6,2,2,2,2,2,6,1,7,1,1,27,15,"Female","Black","North Central (IL, IN, IA, KS, MI, MN, MO, NE, OH, ND, SD, WI)","Bachelor's degree (BA, BS)","In CBSA, not in central city","NO","3: Mother","NO","YES","NO","NO","NO","0: 0  CONDITION DOES NOT APPLY","ALWAYS WITH RIGHT HAND","ALWAYS WITH RIGHT HAND","ALWAYS WITH RIGHT HAND","ALWAYS WITH RIGHT HAND","ALWAYS WITH RIGHT HAND","0: 0  CONDITION DOES NOT APPLY","1: 1  CONDITION APPLIES","NO","FEMALE","MALE"
1981,64735,3,0,2,33790,5,240,1,3,3,4,4,3,2,2,1,1,1,6,2,6,1,1,32,21,"Female","Black","South (AL, AR, DE, DC, FL, GA, KY, LA, MD, MS, NC, OK, SC, TN , TX, VA, WV)","High school diploma (Regular 12 year program)","In CBSA, not in central city","NO","3: Mother","YES","YES","NO","NO","YES","0: 0  CONDITION DOES NOT APPLY","ALWAYS WITH RIGHT HAND","ALWAYS WITH RIGHT HAND","ALWAYS WITH RIGHT HAND","ALWAYS WITH RIGHT HAND","ALWAYS WITH LEFT HAND","1: 1  CONDITION APPLIES","1: 1  CONDITION APPLIES","NO","MALE","FEMALE"
1984,64735,3,0,1,33790,5,182,1,1,2,6,3,6,2,2,2,2,1,6,3,6,1,1,33,21,"Female","Black","South (AL, AR, DE, DC, FL, GA, KY, LA, MD, MS, NC, OK, SC, TN , TX, VA, WV)","High school diploma (Regular 12 year program)","In CBSA, not in central city","NO","3: Mother","NO","NO","NO","NO","YES","0: 0  CONDITION DOES NOT APPLY","ALWAYS WITH RIGHT HAND","USUALLY WITH RIGHT HAND","ALWAYS WITH RIGHT HAND","ALWAYS WITH RIGHT HAND","ALWAYS WITH RIGHT HAND","1: 1  CONDITION APPLIES","1: 1  CONDITION APPLIES","NO","FEMALE","MALE"
1983,64735,3,0,1,33790,5,184,1,1,2,5,4,5,2,2,1,2,1,4,2,8,1,1,31,19,"Male","Non-Black / Non-Hispanic","South (AL, AR, DE, DC, FL, GA, KY, LA, MD, MS, NC, OK, SC, TN , TX, VA, WV)","High school diploma (Regular 12 year program)","In CBSA, not in central city","NO","3: Mother","NO","NO","NO","NO","YES","0: 0  CONDITION DOES NOT APPLY","ALWAYS WITH LEFT HAND","ALWAYS WITH RIGHT HAND","ALWAYS WITH LEFT HAND","ALWAYS WITH LEFT HAND","ALWAYS WITH RIGHT HAND","1: 1  CONDITION APPLIES","1: 1  CONDITION APPLIES","YES","MALE","FEMALE"
1983,64735,5,0,1,33790,6,180,1,1,3,3,2,2,1,2,1,2,1,5,4,8,1,1,35,23,"Male","Black","West (AK, AZ, CA, CO, HI, ID, MT, NV, NM, OR, UT, WA, WY)","None","In CBSA, not in central city","NO","3: Mother","YES","YES","NO","NO","YES","0: 0  CONDITION DOES NOT APPLY","DON'T DO THIS ACTIVITY","ALWAYS WITH RIGHT HAND","USUALLY WITH RIGHT HAND","DON'T DO THIS ACTIVITY","ALWAYS WITH LEFT HAND","1: 1  CONDITION APPLIES","1: 1  CONDITION APPLIES","NO","FEMALE","FEMALE"
1983,64735,2,1,1,33790,5,250,2,1,1,4,2,4,2,2,2,2,1,2,2,6,1,2,22,20,"Female","Black","South (AL, AR, DE, DC, FL, GA, KY, LA, MD, MS, NC, OK, SC, TN , TX, VA, WV)","Bachelor's degree (BA, BS)","In CBSA, not in central city","YES","3: Mother","NO","NO","NO","NO","YES","0: 0  CONDITION DOES NOT APPLY","ALWAYS WITH RIGHT HAND","ALWAYS WITH RIGHT HAND","ALWAYS WITH RIGHT HAND","ALWAYS WITH RIGHT HAND","ALWAYS WITH LEFT HAND","1: 1  CONDITION APPLIES","1: 1  CONDITION APPLIES","NO","FEMALE","MALE"
1980,64735,2,1,3,80000,5,186,2,1,2,4,3,6,2,2,2,2,1,7,2,3,1,1,31,2,"Male","Non-Black / Non-Hispanic","South (AL, AR, DE, DC, FL, GA, KY, LA, MD, MS, NC, OK, SC, TN , TX, VA, WV)","High school diploma (Regular 12 year program)","In CBSA, in central city","NO","3: Mother","YES","YES","NO","NO","YES","0: 0  CONDITION DOES NOT APPLY","ALWAYS WITH RIGHT HAND","USUALLY WITH BOTH HANDS EQUALLY","USUALLY WITH RIGHT HAND","ALWAYS WITH RIGHT HAND","ALWAYS WITH LEFT HAND","1: 1  CONDITION APPLIES","0: 0  CONDITION DOES NOT APPLY","YES","FEMALE","MALE"
1984,130000,4,1,3,33790,5,181,1,1,3,3,3,5,2,1,2,1,1,7,2,7,1,1,27,21,"Male","Non-Black / Non-Hispanic","Northeast (CT, ME, MA, NH, NJ, NY, PA, RI, VT)","High school diploma (Regular 12 year program)","In CBSA, not in central city","NO","3: Mother","YES","YES","NO","NO","YES","0: 0  CONDITION DOES NOT APPLY","ALWAYS WITH RIGHT HAND","ALWAYS WITH RIGHT HAND","ALWAYS WITH RIGHT HAND","ALWAYS WITH RIGHT HAND","ALWAYS WITH LEFT HAND","1: 1  CONDITION APPLIES","1: 1  CONDITION APPLIES","NO","MALE","MALE"
1980,64735,3,1,4,33790,5,183,2,1,1,3,1,4,2,2,2,1,2,2,5,7,1,1,32,20,"Male","Black","South (AL, AR, DE, DC, FL, GA, KY, LA, MD, MS, NC, OK, SC, TN , TX, VA, WV)","High school diploma (Regular 12 year program)","In CBSA, not in central city","NO","3: Mother","NO","YES","YES","YES","YES","0: 0  CONDITION DOES NOT APPLY","ALWAYS WITH RIGHT HAND","ALWAYS WITH RIGHT HAND","ALWAYS WITH RIGHT HAND","ALWAYS WITH RIGHT HAND","USUALLY WITH BOTH HANDS EQUALLY","1: 1  CONDITION APPLIES","1: 1  CONDITION APPLIES","NO","FEMALE","MALE"
1984,64735,3,0,4,62000,6,183,1,2,6,3,3,3,2,2,1,2,1,6,3,6,1,3,26,22,"Male","Black","Northeast (CT, ME, MA, NH, NJ, NY, PA, RI, VT)","High school diploma (Regular 12 year program)","In CBSA, not in central city","NO","3: Mother","NO","YES","NO","NO","YES","0: 0  CONDITION DOES NOT APPLY","ALWAYS WITH RIGHT HAND","ALWAYS WITH RIGHT HAND","ALWAYS WITH RIGHT HAND","ALWAYS WITH RIGHT HAND","ALWAYS WITH LEFT HAND","1: 1  CONDITION APPLIES","1: 1  CONDITION APPLIES","NO","FEMALE","FEMALE"
1981,64735,4,0,2,33790,5,182,1,2,6,4,2,2,2,2,1,2,2,7,3,6,1,1,52,25,"Female","Non-Black / Non-Hispanic","South (AL, AR, DE, DC, FL, GA, KY, LA, MD, MS, NC, OK, SC, TN , TX, VA, WV)","High school diploma (Regular 12 year program)","In CBSA, not in central city","YES","3: Mother","NO","NO","NO","NO","YES","0: 0  CONDITION DOES NOT APPLY","ALWAYS WITH RIGHT HAND","ALWAYS WITH RIGHT HAND","ALWAYS WITH RIGHT HAND","ALWAYS WITH RIGHT HAND","ALWAYS WITH LEFT HAND","1: 1  CONDITION APPLIES","1: 1  CONDITION APPLIES","NO","MALE","FEMALE"
1982,64735,2,1,1,33790,5,187,1,1,1,5,3,7,2,2,2,2,1,3,2,8,1,1,32,19,"Female","Non-Black / Non-Hispanic","South (AL, AR, DE, DC, FL, GA, KY, LA, MD, MS, NC, OK, SC, TN , TX, VA, WV)","Bachelor's degree (BA, BS)","In CBSA, not in central city","NO","3: Mother","NO","NO","NO","NO","YES","0: 0  CONDITION DOES NOT APPLY","ALWAYS WITH LEFT HAND","ALWAYS WITH RIGHT HAND","ALWAYS WITH LEFT HAND","ALWAYS WITH LEFT HAND","ALWAYS WITH LEFT HAND","1: 1  CONDITION APPLIES","1: 1  CONDITION APPLIES","NO","MALE","MALE"
1982,37500,4,0,4,33790,5,185,1,1,2,5,2,6,2,2,1,1,1,6,2,5,1,1,29,20,"Male","Black","Northeast (CT, ME, MA, NH, NJ, NY, PA, RI, VT)","High school diploma (Regular 12 year program)","In CBSA, in central city","NO","3: Mother","NO","YES","NO","NO","YES","0: 0  CONDITION DOES NOT APPLY","ALWAYS WITH RIGHT HAND","DON'T DO THIS ACTIVITY","USUALLY WITH BOTH HANDS EQUALLY","USUALLY WITH BOTH HANDS EQUALLY","ALWAYS WITH LEFT HAND","1: 1  CONDITION APPLIES","1: 1  CONDITION APPLIES","NO","FEMALE","FEMALE"
1981,37000,3,0,1,33790,6,183,1,1,2,3,1,3,2,2,2,2,1,6,2,7,1,1,28,21,"Female","Black","South (AL, AR, DE, DC, FL, GA, KY, LA, MD, MS, NC, OK, SC, TN , TX, VA, WV)","High school diploma (Regular 12 year program)","In CBSA, not in central city","NO","3: Mother","NO","YES","NO","NO","NO","0: 0  CONDITION DOES NOT APPLY","ALWAYS WITH RIGHT HAND","ALWAYS WITH RIGHT HAND","ALWAYS WITH RIGHT HAND","ALWAYS WITH RIGHT HAND","ALWAYS WITH RIGHT HAND","0: 0  CONDITION DOES NOT APPLY","0: 0  CONDITION DOES NOT APPLY","NO","FEMALE","MALE"
1982,64735,4,1,1,33790,5,180,2,3,2,3,7,4,2,2,2,2,2,3,2,5,1,1,30,17,"Female","Non-Black / Non-Hispanic","South (AL, AR, DE, DC, FL, GA, KY, LA, MD, MS, NC, OK, SC, TN , TX, VA, WV)","GED","In CBSA, not in central city","YES","3: Mother","NO","NO","NO","NO","YES","0: 0  CONDITION DOES NOT APPLY","ALWAYS WITH RIGHT HAND","ALWAYS WITH RIGHT HAND","USUALLY WITH RIGHT HAND","ALWAYS WITH RIGHT HAND","USUALLY WITH LEFT HAND","1: 1  CONDITION APPLIES","1: 1  CONDITION APPLIES","NO","FEMALE","MALE"
1983,64735,3,1,2,33790,5,185,1,1,2,6,2,2,2,2,2,1,1,5,2,6,1,1,32,21,"Male","Non-Black / Non-Hispanic","South (AL, AR, DE, DC, FL, GA, KY, LA, MD, MS, NC, OK, SC, TN , TX, VA, WV)","High school diploma (Regular 12 year program)","In CBSA, not in central city","YES","3: Mother","NO","NO","NO","NO","YES","0: 0  CONDITION DOES NOT APPLY","ALWAYS WITH RIGHT HAND","DON'T DO THIS ACTIVITY","ALWAYS WITH RIGHT HAND","ALWAYS WITH RIGHT HAND","ALWAYS WITH LEFT HAND","1: 1  CONDITION APPLIES","1: 1  CONDITION APPLIES","NO","MALE","MALE"
1980,23000,4,0,5,33790,6,182,1,2,2,4,1,3,2,2,2,2,1,2,3,7,1,1,33,20,"Female","Hispanic","South (AL, AR, DE, DC, FL, GA, KY, LA, MD, MS, NC, OK, SC, TN , TX, VA, WV)","High school diploma (Regular 12 year program)","In CBSA, not in central city","NO","3: Mother","YES","YES","NO","NO","YES","0: 0  CONDITION DOES NOT APPLY","ALWAYS WITH RIGHT HAND","ALWAYS WITH RIGHT HAND","USUALLY WITH RIGHT HAND","USUALLY WITH RIGHT HAND","ALWAYS WITH LEFT HAND","1: 1  CONDITION APPLIES","1: 1  CONDITION APPLIES","NO","FEMALE","MALE"
1983,64735,3,1,2,33790,5,150,1,1,3,1,2,2,1,2,1,1,1,4,1,6,1,1,28,19,"Female","Non-Black / Non-Hispanic","South (AL, AR, DE, DC, FL, GA, KY, LA, MD, MS, NC, OK, SC, TN , TX, VA, WV)","GED","In CBSA, not in central city","NO","3: Mother","YES","NO","NO","NO","YES","0: 0  CONDITION DOES NOT APPLY","ALWAYS WITH RIGHT HAND","ALWAYS WITH RIGHT HAND","ALWAYS WITH RIGHT HAND","ALWAYS WITH RIGHT HAND","ALWAYS WITH LEFT HAND","1: 1  CONDITION APPLIES","1: 1  CONDITION APPLIES","NO","MALE","FEMALE"
1984,64735,4,1,1,33790,5,187,1,1,2,5,2,3,2,2,1,1,1,6,1,6,1,1,38,30,"Female","Hispanic","South (AL, AR, DE, DC, FL, GA, KY, LA, MD, MS, NC, OK, SC, TN , TX, VA, WV)","High school diploma (Regular 12 year program)","In CBSA, in central city","YES","3: Mother","YES","NO","NO","NO","YES","0: 0  CONDITION DOES NOT APPLY","ALWAYS WITH RIGHT HAND","ALWAYS WITH RIGHT HAND","ALWAYS WITH RIGHT HAND","ALWAYS WITH RIGHT HAND","ALWAYS WITH LEFT HAND","1: 1  CONDITION APPLIES","1: 1  CONDITION APPLIES","NO","FEMALE","FEMALE"
1982,64735,3,0,4,33790,5,185,1,1,1,5,2,2,2,2,1,2,1,3,2,7,1,1,32,21,"Female","Hispanic","South (AL, AR, DE, DC, FL, GA, KY, LA, MD, MS, NC, OK, SC, TN , TX, VA, WV)","High school diploma (Regular 12 year program)","In CBSA, in central city","NO","3: Mother","NO","YES","NO","NO","YES","0: 0  CONDITION DOES NOT APPLY","ALWAYS WITH RIGHT HAND","ALWAYS WITH RIGHT HAND","USUALLY WITH RIGHT HAND","ALWAYS WITH RIGHT HAND","ALWAYS WITH LEFT HAND","1: 1  CONDITION APPLIES","1: 1  CONDITION APPLIES","NO","FEMALE","FEMALE"
1985,72500,7,0,1,33790,6,186,1,1,1,3,1,3,2,2,1,1,1,3,3,5,1,1,59,27,"Male","Non-Black / Non-Hispanic","South (AL, AR, DE, DC, FL, GA, KY, LA, MD, MS, NC, OK, SC, TN , TX, VA, WV)","High school diploma (Regular 12 year program)","In CBSA, not in central city","YES","3: Mother","NO","YES","NO","NO","YES","0: 0  CONDITION DOES NOT APPLY","ALWAYS WITH RIGHT HAND","ALWAYS WITH RIGHT HAND","ALWAYS WITH RIGHT HAND","ALWAYS WITH RIGHT HAND","ALWAYS WITH LEFT HAND","1: 1  CONDITION APPLIES","1: 1  CONDITION APPLIES","NO","FEMALE","FEMALE"
1980,64735,3,0,3,33790,6,188,1,2,4,2,3,3,2,1,2,1,1,1,3,6,2,1,31,29,"Male","Non-Black / Non-Hispanic","West (AK, AZ, CA, CO, HI, ID, MT, NV, NM, OR, UT, WA, WY)","GED","In CBSA, in central city","NO","3: Mother","YES","NO","YES","NO","NO","0: 0  CONDITION DOES NOT APPLY","ALWAYS WITH RIGHT HAND","ALWAYS WITH RIGHT HAND","ALWAYS WITH RIGHT HAND","ALWAYS WITH RIGHT HAND","ALWAYS WITH LEFT HAND","1: 1  CONDITION APPLIES","1: 1  CONDITION APPLIES","NO","FEMALE","MALE"
1982,64735,1,0,3,33790,5,184,2,1,3,5,6,5,2,2,2,2,1,5,1,7,1,1,32,24,"Female","Hispanic","North Central (IL, IN, IA, KS, MI, MN, MO, NE, OH, ND, SD, WI)","None","In CBSA, in central city","NO","3: Mother","YES","YES","NO","NO","YES","0: 0  CONDITION DOES NOT APPLY","ALWAYS WITH RIGHT HAND","ALWAYS WITH RIGHT HAND","ALWAYS WITH RIGHT HAND","ALWAYS WITH RIGHT HAND","ALWAYS WITH LEFT HAND","1: 1  CONDITION APPLIES","1: 1  CONDITION APPLIES","NO","MALE","MALE"
1982,64735,1,1,1,33790,5,184,2,2,4,4,2,4,2,2,1,2,1,7,3,6,1,2,29,22,"Female","Black","South (AL, AR, DE, DC, FL, GA, KY, LA, MD, MS, NC, OK, SC, TN , TX, VA, WV)","High school diploma (Regular 12 year program)","In CBSA, in central city","NO","3: Mother","YES","YES","NO","NO","NO","0: 0  CONDITION DOES NOT APPLY","ALWAYS WITH RIGHT HAND","ALWAYS WITH RIGHT HAND","ALWAYS WITH RIGHT HAND","ALWAYS WITH RIGHT HAND","ALWAYS WITH LEFT HAND","1: 1  CONDITION APPLIES","1: 1  CONDITION APPLIES","NO","FEMALE","FEMALE"
1986,64735,3,1,2,31000,5,182,1,1,2,2,6,3,2,2,1,2,1,6,3,6,1,1,30,22,"Female","Non-Black / Non-Hispanic","West (AK, AZ, CA, CO, HI, ID, MT, NV, NM, OR, UT, WA, WY)","Bachelor's degree (BA, BS)","In CBSA, not in central city","NO","3: Mother","NO","NO","NO","NO","NO","0: 0  CONDITION DOES NOT APPLY","ALWAYS WITH RIGHT HAND","ALWAYS WITH RIGHT HAND","ALWAYS WITH RIGHT HAND","ALWAYS WITH RIGHT HAND","ALWAYS WITH LEFT HAND","1: 1  CONDITION APPLIES","1: 1  CONDITION APPLIES","YES","MALE","FEMALE"
1983,64735,4,1,1,33790,6,184,2,2,1,3,2,5,2,2,1,2,2,3,4,7,1,1,34,13,"Male","Black","West (AK, AZ, CA, CO, HI, ID, MT, NV, NM, OR, UT, WA, WY)","GED","In CBSA, not in central city","YES","3: Mother","YES","NO","NO","NO","YES","0: 0  CONDITION DOES NOT APPLY","ALWAYS WITH RIGHT HAND","ALWAYS WITH RIGHT HAND","USUALLY WITH RIGHT HAND","ALWAYS WITH RIGHT HAND","ALWAYS WITH LEFT HAND","1: 1  CONDITION APPLIES","1: 1  CONDITION APPLIES","NO","FEMALE","MALE"
1981,64735,6,1,2,33790,5,182,1,1,4,2,3,3,2,1,2,1,1,5,4,7,1,1,34,20,"Male","Non-Black / Non-Hispanic","West (AK, AZ, CA, CO, HI, ID, MT, NV, NM, OR, UT, WA, WY)","High school diploma (Regular 12 year program)","In CBSA, not in central city","NO","3: Mother","YES","NO","NO","NO","YES","0: 0  CONDITION DOES NOT APPLY","ALWAYS WITH RIGHT HAND","ALWAYS WITH RIGHT HAND","ALWAYS WITH RIGHT HAND","ALWAYS WITH RIGHT HAND","USUALLY WITH BOTH HANDS EQUALLY","1: 1  CONDITION APPLIES","1: 1  CONDITION APPLIES","NO","MALE","FEMALE"
1983,64735,5,0,1,33790,5,181,1,2,1,3,2,3,2,2,1,2,2,2,3,6,1,1,47,28,"Male","Non-Black / Non-Hispanic","South (AL, AR, DE, DC, FL, GA, KY, LA, MD, MS, NC, OK, SC, TN , TX, VA, WV)","High school diploma (Regular 12 year program)","In CBSA, not in central city","YES","3: Mother","YES","NO","NO","NO","YES","0: 0  CONDITION DOES NOT APPLY","ALWAYS WITH RIGHT HAND","ALWAYS WITH RIGHT HAND","ALWAYS WITH RIGHT HAND","ALWAYS WITH RIGHT HAND","USUALLY WITH BOTH HANDS EQUALLY","1: 1  CONDITION APPLIES","1: 1  CONDITION APPLIES","NO","FEMALE","FEMALE"
1981,64735,3,1,2,33790,5,183,1,1,2,4,3,5,2,2,2,2,1,6,4,7,1,1,30,22,"Male","Non-Black / Non-Hispanic","North Central (IL, IN, IA, KS, MI, MN, MO, NE, OH, ND, SD, WI)","High school diploma (Regular 12 year program)","In CBSA, in central city","NO","3: Mother","YES","YES","NO","NO","NO","0: 0  CONDITION DOES NOT APPLY","ALWAYS WITH RIGHT HAND","ALWAYS WITH RIGHT HAND","ALWAYS WITH RIGHT HAND","ALWAYS WITH RIGHT HAND","ALWAYS WITH LEFT HAND","1: 1  CONDITION APPLIES","1: 1  CONDITION APPLIES","NO","FEMALE","FEMALE"
1982,64735,2,0,4,33790,5,185,1,1,3,2,1,2,2,2,1,2,1,3,1,8,1,1,31,24,"Female","Black","Northeast (CT, ME, MA, NH, NJ, NY, PA, RI, VT)","High school diploma (Regular 12 year program)","In CBSA, not in central city","NO","3: Mother","NO","YES","NO","NO","NO","0: 0  CONDITION DOES NOT APPLY","ALWAYS WITH LEFT HAND","ALWAYS WITH LEFT HAND","ALWAYS WITH RIGHT HAND","ALWAYS WITH RIGHT HAND","ALWAYS WITH RIGHT HAND","1: 1  CONDITION APPLIES","1: 1  CONDITION APPLIES","NO","FEMALE","FEMALE"
1981,64735,4,1,2,33790,5,182,2,1,3,4,3,5,2,2,1,2,1,6,3,6,1,1,30,21,"Female","Black","South (AL, AR, DE, DC, FL, GA, KY, LA, MD, MS, NC, OK, SC, TN , TX, VA, WV)","Associate/Junior college (AA)","In CBSA, not in central city","NO","3: Mother","YES","YES","NO","NO","YES","0: 0  CONDITION DOES NOT APPLY","ALWAYS WITH RIGHT HAND","ALWAYS WITH RIGHT HAND","ALWAYS WITH RIGHT HAND","ALWAYS WITH RIGHT HAND","ALWAYS WITH LEFT HAND","1: 1  CONDITION APPLIES","1: 1  CONDITION APPLIES","NO","FEMALE","MALE"
1980,64735,4,1,5,33790,6,185,1,2,3,4,3,4,2,1,1,2,1,9,3,6,1,1,15,13,"Female","Black","North Central (IL, IN, IA, KS, MI, MN, MO, NE, OH, ND, SD, WI)","High school diploma (Regular 12 year program)","In CBSA, not in central city","NO","3: Mother","NO","YES","NO","NO","YES","0: 0  CONDITION DOES NOT APPLY","ALWAYS WITH RIGHT HAND","ALWAYS WITH RIGHT HAND","ALWAYS WITH RIGHT HAND","ALWAYS WITH RIGHT HAND","ALWAYS WITH LEFT HAND","1: 1  CONDITION APPLIES","1: 1  CONDITION APPLIES","NO","FEMALE","FEMALE"
1984,64735,4,0,1,33790,5,187,1,1,1,5,2,4,2,1,1,1,1,1,1,7,1,1,32,22,"Female","Black","South (AL, AR, DE, DC, FL, GA, KY, LA, MD, MS, NC, OK, SC, TN , TX, VA, WV)","High school diploma (Regular 12 year program)","In CBSA, in central city","NO","3: Mother","NO","YES","NO","NO","NO","0: 0  CONDITION DOES NOT APPLY","ALWAYS WITH RIGHT HAND","ALWAYS WITH RIGHT HAND","ALWAYS WITH RIGHT HAND","ALWAYS WITH RIGHT HAND","ALWAYS WITH LEFT HAND","1: 1  CONDITION APPLIES","1: 1  CONDITION APPLIES","NO","FEMALE","MALE"
1983,64735,6,2,5,19500,5,186,1,3,1,5,3,5,2,2,1,2,1,6,4,6,1,1,19,9,"Female","Non-Black / Non-Hispanic","North Central (IL, IN, IA, KS, MI, MN, MO, NE, OH, ND, SD, WI)","High school diploma (Regular 12 year program)","In CBSA, in central city","YES","3: Mother","YES","NO","NO","NO","NO","0: 0  CONDITION DOES NOT APPLY","ALWAYS WITH RIGHT HAND","ALWAYS WITH RIGHT HAND","ALWAYS WITH RIGHT HAND","ALWAYS WITH RIGHT HAND","ALWAYS WITH LEFT HAND","1: 1  CONDITION APPLIES","1: 1  CONDITION APPLIES","NO","MALE","MALE"
1980,64735,4,1,3,33790,5,182,1,2,2,3,4,3,2,2,2,2,1,4,1,8,1,1,25,19,"Female","Non-Black / Non-Hispanic","South (AL, AR, DE, DC, FL, GA, KY, LA, MD, MS, NC, OK, SC, TN , TX, VA, WV)","High school diploma (Regular 12 year program)","In CBSA, in central city","NO","3: Mother","NO","NO","NO","NO","YES","0: 0  CONDITION DOES NOT APPLY","ALWAYS WITH RIGHT HAND","USUALLY WITH BOTH HANDS EQUALLY","ALWAYS WITH RIGHT HAND","ALWAYS WITH RIGHT HAND","ALWAYS WITH LEFT HAND","1: 1  CONDITION APPLIES","1: 1  CONDITION APPLIES","NO","FEMALE","MALE"
1984,64735,3,0,1,33790,5,159,1,1,4,4,5,3,2,1,2,2,1,6,1,6,1,1,32,21,"Male","Non-Black / Non-Hispanic","North Central (IL, IN, IA, KS, MI, MN, MO, NE, OH, ND, SD, WI)","High school diploma (Regular 12 year program)","In CBSA, in central city","NO","3: Mother","YES","NO","NO","NO","YES","0: 0  CONDITION DOES NOT APPLY","ALWAYS WITH RIGHT HAND","ALWAYS WITH RIGHT HAND","USUALLY WITH BOTH HANDS EQUALLY","ALWAYS WITH RIGHT HAND","ALWAYS WITH LEFT HAND","1: 1  CONDITION APPLIES","1: 1  CONDITION APPLIES","NO","MALE","MALE"
1983,64735,3,0,2,33790,5,183,2,3,3,4,4,4,1,2,2,1,1,6,3,6,1,1,44,24,"Female","Black","North Central (IL, IN, IA, KS, MI, MN, MO, NE, OH, ND, SD, WI)","High school diploma (Regular 12 year program)","Not in country","YES","3: Mother","YES","NO","NO","NO","YES","0: 0  CONDITION DOES NOT APPLY","ALWAYS WITH RIGHT HAND","ALWAYS WITH RIGHT HAND","ALWAYS WITH RIGHT HAND","ALWAYS WITH RIGHT HAND","ALWAYS WITH LEFT HAND","1: 1  CONDITION APPLIES","1: 1  CONDITION APPLIES","NO","MALE","FEMALE"
1984,64735,3,0,1,33790,5,183,1,1,2,3,1,3,1,2,1,1,1,6,1,5,1,1,39,56,"Male","Non-Black / Non-Hispanic","Northeast (CT, ME, MA, NH, NJ, NY, PA, RI, VT)","High school diploma (Regular 12 year program)","In CBSA, in central city","YES","3: Mother","YES","YES","NO","NO","NO","0: 0  CONDITION DOES NOT APPLY","ALWAYS WITH RIGHT HAND","ALWAYS WITH RIGHT HAND","ALWAYS WITH RIGHT HAND","ALWAYS WITH LEFT HAND","ALWAYS WITH LEFT HAND","1: 1  CONDITION APPLIES","1: 1  CONDITION APPLIES","NO","FEMALE","MALE"
1981,64735,3,0,7,33790,5,180,1,2,4,1,3,4,1,1,2,1,1,4,3,5,1,1,33,32,"Female","Black","South (AL, AR, DE, DC, FL, GA, KY, LA, MD, MS, NC, OK, SC, TN , TX, VA, WV)","Master's degree (MA, MS)","In CBSA, not in central city","NO","3: Mother","YES","NO","NO","NO","YES","0: 0  CONDITION DOES NOT APPLY","ALWAYS WITH RIGHT HAND","ALWAYS WITH RIGHT HAND","ALWAYS WITH RIGHT HAND","ALWAYS WITH RIGHT HAND","ALWAYS WITH LEFT HAND","1: 1  CONDITION APPLIES","1: 1  CONDITION APPLIES","NO","FEMALE","MALE"
1980,64735,3,1,1,33790,5,184,1,2,2,5,4,4,2,2,1,1,1,5,1,7,1,1,35,21,"Female","Hispanic","Northeast (CT, ME, MA, NH, NJ, NY, PA, RI, VT)","High school diploma (Regular 12 year program)","In CBSA, in central city","NO","3: Mother","NO","YES","NO","NO","YES","1: 1  CONDITION APPLIES","DON'T DO THIS ACTIVITY","ALWAYS WITH RIGHT HAND","ALWAYS WITH RIGHT HAND","USUALLY WITH BOTH HANDS EQUALLY","ALWAYS WITH LEFT HAND","1: 1  CONDITION APPLIES","1: 1  CONDITION APPLIES","NO","FEMALE","FEMALE"
1980,64735,3,0,2,33790,5,182,1,1,4,3,2,3,2,2,2,2,2,5,2,6,1,1,32,21,"Male","Non-Black / Non-Hispanic","Northeast (CT, ME, MA, NH, NJ, NY, PA, RI, VT)","Bachelor's degree (BA, BS)","In CBSA, not in central city","NO","3: Mother","YES","NO","NO","NO","YES","0: 0  CONDITION DOES NOT APPLY","ALWAYS WITH RIGHT HAND","ALWAYS WITH RIGHT HAND","ALWAYS WITH RIGHT HAND","ALWAYS WITH RIGHT HAND","ALWAYS WITH LEFT HAND","1: 1  CONDITION APPLIES","1: 1  CONDITION APPLIES","NO","FEMALE","MALE"
1984,64735,6,0,1,33790,6,183,2,2,3,3,2,2,2,2,2,1,1,2,1,5,1,1,62,26,"Male","Non-Black / Non-Hispanic","South (AL, AR, DE, DC, FL, GA, KY, LA, MD, MS, NC, OK, SC, TN , TX, VA, WV)","High school diploma (Regular 12 year program)","Not in CBSA","YES","3: Mother","YES","YES","NO","NO","NO","0: 0  CONDITION DOES NOT APPLY","ALWAYS WITH RIGHT HAND","ALWAYS WITH RIGHT HAND","ALWAYS WITH RIGHT HAND","ALWAYS WITH RIGHT HAND","ALWAYS WITH LEFT HAND","1: 1  CONDITION APPLIES","1: 1  CONDITION APPLIES","NO","FEMALE","MALE"
1983,29000,2,1,2,33790,6,187,1,2,2,2,3,6,2,2,2,2,2,3,1,5,1,1,33,29,"Male","Black","South (AL, AR, DE, DC, FL, GA, KY, LA, MD, MS, NC, OK, SC, TN , TX, VA, WV)","High school diploma (Regular 12 year program)","In CBSA, not in central city","NO","3: Mother","NO","YES","NO","NO","YES","0: 0  CONDITION DOES NOT APPLY","ALWAYS WITH RIGHT HAND","ALWAYS WITH RIGHT HAND","ALWAYS WITH RIGHT HAND","ALWAYS WITH RIGHT HAND","ALWAYS WITH LEFT HAND","1: 1  CONDITION APPLIES","1: 1  CONDITION APPLIES","NO","FEMALE","MALE"
1982,59000,3,1,1,23000,6,182,1,2,1,5,4,3,2,2,2,2,1,4,2,7,1,1,29,20,"Female","Non-Black / Non-Hispanic","South (AL, AR, DE, DC, FL, GA, KY, LA, MD, MS, NC, OK, SC, TN , TX, VA, WV)","None","In CBSA, not in central city","NO","3: Mother","NO","YES","NO","NO","NO","0: 0  CONDITION DOES NOT APPLY","ALWAYS WITH RIGHT HAND","ALWAYS WITH RIGHT HAND","ALWAYS WITH RIGHT HAND","ALWAYS WITH RIGHT HAND","ALWAYS WITH LEFT HAND","1: 1  CONDITION APPLIES","1: 1  CONDITION APPLIES","NO","FEMALE","MALE"
1983,64735,1,0,3,33790,5,183,3,2,3,3,5,4,2,2,1,2,2,4,6,7,1,1,1,12,"Female","Non-Black / Non-Hispanic","Northeast (CT, ME, MA, NH, NJ, NY, PA, RI, VT)","High school diploma (Regular 12 year program)","In CBSA, not in central city","NO","3: Mother","NO","NO","NO","NO","YES","0: 0  CONDITION DOES NOT APPLY","ALWAYS WITH RIGHT HAND","ALWAYS WITH RIGHT HAND","ALWAYS WITH RIGHT HAND","ALWAYS WITH RIGHT HAND","ALWAYS WITH LEFT HAND","1: 1  CONDITION APPLIES","1: 1  CONDITION APPLIES","NO","MALE","MALE"
1982,64735,2,0,1,33790,5,182,1,1,2,4,3,3,2,2,2,2,1,6,3,7,1,1,31,21,"Male","Non-Black / Non-Hispanic","North Central (IL, IN, IA, KS, MI, MN, MO, NE, OH, ND, SD, WI)","Bachelor's degree (BA, BS)","In CBSA, not in central city","NO","3: Mother","NO","NO","NO","NO","YES","0: 0  CONDITION DOES NOT APPLY","ALWAYS WITH RIGHT HAND","ALWAYS WITH RIGHT HAND","ALWAYS WITH RIGHT HAND","ALWAYS WITH RIGHT HAND","ALWAYS WITH LEFT HAND","1: 1  CONDITION APPLIES","1: 1  CONDITION APPLIES","NO","FEMALE","FEMALE"
1984,64735,4,2,3,33790,5,182,2,2,1,3,2,5,1,1,1,1,1,1,1,7,1,1,27,3,"Female","Black","South (AL, AR, DE, DC, FL, GA, KY, LA, MD, MS, NC, OK, SC, TN , TX, VA, WV)","High school diploma (Regular 12 year program)","Not in CBSA","NO","3: Mother","NO","YES","NO","NO","YES","0: 0  CONDITION DOES NOT APPLY","ALWAYS WITH RIGHT HAND","ALWAYS WITH RIGHT HAND","ALWAYS WITH RIGHT HAND","ALWAYS WITH RIGHT HAND","ALWAYS WITH LEFT HAND","1: 1  CONDITION APPLIES","1: 1  CONDITION APPLIES","NO","FEMALE","FEMALE"
1980,64735,3,1,1,33790,5,186,1,2,2,4,2,3,2,2,1,2,1,4,2,4,2,1,33,16,"Female","Hispanic","South (AL, AR, DE, DC, FL, GA, KY, LA, MD, MS, NC, OK, SC, TN , TX, VA, WV)","High school diploma (Regular 12 year program)","In CBSA, in central city","YES","3: Mother","YES","NO","NO","YES","YES","0: 0  CONDITION DOES NOT APPLY","ALWAYS WITH RIGHT HAND","ALWAYS WITH RIGHT HAND","ALWAYS WITH RIGHT HAND","ALWAYS WITH RIGHT HAND","ALWAYS WITH LEFT HAND","1: 1  CONDITION APPLIES","1: 1  CONDITION APPLIES","NO","FEMALE","MALE"
1987,1750,3,0,3,33790,5,184,2,1,3,4,3,4,1,2,1,1,1,3,1,6,2,1,31,22,"Male","Non-Black / Non-Hispanic","South (AL, AR, DE, DC, FL, GA, KY, LA, MD, MS, NC, OK, SC, TN , TX, VA, WV)","High school diploma (Regular 12 year program)","In CBSA, not in central city","NO","3: Mother","YES","NO","NO","NO","NO","0: 0  CONDITION DOES NOT APPLY","ALWAYS WITH RIGHT HAND","ALWAYS WITH RIGHT HAND","ALWAYS WITH RIGHT HAND","ALWAYS WITH RIGHT HAND","ALWAYS WITH LEFT HAND","1: 1  CONDITION APPLIES","1: 1  CONDITION APPLIES","NO","FEMALE","MALE"
1983,64735,3,0,2,33790,6,185,1,2,2,4,3,5,2,2,2,2,2,3,1,7,1,2,34,19,"Male","Non-Black / Non-Hispanic","South (AL, AR, DE, DC, FL, GA, KY, LA, MD, MS, NC, OK, SC, TN , TX, VA, WV)","High school diploma (Regular 12 year program)","In CBSA, in central city","NO","3: Mother","NO","NO","NO","NO","YES","0: 0  CONDITION DOES NOT APPLY","ALWAYS WITH RIGHT HAND","ALWAYS WITH RIGHT HAND","ALWAYS WITH RIGHT HAND","ALWAYS WITH RIGHT HAND","ALWAYS WITH LEFT HAND","1: 1  CONDITION APPLIES","1: 1  CONDITION APPLIES","NO","FEMALE","MALE"
1982,64735,3,0,4,33790,5,183,2,2,1,2,1,3,2,2,2,2,1,1,3,7,1,1,23,18,"Male","Black","South (AL, AR, DE, DC, FL, GA, KY, LA, MD, MS, NC, OK, SC, TN , TX, VA, WV)","None","In CBSA, not in central city","NO","3: Mother","NO","YES","NO","NO","YES","0: 0  CONDITION DOES NOT APPLY","ALWAYS WITH RIGHT HAND","ALWAYS WITH RIGHT HAND","ALWAYS WITH RIGHT HAND","ALWAYS WITH RIGHT HAND","ALWAYS WITH LEFT HAND","1: 1  CONDITION APPLIES","1: 1  CONDITION APPLIES","NO","FEMALE","MALE"
1984,64735,1,0,2,33790,5,188,3,3,2,5,3,3,2,2,1,2,1,4,3,7,1,1,33,20,"Female","Non-Black / Non-Hispanic","South (AL, AR, DE, DC, FL, GA, KY, LA, MD, MS, NC, OK, SC, TN , TX, VA, WV)","High school diploma (Regular 12 year program)","In CBSA, in central city","NO","3: Mother","NO","YES","NO","NO","YES","0: 0  CONDITION DOES NOT APPLY","ALWAYS WITH RIGHT HAND","ALWAYS WITH RIGHT HAND","ALWAYS WITH RIGHT HAND","ALWAYS WITH RIGHT HAND","ALWAYS WITH LEFT HAND","1: 1  CONDITION APPLIES","1: 1  CONDITION APPLIES","NO","MALE","MALE"
1982,64735,4,0,3,33790,5,183,1,2,2,4,3,1,2,2,1,2,2,4,4,7,1,1,31,21,"Female","Black","South (AL, AR, DE, DC, FL, GA, KY, LA, MD, MS, NC, OK, SC, TN , TX, VA, WV)","High school diploma (Regular 12 year program)","In CBSA, in central city","NO","3: Mother","NO","YES","NO","NO","YES","0: 0  CONDITION DOES NOT APPLY","ALWAYS WITH RIGHT HAND","USUALLY WITH RIGHT HAND","USUALLY WITH BOTH HANDS EQUALLY","ALWAYS WITH RIGHT HAND","ALWAYS WITH RIGHT HAND","1: 1  CONDITION APPLIES","1: 1  CONDITION APPLIES","NO","FEMALE","FEMALE"
1983,35628,4,0,3,33790,5,184,1,2,3,6,6,4,2,1,1,2,1,5,3,7,1,1,21,6,"Male","Black","South (AL, AR, DE, DC, FL, GA, KY, LA, MD, MS, NC, OK, SC, TN , TX, VA, WV)","High school diploma (Regular 12 year program)","In CBSA, not in central city","NO","3: Mother","NO","NO","NO","YES","YES","0: 0  CONDITION DOES NOT APPLY","ALWAYS WITH RIGHT HAND","ALWAYS WITH RIGHT HAND","ALWAYS WITH RIGHT HAND","ALWAYS WITH RIGHT HAND","ALWAYS WITH LEFT HAND","1: 1  CONDITION APPLIES","0: 0  CONDITION DOES NOT APPLY","NO","FEMALE","MALE"
1981,67500,4,0,3,33790,5,184,2,2,2,5,4,1,2,2,1,1,1,6,2,7,1,1,31,21,"Male","Black","Northeast (CT, ME, MA, NH, NJ, NY, PA, RI, VT)","High school diploma (Regular 12 year program)","In CBSA, not in central city","NO","3: Mother","NO","NO","NO","NO","YES","0: 0  CONDITION DOES NOT APPLY","ALWAYS WITH RIGHT HAND","ALWAYS WITH RIGHT HAND","ALWAYS WITH RIGHT HAND","ALWAYS WITH RIGHT HAND","ALWAYS WITH LEFT HAND","0: 0  CONDITION DOES NOT APPLY","1: 1  CONDITION APPLIES","NO","FEMALE","MALE"
1982,64735,5,0,1,33790,5,183,1,2,1,4,2,2,1,1,2,1,1,5,1,7,1,1,29,9,"Female","Black","South (AL, AR, DE, DC, FL, GA, KY, LA, MD, MS, NC, OK, SC, TN , TX, VA, WV)","High school diploma (Regular 12 year program)","In CBSA, not in central city","NO","3: Mother","NO","YES","NO","NO","YES","0: 0  CONDITION DOES NOT APPLY","ALWAYS WITH RIGHT HAND","ALWAYS WITH RIGHT HAND","ALWAYS WITH RIGHT HAND","ALWAYS WITH RIGHT HAND","ALWAYS WITH LEFT HAND","1: 1  CONDITION APPLIES","1: 1  CONDITION APPLIES","NO","MALE","FEMALE"
1982,64735,4,0,2,33790,5,180,1,2,4,3,3,2,2,2,2,2,1,4,2,7,1,1,33,23,"Female","Non-Black / Non-Hispanic","West (AK, AZ, CA, CO, HI, ID, MT, NV, NM, OR, UT, WA, WY)","High school diploma (Regular 12 year program)","Not in CBSA","NO","3: Mother","NO","YES","NO","NO","YES","0: 0  CONDITION DOES NOT APPLY","ALWAYS WITH RIGHT HAND","ALWAYS WITH RIGHT HAND","DON'T DO THIS ACTIVITY","ALWAYS WITH LEFT HAND","ALWAYS WITH LEFT HAND","1: 1  CONDITION APPLIES","0: 0  CONDITION DOES NOT APPLY","NO","MALE","FEMALE"
1988,64735,3,0,2,33790,5,160,1,1,2,3,1,2,2,2,2,1,1,4,1,8,1,3,42,30,"Male","Black","South (AL, AR, DE, DC, FL, GA, KY, LA, MD, MS, NC, OK, SC, TN , TX, VA, WV)","High school diploma (Regular 12 year program)","In CBSA, in central city","YES","3: Mother","NO","NO","NO","NO","YES","0: 0  CONDITION DOES NOT APPLY","ALWAYS WITH RIGHT HAND","ALWAYS WITH RIGHT HAND","ALWAYS WITH RIGHT HAND","ALWAYS WITH RIGHT HAND","ALWAYS WITH LEFT HAND","1: 1  CONDITION APPLIES","1: 1  CONDITION APPLIES","NO","FEMALE","MALE"
1983,64735,3,0,3,33790,5,183,1,1,5,3,5,1,2,2,1,2,1,4,2,4,1,1,32,16,"Male","Black","South (AL, AR, DE, DC, FL, GA, KY, LA, MD, MS, NC, OK, SC, TN , TX, VA, WV)","High school diploma (Regular 12 year program)","Not in CBSA","NO","3: Mother","NO","YES","NO","NO","YES","0: 0  CONDITION DOES NOT APPLY","ALWAYS WITH RIGHT HAND","ALWAYS WITH RIGHT HAND","ALWAYS WITH RIGHT HAND","ALWAYS WITH RIGHT HAND","ALWAYS WITH LEFT HAND","1: 1  CONDITION APPLIES","1: 1  CONDITION APPLIES","NO","MALE","MALE"
1988,64735,2,1,1,33790,5,183,2,1,1,1,4,2,2,1,1,1,1,7,2,6,1,1,32,21,"Female","Non-Black / Non-Hispanic","Northeast (CT, ME, MA, NH, NJ, NY, PA, RI, VT)","Bachelor's degree (BA, BS)","Not in CBSA","NO","3: Mother","NO","NO","NO","NO","YES","0: 0  CONDITION DOES NOT APPLY","ALWAYS WITH RIGHT HAND","ALWAYS WITH RIGHT HAND","ALWAYS WITH RIGHT HAND","ALWAYS WITH RIGHT HAND","USUALLY WITH LEFT HAND","1: 1  CONDITION APPLIES","1: 1  CONDITION APPLIES","NO","FEMALE","FEMALE"
1982,64735,4,1,2,33790,5,178,1,1,1,2,3,3,1,1,1,2,1,3,3,7,1,1,30,21,"Female","Non-Black / Non-Hispanic","West (AK, AZ, CA, CO, HI, ID, MT, NV, NM, OR, UT, WA, WY)","High school diploma (Regular 12 year program)","In CBSA, not in central city","NO","3: Mother","NO","YES","NO","NO","NO","0: 0  CONDITION DOES NOT APPLY","ALWAYS WITH RIGHT HAND","ALWAYS WITH RIGHT HAND","ALWAYS WITH RIGHT HAND","ALWAYS WITH RIGHT HAND","ALWAYS WITH RIGHT HAND","1: 1  CONDITION APPLIES","1: 1  CONDITION APPLIES","NO","FEMALE","MALE"
1981,64735,3,0,1,33790,5,187,1,2,2,3,4,3,2,2,1,1,1,5,3,8,1,1,27,20,"Male","Black","West (AK, AZ, CA, CO, HI, ID, MT, NV, NM, OR, UT, WA, WY)","None","In CBSA, not in central city","NO","3: Mother","YES","NO","NO","NO","YES","0: 0  CONDITION DOES NOT APPLY","ALWAYS WITH RIGHT HAND","ALWAYS WITH RIGHT HAND","ALWAYS WITH RIGHT HAND","ALWAYS WITH RIGHT HAND","ALWAYS WITH LEFT HAND","1: 1  CONDITION APPLIES","1: 1  CONDITION APPLIES","NO","FEMALE","MALE"
1980,42750,2,1,1,33790,5,184,1,1,2,4,2,7,2,1,1,2,1,1,3,8,1,1,27,18,"Male","Hispanic","South (AL, AR, DE, DC, FL, GA, KY, LA, MD, MS, NC, OK, SC, TN , TX, VA, WV)","GED","In CBSA, in central city","NO","3: Mother","NO","YES","NO","NO","YES","0: 0  CONDITION DOES NOT APPLY","ALWAYS WITH LEFT HAND","ALWAYS WITH LEFT HAND","ALWAYS WITH LEFT HAND","ALWAYS WITH LEFT HAND","USUALLY WITH BOTH HANDS EQUALLY","0: 0  CONDITION DOES NOT APPLY","1: 1  CONDITION APPLIES","NO","FEMALE","FEMALE"
1984,64735,2,1,5,33790,5,185,1,2,2,5,2,3,2,2,1,2,1,1,1,8,1,1,6,17,"Female","Non-Black / Non-Hispanic","South (AL, AR, DE, DC, FL, GA, KY, LA, MD, MS, NC, OK, SC, TN , TX, VA, WV)","High school diploma (Regular 12 year program)","In CBSA, in central city","YES","3: Mother","NO","YES","NO","NO","NO","0: 0  CONDITION DOES NOT APPLY","ALWAYS WITH RIGHT HAND","ALWAYS WITH RIGHT HAND","ALWAYS WITH RIGHT HAND","ALWAYS WITH RIGHT HAND","ALWAYS WITH LEFT HAND","1: 1  CONDITION APPLIES","1: 1  CONDITION APPLIES","NO","FEMALE","MALE"
1983,64735,4,1,2,33790,5,183,1,1,1,4,2,5,2,2,2,1,2,3,3,7,1,1,30,12,"Female","Non-Black / Non-Hispanic","South (AL, AR, DE, DC, FL, GA, KY, LA, MD, MS, NC, OK, SC, TN , TX, VA, WV)","GED","In CBSA, in central city","NO","3: Mother","NO","NO","NO","NO","YES","0: 0  CONDITION DOES NOT APPLY","ALWAYS WITH RIGHT HAND","ALWAYS WITH RIGHT HAND","ALWAYS WITH RIGHT HAND","ALWAYS WITH RIGHT HAND","ALWAYS WITH LEFT HAND","1: 1  CONDITION APPLIES","1: 1  CONDITION APPLIES","NO","MALE","MALE"
1984,64735,5,0,1,33790,5,182,1,1,2,3,2,2,2,2,2,2,1,6,2,6,1,1,32,21,"Male","Hispanic","South (AL, AR, DE, DC, FL, GA, KY, LA, MD, MS, NC, OK, SC, TN , TX, VA, WV)","None","In CBSA, not in central city","NO","3: Mother","YES","YES","NO","NO","YES","0: 0  CONDITION DOES NOT APPLY","ALWAYS WITH RIGHT HAND","ALWAYS WITH RIGHT HAND","ALWAYS WITH RIGHT HAND","ALWAYS WITH RIGHT HAND","ALWAYS WITH LEFT HAND","1: 1  CONDITION APPLIES","1: 1  CONDITION APPLIES","YES","MALE","FEMALE"
1980,64735,3,0,2,33790,5,185,1,2,4,5,1,2,1,2,1,2,2,5,1,7,1,1,30,23,"Female","Non-Black / Non-Hispanic","South (AL, AR, DE, DC, FL, GA, KY, LA, MD, MS, NC, OK, SC, TN , TX, VA, WV)","High school diploma (Regular 12 year program)","In CBSA, not in central city","NO","3: Mother","YES","NO","YES","NO","YES","0: 0  CONDITION DOES NOT APPLY","ALWAYS WITH RIGHT HAND","ALWAYS WITH RIGHT HAND","ALWAYS WITH RIGHT HAND","ALWAYS WITH RIGHT HAND","ALWAYS WITH LEFT HAND","0: 0  CONDITION DOES NOT APPLY","1: 1  CONDITION APPLIES","NO","MALE","MALE"
1983,64735,2,0,2,33790,5,182,1,1,1,2,3,4,2,2,1,2,1,4,3,8,1,1,27,18,"Male","Non-Black / Non-Hispanic","South (AL, AR, DE, DC, FL, GA, KY, LA, MD, MS, NC, OK, SC, TN , TX, VA, WV)","High school diploma (Regular 12 year program)","In CBSA, in central city","NO","3: Mother","NO","NO","NO","NO","YES","0: 0  CONDITION DOES NOT APPLY","ALWAYS WITH RIGHT HAND","ALWAYS WITH RIGHT HAND","ALWAYS WITH RIGHT HAND","ALWAYS WITH RIGHT HAND","ALWAYS WITH LEFT HAND","1: 1  CONDITION APPLIES","1: 1  CONDITION APPLIES","NO","FEMALE","MALE"
1983,56500,3,0,4,33790,6,184,2,2,2,2,2,4,2,1,2,2,2,3,4,7,1,1,32,23,"Male","Black","South (AL, AR, DE, DC, FL, GA, KY, LA, MD, MS, NC, OK, SC, TN , TX, VA, WV)","None","In CBSA, not in central city","NO","3: Mother","NO","YES","NO","NO","NO","0: 0  CONDITION DOES NOT APPLY","ALWAYS WITH RIGHT HAND","USUALLY WITH RIGHT HAND","ALWAYS WITH RIGHT HAND","ALWAYS WITH RIGHT HAND","ALWAYS WITH LEFT HAND","1: 1  CONDITION APPLIES","1: 1  CONDITION APPLIES","NO","FEMALE","FEMALE"
1984,64735,5,1,2,33790,5,178,1,1,2,3,2,4,2,2,1,2,1,7,1,8,1,1,31,21,"Female","Black","South (AL, AR, DE, DC, FL, GA, KY, LA, MD, MS, NC, OK, SC, TN , TX, VA, WV)","None","In CBSA, in central city","NO","3: Mother","NO","YES","NO","NO","NO","0: 0  CONDITION DOES NOT APPLY","ALWAYS WITH RIGHT HAND","ALWAYS WITH RIGHT HAND","ALWAYS WITH RIGHT HAND","ALWAYS WITH RIGHT HAND","USUALLY WITH RIGHT HAND","1: 1  CONDITION APPLIES","1: 1  CONDITION APPLIES","NO","FEMALE","FEMALE"
1981,64735,4,1,2,33790,5,183,1,1,2,4,2,5,2,2,2,2,1,5,5,7,1,1,29,19,"Female","Black","North Central (IL, IN, IA, KS, MI, MN, MO, NE, OH, ND, SD, WI)","High school diploma (Regular 12 year program)","In CBSA, in central city","NO","3: Mother","NO","YES","YES","NO","YES","0: 0  CONDITION DOES NOT APPLY","ALWAYS WITH RIGHT HAND","ALWAYS WITH RIGHT HAND","ALWAYS WITH RIGHT HAND","ALWAYS WITH RIGHT HAND","ALWAYS WITH LEFT HAND","1: 1  CONDITION APPLIES","1: 1  CONDITION APPLIES","NO","FEMALE","MALE"
1982,64735,2,1,2,20000,5,180,1,2,2,3,1,3,2,2,1,2,1,2,3,9,1,1,24,19,"Female","Black","North Central (IL, IN, IA, KS, MI, MN, MO, NE, OH, ND, SD, WI)","GED","In CBSA, not in central city","NO","3: Mother","YES","YES","NO","NO","YES","0: 0  CONDITION DOES NOT APPLY","ALWAYS WITH RIGHT HAND","ALWAYS WITH RIGHT HAND","ALWAYS WITH RIGHT HAND","ALWAYS WITH RIGHT HAND","ALWAYS WITH LEFT HAND","1: 1  CONDITION APPLIES","1: 1  CONDITION APPLIES","NO","FEMALE","MALE"
1983,24329,3,0,1,33790,5,182,1,1,2,2,4,3,2,2,2,2,1,4,2,6,2,1,29,3,"Female","Black","South (AL, AR, DE, DC, FL, GA, KY, LA, MD, MS, NC, OK, SC, TN , TX, VA, WV)","High school diploma (Regular 12 year program)","In CBSA, not in central city","NO","3: Mother","NO","YES","NO","NO","YES","0: 0  CONDITION DOES NOT APPLY","ALWAYS WITH RIGHT HAND","ALWAYS WITH RIGHT HAND","ALWAYS WITH RIGHT HAND","ALWAYS WITH RIGHT HAND","ALWAYS WITH RIGHT HAND","1: 1  CONDITION APPLIES","1: 1  CONDITION APPLIES","NO","FEMALE","FEMALE"
1983,64735,2,1,3,33790,5,184,2,3,3,4,3,6,2,2,1,2,1,6,4,7,1,1,29,20,"Female","Black","West (AK, AZ, CA, CO, HI, ID, MT, NV, NM, OR, UT, WA, WY)","High school diploma (Regular 12 year program)","In CBSA, in central city","NO","3: Mother","NO","NO","NO","NO","NO","0: 0  CONDITION DOES NOT APPLY","ALWAYS WITH RIGHT HAND","ALWAYS WITH RIGHT HAND","ALWAYS WITH RIGHT HAND","ALWAYS WITH RIGHT HAND","ALWAYS WITH LEFT HAND","1: 1  CONDITION APPLIES","1: 1  CONDITION APPLIES","NO","FEMALE","MALE"
1981,64735,4,0,1,33790,5,182,1,1,4,4,3,5,2,2,1,2,1,5,2,7,1,1,27,18,"Female","Black","South (AL, AR, DE, DC, FL, GA, KY, LA, MD, MS, NC, OK, SC, TN , TX, VA, WV)","High school diploma (Regular 12 year program)","In CBSA, not in central city","NO","3: Mother","NO","YES","NO","NO","NO","0: 0  CONDITION DOES NOT APPLY","ALWAYS WITH RIGHT HAND","ALWAYS WITH RIGHT HAND","ALWAYS WITH RIGHT HAND","ALWAYS WITH RIGHT HAND","ALWAYS WITH LEFT HAND","1: 1  CONDITION APPLIES","1: 1  CONDITION APPLIES","NO","FEMALE","MALE"
1984,64735,3,1,2,33790,5,184,1,1,2,8,3,3,2,3,1,2,1,4,2,6,1,1,25,3,"Male","Black","South (AL, AR, DE, DC, FL, GA, KY, LA, MD, MS, NC, OK, SC, TN , TX, VA, WV)","High school diploma (Regular 12 year program)","In CBSA, not in central city","NO","3: Mother","NO","NO","NO","NO","YES","0: 0  CONDITION DOES NOT APPLY","ALWAYS WITH RIGHT HAND","ALWAYS WITH RIGHT HAND","ALWAYS WITH RIGHT HAND","ALWAYS WITH RIGHT HAND","ALWAYS WITH LEFT HAND","1: 1  CONDITION APPLIES","1: 1  CONDITION APPLIES","NO","MALE","MALE"
1982,64735,4,1,3,33790,6,183,1,2,3,4,2,2,1,3,2,1,1,5,3,7,1,1,32,21,"Female","Black","South (AL, AR, DE, DC, FL, GA, KY, LA, MD, MS, NC, OK, SC, TN , TX, VA, WV)","None","In CBSA, not in central city","NO","3: Mother","NO","YES","NO","NO","YES","0: 0  CONDITION DOES NOT APPLY","ALWAYS WITH RIGHT HAND","ALWAYS WITH RIGHT HAND","ALWAYS WITH RIGHT HAND","ALWAYS WITH RIGHT HAND","ALWAYS WITH LEFT HAND","1: 1  CONDITION APPLIES","1: 1  CONDITION APPLIES","NO","FEMALE","MALE"
1981,64735,4,0,1,33790,5,182,3,1,2,3,1,5,2,2,2,2,1,6,6,5,1,1,25,16,"Female","Black","South (AL, AR, DE, DC, FL, GA, KY, LA, MD, MS, NC, OK, SC, TN , TX, VA, WV)","Bachelor's degree (BA, BS)","In CBSA, in central city","NO","3: Mother","NO","NO","NO","NO","YES","0: 0  CONDITION DOES NOT APPLY","ALWAYS WITH RIGHT HAND","ALWAYS WITH RIGHT HAND","ALWAYS WITH RIGHT HAND","ALWAYS WITH RIGHT HAND","USUALLY WITH LEFT HAND","1: 1  CONDITION APPLIES","1: 1  CONDITION APPLIES","NO","MALE","FEMALE"
1982,64735,2,0,1,33790,5,183,2,2,3,3,2,2,2,2,1,2,2,5,2,7,1,2,38,28,"Female","Hispanic","South (AL, AR, DE, DC, FL, GA, KY, LA, MD, MS, NC, OK, SC, TN , TX, VA, WV)","High school diploma (Regular 12 year program)","In CBSA, in central city","YES","3: Mother","NO","YES","NO","NO","NO","0: 0  CONDITION DOES NOT APPLY","ALWAYS WITH RIGHT HAND","ALWAYS WITH RIGHT HAND","USUALLY WITH LEFT HAND","ALWAYS WITH RIGHT HAND","ALWAYS WITH LEFT HAND","1: 1  CONDITION APPLIES","1: 1  CONDITION APPLIES","NO","FEMALE","MALE"
1981,64734,4,1,3,33790,5,183,1,1,3,2,2,3,2,2,1,1,1,1,7,7,1,1,26,24,"Male","Non-Black / Non-Hispanic","South (AL, AR, DE, DC, FL, GA, KY, LA, MD, MS, NC, OK, SC, TN , TX, VA, WV)","GED","In CBSA, not in central city","NO","3: Mother","YES","YES","NO","NO","YES","0: 0  CONDITION DOES NOT APPLY","ALWAYS WITH RIGHT HAND","ALWAYS WITH RIGHT HAND","ALWAYS WITH RIGHT HAND","ALWAYS WITH RIGHT HAND","ALWAYS WITH LEFT HAND","1: 1  CONDITION APPLIES","1: 1  CONDITION APPLIES","NO","FEMALE","MALE"
1981,64735,2,1,3,33790,5,183,1,2,4,3,2,3,2,2,2,2,2,3,1,7,1,1,9,14,"Female","Black","South (AL, AR, DE, DC, FL, GA, KY, LA, MD, MS, NC, OK, SC, TN , TX, VA, WV)","High school diploma (Regular 12 year program)","In CBSA, in central city","NO","3: Mother","NO","YES","NO","NO","NO","0: 0  CONDITION DOES NOT APPLY","ALWAYS WITH RIGHT HAND","ALWAYS WITH RIGHT HAND","ALWAYS WITH RIGHT HAND","ALWAYS WITH RIGHT HAND","ALWAYS WITH LEFT HAND","1: 1  CONDITION APPLIES","1: 1  CONDITION APPLIES","NO","FEMALE","MALE"
1982,64735,4,1,6,33790,5,182,1,2,2,4,1,4,1,2,1,2,1,2,3,8,1,1,12,15,"Female","Black","South (AL, AR, DE, DC, FL, GA, KY, LA, MD, MS, NC, OK, SC, TN , TX, VA, WV)","Master's degree (MA, MS)","In CBSA, not in central city","NO","3: Mother","NO","YES","NO","NO","YES","0: 0  CONDITION DOES NOT APPLY","ALWAYS WITH RIGHT HAND","ALWAYS WITH RIGHT HAND","ALWAYS WITH RIGHT HAND","ALWAYS WITH RIGHT HAND","ALWAYS WITH LEFT HAND","1: 1  CONDITION APPLIES","1: 1  CONDITION APPLIES","NO","FEMALE","MALE"
1981,64735,4,2,5,33790,5,184,1,1,1,3,2,3,2,2,1,2,1,4,2,6,1,1,30,22,"Male","Black","South (AL, AR, DE, DC, FL, GA, KY, LA, MD, MS, NC, OK, SC, TN , TX, VA, WV)","High school diploma (Regular 12 year program)","In CBSA, in central city","NO","3: Mother","NO","YES","NO","NO","YES","0: 0  CONDITION DOES NOT APPLY","ALWAYS WITH RIGHT HAND","ALWAYS WITH RIGHT HAND","ALWAYS WITH RIGHT HAND","ALWAYS WITH RIGHT HAND","ALWAYS WITH LEFT HAND","1: 1  CONDITION APPLIES","1: 1  CONDITION APPLIES","NO","MALE","FEMALE"
1982,32000,4,1,5,33790,5,182,1,1,1,4,2,5,1,2,2,2,2,6,1,8,1,1,23,20,"Female","Non-Black / Non-Hispanic","South (AL, AR, DE, DC, FL, GA, KY, LA, MD, MS, NC, OK, SC, TN , TX, VA, WV)","Bachelor's degree (BA, BS)","In CBSA, not in central city","NO","3: Mother","NO","YES","YES","NO","YES","0: 0  CONDITION DOES NOT APPLY","ALWAYS WITH RIGHT HAND","ALWAYS WITH RIGHT HAND","ALWAYS WITH RIGHT HAND","ALWAYS WITH RIGHT HAND","ALWAYS WITH LEFT HAND","0: 0  CONDITION DOES NOT APPLY","1: 1  CONDITION APPLIES","NO","FEMALE","MALE"
1981,64735,3,1,2,33790,5,181,1,1,3,3,3,1,2,2,2,2,2,3,2,8,1,1,26,0,"Male","Hispanic","West (AK, AZ, CA, CO, HI, ID, MT, NV, NM, OR, UT, WA, WY)","High school diploma (Regular 12 year program)","In CBSA, not in central city","NO","3: Mother","YES","NO","YES","NO","YES","0: 0  CONDITION DOES NOT APPLY","ALWAYS WITH RIGHT HAND","ALWAYS WITH RIGHT HAND","ALWAYS WITH RIGHT HAND","ALWAYS WITH RIGHT HAND","ALWAYS WITH LEFT HAND","1: 1  CONDITION APPLIES","0: 0  CONDITION DOES NOT APPLY","NO","MALE","FEMALE"
1981,64735,4,1,3,33790,5,181,1,1,1,3,4,3,2,2,1,2,1,6,3,8,1,1,32,21,"Male","Non-Black / Non-Hispanic","South (AL, AR, DE, DC, FL, GA, KY, LA, MD, MS, NC, OK, SC, TN , TX, VA, WV)","High school diploma (Regular 12 year program)","In CBSA, not in central city","YES","3: Mother","NO","NO","NO","NO","YES","0: 0  CONDITION DOES NOT APPLY","ALWAYS WITH RIGHT HAND","ALWAYS WITH RIGHT HAND","ALWAYS WITH RIGHT HAND","ALWAYS WITH RIGHT HAND","ALWAYS WITH LEFT HAND","1: 1  CONDITION APPLIES","1: 1  CONDITION APPLIES","NO","FEMALE","FEMALE"
1982,64735,4,0,4,33790,5,177,1,1,3,2,5,4,2,2,1,2,2,7,1,4,1,1,29,19,"Female","Black","South (AL, AR, DE, DC, FL, GA, KY, LA, MD, MS, NC, OK, SC, TN , TX, VA, WV)","Bachelor's degree (BA, BS)","In CBSA, in central city","NO","3: Mother","YES","NO","NO","NO","NO","0: 0  CONDITION DOES NOT APPLY","ALWAYS WITH RIGHT HAND","USUALLY WITH RIGHT HAND","ALWAYS WITH RIGHT HAND","ALWAYS WITH RIGHT HAND","ALWAYS WITH LEFT HAND","1: 1  CONDITION APPLIES","1: 1  CONDITION APPLIES","NO","MALE","MALE"
1983,64735,2,0,3,33790,5,180,1,1,1,2,3,5,2,2,1,2,1,6,2,8,1,1,29,23,"Male","Black","West (AK, AZ, CA, CO, HI, ID, MT, NV, NM, OR, UT, WA, WY)","Bachelor's degree (BA, BS)","In CBSA, in central city","NO","3: Mother","YES","NO","NO","NO","NO","0: 0  CONDITION DOES NOT APPLY","ALWAYS WITH RIGHT HAND","ALWAYS WITH RIGHT HAND","ALWAYS WITH RIGHT HAND","ALWAYS WITH RIGHT HAND","ALWAYS WITH LEFT HAND","1: 1  CONDITION APPLIES","0: 0  CONDITION DOES NOT APPLY","NO","FEMALE","MALE"
1983,64735,5,1,2,33790,5,182,1,1,4,5,2,4,2,2,2,1,2,10,1,7,1,1,38,27,"Male","Black","South (AL, AR, DE, DC, FL, GA, KY, LA, MD, MS, NC, OK, SC, TN , TX, VA, WV)","None","In CBSA, not in central city","YES","3: Mother","NO","YES","NO","NO","NO","0: 0  CONDITION DOES NOT APPLY","ALWAYS WITH RIGHT HAND","USUALLY WITH RIGHT HAND","ALWAYS WITH RIGHT HAND","USUALLY WITH BOTH HANDS EQUALLY","ALWAYS WITH LEFT HAND","1: 1  CONDITION APPLIES","1: 1  CONDITION APPLIES","NO","FEMALE","MALE"
1980,80000,3,0,2,30000,5,182,1,2,3,3,3,3,2,2,2,1,1,5,2,6,1,1,30,21,"Female","Non-Black / Non-Hispanic","South (AL, AR, DE, DC, FL, GA, KY, LA, MD, MS, NC, OK, SC, TN , TX, VA, WV)","High school diploma (Regular 12 year program)","In CBSA, not in central city","NO","3: Mother","YES","NO","NO","NO","YES","0: 0  CONDITION DOES NOT APPLY","ALWAYS WITH RIGHT HAND","ALWAYS WITH RIGHT HAND","ALWAYS WITH RIGHT HAND","ALWAYS WITH RIGHT HAND","ALWAYS WITH LEFT HAND","1: 1  CONDITION APPLIES","1: 1  CONDITION APPLIES","NO","MALE","FEMALE"
1981,64735,2,0,3,33790,6,183,1,2,1,5,6,1,2,2,2,2,1,3,3,5,3,2,35,22,"Male","Black","South (AL, AR, DE, DC, FL, GA, KY, LA, MD, MS, NC, OK, SC, TN , TX, VA, WV)","Bachelor's degree (BA, BS)","In CBSA, in central city","NO","3: Mother","NO","NO","NO","NO","NO","0: 0  CONDITION DOES NOT APPLY","ALWAYS WITH RIGHT HAND","ALWAYS WITH RIGHT HAND","ALWAYS WITH RIGHT HAND","ALWAYS WITH RIGHT HAND","ALWAYS WITH LEFT HAND","1: 1  CONDITION APPLIES","1: 1  CONDITION APPLIES","NO","FEMALE","MALE"
1982,64735,3,1,1,33790,5,180,1,1,3,3,4,3,2,2,2,2,1,5,6,6,1,1,29,21,"Female","Non-Black / Non-Hispanic","South (AL, AR, DE, DC, FL, GA, KY, LA, MD, MS, NC, OK, SC, TN , TX, VA, WV)","High school diploma (Regular 12 year program)","In CBSA, not in central city","NO","3: Mother","YES","NO","NO","NO","YES","0: 0  CONDITION DOES NOT APPLY","USUALLY WITH RIGHT HAND","USUALLY WITH RIGHT HAND","USUALLY WITH BOTH HANDS EQUALLY","USUALLY WITH RIGHT HAND","USUALLY WITH RIGHT HAND","1: 1  CONDITION APPLIES","1: 1  CONDITION APPLIES","NO","FEMALE","MALE"
1984,64735,4,0,3,33790,5,184,2,1,4,5,2,2,2,2,2,2,1,6,1,7,1,1,29,25,"Male","Non-Black / Non-Hispanic","South (AL, AR, DE, DC, FL, GA, KY, LA, MD, MS, NC, OK, SC, TN , TX, VA, WV)","High school diploma (Regular 12 year program)","In CBSA, not in central city","NO","3: Mother","YES","YES","NO","NO","YES","0: 0  CONDITION DOES NOT APPLY","ALWAYS WITH RIGHT HAND","ALWAYS WITH RIGHT HAND","ALWAYS WITH RIGHT HAND","ALWAYS WITH LEFT HAND","ALWAYS WITH LEFT HAND","1: 1  CONDITION APPLIES","1: 1  CONDITION APPLIES","NO","FEMALE","MALE"
1984,64735,3,0,4,33790,5,182,1,1,1,3,1,2,1,2,1,2,1,3,2,7,1,1,34,19,"Female","Non-Black / Non-Hispanic","Northeast (CT, ME, MA, NH, NJ, NY, PA, RI, VT)","Bachelor's degree (BA, BS)","In CBSA, not in central city","NO","3: Mother","YES","NO","NO","NO","YES","1: 1  CONDITION APPLIES","ALWAYS WITH RIGHT HAND","ALWAYS WITH RIGHT HAND","ALWAYS WITH RIGHT HAND","ALWAYS WITH RIGHT HAND","ALWAYS WITH LEFT HAND","1: 1  CONDITION APPLIES","0: 0  CONDITION DOES NOT APPLY","NO","MALE","MALE"
1984,64735,3,1,2,33790,5,150,1,1,2,5,7,3,2,2,1,2,1,6,2,6,1,1,26,20,"Female","Non-Black / Non-Hispanic","North Central (IL, IN, IA, KS, MI, MN, MO, NE, OH, ND, SD, WI)","Associate/Junior college (AA)","In CBSA, not in central city","NO","3: Mother","YES","NO","NO","NO","YES","0: 0  CONDITION DOES NOT APPLY","ALWAYS WITH RIGHT HAND","ALWAYS WITH RIGHT HAND","ALWAYS WITH RIGHT HAND","ALWAYS WITH RIGHT HAND","ALWAYS WITH LEFT HAND","1: 1  CONDITION APPLIES","1: 1  CONDITION APPLIES","NO","MALE","MALE"
1982,64735,3,0,3,33790,5,184,1,1,2,4,3,5,2,2,1,2,1,5,1,6,1,1,28,24,"Male","Black","South (AL, AR, DE, DC, FL, GA, KY, LA, MD, MS, NC, OK, SC, TN , TX, VA, WV)","Associate/Junior college (AA)","In CBSA, in central city","NO","3: Mother","NO","YES","NO","NO","YES","0: 0  CONDITION DOES NOT APPLY","ALWAYS WITH RIGHT HAND","ALWAYS WITH RIGHT HAND","USUALLY WITH BOTH HANDS EQUALLY","ALWAYS WITH RIGHT HAND","ALWAYS WITH LEFT HAND","1: 1  CONDITION APPLIES","1: 1  CONDITION APPLIES","NO","MALE","MALE"
1984,64735,4,1,4,30000,5,182,2,2,4,3,3,4,2,2,2,2,1,6,4,7,1,1,25,20,"Female","Black","South (AL, AR, DE, DC, FL, GA, KY, LA, MD, MS, NC, OK, SC, TN , TX, VA, WV)","High school diploma (Regular 12 year program)","In CBSA, not in central city","NO","3: Mother","NO","NO","NO","NO","YES","0: 0  CONDITION DOES NOT APPLY","ALWAYS WITH RIGHT HAND","USUALLY WITH BOTH HANDS EQUALLY","ALWAYS WITH RIGHT HAND","ALWAYS WITH RIGHT HAND","ALWAYS WITH LEFT HAND","1: 1  CONDITION APPLIES","1: 1  CONDITION APPLIES","NO","FEMALE","MALE"
1981,64735,4,0,4,33790,5,225,1,2,2,5,2,5,2,1,1,1,1,6,3,7,1,1,29,21,"Male","Non-Black / Non-Hispanic","South (AL, AR, DE, DC, FL, GA, KY, LA, MD, MS, NC, OK, SC, TN , TX, VA, WV)","Master's degree (MA, MS)","In CBSA, not in central city","NO","3: Mother","NO","YES","NO","NO","NO","0: 0  CONDITION DOES NOT APPLY","ALWAYS WITH RIGHT HAND","ALWAYS WITH RIGHT HAND","ALWAYS WITH RIGHT HAND","ALWAYS WITH RIGHT HAND","ALWAYS WITH LEFT HAND","1: 1  CONDITION APPLIES","1: 1  CONDITION APPLIES","NO","FEMALE","FEMALE"
1981,14451,3,1,1,33790,5,182,2,1,2,3,3,4,2,2,1,1,1,5,2,6,1,1,28,13,"Female","Black","South (AL, AR, DE, DC, FL, GA, KY, LA, MD, MS, NC, OK, SC, TN , TX, VA, WV)","High school diploma (Regular 12 year program)","In CBSA, not in central city","NO","3: Mother","YES","YES","NO","NO","NO","0: 0  CONDITION DOES NOT APPLY","ALWAYS WITH RIGHT HAND","ALWAYS WITH RIGHT HAND","ALWAYS WITH RIGHT HAND","ALWAYS WITH RIGHT HAND","ALWAYS WITH RIGHT HAND","1: 1  CONDITION APPLIES","1: 1  CONDITION APPLIES","NO","FEMALE","MALE"
1982,111000,3,0,2,33790,5,186,1,1,3,4,1,2,2,2,1,2,1,4,2,6,1,1,36,27,"Male","Hispanic","South (AL, AR, DE, DC, FL, GA, KY, LA, MD, MS, NC, OK, SC, TN , TX, VA, WV)","High school diploma (Regular 12 year program)","In CBSA, not in central city","YES","3: Mother","NO","NO","NO","NO","NO","0: 0  CONDITION DOES NOT APPLY","USUALLY WITH RIGHT HAND","ALWAYS WITH RIGHT HAND","ALWAYS WITH RIGHT HAND","ALWAYS WITH RIGHT HAND","ALWAYS WITH LEFT HAND","1: 1  CONDITION APPLIES","1: 1  CONDITION APPLIES","NO","FEMALE","MALE"
1983,64735,3,0,2,33790,5,181,1,1,1,2,3,6,2,2,1,2,1,5,2,7,1,1,28,22,"Male","Black","South (AL, AR, DE, DC, FL, GA, KY, LA, MD, MS, NC, OK, SC, TN , TX, VA, WV)","High school diploma (Regular 12 year program)","In CBSA, not in central city","NO","3: Mother","YES","YES","NO","NO","YES","0: 0  CONDITION DOES NOT APPLY","ALWAYS WITH RIGHT HAND","ALWAYS WITH RIGHT HAND","ALWAYS WITH RIGHT HAND","ALWAYS WITH RIGHT HAND","ALWAYS WITH LEFT HAND","1: 1  CONDITION APPLIES","1: 1  CONDITION APPLIES","NO","MALE","MALE"
1982,64735,5,0,2,33790,5,184,1,1,2,4,1,2,2,2,1,1,1,1,4,9,1,1,29,22,"Female","Black","South (AL, AR, DE, DC, FL, GA, KY, LA, MD, MS, NC, OK, SC, TN , TX, VA, WV)","Master's degree (MA, MS)","In CBSA, in central city","YES","3: Mother","NO","YES","NO","NO","NO","0: 0  CONDITION DOES NOT APPLY","ALWAYS WITH RIGHT HAND","ALWAYS WITH RIGHT HAND","ALWAYS WITH RIGHT HAND","ALWAYS WITH RIGHT HAND","ALWAYS WITH LEFT HAND","1: 1  CONDITION APPLIES","1: 1  CONDITION APPLIES","NO","FEMALE","FEMALE"
1983,64735,2,0,3,33790,6,180,1,2,1,3,2,4,2,1,2,1,1,6,3,7,1,1,30,20,"Female","Black","South (AL, AR, DE, DC, FL, GA, KY, LA, MD, MS, NC, OK, SC, TN , TX, VA, WV)","None","In CBSA, in central city","NO","3: Mother","YES","YES","NO","NO","YES","0: 0  CONDITION DOES NOT APPLY","ALWAYS WITH RIGHT HAND","ALWAYS WITH RIGHT HAND","ALWAYS WITH RIGHT HAND","ALWAYS WITH RIGHT HAND","ALWAYS WITH LEFT HAND","1: 1  CONDITION APPLIES","1: 1  CONDITION APPLIES","NO","FEMALE","MALE"
1984,55000,4,0,2,33790,6,188,1,2,3,4,2,2,2,1,1,1,1,3,2,5,1,1,35,21,"Male","Hispanic","South (AL, AR, DE, DC, FL, GA, KY, LA, MD, MS, NC, OK, SC, TN , TX, VA, WV)","High school diploma (Regular 12 year program)","In CBSA, not in central city","YES","3: Mother","NO","YES","NO","NO","YES","0: 0  CONDITION DOES NOT APPLY","ALWAYS WITH RIGHT HAND","ALWAYS WITH RIGHT HAND","ALWAYS WITH RIGHT HAND","ALWAYS WITH RIGHT HAND","ALWAYS WITH LEFT HAND","1: 1  CONDITION APPLIES","1: 1  CONDITION APPLIES","NO","MALE","MALE"
1983,64735,3,1,2,33790,6,185,1,1,4,3,2,3,2,2,1,2,1,2,2,7,1,1,29,22,"Male","Non-Black / Non-Hispanic","South (AL, AR, DE, DC, FL, GA, KY, LA, MD, MS, NC, OK, SC, TN , TX, VA, WV)","GED","In CBSA, in central city","NO","3: Mother","YES","NO","YES","NO","NO","0: 0  CONDITION DOES NOT APPLY","ALWAYS WITH RIGHT HAND","ALWAYS WITH RIGHT HAND","ALWAYS WITH RIGHT HAND","ALWAYS WITH RIGHT HAND","ALWAYS WITH LEFT HAND","1: 1  CONDITION APPLIES","1: 1  CONDITION APPLIES","NO","FEMALE","MALE"
1982,64735,5,0,2,30000,5,130,1,1,5,3,1,8,2,2,2,2,1,4,4,7,1,1,32,22,"Male","Black","South (AL, AR, DE, DC, FL, GA, KY, LA, MD, MS, NC, OK, SC, TN , TX, VA, WV)","GED","In CBSA, not in central city","NO","3: Mother","YES","NO","NO","NO","YES","0: 0  CONDITION DOES NOT APPLY","ALWAYS WITH RIGHT HAND","ALWAYS WITH RIGHT HAND","ALWAYS WITH RIGHT HAND","ALWAYS WITH RIGHT HAND","ALWAYS WITH LEFT HAND","1: 1  CONDITION APPLIES","1: 1  CONDITION APPLIES","NO","FEMALE","FEMALE"
1983,64735,3,0,2,33790,5,182,1,2,2,7,1,5,1,1,2,2,2,1,2,7,1,1,32,20,"Male","Black","South (AL, AR, DE, DC, FL, GA, KY, LA, MD, MS, NC, OK, SC, TN , TX, VA, WV)","None","In CBSA, in central city","NO","3: Mother","NO","YES","NO","NO","NO","0: 0  CONDITION DOES NOT APPLY","ALWAYS WITH RIGHT HAND","ALWAYS WITH RIGHT HAND","ALWAYS WITH RIGHT HAND","ALWAYS WITH RIGHT HAND","ALWAYS WITH LEFT HAND","1: 1  CONDITION APPLIES","1: 1  CONDITION APPLIES","NO","FEMALE","FEMALE"
1986,64735,2,1,2,33790,5,184,2,2,2,4,1,2,2,2,2,2,1,3,4,7,1,1,31,19,"Female","Black","North Central (IL, IN, IA, KS, MI, MN, MO, NE, OH, ND, SD, WI)","High school diploma (Regular 12 year program)","In CBSA, not in central city","YES","3: Mother","YES","NO","NO","NO","YES","0: 0  CONDITION DOES NOT APPLY","ALWAYS WITH RIGHT HAND","ALWAYS WITH RIGHT HAND","ALWAYS WITH RIGHT HAND","ALWAYS WITH RIGHT HAND","ALWAYS WITH LEFT HAND","1: 1  CONDITION APPLIES","1: 1  CONDITION APPLIES","NO","MALE","FEMALE"
1981,64735,1,0,3,33790,5,182,3,1,2,2,2,6,1,2,2,2,2,3,4,6,1,1,29,18,"Male","Black","South (AL, AR, DE, DC, FL, GA, KY, LA, MD, MS, NC, OK, SC, TN , TX, VA, WV)","GED","In CBSA, not in central city","NO","3: Mother","YES","NO","YES","NO","NO","0: 0  CONDITION DOES NOT APPLY","ALWAYS WITH RIGHT HAND","ALWAYS WITH RIGHT HAND","ALWAYS WITH RIGHT HAND","ALWAYS WITH RIGHT HAND","ALWAYS WITH LEFT HAND","1: 1  CONDITION APPLIES","1: 1  CONDITION APPLIES","NO","FEMALE","MALE"
1982,64735,4,1,4,33790,5,185,1,1,4,4,3,4,2,2,1,2,1,4,6,6,1,1,29,19,"Female","Black","South (AL, AR, DE, DC, FL, GA, KY, LA, MD, MS, NC, OK, SC, TN , TX, VA, WV)","Associate/Junior college (AA)","In CBSA, in central city","NO","3: Mother","YES","YES","NO","NO","NO","0: 0  CONDITION DOES NOT APPLY","ALWAYS WITH LEFT HAND","ALWAYS WITH LEFT HAND","ALWAYS WITH LEFT HAND","ALWAYS WITH LEFT HAND","ALWAYS WITH RIGHT HAND","1: 1  CONDITION APPLIES","1: 1  CONDITION APPLIES","NO","FEMALE","FEMALE"
1982,64735,4,0,2,33790,5,183,1,1,2,4,6,3,2,2,1,2,1,1,3,5,1,1,28,21,"Male","Black","South (AL, AR, DE, DC, FL, GA, KY, LA, MD, MS, NC, OK, SC, TN , TX, VA, WV)","GED","In CBSA, not in central city","NO","3: Mother","NO","YES","NO","NO","YES","0: 0  CONDITION DOES NOT APPLY","ALWAYS WITH RIGHT HAND","ALWAYS WITH RIGHT HAND","ALWAYS WITH RIGHT HAND","ALWAYS WITH RIGHT HAND","ALWAYS WITH LEFT HAND","1: 1  CONDITION APPLIES","1: 1  CONDITION APPLIES","NO","MALE","MALE"
1983,64735,3,0,3,33790,6,185,1,2,1,5,5,5,2,1,1,1,1,2,2,6,1,1,28,1,"Female","Non-Black / Non-Hispanic","South (AL, AR, DE, DC, FL, GA, KY, LA, MD, MS, NC, OK, SC, TN , TX, VA, WV)","High school diploma (Regular 12 year program)","In CBSA, not in central city","NO","3: Mother","NO","NO","NO","NO","YES","0: 0  CONDITION DOES NOT APPLY","ALWAYS WITH RIGHT HAND","ALWAYS WITH RIGHT HAND","ALWAYS WITH RIGHT HAND","ALWAYS WITH RIGHT HAND","ALWAYS WITH LEFT HAND","0: 0  CONDITION DOES NOT APPLY","1: 1  CONDITION APPLIES","NO","MALE","MALE"
1982,64735,1,0,2,33790,5,184,1,1,2,1,3,3,2,2,1,1,2,4,2,6,1,1,31,24,"Male","Black","West (AK, AZ, CA, CO, HI, ID, MT, NV, NM, OR, UT, WA, WY)","Associate/Junior college (AA)","In CBSA, in central city","YES","3: Mother","NO","YES","NO","NO","YES","0: 0  CONDITION DOES NOT APPLY","ALWAYS WITH RIGHT HAND","ALWAYS WITH RIGHT HAND","ALWAYS WITH RIGHT HAND","ALWAYS WITH RIGHT HAND","ALWAYS WITH LEFT HAND","1: 1  CONDITION APPLIES","1: 1  CONDITION APPLIES","NO","MALE","MALE"
1984,47000,2,0,2,25000,6,245,1,2,2,4,3,4,2,2,1,1,1,1,2,4,2,1,26,25,"Male","Black","South (AL, AR, DE, DC, FL, GA, KY, LA, MD, MS, NC, OK, SC, TN , TX, VA, WV)","Associate/Junior college (AA)","In CBSA, not in central city","YES","3: Mother","NO","YES","NO","NO","NO","0: 0  CONDITION DOES NOT APPLY","ALWAYS WITH RIGHT HAND","ALWAYS WITH LEFT HAND","ALWAYS WITH RIGHT HAND","ALWAYS WITH RIGHT HAND","ALWAYS WITH LEFT HAND","1: 1  CONDITION APPLIES","1: 1  CONDITION APPLIES","NO","MALE","MALE"
1982,64735,4,0,1,33790,5,178,1,2,1,3,1,3,2,2,2,2,1,7,1,6,1,1,48,52,"Male","Black","North Central (IL, IN, IA, KS, MI, MN, MO, NE, OH, ND, SD, WI)","High school diploma (Regular 12 year program)","In CBSA, in central city","NO","3: Mother","NO","YES","NO","NO","YES","0: 0  CONDITION DOES NOT APPLY","ALWAYS WITH RIGHT HAND","ALWAYS WITH RIGHT HAND","ALWAYS WITH RIGHT HAND","ALWAYS WITH RIGHT HAND","ALWAYS WITH LEFT HAND","1: 1  CONDITION APPLIES","1: 1  CONDITION APPLIES","NO","FEMALE","MALE"
1982,64735,3,0,4,33790,5,181,1,2,1,3,7,5,2,1,2,2,2,5,1,5,1,1,34,20,"Male","Non-Black / Non-Hispanic","North Central (IL, IN, IA, KS, MI, MN, MO, NE, OH, ND, SD, WI)","Master's degree (MA, MS)","In CBSA, in central city","NO","3: Mother","NO","NO","NO","NO","YES","0: 0  CONDITION DOES NOT APPLY","ALWAYS WITH RIGHT HAND","ALWAYS WITH RIGHT HAND","ALWAYS WITH RIGHT HAND","ALWAYS WITH RIGHT HAND","ALWAYS WITH LEFT HAND","1: 1  CONDITION APPLIES","0: 0  CONDITION DOES NOT APPLY","NO","FEMALE","FEMALE"
1982,64735,6,2,2,33790,5,182,2,1,2,9,2,3,2,2,1,2,2,4,3,7,1,1,23,13,"Male","Black","North Central (IL, IN, IA, KS, MI, MN, MO, NE, OH, ND, SD, WI)","Bachelor's degree (BA, BS)","In CBSA, in central city","NO","3: Mother","NO","YES","YES","NO","YES","0: 0  CONDITION DOES NOT APPLY","ALWAYS WITH RIGHT HAND","ALWAYS WITH RIGHT HAND","ALWAYS WITH RIGHT HAND","ALWAYS WITH RIGHT HAND","ALWAYS WITH LEFT HAND","1: 1  CONDITION APPLIES","1: 1  CONDITION APPLIES","NO","FEMALE","FEMALE"
1982,64735,5,0,3,13000,5,180,2,2,5,4,6,5,2,1,2,2,1,6,3,7,1,1,29,21,"Female","Black","South (AL, AR, DE, DC, FL, GA, KY, LA, MD, MS, NC, OK, SC, TN , TX, VA, WV)","GED","In CBSA, not in central city","NO","3: Mother","NO","NO","NO","NO","YES","0: 0  CONDITION DOES NOT APPLY","ALWAYS WITH RIGHT HAND","ALWAYS WITH RIGHT HAND","ALWAYS WITH RIGHT HAND","ALWAYS WITH RIGHT HAND","ALWAYS WITH LEFT HAND","1: 1  CONDITION APPLIES","1: 1  CONDITION APPLIES","NO","MALE","MALE"
1981,64735,4,0,3,33790,6,240,1,1,6,3,2,4,2,2,1,1,1,3,2,6,1,1,32,21,"Male","Non-Black / Non-Hispanic","West (AK, AZ, CA, CO, HI, ID, MT, NV, NM, OR, UT, WA, WY)","High school diploma (Regular 12 year program)","In CBSA, not in central city","YES","3: Mother","NO","YES","NO","NO","NO","0: 0  CONDITION DOES NOT APPLY","ALWAYS WITH RIGHT HAND","ALWAYS WITH RIGHT HAND","ALWAYS WITH RIGHT HAND","ALWAYS WITH RIGHT HAND","ALWAYS WITH LEFT HAND","1: 1  CONDITION APPLIES","1: 1  CONDITION APPLIES","NO","FEMALE","FEMALE"
1981,64735,5,1,3,33790,5,182,1,2,3,2,2,3,2,2,1,2,2,4,2,6,1,1,27,21,"Male","Non-Black / Non-Hispanic","South (AL, AR, DE, DC, FL, GA, KY, LA, MD, MS, NC, OK, SC, TN , TX, VA, WV)","GED","In CBSA, in central city","NO","3: Mother","NO","NO","NO","NO","YES","0: 0  CONDITION DOES NOT APPLY","ALWAYS WITH RIGHT HAND","ALWAYS WITH RIGHT HAND","ALWAYS WITH RIGHT HAND","ALWAYS WITH RIGHT HAND","ALWAYS WITH LEFT HAND","1: 1  CONDITION APPLIES","1: 1  CONDITION APPLIES","NO","FEMALE","MALE"
1980,64735,4,0,2,33790,6,184,1,1,2,4,3,7,2,1,1,2,1,2,2,5,1,1,32,22,"Male","Non-Black / Non-Hispanic","South (AL, AR, DE, DC, FL, GA, KY, LA, MD, MS, NC, OK, SC, TN , TX, VA, WV)","GED","In CBSA, in central city","NO","3: Mother","YES","NO","NO","NO","YES","0: 0  CONDITION DOES NOT APPLY","ALWAYS WITH RIGHT HAND","ALWAYS WITH RIGHT HAND","ALWAYS WITH RIGHT HAND","ALWAYS WITH RIGHT HAND","ALWAYS WITH LEFT HAND","1: 1  CONDITION APPLIES","0: 0  CONDITION DOES NOT APPLY","NO","FEMALE","FEMALE"
1980,64735,2,1,3,33790,5,183,1,1,3,1,1,3,2,2,2,2,1,5,2,7,1,1,29,22,"Male","Black","West (AK, AZ, CA, CO, HI, ID, MT, NV, NM, OR, UT, WA, WY)","High school diploma (Regular 12 year program)","In CBSA, in central city","NO","3: Mother","NO","NO","NO","NO","YES","0: 0  CONDITION DOES NOT APPLY","ALWAYS WITH LEFT HAND","DON'T DO THIS ACTIVITY","ALWAYS WITH RIGHT HAND","ALWAYS WITH LEFT HAND","ALWAYS WITH LEFT HAND","1: 1  CONDITION APPLIES","1: 1  CONDITION APPLIES","NO","FEMALE","MALE"
1984,64735,3,0,2,33790,5,183,3,2,3,5,1,1,2,2,1,2,1,5,1,5,1,1,32,24,"Male","Black","South (AL, AR, DE, DC, FL, GA, KY, LA, MD, MS, NC, OK, SC, TN , TX, VA, WV)","GED","In CBSA, not in central city","NO","3: Mother","NO","NO","YES","NO","YES","0: 0  CONDITION DOES NOT APPLY","ALWAYS WITH RIGHT HAND","ALWAYS WITH RIGHT HAND","ALWAYS WITH RIGHT HAND","ALWAYS WITH RIGHT HAND","USUALLY WITH LEFT HAND","1: 1  CONDITION APPLIES","1: 1  CONDITION APPLIES","NO","MALE","FEMALE"
1980,64735,4,0,2,33790,5,183,1,1,2,3,1,3,2,2,1,2,1,5,3,8,1,1,28,22,"Male","Black","South (AL, AR, DE, DC, FL, GA, KY, LA, MD, MS, NC, OK, SC, TN , TX, VA, WV)","High school diploma (Regular 12 year program)","In CBSA, in central city","NO","3: Mother","NO","YES","YES","NO","YES","0: 0  CONDITION DOES NOT APPLY","DON'T DO THIS ACTIVITY","ALWAYS WITH RIGHT HAND","DON'T DO THIS ACTIVITY","DON'T DO THIS ACTIVITY","ALWAYS WITH LEFT HAND","1: 1  CONDITION APPLIES","1: 1  CONDITION APPLIES","NO","FEMALE","FEMALE"
1983,64735,1,1,3,33790,5,176,2,1,2,3,2,4,2,2,2,2,1,4,4,7,1,1,26,23,"Female","Non-Black / Non-Hispanic","North Central (IL, IN, IA, KS, MI, MN, MO, NE, OH, ND, SD, WI)","Bachelor's degree (BA, BS)","In CBSA, not in central city","YES","3: Mother","YES","NO","NO","NO","YES","0: 0  CONDITION DOES NOT APPLY","USUALLY WITH RIGHT HAND","USUALLY WITH RIGHT HAND","USUALLY WITH LEFT HAND","ALWAYS WITH RIGHT HAND","ALWAYS WITH LEFT HAND","1: 1  CONDITION APPLIES","1: 1  CONDITION APPLIES","NO","MALE","MALE"
1981,64735,2,0,2,33790,5,185,1,2,5,2,1,6,1,2,1,2,2,9,1,7,1,2,31,24,"Male","Non-Black / Non-Hispanic","South (AL, AR, DE, DC, FL, GA, KY, LA, MD, MS, NC, OK, SC, TN , TX, VA, WV)","Associate/Junior college (AA)","In CBSA, not in central city","YES","3: Mother","YES","NO","NO","NO","NO","0: 0  CONDITION DOES NOT APPLY","ALWAYS WITH LEFT HAND","ALWAYS WITH RIGHT HAND","ALWAYS WITH RIGHT HAND","ALWAYS WITH RIGHT HAND","ALWAYS WITH RIGHT HAND","1: 1  CONDITION APPLIES","1: 1  CONDITION APPLIES","NO","FEMALE","FEMALE"
1982,64735,4,0,2,33790,5,184,3,2,2,3,4,3,2,2,2,2,1,2,3,7,1,1,27,23,"Female","Non-Black / Non-Hispanic","Northeast (CT, ME, MA, NH, NJ, NY, PA, RI, VT)","Bachelor's degree (BA, BS)","In CBSA, in central city","NO","3: Mother","NO","YES","NO","NO","YES","0: 0  CONDITION DOES NOT APPLY","ALWAYS WITH RIGHT HAND","ALWAYS WITH RIGHT HAND","ALWAYS WITH RIGHT HAND","ALWAYS WITH RIGHT HAND","ALWAYS WITH LEFT HAND","1: 1  CONDITION APPLIES","1: 1  CONDITION APPLIES","NO","FEMALE","MALE"
1983,64735,5,0,3,18000,5,187,1,3,4,4,4,4,2,2,1,2,2,2,3,7,1,5,34,18,"Male","Non-Black / Non-Hispanic","West (AK, AZ, CA, CO, HI, ID, MT, NV, NM, OR, UT, WA, WY)","High school diploma (Regular 12 year program)","In CBSA, not in central city","NO","3: Mother","NO","YES","NO","NO","NO","0: 0  CONDITION DOES NOT APPLY","ALWAYS WITH RIGHT HAND","ALWAYS WITH RIGHT HAND","ALWAYS WITH RIGHT HAND","ALWAYS WITH RIGHT HAND","USUALLY WITH BOTH HANDS EQUALLY","1: 1  CONDITION APPLIES","1: 1  CONDITION APPLIES","NO","FEMALE","FEMALE"
1980,64735,1,1,1,33790,5,173,1,1,4,4,4,4,2,2,1,2,2,7,3,5,1,1,26,20,"Female","Black","Northeast (CT, ME, MA, NH, NJ, NY, PA, RI, VT)","High school diploma (Regular 12 year program)","In CBSA, not in central city","YES","3: Mother","NO","NO","NO","NO","YES","0: 0  CONDITION DOES NOT APPLY","ALWAYS WITH RIGHT HAND","ALWAYS WITH RIGHT HAND","ALWAYS WITH RIGHT HAND","ALWAYS WITH RIGHT HAND","ALWAYS WITH LEFT HAND","1: 1  CONDITION APPLIES","1: 1  CONDITION APPLIES","NO","FEMALE","MALE"
1985,64735,3,1,2,33790,5,182,1,1,4,3,2,6,2,2,1,2,1,6,2,6,1,1,28,21,"Female","Black","North Central (IL, IN, IA, KS, MI, MN, MO, NE, OH, ND, SD, WI)","Bachelor's degree (BA, BS)","In CBSA, in central city","NO","3: Mother","NO","YES","NO","NO","YES","0: 0  CONDITION DOES NOT APPLY","ALWAYS WITH RIGHT HAND","ALWAYS WITH RIGHT HAND","ALWAYS WITH RIGHT HAND","ALWAYS WITH RIGHT HAND","ALWAYS WITH LEFT HAND","1: 1  CONDITION APPLIES","1: 1  CONDITION APPLIES","NO","FEMALE","MALE"
1981,64735,3,0,2,33790,5,180,2,2,5,3,5,5,2,1,1,2,1,5,3,6,1,1,31,20,"Female","Hispanic","West (AK, AZ, CA, CO, HI, ID, MT, NV, NM, OR, UT, WA, WY)","High school diploma (Regular 12 year program)","In CBSA, in central city","NO","3: Mother","YES","NO","NO","NO","YES","0: 0  CONDITION DOES NOT APPLY","ALWAYS WITH RIGHT HAND","ALWAYS WITH RIGHT HAND","ALWAYS WITH LEFT HAND","ALWAYS WITH RIGHT HAND","ALWAYS WITH LEFT HAND","1: 1  CONDITION APPLIES","1: 1  CONDITION APPLIES","NO","FEMALE","MALE"
1983,64735,4,1,1,33790,5,159,2,2,1,4,4,3,2,2,1,2,1,5,2,7,1,1,62,29,"Female","Non-Black / Non-Hispanic","South (AL, AR, DE, DC, FL, GA, KY, LA, MD, MS, NC, OK, SC, TN , TX, VA, WV)","High school diploma (Regular 12 year program)","In CBSA, not in central city","NO","3: Mother","NO","YES","NO","NO","NO","0: 0  CONDITION DOES NOT APPLY","ALWAYS WITH LEFT HAND","ALWAYS WITH RIGHT HAND","ALWAYS WITH LEFT HAND","ALWAYS WITH RIGHT HAND","ALWAYS WITH RIGHT HAND","1: 1  CONDITION APPLIES","1: 1  CONDITION APPLIES","NO","MALE","FEMALE"
1982,64735,2,1,1,3000,5,184,1,1,1,3,2,3,2,2,1,1,1,4,3,7,1,1,33,23,"Female","Hispanic","North Central (IL, IN, IA, KS, MI, MN, MO, NE, OH, ND, SD, WI)","High school diploma (Regular 12 year program)","In CBSA, not in central city","NO","3: Mother","YES","YES","NO","NO","YES","0: 0  CONDITION DOES NOT APPLY","ALWAYS WITH RIGHT HAND","ALWAYS WITH LEFT HAND","ALWAYS WITH RIGHT HAND","ALWAYS WITH LEFT HAND","ALWAYS WITH LEFT HAND","1: 1  CONDITION APPLIES","1: 1  CONDITION APPLIES","NO","FEMALE","MALE"
1982,77000,3,0,1,33790,5,138,1,2,2,3,4,2,2,2,1,2,1,5,3,7,1,1,30,22,"Female","Hispanic","West (AK, AZ, CA, CO, HI, ID, MT, NV, NM, OR, UT, WA, WY)","High school diploma (Regular 12 year program)","In CBSA, in central city","NO","3: Mother","YES","NO","NO","NO","NO","0: 0  CONDITION DOES NOT APPLY","ALWAYS WITH RIGHT HAND","ALWAYS WITH RIGHT HAND","ALWAYS WITH RIGHT HAND","ALWAYS WITH RIGHT HAND","ALWAYS WITH RIGHT HAND","1: 1  CONDITION APPLIES","1: 1  CONDITION APPLIES","NO","FEMALE","MALE"
1981,64735,3,1,2,33790,5,184,2,2,5,2,2,1,2,2,2,2,1,4,1,6,1,1,30,22,"Female","Non-Black / Non-Hispanic","South (AL, AR, DE, DC, FL, GA, KY, LA, MD, MS, NC, OK, SC, TN , TX, VA, WV)","Associate/Junior college (AA)","In CBSA, not in central city","NO","3: Mother","YES","NO","NO","NO","YES","0: 0  CONDITION DOES NOT APPLY","ALWAYS WITH RIGHT HAND","ALWAYS WITH RIGHT HAND","ALWAYS WITH RIGHT HAND","ALWAYS WITH RIGHT HAND","ALWAYS WITH LEFT HAND","1: 1  CONDITION APPLIES","1: 1  CONDITION APPLIES","NO","FEMALE","MALE"
1982,64735,3,0,2,33790,5,182,1,1,2,7,4,3,2,2,2,2,1,6,4,6,1,1,33,22,"Female","Hispanic","South (AL, AR, DE, DC, FL, GA, KY, LA, MD, MS, NC, OK, SC, TN , TX, VA, WV)","High school diploma (Regular 12 year program)","In CBSA, in central city","NO","3: Mother","YES","NO","NO","NO","NO","0: 0  CONDITION DOES NOT APPLY","ALWAYS WITH RIGHT HAND","ALWAYS WITH RIGHT HAND","ALWAYS WITH RIGHT HAND","ALWAYS WITH RIGHT HAND","ALWAYS WITH LEFT HAND","0: 0  CONDITION DOES NOT APPLY","1: 1  CONDITION APPLIES","YES","FEMALE","MALE"
1983,64735,4,0,2,33790,5,183,1,2,1,4,2,3,2,2,1,1,1,6,4,7,1,1,27,19,"Male","Black","South (AL, AR, DE, DC, FL, GA, KY, LA, MD, MS, NC, OK, SC, TN , TX, VA, WV)","High school diploma (Regular 12 year program)","In CBSA, not in central city","NO","3: Mother","NO","YES","NO","NO","YES","0: 0  CONDITION DOES NOT APPLY","ALWAYS WITH RIGHT HAND","ALWAYS WITH RIGHT HAND","ALWAYS WITH RIGHT HAND","ALWAYS WITH RIGHT HAND","ALWAYS WITH LEFT HAND","1: 1  CONDITION APPLIES","1: 1  CONDITION APPLIES","NO","MALE","FEMALE"
1984,64735,2,0,1,33790,5,182,1,2,1,4,1,2,2,1,1,2,1,1,1,7,1,1,50,30,"Male","Non-Black / Non-Hispanic","South (AL, AR, DE, DC, FL, GA, KY, LA, MD, MS, NC, OK, SC, TN , TX, VA, WV)","High school diploma (Regular 12 year program)","In CBSA, not in central city","NO","3: Mother","YES","YES","NO","NO","YES","0: 0  CONDITION DOES NOT APPLY","ALWAYS WITH RIGHT HAND","ALWAYS WITH RIGHT HAND","ALWAYS WITH RIGHT HAND","ALWAYS WITH RIGHT HAND","ALWAYS WITH LEFT HAND","1: 1  CONDITION APPLIES","1: 1  CONDITION APPLIES","NO","FEMALE","MALE"
1982,64735,2,2,2,15000,5,173,1,2,4,4,5,7,2,2,2,2,2,4,6,6,1,1,31,12,"Female","Hispanic","South (AL, AR, DE, DC, FL, GA, KY, LA, MD, MS, NC, OK, SC, TN , TX, VA, WV)","GED","Not in CBSA","NO","3: Mother","NO","NO","NO","NO","YES","0: 0  CONDITION DOES NOT APPLY","USUALLY WITH RIGHT HAND","ALWAYS WITH RIGHT HAND","ALWAYS WITH RIGHT HAND","ALWAYS WITH RIGHT HAND","ALWAYS WITH LEFT HAND","1: 1  CONDITION APPLIES","1: 1  CONDITION APPLIES","YES","MALE","MALE"
1981,64735,3,0,1,33790,5,183,1,1,2,3,3,3,2,1,2,1,1,3,4,6,1,1,29,6,"Male","Hispanic","North Central (IL, IN, IA, KS, MI, MN, MO, NE, OH, ND, SD, WI)","None","In CBSA, in central city","NO","3: Mother","YES","NO","NO","NO","YES","0: 0  CONDITION DOES NOT APPLY","ALWAYS WITH RIGHT HAND","ALWAYS WITH RIGHT HAND","ALWAYS WITH RIGHT HAND","ALWAYS WITH RIGHT HAND","ALWAYS WITH RIGHT HAND","1: 1  CONDITION APPLIES","1: 1  CONDITION APPLIES","NO","FEMALE","FEMALE"
1984,21377,4,0,4,33790,5,183,1,2,4,4,5,3,2,1,1,2,1,6,3,7,6,1,32,20,"Male","Non-Black / Non-Hispanic","South (AL, AR, DE, DC, FL, GA, KY, LA, MD, MS, NC, OK, SC, TN , TX, VA, WV)","High school diploma (Regular 12 year program)","In CBSA, not in central city","NO","3: Mother","YES","NO","NO","NO","YES","0: 0  CONDITION DOES NOT APPLY","ALWAYS WITH RIGHT HAND","ALWAYS WITH RIGHT HAND","ALWAYS WITH RIGHT HAND","ALWAYS WITH RIGHT HAND","ALWAYS WITH LEFT HAND","1: 1  CONDITION APPLIES","1: 1  CONDITION APPLIES","NO","FEMALE","FEMALE"
1982,44000,4,0,1,4000,5,182,1,1,4,3,3,2,1,1,1,1,1,6,3,7,2,1,33,21,"Female","Non-Black / Non-Hispanic","Northeast (CT, ME, MA, NH, NJ, NY, PA, RI, VT)","GED","In CBSA, not in central city","NO","3: Mother","YES","YES","YES","NO","NO","0: 0  CONDITION DOES NOT APPLY","ALWAYS WITH RIGHT HAND","ALWAYS WITH RIGHT HAND","ALWAYS WITH RIGHT HAND","ALWAYS WITH RIGHT HAND","ALWAYS WITH LEFT HAND","1: 1  CONDITION APPLIES","1: 1  CONDITION APPLIES","NO","MALE","FEMALE"
1980,64735,4,1,1,33790,5,183,1,1,3,3,2,2,2,2,2,2,1,3,6,6,1,2,27,4,"Female","Black","Northeast (CT, ME, MA, NH, NJ, NY, PA, RI, VT)","High school diploma (Regular 12 year program)","In CBSA, in central city","NO","3: Mother","YES","NO","NO","NO","YES","0: 0  CONDITION DOES NOT APPLY","ALWAYS WITH LEFT HAND","USUALLY WITH BOTH HANDS EQUALLY","DON'T DO THIS ACTIVITY","ALWAYS WITH RIGHT HAND","ALWAYS WITH RIGHT HAND","1: 1  CONDITION APPLIES","1: 1  CONDITION APPLIES","NO","FEMALE","MALE"
1983,40000,3,0,5,33790,5,184,1,1,2,4,3,2,2,2,2,1,2,3,1,7,1,1,6,16,"Female","Black","South (AL, AR, DE, DC, FL, GA, KY, LA, MD, MS, NC, OK, SC, TN , TX, VA, WV)","Bachelor's degree (BA, BS)","In CBSA, not in central city","NO","3: Mother","NO","YES","NO","NO","NO","0: 0  CONDITION DOES NOT APPLY","ALWAYS WITH RIGHT HAND","ALWAYS WITH RIGHT HAND","ALWAYS WITH RIGHT HAND","ALWAYS WITH RIGHT HAND","ALWAYS WITH LEFT HAND","1: 1  CONDITION APPLIES","1: 1  CONDITION APPLIES","NO","FEMALE","MALE"
1982,64735,2,0,2,84000,5,190,1,1,3,4,3,4,1,1,1,2,1,7,1,7,1,1,32,24,"Female","Non-Black / Non-Hispanic","South (AL, AR, DE, DC, FL, GA, KY, LA, MD, MS, NC, OK, SC, TN , TX, VA, WV)","High school diploma (Regular 12 year program)","In CBSA, not in central city","NO","3: Mother","YES","NO","NO","NO","YES","0: 0  CONDITION DOES NOT APPLY","ALWAYS WITH RIGHT HAND","ALWAYS WITH RIGHT HAND","ALWAYS WITH RIGHT HAND","ALWAYS WITH RIGHT HAND","ALWAYS WITH LEFT HAND","1: 1  CONDITION APPLIES","1: 1  CONDITION APPLIES","NO","FEMALE","MALE"
1980,64735,2,0,2,33790,5,182,1,1,5,4,4,3,2,2,2,2,1,4,2,6,1,1,31,26,"Male","Black","Northeast (CT, ME, MA, NH, NJ, NY, PA, RI, VT)","GED","In CBSA, not in central city","NO","3: Mother","YES","NO","NO","NO","YES","0: 0  CONDITION DOES NOT APPLY","ALWAYS WITH RIGHT HAND","ALWAYS WITH RIGHT HAND","ALWAYS WITH RIGHT HAND","ALWAYS WITH RIGHT HAND","ALWAYS WITH LEFT HAND","1: 1  CONDITION APPLIES","1: 1  CONDITION APPLIES","NO","FEMALE","MALE"
1982,64735,3,1,2,33790,5,180,2,1,4,2,3,4,2,2,2,1,2,4,1,7,1,1,30,20,"Male","Non-Black / Non-Hispanic","South (AL, AR, DE, DC, FL, GA, KY, LA, MD, MS, NC, OK, SC, TN , TX, VA, WV)","High school diploma (Regular 12 year program)","In CBSA, not in central city","NO","3: Mother","YES","NO","NO","NO","YES","0: 0  CONDITION DOES NOT APPLY","ALWAYS WITH RIGHT HAND","ALWAYS WITH RIGHT HAND","ALWAYS WITH RIGHT HAND","ALWAYS WITH RIGHT HAND","USUALLY WITH BOTH HANDS EQUALLY","1: 1  CONDITION APPLIES","1: 1  CONDITION APPLIES","NO","MALE","MALE"
1984,64735,4,0,4,33790,5,181,1,1,3,7,3,2,1,2,2,1,2,3,1,8,1,1,28,19,"Male","Non-Black / Non-Hispanic","South (AL, AR, DE, DC, FL, GA, KY, LA, MD, MS, NC, OK, SC, TN , TX, VA, WV)","None","In CBSA, not in central city","NO","3: Mother","YES","NO","NO","NO","YES","0: 0  CONDITION DOES NOT APPLY","ALWAYS WITH RIGHT HAND","ALWAYS WITH RIGHT HAND","USUALLY WITH BOTH HANDS EQUALLY","ALWAYS WITH RIGHT HAND","ALWAYS WITH LEFT HAND","0: 0  CONDITION DOES NOT APPLY","1: 1  CONDITION APPLIES","NO","FEMALE","FEMALE"
1981,65000,4,0,3,33790,5,181,1,1,2,4,2,5,2,2,1,2,1,6,4,6,1,1,28,19,"Male","Hispanic","South (AL, AR, DE, DC, FL, GA, KY, LA, MD, MS, NC, OK, SC, TN , TX, VA, WV)","High school diploma (Regular 12 year program)","In CBSA, not in central city","NO","3: Mother","NO","NO","NO","NO","YES","0: 0  CONDITION DOES NOT APPLY","ALWAYS WITH RIGHT HAND","ALWAYS WITH RIGHT HAND","ALWAYS WITH RIGHT HAND","ALWAYS WITH RIGHT HAND","ALWAYS WITH LEFT HAND","1: 1  CONDITION APPLIES","1: 1  CONDITION APPLIES","YES","FEMALE","MALE"
1983,64735,3,1,5,33790,5,182,1,2,4,6,4,5,1,2,1,2,1,5,1,6,1,1,29,21,"Female","Non-Black / Non-Hispanic","West (AK, AZ, CA, CO, HI, ID, MT, NV, NM, OR, UT, WA, WY)","High school diploma (Regular 12 year program)","In CBSA, not in central city","NO","3: Mother","YES","NO","NO","NO","YES","0: 0  CONDITION DOES NOT APPLY","ALWAYS WITH RIGHT HAND","ALWAYS WITH RIGHT HAND","ALWAYS WITH LEFT HAND","ALWAYS WITH RIGHT HAND","ALWAYS WITH LEFT HAND","1: 1  CONDITION APPLIES","1: 1  CONDITION APPLIES","NO","FEMALE","FEMALE"
1983,64735,4,1,6,33790,5,181,1,1,3,2,6,2,1,2,2,2,2,5,6,7,1,1,31,20,"Male","Black","Northeast (CT, ME, MA, NH, NJ, NY, PA, RI, VT)","GED","In CBSA, not in central city","NO","3: Mother","NO","YES","YES","NO","YES","0: 0  CONDITION DOES NOT APPLY","ALWAYS WITH RIGHT HAND","ALWAYS WITH RIGHT HAND","ALWAYS WITH RIGHT HAND","USUALLY WITH RIGHT HAND","ALWAYS WITH LEFT HAND","1: 1  CONDITION APPLIES","1: 1  CONDITION APPLIES","NO","FEMALE","MALE"
1982,64735,3,0,1,33790,5,180,1,1,5,2,2,1,2,2,2,2,1,4,2,5,1,1,43,61,"Male","Black","West (AK, AZ, CA, CO, HI, ID, MT, NV, NM, OR, UT, WA, WY)","High school diploma (Regular 12 year program)","In CBSA, in central city","YES","3: Mother","YES","YES","NO","NO","YES","0: 0  CONDITION DOES NOT APPLY","ALWAYS WITH RIGHT HAND","ALWAYS WITH RIGHT HAND","USUALLY WITH BOTH HANDS EQUALLY","ALWAYS WITH RIGHT HAND","ALWAYS WITH LEFT HAND","1: 1  CONDITION APPLIES","1: 1  CONDITION APPLIES","YES","FEMALE","FEMALE"
1982,64735,8,3,2,33790,5,183,3,1,4,3,2,3,2,2,1,1,2,6,1,6,1,1,23,9,"Female","Black","Northeast (CT, ME, MA, NH, NJ, NY, PA, RI, VT)","Bachelor's degree (BA, BS)","In CBSA, not in central city","NO","3: Mother","YES","NO","NO","NO","YES","0: 0  CONDITION DOES NOT APPLY","ALWAYS WITH RIGHT HAND","ALWAYS WITH RIGHT HAND","ALWAYS WITH RIGHT HAND","ALWAYS WITH RIGHT HAND","ALWAYS WITH LEFT HAND","0: 0  CONDITION DOES NOT APPLY","1: 1  CONDITION APPLIES","NO","MALE","FEMALE"
1983,64735,5,0,3,33790,5,180,1,1,2,1,4,5,2,2,2,2,1,6,2,8,1,2,24,22,"Male","Black","Northeast (CT, ME, MA, NH, NJ, NY, PA, RI, VT)","High school diploma (Regular 12 year program)","In CBSA, not in central city","NO","3: Mother","NO","YES","NO","NO","NO","0: 0  CONDITION DOES NOT APPLY","ALWAYS WITH RIGHT HAND","ALWAYS WITH RIGHT HAND","ALWAYS WITH RIGHT HAND","ALWAYS WITH RIGHT HAND","ALWAYS WITH LEFT HAND","1: 1  CONDITION APPLIES","1: 1  CONDITION APPLIES","NO","FEMALE","MALE"
1981,27500,4,0,2,33790,6,190,1,2,1,3,4,2,2,2,1,2,1,7,3,7,1,1,30,23,"Male","Non-Black / Non-Hispanic","South (AL, AR, DE, DC, FL, GA, KY, LA, MD, MS, NC, OK, SC, TN , TX, VA, WV)","High school diploma (Regular 12 year program)","In CBSA, in central city","YES","3: Mother","NO","YES","NO","NO","NO","0: 0  CONDITION DOES NOT APPLY","ALWAYS WITH RIGHT HAND","ALWAYS WITH RIGHT HAND","ALWAYS WITH RIGHT HAND","ALWAYS WITH RIGHT HAND","ALWAYS WITH LEFT HAND","1: 1  CONDITION APPLIES","1: 1  CONDITION APPLIES","NO","MALE","MALE"
1980,64735,4,0,1,33790,5,184,1,2,3,2,2,7,2,1,1,2,1,3,3,7,1,1,29,21,"Male","Hispanic","Northeast (CT, ME, MA, NH, NJ, NY, PA, RI, VT)","High school diploma (Regular 12 year program)","In CBSA, not in central city","NO","3: Mother","YES","YES","NO","NO","YES","0: 0  CONDITION DOES NOT APPLY","ALWAYS WITH RIGHT HAND","ALWAYS WITH RIGHT HAND","ALWAYS WITH RIGHT HAND","ALWAYS WITH RIGHT HAND","ALWAYS WITH LEFT HAND","1: 1  CONDITION APPLIES","1: 1  CONDITION APPLIES","YES","FEMALE","MALE"
1984,64735,3,1,1,49000,5,181,1,2,3,4,3,5,2,2,1,2,1,5,3,7,1,1,28,21,"Female","Hispanic","North Central (IL, IN, IA, KS, MI, MN, MO, NE, OH, ND, SD, WI)","High school diploma (Regular 12 year program)","In CBSA, not in central city","NO","3: Mother","YES","NO","NO","NO","YES","0: 0  CONDITION DOES NOT APPLY","ALWAYS WITH RIGHT HAND","ALWAYS WITH RIGHT HAND","ALWAYS WITH RIGHT HAND","ALWAYS WITH RIGHT HAND","ALWAYS WITH LEFT HAND","1: 1  CONDITION APPLIES","1: 1  CONDITION APPLIES","NO","FEMALE","MALE"
1982,64735,3,2,4,33790,5,184,1,1,6,1,3,5,2,2,1,2,2,6,2,5,6,1,34,19,"Male","Hispanic","Northeast (CT, ME, MA, NH, NJ, NY, PA, RI, VT)","Bachelor's degree (BA, BS)","In CBSA, in central city","YES","3: Mother","NO","NO","YES","NO","NO","0: 0  CONDITION DOES NOT APPLY","ALWAYS WITH RIGHT HAND","ALWAYS WITH RIGHT HAND","USUALLY WITH BOTH HANDS EQUALLY","ALWAYS WITH RIGHT HAND","ALWAYS WITH LEFT HAND","1: 1  CONDITION APPLIES","1: 1  CONDITION APPLIES","NO","MALE","MALE"
1983,64735,6,2,5,33790,5,182,1,2,2,3,1,3,2,2,2,2,1,3,2,5,1,1,2,11,"Female","Black","North Central (IL, IN, IA, KS, MI, MN, MO, NE, OH, ND, SD, WI)","High school diploma (Regular 12 year program)","In CBSA, not in central city","NO","3: Mother","YES","YES","NO","NO","YES","0: 0  CONDITION DOES NOT APPLY","ALWAYS WITH RIGHT HAND","ALWAYS WITH RIGHT HAND","ALWAYS WITH RIGHT HAND","ALWAYS WITH RIGHT HAND","ALWAYS WITH LEFT HAND","1: 1  CONDITION APPLIES","1: 1  CONDITION APPLIES","NO","FEMALE","MALE"
1981,64735,3,0,3,33790,5,183,2,1,5,7,5,6,2,2,1,1,1,4,1,7,1,1,31,22,"Female","Non-Black / Non-Hispanic","West (AK, AZ, CA, CO, HI, ID, MT, NV, NM, OR, UT, WA, WY)","High school diploma (Regular 12 year program)","In CBSA, not in central city","NO","3: Mother","YES","NO","YES","NO","YES","0: 0  CONDITION DOES NOT APPLY","ALWAYS WITH RIGHT HAND","ALWAYS WITH RIGHT HAND","ALWAYS WITH RIGHT HAND","ALWAYS WITH RIGHT HAND","ALWAYS WITH RIGHT HAND","1: 1  CONDITION APPLIES","1: 1  CONDITION APPLIES","NO","MALE","MALE"
1983,64735,3,0,1,33790,5,183,1,1,4,6,2,6,2,2,1,2,1,6,2,6,1,1,27,6,"Male","Hispanic","South (AL, AR, DE, DC, FL, GA, KY, LA, MD, MS, NC, OK, SC, TN , TX, VA, WV)","High school diploma (Regular 12 year program)","In CBSA, not in central city","NO","3: Mother","YES","NO","NO","NO","YES","0: 0  CONDITION DOES NOT APPLY","ALWAYS WITH RIGHT HAND","ALWAYS WITH RIGHT HAND","ALWAYS WITH RIGHT HAND","ALWAYS WITH RIGHT HAND","ALWAYS WITH LEFT HAND","1: 1  CONDITION APPLIES","1: 1  CONDITION APPLIES","YES","MALE","FEMALE"
1981,64735,5,2,2,33790,5,180,1,1,2,8,6,3,2,2,1,2,1,6,1,6,2,1,24,15,"Female","Black","Northeast (CT, ME, MA, NH, NJ, NY, PA, RI, VT)","Bachelor's degree (BA, BS)","In CBSA, not in central city","NO","3: Mother","YES","NO","NO","NO","YES","0: 0  CONDITION DOES NOT APPLY","ALWAYS WITH RIGHT HAND","ALWAYS WITH RIGHT HAND","ALWAYS WITH RIGHT HAND","ALWAYS WITH RIGHT HAND","ALWAYS WITH LEFT HAND","1: 1  CONDITION APPLIES","0: 0  CONDITION DOES NOT APPLY","NO","MALE","FEMALE"
1980,55200,2,1,2,33790,5,184,1,1,4,4,10,3,2,2,1,2,1,4,1,4,1,1,27,20,"Female","Non-Black / Non-Hispanic","Northeast (CT, ME, MA, NH, NJ, NY, PA, RI, VT)","Associate/Junior college (AA)","Not in country","YES","3: Mother","YES","NO","NO","NO","YES","0: 0  CONDITION DOES NOT APPLY","ALWAYS WITH RIGHT HAND","ALWAYS WITH RIGHT HAND","ALWAYS WITH RIGHT HAND","USUALLY WITH RIGHT HAND","ALWAYS WITH LEFT HAND","0: 0  CONDITION DOES NOT APPLY","0: 0  CONDITION DOES NOT APPLY","YES","MALE","MALE"
1981,64735,3,1,1,33790,6,184,2,1,2,3,3,3,2,2,1,2,2,5,2,6,1,1,5,6,"Female","Non-Black / Non-Hispanic","North Central (IL, IN, IA, KS, MI, MN, MO, NE, OH, ND, SD, WI)","Bachelor's degree (BA, BS)","In CBSA, not in central city","NO","3: Mother","YES","YES","NO","NO","NO","0: 0  CONDITION DOES NOT APPLY","ALWAYS WITH RIGHT HAND","USUALLY WITH RIGHT HAND","ALWAYS WITH RIGHT HAND","ALWAYS WITH RIGHT HAND","ALWAYS WITH LEFT HAND","1: 1  CONDITION APPLIES","1: 1  CONDITION APPLIES","NO","FEMALE","FEMALE"
1985,64735,3,0,2,33790,6,182,2,1,2,4,1,3,2,2,1,1,1,3,2,6,1,1,36,27,"Female","Black","South (AL, AR, DE, DC, FL, GA, KY, LA, MD, MS, NC, OK, SC, TN , TX, VA, WV)","High school diploma (Regular 12 year program)","In CBSA, not in central city","YES","3: Mother","YES","NO","NO","NO","YES","0: 0  CONDITION DOES NOT APPLY","ALWAYS WITH RIGHT HAND","ALWAYS WITH RIGHT HAND","ALWAYS WITH RIGHT HAND","ALWAYS WITH RIGHT HAND","ALWAYS WITH LEFT HAND","1: 1  CONDITION APPLIES","1: 1  CONDITION APPLIES","NO","FEMALE","MALE"
1981,64735,3,0,1,33790,5,183,1,2,2,3,1,3,2,2,1,2,1,6,1,6,1,1,31,23,"Female","Black","Northeast (CT, ME, MA, NH, NJ, NY, PA, RI, VT)","High school diploma (Regular 12 year program)","In CBSA, in central city","NO","3: Mother","NO","YES","NO","NO","YES","0: 0  CONDITION DOES NOT APPLY","ALWAYS WITH RIGHT HAND","ALWAYS WITH RIGHT HAND","ALWAYS WITH RIGHT HAND","ALWAYS WITH RIGHT HAND","ALWAYS WITH LEFT HAND","1: 1  CONDITION APPLIES","1: 1  CONDITION APPLIES","NO","FEMALE","MALE"
1981,64735,5,2,2,33790,5,180,1,1,2,4,3,5,2,2,1,1,1,4,3,8,1,1,31,3,"Female","Non-Black / Non-Hispanic","Northeast (CT, ME, MA, NH, NJ, NY, PA, RI, VT)","Bachelor's degree (BA, BS)","In CBSA, not in central city","NO","3: Mother","NO","NO","NO","NO","YES","0: 0  CONDITION DOES NOT APPLY","ALWAYS WITH RIGHT HAND","ALWAYS WITH RIGHT HAND","ALWAYS WITH RIGHT HAND","USUALLY WITH BOTH HANDS EQUALLY","ALWAYS WITH RIGHT HAND","1: 1  CONDITION APPLIES","0: 0  CONDITION DOES NOT APPLY","NO","FEMALE","FEMALE"
1984,64735,3,0,1,33790,5,182,1,1,1,3,4,5,1,2,1,1,1,1,2,5,1,1,29,18,"Female","Black","North Central (IL, IN, IA, KS, MI, MN, MO, NE, OH, ND, SD, WI)","High school diploma (Regular 12 year program)","In CBSA, not in central city","NO","3: Mother","NO","NO","NO","NO","NO","0: 0  CONDITION DOES NOT APPLY","ALWAYS WITH RIGHT HAND","ALWAYS WITH LEFT HAND","ALWAYS WITH RIGHT HAND","ALWAYS WITH RIGHT HAND","ALWAYS WITH LEFT HAND","1: 1  CONDITION APPLIES","1: 1  CONDITION APPLIES","NO","MALE","FEMALE"
1983,64735,7,3,1,33790,5,182,2,2,1,6,2,2,2,2,2,2,2,3,5,6,1,1,31,15,"Female","Black","West (AK, AZ, CA, CO, HI, ID, MT, NV, NM, OR, UT, WA, WY)","None","In CBSA, not in central city","NO","3: Mother","YES","NO","NO","NO","YES","0: 0  CONDITION DOES NOT APPLY","USUALLY WITH RIGHT HAND","ALWAYS WITH RIGHT HAND","USUALLY WITH RIGHT HAND","USUALLY WITH RIGHT HAND","ALWAYS WITH LEFT HAND","1: 1  CONDITION APPLIES","1: 1  CONDITION APPLIES","NO","FEMALE","FEMALE"
1981,64735,3,1,2,33790,5,183,2,2,4,3,4,2,2,2,1,2,1,4,2,6,1,1,25,17,"Male","Non-Black / Non-Hispanic","South (AL, AR, DE, DC, FL, GA, KY, LA, MD, MS, NC, OK, SC, TN , TX, VA, WV)","GED","In CBSA, in central city","NO","3: Mother","NO","NO","NO","NO","YES","0: 0  CONDITION DOES NOT APPLY","ALWAYS WITH RIGHT HAND","ALWAYS WITH RIGHT HAND","USUALLY WITH RIGHT HAND","USUALLY WITH RIGHT HAND","ALWAYS WITH LEFT HAND","1: 1  CONDITION APPLIES","1: 1  CONDITION APPLIES","NO","MALE","MALE"
1982,64735,3,0,3,33790,5,183,1,1,2,5,2,6,2,2,1,2,1,6,2,6,1,1,30,21,"Female","Black","South (AL, AR, DE, DC, FL, GA, KY, LA, MD, MS, NC, OK, SC, TN , TX, VA, WV)","High school diploma (Regular 12 year program)","In CBSA, not in central city","NO","3: Mother","YES","YES","NO","NO","YES","0: 0  CONDITION DOES NOT APPLY","ALWAYS WITH RIGHT HAND","ALWAYS WITH RIGHT HAND","ALWAYS WITH RIGHT HAND","ALWAYS WITH RIGHT HAND","ALWAYS WITH LEFT HAND","1: 1  CONDITION APPLIES","1: 1  CONDITION APPLIES","NO","MALE","MALE"
1983,64735,2,0,2,33790,5,180,1,2,2,2,1,1,2,1,2,1,1,1,2,7,1,1,27,18,"Male","Black","South (AL, AR, DE, DC, FL, GA, KY, LA, MD, MS, NC, OK, SC, TN , TX, VA, WV)","High school diploma (Regular 12 year program)","In CBSA, not in central city","NO","3: Mother","NO","YES","NO","NO","NO","0: 0  CONDITION DOES NOT APPLY","ALWAYS WITH RIGHT HAND","ALWAYS WITH LEFT HAND","ALWAYS WITH RIGHT HAND","ALWAYS WITH RIGHT HAND","ALWAYS WITH LEFT HAND","1: 1  CONDITION APPLIES","1: 1  CONDITION APPLIES","NO","FEMALE","MALE"
1981,64735,3,1,1,33790,5,182,2,2,3,4,3,3,2,2,2,2,1,6,7,7,1,1,30,21,"Female","Non-Black / Non-Hispanic","Northeast (CT, ME, MA, NH, NJ, NY, PA, RI, VT)","High school diploma (Regular 12 year program)","In CBSA, not in central city","NO","3: Mother","YES","NO","NO","NO","YES","0: 0  CONDITION DOES NOT APPLY","ALWAYS WITH RIGHT HAND","ALWAYS WITH RIGHT HAND","ALWAYS WITH RIGHT HAND","ALWAYS WITH RIGHT HAND","ALWAYS WITH LEFT HAND","1: 1  CONDITION APPLIES","1: 1  CONDITION APPLIES","NO","FEMALE","FEMALE"
1983,64735,3,0,3,42000,5,175,1,1,2,3,5,5,1,2,1,2,1,3,1,6,1,1,26,17,"Male","Hispanic","Northeast (CT, ME, MA, NH, NJ, NY, PA, RI, VT)","Associate/Junior college (AA)","In CBSA, not in central city","NO","3: Mother","YES","NO","NO","NO","YES","0: 0  CONDITION DOES NOT APPLY","ALWAYS WITH RIGHT HAND","USUALLY WITH BOTH HANDS EQUALLY","ALWAYS WITH RIGHT HAND","ALWAYS WITH RIGHT HAND","ALWAYS WITH LEFT HAND","0: 0  CONDITION DOES NOT APPLY","0: 0  CONDITION DOES NOT APPLY","YES","MALE","MALE"
1984,28000,4,1,2,33790,5,184,2,3,3,5,3,6,2,1,1,2,2,6,2,6,1,1,26,12,"Female","Hispanic","Northeast (CT, ME, MA, NH, NJ, NY, PA, RI, VT)","High school diploma (Regular 12 year program)","In CBSA, in central city","NO","3: Mother","YES","YES","NO","NO","NO","0: 0  CONDITION DOES NOT APPLY","ALWAYS WITH RIGHT HAND","DON'T DO THIS ACTIVITY","ALWAYS WITH RIGHT HAND","ALWAYS WITH RIGHT HAND","ALWAYS WITH LEFT HAND","1: 1  CONDITION APPLIES","1: 1  CONDITION APPLIES","YES","FEMALE","FEMALE"
1983,64735,7,2,1,33790,5,182,1,2,2,4,3,5,2,2,1,2,1,4,4,7,1,1,27,15,"Female","Black","North Central (IL, IN, IA, KS, MI, MN, MO, NE, OH, ND, SD, WI)","High school diploma (Regular 12 year program)","In CBSA, not in central city","NO","3: Mother","NO","YES","NO","NO","YES","0: 0  CONDITION DOES NOT APPLY","ALWAYS WITH RIGHT HAND","ALWAYS WITH RIGHT HAND","ALWAYS WITH RIGHT HAND","ALWAYS WITH RIGHT HAND","ALWAYS WITH LEFT HAND","1: 1  CONDITION APPLIES","1: 1  CONDITION APPLIES","YES","FEMALE","FEMALE"
1981,64735,3,1,1,33790,5,189,2,3,2,3,2,4,2,2,1,2,2,6,3,7,1,1,30,22,"Female","Non-Black / Non-Hispanic","West (AK, AZ, CA, CO, HI, ID, MT, NV, NM, OR, UT, WA, WY)","Associate/Junior college (AA)","In CBSA, not in central city","YES","3: Mother","NO","NO","NO","NO","YES","0: 0  CONDITION DOES NOT APPLY","ALWAYS WITH RIGHT HAND","ALWAYS WITH RIGHT HAND","ALWAYS WITH RIGHT HAND","ALWAYS WITH RIGHT HAND","ALWAYS WITH LEFT HAND","1: 1  CONDITION APPLIES","1: 1  CONDITION APPLIES","NO","FEMALE","MALE"
1983,116000,5,0,3,33790,6,181,1,1,3,2,3,3,2,1,1,1,1,7,3,5,1,1,47,26,"Male","Hispanic","North Central (IL, IN, IA, KS, MI, MN, MO, NE, OH, ND, SD, WI)","High school diploma (Regular 12 year program)","In CBSA, in central city","NO","3: Mother","YES","NO","NO","NO","YES","0: 0  CONDITION DOES NOT APPLY","ALWAYS WITH RIGHT HAND","ALWAYS WITH RIGHT HAND","ALWAYS WITH RIGHT HAND","ALWAYS WITH RIGHT HAND","ALWAYS WITH LEFT HAND","1: 1  CONDITION APPLIES","1: 1  CONDITION APPLIES","YES","FEMALE","FEMALE"
1983,64735,3,0,1,33790,5,179,2,3,5,3,1,2,1,1,2,1,1,4,3,7,3,1,34,18,"Male","Hispanic","Northeast (CT, ME, MA, NH, NJ, NY, PA, RI, VT)","None","In CBSA, not in central city","NO","3: Mother","YES","NO","NO","NO","YES","0: 0  CONDITION DOES NOT APPLY","ALWAYS WITH RIGHT HAND","ALWAYS WITH RIGHT HAND","ALWAYS WITH RIGHT HAND","ALWAYS WITH RIGHT HAND","ALWAYS WITH LEFT HAND","1: 1  CONDITION APPLIES","1: 1  CONDITION APPLIES","NO","FEMALE","FEMALE"
1983,64735,4,1,2,33790,5,183,2,1,2,7,4,2,2,2,2,2,1,2,1,6,1,1,30,22,"Female","Hispanic","South (AL, AR, DE, DC, FL, GA, KY, LA, MD, MS, NC, OK, SC, TN , TX, VA, WV)","High school diploma (Regular 12 year program)","In CBSA, not in central city","NO","3: Mother","YES","YES","NO","NO","YES","0: 0  CONDITION DOES NOT APPLY","ALWAYS WITH RIGHT HAND","ALWAYS WITH RIGHT HAND","ALWAYS WITH RIGHT HAND","ALWAYS WITH RIGHT HAND","ALWAYS WITH LEFT HAND","1: 1  CONDITION APPLIES","1: 1  CONDITION APPLIES","YES","FEMALE","FEMALE"
1984,64735,4,1,2,30000,5,183,1,1,5,4,5,3,2,2,1,2,1,6,3,4,1,1,31,21,"Female","Non-Black / Non-Hispanic","South (AL, AR, DE, DC, FL, GA, KY, LA, MD, MS, NC, OK, SC, TN , TX, VA, WV)","High school diploma (Regular 12 year program)","In CBSA, not in central city","NO","3: Mother","YES","NO","NO","NO","NO","0: 0  CONDITION DOES NOT APPLY","ALWAYS WITH RIGHT HAND","ALWAYS WITH RIGHT HAND","ALWAYS WITH RIGHT HAND","ALWAYS WITH RIGHT HAND","ALWAYS WITH LEFT HAND","1: 1  CONDITION APPLIES","1: 1  CONDITION APPLIES","NO","MALE","FEMALE"
1984,64735,5,1,2,33790,5,185,1,1,3,5,7,7,2,2,1,2,1,8,2,8,1,1,31,25,"Female","Non-Black / Non-Hispanic","South (AL, AR, DE, DC, FL, GA, KY, LA, MD, MS, NC, OK, SC, TN , TX, VA, WV)","High school diploma (Regular 12 year program)","In CBSA, not in central city","YES","3: Mother","NO","YES","YES","NO","NO","0: 0  CONDITION DOES NOT APPLY","ALWAYS WITH RIGHT HAND","ALWAYS WITH RIGHT HAND","ALWAYS WITH RIGHT HAND","ALWAYS WITH RIGHT HAND","ALWAYS WITH LEFT HAND","1: 1  CONDITION APPLIES","1: 1  CONDITION APPLIES","NO","FEMALE","FEMALE"
1981,64735,4,0,1,33790,5,182,2,3,2,2,8,2,2,2,2,2,1,2,3,5,1,1,31,16,"Female","Non-Black / Non-Hispanic","West (AK, AZ, CA, CO, HI, ID, MT, NV, NM, OR, UT, WA, WY)","GED","In CBSA, not in central city","NO","3: Mother","YES","NO","NO","NO","NO","0: 0  CONDITION DOES NOT APPLY","ALWAYS WITH RIGHT HAND","ALWAYS WITH RIGHT HAND","ALWAYS WITH RIGHT HAND","ALWAYS WITH RIGHT HAND","ALWAYS WITH LEFT HAND","1: 1  CONDITION APPLIES","0: 0  CONDITION DOES NOT APPLY","NO","MALE","FEMALE"
1989,64735,4,1,1,33790,5,181,1,2,3,4,2,4,2,2,1,2,1,3,1,7,1,1,47,21,"Male","Non-Black / Non-Hispanic","West (AK, AZ, CA, CO, HI, ID, MT, NV, NM, OR, UT, WA, WY)","Bachelor's degree (BA, BS)","In CBSA, not in central city","NO","3: Mother","YES","NO","YES","NO","YES","0: 0  CONDITION DOES NOT APPLY","ALWAYS WITH RIGHT HAND","ALWAYS WITH RIGHT HAND","ALWAYS WITH RIGHT HAND","ALWAYS WITH RIGHT HAND","ALWAYS WITH LEFT HAND","1: 1  CONDITION APPLIES","1: 1  CONDITION APPLIES","NO","MALE","FEMALE"
1983,64735,4,1,1,33790,5,182,1,1,5,3,5,6,2,2,2,1,2,2,2,7,1,1,28,5,"Male","Hispanic","South (AL, AR, DE, DC, FL, GA, KY, LA, MD, MS, NC, OK, SC, TN , TX, VA, WV)","None","In CBSA, not in central city","NO","3: Mother","NO","NO","YES","NO","YES","0: 0  CONDITION DOES NOT APPLY","ALWAYS WITH RIGHT HAND","ALWAYS WITH RIGHT HAND","ALWAYS WITH RIGHT HAND","ALWAYS WITH RIGHT HAND","ALWAYS WITH LEFT HAND","1: 1  CONDITION APPLIES","1: 1  CONDITION APPLIES","NO","FEMALE","MALE"
1983,64735,3,1,3,33790,5,181,1,1,2,4,4,5,1,2,1,1,1,5,2,5,1,1,33,19,"Male","Black","South (AL, AR, DE, DC, FL, GA, KY, LA, MD, MS, NC, OK, SC, TN , TX, VA, WV)","Master's degree (MA, MS)","In CBSA, not in central city","NO","3: Mother","YES","NO","NO","NO","YES","0: 0  CONDITION DOES NOT APPLY","ALWAYS WITH RIGHT HAND","ALWAYS WITH RIGHT HAND","ALWAYS WITH RIGHT HAND","ALWAYS WITH RIGHT HAND","ALWAYS WITH LEFT HAND","1: 1  CONDITION APPLIES","1: 1  CONDITION APPLIES","NO","MALE","FEMALE"
1981,55281,3,0,1,33790,5,183,1,2,3,2,4,3,2,2,2,1,1,3,2,6,1,1,31,22,"Female","Black","South (AL, AR, DE, DC, FL, GA, KY, LA, MD, MS, NC, OK, SC, TN , TX, VA, WV)","High school diploma (Regular 12 year program)","In CBSA, not in central city","NO","3: Mother","YES","YES","NO","NO","YES","0: 0  CONDITION DOES NOT APPLY","ALWAYS WITH RIGHT HAND","ALWAYS WITH RIGHT HAND","ALWAYS WITH RIGHT HAND","ALWAYS WITH RIGHT HAND","ALWAYS WITH LEFT HAND","1: 1  CONDITION APPLIES","1: 1  CONDITION APPLIES","NO","FEMALE","MALE"
1981,64735,3,0,2,33790,6,183,1,1,1,4,4,4,2,2,2,2,1,6,2,6,1,1,36,23,"Female","Non-Black / Non-Hispanic","South (AL, AR, DE, DC, FL, GA, KY, LA, MD, MS, NC, OK, SC, TN , TX, VA, WV)","High school diploma (Regular 12 year program)","In CBSA, not in central city","NO","3: Mother","YES","NO","YES","NO","YES","0: 0  CONDITION DOES NOT APPLY","ALWAYS WITH RIGHT HAND","ALWAYS WITH RIGHT HAND","ALWAYS WITH RIGHT HAND","ALWAYS WITH RIGHT HAND","ALWAYS WITH LEFT HAND","1: 1  CONDITION APPLIES","1: 1  CONDITION APPLIES","NO","FEMALE","MALE"
1982,64735,2,0,2,33790,6,183,1,2,3,5,7,2,1,2,2,2,1,6,2,8,1,1,36,27,"Male","Non-Black / Non-Hispanic","Northeast (CT, ME, MA, NH, NJ, NY, PA, RI, VT)","Professional degree (DDS, JD, MD)","In CBSA, in central city","NO","3: Mother","NO","YES","NO","NO","YES","0: 0  CONDITION DOES NOT APPLY","ALWAYS WITH LEFT HAND","ALWAYS WITH RIGHT HAND","ALWAYS WITH LEFT HAND","ALWAYS WITH LEFT HAND","ALWAYS WITH LEFT HAND","1: 1  CONDITION APPLIES","1: 1  CONDITION APPLIES","NO","FEMALE","FEMALE"
1985,64735,1,0,1,33790,6,188,1,2,3,4,2,1,2,2,1,2,1,4,2,5,1,1,34,24,"Male","Black","Northeast (CT, ME, MA, NH, NJ, NY, PA, RI, VT)","High school diploma (Regular 12 year program)","In CBSA, in central city","NO","3: Mother","YES","YES","NO","NO","NO","0: 0  CONDITION DOES NOT APPLY","ALWAYS WITH RIGHT HAND","ALWAYS WITH RIGHT HAND","ALWAYS WITH RIGHT HAND","ALWAYS WITH RIGHT HAND","ALWAYS WITH LEFT HAND","1: 1  CONDITION APPLIES","1: 1  CONDITION APPLIES","NO","FEMALE","MALE"
1981,64735,5,0,3,33790,5,183,1,1,4,4,3,4,2,2,2,2,1,3,3,7,1,1,56,31,"Male","Non-Black / Non-Hispanic","Northeast (CT, ME, MA, NH, NJ, NY, PA, RI, VT)","None","In CBSA, not in central city","YES","3: Mother","YES","NO","NO","NO","YES","0: 0  CONDITION DOES NOT APPLY","ALWAYS WITH RIGHT HAND","ALWAYS WITH RIGHT HAND","ALWAYS WITH RIGHT HAND","ALWAYS WITH RIGHT HAND","ALWAYS WITH LEFT HAND","1: 1  CONDITION APPLIES","1: 1  CONDITION APPLIES","NO","FEMALE","FEMALE"
1983,64735,2,0,1,33790,5,182,1,1,1,4,2,5,2,2,1,1,1,6,4,7,1,1,30,21,"Female","Black","South (AL, AR, DE, DC, FL, GA, KY, LA, MD, MS, NC, OK, SC, TN , TX, VA, WV)","Bachelor's degree (BA, BS)","In CBSA, not in central city","NO","3: Mother","YES","NO","NO","NO","NO","0: 0  CONDITION DOES NOT APPLY","ALWAYS WITH RIGHT HAND","ALWAYS WITH RIGHT HAND","ALWAYS WITH RIGHT HAND","ALWAYS WITH RIGHT HAND","ALWAYS WITH LEFT HAND","1: 1  CONDITION APPLIES","1: 1  CONDITION APPLIES","NO","FEMALE","FEMALE"
1983,64735,4,0,1,33790,5,180,1,1,2,3,3,3,2,2,2,2,1,4,2,6,1,2,58,30,"Female","Hispanic","South (AL, AR, DE, DC, FL, GA, KY, LA, MD, MS, NC, OK, SC, TN , TX, VA, WV)","None","In CBSA, not in central city","YES","3: Mother","NO","NO","NO","NO","YES","0: 0  CONDITION DOES NOT APPLY","ALWAYS WITH RIGHT HAND","ALWAYS WITH RIGHT HAND","ALWAYS WITH RIGHT HAND","ALWAYS WITH RIGHT HAND","ALWAYS WITH LEFT HAND","1: 1  CONDITION APPLIES","1: 1  CONDITION APPLIES","NO","FEMALE","MALE"
1984,64735,4,1,1,33790,5,183,2,2,3,3,5,3,1,2,1,2,1,1,2,6,1,1,27,21,"Female","Black","South (AL, AR, DE, DC, FL, GA, KY, LA, MD, MS, NC, OK, SC, TN , TX, VA, WV)","GED","In CBSA, in central city","NO","3: Mother","YES","YES","YES","NO","YES","0: 0  CONDITION DOES NOT APPLY","ALWAYS WITH RIGHT HAND","ALWAYS WITH RIGHT HAND","ALWAYS WITH RIGHT HAND","ALWAYS WITH RIGHT HAND","ALWAYS WITH LEFT HAND","1: 1  CONDITION APPLIES","1: 1  CONDITION APPLIES","NO","FEMALE","MALE"
1983,64735,3,1,2,33790,5,181,1,1,2,1,3,4,2,2,1,2,1,5,2,7,1,1,29,21,"Female","Non-Black / Non-Hispanic","South (AL, AR, DE, DC, FL, GA, KY, LA, MD, MS, NC, OK, SC, TN , TX, VA, WV)","High school diploma (Regular 12 year program)","In CBSA, in central city","NO","3: Mother","NO","NO","NO","NO","YES","0: 0  CONDITION DOES NOT APPLY","ALWAYS WITH RIGHT HAND","USUALLY WITH RIGHT HAND","ALWAYS WITH RIGHT HAND","ALWAYS WITH RIGHT HAND","ALWAYS WITH LEFT HAND","1: 1  CONDITION APPLIES","1: 1  CONDITION APPLIES","YES","FEMALE","MALE"
1983,64735,3,0,2,33790,5,184,1,2,2,3,3,2,2,2,1,2,2,6,3,6,1,1,34,22,"Male","Hispanic","North Central (IL, IN, IA, KS, MI, MN, MO, NE, OH, ND, SD, WI)","None","In CBSA, in central city","YES","3: Mother","YES","YES","NO","NO","YES","0: 0  CONDITION DOES NOT APPLY","ALWAYS WITH RIGHT HAND","ALWAYS WITH RIGHT HAND","ALWAYS WITH RIGHT HAND","ALWAYS WITH RIGHT HAND","ALWAYS WITH LEFT HAND","1: 1  CONDITION APPLIES","1: 1  CONDITION APPLIES","NO","FEMALE","FEMALE"
1985,64735,3,0,2,33790,6,185,2,1,7,3,1,3,1,1,2,2,1,2,3,5,1,1,36,22,"Male","Non-Black / Non-Hispanic","North Central (IL, IN, IA, KS, MI, MN, MO, NE, OH, ND, SD, WI)","None","In CBSA, not in central city","YES","3: Mother","YES","NO","YES","NO","YES","0: 0  CONDITION DOES NOT APPLY","ALWAYS WITH RIGHT HAND","ALWAYS WITH RIGHT HAND","ALWAYS WITH RIGHT HAND","ALWAYS WITH RIGHT HAND","ALWAYS WITH LEFT HAND","1: 1  CONDITION APPLIES","1: 1  CONDITION APPLIES","NO","FEMALE","MALE"
1984,64735,4,1,5,22000,5,250,1,2,2,5,2,4,1,2,1,2,2,5,2,7,2,1,29,19,"Male","Non-Black / Non-Hispanic","West (AK, AZ, CA, CO, HI, ID, MT, NV, NM, OR, UT, WA, WY)","High school diploma (Regular 12 year program)","In CBSA, in central city","YES","3: Mother","YES","YES","NO","NO","NO","0: 0  CONDITION DOES NOT APPLY","ALWAYS WITH RIGHT HAND","ALWAYS WITH RIGHT HAND","ALWAYS WITH RIGHT HAND","ALWAYS WITH RIGHT HAND","ALWAYS WITH LEFT HAND","1: 1  CONDITION APPLIES","1: 1  CONDITION APPLIES","NO","FEMALE","MALE"
1983,48617,4,0,5,33790,5,185,1,1,3,4,2,4,2,1,1,2,2,7,1,7,1,1,28,9,"Male","Hispanic","West (AK, AZ, CA, CO, HI, ID, MT, NV, NM, OR, UT, WA, WY)","High school diploma (Regular 12 year program)","In CBSA, not in central city","NO","3: Mother","NO","NO","NO","NO","NO","0: 0  CONDITION DOES NOT APPLY","ALWAYS WITH LEFT HAND","ALWAYS WITH LEFT HAND","ALWAYS WITH RIGHT HAND","USUALLY WITH BOTH HANDS EQUALLY","ALWAYS WITH LEFT HAND","1: 1  CONDITION APPLIES","1: 1  CONDITION APPLIES","NO","FEMALE","MALE"
1984,64735,4,1,3,33790,5,187,1,1,2,5,2,2,2,2,1,2,2,7,2,7,1,1,34,27,"Male","Hispanic","Northeast (CT, ME, MA, NH, NJ, NY, PA, RI, VT)","High school diploma (Regular 12 year program)","In CBSA, not in central city","YES","3: Mother","YES","YES","NO","NO","YES","0: 0  CONDITION DOES NOT APPLY","ALWAYS WITH RIGHT HAND","ALWAYS WITH RIGHT HAND","ALWAYS WITH RIGHT HAND","ALWAYS WITH RIGHT HAND","ALWAYS WITH LEFT HAND","1: 1  CONDITION APPLIES","1: 1  CONDITION APPLIES","NO","FEMALE","MALE"
1982,316618,3,0,1,57500,5,183,1,1,2,4,3,3,2,2,1,2,1,6,3,6,1,1,47,27,"Female","Non-Black / Non-Hispanic","Northeast (CT, ME, MA, NH, NJ, NY, PA, RI, VT)","High school diploma (Regular 12 year program)","In CBSA, in central city","YES","3: Mother","YES","NO","NO","NO","YES","1: 1  CONDITION APPLIES","ALWAYS WITH RIGHT HAND","ALWAYS WITH RIGHT HAND","ALWAYS WITH RIGHT HAND","ALWAYS WITH RIGHT HAND","ALWAYS WITH LEFT HAND","1: 1  CONDITION APPLIES","1: 1  CONDITION APPLIES","NO","MALE","FEMALE"
1981,64735,3,0,1,33790,5,187,1,1,4,3,1,3,2,2,1,1,1,5,3,6,1,1,30,22,"Male","Black","Northeast (CT, ME, MA, NH, NJ, NY, PA, RI, VT)","Associate/Junior college (AA)","In CBSA, not in central city","NO","3: Mother","YES","YES","YES","NO","YES","0: 0  CONDITION DOES NOT APPLY","ALWAYS WITH LEFT HAND","ALWAYS WITH RIGHT HAND","ALWAYS WITH RIGHT HAND","ALWAYS WITH RIGHT HAND","ALWAYS WITH LEFT HAND","1: 1  CONDITION APPLIES","1: 1  CONDITION APPLIES","YES","FEMALE","FEMALE"
1980,26500,3,0,3,33790,5,183,1,1,4,3,3,3,2,2,1,2,2,7,1,6,1,1,25,10,"Female","Hispanic","West (AK, AZ, CA, CO, HI, ID, MT, NV, NM, OR, UT, WA, WY)","High school diploma (Regular 12 year program)","In CBSA, not in central city","NO","3: Mother","NO","YES","NO","NO","YES","0: 0  CONDITION DOES NOT APPLY","ALWAYS WITH RIGHT HAND","ALWAYS WITH RIGHT HAND","ALWAYS WITH RIGHT HAND","ALWAYS WITH RIGHT HAND","ALWAYS WITH LEFT HAND","1: 1  CONDITION APPLIES","1: 1  CONDITION APPLIES","YES","FEMALE","MALE"
1982,56000,3,0,3,33790,5,182,1,3,5,3,4,3,2,2,2,2,1,6,2,7,1,1,28,21,"Male","Black","South (AL, AR, DE, DC, FL, GA, KY, LA, MD, MS, NC, OK, SC, TN , TX, VA, WV)","GED","In CBSA, not in central city","NO","3: Mother","NO","NO","YES","NO","NO","0: 0  CONDITION DOES NOT APPLY","ALWAYS WITH RIGHT HAND","ALWAYS WITH RIGHT HAND","ALWAYS WITH RIGHT HAND","ALWAYS WITH RIGHT HAND","ALWAYS WITH LEFT HAND","1: 1  CONDITION APPLIES","1: 1  CONDITION APPLIES","NO","FEMALE","MALE"
1984,64735,2,0,5,600,5,182,1,2,3,4,4,4,2,1,1,2,1,6,3,8,1,1,29,21,"Male","Hispanic","West (AK, AZ, CA, CO, HI, ID, MT, NV, NM, OR, UT, WA, WY)","High school diploma (Regular 12 year program)","In CBSA, in central city","NO","3: Mother","NO","YES","NO","NO","YES","0: 0  CONDITION DOES NOT APPLY","ALWAYS WITH RIGHT HAND","ALWAYS WITH RIGHT HAND","ALWAYS WITH RIGHT HAND","ALWAYS WITH RIGHT HAND","ALWAYS WITH LEFT HAND","1: 1  CONDITION APPLIES","1: 1  CONDITION APPLIES","NO","MALE","FEMALE"
1983,64735,2,0,3,33790,5,183,1,2,2,4,2,3,2,2,1,1,1,4,1,7,1,1,29,23,"Female","Non-Black / Non-Hispanic","South (AL, AR, DE, DC, FL, GA, KY, LA, MD, MS, NC, OK, SC, TN , TX, VA, WV)","High school diploma (Regular 12 year program)","In CBSA, in central city","NO","3: Mother","YES","YES","NO","NO","NO","0: 0  CONDITION DOES NOT APPLY","ALWAYS WITH RIGHT HAND","ALWAYS WITH RIGHT HAND","ALWAYS WITH RIGHT HAND","ALWAYS WITH RIGHT HAND","ALWAYS WITH LEFT HAND","1: 1  CONDITION APPLIES","1: 1  CONDITION APPLIES","NO","MALE","MALE"
1980,64735,2,0,1,33790,5,181,1,2,3,3,2,4,2,2,2,2,1,1,2,7,1,1,29,22,"Female","Black","South (AL, AR, DE, DC, FL, GA, KY, LA, MD, MS, NC, OK, SC, TN , TX, VA, WV)","High school diploma (Regular 12 year program)","In CBSA, not in central city","NO","3: Mother","NO","NO","NO","NO","YES","0: 0  CONDITION DOES NOT APPLY","ALWAYS WITH RIGHT HAND","ALWAYS WITH RIGHT HAND","USUALLY WITH BOTH HANDS EQUALLY","ALWAYS WITH RIGHT HAND","ALWAYS WITH LEFT HAND","1: 1  CONDITION APPLIES","1: 1  CONDITION APPLIES","NO","MALE","FEMALE"
1983,64735,2,0,2,33790,5,184,1,1,1,4,3,5,2,1,1,2,1,6,2,8,1,1,31,21,"Male","Hispanic","West (AK, AZ, CA, CO, HI, ID, MT, NV, NM, OR, UT, WA, WY)","High school diploma (Regular 12 year program)","In CBSA, in central city","NO","3: Mother","YES","NO","NO","NO","YES","0: 0  CONDITION DOES NOT APPLY","ALWAYS WITH LEFT HAND","ALWAYS WITH LEFT HAND","ALWAYS WITH LEFT HAND","ALWAYS WITH RIGHT HAND","ALWAYS WITH RIGHT HAND","1: 1  CONDITION APPLIES","1: 1  CONDITION APPLIES","YES","MALE","FEMALE"
1983,64735,5,0,2,33790,5,160,1,2,3,3,1,1,2,2,1,2,1,6,2,6,1,1,35,28,"Female","Hispanic","South (AL, AR, DE, DC, FL, GA, KY, LA, MD, MS, NC, OK, SC, TN , TX, VA, WV)","GED","In CBSA, not in central city","YES","3: Mother","YES","NO","NO","NO","YES","0: 0  CONDITION DOES NOT APPLY","ALWAYS WITH RIGHT HAND","ALWAYS WITH RIGHT HAND","ALWAYS WITH RIGHT HAND","ALWAYS WITH RIGHT HAND","ALWAYS WITH LEFT HAND","1: 1  CONDITION APPLIES","1: 1  CONDITION APPLIES","NO","FEMALE","MALE"
1982,33500,4,1,1,33790,5,183,1,1,2,4,3,3,1,1,1,1,1,1,3,7,1,1,32,5,"Female","Hispanic","West (AK, AZ, CA, CO, HI, ID, MT, NV, NM, OR, UT, WA, WY)","High school diploma (Regular 12 year program)","In CBSA, in central city","YES","3: Mother","NO","NO","NO","NO","NO","0: 0  CONDITION DOES NOT APPLY","ALWAYS WITH RIGHT HAND","ALWAYS WITH RIGHT HAND","ALWAYS WITH RIGHT HAND","ALWAYS WITH RIGHT HAND","ALWAYS WITH LEFT HAND","1: 1  CONDITION APPLIES","1: 1  CONDITION APPLIES","NO","FEMALE","FEMALE"
1981,64735,3,0,1,33790,5,181,1,1,3,3,1,5,2,2,1,2,1,6,5,6,1,1,33,22,"Male","Hispanic","South (AL, AR, DE, DC, FL, GA, KY, LA, MD, MS, NC, OK, SC, TN , TX, VA, WV)","High school diploma (Regular 12 year program)","In CBSA, not in central city","NO","3: Mother","NO","NO","YES","NO","YES","0: 0  CONDITION DOES NOT APPLY","ALWAYS WITH RIGHT HAND","ALWAYS WITH RIGHT HAND","ALWAYS WITH RIGHT HAND","ALWAYS WITH RIGHT HAND","USUALLY WITH BOTH HANDS EQUALLY","0: 0  CONDITION DOES NOT APPLY","1: 1  CONDITION APPLIES","NO","FEMALE","FEMALE"
1980,10000,2,0,2,10000,6,188,2,2,2,5,4,2,2,2,1,2,2,1,5,7,1,1,32,12,"Male","Hispanic","West (AK, AZ, CA, CO, HI, ID, MT, NV, NM, OR, UT, WA, WY)","GED","In CBSA, not in central city","NO","3: Mother","NO","YES","NO","NO","NO","0: 0  CONDITION DOES NOT APPLY","ALWAYS WITH LEFT HAND","ALWAYS WITH LEFT HAND","ALWAYS WITH LEFT HAND","ALWAYS WITH LEFT HAND","ALWAYS WITH LEFT HAND","0: 0  CONDITION DOES NOT APPLY","1: 1  CONDITION APPLIES","YES","FEMALE","FEMALE"
1981,64735,3,1,1,33790,5,183,1,2,2,4,2,2,2,2,1,1,1,4,3,7,1,1,32,18,"Female","Hispanic","West (AK, AZ, CA, CO, HI, ID, MT, NV, NM, OR, UT, WA, WY)","None","In CBSA, in central city","YES","3: Mother","NO","NO","YES","NO","YES","0: 0  CONDITION DOES NOT APPLY","ALWAYS WITH RIGHT HAND","ALWAYS WITH RIGHT HAND","ALWAYS WITH RIGHT HAND","ALWAYS WITH RIGHT HAND","ALWAYS WITH LEFT HAND","1: 1  CONDITION APPLIES","1: 1  CONDITION APPLIES","YES","FEMALE","FEMALE"
1984,64735,5,1,3,33790,5,163,2,1,2,3,4,1,2,2,1,1,1,3,1,8,1,1,31,23,"Male","Hispanic","West (AK, AZ, CA, CO, HI, ID, MT, NV, NM, OR, UT, WA, WY)","None","In CBSA, in central city","NO","3: Mother","NO","YES","NO","NO","YES","0: 0  CONDITION DOES NOT APPLY","ALWAYS WITH RIGHT HAND","ALWAYS WITH RIGHT HAND","ALWAYS WITH RIGHT HAND","ALWAYS WITH RIGHT HAND","ALWAYS WITH LEFT HAND","1: 1  CONDITION APPLIES","1: 1  CONDITION APPLIES","YES","MALE","MALE"
1981,64735,5,0,2,33790,5,181,1,2,1,3,4,3,2,1,2,2,1,4,2,6,1,1,29,22,"Male","Hispanic","Northeast (CT, ME, MA, NH, NJ, NY, PA, RI, VT)","High school diploma (Regular 12 year program)","In CBSA, not in central city","NO","3: Mother","YES","YES","YES","NO","YES","0: 0  CONDITION DOES NOT APPLY","ALWAYS WITH RIGHT HAND","ALWAYS WITH RIGHT HAND","ALWAYS WITH RIGHT HAND","ALWAYS WITH RIGHT HAND","ALWAYS WITH LEFT HAND","1: 1  CONDITION APPLIES","1: 1  CONDITION APPLIES","YES","MALE","FEMALE"
1981,64735,3,0,3,33790,4,175,1,2,2,4,5,5,2,2,1,2,1,6,1,9,1,1,24,20,"Female","Hispanic","South (AL, AR, DE, DC, FL, GA, KY, LA, MD, MS, NC, OK, SC, TN , TX, VA, WV)","High school diploma (Regular 12 year program)","In CBSA, not in central city","NO","3: Mother","NO","NO","NO","NO","YES","0: 0  CONDITION DOES NOT APPLY","ALWAYS WITH RIGHT HAND","ALWAYS WITH RIGHT HAND","ALWAYS WITH RIGHT HAND","ALWAYS WITH RIGHT HAND","ALWAYS WITH LEFT HAND","1: 1  CONDITION APPLIES","1: 1  CONDITION APPLIES","YES","MALE","MALE"
1987,64735,3,0,1,33790,5,183,1,2,5,2,5,5,2,2,1,2,2,7,5,8,2,4,31,20,"Female","Hispanic","West (AK, AZ, CA, CO, HI, ID, MT, NV, NM, OR, UT, WA, WY)","High school diploma (Regular 12 year program)","In CBSA, not in central city","NO","3: Mother","YES","NO","YES","NO","YES","0: 0  CONDITION DOES NOT APPLY","ALWAYS WITH RIGHT HAND","ALWAYS WITH RIGHT HAND","ALWAYS WITH RIGHT HAND","ALWAYS WITH RIGHT HAND","ALWAYS WITH LEFT HAND","0: 0  CONDITION DOES NOT APPLY","1: 1  CONDITION APPLIES","YES","FEMALE","FEMALE"
1983,64735,2,0,2,33790,5,178,1,1,4,3,1,4,1,2,1,2,1,6,2,8,1,1,29,22,"Male","Non-Black / Non-Hispanic","South (AL, AR, DE, DC, FL, GA, KY, LA, MD, MS, NC, OK, SC, TN , TX, VA, WV)","Bachelor's degree (BA, BS)","In CBSA, not in central city","NO","3: Mother","YES","NO","NO","NO","YES","0: 0  CONDITION DOES NOT APPLY","ALWAYS WITH RIGHT HAND","ALWAYS WITH RIGHT HAND","ALWAYS WITH RIGHT HAND","ALWAYS WITH RIGHT HAND","ALWAYS WITH LEFT HAND","1: 1  CONDITION APPLIES","1: 1  CONDITION APPLIES","NO","MALE","FEMALE"
1984,64735,3,0,2,33790,5,180,1,1,2,3,4,5,2,2,1,2,1,5,2,7,1,1,28,20,"Female","Non-Black / Non-Hispanic","South (AL, AR, DE, DC, FL, GA, KY, LA, MD, MS, NC, OK, SC, TN , TX, VA, WV)","Master's degree (MA, MS)","In CBSA, not in central city","NO","3: Mother","YES","NO","YES","NO","YES","0: 0  CONDITION DOES NOT APPLY","ALWAYS WITH RIGHT HAND","ALWAYS WITH RIGHT HAND","ALWAYS WITH RIGHT HAND","ALWAYS WITH RIGHT HAND","ALWAYS WITH LEFT HAND","1: 1  CONDITION APPLIES","1: 1  CONDITION APPLIES","NO","FEMALE","MALE"
1984,64735,3,0,1,33790,5,182,1,1,5,5,6,7,2,2,1,2,1,6,4,7,1,1,29,22,"Female","Hispanic","North Central (IL, IN, IA, KS, MI, MN, MO, NE, OH, ND, SD, WI)","High school diploma (Regular 12 year program)","In CBSA, in central city","NO","3: Mother","YES","NO","NO","NO","YES","0: 0  CONDITION DOES NOT APPLY","ALWAYS WITH RIGHT HAND","ALWAYS WITH RIGHT HAND","ALWAYS WITH RIGHT HAND","ALWAYS WITH RIGHT HAND","ALWAYS WITH LEFT HAND","1: 1  CONDITION APPLIES","1: 1  CONDITION APPLIES","NO","MALE","FEMALE"
1980,64735,2,1,5,33790,5,184,1,1,3,3,5,4,2,2,1,2,1,6,2,6,1,2,31,21,"Female","Hispanic","South (AL, AR, DE, DC, FL, GA, KY, LA, MD, MS, NC, OK, SC, TN , TX, VA, WV)","Master's degree (MA, MS)","In CBSA, not in central city","NO","3: Mother","YES","NO","NO","NO","NO","0: 0  CONDITION DOES NOT APPLY","ALWAYS WITH RIGHT HAND","ALWAYS WITH RIGHT HAND","ALWAYS WITH RIGHT HAND","ALWAYS WITH RIGHT HAND","ALWAYS WITH LEFT HAND","0: 0  CONDITION DOES NOT APPLY","1: 1  CONDITION APPLIES","NO","FEMALE","FEMALE"
1984,64735,5,1,3,22000,5,182,2,1,4,5,3,1,2,2,1,2,1,5,1,8,1,1,28,23,"Male","Non-Black / Non-Hispanic","West (AK, AZ, CA, CO, HI, ID, MT, NV, NM, OR, UT, WA, WY)","Associate/Junior college (AA)","In CBSA, in central city","NO","3: Mother","YES","NO","NO","NO","NO","0: 0  CONDITION DOES NOT APPLY","ALWAYS WITH RIGHT HAND","ALWAYS WITH RIGHT HAND","ALWAYS WITH RIGHT HAND","ALWAYS WITH RIGHT HAND","ALWAYS WITH LEFT HAND","1: 1  CONDITION APPLIES","1: 1  CONDITION APPLIES","NO","FEMALE","FEMALE"
1985,64735,2,0,2,33790,5,184,2,1,2,3,2,4,2,2,1,2,2,6,2,7,1,1,30,21,"Male","Non-Black / Non-Hispanic","Northeast (CT, ME, MA, NH, NJ, NY, PA, RI, VT)","High school diploma (Regular 12 year program)","In CBSA, in central city","NO","3: Mother","NO","NO","NO","NO","YES","0: 0  CONDITION DOES NOT APPLY","ALWAYS WITH RIGHT HAND","ALWAYS WITH RIGHT HAND","ALWAYS WITH RIGHT HAND","ALWAYS WITH RIGHT HAND","ALWAYS WITH LEFT HAND","1: 1  CONDITION APPLIES","1: 1  CONDITION APPLIES","NO","FEMALE","MALE"
1981,64735,3,0,1,35000,5,182,1,1,4,3,3,4,2,2,1,2,1,4,2,6,1,1,33,22,"Male","Non-Black / Non-Hispanic","West (AK, AZ, CA, CO, HI, ID, MT, NV, NM, OR, UT, WA, WY)","High school diploma (Regular 12 year program)","In CBSA, in central city","NO","3: Mother","NO","NO","NO","NO","YES","0: 0  CONDITION DOES NOT APPLY","ALWAYS WITH RIGHT HAND","ALWAYS WITH RIGHT HAND","ALWAYS WITH RIGHT HAND","ALWAYS WITH RIGHT HAND","ALWAYS WITH LEFT HAND","0: 0  CONDITION DOES NOT APPLY","1: 1  CONDITION APPLIES","NO","MALE","FEMALE"
1982,64735,3,0,3,33790,5,182,1,2,5,5,3,2,2,1,2,2,1,6,3,6,1,1,30,21,"Male","Non-Black / Non-Hispanic","South (AL, AR, DE, DC, FL, GA, KY, LA, MD, MS, NC, OK, SC, TN , TX, VA, WV)","Bachelor's degree (BA, BS)","In CBSA, not in central city","NO","3: Mother","YES","NO","NO","NO","YES","0: 0  CONDITION DOES NOT APPLY","ALWAYS WITH RIGHT HAND","ALWAYS WITH RIGHT HAND","ALWAYS WITH RIGHT HAND","ALWAYS WITH RIGHT HAND","ALWAYS WITH LEFT HAND","1: 1  CONDITION APPLIES","1: 1  CONDITION APPLIES","YES","FEMALE","FEMALE"
1984,64735,4,0,1,33790,5,182,1,1,3,5,4,7,1,2,1,2,1,5,4,7,1,1,30,20,"Female","Hispanic","West (AK, AZ, CA, CO, HI, ID, MT, NV, NM, OR, UT, WA, WY)","High school diploma (Regular 12 year program)","In CBSA, in central city","YES","3: Mother","YES","NO","NO","NO","YES","0: 0  CONDITION DOES NOT APPLY","ALWAYS WITH RIGHT HAND","ALWAYS WITH RIGHT HAND","ALWAYS WITH RIGHT HAND","ALWAYS WITH RIGHT HAND","ALWAYS WITH LEFT HAND","1: 1  CONDITION APPLIES","0: 0  CONDITION DOES NOT APPLY","NO","MALE","MALE"
1982,64735,4,1,3,33790,5,180,1,1,1,3,4,1,2,2,2,2,2,1,2,9,1,1,37,28,"Male","Hispanic","West (AK, AZ, CA, CO, HI, ID, MT, NV, NM, OR, UT, WA, WY)","None","In CBSA, in central city","YES","3: Mother","NO","YES","NO","NO","YES","0: 0  CONDITION DOES NOT APPLY","ALWAYS WITH RIGHT HAND","ALWAYS WITH RIGHT HAND","ALWAYS WITH RIGHT HAND","ALWAYS WITH RIGHT HAND","ALWAYS WITH LEFT HAND","1: 1  CONDITION APPLIES","0: 0  CONDITION DOES NOT APPLY","YES","MALE","MALE"
1980,64735,3,1,3,33790,5,184,1,2,4,5,5,5,2,2,2,1,2,6,2,6,1,1,31,19,"Male","Hispanic","North Central (IL, IN, IA, KS, MI, MN, MO, NE, OH, ND, SD, WI)","High school diploma (Regular 12 year program)","In CBSA, not in central city","NO","3: Mother","YES","NO","NO","NO","YES","0: 0  CONDITION DOES NOT APPLY","ALWAYS WITH RIGHT HAND","ALWAYS WITH RIGHT HAND","ALWAYS WITH RIGHT HAND","ALWAYS WITH RIGHT HAND","ALWAYS WITH LEFT HAND","1: 1  CONDITION APPLIES","1: 1  CONDITION APPLIES","NO","MALE","MALE"
1981,64735,4,0,3,33790,5,180,1,2,3,3,2,2,2,1,1,2,1,2,2,7,1,1,34,20,"Male","Hispanic","Northeast (CT, ME, MA, NH, NJ, NY, PA, RI, VT)","High school diploma (Regular 12 year program)","In CBSA, in central city","NO","3: Mother","NO","NO","NO","NO","YES","0: 0  CONDITION DOES NOT APPLY","ALWAYS WITH RIGHT HAND","ALWAYS WITH RIGHT HAND","ALWAYS WITH RIGHT HAND","ALWAYS WITH RIGHT HAND","ALWAYS WITH LEFT HAND","0: 0  CONDITION DOES NOT APPLY","1: 1  CONDITION APPLIES","YES","FEMALE","FEMALE"
1980,64735,4,1,3,33790,5,165,2,1,3,3,4,3,2,2,1,2,1,6,1,7,1,1,27,21,"Male","Non-Black / Non-Hispanic","West (AK, AZ, CA, CO, HI, ID, MT, NV, NM, OR, UT, WA, WY)","High school diploma (Regular 12 year program)","In CBSA, not in central city","NO","3: Mother","YES","NO","NO","NO","YES","0: 0  CONDITION DOES NOT APPLY","ALWAYS WITH RIGHT HAND","ALWAYS WITH RIGHT HAND","ALWAYS WITH RIGHT HAND","ALWAYS WITH RIGHT HAND","ALWAYS WITH LEFT HAND","1: 1  CONDITION APPLIES","1: 1  CONDITION APPLIES","NO","FEMALE","MALE"
1983,64735,3,0,1,33790,5,182,2,1,3,1,3,7,2,2,1,2,2,6,3,8,1,1,30,21,"Female","Non-Black / Non-Hispanic","South (AL, AR, DE, DC, FL, GA, KY, LA, MD, MS, NC, OK, SC, TN , TX, VA, WV)","High school diploma (Regular 12 year program)","In CBSA, not in central city","NO","3: Mother","YES","NO","NO","NO","YES","0: 0  CONDITION DOES NOT APPLY","ALWAYS WITH RIGHT HAND","ALWAYS WITH RIGHT HAND","ALWAYS WITH RIGHT HAND","ALWAYS WITH RIGHT HAND","ALWAYS WITH LEFT HAND","0: 0  CONDITION DOES NOT APPLY","1: 1  CONDITION APPLIES","NO","FEMALE","FEMALE"
1983,64735,2,1,2,33790,5,184,1,1,6,3,2,3,2,2,2,2,1,4,3,7,1,1,32,20,"Male","Non-Black / Non-Hispanic","North Central (IL, IN, IA, KS, MI, MN, MO, NE, OH, ND, SD, WI)","Professional degree (DDS, JD, MD)","In CBSA, in central city","NO","3: Mother","NO","YES","NO","NO","YES","0: 0  CONDITION DOES NOT APPLY","ALWAYS WITH RIGHT HAND","ALWAYS WITH RIGHT HAND","ALWAYS WITH RIGHT HAND","ALWAYS WITH RIGHT HAND","ALWAYS WITH LEFT HAND","1: 1  CONDITION APPLIES","1: 1  CONDITION APPLIES","NO","FEMALE","MALE"
1984,64735,4,0,1,34000,5,210,1,2,2,3,4,5,2,2,2,2,2,3,3,7,1,1,30,20,"Male","Black","West (AK, AZ, CA, CO, HI, ID, MT, NV, NM, OR, UT, WA, WY)","High school diploma (Regular 12 year program)","In CBSA, in central city","NO","3: Mother","YES","YES","NO","NO","YES","0: 0  CONDITION DOES NOT APPLY","ALWAYS WITH RIGHT HAND","ALWAYS WITH RIGHT HAND","ALWAYS WITH RIGHT HAND","ALWAYS WITH RIGHT HAND","ALWAYS WITH LEFT HAND","0: 0  CONDITION DOES NOT APPLY","1: 1  CONDITION APPLIES","YES","FEMALE","MALE"
1982,64735,2,0,2,33790,6,187,1,2,2,5,2,4,1,1,1,1,2,3,4,7,1,1,27,18,"Male","Hispanic","South (AL, AR, DE, DC, FL, GA, KY, LA, MD, MS, NC, OK, SC, TN , TX, VA, WV)","High school diploma (Regular 12 year program)","In CBSA, in central city","NO","3: Mother","YES","NO","YES","NO","YES","0: 0  CONDITION DOES NOT APPLY","ALWAYS WITH RIGHT HAND","ALWAYS WITH RIGHT HAND","USUALLY WITH BOTH HANDS EQUALLY","ALWAYS WITH RIGHT HAND","ALWAYS WITH LEFT HAND","1: 1  CONDITION APPLIES","1: 1  CONDITION APPLIES","NO","FEMALE","MALE"
1980,64735,4,1,2,16000,5,183,1,1,2,4,1,3,2,2,1,2,1,6,2,6,1,1,30,23,"Female","Non-Black / Non-Hispanic","South (AL, AR, DE, DC, FL, GA, KY, LA, MD, MS, NC, OK, SC, TN , TX, VA, WV)","GED","In CBSA, in central city","NO","3: Mother","YES","NO","NO","NO","YES","0: 0  CONDITION DOES NOT APPLY","ALWAYS WITH RIGHT HAND","ALWAYS WITH RIGHT HAND","ALWAYS WITH RIGHT HAND","ALWAYS WITH RIGHT HAND","ALWAYS WITH LEFT HAND","1: 1  CONDITION APPLIES","1: 1  CONDITION APPLIES","NO","FEMALE","FEMALE"
1985,55000,3,1,2,33790,5,183,1,2,2,3,4,4,2,1,1,2,1,9,3,8,1,1,26,19,"Male","Hispanic","West (AK, AZ, CA, CO, HI, ID, MT, NV, NM, OR, UT, WA, WY)","Bachelor's degree (BA, BS)","In CBSA, not in central city","NO","3: Mother","NO","NO","NO","NO","YES","0: 0  CONDITION DOES NOT APPLY","ALWAYS WITH RIGHT HAND","ALWAYS WITH RIGHT HAND","ALWAYS WITH RIGHT HAND","USUALLY WITH RIGHT HAND","ALWAYS WITH LEFT HAND","1: 1  CONDITION APPLIES","1: 1  CONDITION APPLIES","YES","FEMALE","MALE"
1982,64735,4,0,2,33790,5,180,1,1,3,5,5,5,1,2,2,1,1,6,2,8,1,1,30,21,"Female","Hispanic","West (AK, AZ, CA, CO, HI, ID, MT, NV, NM, OR, UT, WA, WY)","High school diploma (Regular 12 year program)","In CBSA, not in central city","NO","3: Mother","YES","NO","NO","NO","YES","0: 0  CONDITION DOES NOT APPLY","ALWAYS WITH RIGHT HAND","USUALLY WITH BOTH HANDS EQUALLY","ALWAYS WITH RIGHT HAND","ALWAYS WITH RIGHT HAND","ALWAYS WITH LEFT HAND","0: 0  CONDITION DOES NOT APPLY","1: 1  CONDITION APPLIES","NO","FEMALE","MALE"
1983,64735,3,1,5,33790,5,182,2,1,2,4,4,3,2,2,1,2,1,5,2,6,1,1,9,16,"Female","Hispanic","North Central (IL, IN, IA, KS, MI, MN, MO, NE, OH, ND, SD, WI)","High school diploma (Regular 12 year program)","In CBSA, not in central city","NO","3: Mother","NO","YES","NO","NO","NO","0: 0  CONDITION DOES NOT APPLY","ALWAYS WITH RIGHT HAND","ALWAYS WITH RIGHT HAND","ALWAYS WITH RIGHT HAND","ALWAYS WITH RIGHT HAND","ALWAYS WITH LEFT HAND","1: 1  CONDITION APPLIES","1: 1  CONDITION APPLIES","NO","FEMALE","FEMALE"
1981,64735,4,1,2,33790,5,180,1,1,3,5,6,4,2,2,1,2,2,7,4,7,1,1,29,21,"Female","Hispanic","West (AK, AZ, CA, CO, HI, ID, MT, NV, NM, OR, UT, WA, WY)","Associate/Junior college (AA)","In CBSA, not in central city","NO","3: Mother","YES","NO","NO","NO","YES","0: 0  CONDITION DOES NOT APPLY","ALWAYS WITH RIGHT HAND","ALWAYS WITH RIGHT HAND","ALWAYS WITH RIGHT HAND","ALWAYS WITH RIGHT HAND","ALWAYS WITH LEFT HAND","0: 0  CONDITION DOES NOT APPLY","1: 1  CONDITION APPLIES","YES","FEMALE","MALE"
1981,64735,1,0,2,33790,5,183,1,2,3,3,3,4,1,2,2,2,2,9,2,7,1,1,32,24,"Male","Hispanic","Northeast (CT, ME, MA, NH, NJ, NY, PA, RI, VT)","GED","In CBSA, in central city","YES","3: Mother","YES","NO","NO","NO","YES","0: 0  CONDITION DOES NOT APPLY","ALWAYS WITH RIGHT HAND","ALWAYS WITH RIGHT HAND","ALWAYS WITH RIGHT HAND","ALWAYS WITH RIGHT HAND","ALWAYS WITH LEFT HAND","1: 1  CONDITION APPLIES","0: 0  CONDITION DOES NOT APPLY","YES","FEMALE","FEMALE"
1981,24750,3,1,1,33790,5,182,2,1,2,3,4,4,2,2,2,1,1,5,3,7,1,1,31,20,"Male","Hispanic","West (AK, AZ, CA, CO, HI, ID, MT, NV, NM, OR, UT, WA, WY)","High school diploma (Regular 12 year program)","In CBSA, not in central city","NO","3: Mother","YES","NO","YES","NO","NO","0: 0  CONDITION DOES NOT APPLY","ALWAYS WITH RIGHT HAND","ALWAYS WITH RIGHT HAND","ALWAYS WITH RIGHT HAND","ALWAYS WITH RIGHT HAND","ALWAYS WITH LEFT HAND","1: 1  CONDITION APPLIES","1: 1  CONDITION APPLIES","YES","FEMALE","FEMALE"
1981,28250,2,0,3,33790,6,188,1,1,4,5,3,3,1,2,1,2,1,6,2,5,1,1,29,24,"Male","Non-Black / Non-Hispanic","South (AL, AR, DE, DC, FL, GA, KY, LA, MD, MS, NC, OK, SC, TN , TX, VA, WV)","Professional degree (DDS, JD, MD)","In CBSA, in central city","YES","3: Mother","YES","NO","NO","NO","NO","0: 0  CONDITION DOES NOT APPLY","ALWAYS WITH RIGHT HAND","ALWAYS WITH RIGHT HAND","ALWAYS WITH RIGHT HAND","ALWAYS WITH RIGHT HAND","USUALLY WITH RIGHT HAND","1: 1  CONDITION APPLIES","1: 1  CONDITION APPLIES","NO","MALE","MALE"
1981,64735,4,0,2,33790,6,181,1,1,3,3,5,2,2,2,2,2,2,4,2,6,1,1,30,21,"Female","Black","Northeast (CT, ME, MA, NH, NJ, NY, PA, RI, VT)","GED","In CBSA, in central city","NO","3: Mother","YES","NO","YES","NO","NO","0: 0  CONDITION DOES NOT APPLY","ALWAYS WITH RIGHT HAND","ALWAYS WITH RIGHT HAND","ALWAYS WITH RIGHT HAND","ALWAYS WITH RIGHT HAND","ALWAYS WITH LEFT HAND","1: 1  CONDITION APPLIES","1: 1  CONDITION APPLIES","NO","FEMALE","FEMALE"
1982,30000,3,0,3,33790,5,182,1,2,1,2,3,4,1,2,1,2,1,6,2,6,1,1,32,19,"Female","Non-Black / Non-Hispanic","North Central (IL, IN, IA, KS, MI, MN, MO, NE, OH, ND, SD, WI)","High school diploma (Regular 12 year program)","In CBSA, not in central city","NO","3: Mother","YES","NO","NO","NO","YES","0: 0  CONDITION DOES NOT APPLY","ALWAYS WITH RIGHT HAND","ALWAYS WITH RIGHT HAND","ALWAYS WITH RIGHT HAND","ALWAYS WITH RIGHT HAND","ALWAYS WITH LEFT HAND","1: 1  CONDITION APPLIES","1: 1  CONDITION APPLIES","NO","FEMALE","FEMALE"
1983,64735,4,0,3,33790,5,181,1,2,1,3,2,2,2,2,1,2,2,4,3,8,1,3,29,25,"Female","Hispanic","West (AK, AZ, CA, CO, HI, ID, MT, NV, NM, OR, UT, WA, WY)","Master's degree (MA, MS)","In CBSA, not in central city","NO","3: Mother","NO","YES","NO","NO","NO","0: 0  CONDITION DOES NOT APPLY","ALWAYS WITH RIGHT HAND","ALWAYS WITH RIGHT HAND","ALWAYS WITH RIGHT HAND","ALWAYS WITH RIGHT HAND","ALWAYS WITH LEFT HAND","1: 1  CONDITION APPLIES","1: 1  CONDITION APPLIES","YES","FEMALE","MALE"
1983,64735,3,0,2,33790,5,184,1,2,4,3,3,4,2,2,1,1,2,4,2,7,1,1,31,22,"Male","Non-Black / Non-Hispanic","Northeast (CT, ME, MA, NH, NJ, NY, PA, RI, VT)","Bachelor's degree (BA, BS)","In CBSA, in central city","NO","3: Mother","NO","NO","NO","NO","YES","0: 0  CONDITION DOES NOT APPLY","ALWAYS WITH RIGHT HAND","ALWAYS WITH RIGHT HAND","ALWAYS WITH RIGHT HAND","ALWAYS WITH RIGHT HAND","ALWAYS WITH LEFT HAND","1: 1  CONDITION APPLIES","1: 1  CONDITION APPLIES","YES","FEMALE","FEMALE"
1981,64735,2,0,2,33790,5,182,1,1,3,6,3,4,2,2,1,1,2,5,2,5,1,1,28,18,"Female","Non-Black / Non-Hispanic","South (AL, AR, DE, DC, FL, GA, KY, LA, MD, MS, NC, OK, SC, TN , TX, VA, WV)","Bachelor's degree (BA, BS)","In CBSA, in central city","NO","3: Mother","NO","NO","NO","NO","YES","0: 0  CONDITION DOES NOT APPLY","ALWAYS WITH RIGHT HAND","USUALLY WITH RIGHT HAND","USUALLY WITH RIGHT HAND","ALWAYS WITH RIGHT HAND","ALWAYS WITH LEFT HAND","1: 1  CONDITION APPLIES","1: 1  CONDITION APPLIES","NO","FEMALE","MALE"
1980,64735,4,1,5,33790,5,185,1,1,5,1,4,4,2,2,2,2,1,7,2,6,1,1,27,19,"Male","Black","North Central (IL, IN, IA, KS, MI, MN, MO, NE, OH, ND, SD, WI)","Bachelor's degree (BA, BS)","In CBSA, not in central city","NO","3: Mother","YES","NO","NO","NO","NO","0: 0  CONDITION DOES NOT APPLY","ALWAYS WITH RIGHT HAND","USUALLY WITH BOTH HANDS EQUALLY","ALWAYS WITH RIGHT HAND","ALWAYS WITH RIGHT HAND","ALWAYS WITH LEFT HAND","1: 1  CONDITION APPLIES","1: 1  CONDITION APPLIES","NO","MALE","MALE"
1982,64735,4,1,2,13000,5,181,1,2,3,2,1,4,2,2,1,2,2,5,3,6,1,1,29,22,"Male","Black","Northeast (CT, ME, MA, NH, NJ, NY, PA, RI, VT)","High school diploma (Regular 12 year program)","In CBSA, not in central city","NO","3: Mother","NO","NO","NO","NO","NO","0: 0  CONDITION DOES NOT APPLY","ALWAYS WITH RIGHT HAND","ALWAYS WITH RIGHT HAND","ALWAYS WITH RIGHT HAND","ALWAYS WITH RIGHT HAND","ALWAYS WITH LEFT HAND","1: 1  CONDITION APPLIES","1: 1  CONDITION APPLIES","NO","FEMALE","FEMALE"
1982,64735,4,0,2,33790,5,179,1,2,1,3,3,5,1,2,2,1,1,7,2,7,1,1,29,20,"Female","Non-Black / Non-Hispanic","North Central (IL, IN, IA, KS, MI, MN, MO, NE, OH, ND, SD, WI)","High school diploma (Regular 12 year program)","In CBSA, not in central city","NO","3: Mother","YES","NO","NO","NO","YES","0: 0  CONDITION DOES NOT APPLY","ALWAYS WITH RIGHT HAND","ALWAYS WITH RIGHT HAND","ALWAYS WITH RIGHT HAND","ALWAYS WITH RIGHT HAND","ALWAYS WITH LEFT HAND","1: 1  CONDITION APPLIES","1: 1  CONDITION APPLIES","YES","MALE","MALE"
1982,64735,3,0,1,33790,5,183,1,1,2,1,1,4,2,2,1,2,1,4,4,6,1,1,32,23,"Female","Black","South (AL, AR, DE, DC, FL, GA, KY, LA, MD, MS, NC, OK, SC, TN , TX, VA, WV)","Bachelor's degree (BA, BS)","In CBSA, not in central city","NO","3: Mother","NO","NO","NO","NO","YES","0: 0  CONDITION DOES NOT APPLY","ALWAYS WITH RIGHT HAND","ALWAYS WITH RIGHT HAND","ALWAYS WITH RIGHT HAND","ALWAYS WITH RIGHT HAND","ALWAYS WITH LEFT HAND","1: 1  CONDITION APPLIES","1: 1  CONDITION APPLIES","NO","FEMALE","MALE"
1984,4000,4,0,2,33790,6,183,1,1,1,6,2,2,2,2,2,2,1,1,3,6,1,1,29,24,"Male","Black","South (AL, AR, DE, DC, FL, GA, KY, LA, MD, MS, NC, OK, SC, TN , TX, VA, WV)","GED","In CBSA, not in central city","NO","3: Mother","NO","YES","NO","NO","NO","0: 0  CONDITION DOES NOT APPLY","ALWAYS WITH RIGHT HAND","ALWAYS WITH RIGHT HAND","ALWAYS WITH RIGHT HAND","ALWAYS WITH RIGHT HAND","ALWAYS WITH LEFT HAND","1: 1  CONDITION APPLIES","1: 1  CONDITION APPLIES","NO","FEMALE","FEMALE"
1984,64735,3,0,3,33790,5,181,1,2,2,2,3,2,2,2,2,2,1,6,3,8,1,1,32,24,"Male","Non-Black / Non-Hispanic","Northeast (CT, ME, MA, NH, NJ, NY, PA, RI, VT)","High school diploma (Regular 12 year program)","In CBSA, in central city","NO","3: Mother","YES","YES","NO","NO","YES","0: 0  CONDITION DOES NOT APPLY","ALWAYS WITH RIGHT HAND","ALWAYS WITH RIGHT HAND","ALWAYS WITH RIGHT HAND","ALWAYS WITH RIGHT HAND","ALWAYS WITH LEFT HAND","1: 1  CONDITION APPLIES","1: 1  CONDITION APPLIES","NO","FEMALE","MALE"
1981,64735,2,0,2,25000,5,182,1,1,4,4,4,4,2,1,1,1,1,3,1,7,3,1,29,20,"Male","Hispanic","West (AK, AZ, CA, CO, HI, ID, MT, NV, NM, OR, UT, WA, WY)","High school diploma (Regular 12 year program)","In CBSA, in central city","NO","3: Mother","YES","NO","NO","NO","YES","0: 0  CONDITION DOES NOT APPLY","ALWAYS WITH RIGHT HAND","ALWAYS WITH RIGHT HAND","ALWAYS WITH RIGHT HAND","ALWAYS WITH RIGHT HAND","ALWAYS WITH LEFT HAND","1: 1  CONDITION APPLIES","1: 1  CONDITION APPLIES","NO","FEMALE","MALE"
1983,64735,8,1,3,33790,5,182,2,2,5,1,3,4,2,2,2,1,2,4,1,6,1,1,32,22,"Female","Hispanic","North Central (IL, IN, IA, KS, MI, MN, MO, NE, OH, ND, SD, WI)","GED","In CBSA, not in central city","YES","3: Mother","NO","YES","NO","NO","YES","0: 0  CONDITION DOES NOT APPLY","ALWAYS WITH RIGHT HAND","ALWAYS WITH RIGHT HAND","ALWAYS WITH RIGHT HAND","ALWAYS WITH RIGHT HAND","ALWAYS WITH LEFT HAND","1: 1  CONDITION APPLIES","1: 1  CONDITION APPLIES","NO","FEMALE","FEMALE"
1984,176002,3,0,2,33790,5,180,1,1,2,4,3,3,1,2,1,2,1,6,4,7,1,1,32,22,"Female","Non-Black / Non-Hispanic","South (AL, AR, DE, DC, FL, GA, KY, LA, MD, MS, NC, OK, SC, TN , TX, VA, WV)","Bachelor's degree (BA, BS)","In CBSA, not in central city","NO","3: Mother","YES","NO","YES","NO","YES","0: 0  CONDITION DOES NOT APPLY","ALWAYS WITH RIGHT HAND","ALWAYS WITH RIGHT HAND","ALWAYS WITH RIGHT HAND","ALWAYS WITH RIGHT HAND","ALWAYS WITH LEFT HAND","1: 1  CONDITION APPLIES","1: 1  CONDITION APPLIES","NO","FEMALE","MALE"
1981,64735,4,0,2,33790,5,182,1,2,2,6,2,2,1,2,2,2,2,4,1,6,1,1,33,18,"Female","Black","North Central (IL, IN, IA, KS, MI, MN, MO, NE, OH, ND, SD, WI)","Associate/Junior college (AA)","In CBSA, not in central city","NO","3: Mother","YES","YES","NO","NO","YES","0: 0  CONDITION DOES NOT APPLY","ALWAYS WITH LEFT HAND","USUALLY WITH BOTH HANDS EQUALLY","ALWAYS WITH RIGHT HAND","ALWAYS WITH RIGHT HAND","ALWAYS WITH LEFT HAND","1: 1  CONDITION APPLIES","1: 1  CONDITION APPLIES","NO","MALE","FEMALE"
1980,64735,3,0,2,33790,5,183,2,1,3,3,1,1,2,2,1,1,2,5,2,7,6,1,32,21,"Male","Non-Black / Non-Hispanic","South (AL, AR, DE, DC, FL, GA, KY, LA, MD, MS, NC, OK, SC, TN , TX, VA, WV)","High school diploma (Regular 12 year program)","In CBSA, not in central city","NO","3: Mother","YES","NO","NO","NO","NO","0: 0  CONDITION DOES NOT APPLY","ALWAYS WITH RIGHT HAND","ALWAYS WITH RIGHT HAND","ALWAYS WITH RIGHT HAND","ALWAYS WITH RIGHT HAND","ALWAYS WITH LEFT HAND","1: 1  CONDITION APPLIES","1: 1  CONDITION APPLIES","NO","FEMALE","MALE"
1982,65005,4,0,1,32000,5,181,1,1,2,3,3,4,2,2,2,2,1,6,2,6,1,1,34,5,"Female","Black","South (AL, AR, DE, DC, FL, GA, KY, LA, MD, MS, NC, OK, SC, TN , TX, VA, WV)","GED","In CBSA, in central city","NO","3: Mother","NO","NO","NO","NO","YES","0: 0  CONDITION DOES NOT APPLY","ALWAYS WITH RIGHT HAND","ALWAYS WITH RIGHT HAND","ALWAYS WITH RIGHT HAND","ALWAYS WITH RIGHT HAND","ALWAYS WITH LEFT HAND","1: 1  CONDITION APPLIES","1: 1  CONDITION APPLIES","YES","MALE","FEMALE"
1981,64735,3,1,1,33790,5,227,1,1,3,4,3,3,2,2,1,1,2,6,3,6,1,2,29,20,"Male","Non-Black / Non-Hispanic","Northeast (CT, ME, MA, NH, NJ, NY, PA, RI, VT)","Associate/Junior college (AA)","In CBSA, in central city","NO","3: Mother","YES","NO","NO","NO","YES","0: 0  CONDITION DOES NOT APPLY","ALWAYS WITH RIGHT HAND","ALWAYS WITH RIGHT HAND","ALWAYS WITH RIGHT HAND","ALWAYS WITH RIGHT HAND","ALWAYS WITH LEFT HAND","0: 0  CONDITION DOES NOT APPLY","1: 1  CONDITION APPLIES","NO","FEMALE","FEMALE"
1983,52250,5,0,5,33790,5,186,1,2,1,4,2,3,1,2,2,2,1,3,1,7,1,1,32,17,"Male","Non-Black / Non-Hispanic","West (AK, AZ, CA, CO, HI, ID, MT, NV, NM, OR, UT, WA, WY)","High school diploma (Regular 12 year program)","In CBSA, not in central city","NO","3: Mother","YES","YES","NO","NO","YES","0: 0  CONDITION DOES NOT APPLY","ALWAYS WITH RIGHT HAND","ALWAYS WITH RIGHT HAND","ALWAYS WITH RIGHT HAND","ALWAYS WITH RIGHT HAND","ALWAYS WITH LEFT HAND","1: 1  CONDITION APPLIES","1: 1  CONDITION APPLIES","NO","FEMALE","FEMALE"
1983,64735,4,1,4,33790,6,184,1,1,3,2,3,3,2,2,2,1,2,1,1,7,1,1,32,24,"Female","Non-Black / Non-Hispanic","North Central (IL, IN, IA, KS, MI, MN, MO, NE, OH, ND, SD, WI)","GED","In CBSA, not in central city","YES","3: Mother","NO","YES","YES","NO","YES","0: 0  CONDITION DOES NOT APPLY","ALWAYS WITH RIGHT HAND","ALWAYS WITH RIGHT HAND","ALWAYS WITH RIGHT HAND","ALWAYS WITH RIGHT HAND","ALWAYS WITH LEFT HAND","1: 1  CONDITION APPLIES","1: 1  CONDITION APPLIES","NO","FEMALE","MALE"
1982,64735,4,0,3,33790,5,179,1,2,3,3,1,5,2,2,2,1,2,3,3,7,2,1,31,20,"Male","Black","Northeast (CT, ME, MA, NH, NJ, NY, PA, RI, VT)","Bachelor's degree (BA, BS)","In CBSA, not in central city","NO","3: Mother","YES","NO","NO","NO","NO","0: 0  CONDITION DOES NOT APPLY","ALWAYS WITH RIGHT HAND","ALWAYS WITH LEFT HAND","ALWAYS WITH LEFT HAND","ALWAYS WITH RIGHT HAND","ALWAYS WITH LEFT HAND","1: 1  CONDITION APPLIES","1: 1  CONDITION APPLIES","NO","FEMALE","MALE"
1981,64735,2,0,3,33790,5,182,1,2,4,3,5,5,2,2,2,2,1,5,3,7,1,1,35,37,"Female","Black","South (AL, AR, DE, DC, FL, GA, KY, LA, MD, MS, NC, OK, SC, TN , TX, VA, WV)","None","In CBSA, not in central city","YES","3: Mother","YES","NO","NO","NO","YES","0: 0  CONDITION DOES NOT APPLY","ALWAYS WITH RIGHT HAND","ALWAYS WITH RIGHT HAND","ALWAYS WITH RIGHT HAND","ALWAYS WITH RIGHT HAND","ALWAYS WITH LEFT HAND","1: 1  CONDITION APPLIES","1: 1  CONDITION APPLIES","NO","FEMALE","FEMALE"
1985,64735,9,0,3,33790,5,181,1,1,2,4,3,4,2,2,1,2,1,6,3,9,1,1,31,24,"Female","Black","South (AL, AR, DE, DC, FL, GA, KY, LA, MD, MS, NC, OK, SC, TN , TX, VA, WV)","High school diploma (Regular 12 year program)","In CBSA, not in central city","NO","3: Mother","NO","YES","NO","NO","NO","0: 0  CONDITION DOES NOT APPLY","ALWAYS WITH RIGHT HAND","ALWAYS WITH RIGHT HAND","ALWAYS WITH RIGHT HAND","ALWAYS WITH RIGHT HAND","ALWAYS WITH RIGHT HAND","1: 1  CONDITION APPLIES","1: 1  CONDITION APPLIES","NO","MALE","MALE"
1982,64735,2,0,2,33790,5,185,1,2,1,4,3,2,2,2,1,2,1,5,3,6,1,2,28,20,"Male","Black","West (AK, AZ, CA, CO, HI, ID, MT, NV, NM, OR, UT, WA, WY)","High school diploma (Regular 12 year program)","In CBSA, not in central city","NO","3: Mother","YES","NO","NO","NO","YES","0: 0  CONDITION DOES NOT APPLY","ALWAYS WITH RIGHT HAND","ALWAYS WITH RIGHT HAND","USUALLY WITH BOTH HANDS EQUALLY","ALWAYS WITH RIGHT HAND","ALWAYS WITH LEFT HAND","1: 1  CONDITION APPLIES","1: 1  CONDITION APPLIES","NO","MALE","FEMALE"
1980,64735,4,0,6,33790,5,183,1,2,1,3,2,2,2,2,1,2,1,5,3,7,1,1,29,21,"Female","Non-Black / Non-Hispanic","North Central (IL, IN, IA, KS, MI, MN, MO, NE, OH, ND, SD, WI)","GED","In CBSA, in central city","NO","3: Mother","YES","YES","YES","NO","YES","0: 0  CONDITION DOES NOT APPLY","ALWAYS WITH RIGHT HAND","ALWAYS WITH LEFT HAND","ALWAYS WITH RIGHT HAND","ALWAYS WITH RIGHT HAND","ALWAYS WITH RIGHT HAND","1: 1  CONDITION APPLIES","1: 1  CONDITION APPLIES","NO","FEMALE","MALE"
1984,64735,1,0,3,33790,5,182,2,2,2,5,2,4,2,2,2,2,2,6,7,7,1,1,37,21,"Male","Hispanic","West (AK, AZ, CA, CO, HI, ID, MT, NV, NM, OR, UT, WA, WY)","High school diploma (Regular 12 year program)","In CBSA, in central city","NO","3: Mother","YES","NO","NO","NO","NO","0: 0  CONDITION DOES NOT APPLY","ALWAYS WITH RIGHT HAND","ALWAYS WITH RIGHT HAND","USUALLY WITH RIGHT HAND","USUALLY WITH BOTH HANDS EQUALLY","USUALLY WITH BOTH HANDS EQUALLY","1: 1  CONDITION APPLIES","1: 1  CONDITION APPLIES","NO","FEMALE","FEMALE"
1981,50780,3,1,2,33790,5,182,2,1,2,4,5,3,1,1,1,2,2,5,1,7,1,1,29,20,"Male","Hispanic","South (AL, AR, DE, DC, FL, GA, KY, LA, MD, MS, NC, OK, SC, TN , TX, VA, WV)","High school diploma (Regular 12 year program)","In CBSA, in central city","NO","3: Mother","YES","NO","NO","NO","YES","0: 0  CONDITION DOES NOT APPLY","ALWAYS WITH RIGHT HAND","ALWAYS WITH RIGHT HAND","ALWAYS WITH RIGHT HAND","ALWAYS WITH RIGHT HAND","ALWAYS WITH LEFT HAND","1: 1  CONDITION APPLIES","1: 1  CONDITION APPLIES","YES","FEMALE","FEMALE"
1981,64735,2,0,2,16000,5,182,1,2,5,3,2,6,2,2,2,2,1,3,3,6,2,2,29,11,"Male","Black","South (AL, AR, DE, DC, FL, GA, KY, LA, MD, MS, NC, OK, SC, TN , TX, VA, WV)","Bachelor's degree (BA, BS)","In CBSA, in central city","NO","3: Mother","YES","NO","NO","NO","YES","0: 0  CONDITION DOES NOT APPLY","ALWAYS WITH RIGHT HAND","USUALLY WITH BOTH HANDS EQUALLY","USUALLY WITH BOTH HANDS EQUALLY","USUALLY WITH BOTH HANDS EQUALLY","ALWAYS WITH LEFT HAND","1: 1  CONDITION APPLIES","1: 1  CONDITION APPLIES","NO","FEMALE","FEMALE"
1983,64735,4,0,2,33790,5,184,1,2,2,4,3,3,2,2,1,2,1,2,2,7,1,1,29,21,"Female","Non-Black / Non-Hispanic","South (AL, AR, DE, DC, FL, GA, KY, LA, MD, MS, NC, OK, SC, TN , TX, VA, WV)","High school diploma (Regular 12 year program)","In CBSA, not in central city","NO","3: Mother","YES","YES","NO","NO","YES","0: 0  CONDITION DOES NOT APPLY","ALWAYS WITH RIGHT HAND","ALWAYS WITH RIGHT HAND","ALWAYS WITH RIGHT HAND","ALWAYS WITH RIGHT HAND","ALWAYS WITH RIGHT HAND","1: 1  CONDITION APPLIES","1: 1  CONDITION APPLIES","NO","FEMALE","MALE"
1982,64735,3,1,2,33790,5,183,1,1,2,4,4,5,1,2,1,2,1,7,3,6,1,1,31,19,"Female","Non-Black / Non-Hispanic","South (AL, AR, DE, DC, FL, GA, KY, LA, MD, MS, NC, OK, SC, TN , TX, VA, WV)","High school diploma (Regular 12 year program)","In CBSA, in central city","NO","3: Mother","YES","NO","YES","NO","YES","0: 0  CONDITION DOES NOT APPLY","ALWAYS WITH RIGHT HAND","ALWAYS WITH RIGHT HAND","ALWAYS WITH RIGHT HAND","ALWAYS WITH RIGHT HAND","USUALLY WITH BOTH HANDS EQUALLY","1: 1  CONDITION APPLIES","1: 1  CONDITION APPLIES","NO","FEMALE","MALE"
1982,64735,2,0,2,33790,5,184,1,2,3,3,2,3,2,2,1,2,1,4,2,6,1,1,32,19,"Female","Black","South (AL, AR, DE, DC, FL, GA, KY, LA, MD, MS, NC, OK, SC, TN , TX, VA, WV)","High school diploma (Regular 12 year program)","In CBSA, in central city","NO","3: Mother","NO","NO","NO","NO","YES","0: 0  CONDITION DOES NOT APPLY","ALWAYS WITH RIGHT HAND","ALWAYS WITH RIGHT HAND","ALWAYS WITH RIGHT HAND","ALWAYS WITH RIGHT HAND","ALWAYS WITH LEFT HAND","0: 0  CONDITION DOES NOT APPLY","0: 0  CONDITION DOES NOT APPLY","NO","FEMALE","MALE"
1983,64735,3,1,2,33790,5,112,1,2,3,8,2,3,1,2,1,1,1,7,5,8,1,1,29,21,"Female","Hispanic","South (AL, AR, DE, DC, FL, GA, KY, LA, MD, MS, NC, OK, SC, TN , TX, VA, WV)","Bachelor's degree (BA, BS)","In CBSA, in central city","NO","3: Mother","YES","NO","NO","NO","YES","0: 0  CONDITION DOES NOT APPLY","ALWAYS WITH RIGHT HAND","ALWAYS WITH RIGHT HAND","ALWAYS WITH RIGHT HAND","ALWAYS WITH RIGHT HAND","ALWAYS WITH LEFT HAND","1: 1  CONDITION APPLIES","1: 1  CONDITION APPLIES","YES","MALE","MALE"
1981,64735,3,0,3,33790,5,182,1,2,4,3,5,3,2,2,2,2,1,2,2,6,1,1,28,19,"Male","Black","South (AL, AR, DE, DC, FL, GA, KY, LA, MD, MS, NC, OK, SC, TN , TX, VA, WV)","GED","In CBSA, in central city","NO","3: Mother","YES","YES","NO","NO","YES","0: 0  CONDITION DOES NOT APPLY","ALWAYS WITH RIGHT HAND","ALWAYS WITH RIGHT HAND","ALWAYS WITH RIGHT HAND","ALWAYS WITH RIGHT HAND","ALWAYS WITH LEFT HAND","1: 1  CONDITION APPLIES","1: 1  CONDITION APPLIES","NO","FEMALE","MALE"
1983,64735,2,0,2,33790,5,185,1,2,5,4,2,4,2,1,1,2,1,6,3,6,1,1,30,20,"Male","Non-Black / Non-Hispanic","South (AL, AR, DE, DC, FL, GA, KY, LA, MD, MS, NC, OK, SC, TN , TX, VA, WV)","High school diploma (Regular 12 year program)","In CBSA, in central city","NO","3: Mother","YES","NO","NO","NO","YES","0: 0  CONDITION DOES NOT APPLY","ALWAYS WITH LEFT HAND","USUALLY WITH BOTH HANDS EQUALLY","ALWAYS WITH LEFT HAND","ALWAYS WITH LEFT HAND","ALWAYS WITH RIGHT HAND","1: 1  CONDITION APPLIES","1: 1  CONDITION APPLIES","NO","MALE","FEMALE"
1983,64735,3,0,2,33790,5,164,1,1,2,2,2,4,2,2,1,1,1,2,2,10,1,1,31,21,"Female","Non-Black / Non-Hispanic","South (AL, AR, DE, DC, FL, GA, KY, LA, MD, MS, NC, OK, SC, TN , TX, VA, WV)","GED","In CBSA, not in central city","NO","3: Mother","NO","NO","YES","YES","YES","0: 0  CONDITION DOES NOT APPLY","ALWAYS WITH RIGHT HAND","ALWAYS WITH RIGHT HAND","ALWAYS WITH RIGHT HAND","ALWAYS WITH RIGHT HAND","ALWAYS WITH LEFT HAND","1: 1  CONDITION APPLIES","0: 0  CONDITION DOES NOT APPLY","NO","MALE","MALE"
1984,64735,3,1,4,33790,5,184,1,2,1,2,5,4,2,2,1,2,2,1,3,7,1,1,29,23,"Female","Black","South (AL, AR, DE, DC, FL, GA, KY, LA, MD, MS, NC, OK, SC, TN , TX, VA, WV)","None","In CBSA, in central city","NO","3: Mother","NO","YES","YES","NO","NO","0: 0  CONDITION DOES NOT APPLY","ALWAYS WITH RIGHT HAND","ALWAYS WITH RIGHT HAND","ALWAYS WITH RIGHT HAND","ALWAYS WITH RIGHT HAND","ALWAYS WITH LEFT HAND","1: 1  CONDITION APPLIES","1: 1  CONDITION APPLIES","NO","FEMALE","MALE"
1984,64735,4,0,2,33790,5,180,1,1,2,3,4,3,2,2,1,2,1,5,3,7,1,1,63,30,"Female","Non-Black / Non-Hispanic","West (AK, AZ, CA, CO, HI, ID, MT, NV, NM, OR, UT, WA, WY)","High school diploma (Regular 12 year program)","In CBSA, not in central city","YES","3: Mother","NO","YES","NO","NO","YES","0: 0  CONDITION DOES NOT APPLY","ALWAYS WITH RIGHT HAND","ALWAYS WITH RIGHT HAND","ALWAYS WITH RIGHT HAND","ALWAYS WITH RIGHT HAND","ALWAYS WITH LEFT HAND","1: 1  CONDITION APPLIES","1: 1  CONDITION APPLIES","NO","MALE","FEMALE"
1984,64735,3,0,2,33790,5,183,1,1,1,4,4,4,2,2,2,2,1,5,2,6,1,1,28,9,"Female","Non-Black / Non-Hispanic","South (AL, AR, DE, DC, FL, GA, KY, LA, MD, MS, NC, OK, SC, TN , TX, VA, WV)","High school diploma (Regular 12 year program)","In CBSA, not in central city","NO","3: Mother","NO","YES","NO","NO","YES","0: 0  CONDITION DOES NOT APPLY","ALWAYS WITH RIGHT HAND","ALWAYS WITH RIGHT HAND","ALWAYS WITH RIGHT HAND","ALWAYS WITH RIGHT HAND","ALWAYS WITH LEFT HAND","1: 1  CONDITION APPLIES","1: 1  CONDITION APPLIES","NO","MALE","FEMALE"
1982,64735,5,2,3,38000,5,180,1,1,3,2,2,3,2,2,1,2,1,6,5,6,1,1,31,19,"Male","Non-Black / Non-Hispanic","Northeast (CT, ME, MA, NH, NJ, NY, PA, RI, VT)","High school diploma (Regular 12 year program)","In CBSA, not in central city","NO","3: Mother","NO","NO","NO","NO","NO","0: 0  CONDITION DOES NOT APPLY","ALWAYS WITH RIGHT HAND","USUALLY WITH BOTH HANDS EQUALLY","ALWAYS WITH RIGHT HAND","ALWAYS WITH RIGHT HAND","USUALLY WITH LEFT HAND","1: 1  CONDITION APPLIES","1: 1  CONDITION APPLIES","NO","FEMALE","FEMALE"
1982,64735,4,1,1,33790,5,183,1,2,2,3,5,1,2,2,1,2,1,5,4,6,1,1,46,14,"Female","Black","South (AL, AR, DE, DC, FL, GA, KY, LA, MD, MS, NC, OK, SC, TN , TX, VA, WV)","High school diploma (Regular 12 year program)","In CBSA, not in central city","NO","3: Mother","NO","NO","NO","NO","YES","0: 0  CONDITION DOES NOT APPLY","ALWAYS WITH RIGHT HAND","ALWAYS WITH RIGHT HAND","ALWAYS WITH RIGHT HAND","ALWAYS WITH RIGHT HAND","ALWAYS WITH RIGHT HAND","1: 1  CONDITION APPLIES","1: 1  CONDITION APPLIES","NO","FEMALE","FEMALE"
1984,130996,2,1,2,33790,5,184,2,2,2,6,1,3,2,2,2,2,1,3,3,7,1,1,2,11,"Female","Black","South (AL, AR, DE, DC, FL, GA, KY, LA, MD, MS, NC, OK, SC, TN , TX, VA, WV)","High school diploma (Regular 12 year program)","Not in CBSA","YES","3: Mother","YES","NO","NO","NO","YES","0: 0  CONDITION DOES NOT APPLY","ALWAYS WITH RIGHT HAND","ALWAYS WITH RIGHT HAND","ALWAYS WITH RIGHT HAND","ALWAYS WITH RIGHT HAND","ALWAYS WITH LEFT HAND","1: 1  CONDITION APPLIES","1: 1  CONDITION APPLIES","NO","MALE","FEMALE"
1980,64735,3,0,3,33790,6,181,1,1,1,3,4,4,1,2,1,2,2,6,3,6,1,1,36,30,"Female","Black","South (AL, AR, DE, DC, FL, GA, KY, LA, MD, MS, NC, OK, SC, TN , TX, VA, WV)","Master's degree (MA, MS)","In CBSA, in central city","YES","3: Mother","NO","NO","NO","NO","YES","0: 0  CONDITION DOES NOT APPLY","ALWAYS WITH RIGHT HAND","ALWAYS WITH RIGHT HAND","ALWAYS WITH RIGHT HAND","ALWAYS WITH RIGHT HAND","ALWAYS WITH RIGHT HAND","1: 1  CONDITION APPLIES","1: 1  CONDITION APPLIES","NO","FEMALE","MALE"
1984,64735,4,0,2,33790,5,182,1,1,2,4,5,4,2,2,1,2,1,6,6,8,1,1,33,28,"Female","Non-Black / Non-Hispanic","South (AL, AR, DE, DC, FL, GA, KY, LA, MD, MS, NC, OK, SC, TN , TX, VA, WV)","High school diploma (Regular 12 year program)","In CBSA, not in central city","NO","3: Mother","YES","NO","NO","NO","YES","0: 0  CONDITION DOES NOT APPLY","ALWAYS WITH RIGHT HAND","ALWAYS WITH RIGHT HAND","ALWAYS WITH RIGHT HAND","ALWAYS WITH RIGHT HAND","ALWAYS WITH LEFT HAND","1: 1  CONDITION APPLIES","1: 1  CONDITION APPLIES","NO","FEMALE","MALE"
1983,64735,2,1,2,33790,5,183,1,1,1,4,4,2,2,2,1,2,1,8,2,6,1,1,33,25,"Male","Non-Black / Non-Hispanic","South (AL, AR, DE, DC, FL, GA, KY, LA, MD, MS, NC, OK, SC, TN , TX, VA, WV)","High school diploma (Regular 12 year program)","In CBSA, not in central city","NO","3: Mother","YES","NO","NO","NO","NO","0: 0  CONDITION DOES NOT APPLY","USUALLY WITH RIGHT HAND","ALWAYS WITH RIGHT HAND","USUALLY WITH RIGHT HAND","ALWAYS WITH RIGHT HAND","ALWAYS WITH LEFT HAND","1: 1  CONDITION APPLIES","1: 1  CONDITION APPLIES","NO","FEMALE","MALE"
1980,64735,3,0,2,33790,5,182,2,1,3,3,3,6,2,2,1,1,1,6,2,6,1,1,30,20,"Male","Non-Black / Non-Hispanic","North Central (IL, IN, IA, KS, MI, MN, MO, NE, OH, ND, SD, WI)","Master's degree (MA, MS)","In CBSA, in central city","YES","3: Mother","YES","NO","NO","NO","YES","0: 0  CONDITION DOES NOT APPLY","ALWAYS WITH RIGHT HAND","ALWAYS WITH RIGHT HAND","ALWAYS WITH RIGHT HAND","ALWAYS WITH RIGHT HAND","ALWAYS WITH LEFT HAND","1: 1  CONDITION APPLIES","1: 1  CONDITION APPLIES","NO","MALE","FEMALE"
1982,64735,5,1,1,33790,5,181,1,1,1,3,2,2,2,2,2,2,1,5,3,6,1,1,30,21,"Male","Black","South (AL, AR, DE, DC, FL, GA, KY, LA, MD, MS, NC, OK, SC, TN , TX, VA, WV)","High school diploma (Regular 12 year program)","In CBSA, not in central city","YES","3: Mother","NO","YES","NO","NO","YES","0: 0  CONDITION DOES NOT APPLY","ALWAYS WITH RIGHT HAND","ALWAYS WITH RIGHT HAND","USUALLY WITH BOTH HANDS EQUALLY","ALWAYS WITH RIGHT HAND","USUALLY WITH LEFT HAND","1: 1  CONDITION APPLIES","1: 1  CONDITION APPLIES","NO","FEMALE","FEMALE"
1982,64735,3,0,1,33790,5,183,2,1,1,4,2,1,2,1,1,2,1,6,2,7,1,1,28,8,"Male","Black","South (AL, AR, DE, DC, FL, GA, KY, LA, MD, MS, NC, OK, SC, TN , TX, VA, WV)","High school diploma (Regular 12 year program)","Not in CBSA","NO","3: Mother","YES","NO","NO","NO","NO","0: 0  CONDITION DOES NOT APPLY","ALWAYS WITH RIGHT HAND","ALWAYS WITH RIGHT HAND","ALWAYS WITH RIGHT HAND","ALWAYS WITH RIGHT HAND","USUALLY WITH BOTH HANDS EQUALLY","1: 1  CONDITION APPLIES","1: 1  CONDITION APPLIES","NO","MALE","MALE"
1987,64735,6,0,4,33790,5,178,1,1,1,3,3,4,2,2,1,2,1,1,1,7,1,1,34,22,"Female","Black","South (AL, AR, DE, DC, FL, GA, KY, LA, MD, MS, NC, OK, SC, TN , TX, VA, WV)","Bachelor's degree (BA, BS)","In CBSA, not in central city","NO","3: Mother","NO","YES","NO","NO","YES","0: 0  CONDITION DOES NOT APPLY","ALWAYS WITH RIGHT HAND","ALWAYS WITH RIGHT HAND","ALWAYS WITH RIGHT HAND","USUALLY WITH RIGHT HAND","USUALLY WITH RIGHT HAND","1: 1  CONDITION APPLIES","1: 1  CONDITION APPLIES","NO","FEMALE","FEMALE"
1980,64735,2,0,2,33790,5,181,1,1,3,4,4,4,2,2,2,2,1,6,2,9,1,1,28,23,"Male","Black","South (AL, AR, DE, DC, FL, GA, KY, LA, MD, MS, NC, OK, SC, TN , TX, VA, WV)","High school diploma (Regular 12 year program)","In CBSA, in central city","NO","3: Mother","YES","NO","NO","NO","YES","0: 0  CONDITION DOES NOT APPLY","ALWAYS WITH RIGHT HAND","USUALLY WITH RIGHT HAND","ALWAYS WITH RIGHT HAND","ALWAYS WITH RIGHT HAND","ALWAYS WITH LEFT HAND","1: 1  CONDITION APPLIES","1: 1  CONDITION APPLIES","NO","MALE","MALE"
1981,64735,1,0,3,33790,5,183,2,1,1,2,2,5,2,1,2,1,1,2,3,7,1,1,30,25,"Male","Black","South (AL, AR, DE, DC, FL, GA, KY, LA, MD, MS, NC, OK, SC, TN , TX, VA, WV)","None","In CBSA, not in central city","NO","3: Mother","NO","YES","NO","NO","YES","0: 0  CONDITION DOES NOT APPLY","ALWAYS WITH RIGHT HAND","ALWAYS WITH RIGHT HAND","ALWAYS WITH RIGHT HAND","ALWAYS WITH RIGHT HAND","ALWAYS WITH LEFT HAND","1: 1  CONDITION APPLIES","1: 1  CONDITION APPLIES","NO","FEMALE","MALE"
1981,64735,3,1,4,33790,5,183,2,1,2,2,3,2,1,2,1,1,1,3,3,6,1,1,25,2,"Male","Non-Black / Non-Hispanic","South (AL, AR, DE, DC, FL, GA, KY, LA, MD, MS, NC, OK, SC, TN , TX, VA, WV)","High school diploma (Regular 12 year program)","In CBSA, not in central city","NO","3: Mother","NO","NO","YES","NO","YES","0: 0  CONDITION DOES NOT APPLY","ALWAYS WITH RIGHT HAND","ALWAYS WITH RIGHT HAND","ALWAYS WITH RIGHT HAND","ALWAYS WITH RIGHT HAND","ALWAYS WITH LEFT HAND","1: 1  CONDITION APPLIES","1: 1  CONDITION APPLIES","NO","FEMALE","FEMALE"
1984,64735,5,0,1,33790,5,183,1,1,5,3,1,3,2,2,2,2,1,3,2,6,1,1,28,21,"Male","Black","North Central (IL, IN, IA, KS, MI, MN, MO, NE, OH, ND, SD, WI)","GED","In CBSA, not in central city","NO","3: Mother","NO","YES","NO","NO","YES","0: 0  CONDITION DOES NOT APPLY","ALWAYS WITH RIGHT HAND","ALWAYS WITH RIGHT HAND","ALWAYS WITH RIGHT HAND","ALWAYS WITH RIGHT HAND","ALWAYS WITH LEFT HAND","1: 1  CONDITION APPLIES","1: 1  CONDITION APPLIES","NO","FEMALE","FEMALE"
1983,64735,4,1,3,33790,5,181,2,1,3,2,2,5,1,2,2,1,2,2,1,8,1,1,32,21,"Male","Non-Black / Non-Hispanic","South (AL, AR, DE, DC, FL, GA, KY, LA, MD, MS, NC, OK, SC, TN , TX, VA, WV)","High school diploma (Regular 12 year program)","In CBSA, not in central city","NO","3: Mother","NO","NO","NO","NO","YES","0: 0  CONDITION DOES NOT APPLY","ALWAYS WITH RIGHT HAND","ALWAYS WITH RIGHT HAND","ALWAYS WITH RIGHT HAND","ALWAYS WITH RIGHT HAND","ALWAYS WITH LEFT HAND","1: 1  CONDITION APPLIES","1: 1  CONDITION APPLIES","NO","FEMALE","FEMALE"
1984,64735,5,1,4,33790,5,184,1,1,1,3,6,2,2,2,1,1,1,5,3,7,1,2,28,20,"Female","Black","West (AK, AZ, CA, CO, HI, ID, MT, NV, NM, OR, UT, WA, WY)","Bachelor's degree (BA, BS)","In CBSA, not in central city","NO","3: Mother","NO","YES","NO","NO","YES","0: 0  CONDITION DOES NOT APPLY","ALWAYS WITH RIGHT HAND","ALWAYS WITH RIGHT HAND","ALWAYS WITH LEFT HAND","ALWAYS WITH RIGHT HAND","ALWAYS WITH LEFT HAND","1: 1  CONDITION APPLIES","1: 1  CONDITION APPLIES","NO","FEMALE","FEMALE"
1981,21250,2,0,5,33790,5,184,2,1,1,4,2,2,1,2,1,2,1,6,3,7,1,1,34,23,"Male","Black","South (AL, AR, DE, DC, FL, GA, KY, LA, MD, MS, NC, OK, SC, TN , TX, VA, WV)","High school diploma (Regular 12 year program)","In CBSA, in central city","NO","3: Mother","NO","NO","NO","NO","NO","0: 0  CONDITION DOES NOT APPLY","ALWAYS WITH RIGHT HAND","ALWAYS WITH RIGHT HAND","USUALLY WITH RIGHT HAND","ALWAYS WITH RIGHT HAND","ALWAYS WITH LEFT HAND","1: 1  CONDITION APPLIES","1: 1  CONDITION APPLIES","NO","FEMALE","FEMALE"
1981,64735,3,1,6,33790,5,183,1,2,1,5,3,5,2,2,1,2,1,4,2,7,1,1,29,19,"Male","Black","South (AL, AR, DE, DC, FL, GA, KY, LA, MD, MS, NC, OK, SC, TN , TX, VA, WV)","High school diploma (Regular 12 year program)","In CBSA, not in central city","NO","3: Mother","YES","NO","NO","NO","NO","0: 0  CONDITION DOES NOT APPLY","ALWAYS WITH RIGHT HAND","ALWAYS WITH RIGHT HAND","USUALLY WITH BOTH HANDS EQUALLY","ALWAYS WITH RIGHT HAND","USUALLY WITH BOTH HANDS EQUALLY","1: 1  CONDITION APPLIES","1: 1  CONDITION APPLIES","NO","FEMALE","FEMALE"
1984,64735,5,1,2,33790,5,179,2,3,3,5,2,4,1,2,1,2,1,4,1,7,1,1,31,19,"Male","Hispanic","South (AL, AR, DE, DC, FL, GA, KY, LA, MD, MS, NC, OK, SC, TN , TX, VA, WV)","High school diploma (Regular 12 year program)","In CBSA, not in central city","NO","3: Mother","NO","YES","NO","NO","YES","0: 0  CONDITION DOES NOT APPLY","ALWAYS WITH RIGHT HAND","ALWAYS WITH RIGHT HAND","ALWAYS WITH RIGHT HAND","ALWAYS WITH RIGHT HAND","ALWAYS WITH LEFT HAND","1: 1  CONDITION APPLIES","1: 1  CONDITION APPLIES","YES","FEMALE","MALE"
1983,64735,3,1,1,4000,5,184,1,1,1,4,2,3,1,2,1,1,1,3,3,8,1,1,35,21,"Female","Black","South (AL, AR, DE, DC, FL, GA, KY, LA, MD, MS, NC, OK, SC, TN , TX, VA, WV)","None","In CBSA, not in central city","YES","3: Mother","YES","NO","NO","NO","YES","0: 0  CONDITION DOES NOT APPLY","ALWAYS WITH RIGHT HAND","ALWAYS WITH RIGHT HAND","ALWAYS WITH RIGHT HAND","ALWAYS WITH RIGHT HAND","ALWAYS WITH LEFT HAND","1: 1  CONDITION APPLIES","1: 1  CONDITION APPLIES","NO","MALE","MALE"
1982,33000,1,1,2,33790,5,183,1,1,1,5,1,3,2,2,1,1,1,4,2,7,1,1,30,21,"Female","Black","South (AL, AR, DE, DC, FL, GA, KY, LA, MD, MS, NC, OK, SC, TN , TX, VA, WV)","Bachelor's degree (BA, BS)","In CBSA, not in central city","NO","3: Mother","YES","NO","YES","NO","YES","0: 0  CONDITION DOES NOT APPLY","USUALLY WITH RIGHT HAND","ALWAYS WITH RIGHT HAND","ALWAYS WITH RIGHT HAND","ALWAYS WITH RIGHT HAND","ALWAYS WITH LEFT HAND","1: 1  CONDITION APPLIES","1: 1  CONDITION APPLIES","NO","FEMALE","FEMALE"
1982,7500,3,1,3,33790,5,183,1,2,1,3,4,4,2,2,1,1,1,1,2,6,1,1,31,19,"Female","Non-Black / Non-Hispanic","South (AL, AR, DE, DC, FL, GA, KY, LA, MD, MS, NC, OK, SC, TN , TX, VA, WV)","High school diploma (Regular 12 year program)","In CBSA, in central city","NO","3: Mother","NO","YES","NO","NO","YES","0: 0  CONDITION DOES NOT APPLY","ALWAYS WITH RIGHT HAND","ALWAYS WITH RIGHT HAND","ALWAYS WITH RIGHT HAND","ALWAYS WITH RIGHT HAND","ALWAYS WITH LEFT HAND","1: 1  CONDITION APPLIES","1: 1  CONDITION APPLIES","NO","FEMALE","MALE"
1981,64735,5,1,2,33790,5,181,1,1,1,1,2,5,1,2,2,2,1,6,3,8,1,1,35,24,"Male","Non-Black / Non-Hispanic","South (AL, AR, DE, DC, FL, GA, KY, LA, MD, MS, NC, OK, SC, TN , TX, VA, WV)","Professional degree (DDS, JD, MD)","In CBSA, not in central city","NO","3: Mother","YES","NO","NO","NO","YES","0: 0  CONDITION DOES NOT APPLY","ALWAYS WITH RIGHT HAND","ALWAYS WITH RIGHT HAND","ALWAYS WITH RIGHT HAND","ALWAYS WITH RIGHT HAND","ALWAYS WITH LEFT HAND","1: 1  CONDITION APPLIES","1: 1  CONDITION APPLIES","NO","FEMALE","MALE"
1983,64735,5,1,2,33790,5,181,1,2,3,3,2,5,2,2,2,2,2,4,2,6,1,1,29,10,"Female","Black","South (AL, AR, DE, DC, FL, GA, KY, LA, MD, MS, NC, OK, SC, TN , TX, VA, WV)","High school diploma (Regular 12 year program)","In CBSA, not in central city","NO","3: Mother","YES","YES","NO","NO","YES","0: 0  CONDITION DOES NOT APPLY","ALWAYS WITH RIGHT HAND","ALWAYS WITH RIGHT HAND","ALWAYS WITH RIGHT HAND","ALWAYS WITH RIGHT HAND","ALWAYS WITH LEFT HAND","1: 1  CONDITION APPLIES","0: 0  CONDITION DOES NOT APPLY","NO","FEMALE","FEMALE"
1982,64735,3,0,2,12000,5,182,2,2,2,4,2,3,2,2,2,2,1,6,2,8,1,1,30,21,"Female","Non-Black / Non-Hispanic","South (AL, AR, DE, DC, FL, GA, KY, LA, MD, MS, NC, OK, SC, TN , TX, VA, WV)","Bachelor's degree (BA, BS)","In CBSA, not in central city","NO","3: Mother","YES","NO","NO","NO","YES","0: 0  CONDITION DOES NOT APPLY","ALWAYS WITH RIGHT HAND","ALWAYS WITH RIGHT HAND","ALWAYS WITH RIGHT HAND","ALWAYS WITH RIGHT HAND","ALWAYS WITH LEFT HAND","1: 1  CONDITION APPLIES","1: 1  CONDITION APPLIES","NO","FEMALE","MALE"
1984,64735,1,0,2,50000,5,150,1,1,1,3,4,6,2,2,1,2,2,4,2,7,1,1,32,20,"Female","Black","South (AL, AR, DE, DC, FL, GA, KY, LA, MD, MS, NC, OK, SC, TN , TX, VA, WV)","High school diploma (Regular 12 year program)","In CBSA, not in central city","NO","3: Mother","NO","NO","NO","NO","YES","0: 0  CONDITION DOES NOT APPLY","ALWAYS WITH RIGHT HAND","ALWAYS WITH RIGHT HAND","ALWAYS WITH RIGHT HAND","ALWAYS WITH RIGHT HAND","ALWAYS WITH LEFT HAND","1: 1  CONDITION APPLIES","1: 1  CONDITION APPLIES","NO","MALE","MALE"
1981,64735,2,1,2,33790,5,180,1,1,4,4,2,5,2,2,1,2,1,6,3,7,1,1,24,14,"Female","Black","South (AL, AR, DE, DC, FL, GA, KY, LA, MD, MS, NC, OK, SC, TN , TX, VA, WV)","High school diploma (Regular 12 year program)","In CBSA, in central city","NO","3: Mother","NO","NO","NO","NO","NO","0: 0  CONDITION DOES NOT APPLY","ALWAYS WITH RIGHT HAND","ALWAYS WITH RIGHT HAND","DON'T DO THIS ACTIVITY","USUALLY WITH RIGHT HAND","ALWAYS WITH RIGHT HAND","1: 1  CONDITION APPLIES","1: 1  CONDITION APPLIES","NO","FEMALE","FEMALE"
1982,64735,5,1,1,33790,5,182,1,1,2,5,2,5,1,2,1,1,1,5,2,6,1,1,31,26,"Female","Non-Black / Non-Hispanic","South (AL, AR, DE, DC, FL, GA, KY, LA, MD, MS, NC, OK, SC, TN , TX, VA, WV)","High school diploma (Regular 12 year program)","In CBSA, in central city","NO","3: Mother","NO","YES","NO","NO","YES","0: 0  CONDITION DOES NOT APPLY","DON'T DO THIS ACTIVITY","ALWAYS WITH RIGHT HAND","DON'T DO THIS ACTIVITY","ALWAYS WITH RIGHT HAND","ALWAYS WITH LEFT HAND","1: 1  CONDITION APPLIES","1: 1  CONDITION APPLIES","NO","FEMALE","FEMALE"
1982,64735,2,0,2,33790,5,180,1,1,2,4,4,4,2,2,1,2,1,6,3,6,1,1,26,0,"Female","Black","South (AL, AR, DE, DC, FL, GA, KY, LA, MD, MS, NC, OK, SC, TN , TX, VA, WV)","High school diploma (Regular 12 year program)","In CBSA, in central city","NO","3: Mother","NO","NO","NO","NO","YES","0: 0  CONDITION DOES NOT APPLY","ALWAYS WITH RIGHT HAND","ALWAYS WITH RIGHT HAND","ALWAYS WITH RIGHT HAND","ALWAYS WITH RIGHT HAND","ALWAYS WITH LEFT HAND","1: 1  CONDITION APPLIES","1: 1  CONDITION APPLIES","NO","MALE","MALE"
1983,64735,3,1,4,33790,6,182,1,1,1,4,2,6,1,2,1,1,1,7,4,5,1,1,27,18,"Female","Black","South (AL, AR, DE, DC, FL, GA, KY, LA, MD, MS, NC, OK, SC, TN , TX, VA, WV)","Bachelor's degree (BA, BS)","In CBSA, not in central city","NO","3: Mother","YES","YES","NO","NO","YES","0: 0  CONDITION DOES NOT APPLY","ALWAYS WITH RIGHT HAND","ALWAYS WITH RIGHT HAND","ALWAYS WITH RIGHT HAND","ALWAYS WITH RIGHT HAND","ALWAYS WITH LEFT HAND","1: 1  CONDITION APPLIES","1: 1  CONDITION APPLIES","NO","FEMALE","MALE"
1982,0,2,1,2,33790,5,182,1,2,4,6,3,4,1,2,2,2,1,5,1,10,1,1,20,7,"Female","Black","South (AL, AR, DE, DC, FL, GA, KY, LA, MD, MS, NC, OK, SC, TN , TX, VA, WV)","High school diploma (Regular 12 year program)","In CBSA, not in central city","NO","3: Mother","YES","NO","NO","NO","NO","0: 0  CONDITION DOES NOT APPLY","ALWAYS WITH RIGHT HAND","ALWAYS WITH RIGHT HAND","USUALLY WITH BOTH HANDS EQUALLY","ALWAYS WITH RIGHT HAND","ALWAYS WITH LEFT HAND","1: 1  CONDITION APPLIES","1: 1  CONDITION APPLIES","NO","FEMALE","MALE"
1983,49000,3,0,2,33790,5,184,1,2,3,2,4,3,2,2,2,2,1,3,4,7,1,1,28,22,"Female","Black","West (AK, AZ, CA, CO, HI, ID, MT, NV, NM, OR, UT, WA, WY)","Bachelor's degree (BA, BS)","In CBSA, in central city","NO","3: Mother","NO","YES","YES","NO","NO","0: 0  CONDITION DOES NOT APPLY","ALWAYS WITH LEFT HAND","ALWAYS WITH RIGHT HAND","ALWAYS WITH RIGHT HAND","ALWAYS WITH RIGHT HAND","ALWAYS WITH LEFT HAND","1: 1  CONDITION APPLIES","1: 1  CONDITION APPLIES","NO","FEMALE","MALE"
1982,64735,4,0,1,33790,5,181,1,2,2,3,2,3,2,2,2,2,1,3,5,7,1,1,35,20,"Female","Non-Black / Non-Hispanic","South (AL, AR, DE, DC, FL, GA, KY, LA, MD, MS, NC, OK, SC, TN , TX, VA, WV)","High school diploma (Regular 12 year program)","In CBSA, not in central city","NO","3: Mother","NO","YES","NO","NO","YES","0: 0  CONDITION DOES NOT APPLY","ALWAYS WITH RIGHT HAND","ALWAYS WITH RIGHT HAND","ALWAYS WITH RIGHT HAND","ALWAYS WITH RIGHT HAND","USUALLY WITH RIGHT HAND","1: 1  CONDITION APPLIES","1: 1  CONDITION APPLIES","NO","FEMALE","MALE"
1984,64735,4,2,3,33790,5,184,1,2,3,4,1,1,2,2,2,1,1,2,1,7,1,1,25,3,"Male","Non-Black / Non-Hispanic","South (AL, AR, DE, DC, FL, GA, KY, LA, MD, MS, NC, OK, SC, TN , TX, VA, WV)","High school diploma (Regular 12 year program)","In CBSA, in central city","NO","3: Mother","YES","NO","NO","NO","YES","0: 0  CONDITION DOES NOT APPLY","ALWAYS WITH RIGHT HAND","ALWAYS WITH RIGHT HAND","ALWAYS WITH RIGHT HAND","USUALLY WITH RIGHT HAND","USUALLY WITH LEFT HAND","1: 1  CONDITION APPLIES","1: 1  CONDITION APPLIES","NO","FEMALE","FEMALE"
1980,11250,3,1,1,33790,5,184,1,2,8,4,3,5,2,1,1,1,2,6,1,5,1,1,32,19,"Female","Non-Black / Non-Hispanic","South (AL, AR, DE, DC, FL, GA, KY, LA, MD, MS, NC, OK, SC, TN , TX, VA, WV)","High school diploma (Regular 12 year program)","In CBSA, not in central city","NO","3: Mother","YES","NO","NO","NO","YES","0: 0  CONDITION DOES NOT APPLY","ALWAYS WITH RIGHT HAND","ALWAYS WITH RIGHT HAND","ALWAYS WITH RIGHT HAND","ALWAYS WITH RIGHT HAND","USUALLY WITH LEFT HAND","1: 1  CONDITION APPLIES","1: 1  CONDITION APPLIES","NO","FEMALE","MALE"
1980,64735,4,1,2,33790,5,183,1,2,2,3,2,2,2,2,1,2,1,1,3,7,1,1,28,22,"Female","Black","North Central (IL, IN, IA, KS, MI, MN, MO, NE, OH, ND, SD, WI)","None","In CBSA, not in central city","NO","3: Mother","NO","YES","NO","NO","YES","0: 0  CONDITION DOES NOT APPLY","ALWAYS WITH RIGHT HAND","ALWAYS WITH RIGHT HAND","ALWAYS WITH RIGHT HAND","ALWAYS WITH RIGHT HAND","ALWAYS WITH LEFT HAND","0: 0  CONDITION DOES NOT APPLY","0: 0  CONDITION DOES NOT APPLY","NO","MALE","MALE"
1982,64735,4,0,1,33790,5,183,1,1,3,3,5,3,2,2,1,2,1,3,1,7,1,1,32,25,"Male","Non-Black / Non-Hispanic","Northeast (CT, ME, MA, NH, NJ, NY, PA, RI, VT)","High school diploma (Regular 12 year program)","In CBSA, not in central city","YES","3: Mother","NO","NO","NO","NO","YES","0: 0  CONDITION DOES NOT APPLY","ALWAYS WITH RIGHT HAND","ALWAYS WITH RIGHT HAND","ALWAYS WITH RIGHT HAND","ALWAYS WITH RIGHT HAND","ALWAYS WITH LEFT HAND","1: 1  CONDITION APPLIES","1: 1  CONDITION APPLIES","NO","FEMALE","MALE"
1984,64735,5,1,1,33790,5,128,1,2,3,3,5,2,2,2,2,2,2,4,3,6,1,1,30,19,"Male","Non-Black / Non-Hispanic","West (AK, AZ, CA, CO, HI, ID, MT, NV, NM, OR, UT, WA, WY)","GED","In CBSA, not in central city","NO","3: Mother","YES","NO","NO","NO","YES","0: 0  CONDITION DOES NOT APPLY","ALWAYS WITH RIGHT HAND","ALWAYS WITH RIGHT HAND","ALWAYS WITH RIGHT HAND","ALWAYS WITH RIGHT HAND","ALWAYS WITH LEFT HAND","1: 1  CONDITION APPLIES","1: 1  CONDITION APPLIES","NO","FEMALE","MALE"
1983,26250,3,1,4,33790,5,182,1,1,2,4,4,3,2,2,2,1,1,6,5,7,1,1,29,19,"Female","Black","North Central (IL, IN, IA, KS, MI, MN, MO, NE, OH, ND, SD, WI)","Master's degree (MA, MS)","In CBSA, not in central city","NO","3: Mother","YES","NO","NO","NO","YES","0: 0  CONDITION DOES NOT APPLY","ALWAYS WITH RIGHT HAND","ALWAYS WITH RIGHT HAND","ALWAYS WITH RIGHT HAND","ALWAYS WITH RIGHT HAND","ALWAYS WITH LEFT HAND","1: 1  CONDITION APPLIES","1: 1  CONDITION APPLIES","NO","FEMALE","FEMALE"
1985,64735,5,1,1,33790,5,177,1,1,1,2,3,3,2,1,2,2,1,2,1,8,1,1,34,25,"Male","Non-Black / Non-Hispanic","Northeast (CT, ME, MA, NH, NJ, NY, PA, RI, VT)","GED","In CBSA, in central city","NO","3: Mother","NO","YES","NO","NO","YES","0: 0  CONDITION DOES NOT APPLY","ALWAYS WITH RIGHT HAND","ALWAYS WITH RIGHT HAND","ALWAYS WITH RIGHT HAND","ALWAYS WITH RIGHT HAND","ALWAYS WITH LEFT HAND","1: 1  CONDITION APPLIES","1: 1  CONDITION APPLIES","NO","FEMALE","MALE"
1984,64735,4,1,1,33790,5,181,1,2,1,4,4,3,2,2,1,1,1,4,2,6,1,1,27,18,"Female","Black","North Central (IL, IN, IA, KS, MI, MN, MO, NE, OH, ND, SD, WI)","Associate/Junior college (AA)","In CBSA, not in central city","NO","3: Mother","NO","NO","NO","NO","YES","0: 0  CONDITION DOES NOT APPLY","ALWAYS WITH RIGHT HAND","ALWAYS WITH RIGHT HAND","ALWAYS WITH RIGHT HAND","ALWAYS WITH RIGHT HAND","ALWAYS WITH LEFT HAND","1: 1  CONDITION APPLIES","1: 1  CONDITION APPLIES","NO","MALE","MALE"
1983,64735,8,2,3,33790,5,169,1,2,3,4,3,2,2,2,2,2,2,6,5,6,1,1,26,11,"Male","Hispanic","South (AL, AR, DE, DC, FL, GA, KY, LA, MD, MS, NC, OK, SC, TN , TX, VA, WV)","High school diploma (Regular 12 year program)","In CBSA, not in central city","NO","3: Mother","YES","NO","NO","NO","YES","0: 0  CONDITION DOES NOT APPLY","ALWAYS WITH RIGHT HAND","ALWAYS WITH RIGHT HAND","ALWAYS WITH RIGHT HAND","ALWAYS WITH RIGHT HAND","ALWAYS WITH LEFT HAND","0: 0  CONDITION DOES NOT APPLY","1: 1  CONDITION APPLIES","NO","FEMALE","FEMALE"
1981,64735,3,0,2,33790,5,182,2,1,5,3,3,5,2,2,2,2,2,3,4,5,1,1,29,18,"Female","Black","South (AL, AR, DE, DC, FL, GA, KY, LA, MD, MS, NC, OK, SC, TN , TX, VA, WV)","Master's degree (MA, MS)","In CBSA, not in central city","NO","3: Mother","NO","NO","NO","NO","YES","0: 0  CONDITION DOES NOT APPLY","ALWAYS WITH RIGHT HAND","ALWAYS WITH RIGHT HAND","ALWAYS WITH RIGHT HAND","ALWAYS WITH RIGHT HAND","ALWAYS WITH LEFT HAND","1: 1  CONDITION APPLIES","1: 1  CONDITION APPLIES","NO","FEMALE","MALE"
1981,64735,3,1,4,33790,5,182,1,1,5,4,1,3,2,2,1,1,1,6,2,6,1,1,30,20,"Female","Non-Black / Non-Hispanic","North Central (IL, IN, IA, KS, MI, MN, MO, NE, OH, ND, SD, WI)","GED","In CBSA, in central city","NO","3: Mother","NO","NO","NO","NO","YES","0: 0  CONDITION DOES NOT APPLY","DON'T DO THIS ACTIVITY","DON'T DO THIS ACTIVITY","DON'T DO THIS ACTIVITY","ALWAYS WITH RIGHT HAND","ALWAYS WITH LEFT HAND","1: 1  CONDITION APPLIES","1: 1  CONDITION APPLIES","NO","FEMALE","MALE"
1980,64735,3,1,1,33790,5,184,1,1,5,3,3,3,2,1,1,1,1,6,2,6,1,1,31,21,"Female","Non-Black / Non-Hispanic","South (AL, AR, DE, DC, FL, GA, KY, LA, MD, MS, NC, OK, SC, TN , TX, VA, WV)","Bachelor's degree (BA, BS)","In CBSA, not in central city","NO","3: Mother","YES","NO","NO","NO","NO","0: 0  CONDITION DOES NOT APPLY","ALWAYS WITH RIGHT HAND","ALWAYS WITH RIGHT HAND","ALWAYS WITH RIGHT HAND","ALWAYS WITH RIGHT HAND","ALWAYS WITH LEFT HAND","1: 1  CONDITION APPLIES","1: 1  CONDITION APPLIES","NO","MALE","MALE"
1982,7500,6,1,2,33790,5,182,1,2,2,3,2,3,2,1,1,2,2,4,5,4,1,1,54,23,"Male","Non-Black / Non-Hispanic","South (AL, AR, DE, DC, FL, GA, KY, LA, MD, MS, NC, OK, SC, TN , TX, VA, WV)","GED","In CBSA, in central city","YES","3: Mother","NO","NO","NO","NO","YES","0: 0  CONDITION DOES NOT APPLY","ALWAYS WITH RIGHT HAND","ALWAYS WITH RIGHT HAND","USUALLY WITH RIGHT HAND","ALWAYS WITH RIGHT HAND","USUALLY WITH LEFT HAND","1: 1  CONDITION APPLIES","1: 1  CONDITION APPLIES","NO","FEMALE","FEMALE"
1980,64735,4,1,1,33790,5,185,1,2,1,4,3,4,2,1,2,1,1,6,2,4,1,1,39,20,"Female","Hispanic","West (AK, AZ, CA, CO, HI, ID, MT, NV, NM, OR, UT, WA, WY)","None","In CBSA, not in central city","NO","3: Mother","YES","NO","NO","NO","YES","0: 0  CONDITION DOES NOT APPLY","ALWAYS WITH RIGHT HAND","ALWAYS WITH RIGHT HAND","USUALLY WITH BOTH HANDS EQUALLY","ALWAYS WITH RIGHT HAND","ALWAYS WITH LEFT HAND","1: 1  CONDITION APPLIES","1: 1  CONDITION APPLIES","YES","FEMALE","FEMALE"
1980,64735,3,1,3,30000,5,186,1,1,4,5,2,2,2,2,1,2,1,5,4,7,1,1,31,25,"Male","Black","South (AL, AR, DE, DC, FL, GA, KY, LA, MD, MS, NC, OK, SC, TN , TX, VA, WV)","High school diploma (Regular 12 year program)","In CBSA, not in central city","NO","3: Mother","NO","NO","NO","NO","YES","0: 0  CONDITION DOES NOT APPLY","ALWAYS WITH RIGHT HAND","USUALLY WITH RIGHT HAND","USUALLY WITH BOTH HANDS EQUALLY","ALWAYS WITH RIGHT HAND","ALWAYS WITH LEFT HAND","1: 1  CONDITION APPLIES","1: 1  CONDITION APPLIES","NO","MALE","MALE"
1982,64735,4,0,2,33790,5,184,1,1,3,2,6,3,2,2,1,2,1,6,2,7,1,3,36,54,"Male","Hispanic","South (AL, AR, DE, DC, FL, GA, KY, LA, MD, MS, NC, OK, SC, TN , TX, VA, WV)","High school diploma (Regular 12 year program)","In CBSA, not in central city","YES","3: Mother","NO","YES","NO","NO","YES","0: 0  CONDITION DOES NOT APPLY","ALWAYS WITH RIGHT HAND","ALWAYS WITH RIGHT HAND","ALWAYS WITH RIGHT HAND","ALWAYS WITH RIGHT HAND","ALWAYS WITH LEFT HAND","1: 1  CONDITION APPLIES","1: 1  CONDITION APPLIES","NO","FEMALE","MALE"
1980,64735,2,1,2,33790,5,204,1,1,3,3,3,4,2,2,2,2,1,7,2,7,3,2,28,19,"Female","Black","South (AL, AR, DE, DC, FL, GA, KY, LA, MD, MS, NC, OK, SC, TN , TX, VA, WV)","High school diploma (Regular 12 year program)","In CBSA, in central city","NO","3: Mother","NO","YES","NO","NO","YES","0: 0  CONDITION DOES NOT APPLY","ALWAYS WITH RIGHT HAND","ALWAYS WITH RIGHT HAND","ALWAYS WITH RIGHT HAND","ALWAYS WITH RIGHT HAND","ALWAYS WITH LEFT HAND","1: 1  CONDITION APPLIES","0: 0  CONDITION DOES NOT APPLY","NO","FEMALE","FEMALE"
1983,64735,1,1,1,33790,5,250,1,2,4,5,3,2,2,2,1,2,2,6,1,6,1,1,33,23,"Male","Black","South (AL, AR, DE, DC, FL, GA, KY, LA, MD, MS, NC, OK, SC, TN , TX, VA, WV)","High school diploma (Regular 12 year program)","In CBSA, in central city","NO","3: Mother","YES","NO","YES","NO","YES","0: 0  CONDITION DOES NOT APPLY","ALWAYS WITH RIGHT HAND","ALWAYS WITH RIGHT HAND","ALWAYS WITH RIGHT HAND","ALWAYS WITH RIGHT HAND","ALWAYS WITH LEFT HAND","1: 1  CONDITION APPLIES","1: 1  CONDITION APPLIES","NO","MALE","FEMALE"
1983,64735,3,0,4,33790,5,184,1,2,3,3,1,2,2,2,2,2,2,4,3,7,1,1,33,19,"Female","Non-Black / Non-Hispanic","South (AL, AR, DE, DC, FL, GA, KY, LA, MD, MS, NC, OK, SC, TN , TX, VA, WV)","High school diploma (Regular 12 year program)","In CBSA, not in central city","NO","3: Mother","YES","NO","NO","NO","YES","0: 0  CONDITION DOES NOT APPLY","ALWAYS WITH RIGHT HAND","ALWAYS WITH RIGHT HAND","ALWAYS WITH RIGHT HAND","ALWAYS WITH RIGHT HAND","USUALLY WITH LEFT HAND","1: 1  CONDITION APPLIES","1: 1  CONDITION APPLIES","NO","FEMALE","MALE"
1985,64735,5,0,2,33790,5,135,2,2,2,3,2,4,2,2,2,1,1,1,2,6,1,1,34,23,"Female","Black","South (AL, AR, DE, DC, FL, GA, KY, LA, MD, MS, NC, OK, SC, TN , TX, VA, WV)","None","In CBSA, not in central city","NO","3: Mother","YES","YES","YES","NO","YES","0: 0  CONDITION DOES NOT APPLY","ALWAYS WITH RIGHT HAND","USUALLY WITH RIGHT HAND","DON'T DO THIS ACTIVITY","USUALLY WITH LEFT HAND","USUALLY WITH RIGHT HAND","1: 1  CONDITION APPLIES","1: 1  CONDITION APPLIES","NO","FEMALE","MALE"
1981,64735,3,1,3,33790,5,185,1,2,3,4,3,5,1,2,1,2,1,2,2,6,1,1,21,3,"Female","Black","North Central (IL, IN, IA, KS, MI, MN, MO, NE, OH, ND, SD, WI)","High school diploma (Regular 12 year program)","Not in CBSA","NO","3: Mother","NO","YES","NO","NO","YES","0: 0  CONDITION DOES NOT APPLY","ALWAYS WITH LEFT HAND","ALWAYS WITH RIGHT HAND","ALWAYS WITH LEFT HAND","ALWAYS WITH LEFT HAND","ALWAYS WITH LEFT HAND","1: 1  CONDITION APPLIES","1: 1  CONDITION APPLIES","NO","FEMALE","MALE"
1980,64735,5,1,1,2400,6,181,1,1,2,3,2,5,2,2,2,2,2,4,4,6,1,1,49,26,"Male","Non-Black / Non-Hispanic","North Central (IL, IN, IA, KS, MI, MN, MO, NE, OH, ND, SD, WI)","None","In CBSA, not in central city","YES","3: Mother","NO","YES","NO","NO","YES","0: 0  CONDITION DOES NOT APPLY","ALWAYS WITH RIGHT HAND","ALWAYS WITH RIGHT HAND","ALWAYS WITH RIGHT HAND","ALWAYS WITH RIGHT HAND","ALWAYS WITH LEFT HAND","1: 1  CONDITION APPLIES","1: 1  CONDITION APPLIES","NO","FEMALE","FEMALE"
1983,64735,2,0,2,33790,5,155,1,1,6,3,5,2,2,2,1,2,1,1,2,8,1,1,28,25,"Male","Black","West (AK, AZ, CA, CO, HI, ID, MT, NV, NM, OR, UT, WA, WY)","None","In CBSA, in central city","NO","3: Mother","YES","YES","YES","NO","NO","0: 0  CONDITION DOES NOT APPLY","ALWAYS WITH RIGHT HAND","USUALLY WITH RIGHT HAND","ALWAYS WITH RIGHT HAND","ALWAYS WITH RIGHT HAND","ALWAYS WITH RIGHT HAND","1: 1  CONDITION APPLIES","1: 1  CONDITION APPLIES","NO","MALE","MALE"
1982,64735,2,0,1,33790,5,123,1,1,1,2,2,5,2,2,1,2,1,6,2,7,1,1,31,26,"Female","Black","South (AL, AR, DE, DC, FL, GA, KY, LA, MD, MS, NC, OK, SC, TN , TX, VA, WV)","Bachelor's degree (BA, BS)","In CBSA, not in central city","NO","3: Mother","YES","NO","NO","NO","YES","0: 0  CONDITION DOES NOT APPLY","ALWAYS WITH RIGHT HAND","ALWAYS WITH RIGHT HAND","ALWAYS WITH RIGHT HAND","ALWAYS WITH RIGHT HAND","ALWAYS WITH LEFT HAND","1: 1  CONDITION APPLIES","1: 1  CONDITION APPLIES","NO","FEMALE","MALE"
1981,64735,4,0,2,33790,5,182,1,2,2,2,2,5,2,2,2,2,1,6,2,7,1,1,30,20,"Female","Non-Black / Non-Hispanic","North Central (IL, IN, IA, KS, MI, MN, MO, NE, OH, ND, SD, WI)","Master's degree (MA, MS)","In CBSA, not in central city","NO","3: Mother","NO","NO","NO","NO","YES","0: 0  CONDITION DOES NOT APPLY","ALWAYS WITH RIGHT HAND","ALWAYS WITH RIGHT HAND","ALWAYS WITH RIGHT HAND","ALWAYS WITH RIGHT HAND","ALWAYS WITH LEFT HAND","1: 1  CONDITION APPLIES","1: 1  CONDITION APPLIES","NO","FEMALE","MALE"
1983,64735,3,1,6,33790,5,184,2,2,2,1,2,5,2,2,2,2,1,3,7,6,1,1,30,9,"Female","Black","South (AL, AR, DE, DC, FL, GA, KY, LA, MD, MS, NC, OK, SC, TN , TX, VA, WV)","None","In CBSA, in central city","NO","3: Mother","NO","NO","NO","NO","YES","0: 0  CONDITION DOES NOT APPLY","ALWAYS WITH RIGHT HAND","ALWAYS WITH RIGHT HAND","ALWAYS WITH RIGHT HAND","ALWAYS WITH RIGHT HAND","ALWAYS WITH LEFT HAND","1: 1  CONDITION APPLIES","1: 1  CONDITION APPLIES","NO","FEMALE","FEMALE"
1981,64735,3,2,3,14000,5,140,1,1,1,3,3,7,2,1,1,1,1,6,2,6,1,1,30,18,"Male","Hispanic","Northeast (CT, ME, MA, NH, NJ, NY, PA, RI, VT)","Associate/Junior college (AA)","In CBSA, in central city","NO","3: Mother","NO","YES","NO","NO","YES","0: 0  CONDITION DOES NOT APPLY","ALWAYS WITH RIGHT HAND","USUALLY WITH BOTH HANDS EQUALLY","ALWAYS WITH RIGHT HAND","ALWAYS WITH RIGHT HAND","ALWAYS WITH RIGHT HAND","1: 1  CONDITION APPLIES","1: 1  CONDITION APPLIES","NO","MALE","FEMALE"
1981,64735,3,1,2,33790,5,182,2,1,4,7,4,5,2,2,1,2,1,3,2,6,1,1,28,19,"Male","Non-Black / Non-Hispanic","North Central (IL, IN, IA, KS, MI, MN, MO, NE, OH, ND, SD, WI)","High school diploma (Regular 12 year program)","In CBSA, not in central city","NO","3: Mother","YES","YES","NO","NO","YES","0: 0  CONDITION DOES NOT APPLY","ALWAYS WITH RIGHT HAND","ALWAYS WITH RIGHT HAND","ALWAYS WITH RIGHT HAND","ALWAYS WITH LEFT HAND","ALWAYS WITH LEFT HAND","0: 0  CONDITION DOES NOT APPLY","1: 1  CONDITION APPLIES","NO","MALE","MALE"
1982,64735,4,1,1,3000,5,183,1,1,3,5,2,5,2,2,1,2,1,7,2,6,1,1,34,22,"Female","Non-Black / Non-Hispanic","South (AL, AR, DE, DC, FL, GA, KY, LA, MD, MS, NC, OK, SC, TN , TX, VA, WV)","High school diploma (Regular 12 year program)","In CBSA, not in central city","NO","3: Mother","NO","YES","NO","NO","YES","0: 0  CONDITION DOES NOT APPLY","ALWAYS WITH RIGHT HAND","ALWAYS WITH RIGHT HAND","ALWAYS WITH RIGHT HAND","ALWAYS WITH RIGHT HAND","ALWAYS WITH LEFT HAND","1: 1  CONDITION APPLIES","1: 1  CONDITION APPLIES","NO","MALE","FEMALE"
1981,16500,4,1,1,33790,5,183,1,1,2,4,3,3,2,2,1,1,2,7,2,7,1,1,26,22,"Male","Non-Black / Non-Hispanic","West (AK, AZ, CA, CO, HI, ID, MT, NV, NM, OR, UT, WA, WY)","Master's degree (MA, MS)","In CBSA, not in central city","NO","3: Mother","YES","NO","YES","NO","YES","0: 0  CONDITION DOES NOT APPLY","ALWAYS WITH RIGHT HAND","ALWAYS WITH RIGHT HAND","ALWAYS WITH RIGHT HAND","ALWAYS WITH RIGHT HAND","ALWAYS WITH LEFT HAND","1: 1  CONDITION APPLIES","1: 1  CONDITION APPLIES","NO","FEMALE","MALE"
1985,64735,4,1,3,33790,5,181,1,2,3,5,5,6,2,1,1,1,2,5,2,6,1,1,29,5,"Male","Hispanic","South (AL, AR, DE, DC, FL, GA, KY, LA, MD, MS, NC, OK, SC, TN , TX, VA, WV)","High school diploma (Regular 12 year program)","In CBSA, in central city","NO","3: Mother","YES","NO","NO","NO","YES","0: 0  CONDITION DOES NOT APPLY","ALWAYS WITH RIGHT HAND","ALWAYS WITH RIGHT HAND","ALWAYS WITH RIGHT HAND","ALWAYS WITH RIGHT HAND","ALWAYS WITH LEFT HAND","1: 1  CONDITION APPLIES","1: 1  CONDITION APPLIES","NO","MALE","FEMALE"
1983,64735,2,0,1,33790,5,183,1,1,3,4,1,1,1,2,1,2,2,5,2,5,1,1,33,18,"Male","Hispanic","West (AK, AZ, CA, CO, HI, ID, MT, NV, NM, OR, UT, WA, WY)","None","In CBSA, not in central city","NO","3: Mother","YES","NO","NO","NO","YES","0: 0  CONDITION DOES NOT APPLY","ALWAYS WITH RIGHT HAND","ALWAYS WITH RIGHT HAND","ALWAYS WITH RIGHT HAND","ALWAYS WITH RIGHT HAND","USUALLY WITH BOTH HANDS EQUALLY","1: 1  CONDITION APPLIES","0: 0  CONDITION DOES NOT APPLY","NO","MALE","MALE"
1984,64735,5,2,1,33790,5,181,1,1,2,4,2,2,2,2,1,2,1,6,2,7,1,1,28,15,"Female","Black","Northeast (CT, ME, MA, NH, NJ, NY, PA, RI, VT)","Bachelor's degree (BA, BS)","In CBSA, in central city","NO","3: Mother","YES","YES","NO","NO","YES","0: 0  CONDITION DOES NOT APPLY","ALWAYS WITH RIGHT HAND","ALWAYS WITH RIGHT HAND","ALWAYS WITH RIGHT HAND","ALWAYS WITH RIGHT HAND","ALWAYS WITH LEFT HAND","1: 1  CONDITION APPLIES","1: 1  CONDITION APPLIES","NO","FEMALE","MALE"
1984,38700,4,1,1,29700,5,182,1,2,4,3,2,4,2,2,2,2,1,6,2,6,1,2,30,20,"Female","Non-Black / Non-Hispanic","South (AL, AR, DE, DC, FL, GA, KY, LA, MD, MS, NC, OK, SC, TN , TX, VA, WV)","None","In CBSA, not in central city","NO","3: Mother","NO","NO","NO","NO","YES","0: 0  CONDITION DOES NOT APPLY","DON'T DO THIS ACTIVITY","USUALLY WITH BOTH HANDS EQUALLY","DON'T DO THIS ACTIVITY","ALWAYS WITH RIGHT HAND","DON'T DO THIS ACTIVITY","1: 1  CONDITION APPLIES","1: 1  CONDITION APPLIES","NO","FEMALE","FEMALE"
1982,64735,3,1,5,33790,5,230,1,2,4,5,3,4,1,2,1,2,1,6,2,7,1,1,2,15,"Female","Mixed Race (Non-Hispanic)","South (AL, AR, DE, DC, FL, GA, KY, LA, MD, MS, NC, OK, SC, TN , TX, VA, WV)","High school diploma (Regular 12 year program)","In CBSA, in central city","NO","3: Mother","YES","NO","YES","NO","YES","0: 0  CONDITION DOES NOT APPLY","ALWAYS WITH RIGHT HAND","ALWAYS WITH RIGHT HAND","ALWAYS WITH RIGHT HAND","ALWAYS WITH RIGHT HAND","ALWAYS WITH RIGHT HAND","1: 1  CONDITION APPLIES","1: 1  CONDITION APPLIES","NO","FEMALE","MALE"
1983,64735,2,1,1,33790,5,182,2,2,3,5,5,3,2,2,2,2,1,7,2,7,2,1,32,21,"Male","Non-Black / Non-Hispanic","Northeast (CT, ME, MA, NH, NJ, NY, PA, RI, VT)","High school diploma (Regular 12 year program)","In CBSA, not in central city","NO","3: Mother","YES","NO","NO","YES","NO","0: 0  CONDITION DOES NOT APPLY","ALWAYS WITH RIGHT HAND","ALWAYS WITH RIGHT HAND","ALWAYS WITH RIGHT HAND","ALWAYS WITH RIGHT HAND","ALWAYS WITH LEFT HAND","1: 1  CONDITION APPLIES","1: 1  CONDITION APPLIES","NO","FEMALE","FEMALE"
1981,64735,4,0,1,33790,5,182,1,1,7,3,4,6,2,2,1,2,1,9,5,4,1,1,28,14,"Male","Non-Black / Non-Hispanic","South (AL, AR, DE, DC, FL, GA, KY, LA, MD, MS, NC, OK, SC, TN , TX, VA, WV)","High school diploma (Regular 12 year program)","In CBSA, not in central city","NO","3: Mother","YES","NO","NO","NO","YES","0: 0  CONDITION DOES NOT APPLY","ALWAYS WITH RIGHT HAND","ALWAYS WITH RIGHT HAND","ALWAYS WITH RIGHT HAND","ALWAYS WITH RIGHT HAND","ALWAYS WITH LEFT HAND","1: 1  CONDITION APPLIES","1: 1  CONDITION APPLIES","NO","MALE","FEMALE"
1982,54250,3,0,1,33790,5,180,1,2,2,3,1,2,1,2,1,1,1,7,1,8,1,1,29,22,"Female","Non-Black / Non-Hispanic","South (AL, AR, DE, DC, FL, GA, KY, LA, MD, MS, NC, OK, SC, TN , TX, VA, WV)","High school diploma (Regular 12 year program)","In CBSA, not known","YES","3: Mother","YES","NO","NO","NO","NO","0: 0  CONDITION DOES NOT APPLY","ALWAYS WITH RIGHT HAND","ALWAYS WITH RIGHT HAND","ALWAYS WITH RIGHT HAND","ALWAYS WITH RIGHT HAND","USUALLY WITH LEFT HAND","1: 1  CONDITION APPLIES","1: 1  CONDITION APPLIES","NO","FEMALE","MALE"
1982,64735,4,0,2,33790,5,183,1,2,2,2,2,1,2,2,2,2,1,1,2,5,1,1,30,22,"Male","Black","South (AL, AR, DE, DC, FL, GA, KY, LA, MD, MS, NC, OK, SC, TN , TX, VA, WV)","GED","In CBSA, not in central city","NO","3: Mother","NO","YES","NO","NO","NO","0: 0  CONDITION DOES NOT APPLY","ALWAYS WITH RIGHT HAND","ALWAYS WITH RIGHT HAND","ALWAYS WITH RIGHT HAND","ALWAYS WITH RIGHT HAND","ALWAYS WITH LEFT HAND","1: 1  CONDITION APPLIES","0: 0  CONDITION DOES NOT APPLY","NO","FEMALE","MALE"
1984,64735,4,1,1,33790,5,183,1,1,1,4,4,4,2,2,2,2,1,7,5,7,1,1,28,19,"Female","Black","Northeast (CT, ME, MA, NH, NJ, NY, PA, RI, VT)","Bachelor's degree (BA, BS)","In CBSA, not in central city","NO","3: Mother","NO","YES","NO","NO","YES","0: 0  CONDITION DOES NOT APPLY","ALWAYS WITH RIGHT HAND","ALWAYS WITH RIGHT HAND","ALWAYS WITH RIGHT HAND","ALWAYS WITH RIGHT HAND","ALWAYS WITH LEFT HAND","1: 1  CONDITION APPLIES","1: 1  CONDITION APPLIES","NO","FEMALE","MALE"
1984,64735,3,0,3,33790,5,185,2,2,4,4,2,3,2,2,1,1,2,5,2,7,1,1,29,20,"Female","Non-Black / Non-Hispanic","South (AL, AR, DE, DC, FL, GA, KY, LA, MD, MS, NC, OK, SC, TN , TX, VA, WV)","High school diploma (Regular 12 year program)","In CBSA, in central city","NO","3: Mother","YES","YES","NO","NO","YES","0: 0  CONDITION DOES NOT APPLY","ALWAYS WITH RIGHT HAND","ALWAYS WITH LEFT HAND","ALWAYS WITH LEFT HAND","ALWAYS WITH LEFT HAND","USUALLY WITH RIGHT HAND","1: 1  CONDITION APPLIES","1: 1  CONDITION APPLIES","NO","FEMALE","FEMALE"
1980,64735,6,1,4,33790,5,182,1,1,3,5,4,6,2,2,1,2,1,3,5,6,1,1,30,4,"Female","Black","South (AL, AR, DE, DC, FL, GA, KY, LA, MD, MS, NC, OK, SC, TN , TX, VA, WV)","Bachelor's degree (BA, BS)","In CBSA, in central city","NO","3: Mother","YES","YES","NO","NO","YES","1: 1  CONDITION APPLIES","ALWAYS WITH RIGHT HAND","USUALLY WITH BOTH HANDS EQUALLY","ALWAYS WITH RIGHT HAND","USUALLY WITH BOTH HANDS EQUALLY","ALWAYS WITH LEFT HAND","1: 1  CONDITION APPLIES","1: 1  CONDITION APPLIES","NO","MALE","FEMALE"
1982,64735,4,1,1,33790,5,182,1,1,3,3,2,4,2,1,1,2,1,4,2,7,1,1,31,19,"Male","Black","South (AL, AR, DE, DC, FL, GA, KY, LA, MD, MS, NC, OK, SC, TN , TX, VA, WV)","Bachelor's degree (BA, BS)","In CBSA, in central city","NO","3: Mother","NO","YES","NO","YES","YES","0: 0  CONDITION DOES NOT APPLY","ALWAYS WITH RIGHT HAND","ALWAYS WITH RIGHT HAND","ALWAYS WITH RIGHT HAND","ALWAYS WITH RIGHT HAND","ALWAYS WITH LEFT HAND","1: 1  CONDITION APPLIES","1: 1  CONDITION APPLIES","NO","FEMALE","FEMALE"
1984,64735,3,1,1,33790,5,183,2,1,4,4,3,2,2,2,1,2,2,5,2,7,1,1,30,21,"Female","Black","South (AL, AR, DE, DC, FL, GA, KY, LA, MD, MS, NC, OK, SC, TN , TX, VA, WV)","High school diploma (Regular 12 year program)","In CBSA, in central city","NO","3: Mother","YES","NO","YES","NO","YES","0: 0  CONDITION DOES NOT APPLY","ALWAYS WITH RIGHT HAND","ALWAYS WITH RIGHT HAND","ALWAYS WITH RIGHT HAND","ALWAYS WITH RIGHT HAND","ALWAYS WITH LEFT HAND","1: 1  CONDITION APPLIES","1: 1  CONDITION APPLIES","NO","FEMALE","MALE"
1980,64735,3,0,2,33790,5,183,1,2,3,4,5,4,2,1,1,1,1,3,1,7,1,1,30,22,"Female","Non-Black / Non-Hispanic","Northeast (CT, ME, MA, NH, NJ, NY, PA, RI, VT)","High school diploma (Regular 12 year program)","In CBSA, not in central city","NO","3: Mother","YES","NO","NO","NO","NO","0: 0  CONDITION DOES NOT APPLY","ALWAYS WITH RIGHT HAND","ALWAYS WITH RIGHT HAND","ALWAYS WITH RIGHT HAND","ALWAYS WITH RIGHT HAND","ALWAYS WITH LEFT HAND","1: 1  CONDITION APPLIES","1: 1  CONDITION APPLIES","NO","FEMALE","MALE"
1982,0,4,0,1,33790,6,181,1,1,3,4,7,6,2,2,2,2,1,3,3,7,1,1,39,50,"Male","Non-Black / Non-Hispanic","South (AL, AR, DE, DC, FL, GA, KY, LA, MD, MS, NC, OK, SC, TN , TX, VA, WV)","High school diploma (Regular 12 year program)","In CBSA, not in central city","YES","3: Mother","NO","YES","NO","NO","YES","0: 0  CONDITION DOES NOT APPLY","ALWAYS WITH RIGHT HAND","ALWAYS WITH RIGHT HAND","ALWAYS WITH RIGHT HAND","ALWAYS WITH RIGHT HAND","ALWAYS WITH LEFT HAND","1: 1  CONDITION APPLIES","1: 1  CONDITION APPLIES","NO","FEMALE","MALE"
1982,64735,3,1,1,33790,5,183,1,1,1,3,3,2,2,2,1,2,2,6,3,8,1,1,26,20,"Male","Non-Black / Non-Hispanic","North Central (IL, IN, IA, KS, MI, MN, MO, NE, OH, ND, SD, WI)","High school diploma (Regular 12 year program)","In CBSA, in central city","NO","3: Mother","NO","YES","NO","NO","YES","0: 0  CONDITION DOES NOT APPLY","ALWAYS WITH RIGHT HAND","ALWAYS WITH RIGHT HAND","ALWAYS WITH RIGHT HAND","ALWAYS WITH RIGHT HAND","ALWAYS WITH LEFT HAND","1: 1  CONDITION APPLIES","1: 1  CONDITION APPLIES","NO","FEMALE","FEMALE"
1981,64735,4,1,1,33790,5,120,1,1,3,4,2,1,2,2,2,2,1,5,2,3,1,1,38,20,"Female","Black","North Central (IL, IN, IA, KS, MI, MN, MO, NE, OH, ND, SD, WI)","High school diploma (Regular 12 year program)","In CBSA, in central city","NO","3: Mother","YES","NO","NO","NO","YES","0: 0  CONDITION DOES NOT APPLY","ALWAYS WITH RIGHT HAND","ALWAYS WITH RIGHT HAND","ALWAYS WITH RIGHT HAND","ALWAYS WITH RIGHT HAND","ALWAYS WITH RIGHT HAND","1: 1  CONDITION APPLIES","1: 1  CONDITION APPLIES","NO","MALE","FEMALE"
1983,64735,3,1,2,33790,5,184,1,2,1,3,4,5,2,2,1,2,1,2,1,7,1,1,28,24,"Male","Non-Black / Non-Hispanic","West (AK, AZ, CA, CO, HI, ID, MT, NV, NM, OR, UT, WA, WY)","High school diploma (Regular 12 year program)","In CBSA, not in central city","NO","3: Mother","YES","YES","NO","NO","NO","0: 0  CONDITION DOES NOT APPLY","ALWAYS WITH RIGHT HAND","ALWAYS WITH RIGHT HAND","ALWAYS WITH RIGHT HAND","ALWAYS WITH RIGHT HAND","ALWAYS WITH LEFT HAND","1: 1  CONDITION APPLIES","0: 0  CONDITION DOES NOT APPLY","NO","MALE","FEMALE"
1982,62059,4,2,5,33790,5,182,1,1,4,2,4,3,1,2,2,2,2,6,2,6,6,1,33,3,"Male","Hispanic","South (AL, AR, DE, DC, FL, GA, KY, LA, MD, MS, NC, OK, SC, TN , TX, VA, WV)","High school diploma (Regular 12 year program)","In CBSA, in central city","NO","3: Mother","NO","NO","NO","NO","YES","0: 0  CONDITION DOES NOT APPLY","ALWAYS WITH RIGHT HAND","ALWAYS WITH RIGHT HAND","ALWAYS WITH RIGHT HAND","ALWAYS WITH RIGHT HAND","ALWAYS WITH LEFT HAND","1: 1  CONDITION APPLIES","1: 1  CONDITION APPLIES","NO","FEMALE","MALE"
1981,24750,1,0,1,33790,5,183,2,1,4,4,3,6,2,1,1,2,1,5,2,5,1,1,32,22,"Female","Non-Black / Non-Hispanic","West (AK, AZ, CA, CO, HI, ID, MT, NV, NM, OR, UT, WA, WY)","Associate/Junior college (AA)","In CBSA, in central city","NO","3: Mother","YES","NO","NO","NO","YES","0: 0  CONDITION DOES NOT APPLY","ALWAYS WITH RIGHT HAND","ALWAYS WITH RIGHT HAND","ALWAYS WITH RIGHT HAND","ALWAYS WITH RIGHT HAND","ALWAYS WITH LEFT HAND","1: 1  CONDITION APPLIES","1: 1  CONDITION APPLIES","NO","FEMALE","MALE"
1981,64735,2,0,2,33790,5,183,2,2,3,3,2,3,2,2,2,1,1,5,2,6,1,1,31,23,"Male","Non-Black / Non-Hispanic","North Central (IL, IN, IA, KS, MI, MN, MO, NE, OH, ND, SD, WI)","High school diploma (Regular 12 year program)","In CBSA, not in central city","NO","3: Mother","YES","NO","NO","NO","YES","0: 0  CONDITION DOES NOT APPLY","ALWAYS WITH RIGHT HAND","ALWAYS WITH RIGHT HAND","ALWAYS WITH RIGHT HAND","ALWAYS WITH RIGHT HAND","ALWAYS WITH LEFT HAND","1: 1  CONDITION APPLIES","1: 1  CONDITION APPLIES","NO","FEMALE","FEMALE"
1982,64735,3,1,4,33790,5,183,2,2,1,7,3,4,2,2,1,1,1,10,2,6,1,1,26,19,"Male","Non-Black / Non-Hispanic","South (AL, AR, DE, DC, FL, GA, KY, LA, MD, MS, NC, OK, SC, TN , TX, VA, WV)","High school diploma (Regular 12 year program)","In CBSA, in central city","NO","3: Mother","YES","NO","NO","NO","NO","0: 0  CONDITION DOES NOT APPLY","ALWAYS WITH RIGHT HAND","ALWAYS WITH RIGHT HAND","ALWAYS WITH RIGHT HAND","ALWAYS WITH RIGHT HAND","ALWAYS WITH LEFT HAND","1: 1  CONDITION APPLIES","1: 1  CONDITION APPLIES","NO","FEMALE","FEMALE"
1982,64735,3,0,2,33790,5,183,1,2,1,5,1,4,2,2,1,2,1,5,3,9,2,2,29,22,"Female","Non-Black / Non-Hispanic","West (AK, AZ, CA, CO, HI, ID, MT, NV, NM, OR, UT, WA, WY)","High school diploma (Regular 12 year program)","In CBSA, not in central city","YES","3: Mother","YES","NO","NO","NO","NO","0: 0  CONDITION DOES NOT APPLY","ALWAYS WITH RIGHT HAND","ALWAYS WITH RIGHT HAND","ALWAYS WITH RIGHT HAND","ALWAYS WITH RIGHT HAND","ALWAYS WITH LEFT HAND","1: 1  CONDITION APPLIES","1: 1  CONDITION APPLIES","NO","FEMALE","MALE"
1984,64735,4,1,3,33790,4,150,1,3,1,2,4,3,2,1,2,1,2,1,1,9,1,1,26,16,"Female","Hispanic","West (AK, AZ, CA, CO, HI, ID, MT, NV, NM, OR, UT, WA, WY)","High school diploma (Regular 12 year program)","In CBSA, in central city","NO","3: Mother","NO","NO","NO","NO","YES","0: 0  CONDITION DOES NOT APPLY","ALWAYS WITH RIGHT HAND","ALWAYS WITH RIGHT HAND","ALWAYS WITH RIGHT HAND","ALWAYS WITH RIGHT HAND","USUALLY WITH BOTH HANDS EQUALLY","1: 1  CONDITION APPLIES","1: 1  CONDITION APPLIES","NO","FEMALE","MALE"
1984,64735,2,0,4,33790,5,183,1,1,3,7,4,1,2,2,1,2,2,2,2,6,1,1,32,22,"Male","Hispanic","West (AK, AZ, CA, CO, HI, ID, MT, NV, NM, OR, UT, WA, WY)","GED","In CBSA, in central city","NO","3: Mother","NO","YES","NO","NO","NO","0: 0  CONDITION DOES NOT APPLY","ALWAYS WITH RIGHT HAND","ALWAYS WITH RIGHT HAND","ALWAYS WITH RIGHT HAND","ALWAYS WITH RIGHT HAND","ALWAYS WITH LEFT HAND","0: 0  CONDITION DOES NOT APPLY","1: 1  CONDITION APPLIES","NO","FEMALE","FEMALE"
1985,64735,4,1,2,33790,5,182,2,2,4,5,2,1,2,2,2,2,1,1,2,8,1,1,31,21,"Female","Hispanic","West (AK, AZ, CA, CO, HI, ID, MT, NV, NM, OR, UT, WA, WY)","None","In CBSA, not in central city","NO","3: Mother","YES","NO","YES","NO","NO","0: 0  CONDITION DOES NOT APPLY","ALWAYS WITH RIGHT HAND","ALWAYS WITH RIGHT HAND","ALWAYS WITH RIGHT HAND","ALWAYS WITH RIGHT HAND","ALWAYS WITH LEFT HAND","0: 0  CONDITION DOES NOT APPLY","1: 1  CONDITION APPLIES","NO","FEMALE","FEMALE"
1982,64735,3,0,1,33790,5,183,1,1,1,5,6,3,2,2,1,2,1,2,1,7,1,1,54,20,"Female","Non-Black / Non-Hispanic","South (AL, AR, DE, DC, FL, GA, KY, LA, MD, MS, NC, OK, SC, TN , TX, VA, WV)","High school diploma (Regular 12 year program)","In CBSA, not in central city","NO","3: Mother","NO","NO","NO","NO","YES","0: 0  CONDITION DOES NOT APPLY","ALWAYS WITH RIGHT HAND","ALWAYS WITH RIGHT HAND","ALWAYS WITH RIGHT HAND","ALWAYS WITH RIGHT HAND","ALWAYS WITH LEFT HAND","1: 1  CONDITION APPLIES","1: 1  CONDITION APPLIES","NO","FEMALE","FEMALE"
1983,64735,3,0,5,33790,5,183,1,1,2,4,2,5,2,2,1,2,1,3,3,8,1,1,6,32,"Female","Hispanic","West (AK, AZ, CA, CO, HI, ID, MT, NV, NM, OR, UT, WA, WY)","Bachelor's degree (BA, BS)","In CBSA, not in central city","NO","3: Mother","NO","YES","NO","NO","NO","0: 0  CONDITION DOES NOT APPLY","ALWAYS WITH RIGHT HAND","ALWAYS WITH RIGHT HAND","ALWAYS WITH RIGHT HAND","ALWAYS WITH RIGHT HAND","ALWAYS WITH LEFT HAND","1: 1  CONDITION APPLIES","1: 1  CONDITION APPLIES","NO","FEMALE","MALE"
1982,64735,5,1,2,33790,5,181,2,1,3,3,2,3,2,2,2,2,1,5,3,10,1,1,6,24,"Male","Non-Black / Non-Hispanic","South (AL, AR, DE, DC, FL, GA, KY, LA, MD, MS, NC, OK, SC, TN , TX, VA, WV)","High school diploma (Regular 12 year program)","In CBSA, not in central city","NO","3: Mother","NO","NO","NO","NO","YES","0: 0  CONDITION DOES NOT APPLY","ALWAYS WITH RIGHT HAND","ALWAYS WITH RIGHT HAND","ALWAYS WITH RIGHT HAND","ALWAYS WITH RIGHT HAND","ALWAYS WITH LEFT HAND","1: 1  CONDITION APPLIES","1: 1  CONDITION APPLIES","NO","FEMALE","MALE"
1981,64735,2,0,1,33790,5,181,2,1,3,3,3,4,2,2,2,1,2,1,3,7,1,1,28,21,"Female","Non-Black / Non-Hispanic","South (AL, AR, DE, DC, FL, GA, KY, LA, MD, MS, NC, OK, SC, TN , TX, VA, WV)","None","In CBSA, in central city","NO","3: Mother","NO","YES","NO","NO","NO","0: 0  CONDITION DOES NOT APPLY","ALWAYS WITH RIGHT HAND","ALWAYS WITH RIGHT HAND","ALWAYS WITH RIGHT HAND","ALWAYS WITH RIGHT HAND","ALWAYS WITH LEFT HAND","1: 1  CONDITION APPLIES","1: 1  CONDITION APPLIES","NO","FEMALE","FEMALE"
1982,64735,3,0,3,33790,5,183,2,2,1,3,2,3,2,2,1,1,1,6,1,6,1,1,30,20,"Male","Hispanic","West (AK, AZ, CA, CO, HI, ID, MT, NV, NM, OR, UT, WA, WY)","High school diploma (Regular 12 year program)","In CBSA, not in central city","NO","3: Mother","YES","NO","YES","NO","YES","0: 0  CONDITION DOES NOT APPLY","ALWAYS WITH RIGHT HAND","ALWAYS WITH RIGHT HAND","ALWAYS WITH RIGHT HAND","ALWAYS WITH RIGHT HAND","ALWAYS WITH LEFT HAND","1: 1  CONDITION APPLIES","1: 1  CONDITION APPLIES","NO","MALE","MALE"
1982,64735,3,1,2,33790,5,179,1,1,2,3,3,7,1,2,1,1,1,3,1,8,1,1,30,19,"Female","Hispanic","South (AL, AR, DE, DC, FL, GA, KY, LA, MD, MS, NC, OK, SC, TN , TX, VA, WV)","High school diploma (Regular 12 year program)","In CBSA, in central city","YES","3: Mother","YES","YES","NO","NO","YES","0: 0  CONDITION DOES NOT APPLY","ALWAYS WITH RIGHT HAND","ALWAYS WITH RIGHT HAND","ALWAYS WITH RIGHT HAND","ALWAYS WITH RIGHT HAND","ALWAYS WITH LEFT HAND","1: 1  CONDITION APPLIES","0: 0  CONDITION DOES NOT APPLY","NO","MALE","MALE"
1982,64735,3,1,1,33790,6,183,2,2,3,2,2,5,2,2,2,2,1,2,1,6,1,1,27,20,"Female","Black","South (AL, AR, DE, DC, FL, GA, KY, LA, MD, MS, NC, OK, SC, TN , TX, VA, WV)","GED","In CBSA, in central city","NO","3: Mother","NO","NO","NO","NO","YES","0: 0  CONDITION DOES NOT APPLY","ALWAYS WITH RIGHT HAND","ALWAYS WITH RIGHT HAND","ALWAYS WITH RIGHT HAND","ALWAYS WITH RIGHT HAND","ALWAYS WITH LEFT HAND","1: 1  CONDITION APPLIES","1: 1  CONDITION APPLIES","NO","MALE","MALE"
1983,64735,4,0,4,33790,5,182,1,2,2,2,3,4,2,2,2,1,2,4,3,8,2,1,29,25,"Male","Black","Northeast (CT, ME, MA, NH, NJ, NY, PA, RI, VT)","Associate/Junior college (AA)","In CBSA, in central city","YES","3: Mother","YES","YES","NO","NO","YES","0: 0  CONDITION DOES NOT APPLY","ALWAYS WITH RIGHT HAND","ALWAYS WITH RIGHT HAND","ALWAYS WITH RIGHT HAND","ALWAYS WITH RIGHT HAND","ALWAYS WITH LEFT HAND","0: 0  CONDITION DOES NOT APPLY","1: 1  CONDITION APPLIES","NO","FEMALE","MALE"
1982,64735,1,0,3,33790,5,145,3,2,4,5,4,3,1,2,1,2,1,5,3,7,1,1,25,20,"Female","Hispanic","Northeast (CT, ME, MA, NH, NJ, NY, PA, RI, VT)","GED","In CBSA, in central city","NO","3: Mother","YES","NO","YES","NO","YES","0: 0  CONDITION DOES NOT APPLY","ALWAYS WITH RIGHT HAND","ALWAYS WITH RIGHT HAND","ALWAYS WITH RIGHT HAND","ALWAYS WITH RIGHT HAND","USUALLY WITH BOTH HANDS EQUALLY","1: 1  CONDITION APPLIES","1: 1  CONDITION APPLIES","NO","MALE","FEMALE"
1984,64735,3,0,2,33790,5,183,2,3,2,4,5,4,2,2,1,2,1,1,1,8,1,1,30,22,"Female","Hispanic","Northeast (CT, ME, MA, NH, NJ, NY, PA, RI, VT)","High school diploma (Regular 12 year program)","In CBSA, not in central city","YES","3: Mother","NO","NO","NO","NO","NO","1: 1  CONDITION APPLIES","ALWAYS WITH RIGHT HAND","ALWAYS WITH RIGHT HAND","ALWAYS WITH RIGHT HAND","ALWAYS WITH RIGHT HAND","USUALLY WITH LEFT HAND","1: 1  CONDITION APPLIES","0: 0  CONDITION DOES NOT APPLY","NO","FEMALE","MALE"
1981,64735,4,1,2,50000,5,183,1,2,3,4,1,4,2,1,2,2,2,5,3,7,1,1,31,25,"Female","Hispanic","South (AL, AR, DE, DC, FL, GA, KY, LA, MD, MS, NC, OK, SC, TN , TX, VA, WV)","High school diploma (Regular 12 year program)","In CBSA, not in central city","NO","3: Mother","NO","NO","NO","NO","YES","0: 0  CONDITION DOES NOT APPLY","ALWAYS WITH RIGHT HAND","ALWAYS WITH RIGHT HAND","ALWAYS WITH RIGHT HAND","ALWAYS WITH RIGHT HAND","ALWAYS WITH LEFT HAND","1: 1  CONDITION APPLIES","1: 1  CONDITION APPLIES","YES","FEMALE","MALE"
1982,64735,4,0,1,600,5,183,2,1,1,6,2,7,2,1,2,1,2,6,3,5,1,1,32,20,"Female","Black","South (AL, AR, DE, DC, FL, GA, KY, LA, MD, MS, NC, OK, SC, TN , TX, VA, WV)","High school diploma (Regular 12 year program)","In CBSA, in central city","NO","3: Mother","YES","YES","NO","NO","NO","0: 0  CONDITION DOES NOT APPLY","ALWAYS WITH RIGHT HAND","USUALLY WITH BOTH HANDS EQUALLY","USUALLY WITH RIGHT HAND","ALWAYS WITH RIGHT HAND","ALWAYS WITH RIGHT HAND","1: 1  CONDITION APPLIES","1: 1  CONDITION APPLIES","NO","FEMALE","MALE"
1983,64735,4,1,3,33790,5,100,1,1,1,2,6,5,2,2,2,2,1,7,4,7,1,1,33,26,"Female","Hispanic","Northeast (CT, ME, MA, NH, NJ, NY, PA, RI, VT)","None","In CBSA, not in central city","NO","3: Mother","YES","NO","NO","NO","YES","0: 0  CONDITION DOES NOT APPLY","USUALLY WITH RIGHT HAND","USUALLY WITH RIGHT HAND","ALWAYS WITH RIGHT HAND","DON'T DO THIS ACTIVITY","ALWAYS WITH LEFT HAND","0: 0  CONDITION DOES NOT APPLY","1: 1  CONDITION APPLIES","NO","MALE","MALE"
1982,64735,4,1,1,33790,5,184,2,2,2,3,2,1,2,2,2,1,1,4,3,6,1,1,26,20,"Male","Black","South (AL, AR, DE, DC, FL, GA, KY, LA, MD, MS, NC, OK, SC, TN , TX, VA, WV)","GED","In CBSA, in central city","NO","3: Mother","NO","YES","NO","NO","NO","0: 0  CONDITION DOES NOT APPLY","ALWAYS WITH RIGHT HAND","USUALLY WITH BOTH HANDS EQUALLY","ALWAYS WITH RIGHT HAND","ALWAYS WITH RIGHT HAND","ALWAYS WITH LEFT HAND","1: 1  CONDITION APPLIES","1: 1  CONDITION APPLIES","NO","MALE","FEMALE"
1980,64735,3,0,1,33790,5,182,1,1,2,3,2,2,2,1,1,1,1,6,2,8,1,2,34,19,"Male","Non-Black / Non-Hispanic","West (AK, AZ, CA, CO, HI, ID, MT, NV, NM, OR, UT, WA, WY)","High school diploma (Regular 12 year program)","In CBSA, in central city","NO","3: Mother","YES","NO","NO","NO","YES","0: 0  CONDITION DOES NOT APPLY","ALWAYS WITH RIGHT HAND","ALWAYS WITH RIGHT HAND","ALWAYS WITH RIGHT HAND","ALWAYS WITH RIGHT HAND","USUALLY WITH LEFT HAND","0: 0  CONDITION DOES NOT APPLY","1: 1  CONDITION APPLIES","NO","FEMALE","FEMALE"
1983,64735,4,1,2,33790,5,184,1,1,2,2,3,4,2,2,2,2,2,3,4,6,1,1,30,19,"Male","Non-Black / Non-Hispanic","Northeast (CT, ME, MA, NH, NJ, NY, PA, RI, VT)","High school diploma (Regular 12 year program)","In CBSA, not in central city","NO","3: Mother","YES","NO","NO","NO","YES","0: 0  CONDITION DOES NOT APPLY","ALWAYS WITH RIGHT HAND","ALWAYS WITH RIGHT HAND","ALWAYS WITH RIGHT HAND","ALWAYS WITH RIGHT HAND","ALWAYS WITH LEFT HAND","1: 1  CONDITION APPLIES","1: 1  CONDITION APPLIES","NO","FEMALE","FEMALE"
1981,64735,5,0,3,33790,5,182,2,2,2,3,2,6,2,1,2,1,1,1,1,7,1,1,13,15,"Male","Hispanic","South (AL, AR, DE, DC, FL, GA, KY, LA, MD, MS, NC, OK, SC, TN , TX, VA, WV)","GED","In CBSA, not in central city","NO","3: Mother","YES","YES","NO","NO","YES","0: 0  CONDITION DOES NOT APPLY","ALWAYS WITH RIGHT HAND","ALWAYS WITH RIGHT HAND","ALWAYS WITH RIGHT HAND","ALWAYS WITH RIGHT HAND","ALWAYS WITH LEFT HAND","1: 1  CONDITION APPLIES","1: 1  CONDITION APPLIES","NO","FEMALE","FEMALE"
1981,86910,4,0,1,33790,5,179,1,1,2,3,2,2,2,2,2,1,1,5,2,6,1,1,32,20,"Female","Black","South (AL, AR, DE, DC, FL, GA, KY, LA, MD, MS, NC, OK, SC, TN , TX, VA, WV)","Bachelor's degree (BA, BS)","In CBSA, in central city","NO","3: Mother","YES","NO","NO","NO","YES","0: 0  CONDITION DOES NOT APPLY","ALWAYS WITH RIGHT HAND","USUALLY WITH RIGHT HAND","ALWAYS WITH RIGHT HAND","ALWAYS WITH RIGHT HAND","ALWAYS WITH LEFT HAND","1: 1  CONDITION APPLIES","0: 0  CONDITION DOES NOT APPLY","NO","FEMALE","MALE"
1981,11500,3,0,3,33790,5,145,2,2,3,3,2,2,2,2,2,2,1,4,5,8,1,1,32,19,"Male","Non-Black / Non-Hispanic","South (AL, AR, DE, DC, FL, GA, KY, LA, MD, MS, NC, OK, SC, TN , TX, VA, WV)","High school diploma (Regular 12 year program)","In CBSA, not in central city","NO","3: Mother","NO","NO","NO","NO","YES","0: 0  CONDITION DOES NOT APPLY","ALWAYS WITH RIGHT HAND","ALWAYS WITH RIGHT HAND","ALWAYS WITH RIGHT HAND","ALWAYS WITH RIGHT HAND","ALWAYS WITH LEFT HAND","1: 1  CONDITION APPLIES","1: 1  CONDITION APPLIES","NO","FEMALE","FEMALE"
1981,64735,3,0,2,33790,5,182,1,2,3,2,2,3,2,1,2,2,1,5,2,7,1,1,29,21,"Female","Non-Black / Non-Hispanic","South (AL, AR, DE, DC, FL, GA, KY, LA, MD, MS, NC, OK, SC, TN , TX, VA, WV)","GED","In CBSA, in central city","NO","3: Mother","YES","YES","NO","NO","NO","0: 0  CONDITION DOES NOT APPLY","ALWAYS WITH RIGHT HAND","DON'T DO THIS ACTIVITY","DON'T DO THIS ACTIVITY","ALWAYS WITH RIGHT HAND","ALWAYS WITH LEFT HAND","1: 1  CONDITION APPLIES","1: 1  CONDITION APPLIES","NO","MALE","MALE"
1987,64735,3,0,2,33790,5,181,1,1,3,4,7,3,2,1,1,2,1,6,2,6,1,1,57,31,"Male","Non-Black / Non-Hispanic","North Central (IL, IN, IA, KS, MI, MN, MO, NE, OH, ND, SD, WI)","High school diploma (Regular 12 year program)","In CBSA, not in central city","NO","3: Mother","NO","NO","NO","NO","YES","0: 0  CONDITION DOES NOT APPLY","ALWAYS WITH RIGHT HAND","ALWAYS WITH RIGHT HAND","ALWAYS WITH RIGHT HAND","ALWAYS WITH LEFT HAND","ALWAYS WITH LEFT HAND","0: 0  CONDITION DOES NOT APPLY","1: 1  CONDITION APPLIES","NO","MALE","FEMALE"
1983,64735,6,0,3,33790,5,182,1,3,2,2,3,1,2,2,1,2,1,3,4,6,1,3,40,53,"Male","Black","West (AK, AZ, CA, CO, HI, ID, MT, NV, NM, OR, UT, WA, WY)","High school diploma (Regular 12 year program)","In CBSA, not in central city","NO","3: Mother","NO","YES","NO","NO","NO","0: 0  CONDITION DOES NOT APPLY","ALWAYS WITH RIGHT HAND","ALWAYS WITH RIGHT HAND","ALWAYS WITH RIGHT HAND","ALWAYS WITH RIGHT HAND","ALWAYS WITH LEFT HAND","1: 1  CONDITION APPLIES","1: 1  CONDITION APPLIES","NO","MALE","FEMALE"
1983,64735,4,0,2,33790,5,182,1,2,2,2,3,3,1,1,1,1,1,2,4,7,1,1,34,19,"Female","Non-Black / Non-Hispanic","South (AL, AR, DE, DC, FL, GA, KY, LA, MD, MS, NC, OK, SC, TN , TX, VA, WV)","GED","In CBSA, not in central city","NO","3: Mother","NO","YES","NO","NO","NO","0: 0  CONDITION DOES NOT APPLY","ALWAYS WITH RIGHT HAND","ALWAYS WITH RIGHT HAND","ALWAYS WITH RIGHT HAND","ALWAYS WITH RIGHT HAND","ALWAYS WITH LEFT HAND","1: 1  CONDITION APPLIES","1: 1  CONDITION APPLIES","NO","FEMALE","FEMALE"
1983,64735,3,0,3,33790,5,183,1,2,1,3,2,4,2,3,1,2,2,5,1,6,1,1,59,31,"Male","Non-Black / Non-Hispanic","South (AL, AR, DE, DC, FL, GA, KY, LA, MD, MS, NC, OK, SC, TN , TX, VA, WV)","High school diploma (Regular 12 year program)","In CBSA, in central city","YES","3: Mother","YES","NO","NO","NO","YES","0: 0  CONDITION DOES NOT APPLY","ALWAYS WITH RIGHT HAND","ALWAYS WITH RIGHT HAND","ALWAYS WITH RIGHT HAND","ALWAYS WITH RIGHT HAND","ALWAYS WITH RIGHT HAND","1: 1  CONDITION APPLIES","1: 1  CONDITION APPLIES","NO","FEMALE","MALE"
1982,53250,2,0,2,33790,5,183,1,1,5,3,5,3,2,2,1,2,1,6,3,6,1,1,32,25,"Male","Black","South (AL, AR, DE, DC, FL, GA, KY, LA, MD, MS, NC, OK, SC, TN , TX, VA, WV)","Bachelor's degree (BA, BS)","In CBSA, not in central city","NO","3: Mother","YES","NO","YES","NO","YES","0: 0  CONDITION DOES NOT APPLY","ALWAYS WITH RIGHT HAND","ALWAYS WITH RIGHT HAND","ALWAYS WITH RIGHT HAND","ALWAYS WITH RIGHT HAND","ALWAYS WITH LEFT HAND","0: 0  CONDITION DOES NOT APPLY","1: 1  CONDITION APPLIES","NO","MALE","FEMALE"
1980,64735,3,2,4,40000,5,183,1,2,2,2,1,3,2,1,1,2,2,7,2,6,1,1,30,21,"Female","Non-Black / Non-Hispanic","North Central (IL, IN, IA, KS, MI, MN, MO, NE, OH, ND, SD, WI)","Bachelor's degree (BA, BS)","In CBSA, not in central city","NO","3: Mother","YES","NO","NO","NO","YES","0: 0  CONDITION DOES NOT APPLY","USUALLY WITH RIGHT HAND","ALWAYS WITH RIGHT HAND","ALWAYS WITH RIGHT HAND","ALWAYS WITH RIGHT HAND","ALWAYS WITH LEFT HAND","1: 1  CONDITION APPLIES","1: 1  CONDITION APPLIES","NO","FEMALE","MALE"
1981,12000,2,0,2,33790,5,187,3,2,2,6,2,3,2,2,2,1,1,6,1,6,1,1,26,19,"Female","Non-Black / Non-Hispanic","West (AK, AZ, CA, CO, HI, ID, MT, NV, NM, OR, UT, WA, WY)","None","In CBSA, in central city","NO","3: Mother","NO","YES","NO","NO","YES","0: 0  CONDITION DOES NOT APPLY","ALWAYS WITH RIGHT HAND","ALWAYS WITH RIGHT HAND","ALWAYS WITH RIGHT HAND","ALWAYS WITH RIGHT HAND","ALWAYS WITH LEFT HAND","1: 1  CONDITION APPLIES","1: 1  CONDITION APPLIES","NO","MALE","MALE"
1984,36000,4,0,1,36000,5,183,1,1,2,4,2,5,2,2,2,2,1,2,4,7,2,1,29,21,"Female","Black","South (AL, AR, DE, DC, FL, GA, KY, LA, MD, MS, NC, OK, SC, TN , TX, VA, WV)","Bachelor's degree (BA, BS)","In CBSA, not in central city","NO","3: Mother","NO","YES","NO","NO","YES","0: 0  CONDITION DOES NOT APPLY","ALWAYS WITH RIGHT HAND","ALWAYS WITH RIGHT HAND","ALWAYS WITH RIGHT HAND","ALWAYS WITH RIGHT HAND","ALWAYS WITH LEFT HAND","1: 1  CONDITION APPLIES","1: 1  CONDITION APPLIES","NO","FEMALE","FEMALE"
1982,20350,4,0,1,33790,5,174,1,1,1,5,4,4,2,2,1,2,1,5,2,6,1,1,32,19,"Male","Non-Black / Non-Hispanic","South (AL, AR, DE, DC, FL, GA, KY, LA, MD, MS, NC, OK, SC, TN , TX, VA, WV)","Bachelor's degree (BA, BS)","In CBSA, not in central city","NO","3: Mother","NO","NO","NO","YES","YES","0: 0  CONDITION DOES NOT APPLY","ALWAYS WITH RIGHT HAND","ALWAYS WITH RIGHT HAND","ALWAYS WITH RIGHT HAND","ALWAYS WITH RIGHT HAND","ALWAYS WITH LEFT HAND","1: 1  CONDITION APPLIES","1: 1  CONDITION APPLIES","NO","FEMALE","FEMALE"
1982,64735,2,0,2,33790,5,183,2,2,3,1,5,2,2,2,2,2,1,4,2,7,1,1,33,25,"Male","Non-Black / Non-Hispanic","South (AL, AR, DE, DC, FL, GA, KY, LA, MD, MS, NC, OK, SC, TN , TX, VA, WV)","High school diploma (Regular 12 year program)","In CBSA, not in central city","NO","3: Mother","YES","NO","NO","NO","YES","0: 0  CONDITION DOES NOT APPLY","ALWAYS WITH RIGHT HAND","ALWAYS WITH RIGHT HAND","ALWAYS WITH RIGHT HAND","ALWAYS WITH RIGHT HAND","ALWAYS WITH LEFT HAND","1: 1  CONDITION APPLIES","1: 1  CONDITION APPLIES","NO","MALE","MALE"
1985,64735,4,0,3,33790,5,180,1,1,4,3,5,4,2,2,1,2,2,6,1,6,1,2,30,19,"Male","Black","North Central (IL, IN, IA, KS, MI, MN, MO, NE, OH, ND, SD, WI)","GED","In CBSA, in central city","NO","3: Mother","YES","YES","NO","NO","YES","0: 0  CONDITION DOES NOT APPLY","ALWAYS WITH RIGHT HAND","ALWAYS WITH RIGHT HAND","ALWAYS WITH RIGHT HAND","ALWAYS WITH RIGHT HAND","USUALLY WITH LEFT HAND","1: 1  CONDITION APPLIES","1: 1  CONDITION APPLIES","NO","FEMALE","FEMALE"
1981,64735,4,0,1,33790,5,182,1,1,5,3,3,3,2,2,1,2,1,6,2,6,1,1,32,21,"Male","Non-Black / Non-Hispanic","South (AL, AR, DE, DC, FL, GA, KY, LA, MD, MS, NC, OK, SC, TN , TX, VA, WV)","Bachelor's degree (BA, BS)","In CBSA, not in central city","NO","3: Mother","YES","NO","YES","NO","YES","0: 0  CONDITION DOES NOT APPLY","ALWAYS WITH RIGHT HAND","ALWAYS WITH RIGHT HAND","ALWAYS WITH RIGHT HAND","ALWAYS WITH RIGHT HAND","USUALLY WITH LEFT HAND","1: 1  CONDITION APPLIES","0: 0  CONDITION DOES NOT APPLY","NO","FEMALE","FEMALE"
1984,64735,5,1,3,33790,5,184,2,3,4,5,4,5,2,2,1,2,2,6,1,6,1,1,26,17,"Female","Black","Northeast (CT, ME, MA, NH, NJ, NY, PA, RI, VT)","None","In CBSA, in central city","NO","3: Mother","YES","YES","NO","NO","YES","0: 0  CONDITION DOES NOT APPLY","ALWAYS WITH RIGHT HAND","ALWAYS WITH LEFT HAND","ALWAYS WITH RIGHT HAND","ALWAYS WITH RIGHT HAND","ALWAYS WITH LEFT HAND","1: 1  CONDITION APPLIES","1: 1  CONDITION APPLIES","NO","MALE","FEMALE"
1983,64735,3,0,4,33790,5,110,2,1,2,2,3,5,2,2,1,1,1,3,5,8,1,1,28,20,"Female","Non-Black / Non-Hispanic","South (AL, AR, DE, DC, FL, GA, KY, LA, MD, MS, NC, OK, SC, TN , TX, VA, WV)","High school diploma (Regular 12 year program)","In CBSA, not in central city","NO","3: Mother","YES","NO","NO","NO","YES","0: 0  CONDITION DOES NOT APPLY","ALWAYS WITH RIGHT HAND","ALWAYS WITH RIGHT HAND","ALWAYS WITH RIGHT HAND","ALWAYS WITH RIGHT HAND","ALWAYS WITH LEFT HAND","0: 0  CONDITION DOES NOT APPLY","0: 0  CONDITION DOES NOT APPLY","NO","MALE","MALE"
1981,64735,6,2,2,33790,5,184,2,1,3,5,4,2,2,2,1,2,1,7,2,7,1,1,5,13,"Female","Black","North Central (IL, IN, IA, KS, MI, MN, MO, NE, OH, ND, SD, WI)","Associate/Junior college (AA)","In CBSA, not in central city","NO","3: Mother","YES","YES","NO","NO","NO","0: 0  CONDITION DOES NOT APPLY","ALWAYS WITH RIGHT HAND","ALWAYS WITH RIGHT HAND","ALWAYS WITH RIGHT HAND","ALWAYS WITH RIGHT HAND","ALWAYS WITH LEFT HAND","1: 1  CONDITION APPLIES","1: 1  CONDITION APPLIES","NO","FEMALE","MALE"
1982,64735,3,1,3,33790,5,183,1,2,3,5,2,4,2,2,2,2,1,5,2,7,1,1,31,21,"Female","Non-Black / Non-Hispanic","West (AK, AZ, CA, CO, HI, ID, MT, NV, NM, OR, UT, WA, WY)","Master's degree (MA, MS)","In CBSA, not in central city","NO","3: Mother","YES","NO","NO","NO","NO","0: 0  CONDITION DOES NOT APPLY","ALWAYS WITH RIGHT HAND","ALWAYS WITH RIGHT HAND","ALWAYS WITH RIGHT HAND","ALWAYS WITH RIGHT HAND","ALWAYS WITH LEFT HAND","1: 1  CONDITION APPLIES","1: 1  CONDITION APPLIES","NO","MALE","MALE"
1980,64735,4,2,2,33790,5,180,2,2,2,2,2,4,2,2,2,2,1,5,1,4,1,1,28,20,"Female","Black","North Central (IL, IN, IA, KS, MI, MN, MO, NE, OH, ND, SD, WI)","Master's degree (MA, MS)","In CBSA, in central city","NO","3: Mother","NO","YES","NO","YES","YES","0: 0  CONDITION DOES NOT APPLY","ALWAYS WITH LEFT HAND","ALWAYS WITH LEFT HAND","USUALLY WITH LEFT HAND","ALWAYS WITH RIGHT HAND","ALWAYS WITH LEFT HAND","1: 1  CONDITION APPLIES","0: 0  CONDITION DOES NOT APPLY","NO","FEMALE","MALE"
1981,64735,1,0,1,33790,5,183,1,1,1,4,2,1,2,2,1,2,1,5,4,5,1,1,34,25,"Female","Hispanic","South (AL, AR, DE, DC, FL, GA, KY, LA, MD, MS, NC, OK, SC, TN , TX, VA, WV)","Associate/Junior college (AA)","Not in CBSA","NO","3: Mother","NO","YES","NO","NO","YES","0: 0  CONDITION DOES NOT APPLY","ALWAYS WITH RIGHT HAND","ALWAYS WITH RIGHT HAND","ALWAYS WITH RIGHT HAND","ALWAYS WITH RIGHT HAND","ALWAYS WITH LEFT HAND","1: 1  CONDITION APPLIES","1: 1  CONDITION APPLIES","NO","FEMALE","FEMALE"
1983,64735,4,1,1,33790,5,183,1,2,2,4,6,3,2,2,1,2,1,1,2,6,1,1,29,18,"Female","Non-Black / Non-Hispanic","South (AL, AR, DE, DC, FL, GA, KY, LA, MD, MS, NC, OK, SC, TN , TX, VA, WV)","Associate/Junior college (AA)","In CBSA, not in central city","NO","3: Mother","YES","NO","NO","NO","NO","0: 0  CONDITION DOES NOT APPLY","ALWAYS WITH RIGHT HAND","ALWAYS WITH RIGHT HAND","ALWAYS WITH RIGHT HAND","ALWAYS WITH RIGHT HAND","USUALLY WITH LEFT HAND","1: 1  CONDITION APPLIES","1: 1  CONDITION APPLIES","NO","FEMALE","FEMALE"
1982,17000,3,0,3,33790,5,225,2,1,3,3,3,3,2,1,1,1,1,5,5,7,2,1,35,26,"Male","Black","South (AL, AR, DE, DC, FL, GA, KY, LA, MD, MS, NC, OK, SC, TN , TX, VA, WV)","High school diploma (Regular 12 year program)","In CBSA, in central city","YES","3: Mother","NO","NO","NO","NO","YES","0: 0  CONDITION DOES NOT APPLY","ALWAYS WITH RIGHT HAND","ALWAYS WITH RIGHT HAND","ALWAYS WITH RIGHT HAND","ALWAYS WITH RIGHT HAND","ALWAYS WITH LEFT HAND","0: 0  CONDITION DOES NOT APPLY","1: 1  CONDITION APPLIES","NO","FEMALE","FEMALE"
1981,64735,3,1,2,26000,5,181,2,1,6,3,1,4,2,2,2,2,1,2,2,8,1,1,7,15,"Female","Black","South (AL, AR, DE, DC, FL, GA, KY, LA, MD, MS, NC, OK, SC, TN , TX, VA, WV)","GED","In CBSA, not in central city","NO","3: Mother","YES","YES","NO","NO","YES","0: 0  CONDITION DOES NOT APPLY","ALWAYS WITH RIGHT HAND","ALWAYS WITH RIGHT HAND","USUALLY WITH BOTH HANDS EQUALLY","ALWAYS WITH RIGHT HAND","ALWAYS WITH LEFT HAND","1: 1  CONDITION APPLIES","1: 1  CONDITION APPLIES","NO","FEMALE","FEMALE"
1980,64735,4,1,1,33790,4,175,2,1,3,3,4,1,2,2,1,2,1,6,1,10,1,1,7,14,"Female","Hispanic","Northeast (CT, ME, MA, NH, NJ, NY, PA, RI, VT)","GED","In CBSA, not in central city","NO","3: Mother","NO","NO","NO","NO","YES","0: 0  CONDITION DOES NOT APPLY","ALWAYS WITH RIGHT HAND","ALWAYS WITH RIGHT HAND","ALWAYS WITH RIGHT HAND","ALWAYS WITH RIGHT HAND","ALWAYS WITH LEFT HAND","1: 1  CONDITION APPLIES","1: 1  CONDITION APPLIES","NO","MALE","MALE"
1982,64735,3,0,2,33790,5,182,2,2,1,3,3,5,1,2,1,2,1,3,2,7,1,1,31,20,"Female","Black","South (AL, AR, DE, DC, FL, GA, KY, LA, MD, MS, NC, OK, SC, TN , TX, VA, WV)","High school diploma (Regular 12 year program)","In CBSA, not in central city","NO","3: Mother","YES","YES","NO","NO","YES","0: 0  CONDITION DOES NOT APPLY","ALWAYS WITH RIGHT HAND","ALWAYS WITH RIGHT HAND","ALWAYS WITH RIGHT HAND","ALWAYS WITH RIGHT HAND","ALWAYS WITH RIGHT HAND","1: 1  CONDITION APPLIES","1: 1  CONDITION APPLIES","NO","FEMALE","MALE"
1981,75250,2,0,4,33790,5,184,2,2,6,5,2,3,2,2,2,2,1,4,1,7,3,3,32,20,"Male","Non-Black / Non-Hispanic","South (AL, AR, DE, DC, FL, GA, KY, LA, MD, MS, NC, OK, SC, TN , TX, VA, WV)","Bachelor's degree (BA, BS)","In CBSA, not in central city","NO","3: Mother","YES","NO","NO","NO","YES","0: 0  CONDITION DOES NOT APPLY","ALWAYS WITH RIGHT HAND","USUALLY WITH RIGHT HAND","USUALLY WITH LEFT HAND","ALWAYS WITH RIGHT HAND","ALWAYS WITH LEFT HAND","1: 1  CONDITION APPLIES","1: 1  CONDITION APPLIES","NO","FEMALE","MALE"
1981,64735,4,1,2,6000,5,181,1,2,2,5,3,5,2,2,2,1,2,6,2,6,1,1,26,16,"Female","Black","South (AL, AR, DE, DC, FL, GA, KY, LA, MD, MS, NC, OK, SC, TN , TX, VA, WV)","High school diploma (Regular 12 year program)","In CBSA, not in central city","NO","3: Mother","NO","YES","NO","NO","YES","0: 0  CONDITION DOES NOT APPLY","ALWAYS WITH RIGHT HAND","ALWAYS WITH RIGHT HAND","ALWAYS WITH RIGHT HAND","ALWAYS WITH RIGHT HAND","ALWAYS WITH LEFT HAND","1: 1  CONDITION APPLIES","1: 1  CONDITION APPLIES","NO","FEMALE","MALE"
1982,64735,3,0,2,33790,5,160,1,1,5,3,6,6,2,2,1,2,1,6,3,8,1,1,31,23,"Female","Non-Black / Non-Hispanic","South (AL, AR, DE, DC, FL, GA, KY, LA, MD, MS, NC, OK, SC, TN , TX, VA, WV)","Bachelor's degree (BA, BS)","In CBSA, in central city","NO","3: Mother","YES","NO","NO","NO","NO","0: 0  CONDITION DOES NOT APPLY","ALWAYS WITH RIGHT HAND","ALWAYS WITH RIGHT HAND","ALWAYS WITH RIGHT HAND","ALWAYS WITH RIGHT HAND","ALWAYS WITH LEFT HAND","1: 1  CONDITION APPLIES","1: 1  CONDITION APPLIES","NO","FEMALE","MALE"
1982,64735,3,1,2,33790,5,183,1,2,1,4,3,1,2,2,1,2,2,2,2,7,1,1,31,21,"Female","Black","South (AL, AR, DE, DC, FL, GA, KY, LA, MD, MS, NC, OK, SC, TN , TX, VA, WV)","High school diploma (Regular 12 year program)","In CBSA, not in central city","YES","3: Mother","NO","YES","NO","NO","NO","0: 0  CONDITION DOES NOT APPLY","ALWAYS WITH RIGHT HAND","ALWAYS WITH RIGHT HAND","ALWAYS WITH RIGHT HAND","ALWAYS WITH RIGHT HAND","ALWAYS WITH LEFT HAND","1: 1  CONDITION APPLIES","1: 1  CONDITION APPLIES","NO","FEMALE","FEMALE"
1983,64735,2,1,4,33790,6,185,2,2,1,3,3,4,1,2,2,2,1,3,3,6,1,1,29,19,"Male","Non-Black / Non-Hispanic","South (AL, AR, DE, DC, FL, GA, KY, LA, MD, MS, NC, OK, SC, TN , TX, VA, WV)","High school diploma (Regular 12 year program)","In CBSA, not in central city","NO","3: Mother","YES","NO","NO","NO","YES","0: 0  CONDITION DOES NOT APPLY","ALWAYS WITH RIGHT HAND","ALWAYS WITH RIGHT HAND","ALWAYS WITH RIGHT HAND","ALWAYS WITH RIGHT HAND","ALWAYS WITH LEFT HAND","1: 1  CONDITION APPLIES","1: 1  CONDITION APPLIES","NO","FEMALE","MALE"
1984,64735,3,1,3,33790,5,183,2,1,1,6,2,5,2,2,2,1,2,3,2,7,1,1,29,19,"Male","Black","South (AL, AR, DE, DC, FL, GA, KY, LA, MD, MS, NC, OK, SC, TN , TX, VA, WV)","High school diploma (Regular 12 year program)","In CBSA, in central city","NO","3: Mother","NO","YES","YES","NO","NO","0: 0  CONDITION DOES NOT APPLY","ALWAYS WITH RIGHT HAND","ALWAYS WITH RIGHT HAND","ALWAYS WITH RIGHT HAND","ALWAYS WITH RIGHT HAND","ALWAYS WITH LEFT HAND","1: 1  CONDITION APPLIES","1: 1  CONDITION APPLIES","NO","FEMALE","FEMALE"
1981,64735,4,1,3,33790,5,183,1,2,1,4,2,4,2,2,2,2,1,4,3,8,1,1,30,20,"Female","Non-Black / Non-Hispanic","South (AL, AR, DE, DC, FL, GA, KY, LA, MD, MS, NC, OK, SC, TN , TX, VA, WV)","High school diploma (Regular 12 year program)","In CBSA, not in central city","NO","3: Mother","YES","YES","NO","NO","YES","0: 0  CONDITION DOES NOT APPLY","ALWAYS WITH RIGHT HAND","ALWAYS WITH RIGHT HAND","ALWAYS WITH RIGHT HAND","ALWAYS WITH RIGHT HAND","ALWAYS WITH LEFT HAND","1: 1  CONDITION APPLIES","1: 1  CONDITION APPLIES","NO","FEMALE","FEMALE"
1984,64735,3,0,1,33790,5,210,1,1,2,4,3,4,2,2,2,1,1,5,6,6,1,1,48,27,"Male","Black","South (AL, AR, DE, DC, FL, GA, KY, LA, MD, MS, NC, OK, SC, TN , TX, VA, WV)","High school diploma (Regular 12 year program)","In CBSA, in central city","YES","3: Mother","NO","YES","NO","NO","YES","0: 0  CONDITION DOES NOT APPLY","ALWAYS WITH RIGHT HAND","ALWAYS WITH RIGHT HAND","ALWAYS WITH RIGHT HAND","ALWAYS WITH RIGHT HAND","ALWAYS WITH LEFT HAND","1: 1  CONDITION APPLIES","1: 1  CONDITION APPLIES","NO","FEMALE","MALE"
1981,64735,4,1,3,33790,5,185,2,1,3,5,3,4,2,2,1,2,1,6,3,6,1,1,20,7,"Male","Black","South (AL, AR, DE, DC, FL, GA, KY, LA, MD, MS, NC, OK, SC, TN , TX, VA, WV)","High school diploma (Regular 12 year program)","In CBSA, in central city","NO","3: Mother","NO","NO","NO","NO","YES","0: 0  CONDITION DOES NOT APPLY","ALWAYS WITH RIGHT HAND","ALWAYS WITH RIGHT HAND","ALWAYS WITH RIGHT HAND","ALWAYS WITH RIGHT HAND","ALWAYS WITH LEFT HAND","1: 1  CONDITION APPLIES","1: 1  CONDITION APPLIES","NO","MALE","FEMALE"
1984,64735,5,2,3,33790,5,183,1,1,2,1,5,1,2,2,2,2,1,4,3,7,2,1,25,3,"Female","Black","North Central (IL, IN, IA, KS, MI, MN, MO, NE, OH, ND, SD, WI)","None","In CBSA, not in central city","NO","3: Mother","YES","NO","NO","NO","YES","0: 0  CONDITION DOES NOT APPLY","ALWAYS WITH LEFT HAND","ALWAYS WITH LEFT HAND","ALWAYS WITH LEFT HAND","ALWAYS WITH LEFT HAND","DON'T DO THIS ACTIVITY","1: 1  CONDITION APPLIES","0: 0  CONDITION DOES NOT APPLY","NO","FEMALE","FEMALE"
1980,64735,3,1,3,33790,6,183,1,1,1,1,2,4,2,2,2,2,2,1,3,7,1,1,31,21,"Female","Non-Black / Non-Hispanic","South (AL, AR, DE, DC, FL, GA, KY, LA, MD, MS, NC, OK, SC, TN , TX, VA, WV)","High school diploma (Regular 12 year program)","In CBSA, not in central city","NO","3: Mother","NO","YES","NO","NO","NO","0: 0  CONDITION DOES NOT APPLY","ALWAYS WITH RIGHT HAND","ALWAYS WITH RIGHT HAND","ALWAYS WITH RIGHT HAND","ALWAYS WITH RIGHT HAND","ALWAYS WITH LEFT HAND","1: 1  CONDITION APPLIES","1: 1  CONDITION APPLIES","YES","FEMALE","MALE"
1984,64735,4,1,3,33790,5,179,1,1,2,3,1,5,1,1,1,2,1,6,3,7,1,1,33,22,"Female","Black","South (AL, AR, DE, DC, FL, GA, KY, LA, MD, MS, NC, OK, SC, TN , TX, VA, WV)","High school diploma (Regular 12 year program)","In CBSA, in central city","NO","3: Mother","YES","YES","NO","NO","YES","0: 0  CONDITION DOES NOT APPLY","ALWAYS WITH RIGHT HAND","ALWAYS WITH RIGHT HAND","ALWAYS WITH RIGHT HAND","ALWAYS WITH RIGHT HAND","ALWAYS WITH LEFT HAND","1: 1  CONDITION APPLIES","1: 1  CONDITION APPLIES","NO","MALE","MALE"
1983,64735,3,0,2,33790,5,182,2,2,1,6,3,6,2,2,2,1,1,5,2,6,1,1,32,21,"Male","Non-Black / Non-Hispanic","South (AL, AR, DE, DC, FL, GA, KY, LA, MD, MS, NC, OK, SC, TN , TX, VA, WV)","High school diploma (Regular 12 year program)","In CBSA, not in central city","NO","3: Mother","YES","YES","NO","NO","NO","0: 0  CONDITION DOES NOT APPLY","ALWAYS WITH RIGHT HAND","ALWAYS WITH RIGHT HAND","ALWAYS WITH RIGHT HAND","ALWAYS WITH RIGHT HAND","USUALLY WITH RIGHT HAND","1: 1  CONDITION APPLIES","1: 1  CONDITION APPLIES","NO","MALE","MALE"
1983,64735,5,0,3,33790,5,180,1,2,1,3,3,2,1,1,2,2,2,1,1,7,1,1,31,19,"Male","Black","South (AL, AR, DE, DC, FL, GA, KY, LA, MD, MS, NC, OK, SC, TN , TX, VA, WV)","High school diploma (Regular 12 year program)","In CBSA, not in central city","NO","3: Mother","NO","YES","NO","NO","NO","0: 0  CONDITION DOES NOT APPLY","ALWAYS WITH RIGHT HAND","ALWAYS WITH RIGHT HAND","ALWAYS WITH RIGHT HAND","ALWAYS WITH RIGHT HAND","ALWAYS WITH LEFT HAND","1: 1  CONDITION APPLIES","1: 1  CONDITION APPLIES","NO","FEMALE","MALE"
1980,64735,4,1,2,33790,5,182,1,1,1,5,9,7,2,2,1,2,2,5,3,8,1,1,33,23,"Male","Black","South (AL, AR, DE, DC, FL, GA, KY, LA, MD, MS, NC, OK, SC, TN , TX, VA, WV)","Bachelor's degree (BA, BS)","In CBSA, not in central city","NO","3: Mother","NO","YES","NO","NO","NO","0: 0  CONDITION DOES NOT APPLY","ALWAYS WITH RIGHT HAND","ALWAYS WITH RIGHT HAND","ALWAYS WITH LEFT HAND","ALWAYS WITH RIGHT HAND","ALWAYS WITH LEFT HAND","0: 0  CONDITION DOES NOT APPLY","1: 1  CONDITION APPLIES","NO","FEMALE","FEMALE"
1983,15000,1,0,1,15000,6,182,1,1,5,3,1,5,1,1,1,1,1,2,1,5,1,1,33,21,"Male","Black","West (AK, AZ, CA, CO, HI, ID, MT, NV, NM, OR, UT, WA, WY)","High school diploma (Regular 12 year program)","In CBSA, in central city","NO","3: Mother","YES","NO","NO","NO","NO","0: 0  CONDITION DOES NOT APPLY","ALWAYS WITH RIGHT HAND","ALWAYS WITH RIGHT HAND","ALWAYS WITH RIGHT HAND","ALWAYS WITH RIGHT HAND","ALWAYS WITH LEFT HAND","1: 1  CONDITION APPLIES","1: 1  CONDITION APPLIES","NO","FEMALE","MALE"
1983,64735,2,0,2,33790,5,175,1,1,1,4,4,3,2,2,1,1,1,3,2,7,2,1,63,30,"Male","Black","South (AL, AR, DE, DC, FL, GA, KY, LA, MD, MS, NC, OK, SC, TN , TX, VA, WV)","High school diploma (Regular 12 year program)","In CBSA, not in central city","YES","3: Mother","YES","YES","NO","NO","NO","0: 0  CONDITION DOES NOT APPLY","ALWAYS WITH RIGHT HAND","ALWAYS WITH RIGHT HAND","ALWAYS WITH RIGHT HAND","ALWAYS WITH RIGHT HAND","ALWAYS WITH LEFT HAND","1: 1  CONDITION APPLIES","1: 1  CONDITION APPLIES","NO","MALE","FEMALE"
1983,64735,2,0,2,33790,5,183,1,2,3,4,3,4,2,2,2,2,1,7,4,7,1,1,27,19,"Female","Non-Black / Non-Hispanic","South (AL, AR, DE, DC, FL, GA, KY, LA, MD, MS, NC, OK, SC, TN , TX, VA, WV)","Bachelor's degree (BA, BS)","In CBSA, not in central city","NO","3: Mother","YES","NO","NO","NO","YES","0: 0  CONDITION DOES NOT APPLY","ALWAYS WITH RIGHT HAND","ALWAYS WITH RIGHT HAND","ALWAYS WITH RIGHT HAND","ALWAYS WITH RIGHT HAND","ALWAYS WITH LEFT HAND","0: 0  CONDITION DOES NOT APPLY","0: 0  CONDITION DOES NOT APPLY","NO","MALE","MALE"
1986,64735,4,0,1,33790,5,181,1,1,2,4,4,5,2,2,1,1,1,5,2,6,1,1,34,10,"Female","Black","South (AL, AR, DE, DC, FL, GA, KY, LA, MD, MS, NC, OK, SC, TN , TX, VA, WV)","High school diploma (Regular 12 year program)","In CBSA, not in central city","NO","3: Mother","NO","YES","NO","NO","NO","0: 0  CONDITION DOES NOT APPLY","ALWAYS WITH RIGHT HAND","ALWAYS WITH RIGHT HAND","ALWAYS WITH RIGHT HAND","ALWAYS WITH RIGHT HAND","ALWAYS WITH LEFT HAND","1: 1  CONDITION APPLIES","0: 0  CONDITION DOES NOT APPLY","NO","FEMALE","FEMALE"
1985,64735,5,1,2,33790,5,180,1,1,3,3,6,3,1,2,2,2,1,4,1,6,1,1,49,24,"Male","Hispanic","West (AK, AZ, CA, CO, HI, ID, MT, NV, NM, OR, UT, WA, WY)","High school diploma (Regular 12 year program)","In CBSA, not in central city","NO","3: Mother","YES","NO","NO","YES","NO","0: 0  CONDITION DOES NOT APPLY","ALWAYS WITH RIGHT HAND","ALWAYS WITH RIGHT HAND","ALWAYS WITH RIGHT HAND","ALWAYS WITH RIGHT HAND","ALWAYS WITH LEFT HAND","1: 1  CONDITION APPLIES","1: 1  CONDITION APPLIES","NO","FEMALE","FEMALE"
1983,64735,4,1,2,33790,6,180,1,1,1,4,2,3,2,2,1,3,1,5,3,6,1,1,34,21,"Male","Non-Black / Non-Hispanic","South (AL, AR, DE, DC, FL, GA, KY, LA, MD, MS, NC, OK, SC, TN , TX, VA, WV)","Bachelor's degree (BA, BS)","In CBSA, not in central city","NO","3: Mother","NO","YES","NO","NO","YES","0: 0  CONDITION DOES NOT APPLY","ALWAYS WITH RIGHT HAND","ALWAYS WITH RIGHT HAND","ALWAYS WITH RIGHT HAND","ALWAYS WITH RIGHT HAND","ALWAYS WITH LEFT HAND","1: 1  CONDITION APPLIES","1: 1  CONDITION APPLIES","NO","FEMALE","MALE"
1982,64735,2,0,1,33790,5,182,1,1,5,3,2,5,2,2,1,2,2,6,3,7,1,1,35,24,"Female","Non-Black / Non-Hispanic","South (AL, AR, DE, DC, FL, GA, KY, LA, MD, MS, NC, OK, SC, TN , TX, VA, WV)","Master's degree (MA, MS)","In CBSA, in central city","NO","3: Mother","NO","YES","NO","NO","YES","0: 0  CONDITION DOES NOT APPLY","ALWAYS WITH RIGHT HAND","ALWAYS WITH RIGHT HAND","ALWAYS WITH RIGHT HAND","ALWAYS WITH RIGHT HAND","ALWAYS WITH LEFT HAND","1: 1  CONDITION APPLIES","1: 1  CONDITION APPLIES","NO","FEMALE","MALE"
1981,64735,4,0,2,33790,5,183,1,1,4,3,5,4,2,2,1,2,1,6,2,6,1,1,32,22,"Female","Non-Black / Non-Hispanic","South (AL, AR, DE, DC, FL, GA, KY, LA, MD, MS, NC, OK, SC, TN , TX, VA, WV)","High school diploma (Regular 12 year program)","In CBSA, not in central city","NO","3: Mother","YES","NO","NO","NO","YES","0: 0  CONDITION DOES NOT APPLY","ALWAYS WITH RIGHT HAND","ALWAYS WITH RIGHT HAND","ALWAYS WITH RIGHT HAND","ALWAYS WITH RIGHT HAND","ALWAYS WITH RIGHT HAND","1: 1  CONDITION APPLIES","1: 1  CONDITION APPLIES","NO","MALE","FEMALE"
1981,7500,4,1,2,33790,6,183,1,2,1,1,2,5,2,2,1,2,2,5,3,7,1,1,31,20,"Female","Black","South (AL, AR, DE, DC, FL, GA, KY, LA, MD, MS, NC, OK, SC, TN , TX, VA, WV)","High school diploma (Regular 12 year program)","In CBSA, not in central city","NO","3: Mother","YES","YES","NO","NO","YES","0: 0  CONDITION DOES NOT APPLY","ALWAYS WITH RIGHT HAND","ALWAYS WITH RIGHT HAND","ALWAYS WITH RIGHT HAND","ALWAYS WITH RIGHT HAND","ALWAYS WITH RIGHT HAND","1: 1  CONDITION APPLIES","1: 1  CONDITION APPLIES","NO","FEMALE","MALE"
1983,64735,6,1,3,16000,5,182,1,1,2,3,2,5,2,2,2,2,2,2,2,6,1,1,37,19,"Male","Black","South (AL, AR, DE, DC, FL, GA, KY, LA, MD, MS, NC, OK, SC, TN , TX, VA, WV)","High school diploma (Regular 12 year program)","In CBSA, in central city","NO","3: Mother","NO","YES","NO","NO","NO","0: 0  CONDITION DOES NOT APPLY","ALWAYS WITH RIGHT HAND","ALWAYS WITH RIGHT HAND","ALWAYS WITH RIGHT HAND","USUALLY WITH BOTH HANDS EQUALLY","ALWAYS WITH LEFT HAND","1: 1  CONDITION APPLIES","1: 1  CONDITION APPLIES","NO","FEMALE","FEMALE"
1984,64735,3,1,4,33790,5,185,1,1,2,2,3,2,2,2,2,2,1,4,3,7,1,1,31,18,"Female","Black","South (AL, AR, DE, DC, FL, GA, KY, LA, MD, MS, NC, OK, SC, TN , TX, VA, WV)","Bachelor's degree (BA, BS)","In CBSA, in central city","NO","3: Mother","NO","NO","NO","NO","YES","0: 0  CONDITION DOES NOT APPLY","ALWAYS WITH LEFT HAND","ALWAYS WITH LEFT HAND","ALWAYS WITH LEFT HAND","ALWAYS WITH LEFT HAND","ALWAYS WITH RIGHT HAND","1: 1  CONDITION APPLIES","1: 1  CONDITION APPLIES","NO","FEMALE","MALE"
1981,64735,4,1,2,33790,5,183,1,1,5,1,3,2,2,2,2,2,1,5,3,8,1,1,31,26,"Female","Non-Black / Non-Hispanic","North Central (IL, IN, IA, KS, MI, MN, MO, NE, OH, ND, SD, WI)","High school diploma (Regular 12 year program)","In CBSA, in central city","YES","3: Mother","YES","NO","NO","NO","YES","0: 0  CONDITION DOES NOT APPLY","ALWAYS WITH RIGHT HAND","USUALLY WITH RIGHT HAND","ALWAYS WITH RIGHT HAND","ALWAYS WITH RIGHT HAND","ALWAYS WITH LEFT HAND","1: 1  CONDITION APPLIES","1: 1  CONDITION APPLIES","NO","FEMALE","MALE"
1987,64735,2,1,3,33790,5,182,1,1,1,5,2,3,2,2,2,2,1,6,2,7,1,1,32,20,"Male","Non-Black / Non-Hispanic","Northeast (CT, ME, MA, NH, NJ, NY, PA, RI, VT)","Bachelor's degree (BA, BS)","In CBSA, not in central city","NO","3: Mother","YES","NO","NO","NO","YES","0: 0  CONDITION DOES NOT APPLY","ALWAYS WITH RIGHT HAND","ALWAYS WITH RIGHT HAND","ALWAYS WITH RIGHT HAND","ALWAYS WITH RIGHT HAND","ALWAYS WITH LEFT HAND","1: 1  CONDITION APPLIES","0: 0  CONDITION DOES NOT APPLY","NO","FEMALE","FEMALE"
1982,63800,3,1,4,24200,5,183,1,1,1,1,3,3,2,2,2,1,2,4,1,6,1,1,32,20,"Female","Non-Black / Non-Hispanic","South (AL, AR, DE, DC, FL, GA, KY, LA, MD, MS, NC, OK, SC, TN , TX, VA, WV)","High school diploma (Regular 12 year program)","In CBSA, in central city","NO","3: Mother","NO","NO","NO","NO","YES","0: 0  CONDITION DOES NOT APPLY","ALWAYS WITH RIGHT HAND","ALWAYS WITH RIGHT HAND","ALWAYS WITH RIGHT HAND","ALWAYS WITH RIGHT HAND","ALWAYS WITH LEFT HAND","1: 1  CONDITION APPLIES","1: 1  CONDITION APPLIES","NO","FEMALE","FEMALE"
1980,64735,2,0,2,33790,5,183,1,1,2,4,3,3,2,2,1,2,1,1,3,4,1,1,31,20,"Male","Black","West (AK, AZ, CA, CO, HI, ID, MT, NV, NM, OR, UT, WA, WY)","GED","In CBSA, not in central city","NO","3: Mother","YES","YES","NO","NO","YES","1: 1  CONDITION APPLIES","ALWAYS WITH RIGHT HAND","ALWAYS WITH RIGHT HAND","ALWAYS WITH RIGHT HAND","ALWAYS WITH RIGHT HAND","ALWAYS WITH LEFT HAND","0: 0  CONDITION DOES NOT APPLY","1: 1  CONDITION APPLIES","NO","FEMALE","FEMALE"
1982,64735,4,0,3,33790,5,183,1,1,2,2,1,4,1,2,2,1,2,1,2,5,1,1,32,23,"Male","Black","South (AL, AR, DE, DC, FL, GA, KY, LA, MD, MS, NC, OK, SC, TN , TX, VA, WV)","High school diploma (Regular 12 year program)","In CBSA, in central city","NO","3: Mother","NO","YES","NO","NO","NO","0: 0  CONDITION DOES NOT APPLY","ALWAYS WITH RIGHT HAND","ALWAYS WITH RIGHT HAND","ALWAYS WITH RIGHT HAND","ALWAYS WITH RIGHT HAND","ALWAYS WITH LEFT HAND","1: 1  CONDITION APPLIES","1: 1  CONDITION APPLIES","NO","FEMALE","MALE"
1985,64735,2,0,1,75000,5,181,1,1,1,3,2,5,2,2,2,2,1,7,2,6,1,2,33,26,"Female","Black","Northeast (CT, ME, MA, NH, NJ, NY, PA, RI, VT)","Bachelor's degree (BA, BS)","In CBSA, not in central city","NO","3: Mother","NO","NO","NO","NO","NO","0: 0  CONDITION DOES NOT APPLY","USUALLY WITH RIGHT HAND","ALWAYS WITH LEFT HAND","USUALLY WITH BOTH HANDS EQUALLY","USUALLY WITH RIGHT HAND","ALWAYS WITH LEFT HAND","1: 1  CONDITION APPLIES","1: 1  CONDITION APPLIES","NO","MALE","MALE"
1984,118000,3,0,1,28000,5,181,1,1,1,3,2,6,2,2,1,2,2,5,3,7,1,1,53,30,"Female","Non-Black / Non-Hispanic","South (AL, AR, DE, DC, FL, GA, KY, LA, MD, MS, NC, OK, SC, TN , TX, VA, WV)","Bachelor's degree (BA, BS)","In CBSA, in central city","NO","3: Mother","NO","YES","NO","NO","YES","0: 0  CONDITION DOES NOT APPLY","ALWAYS WITH RIGHT HAND","ALWAYS WITH RIGHT HAND","ALWAYS WITH RIGHT HAND","ALWAYS WITH RIGHT HAND","USUALLY WITH LEFT HAND","1: 1  CONDITION APPLIES","1: 1  CONDITION APPLIES","NO","FEMALE","MALE"
1985,165300,2,0,3,33790,5,183,2,1,3,4,2,1,2,2,1,2,1,4,1,6,1,1,40,51,"Female","Non-Black / Non-Hispanic","North Central (IL, IN, IA, KS, MI, MN, MO, NE, OH, ND, SD, WI)","High school diploma (Regular 12 year program)","Not in CBSA","YES","3: Mother","YES","YES","NO","NO","YES","0: 0  CONDITION DOES NOT APPLY","ALWAYS WITH RIGHT HAND","ALWAYS WITH RIGHT HAND","ALWAYS WITH RIGHT HAND","ALWAYS WITH RIGHT HAND","ALWAYS WITH RIGHT HAND","1: 1  CONDITION APPLIES","1: 1  CONDITION APPLIES","NO","FEMALE","MALE"
1980,64735,5,0,3,33790,5,185,2,1,4,5,2,3,2,2,2,2,1,2,2,7,1,1,31,27,"Male","Black","West (AK, AZ, CA, CO, HI, ID, MT, NV, NM, OR, UT, WA, WY)","High school diploma (Regular 12 year program)","In CBSA, not in central city","YES","3: Mother","YES","YES","NO","NO","NO","0: 0  CONDITION DOES NOT APPLY","ALWAYS WITH RIGHT HAND","ALWAYS WITH RIGHT HAND","ALWAYS WITH RIGHT HAND","ALWAYS WITH RIGHT HAND","ALWAYS WITH LEFT HAND","1: 1  CONDITION APPLIES","1: 1  CONDITION APPLIES","NO","FEMALE","MALE"
1982,0,5,0,2,33790,5,182,2,2,2,3,1,3,2,1,1,1,2,1,3,7,1,1,32,20,"Male","Hispanic","West (AK, AZ, CA, CO, HI, ID, MT, NV, NM, OR, UT, WA, WY)","None","In CBSA, in central city","NO","3: Mother","NO","YES","NO","NO","NO","0: 0  CONDITION DOES NOT APPLY","DON'T DO THIS ACTIVITY","DON'T DO THIS ACTIVITY","ALWAYS WITH RIGHT HAND","ALWAYS WITH RIGHT HAND","ALWAYS WITH LEFT HAND","1: 1  CONDITION APPLIES","1: 1  CONDITION APPLIES","YES","FEMALE","FEMALE"
1984,64735,4,0,4,12000,5,183,1,2,5,4,2,7,2,2,2,4,2,4,1,8,1,1,31,23,"Male","Non-Black / Non-Hispanic","Northeast (CT, ME, MA, NH, NJ, NY, PA, RI, VT)","Bachelor's degree (BA, BS)","In CBSA, not in central city","NO","3: Mother","YES","NO","NO","NO","YES","0: 0  CONDITION DOES NOT APPLY","ALWAYS WITH RIGHT HAND","ALWAYS WITH RIGHT HAND","ALWAYS WITH RIGHT HAND","ALWAYS WITH RIGHT HAND","ALWAYS WITH LEFT HAND","1: 1  CONDITION APPLIES","1: 1  CONDITION APPLIES","NO","FEMALE","MALE"
1981,64735,3,1,2,33790,5,184,1,1,4,4,2,2,2,2,2,2,1,8,1,6,1,1,29,22,"Female","Hispanic","Northeast (CT, ME, MA, NH, NJ, NY, PA, RI, VT)","Bachelor's degree (BA, BS)","In CBSA, in central city","NO","3: Mother","YES","NO","NO","NO","NO","0: 0  CONDITION DOES NOT APPLY","ALWAYS WITH RIGHT HAND","USUALLY WITH BOTH HANDS EQUALLY","ALWAYS WITH RIGHT HAND","ALWAYS WITH RIGHT HAND","ALWAYS WITH LEFT HAND","1: 1  CONDITION APPLIES","1: 1  CONDITION APPLIES","NO","FEMALE","MALE"
1983,64735,3,0,1,33790,5,184,1,1,1,3,2,2,2,2,2,2,1,4,3,7,1,1,31,20,"Female","Hispanic","Northeast (CT, ME, MA, NH, NJ, NY, PA, RI, VT)","High school diploma (Regular 12 year program)","In CBSA, not in central city","NO","3: Mother","NO","YES","NO","NO","NO","0: 0  CONDITION DOES NOT APPLY","ALWAYS WITH RIGHT HAND","ALWAYS WITH RIGHT HAND","DON'T DO THIS ACTIVITY","ALWAYS WITH RIGHT HAND","ALWAYS WITH LEFT HAND","0: 0  CONDITION DOES NOT APPLY","0: 0  CONDITION DOES NOT APPLY","NO","FEMALE","FEMALE"
1981,64735,2,1,3,33790,5,183,2,2,5,4,6,4,2,2,2,2,1,6,2,8,1,1,7,15,"Female","Non-Black / Non-Hispanic","South (AL, AR, DE, DC, FL, GA, KY, LA, MD, MS, NC, OK, SC, TN , TX, VA, WV)","High school diploma (Regular 12 year program)","In CBSA, not in central city","NO","3: Mother","NO","NO","NO","NO","YES","0: 0  CONDITION DOES NOT APPLY","ALWAYS WITH RIGHT HAND","USUALLY WITH RIGHT HAND","DON'T DO THIS ACTIVITY","ALWAYS WITH RIGHT HAND","ALWAYS WITH LEFT HAND","1: 1  CONDITION APPLIES","1: 1  CONDITION APPLIES","NO","FEMALE","MALE"
1983,64735,3,0,4,33790,5,185,1,1,2,4,3,3,2,2,1,1,1,5,2,7,1,1,31,22,"Male","Non-Black / Non-Hispanic","South (AL, AR, DE, DC, FL, GA, KY, LA, MD, MS, NC, OK, SC, TN , TX, VA, WV)","Bachelor's degree (BA, BS)","In CBSA, in central city","NO","3: Mother","NO","YES","NO","NO","NO","1: 1  CONDITION APPLIES","ALWAYS WITH RIGHT HAND","ALWAYS WITH RIGHT HAND","ALWAYS WITH LEFT HAND","ALWAYS WITH RIGHT HAND","ALWAYS WITH RIGHT HAND","1: 1  CONDITION APPLIES","1: 1  CONDITION APPLIES","NO","FEMALE","MALE"
1981,64735,1,1,1,33790,5,212,1,2,3,5,5,7,2,2,1,2,1,6,2,7,1,1,30,20,"Female","Black","South (AL, AR, DE, DC, FL, GA, KY, LA, MD, MS, NC, OK, SC, TN , TX, VA, WV)","Bachelor's degree (BA, BS)","In CBSA, in central city","NO","3: Mother","YES","NO","NO","NO","YES","0: 0  CONDITION DOES NOT APPLY","ALWAYS WITH RIGHT HAND","ALWAYS WITH RIGHT HAND","ALWAYS WITH RIGHT HAND","ALWAYS WITH RIGHT HAND","ALWAYS WITH LEFT HAND","1: 1  CONDITION APPLIES","0: 0  CONDITION DOES NOT APPLY","NO","MALE","FEMALE"
1983,64735,2,0,1,33790,5,181,1,1,2,2,3,5,2,2,1,1,1,6,3,6,1,1,35,13,"Female","Black","South (AL, AR, DE, DC, FL, GA, KY, LA, MD, MS, NC, OK, SC, TN , TX, VA, WV)","High school diploma (Regular 12 year program)","In CBSA, not in central city","NO","3: Mother","NO","NO","NO","NO","YES","0: 0  CONDITION DOES NOT APPLY","ALWAYS WITH RIGHT HAND","ALWAYS WITH RIGHT HAND","USUALLY WITH RIGHT HAND","ALWAYS WITH RIGHT HAND","ALWAYS WITH LEFT HAND","1: 1  CONDITION APPLIES","0: 0  CONDITION DOES NOT APPLY","NO","MALE","FEMALE"
1986,64735,3,0,5,33790,5,183,1,2,1,5,3,1,2,2,2,2,2,1,1,8,2,1,28,20,"Female","Black","South (AL, AR, DE, DC, FL, GA, KY, LA, MD, MS, NC, OK, SC, TN , TX, VA, WV)","High school diploma (Regular 12 year program)","In CBSA, not in central city","NO","3: Mother","YES","NO","NO","NO","NO","0: 0  CONDITION DOES NOT APPLY","ALWAYS WITH RIGHT HAND","ALWAYS WITH RIGHT HAND","ALWAYS WITH RIGHT HAND","ALWAYS WITH RIGHT HAND","ALWAYS WITH LEFT HAND","1: 1  CONDITION APPLIES","1: 1  CONDITION APPLIES","NO","MALE","MALE"
1983,64735,3,1,5,33790,5,175,2,2,2,4,5,6,2,2,1,2,1,4,2,6,3,1,26,0,"Male","Non-Black / Non-Hispanic","South (AL, AR, DE, DC, FL, GA, KY, LA, MD, MS, NC, OK, SC, TN , TX, VA, WV)","Bachelor's degree (BA, BS)","In CBSA, in central city","NO","3: Mother","YES","NO","NO","NO","YES","0: 0  CONDITION DOES NOT APPLY","ALWAYS WITH RIGHT HAND","ALWAYS WITH RIGHT HAND","ALWAYS WITH RIGHT HAND","ALWAYS WITH RIGHT HAND","ALWAYS WITH RIGHT HAND","1: 1  CONDITION APPLIES","1: 1  CONDITION APPLIES","NO","MALE","FEMALE"
1983,64735,4,1,2,33790,5,181,2,1,2,3,3,4,2,1,1,1,1,3,2,7,1,1,27,20,"Male","Black","South (AL, AR, DE, DC, FL, GA, KY, LA, MD, MS, NC, OK, SC, TN , TX, VA, WV)","GED","In CBSA, not in central city","NO","3: Mother","NO","NO","NO","YES","NO","0: 0  CONDITION DOES NOT APPLY","ALWAYS WITH RIGHT HAND","ALWAYS WITH RIGHT HAND","ALWAYS WITH RIGHT HAND","ALWAYS WITH RIGHT HAND","ALWAYS WITH LEFT HAND","1: 1  CONDITION APPLIES","1: 1  CONDITION APPLIES","NO","MALE","MALE"
1984,64735,4,1,2,10000,5,165,1,1,1,3,1,1,2,2,1,2,1,7,2,7,1,1,9,16,"Male","Black","North Central (IL, IN, IA, KS, MI, MN, MO, NE, OH, ND, SD, WI)","Associate/Junior college (AA)","In CBSA, not in central city","NO","3: Mother","NO","YES","NO","NO","YES","0: 0  CONDITION DOES NOT APPLY","ALWAYS WITH RIGHT HAND","ALWAYS WITH RIGHT HAND","ALWAYS WITH RIGHT HAND","DON'T DO THIS ACTIVITY","DON'T DO THIS ACTIVITY","1: 1  CONDITION APPLIES","1: 1  CONDITION APPLIES","NO","MALE","MALE"
1984,29000,2,0,3,33790,5,153,1,1,3,4,3,5,2,2,1,2,1,6,2,6,2,2,31,25,"Female","Hispanic","South (AL, AR, DE, DC, FL, GA, KY, LA, MD, MS, NC, OK, SC, TN , TX, VA, WV)","High school diploma (Regular 12 year program)","In CBSA, in central city","NO","3: Mother","NO","NO","NO","NO","YES","0: 0  CONDITION DOES NOT APPLY","ALWAYS WITH RIGHT HAND","ALWAYS WITH RIGHT HAND","ALWAYS WITH RIGHT HAND","ALWAYS WITH RIGHT HAND","ALWAYS WITH LEFT HAND","1: 1  CONDITION APPLIES","1: 1  CONDITION APPLIES","NO","FEMALE","MALE"
1980,64735,3,1,2,12000,5,184,2,1,4,3,2,4,2,2,1,2,1,5,1,8,1,1,8,17,"Female","Non-Black / Non-Hispanic","South (AL, AR, DE, DC, FL, GA, KY, LA, MD, MS, NC, OK, SC, TN , TX, VA, WV)","High school diploma (Regular 12 year program)","In CBSA, not in central city","NO","3: Mother","YES","YES","NO","NO","YES","0: 0  CONDITION DOES NOT APPLY","ALWAYS WITH RIGHT HAND","ALWAYS WITH RIGHT HAND","ALWAYS WITH RIGHT HAND","ALWAYS WITH RIGHT HAND","ALWAYS WITH LEFT HAND","1: 1  CONDITION APPLIES","1: 1  CONDITION APPLIES","NO","FEMALE","MALE"
1983,64735,3,1,5,33790,5,180,1,1,5,3,2,4,2,2,2,1,2,3,2,8,1,1,30,20,"Male","Non-Black / Non-Hispanic","South (AL, AR, DE, DC, FL, GA, KY, LA, MD, MS, NC, OK, SC, TN , TX, VA, WV)","High school diploma (Regular 12 year program)","In CBSA, not in central city","NO","3: Mother","YES","NO","YES","NO","YES","0: 0  CONDITION DOES NOT APPLY","ALWAYS WITH RIGHT HAND","ALWAYS WITH RIGHT HAND","ALWAYS WITH RIGHT HAND","ALWAYS WITH RIGHT HAND","ALWAYS WITH LEFT HAND","1: 1  CONDITION APPLIES","1: 1  CONDITION APPLIES","NO","FEMALE","MALE"
1982,64735,3,1,2,33790,5,181,2,2,4,5,1,5,1,2,1,2,1,3,2,6,1,1,28,20,"Male","Black","South (AL, AR, DE, DC, FL, GA, KY, LA, MD, MS, NC, OK, SC, TN , TX, VA, WV)","Bachelor's degree (BA, BS)","In CBSA, not in central city","NO","3: Mother","YES","NO","NO","NO","NO","0: 0  CONDITION DOES NOT APPLY","ALWAYS WITH RIGHT HAND","ALWAYS WITH RIGHT HAND","ALWAYS WITH RIGHT HAND","ALWAYS WITH RIGHT HAND","ALWAYS WITH LEFT HAND","1: 1  CONDITION APPLIES","1: 1  CONDITION APPLIES","NO","FEMALE","FEMALE"
1980,68000,4,1,5,33790,6,183,1,2,5,4,2,4,2,2,2,2,2,3,3,7,1,1,28,16,"Female","Black","South (AL, AR, DE, DC, FL, GA, KY, LA, MD, MS, NC, OK, SC, TN , TX, VA, WV)","High school diploma (Regular 12 year program)","In CBSA, in central city","NO","3: Mother","YES","YES","NO","NO","YES","0: 0  CONDITION DOES NOT APPLY","ALWAYS WITH RIGHT HAND","ALWAYS WITH RIGHT HAND","ALWAYS WITH RIGHT HAND","ALWAYS WITH RIGHT HAND","ALWAYS WITH RIGHT HAND","1: 1  CONDITION APPLIES","1: 1  CONDITION APPLIES","NO","FEMALE","FEMALE"
1981,64735,4,0,3,33790,5,181,1,1,2,4,3,3,2,2,1,2,2,3,2,5,1,1,32,19,"Female","Black","Northeast (CT, ME, MA, NH, NJ, NY, PA, RI, VT)","GED","In CBSA, in central city","NO","3: Mother","YES","YES","NO","NO","YES","0: 0  CONDITION DOES NOT APPLY","ALWAYS WITH RIGHT HAND","ALWAYS WITH RIGHT HAND","ALWAYS WITH RIGHT HAND","ALWAYS WITH LEFT HAND","ALWAYS WITH RIGHT HAND","1: 1  CONDITION APPLIES","1: 1  CONDITION APPLIES","YES","FEMALE","MALE"
1982,64735,6,0,5,33790,5,181,1,2,5,2,3,3,2,2,2,2,2,3,1,7,1,1,31,23,"Male","Non-Black / Non-Hispanic","West (AK, AZ, CA, CO, HI, ID, MT, NV, NM, OR, UT, WA, WY)","High school diploma (Regular 12 year program)","In CBSA, not in central city","YES","3: Mother","YES","YES","NO","YES","NO","0: 0  CONDITION DOES NOT APPLY","ALWAYS WITH RIGHT HAND","ALWAYS WITH RIGHT HAND","USUALLY WITH RIGHT HAND","USUALLY WITH RIGHT HAND","ALWAYS WITH LEFT HAND","1: 1  CONDITION APPLIES","1: 1  CONDITION APPLIES","NO","FEMALE","MALE"
1984,64735,3,1,4,33790,5,184,1,1,7,5,3,7,2,2,1,1,1,2,2,6,1,1,6,17,"Female","Black","South (AL, AR, DE, DC, FL, GA, KY, LA, MD, MS, NC, OK, SC, TN , TX, VA, WV)","High school diploma (Regular 12 year program)","In CBSA, in central city","NO","3: Mother","NO","YES","YES","NO","NO","0: 0  CONDITION DOES NOT APPLY","ALWAYS WITH RIGHT HAND","ALWAYS WITH RIGHT HAND","USUALLY WITH BOTH HANDS EQUALLY","ALWAYS WITH RIGHT HAND","ALWAYS WITH LEFT HAND","1: 1  CONDITION APPLIES","1: 1  CONDITION APPLIES","NO","MALE","FEMALE"
1981,64735,2,0,2,33790,5,184,1,1,3,4,9,3,2,1,1,2,1,5,5,7,1,1,31,25,"Male","Black","South (AL, AR, DE, DC, FL, GA, KY, LA, MD, MS, NC, OK, SC, TN , TX, VA, WV)","Associate/Junior college (AA)","In CBSA, in central city","NO","3: Mother","NO","YES","YES","NO","YES","0: 0  CONDITION DOES NOT APPLY","ALWAYS WITH RIGHT HAND","ALWAYS WITH RIGHT HAND","ALWAYS WITH RIGHT HAND","ALWAYS WITH RIGHT HAND","ALWAYS WITH LEFT HAND","1: 1  CONDITION APPLIES","1: 1  CONDITION APPLIES","NO","MALE","MALE"
1982,64735,3,1,1,33790,5,183,1,2,2,5,8,3,2,2,2,2,2,6,3,6,1,1,28,21,"Female","Non-Black / Non-Hispanic","South (AL, AR, DE, DC, FL, GA, KY, LA, MD, MS, NC, OK, SC, TN , TX, VA, WV)","High school diploma (Regular 12 year program)","In CBSA, not in central city","NO","3: Mother","YES","NO","NO","NO","YES","0: 0  CONDITION DOES NOT APPLY","ALWAYS WITH RIGHT HAND","ALWAYS WITH RIGHT HAND","ALWAYS WITH RIGHT HAND","ALWAYS WITH RIGHT HAND","ALWAYS WITH LEFT HAND","1: 1  CONDITION APPLIES","1: 1  CONDITION APPLIES","YES","MALE","FEMALE"
1983,11500,2,0,2,33790,5,182,1,1,1,2,2,7,2,2,2,2,1,1,3,8,1,1,31,23,"Male","Black","South (AL, AR, DE, DC, FL, GA, KY, LA, MD, MS, NC, OK, SC, TN , TX, VA, WV)","High school diploma (Regular 12 year program)","In CBSA, not in central city","YES","3: Mother","NO","YES","NO","YES","YES","0: 0  CONDITION DOES NOT APPLY","ALWAYS WITH RIGHT HAND","ALWAYS WITH RIGHT HAND","USUALLY WITH BOTH HANDS EQUALLY","ALWAYS WITH RIGHT HAND","ALWAYS WITH LEFT HAND","1: 1  CONDITION APPLIES","1: 1  CONDITION APPLIES","NO","FEMALE","MALE"
1980,64735,3,1,2,33790,5,184,1,2,3,4,6,5,2,2,2,2,1,4,2,7,1,1,29,19,"Female","Non-Black / Non-Hispanic","South (AL, AR, DE, DC, FL, GA, KY, LA, MD, MS, NC, OK, SC, TN , TX, VA, WV)","Bachelor's degree (BA, BS)","In CBSA, in central city","NO","3: Mother","YES","NO","NO","NO","YES","0: 0  CONDITION DOES NOT APPLY","ALWAYS WITH RIGHT HAND","ALWAYS WITH RIGHT HAND","ALWAYS WITH RIGHT HAND","ALWAYS WITH RIGHT HAND","ALWAYS WITH LEFT HAND","1: 1  CONDITION APPLIES","1: 1  CONDITION APPLIES","NO","FEMALE","FEMALE"
1984,64735,5,1,3,33790,5,183,2,2,2,3,2,1,1,2,1,2,1,5,4,5,1,1,47,24,"Male","Black","South (AL, AR, DE, DC, FL, GA, KY, LA, MD, MS, NC, OK, SC, TN , TX, VA, WV)","None","In CBSA, in central city","YES","3: Mother","NO","NO","NO","NO","YES","0: 0  CONDITION DOES NOT APPLY","ALWAYS WITH RIGHT HAND","ALWAYS WITH RIGHT HAND","ALWAYS WITH RIGHT HAND","ALWAYS WITH RIGHT HAND","ALWAYS WITH LEFT HAND","1: 1  CONDITION APPLIES","1: 1  CONDITION APPLIES","NO","FEMALE","FEMALE"
1980,64735,2,0,4,33790,5,265,2,3,3,4,5,3,2,2,1,2,1,6,2,5,1,1,29,20,"Male","Non-Black / Non-Hispanic","West (AK, AZ, CA, CO, HI, ID, MT, NV, NM, OR, UT, WA, WY)","High school diploma (Regular 12 year program)","In CBSA, in central city","NO","3: Mother","NO","NO","NO","NO","YES","0: 0  CONDITION DOES NOT APPLY","ALWAYS WITH RIGHT HAND","ALWAYS WITH RIGHT HAND","ALWAYS WITH RIGHT HAND","ALWAYS WITH RIGHT HAND","ALWAYS WITH LEFT HAND","1: 1  CONDITION APPLIES","1: 1  CONDITION APPLIES","NO","FEMALE","FEMALE"
1980,64735,4,0,3,33790,5,185,2,1,4,2,2,2,2,2,1,2,1,3,2,6,1,1,31,21,"Male","Non-Black / Non-Hispanic","South (AL, AR, DE, DC, FL, GA, KY, LA, MD, MS, NC, OK, SC, TN , TX, VA, WV)","None","In CBSA, not in central city","YES","3: Mother","YES","NO","NO","NO","YES","0: 0  CONDITION DOES NOT APPLY","ALWAYS WITH RIGHT HAND","ALWAYS WITH RIGHT HAND","ALWAYS WITH RIGHT HAND","ALWAYS WITH RIGHT HAND","ALWAYS WITH LEFT HAND","1: 1  CONDITION APPLIES","1: 1  CONDITION APPLIES","NO","FEMALE","MALE"
1983,64735,3,1,2,33790,6,210,1,1,3,4,1,3,2,2,2,1,1,3,8,7,1,2,30,19,"Male","Hispanic","South (AL, AR, DE, DC, FL, GA, KY, LA, MD, MS, NC, OK, SC, TN , TX, VA, WV)","High school diploma (Regular 12 year program)","In CBSA, not in central city","NO","3: Mother","NO","NO","YES","NO","YES","0: 0  CONDITION DOES NOT APPLY","ALWAYS WITH RIGHT HAND","ALWAYS WITH RIGHT HAND","ALWAYS WITH RIGHT HAND","ALWAYS WITH RIGHT HAND","USUALLY WITH BOTH HANDS EQUALLY","1: 1  CONDITION APPLIES","1: 1  CONDITION APPLIES","NO","FEMALE","FEMALE"
1982,64735,4,1,1,33790,5,150,1,2,1,2,2,5,2,2,2,2,1,3,2,6,1,1,33,20,"Female","Black","South (AL, AR, DE, DC, FL, GA, KY, LA, MD, MS, NC, OK, SC, TN , TX, VA, WV)","Bachelor's degree (BA, BS)","In CBSA, not in central city","NO","3: Mother","NO","YES","NO","NO","NO","0: 0  CONDITION DOES NOT APPLY","ALWAYS WITH RIGHT HAND","ALWAYS WITH RIGHT HAND","ALWAYS WITH RIGHT HAND","ALWAYS WITH RIGHT HAND","ALWAYS WITH LEFT HAND","1: 1  CONDITION APPLIES","1: 1  CONDITION APPLIES","NO","MALE","FEMALE"
1981,64735,3,0,5,50,5,182,2,1,2,3,2,4,2,2,1,1,1,5,1,6,1,1,25,6,"Female","Non-Black / Non-Hispanic","South (AL, AR, DE, DC, FL, GA, KY, LA, MD, MS, NC, OK, SC, TN , TX, VA, WV)","GED","In CBSA, not in central city","NO","3: Mother","NO","YES","NO","NO","YES","0: 0  CONDITION DOES NOT APPLY","ALWAYS WITH RIGHT HAND","ALWAYS WITH RIGHT HAND","ALWAYS WITH RIGHT HAND","ALWAYS WITH RIGHT HAND","ALWAYS WITH LEFT HAND","1: 1  CONDITION APPLIES","1: 1  CONDITION APPLIES","YES","FEMALE","FEMALE"
1982,64735,4,0,2,33790,5,179,2,2,1,1,2,3,2,2,1,1,1,5,5,7,1,1,27,21,"Female","Hispanic","West (AK, AZ, CA, CO, HI, ID, MT, NV, NM, OR, UT, WA, WY)","High school diploma (Regular 12 year program)","In CBSA, in central city","NO","3: Mother","YES","YES","NO","NO","YES","0: 0  CONDITION DOES NOT APPLY","ALWAYS WITH RIGHT HAND","ALWAYS WITH RIGHT HAND","ALWAYS WITH RIGHT HAND","ALWAYS WITH RIGHT HAND","ALWAYS WITH LEFT HAND","1: 1  CONDITION APPLIES","1: 1  CONDITION APPLIES","YES","FEMALE","FEMALE"
1987,20450,5,1,3,33790,5,185,1,1,3,5,2,2,2,2,1,2,1,2,2,6,1,1,28,11,"Male","Non-Black / Non-Hispanic","West (AK, AZ, CA, CO, HI, ID, MT, NV, NM, OR, UT, WA, WY)","High school diploma (Regular 12 year program)","In CBSA, in central city","NO","3: Mother","YES","NO","YES","NO","NO","0: 0  CONDITION DOES NOT APPLY","ALWAYS WITH RIGHT HAND","ALWAYS WITH RIGHT HAND","ALWAYS WITH RIGHT HAND","ALWAYS WITH RIGHT HAND","ALWAYS WITH LEFT HAND","1: 1  CONDITION APPLIES","1: 1  CONDITION APPLIES","NO","FEMALE","FEMALE"
1982,64735,4,1,2,33790,5,180,1,2,2,3,2,2,1,2,2,1,1,2,6,7,1,1,38,21,"Female","Black","North Central (IL, IN, IA, KS, MI, MN, MO, NE, OH, ND, SD, WI)","None","In CBSA, not in central city","NO","3: Mother","NO","YES","NO","YES","NO","0: 0  CONDITION DOES NOT APPLY","ALWAYS WITH RIGHT HAND","ALWAYS WITH RIGHT HAND","ALWAYS WITH RIGHT HAND","ALWAYS WITH RIGHT HAND","ALWAYS WITH LEFT HAND","1: 1  CONDITION APPLIES","1: 1  CONDITION APPLIES","NO","MALE","FEMALE"
1983,64735,4,0,2,33790,5,182,1,2,3,4,4,3,1,2,1,2,1,5,4,8,1,1,29,21,"Female","Black","South (AL, AR, DE, DC, FL, GA, KY, LA, MD, MS, NC, OK, SC, TN , TX, VA, WV)","Bachelor's degree (BA, BS)","In CBSA, in central city","NO","3: Mother","NO","YES","NO","NO","YES","0: 0  CONDITION DOES NOT APPLY","ALWAYS WITH RIGHT HAND","ALWAYS WITH RIGHT HAND","ALWAYS WITH RIGHT HAND","ALWAYS WITH RIGHT HAND","ALWAYS WITH LEFT HAND","1: 1  CONDITION APPLIES","1: 1  CONDITION APPLIES","NO","FEMALE","MALE"
1983,64735,4,1,3,33790,5,184,2,2,3,3,2,7,2,1,1,2,2,3,1,7,1,1,28,20,"Male","Black","South (AL, AR, DE, DC, FL, GA, KY, LA, MD, MS, NC, OK, SC, TN , TX, VA, WV)","GED","In CBSA, in central city","NO","3: Mother","NO","NO","NO","NO","YES","0: 0  CONDITION DOES NOT APPLY","ALWAYS WITH RIGHT HAND","ALWAYS WITH RIGHT HAND","ALWAYS WITH RIGHT HAND","ALWAYS WITH RIGHT HAND","ALWAYS WITH RIGHT HAND","1: 1  CONDITION APPLIES","1: 1  CONDITION APPLIES","NO","MALE","FEMALE"
1983,64735,3,1,3,15800,5,182,2,2,3,4,3,5,2,2,2,2,2,3,2,6,1,1,29,20,"Female","Black","South (AL, AR, DE, DC, FL, GA, KY, LA, MD, MS, NC, OK, SC, TN , TX, VA, WV)","GED","In CBSA, not in central city","NO","3: Mother","NO","NO","NO","NO","YES","0: 0  CONDITION DOES NOT APPLY","ALWAYS WITH RIGHT HAND","ALWAYS WITH RIGHT HAND","ALWAYS WITH RIGHT HAND","ALWAYS WITH RIGHT HAND","ALWAYS WITH LEFT HAND","1: 1  CONDITION APPLIES","1: 1  CONDITION APPLIES","NO","FEMALE","FEMALE"
1983,64735,1,0,4,33790,5,183,2,1,1,1,1,2,2,2,1,2,1,4,5,8,1,1,29,23,"Female","Black","South (AL, AR, DE, DC, FL, GA, KY, LA, MD, MS, NC, OK, SC, TN , TX, VA, WV)","None","In CBSA, in central city","NO","3: Mother","YES","YES","NO","NO","YES","0: 0  CONDITION DOES NOT APPLY","ALWAYS WITH RIGHT HAND","ALWAYS WITH RIGHT HAND","ALWAYS WITH RIGHT HAND","ALWAYS WITH RIGHT HAND","ALWAYS WITH LEFT HAND","1: 1  CONDITION APPLIES","1: 1  CONDITION APPLIES","NO","MALE","FEMALE"
1982,64735,2,0,2,33790,5,182,3,1,3,4,5,5,2,1,1,2,1,5,2,6,1,1,10,9,"Male","Black","South (AL, AR, DE, DC, FL, GA, KY, LA, MD, MS, NC, OK, SC, TN , TX, VA, WV)","GED","In CBSA, in central city","NO","3: Mother","NO","NO","NO","NO","NO","0: 0  CONDITION DOES NOT APPLY","ALWAYS WITH RIGHT HAND","ALWAYS WITH RIGHT HAND","ALWAYS WITH RIGHT HAND","ALWAYS WITH RIGHT HAND","ALWAYS WITH LEFT HAND","1: 1  CONDITION APPLIES","0: 0  CONDITION DOES NOT APPLY","NO","FEMALE","MALE"
1982,85750,4,1,1,33790,5,182,1,1,2,4,3,5,2,2,2,2,1,4,2,5,1,1,31,19,"Female","Black","South (AL, AR, DE, DC, FL, GA, KY, LA, MD, MS, NC, OK, SC, TN , TX, VA, WV)","High school diploma (Regular 12 year program)","In CBSA, in central city","NO","3: Mother","YES","NO","NO","NO","YES","0: 0  CONDITION DOES NOT APPLY","ALWAYS WITH RIGHT HAND","ALWAYS WITH RIGHT HAND","ALWAYS WITH RIGHT HAND","ALWAYS WITH RIGHT HAND","ALWAYS WITH LEFT HAND","1: 1  CONDITION APPLIES","1: 1  CONDITION APPLIES","YES","MALE","MALE"
1981,64735,3,1,1,33790,5,183,1,1,4,2,4,4,1,2,1,1,1,5,4,5,1,1,29,19,"Female","Non-Black / Non-Hispanic","South (AL, AR, DE, DC, FL, GA, KY, LA, MD, MS, NC, OK, SC, TN , TX, VA, WV)","High school diploma (Regular 12 year program)","In CBSA, in central city","NO","3: Mother","YES","NO","NO","NO","NO","0: 0  CONDITION DOES NOT APPLY","ALWAYS WITH RIGHT HAND","ALWAYS WITH RIGHT HAND","ALWAYS WITH RIGHT HAND","ALWAYS WITH RIGHT HAND","ALWAYS WITH LEFT HAND","1: 1  CONDITION APPLIES","1: 1  CONDITION APPLIES","NO","MALE","MALE"
1980,64735,2,0,3,33790,5,150,2,2,4,2,2,1,2,2,2,2,2,4,4,6,1,1,25,17,"Female","Hispanic","South (AL, AR, DE, DC, FL, GA, KY, LA, MD, MS, NC, OK, SC, TN , TX, VA, WV)","None","In CBSA, in central city","NO","3: Mother","YES","NO","NO","NO","NO","0: 0  CONDITION DOES NOT APPLY","ALWAYS WITH LEFT HAND","ALWAYS WITH LEFT HAND","ALWAYS WITH LEFT HAND","ALWAYS WITH LEFT HAND","ALWAYS WITH RIGHT HAND","1: 1  CONDITION APPLIES","1: 1  CONDITION APPLIES","YES","FEMALE","MALE"
1982,64735,3,0,3,33790,5,180,1,2,3,2,5,5,2,2,1,2,1,5,3,7,1,1,29,19,"Male","Non-Black / Non-Hispanic","West (AK, AZ, CA, CO, HI, ID, MT, NV, NM, OR, UT, WA, WY)","GED","In CBSA, not in central city","NO","3: Mother","YES","NO","NO","NO","NO","0: 0  CONDITION DOES NOT APPLY","ALWAYS WITH RIGHT HAND","ALWAYS WITH RIGHT HAND","ALWAYS WITH RIGHT HAND","ALWAYS WITH RIGHT HAND","ALWAYS WITH LEFT HAND","1: 1  CONDITION APPLIES","1: 1  CONDITION APPLIES","YES","FEMALE","MALE"
1982,64735,3,0,1,33790,5,182,1,2,3,3,2,4,2,1,1,1,1,6,2,7,1,1,30,21,"Female","Hispanic","South (AL, AR, DE, DC, FL, GA, KY, LA, MD, MS, NC, OK, SC, TN , TX, VA, WV)","Associate/Junior college (AA)","In CBSA, not in central city","NO","3: Mother","YES","NO","NO","NO","NO","0: 0  CONDITION DOES NOT APPLY","ALWAYS WITH RIGHT HAND","ALWAYS WITH RIGHT HAND","ALWAYS WITH RIGHT HAND","ALWAYS WITH RIGHT HAND","ALWAYS WITH LEFT HAND","1: 1  CONDITION APPLIES","1: 1  CONDITION APPLIES","NO","FEMALE","MALE"
1982,64735,1,0,2,33790,5,184,1,1,3,4,5,3,2,2,1,1,1,2,2,8,1,1,12,21,"Male","Non-Black / Non-Hispanic","Northeast (CT, ME, MA, NH, NJ, NY, PA, RI, VT)","None","In CBSA, in central city","NO","3: Mother","YES","NO","NO","NO","YES","0: 0  CONDITION DOES NOT APPLY","ALWAYS WITH RIGHT HAND","ALWAYS WITH RIGHT HAND","ALWAYS WITH RIGHT HAND","ALWAYS WITH RIGHT HAND","ALWAYS WITH LEFT HAND","0: 0  CONDITION DOES NOT APPLY","1: 1  CONDITION APPLIES","NO","FEMALE","MALE"
1984,64735,2,0,3,33790,6,183,2,2,2,2,1,1,2,2,1,2,1,6,4,6,1,5,32,26,"Male","Black","North Central (IL, IN, IA, KS, MI, MN, MO, NE, OH, ND, SD, WI)","High school diploma (Regular 12 year program)","In CBSA, not in central city","NO","3: Mother","NO","NO","NO","NO","NO","0: 0  CONDITION DOES NOT APPLY","USUALLY WITH RIGHT HAND","ALWAYS WITH RIGHT HAND","ALWAYS WITH RIGHT HAND","ALWAYS WITH RIGHT HAND","ALWAYS WITH LEFT HAND","1: 1  CONDITION APPLIES","1: 1  CONDITION APPLIES","NO","FEMALE","FEMALE"
1983,64735,3,0,3,13000,5,183,1,2,2,1,3,3,2,2,1,2,1,6,2,7,1,1,30,22,"Male","Non-Black / Non-Hispanic","South (AL, AR, DE, DC, FL, GA, KY, LA, MD, MS, NC, OK, SC, TN , TX, VA, WV)","Bachelor's degree (BA, BS)","Not in CBSA","NO","3: Mother","YES","NO","NO","NO","NO","0: 0  CONDITION DOES NOT APPLY","ALWAYS WITH RIGHT HAND","ALWAYS WITH RIGHT HAND","ALWAYS WITH RIGHT HAND","ALWAYS WITH RIGHT HAND","ALWAYS WITH LEFT HAND","1: 1  CONDITION APPLIES","1: 1  CONDITION APPLIES","NO","FEMALE","MALE"
1982,64735,3,0,5,33790,5,183,1,2,2,2,3,6,2,2,2,2,1,6,2,6,1,2,33,24,"Male","Black","South (AL, AR, DE, DC, FL, GA, KY, LA, MD, MS, NC, OK, SC, TN , TX, VA, WV)","High school diploma (Regular 12 year program)","In CBSA, not in central city","NO","3: Mother","NO","NO","NO","NO","YES","0: 0  CONDITION DOES NOT APPLY","ALWAYS WITH RIGHT HAND","ALWAYS WITH RIGHT HAND","ALWAYS WITH RIGHT HAND","ALWAYS WITH RIGHT HAND","ALWAYS WITH LEFT HAND","1: 1  CONDITION APPLIES","1: 1  CONDITION APPLIES","NO","FEMALE","MALE"
1981,64735,7,0,2,33790,5,180,1,2,2,3,1,4,2,1,1,2,1,4,1,7,1,1,35,23,"Female","Black","South (AL, AR, DE, DC, FL, GA, KY, LA, MD, MS, NC, OK, SC, TN , TX, VA, WV)","GED","In CBSA, not in central city","NO","3: Mother","NO","YES","NO","NO","NO","0: 0  CONDITION DOES NOT APPLY","ALWAYS WITH RIGHT HAND","ALWAYS WITH RIGHT HAND","ALWAYS WITH RIGHT HAND","ALWAYS WITH RIGHT HAND","ALWAYS WITH RIGHT HAND","1: 1  CONDITION APPLIES","1: 1  CONDITION APPLIES","NO","MALE","FEMALE"
1984,64735,3,0,3,33790,5,182,2,1,2,3,5,1,2,2,1,2,2,1,4,7,1,1,30,20,"Male","Hispanic","South (AL, AR, DE, DC, FL, GA, KY, LA, MD, MS, NC, OK, SC, TN , TX, VA, WV)","High school diploma (Regular 12 year program)","In CBSA, not in central city","NO","3: Mother","YES","NO","NO","NO","YES","0: 0  CONDITION DOES NOT APPLY","ALWAYS WITH RIGHT HAND","ALWAYS WITH RIGHT HAND","ALWAYS WITH RIGHT HAND","ALWAYS WITH RIGHT HAND","ALWAYS WITH LEFT HAND","1: 1  CONDITION APPLIES","1: 1  CONDITION APPLIES","NO","FEMALE","FEMALE"
1984,64735,2,0,4,19000,6,182,1,2,1,1,1,4,2,2,2,2,2,4,4,6,2,3,33,26,"Male","Non-Black / Non-Hispanic","South (AL, AR, DE, DC, FL, GA, KY, LA, MD, MS, NC, OK, SC, TN , TX, VA, WV)","High school diploma (Regular 12 year program)","Not in CBSA","NO","3: Mother","YES","NO","NO","NO","YES","0: 0  CONDITION DOES NOT APPLY","USUALLY WITH RIGHT HAND","ALWAYS WITH RIGHT HAND","USUALLY WITH BOTH HANDS EQUALLY","USUALLY WITH BOTH HANDS EQUALLY","ALWAYS WITH LEFT HAND","1: 1  CONDITION APPLIES","1: 1  CONDITION APPLIES","NO","FEMALE","MALE"
1984,64735,4,0,2,40000,5,181,1,1,5,4,5,2,2,2,1,2,1,6,2,9,2,1,45,76,"Male","Black","South (AL, AR, DE, DC, FL, GA, KY, LA, MD, MS, NC, OK, SC, TN , TX, VA, WV)","High school diploma (Regular 12 year program)","In CBSA, not in central city","YES","3: Mother","NO","NO","YES","NO","YES","0: 0  CONDITION DOES NOT APPLY","ALWAYS WITH RIGHT HAND","ALWAYS WITH RIGHT HAND","USUALLY WITH BOTH HANDS EQUALLY","ALWAYS WITH RIGHT HAND","ALWAYS WITH LEFT HAND","1: 1  CONDITION APPLIES","1: 1  CONDITION APPLIES","NO","FEMALE","MALE"
1984,74000,3,1,3,33790,5,183,1,2,2,3,3,6,2,1,2,2,2,1,3,10,1,1,28,20,"Male","Black","South (AL, AR, DE, DC, FL, GA, KY, LA, MD, MS, NC, OK, SC, TN , TX, VA, WV)","High school diploma (Regular 12 year program)","In CBSA, in central city","NO","3: Mother","NO","NO","YES","NO","NO","0: 0  CONDITION DOES NOT APPLY","ALWAYS WITH RIGHT HAND","ALWAYS WITH RIGHT HAND","ALWAYS WITH RIGHT HAND","ALWAYS WITH RIGHT HAND","ALWAYS WITH LEFT HAND","1: 1  CONDITION APPLIES","0: 0  CONDITION DOES NOT APPLY","NO","MALE","MALE"
1984,64735,3,1,1,33790,5,182,1,2,1,2,2,4,1,2,1,2,1,10,2,7,2,1,36,24,"Female","Hispanic","South (AL, AR, DE, DC, FL, GA, KY, LA, MD, MS, NC, OK, SC, TN , TX, VA, WV)","High school diploma (Regular 12 year program)","In CBSA, in central city","NO","3: Mother","NO","YES","NO","NO","NO","0: 0  CONDITION DOES NOT APPLY","ALWAYS WITH RIGHT HAND","ALWAYS WITH RIGHT HAND","ALWAYS WITH RIGHT HAND","ALWAYS WITH RIGHT HAND","ALWAYS WITH LEFT HAND","1: 1  CONDITION APPLIES","1: 1  CONDITION APPLIES","NO","FEMALE","MALE"
1984,64734,4,0,3,33790,5,180,1,1,3,3,2,3,1,2,2,2,1,5,1,9,1,1,1,11,"Male","Hispanic","West (AK, AZ, CA, CO, HI, ID, MT, NV, NM, OR, UT, WA, WY)","High school diploma (Regular 12 year program)","In CBSA, in central city","NO","3: Mother","NO","YES","NO","NO","YES","0: 0  CONDITION DOES NOT APPLY","ALWAYS WITH RIGHT HAND","ALWAYS WITH RIGHT HAND","ALWAYS WITH RIGHT HAND","ALWAYS WITH RIGHT HAND","ALWAYS WITH LEFT HAND","1: 1  CONDITION APPLIES","0: 0  CONDITION DOES NOT APPLY","NO","FEMALE","MALE"
1983,64735,4,1,2,42000,5,183,1,2,3,2,1,2,2,1,2,2,2,4,2,6,1,1,29,20,"Male","Hispanic","South (AL, AR, DE, DC, FL, GA, KY, LA, MD, MS, NC, OK, SC, TN , TX, VA, WV)","High school diploma (Regular 12 year program)","In CBSA, not in central city","NO","3: Mother","YES","NO","NO","NO","YES","0: 0  CONDITION DOES NOT APPLY","ALWAYS WITH RIGHT HAND","ALWAYS WITH RIGHT HAND","ALWAYS WITH RIGHT HAND","ALWAYS WITH RIGHT HAND","ALWAYS WITH LEFT HAND","1: 1  CONDITION APPLIES","1: 1  CONDITION APPLIES","YES","FEMALE","MALE"
1981,18000,4,0,3,33790,5,183,1,2,2,3,3,2,2,2,2,1,1,4,2,6,1,1,32,22,"Male","Black","West (AK, AZ, CA, CO, HI, ID, MT, NV, NM, OR, UT, WA, WY)","Bachelor's degree (BA, BS)","In CBSA, not in central city","NO","3: Mother","NO","YES","NO","NO","NO","0: 0  CONDITION DOES NOT APPLY","ALWAYS WITH RIGHT HAND","ALWAYS WITH RIGHT HAND","ALWAYS WITH RIGHT HAND","ALWAYS WITH RIGHT HAND","ALWAYS WITH LEFT HAND","1: 1  CONDITION APPLIES","1: 1  CONDITION APPLIES","NO","FEMALE","MALE"
1987,64735,2,1,1,33790,5,185,1,2,1,5,4,5,2,2,1,1,1,6,1,7,1,2,34,22,"Female","Non-Black / Non-Hispanic","North Central (IL, IN, IA, KS, MI, MN, MO, NE, OH, ND, SD, WI)","High school diploma (Regular 12 year program)","In CBSA, not in central city","NO","3: Mother","NO","NO","NO","NO","NO","0: 0  CONDITION DOES NOT APPLY","ALWAYS WITH LEFT HAND","ALWAYS WITH RIGHT HAND","ALWAYS WITH RIGHT HAND","ALWAYS WITH RIGHT HAND","ALWAYS WITH LEFT HAND","1: 1  CONDITION APPLIES","1: 1  CONDITION APPLIES","NO","MALE","MALE"
1980,64735,4,0,1,33790,5,183,1,1,6,4,1,3,2,1,1,2,1,7,3,8,1,1,30,21,"Male","Hispanic","North Central (IL, IN, IA, KS, MI, MN, MO, NE, OH, ND, SD, WI)","GED","In CBSA, in central city","NO","3: Mother","YES","NO","NO","NO","NO","0: 0  CONDITION DOES NOT APPLY","ALWAYS WITH RIGHT HAND","ALWAYS WITH RIGHT HAND","ALWAYS WITH RIGHT HAND","ALWAYS WITH RIGHT HAND","ALWAYS WITH LEFT HAND","1: 1  CONDITION APPLIES","1: 1  CONDITION APPLIES","YES","FEMALE","FEMALE"
1982,19000,4,0,3,33790,5,182,1,1,3,3,1,2,1,1,2,2,1,1,1,7,1,1,45,55,"Male","Hispanic","Northeast (CT, ME, MA, NH, NJ, NY, PA, RI, VT)","None","In CBSA, in central city","NO","3: Mother","NO","YES","NO","NO","YES","0: 0  CONDITION DOES NOT APPLY","ALWAYS WITH RIGHT HAND","ALWAYS WITH RIGHT HAND","ALWAYS WITH RIGHT HAND","ALWAYS WITH RIGHT HAND","ALWAYS WITH LEFT HAND","1: 1  CONDITION APPLIES","1: 1  CONDITION APPLIES","NO","FEMALE","MALE"
1980,64735,4,1,1,33790,5,183,1,1,1,4,2,4,2,2,1,2,1,5,2,8,1,1,28,20,"Female","Non-Black / Non-Hispanic","South (AL, AR, DE, DC, FL, GA, KY, LA, MD, MS, NC, OK, SC, TN , TX, VA, WV)","Bachelor's degree (BA, BS)","In CBSA, not in central city","NO","3: Mother","NO","NO","NO","NO","YES","0: 0  CONDITION DOES NOT APPLY","ALWAYS WITH RIGHT HAND","ALWAYS WITH RIGHT HAND","ALWAYS WITH RIGHT HAND","ALWAYS WITH RIGHT HAND","ALWAYS WITH LEFT HAND","1: 1  CONDITION APPLIES","1: 1  CONDITION APPLIES","NO","FEMALE","MALE"
1983,64735,1,1,5,33790,5,181,2,1,3,4,3,5,2,2,1,2,1,2,2,7,1,1,25,3,"Male","Hispanic","Northeast (CT, ME, MA, NH, NJ, NY, PA, RI, VT)","Bachelor's degree (BA, BS)","In CBSA, in central city","NO","3: Mother","NO","YES","NO","NO","NO","0: 0  CONDITION DOES NOT APPLY","ALWAYS WITH RIGHT HAND","ALWAYS WITH RIGHT HAND","ALWAYS WITH RIGHT HAND","ALWAYS WITH RIGHT HAND","USUALLY WITH BOTH HANDS EQUALLY","1: 1  CONDITION APPLIES","1: 1  CONDITION APPLIES","YES","MALE","MALE"
1981,64735,5,1,1,33790,5,181,1,1,4,3,5,5,1,2,1,1,1,5,1,6,1,1,24,6,"Female","Non-Black / Non-Hispanic","South (AL, AR, DE, DC, FL, GA, KY, LA, MD, MS, NC, OK, SC, TN , TX, VA, WV)","High school diploma (Regular 12 year program)","In CBSA, not in central city","NO","3: Mother","YES","NO","NO","NO","NO","0: 0  CONDITION DOES NOT APPLY","ALWAYS WITH RIGHT HAND","ALWAYS WITH RIGHT HAND","ALWAYS WITH RIGHT HAND","ALWAYS WITH LEFT HAND","ALWAYS WITH LEFT HAND","1: 1  CONDITION APPLIES","1: 1  CONDITION APPLIES","NO","MALE","MALE"
1980,64735,5,1,3,24000,5,184,2,2,1,5,2,3,2,2,2,2,2,6,5,6,1,1,36,25,"Female","Non-Black / Non-Hispanic","South (AL, AR, DE, DC, FL, GA, KY, LA, MD, MS, NC, OK, SC, TN , TX, VA, WV)","High school diploma (Regular 12 year program)","In CBSA, in central city","YES","3: Mother","NO","NO","NO","NO","NO","0: 0  CONDITION DOES NOT APPLY","ALWAYS WITH RIGHT HAND","ALWAYS WITH RIGHT HAND","ALWAYS WITH RIGHT HAND","ALWAYS WITH RIGHT HAND","ALWAYS WITH LEFT HAND","1: 1  CONDITION APPLIES","1: 1  CONDITION APPLIES","YES","FEMALE","FEMALE"
1980,64735,8,1,2,33790,5,184,2,1,4,6,2,6,1,2,1,2,1,1,3,6,1,1,30,20,"Male","Hispanic","Northeast (CT, ME, MA, NH, NJ, NY, PA, RI, VT)","None","In CBSA, in central city","YES","3: Mother","YES","YES","YES","YES","YES","0: 0  CONDITION DOES NOT APPLY","DON'T DO THIS ACTIVITY","DON'T DO THIS ACTIVITY","DON'T DO THIS ACTIVITY","DON'T DO THIS ACTIVITY","ALWAYS WITH LEFT HAND","1: 1  CONDITION APPLIES","1: 1  CONDITION APPLIES","YES","FEMALE","FEMALE"
1982,64735,3,0,1,8840,5,182,2,2,2,3,3,4,2,2,1,2,1,5,1,7,1,1,33,23,"Female","Non-Black / Non-Hispanic","South (AL, AR, DE, DC, FL, GA, KY, LA, MD, MS, NC, OK, SC, TN , TX, VA, WV)","Bachelor's degree (BA, BS)","In CBSA, not in central city","NO","3: Mother","YES","NO","YES","NO","YES","0: 0  CONDITION DOES NOT APPLY","ALWAYS WITH RIGHT HAND","ALWAYS WITH RIGHT HAND","ALWAYS WITH RIGHT HAND","ALWAYS WITH RIGHT HAND","ALWAYS WITH RIGHT HAND","1: 1  CONDITION APPLIES","1: 1  CONDITION APPLIES","YES","FEMALE","MALE"
1982,64735,4,0,4,33790,5,185,1,1,1,4,2,2,2,1,2,2,1,5,2,6,1,1,34,26,"Female","Hispanic","South (AL, AR, DE, DC, FL, GA, KY, LA, MD, MS, NC, OK, SC, TN , TX, VA, WV)","High school diploma (Regular 12 year program)","In CBSA, in central city","YES","3: Mother","NO","YES","NO","NO","NO","0: 0  CONDITION DOES NOT APPLY","ALWAYS WITH RIGHT HAND","USUALLY WITH BOTH HANDS EQUALLY","ALWAYS WITH RIGHT HAND","ALWAYS WITH RIGHT HAND","ALWAYS WITH LEFT HAND","1: 1  CONDITION APPLIES","1: 1  CONDITION APPLIES","YES","FEMALE","FEMALE"
1982,64735,5,2,4,33790,5,183,1,2,3,4,2,4,2,1,2,1,1,3,3,7,1,1,27,11,"Male","Hispanic","West (AK, AZ, CA, CO, HI, ID, MT, NV, NM, OR, UT, WA, WY)","None","In CBSA, in central city","NO","3: Mother","NO","YES","NO","NO","NO","0: 0  CONDITION DOES NOT APPLY","ALWAYS WITH RIGHT HAND","ALWAYS WITH LEFT HAND","ALWAYS WITH RIGHT HAND","ALWAYS WITH RIGHT HAND","ALWAYS WITH LEFT HAND","1: 1  CONDITION APPLIES","1: 1  CONDITION APPLIES","NO","FEMALE","FEMALE"
1981,64735,6,2,3,33790,5,300,1,2,3,7,2,3,1,2,1,1,1,4,2,6,1,1,25,12,"Female","Non-Black / Non-Hispanic","South (AL, AR, DE, DC, FL, GA, KY, LA, MD, MS, NC, OK, SC, TN , TX, VA, WV)","None","In CBSA, not in central city","NO","3: Mother","NO","NO","NO","NO","YES","0: 0  CONDITION DOES NOT APPLY","ALWAYS WITH RIGHT HAND","ALWAYS WITH RIGHT HAND","ALWAYS WITH RIGHT HAND","DON'T DO THIS ACTIVITY","ALWAYS WITH LEFT HAND","1: 1  CONDITION APPLIES","1: 1  CONDITION APPLIES","NO","MALE","FEMALE"
1982,64735,6,1,1,33790,6,182,1,1,2,3,3,7,2,2,1,2,2,3,1,6,1,1,31,22,"Female","Non-Black / Non-Hispanic","South (AL, AR, DE, DC, FL, GA, KY, LA, MD, MS, NC, OK, SC, TN , TX, VA, WV)","High school diploma (Regular 12 year program)","In CBSA, not in central city","NO","3: Mother","NO","YES","NO","NO","YES","0: 0  CONDITION DOES NOT APPLY","ALWAYS WITH RIGHT HAND","ALWAYS WITH RIGHT HAND","ALWAYS WITH RIGHT HAND","ALWAYS WITH RIGHT HAND","ALWAYS WITH LEFT HAND","1: 1  CONDITION APPLIES","1: 1  CONDITION APPLIES","YES","MALE","FEMALE"
1983,64735,5,1,3,33790,5,185,1,2,1,3,2,5,2,2,1,2,1,6,2,6,1,1,31,20,"Female","Non-Black / Non-Hispanic","South (AL, AR, DE, DC, FL, GA, KY, LA, MD, MS, NC, OK, SC, TN , TX, VA, WV)","Bachelor's degree (BA, BS)","In CBSA, not in central city","NO","3: Mother","NO","YES","NO","NO","NO","0: 0  CONDITION DOES NOT APPLY","ALWAYS WITH RIGHT HAND","ALWAYS WITH RIGHT HAND","ALWAYS WITH RIGHT HAND","ALWAYS WITH RIGHT HAND","ALWAYS WITH LEFT HAND","0: 0  CONDITION DOES NOT APPLY","1: 1  CONDITION APPLIES","YES","FEMALE","FEMALE"
1981,40000,7,2,2,33790,5,182,1,1,3,4,2,5,2,2,2,2,1,1,2,6,1,1,27,16,"Male","Hispanic","South (AL, AR, DE, DC, FL, GA, KY, LA, MD, MS, NC, OK, SC, TN , TX, VA, WV)","None","In CBSA, not in central city","NO","3: Mother","YES","YES","NO","NO","NO","1: 1  CONDITION APPLIES","ALWAYS WITH RIGHT HAND","ALWAYS WITH RIGHT HAND","ALWAYS WITH RIGHT HAND","ALWAYS WITH RIGHT HAND","ALWAYS WITH LEFT HAND","1: 1  CONDITION APPLIES","1: 1  CONDITION APPLIES","YES","FEMALE","FEMALE"
1983,64735,4,0,3,33790,5,220,1,2,3,5,3,3,1,2,2,2,1,7,3,6,1,1,31,19,"Female","Non-Black / Non-Hispanic","North Central (IL, IN, IA, KS, MI, MN, MO, NE, OH, ND, SD, WI)","Professional degree (DDS, JD, MD)","In CBSA, in central city","NO","3: Mother","NO","YES","NO","NO","YES","0: 0  CONDITION DOES NOT APPLY","ALWAYS WITH LEFT HAND","ALWAYS WITH LEFT HAND","ALWAYS WITH LEFT HAND","ALWAYS WITH LEFT HAND","ALWAYS WITH RIGHT HAND","1: 1  CONDITION APPLIES","1: 1  CONDITION APPLIES","NO","MALE","FEMALE"
1982,64735,4,1,1,33790,5,184,1,2,2,4,2,3,2,2,1,2,1,1,5,10,1,1,25,21,"Male","Hispanic","Northeast (CT, ME, MA, NH, NJ, NY, PA, RI, VT)","GED","In CBSA, not in central city","NO","3: Mother","NO","YES","YES","NO","YES","0: 0  CONDITION DOES NOT APPLY","ALWAYS WITH RIGHT HAND","ALWAYS WITH RIGHT HAND","ALWAYS WITH RIGHT HAND","ALWAYS WITH RIGHT HAND","ALWAYS WITH LEFT HAND","1: 1  CONDITION APPLIES","1: 1  CONDITION APPLIES","NO","FEMALE","MALE"
1981,64735,4,0,3,33790,5,280,1,2,4,3,3,3,2,2,1,1,2,2,4,7,1,1,31,8,"Male","Black","South (AL, AR, DE, DC, FL, GA, KY, LA, MD, MS, NC, OK, SC, TN , TX, VA, WV)","High school diploma (Regular 12 year program)","In CBSA, in central city","NO","3: Mother","YES","YES","NO","NO","YES","0: 0  CONDITION DOES NOT APPLY","ALWAYS WITH RIGHT HAND","ALWAYS WITH RIGHT HAND","ALWAYS WITH RIGHT HAND","ALWAYS WITH RIGHT HAND","ALWAYS WITH LEFT HAND","1: 1  CONDITION APPLIES","1: 1  CONDITION APPLIES","YES","FEMALE","FEMALE"
1981,95054,4,0,3,33790,5,181,1,1,4,5,3,2,1,2,2,2,2,3,1,8,1,1,35,27,"Male","Black","South (AL, AR, DE, DC, FL, GA, KY, LA, MD, MS, NC, OK, SC, TN , TX, VA, WV)","High school diploma (Regular 12 year program)","In CBSA, not in central city","YES","3: Mother","NO","YES","NO","NO","NO","0: 0  CONDITION DOES NOT APPLY","ALWAYS WITH RIGHT HAND","ALWAYS WITH RIGHT HAND","ALWAYS WITH RIGHT HAND","ALWAYS WITH RIGHT HAND","ALWAYS WITH LEFT HAND","1: 1  CONDITION APPLIES","1: 1  CONDITION APPLIES","NO","FEMALE","MALE"
1981,64735,2,0,2,33790,5,183,1,1,4,2,2,2,2,2,1,2,1,6,1,7,1,1,31,24,"Male","Hispanic","South (AL, AR, DE, DC, FL, GA, KY, LA, MD, MS, NC, OK, SC, TN , TX, VA, WV)","High school diploma (Regular 12 year program)","In CBSA, in central city","NO","3: Mother","YES","NO","YES","NO","NO","0: 0  CONDITION DOES NOT APPLY","ALWAYS WITH RIGHT HAND","ALWAYS WITH RIGHT HAND","USUALLY WITH BOTH HANDS EQUALLY","ALWAYS WITH RIGHT HAND","ALWAYS WITH LEFT HAND","1: 1  CONDITION APPLIES","1: 1  CONDITION APPLIES","YES","FEMALE","MALE"
1980,102000,4,0,3,52000,5,182,2,2,2,5,1,4,2,2,2,1,1,4,2,8,1,1,29,20,"Female","Hispanic","North Central (IL, IN, IA, KS, MI, MN, MO, NE, OH, ND, SD, WI)","High school diploma (Regular 12 year program)","In CBSA, not in central city","NO","3: Mother","NO","NO","NO","NO","YES","0: 0  CONDITION DOES NOT APPLY","ALWAYS WITH RIGHT HAND","USUALLY WITH RIGHT HAND","ALWAYS WITH RIGHT HAND","ALWAYS WITH RIGHT HAND","ALWAYS WITH LEFT HAND","1: 1  CONDITION APPLIES","1: 1  CONDITION APPLIES","NO","MALE","FEMALE"
1985,64735,5,0,2,33790,5,182,1,2,3,3,4,3,2,1,2,1,1,2,5,6,1,1,67,27,"Male","Hispanic","West (AK, AZ, CA, CO, HI, ID, MT, NV, NM, OR, UT, WA, WY)","High school diploma (Regular 12 year program)","In CBSA, not in central city","NO","3: Mother","NO","YES","NO","NO","NO","0: 0  CONDITION DOES NOT APPLY","ALWAYS WITH RIGHT HAND","ALWAYS WITH RIGHT HAND","ALWAYS WITH RIGHT HAND","ALWAYS WITH RIGHT HAND","USUALLY WITH LEFT HAND","1: 1  CONDITION APPLIES","1: 1  CONDITION APPLIES","YES","FEMALE","FEMALE"
1980,64735,2,0,1,33790,5,184,1,2,1,4,2,5,2,2,2,1,1,1,2,6,1,1,35,23,"Female","Hispanic","South (AL, AR, DE, DC, FL, GA, KY, LA, MD, MS, NC, OK, SC, TN , TX, VA, WV)","High school diploma (Regular 12 year program)","In CBSA, in central city","NO","3: Mother","NO","YES","NO","NO","NO","0: 0  CONDITION DOES NOT APPLY","ALWAYS WITH RIGHT HAND","ALWAYS WITH RIGHT HAND","ALWAYS WITH RIGHT HAND","USUALLY WITH BOTH HANDS EQUALLY","USUALLY WITH BOTH HANDS EQUALLY","1: 1  CONDITION APPLIES","1: 1  CONDITION APPLIES","NO","FEMALE","MALE"
1980,64735,8,1,3,33790,5,220,1,1,3,4,2,4,2,2,1,1,1,7,3,6,1,1,31,4,"Male","Hispanic","South (AL, AR, DE, DC, FL, GA, KY, LA, MD, MS, NC, OK, SC, TN , TX, VA, WV)","High school diploma (Regular 12 year program)","In CBSA, not in central city","NO","3: Mother","NO","YES","NO","NO","YES","0: 0  CONDITION DOES NOT APPLY","ALWAYS WITH RIGHT HAND","ALWAYS WITH RIGHT HAND","ALWAYS WITH RIGHT HAND","ALWAYS WITH RIGHT HAND","ALWAYS WITH LEFT HAND","1: 1  CONDITION APPLIES","1: 1  CONDITION APPLIES","NO","FEMALE","FEMALE"
1984,64735,3,1,2,33790,5,182,1,1,4,4,6,4,1,2,1,2,1,6,3,8,1,1,28,21,"Female","Non-Black / Non-Hispanic","South (AL, AR, DE, DC, FL, GA, KY, LA, MD, MS, NC, OK, SC, TN , TX, VA, WV)","Professional degree (DDS, JD, MD)","In CBSA, not in central city","NO","3: Mother","YES","NO","NO","NO","YES","0: 0  CONDITION DOES NOT APPLY","ALWAYS WITH RIGHT HAND","ALWAYS WITH RIGHT HAND","ALWAYS WITH RIGHT HAND","ALWAYS WITH RIGHT HAND","ALWAYS WITH LEFT HAND","1: 1  CONDITION APPLIES","1: 1  CONDITION APPLIES","NO","FEMALE","MALE"
1981,64735,2,0,3,33790,5,184,2,2,2,3,9,5,2,2,2,2,2,6,3,7,1,1,34,24,"Male","Non-Black / Non-Hispanic","Northeast (CT, ME, MA, NH, NJ, NY, PA, RI, VT)","High school diploma (Regular 12 year program)","In CBSA, in central city","NO","3: Mother","NO","NO","NO","NO","YES","0: 0  CONDITION DOES NOT APPLY","ALWAYS WITH RIGHT HAND","ALWAYS WITH RIGHT HAND","ALWAYS WITH LEFT HAND","ALWAYS WITH RIGHT HAND","ALWAYS WITH LEFT HAND","1: 1  CONDITION APPLIES","1: 1  CONDITION APPLIES","NO","MALE","FEMALE"
1981,64735,3,2,2,33790,6,184,1,2,5,4,3,3,2,2,2,2,1,3,1,7,1,1,28,22,"Female","Non-Black / Non-Hispanic","South (AL, AR, DE, DC, FL, GA, KY, LA, MD, MS, NC, OK, SC, TN , TX, VA, WV)","None","In CBSA, not in central city","NO","3: Mother","YES","NO","YES","NO","NO","0: 0  CONDITION DOES NOT APPLY","ALWAYS WITH RIGHT HAND","ALWAYS WITH RIGHT HAND","ALWAYS WITH RIGHT HAND","ALWAYS WITH RIGHT HAND","ALWAYS WITH LEFT HAND","1: 1  CONDITION APPLIES","1: 1  CONDITION APPLIES","NO","FEMALE","FEMALE"
1984,64735,2,0,2,21000,5,180,1,1,2,5,6,5,2,2,1,2,1,6,2,6,1,1,31,21,"Female","Hispanic","South (AL, AR, DE, DC, FL, GA, KY, LA, MD, MS, NC, OK, SC, TN , TX, VA, WV)","Bachelor's degree (BA, BS)","In CBSA, in central city","NO","3: Mother","YES","NO","NO","NO","YES","0: 0  CONDITION DOES NOT APPLY","ALWAYS WITH RIGHT HAND","ALWAYS WITH RIGHT HAND","ALWAYS WITH LEFT HAND","ALWAYS WITH RIGHT HAND","ALWAYS WITH LEFT HAND","1: 1  CONDITION APPLIES","0: 0  CONDITION DOES NOT APPLY","YES","MALE","FEMALE"
1980,98000,3,1,2,33790,5,180,1,1,1,2,4,2,2,2,2,2,2,3,2,5,1,1,26,20,"Female","Non-Black / Non-Hispanic","North Central (IL, IN, IA, KS, MI, MN, MO, NE, OH, ND, SD, WI)","Associate/Junior college (AA)","In CBSA, in central city","NO","3: Mother","NO","YES","NO","NO","YES","0: 0  CONDITION DOES NOT APPLY","ALWAYS WITH LEFT HAND","ALWAYS WITH LEFT HAND","USUALLY WITH LEFT HAND","USUALLY WITH LEFT HAND","ALWAYS WITH LEFT HAND","1: 1  CONDITION APPLIES","0: 0  CONDITION DOES NOT APPLY","NO","MALE","MALE"
1984,64250,3,0,2,33790,5,182,1,2,1,5,2,4,2,2,1,2,2,6,2,7,1,4,33,25,"Female","Hispanic","North Central (IL, IN, IA, KS, MI, MN, MO, NE, OH, ND, SD, WI)","High school diploma (Regular 12 year program)","In CBSA, in central city","NO","3: Mother","NO","YES","NO","NO","NO","0: 0  CONDITION DOES NOT APPLY","ALWAYS WITH RIGHT HAND","ALWAYS WITH RIGHT HAND","ALWAYS WITH RIGHT HAND","ALWAYS WITH RIGHT HAND","DON'T DO THIS ACTIVITY","1: 1  CONDITION APPLIES","1: 1  CONDITION APPLIES","YES","MALE","FEMALE"
1984,9250,3,1,2,33790,5,184,1,2,3,4,1,1,2,1,1,2,1,3,3,7,1,1,30,1,"Female","Hispanic","West (AK, AZ, CA, CO, HI, ID, MT, NV, NM, OR, UT, WA, WY)","High school diploma (Regular 12 year program)","In CBSA, in central city","NO","3: Mother","NO","NO","NO","NO","YES","0: 0  CONDITION DOES NOT APPLY","ALWAYS WITH RIGHT HAND","ALWAYS WITH RIGHT HAND","ALWAYS WITH RIGHT HAND","ALWAYS WITH RIGHT HAND","ALWAYS WITH LEFT HAND","1: 1  CONDITION APPLIES","1: 1  CONDITION APPLIES","YES","FEMALE","FEMALE"
1985,55000,8,2,1,33790,5,150,2,1,3,3,1,3,2,2,2,1,1,6,3,5,1,1,35,23,"Female","Hispanic","South (AL, AR, DE, DC, FL, GA, KY, LA, MD, MS, NC, OK, SC, TN , TX, VA, WV)","High school diploma (Regular 12 year program)","In CBSA, not in central city","NO","3: Mother","NO","YES","NO","NO","YES","0: 0  CONDITION DOES NOT APPLY","ALWAYS WITH RIGHT HAND","ALWAYS WITH RIGHT HAND","ALWAYS WITH RIGHT HAND","ALWAYS WITH RIGHT HAND","ALWAYS WITH LEFT HAND","1: 1  CONDITION APPLIES","1: 1  CONDITION APPLIES","YES","MALE","FEMALE"
1981,64735,4,1,2,33790,5,181,1,2,2,2,2,5,2,2,2,1,2,3,2,7,1,1,31,20,"Male","Black","West (AK, AZ, CA, CO, HI, ID, MT, NV, NM, OR, UT, WA, WY)","GED","In CBSA, not in central city","NO","3: Mother","NO","YES","YES","NO","NO","0: 0  CONDITION DOES NOT APPLY","ALWAYS WITH RIGHT HAND","ALWAYS WITH RIGHT HAND","ALWAYS WITH RIGHT HAND","ALWAYS WITH RIGHT HAND","ALWAYS WITH LEFT HAND","1: 1  CONDITION APPLIES","1: 1  CONDITION APPLIES","NO","FEMALE","FEMALE"
1982,64735,5,0,2,33790,5,183,2,2,1,4,1,2,2,2,2,2,1,6,2,7,1,1,27,20,"Female","Hispanic","South (AL, AR, DE, DC, FL, GA, KY, LA, MD, MS, NC, OK, SC, TN , TX, VA, WV)","High school diploma (Regular 12 year program)","In CBSA, not in central city","NO","3: Mother","NO","YES","NO","NO","YES","0: 0  CONDITION DOES NOT APPLY","ALWAYS WITH RIGHT HAND","ALWAYS WITH RIGHT HAND","ALWAYS WITH RIGHT HAND","ALWAYS WITH RIGHT HAND","ALWAYS WITH LEFT HAND","1: 1  CONDITION APPLIES","1: 1  CONDITION APPLIES","YES","FEMALE","FEMALE"
1983,53000,1,0,2,33790,5,187,2,1,5,5,1,1,2,2,2,2,1,6,3,8,1,1,29,22,"Female","Hispanic","North Central (IL, IN, IA, KS, MI, MN, MO, NE, OH, ND, SD, WI)","Associate/Junior college (AA)","In CBSA, not in central city","NO","3: Mother","NO","NO","YES","NO","YES","0: 0  CONDITION DOES NOT APPLY","ALWAYS WITH LEFT HAND","ALWAYS WITH LEFT HAND","ALWAYS WITH RIGHT HAND","ALWAYS WITH RIGHT HAND","ALWAYS WITH LEFT HAND","1: 1  CONDITION APPLIES","1: 1  CONDITION APPLIES","YES","FEMALE","MALE"
1982,64735,2,0,3,33790,5,182,2,1,2,4,3,2,2,2,2,1,1,6,1,6,1,1,32,27,"Female","Hispanic","South (AL, AR, DE, DC, FL, GA, KY, LA, MD, MS, NC, OK, SC, TN , TX, VA, WV)","Bachelor's degree (BA, BS)","In CBSA, in central city","NO","3: Mother","YES","YES","NO","NO","NO","0: 0  CONDITION DOES NOT APPLY","ALWAYS WITH RIGHT HAND","ALWAYS WITH RIGHT HAND","ALWAYS WITH LEFT HAND","ALWAYS WITH RIGHT HAND","ALWAYS WITH LEFT HAND","1: 1  CONDITION APPLIES","1: 1  CONDITION APPLIES","YES","FEMALE","MALE"
1984,64735,3,1,2,52000,5,165,2,3,1,4,1,2,2,1,2,2,2,3,1,8,1,1,28,8,"Female","Hispanic","North Central (IL, IN, IA, KS, MI, MN, MO, NE, OH, ND, SD, WI)","None","In CBSA, not in central city","NO","3: Mother","NO","YES","NO","NO","NO","0: 0  CONDITION DOES NOT APPLY","ALWAYS WITH RIGHT HAND","ALWAYS WITH RIGHT HAND","ALWAYS WITH RIGHT HAND","ALWAYS WITH RIGHT HAND","ALWAYS WITH LEFT HAND","1: 1  CONDITION APPLIES","1: 1  CONDITION APPLIES","NO","MALE","FEMALE"
1983,64735,5,2,4,33790,5,184,2,1,1,3,2,4,2,2,2,2,1,7,2,7,1,1,4,15,"Female","Hispanic","South (AL, AR, DE, DC, FL, GA, KY, LA, MD, MS, NC, OK, SC, TN , TX, VA, WV)","High school diploma (Regular 12 year program)","In CBSA, not in central city","NO","3: Mother","YES","YES","NO","NO","YES","0: 0  CONDITION DOES NOT APPLY","ALWAYS WITH RIGHT HAND","ALWAYS WITH RIGHT HAND","ALWAYS WITH RIGHT HAND","ALWAYS WITH RIGHT HAND","ALWAYS WITH LEFT HAND","1: 1  CONDITION APPLIES","1: 1  CONDITION APPLIES","NO","FEMALE","FEMALE"
1981,64735,3,0,3,33790,5,182,1,2,2,4,1,4,2,2,2,2,1,5,5,7,1,1,27,6,"Female","Non-Black / Non-Hispanic","South (AL, AR, DE, DC, FL, GA, KY, LA, MD, MS, NC, OK, SC, TN , TX, VA, WV)","Bachelor's degree (BA, BS)","In CBSA, not in central city","NO","3: Mother","NO","NO","NO","NO","YES","0: 0  CONDITION DOES NOT APPLY","ALWAYS WITH RIGHT HAND","ALWAYS WITH RIGHT HAND","ALWAYS WITH RIGHT HAND","ALWAYS WITH RIGHT HAND","ALWAYS WITH LEFT HAND","1: 1  CONDITION APPLIES","1: 1  CONDITION APPLIES","YES","MALE","FEMALE"
1982,86000,1,0,1,33790,5,188,1,2,2,5,2,4,1,2,2,2,1,3,6,6,1,1,33,10,"Male","Non-Black / Non-Hispanic","South (AL, AR, DE, DC, FL, GA, KY, LA, MD, MS, NC, OK, SC, TN , TX, VA, WV)","High school diploma (Regular 12 year program)","In CBSA, not in central city","NO","3: Mother","NO","NO","NO","NO","NO","0: 0  CONDITION DOES NOT APPLY","ALWAYS WITH RIGHT HAND","ALWAYS WITH RIGHT HAND","ALWAYS WITH RIGHT HAND","ALWAYS WITH RIGHT HAND","ALWAYS WITH LEFT HAND","1: 1  CONDITION APPLIES","1: 1  CONDITION APPLIES","NO","FEMALE","MALE"
1981,64735,3,2,1,33790,5,290,1,1,1,4,2,4,2,2,2,2,1,4,1,6,1,1,29,21,"Female","Non-Black / Non-Hispanic","Northeast (CT, ME, MA, NH, NJ, NY, PA, RI, VT)","High school diploma (Regular 12 year program)","In CBSA, not in central city","NO","3: Mother","YES","NO","NO","NO","YES","0: 0  CONDITION DOES NOT APPLY","ALWAYS WITH RIGHT HAND","ALWAYS WITH RIGHT HAND","ALWAYS WITH RIGHT HAND","ALWAYS WITH RIGHT HAND","ALWAYS WITH LEFT HAND","1: 1  CONDITION APPLIES","1: 1  CONDITION APPLIES","YES","MALE","MALE"
1982,64735,3,0,2,33790,5,184,1,2,4,4,3,4,2,2,2,2,1,3,3,7,1,1,31,20,"Female","Non-Black / Non-Hispanic","South (AL, AR, DE, DC, FL, GA, KY, LA, MD, MS, NC, OK, SC, TN , TX, VA, WV)","High school diploma (Regular 12 year program)","In CBSA, in central city","YES","3: Mother","NO","NO","NO","NO","YES","0: 0  CONDITION DOES NOT APPLY","ALWAYS WITH RIGHT HAND","ALWAYS WITH RIGHT HAND","ALWAYS WITH RIGHT HAND","ALWAYS WITH RIGHT HAND","ALWAYS WITH LEFT HAND","1: 1  CONDITION APPLIES","1: 1  CONDITION APPLIES","NO","MALE","MALE"
1986,64735,3,1,1,33790,5,183,1,1,2,4,3,4,2,2,1,2,1,2,5,7,1,1,30,22,"Female","Black","South (AL, AR, DE, DC, FL, GA, KY, LA, MD, MS, NC, OK, SC, TN , TX, VA, WV)","High school diploma (Regular 12 year program)","In CBSA, not in central city","NO","3: Mother","NO","YES","NO","NO","NO","0: 0  CONDITION DOES NOT APPLY","ALWAYS WITH RIGHT HAND","ALWAYS WITH RIGHT HAND","ALWAYS WITH RIGHT HAND","ALWAYS WITH RIGHT HAND","ALWAYS WITH LEFT HAND","1: 1  CONDITION APPLIES","1: 1  CONDITION APPLIES","NO","MALE","MALE"
1982,27250,5,1,2,33790,5,183,1,1,3,4,2,1,1,2,1,2,1,5,3,7,1,1,35,24,"Male","Black","South (AL, AR, DE, DC, FL, GA, KY, LA, MD, MS, NC, OK, SC, TN , TX, VA, WV)","High school diploma (Regular 12 year program)","In CBSA, not in central city","YES","3: Mother","YES","NO","NO","NO","NO","0: 0  CONDITION DOES NOT APPLY","ALWAYS WITH RIGHT HAND","ALWAYS WITH RIGHT HAND","ALWAYS WITH RIGHT HAND","ALWAYS WITH RIGHT HAND","ALWAYS WITH LEFT HAND","1: 1  CONDITION APPLIES","1: 1  CONDITION APPLIES","NO","FEMALE","FEMALE"
1982,64735,3,1,1,33790,5,225,1,2,7,5,8,2,2,2,1,2,1,10,3,5,1,1,28,19,"Female","Non-Black / Non-Hispanic","South (AL, AR, DE, DC, FL, GA, KY, LA, MD, MS, NC, OK, SC, TN , TX, VA, WV)","High school diploma (Regular 12 year program)","In CBSA, not in central city","NO","3: Mother","NO","YES","NO","NO","YES","0: 0  CONDITION DOES NOT APPLY","DON'T DO THIS ACTIVITY","ALWAYS WITH RIGHT HAND","ALWAYS WITH RIGHT HAND","ALWAYS WITH RIGHT HAND","ALWAYS WITH LEFT HAND","0: 0  CONDITION DOES NOT APPLY","1: 1  CONDITION APPLIES","NO","MALE","FEMALE"
1982,64735,4,1,2,33790,5,182,1,1,4,3,2,5,2,2,2,2,1,6,3,6,1,1,29,20,"Female","Black","North Central (IL, IN, IA, KS, MI, MN, MO, NE, OH, ND, SD, WI)","GED","In CBSA, not in central city","NO","3: Mother","YES","NO","NO","NO","YES","0: 0  CONDITION DOES NOT APPLY","ALWAYS WITH RIGHT HAND","ALWAYS WITH RIGHT HAND","ALWAYS WITH RIGHT HAND","ALWAYS WITH RIGHT HAND","ALWAYS WITH LEFT HAND","1: 1  CONDITION APPLIES","1: 1  CONDITION APPLIES","NO","MALE","MALE"
1981,64735,5,0,1,33790,5,179,1,1,2,2,4,4,2,2,2,2,2,2,2,5,1,1,55,26,"Male","Non-Black / Non-Hispanic","South (AL, AR, DE, DC, FL, GA, KY, LA, MD, MS, NC, OK, SC, TN , TX, VA, WV)","GED","In CBSA, in central city","NO","3: Mother","YES","NO","NO","NO","YES","0: 0  CONDITION DOES NOT APPLY","ALWAYS WITH RIGHT HAND","ALWAYS WITH RIGHT HAND","ALWAYS WITH RIGHT HAND","ALWAYS WITH RIGHT HAND","ALWAYS WITH RIGHT HAND","1: 1  CONDITION APPLIES","1: 1  CONDITION APPLIES","NO","FEMALE","FEMALE"
1983,64735,5,1,3,33790,6,184,1,2,2,3,2,3,1,1,2,1,1,5,4,5,1,1,34,16,"Male","Black","North Central (IL, IN, IA, KS, MI, MN, MO, NE, OH, ND, SD, WI)","High school diploma (Regular 12 year program)","In CBSA, not in central city","NO","3: Mother","NO","YES","NO","NO","YES","0: 0  CONDITION DOES NOT APPLY","ALWAYS WITH RIGHT HAND","ALWAYS WITH RIGHT HAND","ALWAYS WITH RIGHT HAND","ALWAYS WITH RIGHT HAND","ALWAYS WITH LEFT HAND","1: 1  CONDITION APPLIES","0: 0  CONDITION DOES NOT APPLY","NO","FEMALE","FEMALE"
1982,10000,4,0,3,33790,5,184,2,2,3,4,2,5,1,2,2,1,2,6,6,6,1,1,26,17,"Male","Black","South (AL, AR, DE, DC, FL, GA, KY, LA, MD, MS, NC, OK, SC, TN , TX, VA, WV)","GED","In CBSA, in central city","NO","3: Mother","NO","YES","NO","NO","NO","0: 0  CONDITION DOES NOT APPLY","ALWAYS WITH RIGHT HAND","ALWAYS WITH RIGHT HAND","ALWAYS WITH RIGHT HAND","ALWAYS WITH RIGHT HAND","ALWAYS WITH RIGHT HAND","1: 1  CONDITION APPLIES","1: 1  CONDITION APPLIES","NO","FEMALE","FEMALE"
1982,12250,3,1,5,12000,5,187,1,1,3,5,6,3,2,1,1,2,2,5,2,6,1,1,32,21,"Female","Black","West (AK, AZ, CA, CO, HI, ID, MT, NV, NM, OR, UT, WA, WY)","GED","In CBSA, not in central city","NO","3: Mother","YES","NO","NO","NO","YES","0: 0  CONDITION DOES NOT APPLY","ALWAYS WITH RIGHT HAND","ALWAYS WITH RIGHT HAND","ALWAYS WITH RIGHT HAND","ALWAYS WITH RIGHT HAND","ALWAYS WITH LEFT HAND","1: 1  CONDITION APPLIES","1: 1  CONDITION APPLIES","NO","MALE","MALE"
1982,64735,4,1,1,33790,6,184,1,2,2,3,2,3,2,1,2,2,2,3,1,6,1,1,31,21,"Male","Non-Black / Non-Hispanic","South (AL, AR, DE, DC, FL, GA, KY, LA, MD, MS, NC, OK, SC, TN , TX, VA, WV)","High school diploma (Regular 12 year program)","In CBSA, in central city","NO","3: Mother","NO","YES","NO","NO","YES","0: 0  CONDITION DOES NOT APPLY","ALWAYS WITH RIGHT HAND","ALWAYS WITH RIGHT HAND","ALWAYS WITH RIGHT HAND","ALWAYS WITH RIGHT HAND","ALWAYS WITH LEFT HAND","0: 0  CONDITION DOES NOT APPLY","1: 1  CONDITION APPLIES","NO","FEMALE","MALE"
1981,107500,3,0,1,33790,5,140,1,1,5,3,2,5,2,2,1,2,2,5,3,6,1,1,29,20,"Female","Black","South (AL, AR, DE, DC, FL, GA, KY, LA, MD, MS, NC, OK, SC, TN , TX, VA, WV)","High school diploma (Regular 12 year program)","In CBSA, not in central city","YES","3: Mother","YES","NO","YES","NO","YES","0: 0  CONDITION DOES NOT APPLY","ALWAYS WITH RIGHT HAND","ALWAYS WITH RIGHT HAND","ALWAYS WITH RIGHT HAND","ALWAYS WITH RIGHT HAND","ALWAYS WITH LEFT HAND","1: 1  CONDITION APPLIES","1: 1  CONDITION APPLIES","YES","FEMALE","MALE"
1982,64735,4,1,3,33790,5,180,1,1,3,4,1,1,2,2,2,1,1,1,2,6,1,1,29,23,"Male","Black","South (AL, AR, DE, DC, FL, GA, KY, LA, MD, MS, NC, OK, SC, TN , TX, VA, WV)","GED","In CBSA, not in central city","YES","3: Mother","NO","NO","YES","NO","NO","0: 0  CONDITION DOES NOT APPLY","ALWAYS WITH RIGHT HAND","ALWAYS WITH RIGHT HAND","ALWAYS WITH RIGHT HAND","ALWAYS WITH RIGHT HAND","ALWAYS WITH LEFT HAND","1: 1  CONDITION APPLIES","1: 1  CONDITION APPLIES","NO","FEMALE","MALE"
1983,31190,4,0,1,33790,5,120,1,1,2,4,2,3,2,2,1,2,1,6,3,7,1,2,30,21,"Female","Non-Black / Non-Hispanic","West (AK, AZ, CA, CO, HI, ID, MT, NV, NM, OR, UT, WA, WY)","High school diploma (Regular 12 year program)","In CBSA, not in central city","NO","3: Mother","NO","YES","NO","NO","YES","0: 0  CONDITION DOES NOT APPLY","ALWAYS WITH RIGHT HAND","ALWAYS WITH RIGHT HAND","ALWAYS WITH RIGHT HAND","ALWAYS WITH RIGHT HAND","ALWAYS WITH LEFT HAND","1: 1  CONDITION APPLIES","1: 1  CONDITION APPLIES","NO","FEMALE","FEMALE"
1981,64735,2,0,1,33790,5,160,1,2,4,3,3,3,2,2,1,2,1,6,2,8,3,1,34,25,"Male","Non-Black / Non-Hispanic","West (AK, AZ, CA, CO, HI, ID, MT, NV, NM, OR, UT, WA, WY)","Bachelor's degree (BA, BS)","In CBSA, not in central city","NO","3: Mother","YES","NO","NO","NO","YES","0: 0  CONDITION DOES NOT APPLY","ALWAYS WITH RIGHT HAND","ALWAYS WITH RIGHT HAND","ALWAYS WITH RIGHT HAND","ALWAYS WITH RIGHT HAND","ALWAYS WITH LEFT HAND","1: 1  CONDITION APPLIES","1: 1  CONDITION APPLIES","NO","MALE","MALE"
1983,64735,4,0,1,33790,5,185,1,1,3,6,2,2,2,2,1,2,1,5,2,6,1,1,31,21,"Male","Non-Black / Non-Hispanic","South (AL, AR, DE, DC, FL, GA, KY, LA, MD, MS, NC, OK, SC, TN , TX, VA, WV)","High school diploma (Regular 12 year program)","In CBSA, not in central city","NO","3: Mother","YES","YES","NO","NO","YES","0: 0  CONDITION DOES NOT APPLY","ALWAYS WITH RIGHT HAND","ALWAYS WITH RIGHT HAND","ALWAYS WITH RIGHT HAND","ALWAYS WITH RIGHT HAND","ALWAYS WITH LEFT HAND","1: 1  CONDITION APPLIES","1: 1  CONDITION APPLIES","NO","FEMALE","MALE"
1982,64735,4,1,4,33790,5,182,1,2,1,4,4,6,2,1,2,2,1,5,4,5,1,1,49,21,"Female","Hispanic","South (AL, AR, DE, DC, FL, GA, KY, LA, MD, MS, NC, OK, SC, TN , TX, VA, WV)","High school diploma (Regular 12 year program)","In CBSA, in central city","NO","3: Mother","NO","NO","NO","NO","YES","0: 0  CONDITION DOES NOT APPLY","ALWAYS WITH RIGHT HAND","ALWAYS WITH LEFT HAND","ALWAYS WITH RIGHT HAND","ALWAYS WITH RIGHT HAND","ALWAYS WITH RIGHT HAND","1: 1  CONDITION APPLIES","1: 1  CONDITION APPLIES","NO","FEMALE","MALE"
1980,64735,4,1,1,33790,5,205,1,1,1,5,3,2,2,2,2,2,1,5,3,7,1,1,32,22,"Male","Non-Black / Non-Hispanic","South (AL, AR, DE, DC, FL, GA, KY, LA, MD, MS, NC, OK, SC, TN , TX, VA, WV)","High school diploma (Regular 12 year program)","In CBSA, not known","NO","3: Mother","NO","YES","NO","NO","YES","0: 0  CONDITION DOES NOT APPLY","ALWAYS WITH RIGHT HAND","ALWAYS WITH RIGHT HAND","ALWAYS WITH RIGHT HAND","ALWAYS WITH RIGHT HAND","ALWAYS WITH LEFT HAND","1: 1  CONDITION APPLIES","1: 1  CONDITION APPLIES","NO","FEMALE","FEMALE"
1981,32750,4,1,1,33790,4,176,1,2,2,3,5,2,2,2,2,2,1,3,1,10,1,1,27,8,"Female","Hispanic","South (AL, AR, DE, DC, FL, GA, KY, LA, MD, MS, NC, OK, SC, TN , TX, VA, WV)","High school diploma (Regular 12 year program)","In CBSA, not in central city","NO","3: Mother","NO","YES","NO","NO","YES","0: 0  CONDITION DOES NOT APPLY","ALWAYS WITH RIGHT HAND","ALWAYS WITH RIGHT HAND","ALWAYS WITH RIGHT HAND","ALWAYS WITH RIGHT HAND","ALWAYS WITH LEFT HAND","1: 1  CONDITION APPLIES","1: 1  CONDITION APPLIES","NO","MALE","MALE"
1984,64735,5,2,2,33790,5,129,1,1,1,4,2,6,2,2,1,2,2,6,8,7,2,1,29,18,"Male","Hispanic","Northeast (CT, ME, MA, NH, NJ, NY, PA, RI, VT)","High school diploma (Regular 12 year program)","In CBSA, in central city","NO","3: Mother","NO","YES","NO","NO","YES","0: 0  CONDITION DOES NOT APPLY","ALWAYS WITH RIGHT HAND","ALWAYS WITH RIGHT HAND","ALWAYS WITH RIGHT HAND","ALWAYS WITH RIGHT HAND","ALWAYS WITH RIGHT HAND","0: 0  CONDITION DOES NOT APPLY","1: 1  CONDITION APPLIES","YES","FEMALE","MALE"
1981,20700,4,0,3,33790,5,180,2,1,3,4,1,4,2,2,2,1,1,6,1,7,1,1,28,23,"Male","Non-Black / Non-Hispanic","South (AL, AR, DE, DC, FL, GA, KY, LA, MD, MS, NC, OK, SC, TN , TX, VA, WV)","High school diploma (Regular 12 year program)","In CBSA, not in central city","NO","3: Mother","YES","NO","NO","NO","YES","0: 0  CONDITION DOES NOT APPLY","ALWAYS WITH RIGHT HAND","ALWAYS WITH RIGHT HAND","ALWAYS WITH RIGHT HAND","ALWAYS WITH RIGHT HAND","ALWAYS WITH LEFT HAND","1: 1  CONDITION APPLIES","1: 1  CONDITION APPLIES","YES","FEMALE","MALE"
1981,64735,5,0,1,33790,5,155,1,1,3,3,1,1,2,2,1,2,1,3,4,5,1,1,36,43,"Female","Hispanic","West (AK, AZ, CA, CO, HI, ID, MT, NV, NM, OR, UT, WA, WY)","None","In CBSA, in central city","YES","3: Mother","YES","NO","YES","NO","YES","0: 0  CONDITION DOES NOT APPLY","ALWAYS WITH RIGHT HAND","ALWAYS WITH RIGHT HAND","ALWAYS WITH RIGHT HAND","ALWAYS WITH RIGHT HAND","ALWAYS WITH LEFT HAND","1: 1  CONDITION APPLIES","1: 1  CONDITION APPLIES","YES","FEMALE","FEMALE"
1987,64735,3,0,6,33790,5,170,2,2,2,5,2,3,1,2,2,1,2,2,3,9,1,1,10,5,"Female","Hispanic","West (AK, AZ, CA, CO, HI, ID, MT, NV, NM, OR, UT, WA, WY)","High school diploma (Regular 12 year program)","In CBSA, in central city","NO","3: Mother","YES","YES","NO","NO","YES","0: 0  CONDITION DOES NOT APPLY","ALWAYS WITH RIGHT HAND","ALWAYS WITH RIGHT HAND","ALWAYS WITH RIGHT HAND","ALWAYS WITH RIGHT HAND","USUALLY WITH BOTH HANDS EQUALLY","1: 1  CONDITION APPLIES","1: 1  CONDITION APPLIES","YES","FEMALE","MALE"
1980,18550,7,0,3,33790,5,182,1,1,2,1,6,3,2,2,2,1,1,2,2,6,1,1,33,23,"Male","Hispanic","South (AL, AR, DE, DC, FL, GA, KY, LA, MD, MS, NC, OK, SC, TN , TX, VA, WV)","High school diploma (Regular 12 year program)","In CBSA, not in central city","NO","3: Mother","NO","YES","NO","NO","YES","0: 0  CONDITION DOES NOT APPLY","ALWAYS WITH RIGHT HAND","ALWAYS WITH RIGHT HAND","USUALLY WITH BOTH HANDS EQUALLY","ALWAYS WITH RIGHT HAND","ALWAYS WITH LEFT HAND","1: 1  CONDITION APPLIES","1: 1  CONDITION APPLIES","NO","FEMALE","FEMALE"
1983,64735,3,0,2,15500,5,182,1,1,4,5,3,5,2,2,2,2,1,5,4,7,1,1,28,23,"Female","Hispanic","South (AL, AR, DE, DC, FL, GA, KY, LA, MD, MS, NC, OK, SC, TN , TX, VA, WV)","High school diploma (Regular 12 year program)","In CBSA, in central city","NO","3: Mother","YES","YES","NO","NO","YES","0: 0  CONDITION DOES NOT APPLY","ALWAYS WITH RIGHT HAND","ALWAYS WITH RIGHT HAND","ALWAYS WITH RIGHT HAND","ALWAYS WITH RIGHT HAND","ALWAYS WITH LEFT HAND","1: 1  CONDITION APPLIES","1: 1  CONDITION APPLIES","YES","FEMALE","MALE"
1981,64735,3,1,3,33790,5,183,1,1,1,4,2,2,1,1,1,1,2,6,2,7,1,2,31,22,"Female","Hispanic","South (AL, AR, DE, DC, FL, GA, KY, LA, MD, MS, NC, OK, SC, TN , TX, VA, WV)","High school diploma (Regular 12 year program)","In CBSA, not in central city","NO","3: Mother","NO","YES","NO","NO","YES","0: 0  CONDITION DOES NOT APPLY","ALWAYS WITH RIGHT HAND","ALWAYS WITH RIGHT HAND","ALWAYS WITH RIGHT HAND","ALWAYS WITH RIGHT HAND","ALWAYS WITH LEFT HAND","1: 1  CONDITION APPLIES","1: 1  CONDITION APPLIES","YES","FEMALE","MALE"
1982,64735,4,0,2,33790,5,180,1,1,3,2,3,3,2,2,1,1,1,4,2,5,1,1,29,21,"Male","Non-Black / Non-Hispanic","South (AL, AR, DE, DC, FL, GA, KY, LA, MD, MS, NC, OK, SC, TN , TX, VA, WV)","High school diploma (Regular 12 year program)","In CBSA, not in central city","NO","3: Mother","NO","YES","YES","NO","YES","0: 0  CONDITION DOES NOT APPLY","ALWAYS WITH RIGHT HAND","ALWAYS WITH RIGHT HAND","ALWAYS WITH RIGHT HAND","ALWAYS WITH RIGHT HAND","ALWAYS WITH LEFT HAND","0: 0  CONDITION DOES NOT APPLY","1: 1  CONDITION APPLIES","NO","MALE","MALE"
1981,64735,3,1,5,33790,5,182,1,1,2,2,2,2,2,2,1,2,1,4,3,8,1,1,31,21,"Male","Non-Black / Non-Hispanic","South (AL, AR, DE, DC, FL, GA, KY, LA, MD, MS, NC, OK, SC, TN , TX, VA, WV)","High school diploma (Regular 12 year program)","In CBSA, not in central city","NO","3: Mother","NO","NO","YES","NO","NO","0: 0  CONDITION DOES NOT APPLY","ALWAYS WITH RIGHT HAND","ALWAYS WITH RIGHT HAND","ALWAYS WITH RIGHT HAND","ALWAYS WITH RIGHT HAND","ALWAYS WITH LEFT HAND","1: 1  CONDITION APPLIES","1: 1  CONDITION APPLIES","NO","MALE","FEMALE"
1980,24520,4,1,3,33790,5,183,1,2,2,5,3,2,2,1,1,1,2,6,1,6,1,1,29,23,"Female","Hispanic","West (AK, AZ, CA, CO, HI, ID, MT, NV, NM, OR, UT, WA, WY)","High school diploma (Regular 12 year program)","In CBSA, in central city","NO","3: Mother","YES","NO","NO","NO","NO","0: 0  CONDITION DOES NOT APPLY","ALWAYS WITH RIGHT HAND","ALWAYS WITH RIGHT HAND","ALWAYS WITH RIGHT HAND","ALWAYS WITH RIGHT HAND","ALWAYS WITH LEFT HAND","1: 1  CONDITION APPLIES","1: 1  CONDITION APPLIES","YES","FEMALE","FEMALE"
1984,64735,4,0,2,33790,6,185,1,1,6,3,2,2,2,2,2,2,2,1,2,5,1,1,33,21,"Male","Hispanic","South (AL, AR, DE, DC, FL, GA, KY, LA, MD, MS, NC, OK, SC, TN , TX, VA, WV)","High school diploma (Regular 12 year program)","In CBSA, in central city","NO","3: Mother","YES","YES","NO","NO","NO","0: 0  CONDITION DOES NOT APPLY","ALWAYS WITH RIGHT HAND","ALWAYS WITH RIGHT HAND","ALWAYS WITH RIGHT HAND","ALWAYS WITH RIGHT HAND","ALWAYS WITH LEFT HAND","1: 1  CONDITION APPLIES","1: 1  CONDITION APPLIES","NO","FEMALE","FEMALE"
1981,64735,5,1,1,33790,5,183,1,1,2,4,2,5,1,2,2,1,1,6,4,7,2,1,29,20,"Female","Hispanic","West (AK, AZ, CA, CO, HI, ID, MT, NV, NM, OR, UT, WA, WY)","High school diploma (Regular 12 year program)","In CBSA, not in central city","NO","3: Mother","NO","NO","NO","NO","YES","0: 0  CONDITION DOES NOT APPLY","ALWAYS WITH RIGHT HAND","ALWAYS WITH RIGHT HAND","USUALLY WITH BOTH HANDS EQUALLY","ALWAYS WITH RIGHT HAND","ALWAYS WITH LEFT HAND","1: 1  CONDITION APPLIES","0: 0  CONDITION DOES NOT APPLY","YES","FEMALE","FEMALE"
1983,64735,6,1,3,33790,5,182,2,2,6,3,4,4,2,2,1,2,1,8,2,6,2,1,30,17,"Female","Non-Black / Non-Hispanic","South (AL, AR, DE, DC, FL, GA, KY, LA, MD, MS, NC, OK, SC, TN , TX, VA, WV)","High school diploma (Regular 12 year program)","In CBSA, not in central city","NO","3: Mother","NO","NO","NO","NO","YES","0: 0  CONDITION DOES NOT APPLY","ALWAYS WITH RIGHT HAND","ALWAYS WITH RIGHT HAND","ALWAYS WITH RIGHT HAND","ALWAYS WITH RIGHT HAND","ALWAYS WITH LEFT HAND","0: 0  CONDITION DOES NOT APPLY","1: 1  CONDITION APPLIES","YES","MALE","FEMALE"
1982,75037,5,0,1,33790,5,180,1,1,1,3,3,4,1,2,1,2,1,5,4,6,1,1,54,26,"Male","Non-Black / Non-Hispanic","South (AL, AR, DE, DC, FL, GA, KY, LA, MD, MS, NC, OK, SC, TN , TX, VA, WV)","High school diploma (Regular 12 year program)","In CBSA, not in central city","NO","3: Mother","NO","NO","NO","NO","YES","0: 0  CONDITION DOES NOT APPLY","ALWAYS WITH RIGHT HAND","ALWAYS WITH RIGHT HAND","USUALLY WITH RIGHT HAND","ALWAYS WITH RIGHT HAND","USUALLY WITH LEFT HAND","1: 1  CONDITION APPLIES","1: 1  CONDITION APPLIES","NO","MALE","FEMALE"
1981,64735,2,0,1,49000,5,183,1,1,4,2,1,3,2,1,1,1,2,6,1,6,1,2,35,23,"Male","Hispanic","Northeast (CT, ME, MA, NH, NJ, NY, PA, RI, VT)","High school diploma (Regular 12 year program)","In CBSA, in central city","NO","3: Mother","YES","NO","NO","NO","YES","0: 0  CONDITION DOES NOT APPLY","ALWAYS WITH RIGHT HAND","ALWAYS WITH RIGHT HAND","ALWAYS WITH RIGHT HAND","ALWAYS WITH RIGHT HAND","ALWAYS WITH LEFT HAND","1: 1  CONDITION APPLIES","1: 1  CONDITION APPLIES","NO","FEMALE","MALE"
1983,64735,5,1,3,33790,5,183,1,1,1,6,3,4,2,1,2,2,1,6,2,6,1,1,26,6,"Female","Hispanic","South (AL, AR, DE, DC, FL, GA, KY, LA, MD, MS, NC, OK, SC, TN , TX, VA, WV)","Associate/Junior college (AA)","In CBSA, in central city","YES","3: Mother","NO","YES","NO","NO","YES","0: 0  CONDITION DOES NOT APPLY","ALWAYS WITH RIGHT HAND","ALWAYS WITH RIGHT HAND","ALWAYS WITH RIGHT HAND","ALWAYS WITH RIGHT HAND","ALWAYS WITH LEFT HAND","1: 1  CONDITION APPLIES","1: 1  CONDITION APPLIES","YES","FEMALE","FEMALE"
1982,64735,5,3,1,33790,5,182,2,2,2,4,2,2,2,2,1,2,2,1,3,7,1,1,19,1,"Male","Non-Black / Non-Hispanic","North Central (IL, IN, IA, KS, MI, MN, MO, NE, OH, ND, SD, WI)","High school diploma (Regular 12 year program)","Not in country","NO","3: Mother","NO","YES","YES","NO","NO","0: 0  CONDITION DOES NOT APPLY","ALWAYS WITH RIGHT HAND","ALWAYS WITH RIGHT HAND","ALWAYS WITH RIGHT HAND","ALWAYS WITH RIGHT HAND","ALWAYS WITH LEFT HAND","1: 1  CONDITION APPLIES","0: 0  CONDITION DOES NOT APPLY","YES","FEMALE","FEMALE"
1981,64735,4,0,2,33790,5,180,1,1,1,6,6,1,2,2,2,1,2,6,2,7,1,1,46,26,"Male","Hispanic","South (AL, AR, DE, DC, FL, GA, KY, LA, MD, MS, NC, OK, SC, TN , TX, VA, WV)","High school diploma (Regular 12 year program)","In CBSA, in central city","NO","3: Mother","YES","NO","NO","NO","YES","0: 0  CONDITION DOES NOT APPLY","ALWAYS WITH RIGHT HAND","ALWAYS WITH RIGHT HAND","ALWAYS WITH RIGHT HAND","ALWAYS WITH RIGHT HAND","ALWAYS WITH LEFT HAND","1: 1  CONDITION APPLIES","1: 1  CONDITION APPLIES","NO","MALE","MALE"
1982,64735,4,0,2,33790,5,181,1,1,2,5,2,4,2,2,1,2,1,6,2,6,1,2,42,58,"Male","Non-Black / Non-Hispanic","South (AL, AR, DE, DC, FL, GA, KY, LA, MD, MS, NC, OK, SC, TN , TX, VA, WV)","Associate/Junior college (AA)","In CBSA, in central city","YES","3: Mother","YES","NO","NO","NO","YES","0: 0  CONDITION DOES NOT APPLY","ALWAYS WITH RIGHT HAND","ALWAYS WITH RIGHT HAND","ALWAYS WITH RIGHT HAND","ALWAYS WITH RIGHT HAND","ALWAYS WITH LEFT HAND","1: 1  CONDITION APPLIES","1: 1  CONDITION APPLIES","NO","FEMALE","MALE"
1982,30000,3,0,2,33790,5,170,1,1,2,3,1,4,2,2,1,1,1,3,2,5,1,1,33,23,"Female","Non-Black / Non-Hispanic","South (AL, AR, DE, DC, FL, GA, KY, LA, MD, MS, NC, OK, SC, TN , TX, VA, WV)","Bachelor's degree (BA, BS)","In CBSA, not in central city","NO","3: Mother","YES","NO","YES","NO","YES","0: 0  CONDITION DOES NOT APPLY","USUALLY WITH RIGHT HAND","USUALLY WITH RIGHT HAND","USUALLY WITH RIGHT HAND","ALWAYS WITH RIGHT HAND","ALWAYS WITH LEFT HAND","1: 1  CONDITION APPLIES","1: 1  CONDITION APPLIES","NO","FEMALE","MALE"
1981,65200,4,1,2,33790,5,181,1,2,2,4,4,7,1,2,1,1,1,4,2,7,1,1,32,17,"Male","Black","North Central (IL, IN, IA, KS, MI, MN, MO, NE, OH, ND, SD, WI)","Bachelor's degree (BA, BS)","In CBSA, in central city","NO","3: Mother","NO","NO","NO","NO","YES","0: 0  CONDITION DOES NOT APPLY","ALWAYS WITH RIGHT HAND","ALWAYS WITH RIGHT HAND","ALWAYS WITH RIGHT HAND","ALWAYS WITH RIGHT HAND","ALWAYS WITH LEFT HAND","1: 1  CONDITION APPLIES","1: 1  CONDITION APPLIES","NO","FEMALE","FEMALE"
1982,64735,4,0,1,33790,5,181,1,1,1,1,4,3,2,2,1,2,1,6,2,8,1,1,41,63,"Female","Hispanic","South (AL, AR, DE, DC, FL, GA, KY, LA, MD, MS, NC, OK, SC, TN , TX, VA, WV)","GED","In CBSA, not in central city","YES","3: Mother","NO","YES","NO","NO","YES","0: 0  CONDITION DOES NOT APPLY","ALWAYS WITH RIGHT HAND","ALWAYS WITH RIGHT HAND","ALWAYS WITH RIGHT HAND","ALWAYS WITH RIGHT HAND","ALWAYS WITH LEFT HAND","1: 1  CONDITION APPLIES","1: 1  CONDITION APPLIES","YES","FEMALE","MALE"
1984,64735,3,1,4,33790,5,183,2,2,2,5,1,1,2,2,2,1,1,6,2,5,1,1,30,20,"Female","Hispanic","South (AL, AR, DE, DC, FL, GA, KY, LA, MD, MS, NC, OK, SC, TN , TX, VA, WV)","High school diploma (Regular 12 year program)","In CBSA, not in central city","NO","3: Mother","YES","YES","NO","NO","YES","0: 0  CONDITION DOES NOT APPLY","ALWAYS WITH RIGHT HAND","ALWAYS WITH RIGHT HAND","ALWAYS WITH RIGHT HAND","ALWAYS WITH RIGHT HAND","ALWAYS WITH LEFT HAND","1: 1  CONDITION APPLIES","1: 1  CONDITION APPLIES","YES","FEMALE","FEMALE"
1982,64735,5,0,1,33790,5,185,1,1,4,1,3,2,1,2,2,1,1,4,1,5,1,1,31,26,"Male","Black","South (AL, AR, DE, DC, FL, GA, KY, LA, MD, MS, NC, OK, SC, TN , TX, VA, WV)","High school diploma (Regular 12 year program)","In CBSA, not in central city","YES","3: Mother","YES","YES","NO","NO","NO","0: 0  CONDITION DOES NOT APPLY","ALWAYS WITH RIGHT HAND","USUALLY WITH BOTH HANDS EQUALLY","ALWAYS WITH RIGHT HAND","ALWAYS WITH RIGHT HAND","ALWAYS WITH LEFT HAND","1: 1  CONDITION APPLIES","1: 1  CONDITION APPLIES","NO","FEMALE","MALE"
1982,64735,5,0,3,33790,5,183,1,2,4,4,3,2,2,2,1,2,2,6,1,7,4,5,38,55,"Male","Hispanic","South (AL, AR, DE, DC, FL, GA, KY, LA, MD, MS, NC, OK, SC, TN , TX, VA, WV)","High school diploma (Regular 12 year program)","In CBSA, in central city","YES","3: Mother","YES","NO","NO","NO","YES","0: 0  CONDITION DOES NOT APPLY","ALWAYS WITH RIGHT HAND","ALWAYS WITH LEFT HAND","ALWAYS WITH RIGHT HAND","ALWAYS WITH RIGHT HAND","ALWAYS WITH LEFT HAND","1: 1  CONDITION APPLIES","1: 1  CONDITION APPLIES","YES","FEMALE","MALE"
1984,64735,3,1,4,33790,5,183,1,1,1,6,2,2,2,2,2,2,1,5,2,6,1,1,32,23,"Male","Black","South (AL, AR, DE, DC, FL, GA, KY, LA, MD, MS, NC, OK, SC, TN , TX, VA, WV)","High school diploma (Regular 12 year program)","In CBSA, in central city","NO","3: Mother","NO","YES","NO","NO","YES","0: 0  CONDITION DOES NOT APPLY","ALWAYS WITH RIGHT HAND","ALWAYS WITH RIGHT HAND","ALWAYS WITH RIGHT HAND","ALWAYS WITH RIGHT HAND","ALWAYS WITH RIGHT HAND","1: 1  CONDITION APPLIES","1: 1  CONDITION APPLIES","YES","FEMALE","MALE"
1980,64735,3,1,3,33790,6,188,1,1,3,3,2,3,2,2,2,2,1,7,7,5,1,1,31,22,"Male","Non-Black / Non-Hispanic","West (AK, AZ, CA, CO, HI, ID, MT, NV, NM, OR, UT, WA, WY)","Associate/Junior college (AA)","In CBSA, not in central city","NO","3: Mother","YES","NO","NO","NO","NO","0: 0  CONDITION DOES NOT APPLY","ALWAYS WITH RIGHT HAND","ALWAYS WITH RIGHT HAND","ALWAYS WITH RIGHT HAND","ALWAYS WITH LEFT HAND","ALWAYS WITH LEFT HAND","1: 1  CONDITION APPLIES","1: 1  CONDITION APPLIES","NO","FEMALE","MALE"
1982,64735,3,1,2,33790,5,183,1,1,1,3,3,5,1,2,1,1,1,6,1,8,1,1,31,21,"Female","Mixed Race (Non-Hispanic)","South (AL, AR, DE, DC, FL, GA, KY, LA, MD, MS, NC, OK, SC, TN , TX, VA, WV)","High school diploma (Regular 12 year program)","In CBSA, in central city","NO","3: Mother","NO","YES","NO","NO","YES","0: 0  CONDITION DOES NOT APPLY","ALWAYS WITH LEFT HAND","ALWAYS WITH LEFT HAND","ALWAYS WITH LEFT HAND","ALWAYS WITH LEFT HAND","ALWAYS WITH LEFT HAND","1: 1  CONDITION APPLIES","1: 1  CONDITION APPLIES","NO","MALE","FEMALE"
1983,64735,5,0,3,33790,5,180,1,2,5,3,5,6,2,2,2,2,2,4,2,7,3,1,32,22,"Female","Hispanic","West (AK, AZ, CA, CO, HI, ID, MT, NV, NM, OR, UT, WA, WY)","High school diploma (Regular 12 year program)","In CBSA, not in central city","NO","3: Mother","YES","NO","YES","NO","YES","0: 0  CONDITION DOES NOT APPLY","ALWAYS WITH RIGHT HAND","ALWAYS WITH RIGHT HAND","ALWAYS WITH RIGHT HAND","ALWAYS WITH RIGHT HAND","ALWAYS WITH LEFT HAND","1: 1  CONDITION APPLIES","1: 1  CONDITION APPLIES","YES","FEMALE","MALE"
1985,7390,4,0,1,33790,5,185,1,1,1,3,4,1,2,1,1,2,1,2,3,7,1,1,56,29,"Male","Hispanic","West (AK, AZ, CA, CO, HI, ID, MT, NV, NM, OR, UT, WA, WY)","High school diploma (Regular 12 year program)","In CBSA, not in central city","YES","3: Mother","NO","NO","NO","NO","YES","0: 0  CONDITION DOES NOT APPLY","ALWAYS WITH RIGHT HAND","ALWAYS WITH RIGHT HAND","ALWAYS WITH RIGHT HAND","ALWAYS WITH RIGHT HAND","ALWAYS WITH LEFT HAND","1: 1  CONDITION APPLIES","1: 1  CONDITION APPLIES","NO","FEMALE","MALE"
1983,64735,2,0,2,33790,5,182,1,1,3,3,3,4,2,2,1,2,1,5,2,8,1,1,28,23,"Male","Hispanic","South (AL, AR, DE, DC, FL, GA, KY, LA, MD, MS, NC, OK, SC, TN , TX, VA, WV)","Master's degree (MA, MS)","In CBSA, in central city","NO","3: Mother","NO","NO","NO","NO","YES","0: 0  CONDITION DOES NOT APPLY","ALWAYS WITH RIGHT HAND","ALWAYS WITH RIGHT HAND","ALWAYS WITH RIGHT HAND","ALWAYS WITH RIGHT HAND","ALWAYS WITH LEFT HAND","1: 1  CONDITION APPLIES","0: 0  CONDITION DOES NOT APPLY","NO","FEMALE","MALE"
1982,64735,4,1,1,33790,5,184,1,1,2,4,1,2,2,2,1,1,2,4,3,7,1,1,30,20,"Female","Black","South (AL, AR, DE, DC, FL, GA, KY, LA, MD, MS, NC, OK, SC, TN , TX, VA, WV)","High school diploma (Regular 12 year program)","Not in CBSA","NO","3: Mother","NO","YES","NO","NO","YES","0: 0  CONDITION DOES NOT APPLY","ALWAYS WITH RIGHT HAND","ALWAYS WITH RIGHT HAND","USUALLY WITH BOTH HANDS EQUALLY","ALWAYS WITH RIGHT HAND","ALWAYS WITH LEFT HAND","1: 1  CONDITION APPLIES","1: 1  CONDITION APPLIES","NO","MALE","MALE"
1980,100000,3,1,4,33790,5,181,2,1,3,5,3,6,2,2,1,2,1,6,2,6,1,1,26,3,"Male","Non-Black / Non-Hispanic","South (AL, AR, DE, DC, FL, GA, KY, LA, MD, MS, NC, OK, SC, TN , TX, VA, WV)","Bachelor's degree (BA, BS)","In CBSA, not in central city","NO","3: Mother","YES","NO","NO","NO","YES","0: 0  CONDITION DOES NOT APPLY","ALWAYS WITH RIGHT HAND","ALWAYS WITH RIGHT HAND","ALWAYS WITH RIGHT HAND","ALWAYS WITH RIGHT HAND","ALWAYS WITH LEFT HAND","1: 1  CONDITION APPLIES","1: 1  CONDITION APPLIES","NO","MALE","FEMALE"
1981,64735,3,0,4,24500,5,184,2,2,1,4,4,3,2,2,2,2,1,6,2,7,1,1,28,19,"Female","Black","South (AL, AR, DE, DC, FL, GA, KY, LA, MD, MS, NC, OK, SC, TN , TX, VA, WV)","High school diploma (Regular 12 year program)","In CBSA, not in central city","NO","3: Mother","NO","YES","NO","NO","YES","0: 0  CONDITION DOES NOT APPLY","ALWAYS WITH RIGHT HAND","ALWAYS WITH RIGHT HAND","ALWAYS WITH RIGHT HAND","ALWAYS WITH RIGHT HAND","ALWAYS WITH LEFT HAND","1: 1  CONDITION APPLIES","1: 1  CONDITION APPLIES","NO","MALE","FEMALE"
1984,64735,4,0,2,33790,5,186,1,2,1,3,2,3,1,1,2,1,2,3,2,7,1,2,36,17,"Male","Hispanic","South (AL, AR, DE, DC, FL, GA, KY, LA, MD, MS, NC, OK, SC, TN , TX, VA, WV)","High school diploma (Regular 12 year program)","In CBSA, not in central city","NO","3: Mother","NO","NO","NO","NO","YES","0: 0  CONDITION DOES NOT APPLY","ALWAYS WITH RIGHT HAND","ALWAYS WITH RIGHT HAND","ALWAYS WITH RIGHT HAND","ALWAYS WITH LEFT HAND","ALWAYS WITH LEFT HAND","1: 1  CONDITION APPLIES","1: 1  CONDITION APPLIES","NO","FEMALE","MALE"
1981,45750,3,1,2,33790,5,181,1,2,3,3,5,5,2,2,2,2,2,3,2,5,1,1,27,18,"Female","Non-Black / Non-Hispanic","South (AL, AR, DE, DC, FL, GA, KY, LA, MD, MS, NC, OK, SC, TN , TX, VA, WV)","High school diploma (Regular 12 year program)","In CBSA, not in central city","NO","3: Mother","YES","NO","NO","NO","NO","0: 0  CONDITION DOES NOT APPLY","ALWAYS WITH RIGHT HAND","USUALLY WITH RIGHT HAND","ALWAYS WITH RIGHT HAND","ALWAYS WITH RIGHT HAND","ALWAYS WITH LEFT HAND","1: 1  CONDITION APPLIES","1: 1  CONDITION APPLIES","NO","FEMALE","MALE"
1980,64735,3,0,2,18000,5,182,2,1,6,4,4,1,2,2,2,1,2,3,3,6,1,1,35,27,"Male","Hispanic","South (AL, AR, DE, DC, FL, GA, KY, LA, MD, MS, NC, OK, SC, TN , TX, VA, WV)","None","In CBSA, in central city","YES","3: Mother","YES","YES","YES","NO","NO","0: 0  CONDITION DOES NOT APPLY","ALWAYS WITH RIGHT HAND","ALWAYS WITH RIGHT HAND","ALWAYS WITH RIGHT HAND","ALWAYS WITH RIGHT HAND","ALWAYS WITH LEFT HAND","1: 1  CONDITION APPLIES","1: 1  CONDITION APPLIES","NO","FEMALE","FEMALE"
1982,64735,3,1,2,33790,5,182,1,2,1,5,4,3,2,2,1,2,1,5,3,7,1,1,11,8,"Female","Non-Black / Non-Hispanic","South (AL, AR, DE, DC, FL, GA, KY, LA, MD, MS, NC, OK, SC, TN , TX, VA, WV)","Bachelor's degree (BA, BS)","In CBSA, not in central city","NO","3: Mother","NO","YES","NO","NO","YES","0: 0  CONDITION DOES NOT APPLY","ALWAYS WITH RIGHT HAND","ALWAYS WITH RIGHT HAND","ALWAYS WITH RIGHT HAND","ALWAYS WITH RIGHT HAND","ALWAYS WITH LEFT HAND","1: 1  CONDITION APPLIES","1: 1  CONDITION APPLIES","NO","MALE","FEMALE"
1980,64735,6,0,1,33790,5,118,1,2,5,4,4,5,2,2,1,2,2,5,3,6,1,1,32,20,"Female","Non-Black / Non-Hispanic","South (AL, AR, DE, DC, FL, GA, KY, LA, MD, MS, NC, OK, SC, TN , TX, VA, WV)","High school diploma (Regular 12 year program)","In CBSA, not in central city","NO","3: Mother","YES","NO","NO","NO","YES","0: 0  CONDITION DOES NOT APPLY","ALWAYS WITH RIGHT HAND","ALWAYS WITH RIGHT HAND","ALWAYS WITH RIGHT HAND","ALWAYS WITH RIGHT HAND","ALWAYS WITH LEFT HAND","1: 1  CONDITION APPLIES","1: 1  CONDITION APPLIES","YES","MALE","FEMALE"
1983,64735,3,0,3,33790,5,187,1,2,2,3,5,8,2,1,1,2,1,3,2,8,1,1,6,12,"Female","Hispanic","West (AK, AZ, CA, CO, HI, ID, MT, NV, NM, OR, UT, WA, WY)","GED","In CBSA, in central city","NO","3: Mother","NO","YES","NO","NO","NO","0: 0  CONDITION DOES NOT APPLY","ALWAYS WITH RIGHT HAND","ALWAYS WITH RIGHT HAND","ALWAYS WITH RIGHT HAND","ALWAYS WITH RIGHT HAND","ALWAYS WITH RIGHT HAND","1: 1  CONDITION APPLIES","1: 1  CONDITION APPLIES","NO","FEMALE","MALE"
1982,64735,4,1,5,33790,5,184,1,1,2,4,3,5,2,2,1,2,2,3,2,6,1,1,24,1,"Female","Non-Black / Non-Hispanic","West (AK, AZ, CA, CO, HI, ID, MT, NV, NM, OR, UT, WA, WY)","Bachelor's degree (BA, BS)","In CBSA, not in central city","NO","3: Mother","YES","NO","NO","NO","YES","0: 0  CONDITION DOES NOT APPLY","ALWAYS WITH RIGHT HAND","ALWAYS WITH RIGHT HAND","ALWAYS WITH RIGHT HAND","ALWAYS WITH RIGHT HAND","ALWAYS WITH LEFT HAND","0: 0  CONDITION DOES NOT APPLY","1: 1  CONDITION APPLIES","NO","MALE","FEMALE"
1983,64735,4,0,3,33790,5,140,1,1,3,4,4,5,2,2,2,2,1,6,2,7,1,1,31,23,"Female","Non-Black / Non-Hispanic","South (AL, AR, DE, DC, FL, GA, KY, LA, MD, MS, NC, OK, SC, TN , TX, VA, WV)","High school diploma (Regular 12 year program)","In CBSA, not in central city","NO","3: Mother","YES","NO","YES","NO","NO","0: 0  CONDITION DOES NOT APPLY","ALWAYS WITH RIGHT HAND","ALWAYS WITH RIGHT HAND","ALWAYS WITH RIGHT HAND","ALWAYS WITH RIGHT HAND","ALWAYS WITH LEFT HAND","1: 1  CONDITION APPLIES","1: 1  CONDITION APPLIES","YES","FEMALE","MALE"
1981,0,4,0,1,33790,5,182,1,2,3,4,6,2,2,2,2,1,2,4,3,6,1,1,54,29,"Female","Black","South (AL, AR, DE, DC, FL, GA, KY, LA, MD, MS, NC, OK, SC, TN , TX, VA, WV)","High school diploma (Regular 12 year program)","In CBSA, in central city","NO","3: Mother","YES","YES","NO","NO","YES","0: 0  CONDITION DOES NOT APPLY","ALWAYS WITH RIGHT HAND","ALWAYS WITH RIGHT HAND","ALWAYS WITH RIGHT HAND","ALWAYS WITH RIGHT HAND","ALWAYS WITH RIGHT HAND","1: 1  CONDITION APPLIES","1: 1  CONDITION APPLIES","NO","FEMALE","FEMALE"
1982,64735,4,0,4,33790,5,181,1,1,1,4,3,1,2,1,2,1,1,1,3,8,1,1,31,20,"Female","Hispanic","South (AL, AR, DE, DC, FL, GA, KY, LA, MD, MS, NC, OK, SC, TN , TX, VA, WV)","None","In CBSA, not in central city","NO","3: Mother","NO","YES","NO","NO","YES","0: 0  CONDITION DOES NOT APPLY","ALWAYS WITH RIGHT HAND","ALWAYS WITH RIGHT HAND","ALWAYS WITH RIGHT HAND","ALWAYS WITH RIGHT HAND","ALWAYS WITH LEFT HAND","1: 1  CONDITION APPLIES","1: 1  CONDITION APPLIES","YES","MALE","FEMALE"
1980,64735,3,1,3,33790,5,184,2,2,3,6,1,2,2,1,1,2,2,6,6,6,2,1,30,17,"Female","Black","South (AL, AR, DE, DC, FL, GA, KY, LA, MD, MS, NC, OK, SC, TN , TX, VA, WV)","High school diploma (Regular 12 year program)","In CBSA, in central city","NO","3: Mother","NO","NO","YES","NO","YES","0: 0  CONDITION DOES NOT APPLY","ALWAYS WITH RIGHT HAND","ALWAYS WITH RIGHT HAND","ALWAYS WITH RIGHT HAND","ALWAYS WITH RIGHT HAND","ALWAYS WITH RIGHT HAND","1: 1  CONDITION APPLIES","1: 1  CONDITION APPLIES","NO","FEMALE","FEMALE"
1980,64735,2,1,1,33790,5,183,1,3,3,1,3,2,2,2,1,2,2,5,1,7,1,1,3,14,"Female","Hispanic","South (AL, AR, DE, DC, FL, GA, KY, LA, MD, MS, NC, OK, SC, TN , TX, VA, WV)","High school diploma (Regular 12 year program)","In CBSA, in central city","NO","3: Mother","YES","YES","YES","NO","NO","0: 0  CONDITION DOES NOT APPLY","ALWAYS WITH RIGHT HAND","ALWAYS WITH RIGHT HAND","ALWAYS WITH RIGHT HAND","ALWAYS WITH RIGHT HAND","ALWAYS WITH LEFT HAND","1: 1  CONDITION APPLIES","1: 1  CONDITION APPLIES","YES","FEMALE","MALE"
1983,64735,2,1,2,9000,5,130,2,1,2,3,4,4,2,1,1,1,1,3,1,7,1,1,26,10,"Male","Hispanic","West (AK, AZ, CA, CO, HI, ID, MT, NV, NM, OR, UT, WA, WY)","None","In CBSA, not in central city","NO","3: Mother","YES","NO","NO","NO","NO","0: 0  CONDITION DOES NOT APPLY","ALWAYS WITH RIGHT HAND","USUALLY WITH RIGHT HAND","DON'T DO THIS ACTIVITY","ALWAYS WITH LEFT HAND","ALWAYS WITH LEFT HAND","1: 1  CONDITION APPLIES","0: 0  CONDITION DOES NOT APPLY","NO","MALE","FEMALE"
1983,64735,3,1,1,33790,5,180,1,1,7,3,4,4,2,2,1,1,1,5,1,6,1,1,21,5,"Male","Hispanic","West (AK, AZ, CA, CO, HI, ID, MT, NV, NM, OR, UT, WA, WY)","High school diploma (Regular 12 year program)","Not in country","NO","3: Mother","YES","NO","YES","NO","YES","0: 0  CONDITION DOES NOT APPLY","ALWAYS WITH RIGHT HAND","ALWAYS WITH RIGHT HAND","ALWAYS WITH RIGHT HAND","USUALLY WITH RIGHT HAND","ALWAYS WITH LEFT HAND","1: 1  CONDITION APPLIES","0: 0  CONDITION DOES NOT APPLY","YES","MALE","MALE"
1981,64735,4,0,2,33790,5,183,1,1,1,4,1,7,2,1,2,2,2,3,1,7,1,1,33,21,"Male","Non-Black / Non-Hispanic","South (AL, AR, DE, DC, FL, GA, KY, LA, MD, MS, NC, OK, SC, TN , TX, VA, WV)","High school diploma (Regular 12 year program)","In CBSA, in central city","YES","3: Mother","YES","YES","NO","YES","YES","0: 0  CONDITION DOES NOT APPLY","ALWAYS WITH RIGHT HAND","ALWAYS WITH RIGHT HAND","ALWAYS WITH RIGHT HAND","ALWAYS WITH RIGHT HAND","ALWAYS WITH LEFT HAND","1: 1  CONDITION APPLIES","1: 1  CONDITION APPLIES","NO","FEMALE","MALE"
1981,64735,4,0,3,33790,5,183,2,3,3,4,5,3,2,2,2,1,1,3,1,6,1,1,32,11,"Female","Black","South (AL, AR, DE, DC, FL, GA, KY, LA, MD, MS, NC, OK, SC, TN , TX, VA, WV)","None","In CBSA, not in central city","NO","3: Mother","YES","NO","NO","NO","NO","0: 0  CONDITION DOES NOT APPLY","ALWAYS WITH RIGHT HAND","ALWAYS WITH RIGHT HAND","ALWAYS WITH RIGHT HAND","ALWAYS WITH RIGHT HAND","ALWAYS WITH LEFT HAND","1: 1  CONDITION APPLIES","1: 1  CONDITION APPLIES","NO","FEMALE","FEMALE"
1982,750,2,1,1,33790,6,182,1,1,4,3,6,5,2,2,1,2,2,1,1,6,1,1,25,22,"Male","Non-Black / Non-Hispanic","West (AK, AZ, CA, CO, HI, ID, MT, NV, NM, OR, UT, WA, WY)","High school diploma (Regular 12 year program)","In CBSA, not in central city","NO","3: Mother","YES","NO","NO","NO","NO","0: 0  CONDITION DOES NOT APPLY","ALWAYS WITH RIGHT HAND","ALWAYS WITH LEFT HAND","ALWAYS WITH RIGHT HAND","ALWAYS WITH RIGHT HAND","ALWAYS WITH LEFT HAND","1: 1  CONDITION APPLIES","1: 1  CONDITION APPLIES","NO","MALE","MALE"
1982,64735,4,0,5,33790,5,184,1,1,2,1,3,4,2,2,2,2,1,1,3,8,1,1,29,22,"Male","Non-Black / Non-Hispanic","North Central (IL, IN, IA, KS, MI, MN, MO, NE, OH, ND, SD, WI)","High school diploma (Regular 12 year program)","In CBSA, not in central city","YES","3: Mother","NO","YES","NO","NO","YES","0: 0  CONDITION DOES NOT APPLY","ALWAYS WITH RIGHT HAND","ALWAYS WITH RIGHT HAND","ALWAYS WITH RIGHT HAND","ALWAYS WITH RIGHT HAND","ALWAYS WITH LEFT HAND","1: 1  CONDITION APPLIES","1: 1  CONDITION APPLIES","NO","MALE","FEMALE"
1982,64735,7,1,3,33790,5,183,1,3,1,5,1,4,2,2,1,2,1,3,2,6,1,1,32,20,"Female","Hispanic","South (AL, AR, DE, DC, FL, GA, KY, LA, MD, MS, NC, OK, SC, TN , TX, VA, WV)","High school diploma (Regular 12 year program)","In CBSA, not in central city","YES","3: Mother","NO","YES","NO","NO","NO","0: 0  CONDITION DOES NOT APPLY","ALWAYS WITH RIGHT HAND","ALWAYS WITH RIGHT HAND","ALWAYS WITH RIGHT HAND","ALWAYS WITH RIGHT HAND","ALWAYS WITH LEFT HAND","1: 1  CONDITION APPLIES","1: 1  CONDITION APPLIES","YES","FEMALE","FEMALE"
1981,64735,3,1,3,33790,5,182,1,1,2,3,2,4,2,2,2,2,2,3,3,6,1,1,30,20,"Male","Black","South (AL, AR, DE, DC, FL, GA, KY, LA, MD, MS, NC, OK, SC, TN , TX, VA, WV)","GED","In CBSA, not in central city","NO","3: Mother","YES","NO","YES","NO","YES","0: 0  CONDITION DOES NOT APPLY","ALWAYS WITH RIGHT HAND","ALWAYS WITH RIGHT HAND","ALWAYS WITH RIGHT HAND","ALWAYS WITH RIGHT HAND","ALWAYS WITH LEFT HAND","1: 1  CONDITION APPLIES","1: 1  CONDITION APPLIES","NO","MALE","MALE"
1984,64735,2,1,2,33790,5,182,2,1,5,3,3,3,2,2,2,2,1,1,1,6,1,1,27,20,"Female","Black","West (AK, AZ, CA, CO, HI, ID, MT, NV, NM, OR, UT, WA, WY)","High school diploma (Regular 12 year program)","In CBSA, not in central city","NO","3: Mother","YES","YES","NO","NO","NO","0: 0  CONDITION DOES NOT APPLY","ALWAYS WITH RIGHT HAND","USUALLY WITH RIGHT HAND","USUALLY WITH BOTH HANDS EQUALLY","ALWAYS WITH RIGHT HAND","ALWAYS WITH LEFT HAND","0: 0  CONDITION DOES NOT APPLY","1: 1  CONDITION APPLIES","NO","MALE","MALE"
1982,64735,3,0,1,33790,5,183,1,1,2,4,5,1,2,2,2,2,1,3,2,4,2,1,34,21,"Male","Non-Black / Non-Hispanic","South (AL, AR, DE, DC, FL, GA, KY, LA, MD, MS, NC, OK, SC, TN , TX, VA, WV)","High school diploma (Regular 12 year program)","In CBSA, not in central city","NO","3: Mother","YES","NO","NO","NO","NO","0: 0  CONDITION DOES NOT APPLY","ALWAYS WITH RIGHT HAND","ALWAYS WITH RIGHT HAND","ALWAYS WITH RIGHT HAND","ALWAYS WITH RIGHT HAND","ALWAYS WITH LEFT HAND","1: 1  CONDITION APPLIES","1: 1  CONDITION APPLIES","NO","MALE","MALE"
1980,64735,4,1,4,33790,5,180,1,2,1,3,4,1,2,2,2,2,1,3,2,7,1,1,34,20,"Female","Non-Black / Non-Hispanic","South (AL, AR, DE, DC, FL, GA, KY, LA, MD, MS, NC, OK, SC, TN , TX, VA, WV)","High school diploma (Regular 12 year program)","In CBSA, not in central city","NO","3: Mother","NO","NO","NO","NO","NO","0: 0  CONDITION DOES NOT APPLY","ALWAYS WITH RIGHT HAND","ALWAYS WITH RIGHT HAND","ALWAYS WITH RIGHT HAND","ALWAYS WITH RIGHT HAND","ALWAYS WITH LEFT HAND","1: 1  CONDITION APPLIES","1: 1  CONDITION APPLIES","NO","MALE","FEMALE"
1981,113000,2,0,2,33790,5,184,1,1,2,4,4,3,2,1,2,2,1,6,2,8,1,1,29,20,"Female","Hispanic","Northeast (CT, ME, MA, NH, NJ, NY, PA, RI, VT)","High school diploma (Regular 12 year program)","In CBSA, not in central city","NO","3: Mother","NO","NO","NO","NO","YES","0: 0  CONDITION DOES NOT APPLY","ALWAYS WITH RIGHT HAND","ALWAYS WITH RIGHT HAND","ALWAYS WITH RIGHT HAND","ALWAYS WITH RIGHT HAND","USUALLY WITH LEFT HAND","1: 1  CONDITION APPLIES","1: 1  CONDITION APPLIES","YES","FEMALE","FEMALE"
1982,64735,3,0,1,33790,5,181,1,2,3,3,2,3,2,2,1,2,2,3,1,7,1,1,27,12,"Male","Non-Black / Non-Hispanic","North Central (IL, IN, IA, KS, MI, MN, MO, NE, OH, ND, SD, WI)","Associate/Junior college (AA)","In CBSA, in central city","NO","3: Mother","NO","NO","NO","NO","YES","0: 0  CONDITION DOES NOT APPLY","ALWAYS WITH RIGHT HAND","ALWAYS WITH RIGHT HAND","ALWAYS WITH RIGHT HAND","ALWAYS WITH RIGHT HAND","ALWAYS WITH LEFT HAND","1: 1  CONDITION APPLIES","0: 0  CONDITION DOES NOT APPLY","NO","FEMALE","MALE"
1981,64735,4,0,8,33790,5,183,2,3,2,4,5,8,1,2,1,2,2,6,1,6,1,1,29,12,"Female","Hispanic","West (AK, AZ, CA, CO, HI, ID, MT, NV, NM, OR, UT, WA, WY)","High school diploma (Regular 12 year program)","In CBSA, not in central city","NO","3: Mother","YES","NO","NO","NO","NO","0: 0  CONDITION DOES NOT APPLY","ALWAYS WITH RIGHT HAND","ALWAYS WITH RIGHT HAND","ALWAYS WITH RIGHT HAND","ALWAYS WITH RIGHT HAND","ALWAYS WITH LEFT HAND","1: 1  CONDITION APPLIES","0: 0  CONDITION DOES NOT APPLY","NO","MALE","FEMALE"
1981,64735,4,1,2,33790,5,181,1,3,2,3,2,4,2,1,2,1,1,3,3,7,1,1,33,21,"Male","Black","Northeast (CT, ME, MA, NH, NJ, NY, PA, RI, VT)","None","In CBSA, not in central city","NO","3: Mother","NO","NO","NO","NO","YES","0: 0  CONDITION DOES NOT APPLY","ALWAYS WITH RIGHT HAND","ALWAYS WITH RIGHT HAND","ALWAYS WITH RIGHT HAND","ALWAYS WITH RIGHT HAND","USUALLY WITH LEFT HAND","1: 1  CONDITION APPLIES","1: 1  CONDITION APPLIES","NO","FEMALE","MALE"
1981,64735,5,0,2,33790,5,182,2,1,1,6,2,2,2,2,2,2,1,5,4,7,1,1,32,23,"Female","Black","South (AL, AR, DE, DC, FL, GA, KY, LA, MD, MS, NC, OK, SC, TN , TX, VA, WV)","None","In CBSA, in central city","NO","3: Mother","NO","YES","NO","NO","YES","0: 0  CONDITION DOES NOT APPLY","ALWAYS WITH RIGHT HAND","ALWAYS WITH RIGHT HAND","ALWAYS WITH RIGHT HAND","ALWAYS WITH RIGHT HAND","ALWAYS WITH LEFT HAND","1: 1  CONDITION APPLIES","1: 1  CONDITION APPLIES","NO","MALE","MALE"
1982,64735,2,0,1,33790,5,181,1,1,3,4,4,4,2,1,1,1,1,6,2,7,1,1,33,22,"Female","Hispanic","West (AK, AZ, CA, CO, HI, ID, MT, NV, NM, OR, UT, WA, WY)","High school diploma (Regular 12 year program)","In CBSA, in central city","NO","3: Mother","NO","NO","NO","NO","YES","0: 0  CONDITION DOES NOT APPLY","ALWAYS WITH RIGHT HAND","ALWAYS WITH RIGHT HAND","ALWAYS WITH RIGHT HAND","ALWAYS WITH RIGHT HAND","ALWAYS WITH LEFT HAND","1: 1  CONDITION APPLIES","1: 1  CONDITION APPLIES","YES","FEMALE","MALE"
1980,64735,4,0,2,33790,5,182,1,2,3,5,3,4,2,2,1,2,1,6,1,7,1,1,31,22,"Male","Black","South (AL, AR, DE, DC, FL, GA, KY, LA, MD, MS, NC, OK, SC, TN , TX, VA, WV)","High school diploma (Regular 12 year program)","In CBSA, not in central city","NO","3: Mother","NO","NO","NO","NO","YES","0: 0  CONDITION DOES NOT APPLY","ALWAYS WITH RIGHT HAND","ALWAYS WITH RIGHT HAND","ALWAYS WITH RIGHT HAND","ALWAYS WITH RIGHT HAND","ALWAYS WITH LEFT HAND","1: 1  CONDITION APPLIES","1: 1  CONDITION APPLIES","NO","FEMALE","FEMALE"
1981,64735,4,0,2,33790,5,179,2,1,5,3,1,1,1,2,1,2,1,5,3,6,1,1,29,20,"Female","Black","South (AL, AR, DE, DC, FL, GA, KY, LA, MD, MS, NC, OK, SC, TN , TX, VA, WV)","High school diploma (Regular 12 year program)","In CBSA, not in central city","NO","3: Mother","NO","YES","NO","NO","YES","0: 0  CONDITION DOES NOT APPLY","USUALLY WITH BOTH HANDS EQUALLY","USUALLY WITH LEFT HAND","ALWAYS WITH LEFT HAND","ALWAYS WITH RIGHT HAND","ALWAYS WITH LEFT HAND","1: 1  CONDITION APPLIES","1: 1  CONDITION APPLIES","NO","FEMALE","FEMALE"
1982,64735,2,1,2,33790,5,181,1,1,4,2,3,4,2,2,2,2,2,1,3,8,1,1,24,18,"Male","Non-Black / Non-Hispanic","South (AL, AR, DE, DC, FL, GA, KY, LA, MD, MS, NC, OK, SC, TN , TX, VA, WV)","High school diploma (Regular 12 year program)","In CBSA, not in central city","NO","3: Mother","NO","NO","YES","NO","NO","0: 0  CONDITION DOES NOT APPLY","ALWAYS WITH RIGHT HAND","ALWAYS WITH RIGHT HAND","USUALLY WITH BOTH HANDS EQUALLY","ALWAYS WITH RIGHT HAND","ALWAYS WITH LEFT HAND","1: 1  CONDITION APPLIES","1: 1  CONDITION APPLIES","NO","FEMALE","MALE"
1982,64735,3,0,2,33790,5,184,1,2,1,3,2,3,2,2,1,2,1,1,6,7,1,1,30,20,"Male","Black","South (AL, AR, DE, DC, FL, GA, KY, LA, MD, MS, NC, OK, SC, TN , TX, VA, WV)","None","In CBSA, not in central city","NO","3: Mother","YES","YES","NO","NO","NO","0: 0  CONDITION DOES NOT APPLY","ALWAYS WITH RIGHT HAND","ALWAYS WITH RIGHT HAND","ALWAYS WITH RIGHT HAND","ALWAYS WITH RIGHT HAND","ALWAYS WITH RIGHT HAND","1: 1  CONDITION APPLIES","0: 0  CONDITION DOES NOT APPLY","NO","FEMALE","FEMALE"
1983,64735,3,0,1,33790,6,184,2,1,1,1,1,1,2,2,1,2,1,4,4,6,1,1,28,20,"Male","Black","Northeast (CT, ME, MA, NH, NJ, NY, PA, RI, VT)","High school diploma (Regular 12 year program)","In CBSA, not in central city","YES","3: Mother","NO","NO","NO","NO","YES","0: 0  CONDITION DOES NOT APPLY","ALWAYS WITH RIGHT HAND","ALWAYS WITH RIGHT HAND","ALWAYS WITH RIGHT HAND","ALWAYS WITH RIGHT HAND","ALWAYS WITH LEFT HAND","1: 1  CONDITION APPLIES","1: 1  CONDITION APPLIES","NO","FEMALE","MALE"
1983,64735,3,1,3,33790,5,185,2,2,4,5,1,5,2,2,2,2,2,6,1,6,2,1,25,4,"Male","Black","South (AL, AR, DE, DC, FL, GA, KY, LA, MD, MS, NC, OK, SC, TN , TX, VA, WV)","High school diploma (Regular 12 year program)","In CBSA, not in central city","YES","3: Mother","NO","NO","NO","NO","NO","0: 0  CONDITION DOES NOT APPLY","ALWAYS WITH RIGHT HAND","ALWAYS WITH RIGHT HAND","ALWAYS WITH RIGHT HAND","ALWAYS WITH RIGHT HAND","ALWAYS WITH LEFT HAND","1: 1  CONDITION APPLIES","0: 0  CONDITION DOES NOT APPLY","NO","MALE","MALE"
1982,64735,3,0,1,33790,5,182,1,1,2,3,2,5,2,2,2,2,1,4,3,6,1,1,48,30,"Male","Non-Black / Non-Hispanic","South (AL, AR, DE, DC, FL, GA, KY, LA, MD, MS, NC, OK, SC, TN , TX, VA, WV)","High school diploma (Regular 12 year program)","In CBSA, not in central city","YES","3: Mother","YES","NO","NO","NO","NO","0: 0  CONDITION DOES NOT APPLY","ALWAYS WITH RIGHT HAND","ALWAYS WITH RIGHT HAND","ALWAYS WITH RIGHT HAND","ALWAYS WITH RIGHT HAND","ALWAYS WITH LEFT HAND","1: 1  CONDITION APPLIES","1: 1  CONDITION APPLIES","NO","FEMALE","MALE"
1983,64735,1,0,1,33790,5,184,1,2,3,3,3,8,2,1,1,2,1,6,2,6,1,1,33,26,"Female","Black","South (AL, AR, DE, DC, FL, GA, KY, LA, MD, MS, NC, OK, SC, TN , TX, VA, WV)","GED","In CBSA, in central city","YES","3: Mother","YES","NO","YES","YES","YES","0: 0  CONDITION DOES NOT APPLY","ALWAYS WITH RIGHT HAND","ALWAYS WITH RIGHT HAND","ALWAYS WITH RIGHT HAND","ALWAYS WITH RIGHT HAND","ALWAYS WITH RIGHT HAND","1: 1  CONDITION APPLIES","1: 1  CONDITION APPLIES","NO","MALE","MALE"
1980,64735,3,0,1,33790,5,175,1,2,2,3,2,2,1,2,1,2,1,5,2,7,1,1,32,21,"Female","Non-Black / Non-Hispanic","Northeast (CT, ME, MA, NH, NJ, NY, PA, RI, VT)","High school diploma (Regular 12 year program)","In CBSA, in central city","NO","3: Mother","YES","YES","NO","NO","YES","0: 0  CONDITION DOES NOT APPLY","ALWAYS WITH RIGHT HAND","ALWAYS WITH RIGHT HAND","ALWAYS WITH LEFT HAND","ALWAYS WITH RIGHT HAND","ALWAYS WITH LEFT HAND","1: 1  CONDITION APPLIES","1: 1  CONDITION APPLIES","NO","FEMALE","FEMALE"
1983,10000,1,0,6,33790,6,187,1,1,4,1,3,4,2,2,2,2,2,1,2,5,2,1,34,24,"Male","Non-Black / Non-Hispanic","South (AL, AR, DE, DC, FL, GA, KY, LA, MD, MS, NC, OK, SC, TN , TX, VA, WV)","High school diploma (Regular 12 year program)","In CBSA, not in central city","NO","3: Mother","YES","YES","NO","NO","NO","0: 0  CONDITION DOES NOT APPLY","ALWAYS WITH RIGHT HAND","ALWAYS WITH RIGHT HAND","ALWAYS WITH RIGHT HAND","ALWAYS WITH RIGHT HAND","ALWAYS WITH LEFT HAND","1: 1  CONDITION APPLIES","1: 1  CONDITION APPLIES","NO","FEMALE","FEMALE"
1984,64735,3,0,1,33790,5,180,1,1,1,2,5,5,2,2,1,2,1,6,1,7,1,1,33,23,"Female","Non-Black / Non-Hispanic","South (AL, AR, DE, DC, FL, GA, KY, LA, MD, MS, NC, OK, SC, TN , TX, VA, WV)","Master's degree (MA, MS)","In CBSA, not in central city","NO","3: Mother","NO","YES","NO","NO","YES","0: 0  CONDITION DOES NOT APPLY","ALWAYS WITH RIGHT HAND","ALWAYS WITH RIGHT HAND","ALWAYS WITH RIGHT HAND","ALWAYS WITH RIGHT HAND","USUALLY WITH LEFT HAND","1: 1  CONDITION APPLIES","1: 1  CONDITION APPLIES","NO","MALE","FEMALE"
1982,64735,4,0,2,33790,5,160,1,2,1,1,3,3,1,2,1,1,1,4,2,7,1,1,30,20,"Female","Non-Black / Non-Hispanic","South (AL, AR, DE, DC, FL, GA, KY, LA, MD, MS, NC, OK, SC, TN , TX, VA, WV)","None","In CBSA, not in central city","NO","3: Mother","YES","YES","NO","NO","YES","0: 0  CONDITION DOES NOT APPLY","ALWAYS WITH RIGHT HAND","ALWAYS WITH RIGHT HAND","ALWAYS WITH RIGHT HAND","ALWAYS WITH LEFT HAND","ALWAYS WITH LEFT HAND","1: 1  CONDITION APPLIES","1: 1  CONDITION APPLIES","NO","MALE","FEMALE"
1984,64735,5,1,4,33790,5,184,1,3,3,5,7,3,2,1,2,1,1,2,1,6,1,1,33,22,"Male","Non-Black / Non-Hispanic","West (AK, AZ, CA, CO, HI, ID, MT, NV, NM, OR, UT, WA, WY)","Associate/Junior college (AA)","In CBSA, in central city","NO","3: Mother","NO","YES","NO","NO","YES","0: 0  CONDITION DOES NOT APPLY","ALWAYS WITH RIGHT HAND","ALWAYS WITH RIGHT HAND","ALWAYS WITH RIGHT HAND","ALWAYS WITH RIGHT HAND","ALWAYS WITH LEFT HAND","1: 1  CONDITION APPLIES","1: 1  CONDITION APPLIES","NO","FEMALE","MALE"
1981,64735,3,0,1,33790,5,182,1,1,4,4,3,5,1,1,1,2,1,6,4,7,1,1,32,20,"Male","Black","Northeast (CT, ME, MA, NH, NJ, NY, PA, RI, VT)","None","In CBSA, not in central city","NO","3: Mother","YES","NO","NO","NO","YES","0: 0  CONDITION DOES NOT APPLY","ALWAYS WITH RIGHT HAND","ALWAYS WITH RIGHT HAND","ALWAYS WITH RIGHT HAND","ALWAYS WITH RIGHT HAND","ALWAYS WITH LEFT HAND","1: 1  CONDITION APPLIES","1: 1  CONDITION APPLIES","NO","FEMALE","MALE"
1985,64735,4,0,2,33790,5,183,1,1,2,4,2,4,2,2,1,2,1,6,2,7,1,1,30,20,"Female","Black","South (AL, AR, DE, DC, FL, GA, KY, LA, MD, MS, NC, OK, SC, TN , TX, VA, WV)","High school diploma (Regular 12 year program)","In CBSA, not in central city","NO","3: Mother","YES","YES","NO","NO","YES","0: 0  CONDITION DOES NOT APPLY","ALWAYS WITH RIGHT HAND","ALWAYS WITH RIGHT HAND","ALWAYS WITH RIGHT HAND","ALWAYS WITH RIGHT HAND","ALWAYS WITH LEFT HAND","1: 1  CONDITION APPLIES","1: 1  CONDITION APPLIES","NO","FEMALE","FEMALE"
1982,64735,4,1,3,33790,5,164,1,2,5,3,7,3,2,2,1,2,1,2,4,7,1,1,10,12,"Female","Black","South (AL, AR, DE, DC, FL, GA, KY, LA, MD, MS, NC, OK, SC, TN , TX, VA, WV)","None","In CBSA, not in central city","NO","3: Mother","NO","YES","YES","NO","YES","0: 0  CONDITION DOES NOT APPLY","ALWAYS WITH RIGHT HAND","ALWAYS WITH RIGHT HAND","ALWAYS WITH RIGHT HAND","ALWAYS WITH RIGHT HAND","ALWAYS WITH LEFT HAND","1: 1  CONDITION APPLIES","1: 1  CONDITION APPLIES","YES","FEMALE","FEMALE"
1980,64735,1,0,1,33790,5,185,1,1,3,2,1,1,2,2,2,2,1,6,2,6,1,1,31,21,"Female","Non-Black / Non-Hispanic","South (AL, AR, DE, DC, FL, GA, KY, LA, MD, MS, NC, OK, SC, TN , TX, VA, WV)","High school diploma (Regular 12 year program)","In CBSA, not in central city","NO","3: Mother","NO","NO","NO","NO","YES","0: 0  CONDITION DOES NOT APPLY","ALWAYS WITH LEFT HAND","USUALLY WITH BOTH HANDS EQUALLY","ALWAYS WITH RIGHT HAND","ALWAYS WITH LEFT HAND","ALWAYS WITH RIGHT HAND","1: 1  CONDITION APPLIES","1: 1  CONDITION APPLIES","NO","MALE","MALE"
1986,64735,5,1,5,33790,5,182,1,1,1,5,3,7,2,2,1,2,1,7,1,10,2,1,29,21,"Female","Non-Black / Non-Hispanic","Northeast (CT, ME, MA, NH, NJ, NY, PA, RI, VT)","Bachelor's degree (BA, BS)","In CBSA, in central city","NO","3: Mother","YES","NO","YES","NO","YES","0: 0  CONDITION DOES NOT APPLY","ALWAYS WITH RIGHT HAND","ALWAYS WITH RIGHT HAND","ALWAYS WITH RIGHT HAND","ALWAYS WITH RIGHT HAND","ALWAYS WITH LEFT HAND","1: 1  CONDITION APPLIES","1: 1  CONDITION APPLIES","NO","FEMALE","FEMALE"
1984,64735,1,0,3,33790,5,184,3,2,1,4,2,2,2,2,1,2,1,4,1,7,1,2,27,19,"Female","Non-Black / Non-Hispanic","South (AL, AR, DE, DC, FL, GA, KY, LA, MD, MS, NC, OK, SC, TN , TX, VA, WV)","GED","In CBSA, in central city","NO","3: Mother","YES","NO","YES","NO","YES","0: 0  CONDITION DOES NOT APPLY","ALWAYS WITH RIGHT HAND","ALWAYS WITH RIGHT HAND","ALWAYS WITH RIGHT HAND","ALWAYS WITH RIGHT HAND","ALWAYS WITH LEFT HAND","0: 0  CONDITION DOES NOT APPLY","1: 1  CONDITION APPLIES","NO","MALE","MALE"
1981,64735,3,1,1,33790,5,202,1,1,6,3,2,4,2,2,1,1,1,1,3,8,2,1,22,0,"Male","Non-Black / Non-Hispanic","South (AL, AR, DE, DC, FL, GA, KY, LA, MD, MS, NC, OK, SC, TN , TX, VA, WV)","Bachelor's degree (BA, BS)","In CBSA, not in central city","NO","3: Mother","NO","NO","NO","NO","YES","0: 0  CONDITION DOES NOT APPLY","ALWAYS WITH RIGHT HAND","ALWAYS WITH RIGHT HAND","ALWAYS WITH RIGHT HAND","ALWAYS WITH RIGHT HAND","ALWAYS WITH LEFT HAND","1: 1  CONDITION APPLIES","1: 1  CONDITION APPLIES","NO","FEMALE","FEMALE"
1981,64735,4,1,1,33790,6,220,1,2,4,2,3,3,2,2,1,2,1,3,2,6,1,1,26,19,"Male","Black","South (AL, AR, DE, DC, FL, GA, KY, LA, MD, MS, NC, OK, SC, TN , TX, VA, WV)","GED","In CBSA, not in central city","NO","3: Mother","NO","NO","NO","NO","NO","0: 0  CONDITION DOES NOT APPLY","ALWAYS WITH RIGHT HAND","ALWAYS WITH RIGHT HAND","USUALLY WITH BOTH HANDS EQUALLY","USUALLY WITH RIGHT HAND","ALWAYS WITH LEFT HAND","1: 1  CONDITION APPLIES","1: 1  CONDITION APPLIES","NO","FEMALE","FEMALE"
1984,75000,4,0,2,15000,5,182,1,1,3,2,1,1,2,1,2,2,2,6,2,7,1,1,49,26,"Male","Non-Black / Non-Hispanic","South (AL, AR, DE, DC, FL, GA, KY, LA, MD, MS, NC, OK, SC, TN , TX, VA, WV)","High school diploma (Regular 12 year program)","In CBSA, not in central city","NO","3: Mother","YES","NO","NO","NO","YES","0: 0  CONDITION DOES NOT APPLY","ALWAYS WITH LEFT HAND","ALWAYS WITH LEFT HAND","ALWAYS WITH LEFT HAND","ALWAYS WITH RIGHT HAND","ALWAYS WITH RIGHT HAND","1: 1  CONDITION APPLIES","1: 1  CONDITION APPLIES","NO","FEMALE","MALE"
1984,64735,4,0,2,33790,6,187,1,2,2,5,5,2,1,1,1,2,1,4,3,6,1,1,30,21,"Male","Hispanic","North Central (IL, IN, IA, KS, MI, MN, MO, NE, OH, ND, SD, WI)","Associate/Junior college (AA)","In CBSA, in central city","NO","3: Mother","NO","YES","NO","NO","YES","0: 0  CONDITION DOES NOT APPLY","ALWAYS WITH RIGHT HAND","ALWAYS WITH RIGHT HAND","ALWAYS WITH RIGHT HAND","ALWAYS WITH RIGHT HAND","ALWAYS WITH LEFT HAND","1: 1  CONDITION APPLIES","1: 1  CONDITION APPLIES","NO","FEMALE","MALE"
1982,64735,3,1,2,33790,5,182,1,1,1,2,3,5,2,2,2,2,2,1,4,7,1,2,31,19,"Male","Black","West (AK, AZ, CA, CO, HI, ID, MT, NV, NM, OR, UT, WA, WY)","Associate/Junior college (AA)","In CBSA, in central city","NO","3: Mother","NO","NO","NO","NO","NO","0: 0  CONDITION DOES NOT APPLY","ALWAYS WITH RIGHT HAND","ALWAYS WITH RIGHT HAND","ALWAYS WITH RIGHT HAND","ALWAYS WITH RIGHT HAND","ALWAYS WITH LEFT HAND","1: 1  CONDITION APPLIES","1: 1  CONDITION APPLIES","NO","MALE","FEMALE"
1983,39900,4,1,2,33790,5,181,1,1,1,2,3,4,2,1,1,2,1,2,1,8,1,1,32,22,"Female","Black","Northeast (CT, ME, MA, NH, NJ, NY, PA, RI, VT)","None","In CBSA, in central city","NO","3: Mother","YES","YES","YES","NO","YES","0: 0  CONDITION DOES NOT APPLY","ALWAYS WITH RIGHT HAND","ALWAYS WITH RIGHT HAND","ALWAYS WITH RIGHT HAND","ALWAYS WITH RIGHT HAND","ALWAYS WITH LEFT HAND","1: 1  CONDITION APPLIES","0: 0  CONDITION DOES NOT APPLY","YES","FEMALE","MALE"
1981,64735,3,0,3,33790,5,184,1,1,1,4,3,7,2,1,1,1,1,8,2,5,1,1,32,20,"Male","Mixed Race (Non-Hispanic)","South (AL, AR, DE, DC, FL, GA, KY, LA, MD, MS, NC, OK, SC, TN , TX, VA, WV)","High school diploma (Regular 12 year program)","In CBSA, in central city","NO","3: Mother","YES","NO","NO","NO","YES","0: 0  CONDITION DOES NOT APPLY","ALWAYS WITH RIGHT HAND","ALWAYS WITH RIGHT HAND","ALWAYS WITH RIGHT HAND","ALWAYS WITH RIGHT HAND","ALWAYS WITH LEFT HAND","1: 1  CONDITION APPLIES","1: 1  CONDITION APPLIES","NO","MALE","FEMALE"
1982,64735,4,0,2,33790,5,184,1,1,4,4,1,3,2,2,1,2,1,5,3,5,1,1,30,20,"Female","Non-Black / Non-Hispanic","South (AL, AR, DE, DC, FL, GA, KY, LA, MD, MS, NC, OK, SC, TN , TX, VA, WV)","High school diploma (Regular 12 year program)","In CBSA, not in central city","NO","3: Mother","YES","NO","NO","NO","YES","0: 0  CONDITION DOES NOT APPLY","ALWAYS WITH RIGHT HAND","ALWAYS WITH RIGHT HAND","ALWAYS WITH RIGHT HAND","ALWAYS WITH RIGHT HAND","ALWAYS WITH LEFT HAND","1: 1  CONDITION APPLIES","1: 1  CONDITION APPLIES","NO","MALE","FEMALE"
1983,64735,2,0,2,33790,5,200,1,1,7,5,2,3,2,2,1,2,1,5,3,7,1,1,33,25,"Male","Non-Black / Non-Hispanic","Northeast (CT, ME, MA, NH, NJ, NY, PA, RI, VT)","GED","In CBSA, not in central city","NO","3: Mother","NO","YES","NO","NO","YES","0: 0  CONDITION DOES NOT APPLY","ALWAYS WITH RIGHT HAND","ALWAYS WITH RIGHT HAND","ALWAYS WITH RIGHT HAND","ALWAYS WITH RIGHT HAND","ALWAYS WITH RIGHT HAND","1: 1  CONDITION APPLIES","1: 1  CONDITION APPLIES","NO","FEMALE","MALE"
1982,64735,4,0,1,33790,5,181,1,2,3,3,2,3,2,2,2,2,1,4,2,7,1,2,30,23,"Male","Non-Black / Non-Hispanic","North Central (IL, IN, IA, KS, MI, MN, MO, NE, OH, ND, SD, WI)","Bachelor's degree (BA, BS)","In CBSA, not in central city","NO","3: Mother","YES","YES","NO","NO","NO","0: 0  CONDITION DOES NOT APPLY","ALWAYS WITH RIGHT HAND","ALWAYS WITH RIGHT HAND","ALWAYS WITH RIGHT HAND","ALWAYS WITH RIGHT HAND","ALWAYS WITH LEFT HAND","1: 1  CONDITION APPLIES","1: 1  CONDITION APPLIES","NO","FEMALE","FEMALE"
1984,64735,5,1,3,33790,6,220,1,1,3,5,3,4,1,1,1,2,1,5,2,7,1,1,31,20,"Female","Non-Black / Non-Hispanic","South (AL, AR, DE, DC, FL, GA, KY, LA, MD, MS, NC, OK, SC, TN , TX, VA, WV)","High school diploma (Regular 12 year program)","In CBSA, not in central city","YES","3: Mother","YES","NO","YES","NO","NO","0: 0  CONDITION DOES NOT APPLY","ALWAYS WITH RIGHT HAND","ALWAYS WITH RIGHT HAND","ALWAYS WITH RIGHT HAND","ALWAYS WITH RIGHT HAND","ALWAYS WITH LEFT HAND","1: 1  CONDITION APPLIES","1: 1  CONDITION APPLIES","NO","FEMALE","FEMALE"
1983,64735,3,0,1,33790,5,168,1,1,4,2,1,1,2,2,1,2,1,7,2,7,1,1,41,76,"Female","Non-Black / Non-Hispanic","South (AL, AR, DE, DC, FL, GA, KY, LA, MD, MS, NC, OK, SC, TN , TX, VA, WV)","High school diploma (Regular 12 year program)","In CBSA, not in central city","YES","3: Mother","YES","NO","YES","NO","YES","0: 0  CONDITION DOES NOT APPLY","ALWAYS WITH RIGHT HAND","ALWAYS WITH RIGHT HAND","ALWAYS WITH RIGHT HAND","ALWAYS WITH RIGHT HAND","ALWAYS WITH LEFT HAND","1: 1  CONDITION APPLIES","1: 1  CONDITION APPLIES","NO","FEMALE","MALE"
1982,64735,4,0,4,33790,5,183,2,1,1,4,2,4,2,2,1,2,1,6,2,7,1,1,28,21,"Male","Non-Black / Non-Hispanic","South (AL, AR, DE, DC, FL, GA, KY, LA, MD, MS, NC, OK, SC, TN , TX, VA, WV)","Master's degree (MA, MS)","In CBSA, in central city","NO","3: Mother","NO","NO","NO","NO","YES","0: 0  CONDITION DOES NOT APPLY","ALWAYS WITH RIGHT HAND","ALWAYS WITH RIGHT HAND","ALWAYS WITH RIGHT HAND","ALWAYS WITH RIGHT HAND","ALWAYS WITH RIGHT HAND","1: 1  CONDITION APPLIES","1: 1  CONDITION APPLIES","NO","FEMALE","FEMALE"
1983,64735,4,0,2,33790,5,182,1,1,1,3,1,3,2,2,1,1,1,3,1,7,1,1,33,21,"Male","Black","South (AL, AR, DE, DC, FL, GA, KY, LA, MD, MS, NC, OK, SC, TN , TX, VA, WV)","High school diploma (Regular 12 year program)","In CBSA, not in central city","NO","3: Mother","NO","NO","NO","NO","YES","0: 0  CONDITION DOES NOT APPLY","ALWAYS WITH RIGHT HAND","ALWAYS WITH RIGHT HAND","ALWAYS WITH RIGHT HAND","ALWAYS WITH RIGHT HAND","ALWAYS WITH LEFT HAND","1: 1  CONDITION APPLIES","1: 1  CONDITION APPLIES","NO","FEMALE","FEMALE"
1983,11750,6,1,1,33790,5,179,1,1,2,3,2,2,2,2,1,2,1,6,2,9,1,1,31,20,"Male","Non-Black / Non-Hispanic","Northeast (CT, ME, MA, NH, NJ, NY, PA, RI, VT)","High school diploma (Regular 12 year program)","In CBSA, not in central city","NO","3: Mother","NO","YES","NO","NO","NO","0: 0  CONDITION DOES NOT APPLY","ALWAYS WITH RIGHT HAND","ALWAYS WITH RIGHT HAND","ALWAYS WITH RIGHT HAND","ALWAYS WITH RIGHT HAND","ALWAYS WITH LEFT HAND","1: 1  CONDITION APPLIES","1: 1  CONDITION APPLIES","NO","FEMALE","FEMALE"
1980,64735,1,0,2,33790,5,184,1,2,4,3,1,5,2,1,2,1,1,6,2,7,1,1,35,20,"Male","Non-Black / Non-Hispanic","South (AL, AR, DE, DC, FL, GA, KY, LA, MD, MS, NC, OK, SC, TN , TX, VA, WV)","GED","In CBSA, in central city","NO","3: Mother","NO","NO","NO","NO","NO","0: 0  CONDITION DOES NOT APPLY","USUALLY WITH LEFT HAND","ALWAYS WITH RIGHT HAND","ALWAYS WITH LEFT HAND","ALWAYS WITH LEFT HAND","ALWAYS WITH LEFT HAND","1: 1  CONDITION APPLIES","0: 0  CONDITION DOES NOT APPLY","NO","FEMALE","MALE"
1984,64735,3,0,2,33790,5,183,1,2,1,4,2,4,1,2,1,2,2,7,2,6,1,1,32,21,"Male","Black","South (AL, AR, DE, DC, FL, GA, KY, LA, MD, MS, NC, OK, SC, TN , TX, VA, WV)","High school diploma (Regular 12 year program)","In CBSA, not in central city","NO","3: Mother","YES","NO","NO","NO","YES","0: 0  CONDITION DOES NOT APPLY","ALWAYS WITH RIGHT HAND","ALWAYS WITH RIGHT HAND","ALWAYS WITH RIGHT HAND","ALWAYS WITH RIGHT HAND","ALWAYS WITH LEFT HAND","1: 1  CONDITION APPLIES","1: 1  CONDITION APPLIES","NO","FEMALE","FEMALE"
1980,64735,5,0,1,33790,5,181,1,2,2,2,2,3,2,1,2,1,1,5,2,6,1,1,35,22,"Male","Black","South (AL, AR, DE, DC, FL, GA, KY, LA, MD, MS, NC, OK, SC, TN , TX, VA, WV)","High school diploma (Regular 12 year program)","In CBSA, not in central city","NO","3: Mother","YES","NO","NO","NO","NO","0: 0  CONDITION DOES NOT APPLY","ALWAYS WITH RIGHT HAND","ALWAYS WITH RIGHT HAND","ALWAYS WITH RIGHT HAND","ALWAYS WITH RIGHT HAND","ALWAYS WITH LEFT HAND","1: 1  CONDITION APPLIES","1: 1  CONDITION APPLIES","NO","FEMALE","FEMALE"
1984,39571,3,0,1,33790,5,184,1,2,2,4,2,4,2,2,1,2,1,3,3,7,1,1,25,17,"Male","Black","South (AL, AR, DE, DC, FL, GA, KY, LA, MD, MS, NC, OK, SC, TN , TX, VA, WV)","High school diploma (Regular 12 year program)","In CBSA, not in central city","NO","3: Mother","NO","YES","NO","NO","NO","0: 0  CONDITION DOES NOT APPLY","ALWAYS WITH RIGHT HAND","ALWAYS WITH RIGHT HAND","ALWAYS WITH RIGHT HAND","ALWAYS WITH RIGHT HAND","ALWAYS WITH LEFT HAND","1: 1  CONDITION APPLIES","1: 1  CONDITION APPLIES","NO","MALE","MALE"
1981,64735,4,0,3,33790,5,180,1,1,2,4,5,5,1,2,2,2,1,3,6,5,1,1,23,16,"Female","Black","South (AL, AR, DE, DC, FL, GA, KY, LA, MD, MS, NC, OK, SC, TN , TX, VA, WV)","GED","In CBSA, in central city","NO","3: Mother","NO","NO","YES","NO","YES","0: 0  CONDITION DOES NOT APPLY","ALWAYS WITH RIGHT HAND","ALWAYS WITH RIGHT HAND","ALWAYS WITH RIGHT HAND","ALWAYS WITH RIGHT HAND","ALWAYS WITH LEFT HAND","1: 1  CONDITION APPLIES","1: 1  CONDITION APPLIES","NO","FEMALE","MALE"
1983,64735,3,0,3,18000,5,182,1,1,3,1,3,4,2,2,1,1,1,8,3,7,2,1,37,59,"Male","Non-Black / Non-Hispanic","South (AL, AR, DE, DC, FL, GA, KY, LA, MD, MS, NC, OK, SC, TN , TX, VA, WV)","High school diploma (Regular 12 year program)","In CBSA, in central city","YES","3: Mother","YES","YES","NO","NO","YES","0: 0  CONDITION DOES NOT APPLY","ALWAYS WITH RIGHT HAND","ALWAYS WITH RIGHT HAND","ALWAYS WITH RIGHT HAND","ALWAYS WITH RIGHT HAND","ALWAYS WITH LEFT HAND","0: 0  CONDITION DOES NOT APPLY","1: 1  CONDITION APPLIES","YES","FEMALE","MALE"
1980,64735,5,1,1,33790,5,155,1,3,2,5,2,6,2,2,1,2,1,4,3,5,1,1,30,20,"Female","Black","West (AK, AZ, CA, CO, HI, ID, MT, NV, NM, OR, UT, WA, WY)","Associate/Junior college (AA)","In CBSA, not in central city","NO","5: Adoptive Mother","YES","YES","YES","NO","YES","0: 0  CONDITION DOES NOT APPLY","ALWAYS WITH RIGHT HAND","ALWAYS WITH RIGHT HAND","ALWAYS WITH RIGHT HAND","ALWAYS WITH RIGHT HAND","ALWAYS WITH RIGHT HAND","0: 0  CONDITION DOES NOT APPLY","1: 1  CONDITION APPLIES","NO","FEMALE","MALE"
1982,64735,3,0,1,33790,5,181,1,2,2,4,2,3,2,1,1,1,1,4,3,8,1,1,30,22,"Female","Black","South (AL, AR, DE, DC, FL, GA, KY, LA, MD, MS, NC, OK, SC, TN , TX, VA, WV)","None","In CBSA, not in central city","NO","3: Mother","YES","NO","NO","NO","YES","0: 0  CONDITION DOES NOT APPLY","ALWAYS WITH RIGHT HAND","ALWAYS WITH RIGHT HAND","ALWAYS WITH RIGHT HAND","ALWAYS WITH RIGHT HAND","ALWAYS WITH LEFT HAND","1: 1  CONDITION APPLIES","1: 1  CONDITION APPLIES","NO","FEMALE","MALE"
1981,64735,4,1,5,33790,5,184,2,2,5,3,3,3,2,2,1,2,1,3,1,7,1,1,28,9,"Female","Non-Black / Non-Hispanic","West (AK, AZ, CA, CO, HI, ID, MT, NV, NM, OR, UT, WA, WY)","Associate/Junior college (AA)","In CBSA, not in central city","NO","3: Mother","YES","YES","NO","NO","YES","0: 0  CONDITION DOES NOT APPLY","ALWAYS WITH RIGHT HAND","ALWAYS WITH LEFT HAND","ALWAYS WITH LEFT HAND","ALWAYS WITH LEFT HAND","ALWAYS WITH RIGHT HAND","1: 1  CONDITION APPLIES","1: 1  CONDITION APPLIES","NO","FEMALE","FEMALE"
1983,64735,4,0,3,33790,5,182,1,1,3,1,4,2,2,2,2,2,1,5,2,7,1,1,28,21,"Male","Black","South (AL, AR, DE, DC, FL, GA, KY, LA, MD, MS, NC, OK, SC, TN , TX, VA, WV)","GED","In CBSA, in central city","NO","3: Mother","YES","YES","NO","YES","YES","0: 0  CONDITION DOES NOT APPLY","ALWAYS WITH RIGHT HAND","ALWAYS WITH LEFT HAND","ALWAYS WITH LEFT HAND","ALWAYS WITH LEFT HAND","ALWAYS WITH LEFT HAND","1: 1  CONDITION APPLIES","1: 1  CONDITION APPLIES","YES","FEMALE","FEMALE"
1980,64735,3,1,3,33790,6,183,1,1,3,3,2,2,2,2,2,2,2,3,6,7,1,1,31,21,"Male","Black","South (AL, AR, DE, DC, FL, GA, KY, LA, MD, MS, NC, OK, SC, TN , TX, VA, WV)","High school diploma (Regular 12 year program)","In CBSA, not in central city","NO","3: Mother","NO","YES","NO","NO","YES","0: 0  CONDITION DOES NOT APPLY","ALWAYS WITH RIGHT HAND","USUALLY WITH BOTH HANDS EQUALLY","ALWAYS WITH RIGHT HAND","ALWAYS WITH RIGHT HAND","ALWAYS WITH LEFT HAND","1: 1  CONDITION APPLIES","1: 1  CONDITION APPLIES","NO","FEMALE","MALE"
1985,64735,4,1,5,33790,5,183,2,2,2,4,2,6,2,1,2,1,1,7,6,6,1,1,29,21,"Female","Non-Black / Non-Hispanic","South (AL, AR, DE, DC, FL, GA, KY, LA, MD, MS, NC, OK, SC, TN , TX, VA, WV)","GED","In CBSA, in central city","NO","3: Mother","YES","NO","NO","YES","YES","0: 0  CONDITION DOES NOT APPLY","ALWAYS WITH RIGHT HAND","ALWAYS WITH RIGHT HAND","ALWAYS WITH RIGHT HAND","ALWAYS WITH RIGHT HAND","ALWAYS WITH LEFT HAND","1: 1  CONDITION APPLIES","1: 1  CONDITION APPLIES","NO","MALE","MALE"
1983,64735,1,0,4,33790,5,230,1,1,3,5,4,4,1,2,1,1,1,10,3,4,1,1,34,19,"Male","Non-Black / Non-Hispanic","South (AL, AR, DE, DC, FL, GA, KY, LA, MD, MS, NC, OK, SC, TN , TX, VA, WV)","High school diploma (Regular 12 year program)","In CBSA, not in central city","NO","3: Mother","NO","NO","NO","NO","NO","1: 1  CONDITION APPLIES","ALWAYS WITH RIGHT HAND","ALWAYS WITH RIGHT HAND","ALWAYS WITH RIGHT HAND","ALWAYS WITH RIGHT HAND","ALWAYS WITH LEFT HAND","1: 1  CONDITION APPLIES","1: 1  CONDITION APPLIES","NO","FEMALE","MALE"
1983,64735,2,0,1,33790,5,183,1,1,2,4,5,5,2,2,1,1,1,5,2,7,1,1,34,24,"Male","Hispanic","South (AL, AR, DE, DC, FL, GA, KY, LA, MD, MS, NC, OK, SC, TN , TX, VA, WV)","High school diploma (Regular 12 year program)","In CBSA, in central city","NO","3: Mother","YES","NO","YES","NO","YES","1: 1  CONDITION APPLIES","ALWAYS WITH RIGHT HAND","ALWAYS WITH RIGHT HAND","ALWAYS WITH RIGHT HAND","ALWAYS WITH RIGHT HAND","ALWAYS WITH LEFT HAND","1: 1  CONDITION APPLIES","0: 0  CONDITION DOES NOT APPLY","NO","MALE","MALE"
1986,64735,2,0,3,33790,6,235,1,1,6,4,1,2,2,2,2,1,1,1,2,6,1,1,32,25,"Male","Non-Black / Non-Hispanic","South (AL, AR, DE, DC, FL, GA, KY, LA, MD, MS, NC, OK, SC, TN , TX, VA, WV)","High school diploma (Regular 12 year program)","In CBSA, not in central city","NO","3: Mother","NO","NO","NO","NO","YES","0: 0  CONDITION DOES NOT APPLY","ALWAYS WITH RIGHT HAND","ALWAYS WITH RIGHT HAND","ALWAYS WITH RIGHT HAND","ALWAYS WITH RIGHT HAND","ALWAYS WITH RIGHT HAND","1: 1  CONDITION APPLIES","1: 1  CONDITION APPLIES","NO","FEMALE","FEMALE"
1983,18750,3,1,1,33790,5,184,1,2,2,6,2,2,1,2,1,2,1,3,2,7,1,1,30,6,"Male","Hispanic","South (AL, AR, DE, DC, FL, GA, KY, LA, MD, MS, NC, OK, SC, TN , TX, VA, WV)","Associate/Junior college (AA)","In CBSA, in central city","NO","3: Mother","NO","YES","NO","NO","YES","0: 0  CONDITION DOES NOT APPLY","ALWAYS WITH RIGHT HAND","ALWAYS WITH RIGHT HAND","ALWAYS WITH RIGHT HAND","ALWAYS WITH RIGHT HAND","ALWAYS WITH LEFT HAND","1: 1  CONDITION APPLIES","1: 1  CONDITION APPLIES","NO","MALE","FEMALE"
1980,64735,2,0,5,33790,6,460,2,2,3,5,2,4,2,2,2,2,1,3,4,4,1,1,25,14,"Male","Black","South (AL, AR, DE, DC, FL, GA, KY, LA, MD, MS, NC, OK, SC, TN , TX, VA, WV)","High school diploma (Regular 12 year program)","In CBSA, not in central city","NO","3: Mother","NO","NO","NO","NO","YES","0: 0  CONDITION DOES NOT APPLY","ALWAYS WITH RIGHT HAND","ALWAYS WITH RIGHT HAND","ALWAYS WITH RIGHT HAND","ALWAYS WITH RIGHT HAND","ALWAYS WITH LEFT HAND","1: 1  CONDITION APPLIES","1: 1  CONDITION APPLIES","NO","MALE","FEMALE"
1984,64735,5,0,1,33790,5,181,1,1,2,4,5,3,1,1,1,1,1,1,1,7,1,1,35,26,"Female","Black","North Central (IL, IN, IA, KS, MI, MN, MO, NE, OH, ND, SD, WI)","None","In CBSA, not in central city","YES","3: Mother","NO","NO","NO","NO","NO","0: 0  CONDITION DOES NOT APPLY","ALWAYS WITH RIGHT HAND","ALWAYS WITH RIGHT HAND","ALWAYS WITH RIGHT HAND","ALWAYS WITH RIGHT HAND","ALWAYS WITH LEFT HAND","1: 1  CONDITION APPLIES","1: 1  CONDITION APPLIES","NO","FEMALE","MALE"
1983,64735,3,0,3,33790,5,182,1,3,3,3,4,5,1,2,2,1,2,6,1,6,1,1,26,13,"Male","Black","North Central (IL, IN, IA, KS, MI, MN, MO, NE, OH, ND, SD, WI)","High school diploma (Regular 12 year program)","In CBSA, in central city","NO","3: Mother","YES","YES","NO","NO","YES","0: 0  CONDITION DOES NOT APPLY","ALWAYS WITH RIGHT HAND","ALWAYS WITH RIGHT HAND","ALWAYS WITH RIGHT HAND","ALWAYS WITH RIGHT HAND","ALWAYS WITH LEFT HAND","1: 1  CONDITION APPLIES","1: 1  CONDITION APPLIES","NO","FEMALE","FEMALE"
1981,64735,5,1,3,33790,5,180,1,1,4,3,4,4,2,2,2,2,1,1,2,7,1,1,27,9,"Male","Black","South (AL, AR, DE, DC, FL, GA, KY, LA, MD, MS, NC, OK, SC, TN , TX, VA, WV)","High school diploma (Regular 12 year program)","In CBSA, not in central city","NO","3: Mother","YES","YES","NO","NO","YES","0: 0  CONDITION DOES NOT APPLY","ALWAYS WITH RIGHT HAND","ALWAYS WITH RIGHT HAND","ALWAYS WITH RIGHT HAND","ALWAYS WITH RIGHT HAND","ALWAYS WITH LEFT HAND","1: 1  CONDITION APPLIES","0: 0  CONDITION DOES NOT APPLY","NO","MALE","FEMALE"
1984,64735,3,0,2,33790,5,170,1,2,1,3,2,5,2,2,2,2,2,4,2,6,1,1,32,23,"Male","Black","North Central (IL, IN, IA, KS, MI, MN, MO, NE, OH, ND, SD, WI)","High school diploma (Regular 12 year program)","In CBSA, not in central city","NO","3: Mother","YES","NO","NO","NO","YES","0: 0  CONDITION DOES NOT APPLY","ALWAYS WITH RIGHT HAND","ALWAYS WITH RIGHT HAND","ALWAYS WITH RIGHT HAND","ALWAYS WITH RIGHT HAND","ALWAYS WITH LEFT HAND","1: 1  CONDITION APPLIES","1: 1  CONDITION APPLIES","NO","FEMALE","MALE"
1984,64735,5,0,2,33790,5,183,1,1,3,4,6,4,2,1,2,2,1,2,3,7,1,1,29,20,"Female","Black","South (AL, AR, DE, DC, FL, GA, KY, LA, MD, MS, NC, OK, SC, TN , TX, VA, WV)","GED","In CBSA, not in central city","NO","3: Mother","NO","NO","NO","NO","YES","0: 0  CONDITION DOES NOT APPLY","ALWAYS WITH RIGHT HAND","ALWAYS WITH LEFT HAND","ALWAYS WITH RIGHT HAND","ALWAYS WITH RIGHT HAND","ALWAYS WITH LEFT HAND","1: 1  CONDITION APPLIES","1: 1  CONDITION APPLIES","NO","MALE","FEMALE"
1983,0,2,0,3,33790,5,175,1,2,3,3,7,4,2,2,1,1,1,3,2,6,1,1,28,19,"Male","Black","North Central (IL, IN, IA, KS, MI, MN, MO, NE, OH, ND, SD, WI)","GED","In CBSA, in central city","NO","3: Mother","NO","NO","NO","NO","YES","0: 0  CONDITION DOES NOT APPLY","ALWAYS WITH RIGHT HAND","ALWAYS WITH RIGHT HAND","ALWAYS WITH RIGHT HAND","USUALLY WITH BOTH HANDS EQUALLY","ALWAYS WITH LEFT HAND","0: 0  CONDITION DOES NOT APPLY","1: 1  CONDITION APPLIES","NO","FEMALE","MALE"
1982,64735,2,0,1,33790,5,233,1,1,2,4,1,1,1,2,1,1,1,4,3,6,1,1,30,19,"Female","Black","North Central (IL, IN, IA, KS, MI, MN, MO, NE, OH, ND, SD, WI)","High school diploma (Regular 12 year program)","In CBSA, in central city","NO","3: Mother","NO","NO","NO","YES","YES","0: 0  CONDITION DOES NOT APPLY","ALWAYS WITH RIGHT HAND","ALWAYS WITH RIGHT HAND","ALWAYS WITH RIGHT HAND","ALWAYS WITH RIGHT HAND","ALWAYS WITH LEFT HAND","1: 1  CONDITION APPLIES","1: 1  CONDITION APPLIES","NO","FEMALE","FEMALE"
1983,64735,4,0,2,27144,6,181,1,1,2,4,2,1,2,2,1,2,1,6,2,7,1,1,30,23,"Female","Hispanic","Northeast (CT, ME, MA, NH, NJ, NY, PA, RI, VT)","Master's degree (MA, MS)","In CBSA, in central city","NO","3: Mother","NO","YES","NO","NO","YES","0: 0  CONDITION DOES NOT APPLY","ALWAYS WITH RIGHT HAND","ALWAYS WITH RIGHT HAND","ALWAYS WITH RIGHT HAND","ALWAYS WITH RIGHT HAND","ALWAYS WITH LEFT HAND","1: 1  CONDITION APPLIES","1: 1  CONDITION APPLIES","YES","FEMALE","FEMALE"
1981,64735,3,0,3,33790,5,205,1,2,3,3,5,5,2,1,1,1,1,3,3,5,1,1,24,13,"Male","Non-Black / Non-Hispanic","North Central (IL, IN, IA, KS, MI, MN, MO, NE, OH, ND, SD, WI)","Master's degree (MA, MS)","In CBSA, not in central city","NO","3: Mother","NO","NO","NO","NO","YES","0: 0  CONDITION DOES NOT APPLY","ALWAYS WITH RIGHT HAND","ALWAYS WITH RIGHT HAND","ALWAYS WITH RIGHT HAND","ALWAYS WITH RIGHT HAND","ALWAYS WITH LEFT HAND","1: 1  CONDITION APPLIES","1: 1  CONDITION APPLIES","NO","FEMALE","FEMALE"
1984,64735,3,1,1,33790,5,180,1,1,3,4,4,3,2,2,2,1,1,5,2,7,1,1,29,5,"Female","Non-Black / Non-Hispanic","North Central (IL, IN, IA, KS, MI, MN, MO, NE, OH, ND, SD, WI)","None","In CBSA, not in central city","NO","3: Mother","NO","YES","NO","NO","YES","0: 0  CONDITION DOES NOT APPLY","ALWAYS WITH RIGHT HAND","ALWAYS WITH RIGHT HAND","ALWAYS WITH RIGHT HAND","ALWAYS WITH RIGHT HAND","ALWAYS WITH LEFT HAND","1: 1  CONDITION APPLIES","1: 1  CONDITION APPLIES","NO","FEMALE","MALE"
1981,64735,2,1,2,33790,5,185,1,2,3,5,3,5,2,2,1,2,2,7,1,7,1,1,28,18,"Female","Black","North Central (IL, IN, IA, KS, MI, MN, MO, NE, OH, ND, SD, WI)","High school diploma (Regular 12 year program)","In CBSA, not in central city","NO","3: Mother","YES","NO","NO","NO","YES","0: 0  CONDITION DOES NOT APPLY","ALWAYS WITH RIGHT HAND","ALWAYS WITH RIGHT HAND","ALWAYS WITH RIGHT HAND","ALWAYS WITH RIGHT HAND","ALWAYS WITH LEFT HAND","1: 1  CONDITION APPLIES","1: 1  CONDITION APPLIES","NO","FEMALE","MALE"
1981,64735,3,1,1,33790,5,183,1,1,6,1,1,5,2,2,2,2,1,6,2,6,1,1,31,22,"Female","Non-Black / Non-Hispanic","North Central (IL, IN, IA, KS, MI, MN, MO, NE, OH, ND, SD, WI)","High school diploma (Regular 12 year program)","In CBSA, not in central city","NO","3: Mother","YES","NO","NO","NO","YES","0: 0  CONDITION DOES NOT APPLY","ALWAYS WITH RIGHT HAND","ALWAYS WITH RIGHT HAND","ALWAYS WITH RIGHT HAND","ALWAYS WITH RIGHT HAND","ALWAYS WITH LEFT HAND","1: 1  CONDITION APPLIES","1: 1  CONDITION APPLIES","NO","FEMALE","MALE"
1984,64735,5,1,2,33790,5,182,1,1,3,5,2,4,2,2,1,2,1,6,2,8,1,1,29,20,"Female","Hispanic","South (AL, AR, DE, DC, FL, GA, KY, LA, MD, MS, NC, OK, SC, TN , TX, VA, WV)","Associate/Junior college (AA)","In CBSA, in central city","NO","3: Mother","NO","NO","NO","NO","YES","0: 0  CONDITION DOES NOT APPLY","ALWAYS WITH RIGHT HAND","ALWAYS WITH RIGHT HAND","ALWAYS WITH RIGHT HAND","ALWAYS WITH RIGHT HAND","ALWAYS WITH LEFT HAND","1: 1  CONDITION APPLIES","1: 1  CONDITION APPLIES","YES","FEMALE","FEMALE"
1981,64735,4,1,4,33790,5,182,1,2,1,5,2,4,1,2,1,2,1,6,2,5,1,1,31,16,"Female","Non-Black / Non-Hispanic","West (AK, AZ, CA, CO, HI, ID, MT, NV, NM, OR, UT, WA, WY)","Bachelor's degree (BA, BS)","In CBSA, in central city","NO","3: Mother","YES","YES","NO","NO","NO","0: 0  CONDITION DOES NOT APPLY","ALWAYS WITH RIGHT HAND","USUALLY WITH RIGHT HAND","USUALLY WITH RIGHT HAND","ALWAYS WITH RIGHT HAND","ALWAYS WITH LEFT HAND","1: 1  CONDITION APPLIES","1: 1  CONDITION APPLIES","NO","FEMALE","MALE"
1982,64735,3,1,2,33790,5,183,1,2,2,3,2,4,2,2,1,2,1,1,2,7,1,1,12,16,"Female","Non-Black / Non-Hispanic","North Central (IL, IN, IA, KS, MI, MN, MO, NE, OH, ND, SD, WI)","Bachelor's degree (BA, BS)","Not in CBSA","NO","3: Mother","NO","YES","NO","YES","YES","0: 0  CONDITION DOES NOT APPLY","ALWAYS WITH RIGHT HAND","ALWAYS WITH RIGHT HAND","ALWAYS WITH RIGHT HAND","ALWAYS WITH RIGHT HAND","ALWAYS WITH LEFT HAND","1: 1  CONDITION APPLIES","1: 1  CONDITION APPLIES","NO","MALE","MALE"
1984,64735,2,0,2,33790,5,185,1,1,2,5,3,4,2,1,1,1,1,8,2,5,1,1,30,20,"Female","Black","South (AL, AR, DE, DC, FL, GA, KY, LA, MD, MS, NC, OK, SC, TN , TX, VA, WV)","Associate/Junior college (AA)","In CBSA, in central city","NO","3: Mother","NO","YES","NO","NO","YES","0: 0  CONDITION DOES NOT APPLY","ALWAYS WITH RIGHT HAND","ALWAYS WITH RIGHT HAND","ALWAYS WITH RIGHT HAND","ALWAYS WITH RIGHT HAND","ALWAYS WITH LEFT HAND","1: 1  CONDITION APPLIES","1: 1  CONDITION APPLIES","NO","FEMALE","MALE"
1982,64735,3,0,1,33790,4,173,1,2,4,2,5,3,1,1,2,2,2,2,1,10,1,1,49,29,"Female","Hispanic","Northeast (CT, ME, MA, NH, NJ, NY, PA, RI, VT)","None","In CBSA, in central city","NO","3: Mother","YES","NO","NO","NO","NO","0: 0  CONDITION DOES NOT APPLY","ALWAYS WITH RIGHT HAND","ALWAYS WITH RIGHT HAND","ALWAYS WITH RIGHT HAND","ALWAYS WITH RIGHT HAND","ALWAYS WITH LEFT HAND","1: 1  CONDITION APPLIES","1: 1  CONDITION APPLIES","NO","FEMALE","MALE"
1982,64735,3,0,1,33790,5,184,1,2,4,5,2,2,2,2,1,2,1,7,4,7,1,1,31,21,"Male","Hispanic","North Central (IL, IN, IA, KS, MI, MN, MO, NE, OH, ND, SD, WI)","Associate/Junior college (AA)","In CBSA, not in central city","NO","3: Mother","YES","YES","YES","NO","NO","0: 0  CONDITION DOES NOT APPLY","ALWAYS WITH RIGHT HAND","ALWAYS WITH LEFT HAND","ALWAYS WITH RIGHT HAND","ALWAYS WITH LEFT HAND","ALWAYS WITH LEFT HAND","1: 1  CONDITION APPLIES","1: 1  CONDITION APPLIES","NO","MALE","FEMALE"
1982,64735,3,0,4,33790,5,188,3,3,5,4,1,6,1,1,2,1,1,3,4,7,1,1,26,15,"Male","Non-Black / Non-Hispanic","Northeast (CT, ME, MA, NH, NJ, NY, PA, RI, VT)","High school diploma (Regular 12 year program)","In CBSA, in central city","NO","3: Mother","YES","NO","YES","NO","NO","0: 0  CONDITION DOES NOT APPLY","ALWAYS WITH RIGHT HAND","ALWAYS WITH RIGHT HAND","ALWAYS WITH RIGHT HAND","DON'T DO THIS ACTIVITY","ALWAYS WITH LEFT HAND","1: 1  CONDITION APPLIES","1: 1  CONDITION APPLIES","NO","FEMALE","FEMALE"
1982,64735,3,1,3,33790,5,229,1,1,3,8,1,4,2,2,1,2,1,1,1,7,1,1,28,22,"Male","Black","West (AK, AZ, CA, CO, HI, ID, MT, NV, NM, OR, UT, WA, WY)","High school diploma (Regular 12 year program)","In CBSA, not in central city","NO","3: Mother","YES","YES","NO","NO","YES","0: 0  CONDITION DOES NOT APPLY","ALWAYS WITH RIGHT HAND","ALWAYS WITH RIGHT HAND","ALWAYS WITH RIGHT HAND","ALWAYS WITH RIGHT HAND","ALWAYS WITH LEFT HAND","1: 1  CONDITION APPLIES","1: 1  CONDITION APPLIES","NO","FEMALE","MALE"
1984,64735,3,0,1,33790,6,182,1,1,4,9,4,5,2,2,1,2,1,6,4,6,1,1,28,18,"Male","Non-Black / Non-Hispanic","West (AK, AZ, CA, CO, HI, ID, MT, NV, NM, OR, UT, WA, WY)","GED","In CBSA, not in central city","NO","3: Mother","YES","NO","NO","NO","NO","0: 0  CONDITION DOES NOT APPLY","ALWAYS WITH RIGHT HAND","ALWAYS WITH RIGHT HAND","ALWAYS WITH RIGHT HAND","ALWAYS WITH RIGHT HAND","ALWAYS WITH RIGHT HAND","0: 0  CONDITION DOES NOT APPLY","1: 1  CONDITION APPLIES","NO","FEMALE","MALE"
1982,64735,4,1,2,33790,5,181,1,1,3,6,1,3,2,2,2,2,2,6,4,6,1,1,30,23,"Female","Black","South (AL, AR, DE, DC, FL, GA, KY, LA, MD, MS, NC, OK, SC, TN , TX, VA, WV)","Bachelor's degree (BA, BS)","In CBSA, not in central city","NO","3: Mother","NO","NO","NO","NO","YES","0: 0  CONDITION DOES NOT APPLY","USUALLY WITH RIGHT HAND","USUALLY WITH RIGHT HAND","ALWAYS WITH RIGHT HAND","ALWAYS WITH RIGHT HAND","ALWAYS WITH LEFT HAND","1: 1  CONDITION APPLIES","1: 1  CONDITION APPLIES","NO","FEMALE","MALE"
1984,64735,3,0,1,33790,5,183,1,2,2,4,2,2,2,1,1,2,1,4,3,6,1,1,34,25,"Male","Black","South (AL, AR, DE, DC, FL, GA, KY, LA, MD, MS, NC, OK, SC, TN , TX, VA, WV)","High school diploma (Regular 12 year program)","In CBSA, not in central city","NO","3: Mother","YES","YES","NO","NO","YES","0: 0  CONDITION DOES NOT APPLY","ALWAYS WITH RIGHT HAND","ALWAYS WITH RIGHT HAND","ALWAYS WITH RIGHT HAND","ALWAYS WITH LEFT HAND","ALWAYS WITH LEFT HAND","1: 1  CONDITION APPLIES","1: 1  CONDITION APPLIES","NO","FEMALE","MALE"
1983,64735,2,1,1,2000,5,183,2,1,2,5,1,4,2,2,1,2,1,4,2,7,1,1,37,26,"Female","Hispanic","West (AK, AZ, CA, CO, HI, ID, MT, NV, NM, OR, UT, WA, WY)","High school diploma (Regular 12 year program)","In CBSA, not in central city","YES","3: Mother","YES","NO","YES","NO","NO","0: 0  CONDITION DOES NOT APPLY","ALWAYS WITH RIGHT HAND","ALWAYS WITH RIGHT HAND","ALWAYS WITH RIGHT HAND","ALWAYS WITH RIGHT HAND","ALWAYS WITH LEFT HAND","1: 1  CONDITION APPLIES","1: 1  CONDITION APPLIES","NO","FEMALE","MALE"
1983,64735,4,0,2,33790,5,183,1,2,2,1,2,2,2,2,1,2,1,5,2,7,1,1,31,22,"Male","Non-Black / Non-Hispanic","North Central (IL, IN, IA, KS, MI, MN, MO, NE, OH, ND, SD, WI)","Bachelor's degree (BA, BS)","In CBSA, not in central city","NO","3: Mother","NO","YES","NO","NO","YES","0: 0  CONDITION DOES NOT APPLY","ALWAYS WITH RIGHT HAND","ALWAYS WITH RIGHT HAND","ALWAYS WITH RIGHT HAND","ALWAYS WITH RIGHT HAND","ALWAYS WITH LEFT HAND","1: 1  CONDITION APPLIES","1: 1  CONDITION APPLIES","NO","FEMALE","MALE"
1984,64735,2,1,4,33790,5,182,1,1,3,4,4,4,2,2,2,2,1,4,3,7,1,1,30,22,"Female","Non-Black / Non-Hispanic","West (AK, AZ, CA, CO, HI, ID, MT, NV, NM, OR, UT, WA, WY)","Bachelor's degree (BA, BS)","In CBSA, not in central city","YES","3: Mother","YES","NO","NO","NO","YES","0: 0  CONDITION DOES NOT APPLY","ALWAYS WITH RIGHT HAND","ALWAYS WITH RIGHT HAND","ALWAYS WITH RIGHT HAND","ALWAYS WITH RIGHT HAND","ALWAYS WITH LEFT HAND","0: 0  CONDITION DOES NOT APPLY","1: 1  CONDITION APPLIES","NO","FEMALE","MALE"
1982,64735,3,1,3,33790,5,181,1,2,1,3,3,2,2,2,1,2,1,1,1,7,1,1,36,22,"Female","Non-Black / Non-Hispanic","Northeast (CT, ME, MA, NH, NJ, NY, PA, RI, VT)","High school diploma (Regular 12 year program)","In CBSA, in central city","NO","3: Mother","NO","NO","NO","NO","YES","0: 0  CONDITION DOES NOT APPLY","ALWAYS WITH RIGHT HAND","ALWAYS WITH RIGHT HAND","ALWAYS WITH RIGHT HAND","ALWAYS WITH RIGHT HAND","ALWAYS WITH RIGHT HAND","1: 1  CONDITION APPLIES","1: 1  CONDITION APPLIES","NO","MALE","FEMALE"
1986,64735,3,0,3,33790,5,183,1,2,1,2,4,5,2,2,1,2,1,2,3,6,1,1,26,18,"Female","Black","South (AL, AR, DE, DC, FL, GA, KY, LA, MD, MS, NC, OK, SC, TN , TX, VA, WV)","High school diploma (Regular 12 year program)","In CBSA, in central city","NO","3: Mother","NO","YES","NO","NO","NO","0: 0  CONDITION DOES NOT APPLY","ALWAYS WITH RIGHT HAND","ALWAYS WITH RIGHT HAND","ALWAYS WITH RIGHT HAND","ALWAYS WITH RIGHT HAND","ALWAYS WITH LEFT HAND","1: 1  CONDITION APPLIES","1: 1  CONDITION APPLIES","NO","FEMALE","MALE"
1980,64735,2,0,2,33790,5,183,1,1,1,6,4,4,2,1,1,2,2,7,2,6,1,1,33,23,"Male","Non-Black / Non-Hispanic","West (AK, AZ, CA, CO, HI, ID, MT, NV, NM, OR, UT, WA, WY)","None","In CBSA, not in central city","NO","3: Mother","YES","YES","NO","NO","YES","0: 0  CONDITION DOES NOT APPLY","ALWAYS WITH RIGHT HAND","ALWAYS WITH RIGHT HAND","ALWAYS WITH RIGHT HAND","ALWAYS WITH RIGHT HAND","ALWAYS WITH LEFT HAND","1: 1  CONDITION APPLIES","1: 1  CONDITION APPLIES","NO","FEMALE","FEMALE"
1981,64735,5,1,4,33790,5,183,2,1,6,3,3,4,1,2,1,1,1,1,2,4,1,1,21,11,"Female","Non-Black / Non-Hispanic","North Central (IL, IN, IA, KS, MI, MN, MO, NE, OH, ND, SD, WI)","None","In CBSA, in central city","NO","3: Mother","NO","YES","NO","NO","YES","0: 0  CONDITION DOES NOT APPLY","ALWAYS WITH RIGHT HAND","ALWAYS WITH RIGHT HAND","ALWAYS WITH RIGHT HAND","ALWAYS WITH RIGHT HAND","USUALLY WITH BOTH HANDS EQUALLY","0: 0  CONDITION DOES NOT APPLY","1: 1  CONDITION APPLIES","NO","FEMALE","MALE"
1984,64735,3,1,2,33790,5,160,2,1,2,3,4,3,2,2,1,2,1,4,2,7,1,1,15,17,"Female","Black","North Central (IL, IN, IA, KS, MI, MN, MO, NE, OH, ND, SD, WI)","GED","In CBSA, in central city","NO","3: Mother","NO","NO","NO","NO","YES","0: 0  CONDITION DOES NOT APPLY","ALWAYS WITH RIGHT HAND","ALWAYS WITH RIGHT HAND","ALWAYS WITH RIGHT HAND","ALWAYS WITH RIGHT HAND","ALWAYS WITH LEFT HAND","1: 1  CONDITION APPLIES","1: 1  CONDITION APPLIES","NO","FEMALE","MALE"
1980,64735,3,0,4,33790,5,179,1,2,1,3,2,1,2,2,2,2,2,6,4,7,3,1,32,19,"Female","Black","North Central (IL, IN, IA, KS, MI, MN, MO, NE, OH, ND, SD, WI)","High school diploma (Regular 12 year program)","In CBSA, not in central city","NO","3: Mother","NO","NO","NO","NO","YES","0: 0  CONDITION DOES NOT APPLY","ALWAYS WITH RIGHT HAND","ALWAYS WITH RIGHT HAND","ALWAYS WITH RIGHT HAND","ALWAYS WITH RIGHT HAND","ALWAYS WITH LEFT HAND","1: 1  CONDITION APPLIES","1: 1  CONDITION APPLIES","NO","FEMALE","FEMALE"
1983,13054,2,0,1,10000,6,182,1,1,5,4,1,2,2,2,1,2,1,6,3,7,1,2,33,24,"Male","Non-Black / Non-Hispanic","Northeast (CT, ME, MA, NH, NJ, NY, PA, RI, VT)","High school diploma (Regular 12 year program)","In CBSA, in central city","NO","3: Mother","YES","NO","NO","NO","YES","0: 0  CONDITION DOES NOT APPLY","ALWAYS WITH RIGHT HAND","ALWAYS WITH RIGHT HAND","USUALLY WITH RIGHT HAND","ALWAYS WITH RIGHT HAND","DON'T DO THIS ACTIVITY","0: 0  CONDITION DOES NOT APPLY","1: 1  CONDITION APPLIES","NO","MALE","MALE"
1982,87020,2,0,6,33790,5,300,3,3,5,6,1,4,2,2,1,2,1,5,2,6,1,1,9,19,"Female","Non-Black / Non-Hispanic","South (AL, AR, DE, DC, FL, GA, KY, LA, MD, MS, NC, OK, SC, TN , TX, VA, WV)","Associate/Junior college (AA)","In CBSA, not in central city","NO","3: Mother","YES","YES","YES","NO","NO","0: 0  CONDITION DOES NOT APPLY","ALWAYS WITH RIGHT HAND","ALWAYS WITH RIGHT HAND","ALWAYS WITH RIGHT HAND","ALWAYS WITH RIGHT HAND","ALWAYS WITH LEFT HAND","1: 1  CONDITION APPLIES","0: 0  CONDITION DOES NOT APPLY","NO","FEMALE","MALE"
1981,64735,5,1,2,33790,5,184,1,2,2,4,1,2,2,2,1,2,1,3,1,7,1,1,29,18,"Female","Non-Black / Non-Hispanic","West (AK, AZ, CA, CO, HI, ID, MT, NV, NM, OR, UT, WA, WY)","High school diploma (Regular 12 year program)","In CBSA, not in central city","NO","3: Mother","YES","NO","YES","NO","YES","0: 0  CONDITION DOES NOT APPLY","ALWAYS WITH RIGHT HAND","ALWAYS WITH RIGHT HAND","ALWAYS WITH RIGHT HAND","ALWAYS WITH RIGHT HAND","ALWAYS WITH LEFT HAND","1: 1  CONDITION APPLIES","1: 1  CONDITION APPLIES","NO","MALE","MALE"
1984,64735,3,0,2,33790,6,183,1,1,4,6,3,1,2,2,2,2,1,4,2,6,1,1,63,33,"Male","Non-Black / Non-Hispanic","South (AL, AR, DE, DC, FL, GA, KY, LA, MD, MS, NC, OK, SC, TN , TX, VA, WV)","High school diploma (Regular 12 year program)","In CBSA, not in central city","YES","3: Mother","YES","NO","NO","YES","YES","0: 0  CONDITION DOES NOT APPLY","ALWAYS WITH RIGHT HAND","ALWAYS WITH RIGHT HAND","ALWAYS WITH RIGHT HAND","ALWAYS WITH RIGHT HAND","ALWAYS WITH LEFT HAND","1: 1  CONDITION APPLIES","0: 0  CONDITION DOES NOT APPLY","NO","FEMALE","MALE"
1986,64735,3,1,1,33790,5,183,1,1,1,4,1,3,2,2,2,2,1,5,2,7,1,1,31,19,"Male","Non-Black / Non-Hispanic","North Central (IL, IN, IA, KS, MI, MN, MO, NE, OH, ND, SD, WI)","High school diploma (Regular 12 year program)","In CBSA, not in central city","NO","3: Mother","NO","YES","NO","NO","YES","0: 0  CONDITION DOES NOT APPLY","DON'T DO THIS ACTIVITY","DON'T DO THIS ACTIVITY","ALWAYS WITH LEFT HAND","DON'T DO THIS ACTIVITY","ALWAYS WITH RIGHT HAND","1: 1  CONDITION APPLIES","1: 1  CONDITION APPLIES","NO","FEMALE","MALE"
1983,64735,4,0,1,33790,5,185,1,2,5,3,4,4,1,1,1,2,1,6,2,6,1,1,30,22,"Female","Black","North Central (IL, IN, IA, KS, MI, MN, MO, NE, OH, ND, SD, WI)","High school diploma (Regular 12 year program)","In CBSA, not in central city","NO","3: Mother","NO","NO","NO","NO","NO","0: 0  CONDITION DOES NOT APPLY","ALWAYS WITH RIGHT HAND","ALWAYS WITH RIGHT HAND","USUALLY WITH BOTH HANDS EQUALLY","ALWAYS WITH RIGHT HAND","ALWAYS WITH LEFT HAND","1: 1  CONDITION APPLIES","1: 1  CONDITION APPLIES","NO","MALE","FEMALE"
1983,75000,2,1,3,33790,6,189,2,2,2,5,2,5,2,2,2,2,1,3,2,4,1,1,30,21,"Male","Non-Black / Non-Hispanic","North Central (IL, IN, IA, KS, MI, MN, MO, NE, OH, ND, SD, WI)","None","In CBSA, not in central city","YES","3: Mother","NO","NO","NO","NO","YES","0: 0  CONDITION DOES NOT APPLY","ALWAYS WITH RIGHT HAND","ALWAYS WITH RIGHT HAND","ALWAYS WITH RIGHT HAND","ALWAYS WITH RIGHT HAND","ALWAYS WITH LEFT HAND","1: 1  CONDITION APPLIES","1: 1  CONDITION APPLIES","NO","FEMALE","FEMALE"
1984,64735,3,1,2,33790,5,184,2,1,3,4,2,3,2,2,2,2,1,7,3,8,1,1,28,21,"Female","Black","North Central (IL, IN, IA, KS, MI, MN, MO, NE, OH, ND, SD, WI)","None","In CBSA, not in central city","NO","3: Mother","YES","NO","NO","NO","YES","0: 0  CONDITION DOES NOT APPLY","ALWAYS WITH RIGHT HAND","ALWAYS WITH RIGHT HAND","USUALLY WITH RIGHT HAND","ALWAYS WITH RIGHT HAND","ALWAYS WITH LEFT HAND","1: 1  CONDITION APPLIES","1: 1  CONDITION APPLIES","NO","MALE","MALE"
1984,64735,2,0,1,33790,6,183,1,1,2,2,4,4,2,2,1,1,1,4,4,7,1,1,32,21,"Female","Non-Black / Non-Hispanic","South (AL, AR, DE, DC, FL, GA, KY, LA, MD, MS, NC, OK, SC, TN , TX, VA, WV)","High school diploma (Regular 12 year program)","Not in CBSA","NO","3: Mother","NO","YES","NO","NO","YES","0: 0  CONDITION DOES NOT APPLY","ALWAYS WITH RIGHT HAND","ALWAYS WITH RIGHT HAND","ALWAYS WITH RIGHT HAND","ALWAYS WITH RIGHT HAND","ALWAYS WITH LEFT HAND","1: 1  CONDITION APPLIES","0: 0  CONDITION DOES NOT APPLY","NO","MALE","FEMALE"
1980,64735,2,0,3,23000,5,175,1,1,2,4,2,3,2,2,2,2,1,6,2,9,1,1,31,23,"Female","Non-Black / Non-Hispanic","South (AL, AR, DE, DC, FL, GA, KY, LA, MD, MS, NC, OK, SC, TN , TX, VA, WV)","Bachelor's degree (BA, BS)","In CBSA, not in central city","NO","3: Mother","NO","NO","NO","NO","YES","0: 0  CONDITION DOES NOT APPLY","ALWAYS WITH RIGHT HAND","ALWAYS WITH RIGHT HAND","ALWAYS WITH RIGHT HAND","ALWAYS WITH RIGHT HAND","ALWAYS WITH LEFT HAND","1: 1  CONDITION APPLIES","1: 1  CONDITION APPLIES","NO","FEMALE","MALE"
1983,64735,4,0,7,33790,5,184,1,2,2,4,2,2,1,1,2,1,2,2,6,6,1,1,31,17,"Female","Hispanic","South (AL, AR, DE, DC, FL, GA, KY, LA, MD, MS, NC, OK, SC, TN , TX, VA, WV)","High school diploma (Regular 12 year program)","Not in CBSA","NO","3: Mother","NO","YES","NO","NO","YES","0: 0  CONDITION DOES NOT APPLY","ALWAYS WITH RIGHT HAND","ALWAYS WITH RIGHT HAND","ALWAYS WITH RIGHT HAND","ALWAYS WITH RIGHT HAND","ALWAYS WITH LEFT HAND","1: 1  CONDITION APPLIES","1: 1  CONDITION APPLIES","NO","FEMALE","FEMALE"
1981,64735,4,0,2,33790,5,178,1,1,2,3,4,4,2,2,2,2,1,3,4,8,1,1,32,21,"Female","Non-Black / Non-Hispanic","West (AK, AZ, CA, CO, HI, ID, MT, NV, NM, OR, UT, WA, WY)","Bachelor's degree (BA, BS)","In CBSA, in central city","NO","3: Mother","YES","YES","NO","NO","YES","0: 0  CONDITION DOES NOT APPLY","ALWAYS WITH RIGHT HAND","ALWAYS WITH RIGHT HAND","ALWAYS WITH RIGHT HAND","ALWAYS WITH RIGHT HAND","ALWAYS WITH LEFT HAND","0: 0  CONDITION DOES NOT APPLY","1: 1  CONDITION APPLIES","NO","MALE","FEMALE"
1985,64735,3,0,2,33790,5,225,1,1,4,4,4,2,2,2,1,2,1,7,4,8,1,1,29,16,"Male","Non-Black / Non-Hispanic","West (AK, AZ, CA, CO, HI, ID, MT, NV, NM, OR, UT, WA, WY)","High school diploma (Regular 12 year program)","In CBSA, not in central city","YES","3: Mother","NO","NO","NO","NO","YES","0: 0  CONDITION DOES NOT APPLY","ALWAYS WITH RIGHT HAND","ALWAYS WITH RIGHT HAND","USUALLY WITH RIGHT HAND","ALWAYS WITH RIGHT HAND","ALWAYS WITH LEFT HAND","1: 1  CONDITION APPLIES","1: 1  CONDITION APPLIES","NO","FEMALE","MALE"
1981,64735,3,0,4,33790,6,357,2,3,3,4,2,2,2,1,1,2,1,4,2,6,2,1,31,21,"Male","Non-Black / Non-Hispanic","South (AL, AR, DE, DC, FL, GA, KY, LA, MD, MS, NC, OK, SC, TN , TX, VA, WV)","High school diploma (Regular 12 year program)","In CBSA, not in central city","NO","3: Mother","NO","NO","NO","NO","YES","0: 0  CONDITION DOES NOT APPLY","ALWAYS WITH RIGHT HAND","ALWAYS WITH RIGHT HAND","ALWAYS WITH RIGHT HAND","ALWAYS WITH RIGHT HAND","ALWAYS WITH LEFT HAND","1: 1  CONDITION APPLIES","1: 1  CONDITION APPLIES","NO","FEMALE","MALE"
1984,64735,4,1,2,33790,5,165,1,1,4,4,8,5,2,2,2,1,1,6,2,8,1,1,28,23,"Female","Non-Black / Non-Hispanic","South (AL, AR, DE, DC, FL, GA, KY, LA, MD, MS, NC, OK, SC, TN , TX, VA, WV)","High school diploma (Regular 12 year program)","In CBSA, not in central city","YES","3: Mother","NO","NO","YES","NO","YES","0: 0  CONDITION DOES NOT APPLY","ALWAYS WITH RIGHT HAND","USUALLY WITH RIGHT HAND","ALWAYS WITH RIGHT HAND","ALWAYS WITH RIGHT HAND","ALWAYS WITH LEFT HAND","1: 1  CONDITION APPLIES","1: 1  CONDITION APPLIES","YES","FEMALE","MALE"
1984,64735,6,0,2,33790,5,181,1,2,3,3,2,3,2,2,1,2,1,6,2,7,1,1,43,29,"Female","Hispanic","West (AK, AZ, CA, CO, HI, ID, MT, NV, NM, OR, UT, WA, WY)","High school diploma (Regular 12 year program)","In CBSA, in central city","YES","3: Mother","NO","NO","NO","YES","YES","0: 0  CONDITION DOES NOT APPLY","ALWAYS WITH RIGHT HAND","ALWAYS WITH RIGHT HAND","ALWAYS WITH RIGHT HAND","ALWAYS WITH RIGHT HAND","ALWAYS WITH LEFT HAND","0: 0  CONDITION DOES NOT APPLY","1: 1  CONDITION APPLIES","YES","FEMALE","MALE"
1981,64735,3,0,4,33790,6,181,1,2,2,2,3,5,2,2,1,2,2,4,2,7,1,1,32,21,"Female","Mixed Race (Non-Hispanic)","South (AL, AR, DE, DC, FL, GA, KY, LA, MD, MS, NC, OK, SC, TN , TX, VA, WV)","High school diploma (Regular 12 year program)","In CBSA, not in central city","NO","3: Mother","YES","YES","NO","NO","YES","0: 0  CONDITION DOES NOT APPLY","ALWAYS WITH RIGHT HAND","ALWAYS WITH RIGHT HAND","ALWAYS WITH RIGHT HAND","ALWAYS WITH RIGHT HAND","ALWAYS WITH LEFT HAND","1: 1  CONDITION APPLIES","1: 1  CONDITION APPLIES","NO","MALE","FEMALE"
1983,102760,2,0,3,33790,5,184,2,2,1,7,2,3,2,2,1,2,1,6,3,7,2,2,32,28,"Female","Black","South (AL, AR, DE, DC, FL, GA, KY, LA, MD, MS, NC, OK, SC, TN , TX, VA, WV)","High school diploma (Regular 12 year program)","In CBSA, in central city","NO","3: Mother","YES","NO","NO","NO","YES","0: 0  CONDITION DOES NOT APPLY","ALWAYS WITH RIGHT HAND","ALWAYS WITH RIGHT HAND","ALWAYS WITH RIGHT HAND","ALWAYS WITH RIGHT HAND","ALWAYS WITH RIGHT HAND","1: 1  CONDITION APPLIES","1: 1  CONDITION APPLIES","NO","FEMALE","MALE"
1980,64735,2,1,3,33790,5,180,1,1,3,3,5,4,2,1,1,1,1,6,1,7,1,1,3,14,"Female","Black","Northeast (CT, ME, MA, NH, NJ, NY, PA, RI, VT)","Associate/Junior college (AA)","In CBSA, in central city","NO","3: Mother","YES","NO","NO","NO","YES","0: 0  CONDITION DOES NOT APPLY","ALWAYS WITH RIGHT HAND","ALWAYS WITH RIGHT HAND","ALWAYS WITH RIGHT HAND","ALWAYS WITH RIGHT HAND","ALWAYS WITH RIGHT HAND","1: 1  CONDITION APPLIES","0: 0  CONDITION DOES NOT APPLY","NO","FEMALE","MALE"
1984,64735,3,0,1,33790,6,143,1,1,6,4,3,3,2,1,1,2,1,1,3,7,6,1,36,24,"Male","Non-Black / Non-Hispanic","Northeast (CT, ME, MA, NH, NJ, NY, PA, RI, VT)","Master's degree (MA, MS)","Not in CBSA","NO","3: Mother","YES","NO","YES","NO","YES","0: 0  CONDITION DOES NOT APPLY","ALWAYS WITH RIGHT HAND","USUALLY WITH RIGHT HAND","USUALLY WITH RIGHT HAND","ALWAYS WITH RIGHT HAND","DON'T DO THIS ACTIVITY","1: 1  CONDITION APPLIES","1: 1  CONDITION APPLIES","NO","FEMALE","MALE"
1981,64735,4,0,1,33790,5,183,1,1,5,7,2,4,2,2,1,2,1,6,2,7,1,1,31,21,"Male","Hispanic","West (AK, AZ, CA, CO, HI, ID, MT, NV, NM, OR, UT, WA, WY)","High school diploma (Regular 12 year program)","In CBSA, not in central city","NO","3: Mother","YES","NO","YES","NO","YES","0: 0  CONDITION DOES NOT APPLY","ALWAYS WITH RIGHT HAND","ALWAYS WITH RIGHT HAND","ALWAYS WITH RIGHT HAND","ALWAYS WITH RIGHT HAND","ALWAYS WITH LEFT HAND","1: 1  CONDITION APPLIES","1: 1  CONDITION APPLIES","NO","FEMALE","FEMALE"
1984,64735,6,2,4,33790,5,182,2,2,2,3,5,3,2,2,2,2,1,5,1,7,1,1,25,17,"Female","Non-Black / Non-Hispanic","South (AL, AR, DE, DC, FL, GA, KY, LA, MD, MS, NC, OK, SC, TN , TX, VA, WV)","High school diploma (Regular 12 year program)","In CBSA, in central city","NO","3: Mother","YES","NO","NO","YES","YES","0: 0  CONDITION DOES NOT APPLY","ALWAYS WITH RIGHT HAND","ALWAYS WITH RIGHT HAND","ALWAYS WITH RIGHT HAND","ALWAYS WITH RIGHT HAND","ALWAYS WITH LEFT HAND","0: 0  CONDITION DOES NOT APPLY","1: 1  CONDITION APPLIES","NO","MALE","MALE"
1981,64735,4,1,4,33790,5,185,2,2,1,3,1,2,2,2,1,2,2,1,1,7,1,1,26,18,"Female","Non-Black / Non-Hispanic","North Central (IL, IN, IA, KS, MI, MN, MO, NE, OH, ND, SD, WI)","Master's degree (MA, MS)","In CBSA, not in central city","NO","3: Mother","NO","YES","NO","NO","YES","0: 0  CONDITION DOES NOT APPLY","ALWAYS WITH RIGHT HAND","ALWAYS WITH RIGHT HAND","ALWAYS WITH RIGHT HAND","ALWAYS WITH RIGHT HAND","ALWAYS WITH LEFT HAND","1: 1  CONDITION APPLIES","1: 1  CONDITION APPLIES","NO","MALE","MALE"
1984,64735,4,0,3,33790,5,139,1,1,2,1,4,6,2,2,1,1,1,3,3,6,1,1,32,19,"Female","Non-Black / Non-Hispanic","South (AL, AR, DE, DC, FL, GA, KY, LA, MD, MS, NC, OK, SC, TN , TX, VA, WV)","Bachelor's degree (BA, BS)","In CBSA, in central city","YES","3: Mother","NO","YES","NO","NO","YES","0: 0  CONDITION DOES NOT APPLY","ALWAYS WITH RIGHT HAND","ALWAYS WITH RIGHT HAND","ALWAYS WITH RIGHT HAND","ALWAYS WITH RIGHT HAND","ALWAYS WITH LEFT HAND","1: 1  CONDITION APPLIES","1: 1  CONDITION APPLIES","NO","MALE","MALE"
1981,64735,3,1,2,33790,5,178,2,1,2,3,6,2,1,2,2,2,1,2,4,7,1,1,30,20,"Female","Hispanic","West (AK, AZ, CA, CO, HI, ID, MT, NV, NM, OR, UT, WA, WY)","GED","In CBSA, in central city","NO","3: Mother","YES","YES","NO","NO","NO","0: 0  CONDITION DOES NOT APPLY","ALWAYS WITH RIGHT HAND","ALWAYS WITH RIGHT HAND","ALWAYS WITH RIGHT HAND","ALWAYS WITH RIGHT HAND","ALWAYS WITH LEFT HAND","1: 1  CONDITION APPLIES","1: 1  CONDITION APPLIES","YES","FEMALE","MALE"
1983,64735,4,0,1,56000,5,183,1,1,1,2,2,3,2,2,1,1,1,1,3,7,1,1,32,25,"Female","Hispanic","South (AL, AR, DE, DC, FL, GA, KY, LA, MD, MS, NC, OK, SC, TN , TX, VA, WV)","Professional degree (DDS, JD, MD)","In CBSA, not in central city","YES","3: Mother","NO","NO","NO","NO","NO","0: 0  CONDITION DOES NOT APPLY","ALWAYS WITH RIGHT HAND","ALWAYS WITH RIGHT HAND","ALWAYS WITH RIGHT HAND","ALWAYS WITH RIGHT HAND","ALWAYS WITH LEFT HAND","1: 1  CONDITION APPLIES","1: 1  CONDITION APPLIES","NO","FEMALE","FEMALE"
1983,64735,2,0,1,33790,6,110,2,2,1,1,4,4,2,2,2,2,2,6,2,7,1,1,32,25,"Female","Black","South (AL, AR, DE, DC, FL, GA, KY, LA, MD, MS, NC, OK, SC, TN , TX, VA, WV)","None","In CBSA, not in central city","NO","3: Mother","NO","NO","YES","NO","YES","0: 0  CONDITION DOES NOT APPLY","ALWAYS WITH RIGHT HAND","ALWAYS WITH RIGHT HAND","ALWAYS WITH RIGHT HAND","ALWAYS WITH RIGHT HAND","ALWAYS WITH RIGHT HAND","1: 1  CONDITION APPLIES","1: 1  CONDITION APPLIES","NO","MALE","MALE"
1980,64735,3,1,3,33790,5,183,1,1,2,1,4,3,2,2,1,2,1,2,2,7,1,1,15,19,"Male","Hispanic","South (AL, AR, DE, DC, FL, GA, KY, LA, MD, MS, NC, OK, SC, TN , TX, VA, WV)","High school diploma (Regular 12 year program)","In CBSA, in central city","NO","3: Mother","NO","NO","NO","NO","YES","0: 0  CONDITION DOES NOT APPLY","ALWAYS WITH RIGHT HAND","ALWAYS WITH RIGHT HAND","ALWAYS WITH RIGHT HAND","ALWAYS WITH RIGHT HAND","ALWAYS WITH LEFT HAND","1: 1  CONDITION APPLIES","1: 1  CONDITION APPLIES","YES","MALE","FEMALE"
1982,64735,3,0,2,33790,5,184,1,1,6,5,5,2,2,2,1,2,1,6,2,5,2,1,32,20,"Female","Hispanic","North Central (IL, IN, IA, KS, MI, MN, MO, NE, OH, ND, SD, WI)","High school diploma (Regular 12 year program)","In CBSA, not in central city","YES","3: Mother","YES","NO","NO","NO","YES","0: 0  CONDITION DOES NOT APPLY","ALWAYS WITH RIGHT HAND","ALWAYS WITH RIGHT HAND","USUALLY WITH RIGHT HAND","ALWAYS WITH RIGHT HAND","ALWAYS WITH LEFT HAND","1: 1  CONDITION APPLIES","1: 1  CONDITION APPLIES","YES","MALE","FEMALE"
1982,64735,2,0,2,33790,6,183,2,1,5,3,1,5,2,2,1,1,1,4,4,6,2,1,33,24,"Male","Non-Black / Non-Hispanic","South (AL, AR, DE, DC, FL, GA, KY, LA, MD, MS, NC, OK, SC, TN , TX, VA, WV)","Master's degree (MA, MS)","In CBSA, not in central city","YES","3: Mother","NO","NO","NO","NO","YES","0: 0  CONDITION DOES NOT APPLY","DON'T DO THIS ACTIVITY","DON'T DO THIS ACTIVITY","DON'T DO THIS ACTIVITY","DON'T DO THIS ACTIVITY","ALWAYS WITH LEFT HAND","1: 1  CONDITION APPLIES","1: 1  CONDITION APPLIES","YES","FEMALE","FEMALE"
1980,64735,3,1,1,33790,5,183,2,1,2,4,4,6,2,2,1,2,1,4,2,8,2,1,31,23,"Female","Hispanic","South (AL, AR, DE, DC, FL, GA, KY, LA, MD, MS, NC, OK, SC, TN , TX, VA, WV)","High school diploma (Regular 12 year program)","In CBSA, in central city","NO","3: Mother","NO","YES","NO","NO","YES","1: 1  CONDITION APPLIES","ALWAYS WITH RIGHT HAND","ALWAYS WITH RIGHT HAND","ALWAYS WITH RIGHT HAND","ALWAYS WITH RIGHT HAND","ALWAYS WITH LEFT HAND","1: 1  CONDITION APPLIES","1: 1  CONDITION APPLIES","YES","MALE","FEMALE"
1983,64735,4,0,2,33790,5,181,1,2,1,4,2,2,1,2,2,1,1,4,3,6,1,1,25,5,"Female","Hispanic","South (AL, AR, DE, DC, FL, GA, KY, LA, MD, MS, NC, OK, SC, TN , TX, VA, WV)","None","In CBSA, not in central city","NO","3: Mother","YES","YES","NO","NO","YES","0: 0  CONDITION DOES NOT APPLY","ALWAYS WITH RIGHT HAND","ALWAYS WITH RIGHT HAND","ALWAYS WITH RIGHT HAND","ALWAYS WITH RIGHT HAND","ALWAYS WITH LEFT HAND","1: 1  CONDITION APPLIES","1: 1  CONDITION APPLIES","NO","FEMALE","MALE"
1981,64735,3,0,1,33790,5,180,2,1,4,3,1,5,1,1,2,2,2,6,2,7,1,2,35,23,"Male","Black","South (AL, AR, DE, DC, FL, GA, KY, LA, MD, MS, NC, OK, SC, TN , TX, VA, WV)","High school diploma (Regular 12 year program)","In CBSA, in central city","NO","3: Mother","NO","YES","YES","NO","NO","0: 0  CONDITION DOES NOT APPLY","ALWAYS WITH RIGHT HAND","ALWAYS WITH RIGHT HAND","ALWAYS WITH RIGHT HAND","ALWAYS WITH RIGHT HAND","ALWAYS WITH LEFT HAND","1: 1  CONDITION APPLIES","1: 1  CONDITION APPLIES","NO","FEMALE","FEMALE"
1984,64735,2,0,2,33790,5,216,1,2,2,5,2,3,2,2,2,2,1,3,4,8,1,1,32,24,"Male","Black","North Central (IL, IN, IA, KS, MI, MN, MO, NE, OH, ND, SD, WI)","High school diploma (Regular 12 year program)","In CBSA, not in central city","NO","3: Mother","NO","YES","NO","NO","YES","0: 0  CONDITION DOES NOT APPLY","ALWAYS WITH RIGHT HAND","ALWAYS WITH RIGHT HAND","ALWAYS WITH RIGHT HAND","ALWAYS WITH RIGHT HAND","ALWAYS WITH LEFT HAND","1: 1  CONDITION APPLIES","1: 1  CONDITION APPLIES","NO","FEMALE","MALE"
1981,64735,4,1,2,33790,5,183,2,2,3,4,2,7,2,1,1,1,1,6,3,7,1,1,28,18,"Female","Non-Black / Non-Hispanic","South (AL, AR, DE, DC, FL, GA, KY, LA, MD, MS, NC, OK, SC, TN , TX, VA, WV)","None","In CBSA, not in central city","NO","3: Mother","NO","NO","NO","NO","YES","0: 0  CONDITION DOES NOT APPLY","ALWAYS WITH RIGHT HAND","USUALLY WITH RIGHT HAND","ALWAYS WITH RIGHT HAND","ALWAYS WITH RIGHT HAND","ALWAYS WITH LEFT HAND","0: 0  CONDITION DOES NOT APPLY","1: 1  CONDITION APPLIES","NO","MALE","FEMALE"
1983,64735,4,1,5,33790,5,184,1,2,1,4,4,3,1,2,2,2,1,3,2,6,1,1,29,19,"Female","Non-Black / Non-Hispanic","South (AL, AR, DE, DC, FL, GA, KY, LA, MD, MS, NC, OK, SC, TN , TX, VA, WV)","Bachelor's degree (BA, BS)","In CBSA, not in central city","NO","3: Mother","YES","NO","NO","NO","YES","0: 0  CONDITION DOES NOT APPLY","ALWAYS WITH RIGHT HAND","ALWAYS WITH RIGHT HAND","ALWAYS WITH RIGHT HAND","ALWAYS WITH RIGHT HAND","USUALLY WITH BOTH HANDS EQUALLY","1: 1  CONDITION APPLIES","1: 1  CONDITION APPLIES","NO","FEMALE","MALE"
1981,40000,3,2,3,33790,5,183,1,1,2,4,4,3,2,2,2,2,1,6,3,6,1,1,29,21,"Female","Non-Black / Non-Hispanic","South (AL, AR, DE, DC, FL, GA, KY, LA, MD, MS, NC, OK, SC, TN , TX, VA, WV)","Bachelor's degree (BA, BS)","In CBSA, not in central city","NO","3: Mother","NO","NO","NO","NO","YES","0: 0  CONDITION DOES NOT APPLY","ALWAYS WITH RIGHT HAND","ALWAYS WITH RIGHT HAND","USUALLY WITH BOTH HANDS EQUALLY","ALWAYS WITH RIGHT HAND","ALWAYS WITH LEFT HAND","1: 1  CONDITION APPLIES","1: 1  CONDITION APPLIES","NO","MALE","MALE"
1981,64735,4,1,2,33790,5,135,1,2,2,2,3,5,2,2,2,2,2,3,2,7,1,1,31,20,"Male","Non-Black / Non-Hispanic","South (AL, AR, DE, DC, FL, GA, KY, LA, MD, MS, NC, OK, SC, TN , TX, VA, WV)","High school diploma (Regular 12 year program)","In CBSA, in central city","NO","3: Mother","NO","YES","NO","NO","NO","0: 0  CONDITION DOES NOT APPLY","ALWAYS WITH RIGHT HAND","ALWAYS WITH RIGHT HAND","ALWAYS WITH RIGHT HAND","ALWAYS WITH RIGHT HAND","ALWAYS WITH LEFT HAND","1: 1  CONDITION APPLIES","1: 1  CONDITION APPLIES","NO","MALE","FEMALE"
1983,64735,3,0,1,33790,5,181,1,2,1,5,5,4,2,2,2,2,1,5,4,6,1,1,30,20,"Female","Non-Black / Non-Hispanic","Northeast (CT, ME, MA, NH, NJ, NY, PA, RI, VT)","Bachelor's degree (BA, BS)","In CBSA, not in central city","NO","3: Mother","NO","NO","NO","NO","YES","0: 0  CONDITION DOES NOT APPLY","ALWAYS WITH RIGHT HAND","ALWAYS WITH RIGHT HAND","ALWAYS WITH RIGHT HAND","ALWAYS WITH RIGHT HAND","ALWAYS WITH LEFT HAND","1: 1  CONDITION APPLIES","1: 1  CONDITION APPLIES","NO","FEMALE","FEMALE"
1983,64735,3,1,2,33790,5,179,1,1,3,3,4,5,1,2,1,1,1,8,2,7,1,1,32,21,"Male","Black","South (AL, AR, DE, DC, FL, GA, KY, LA, MD, MS, NC, OK, SC, TN , TX, VA, WV)","Associate/Junior college (AA)","In CBSA, not in central city","YES","3: Mother","NO","YES","NO","NO","YES","0: 0  CONDITION DOES NOT APPLY","ALWAYS WITH RIGHT HAND","ALWAYS WITH RIGHT HAND","USUALLY WITH LEFT HAND","ALWAYS WITH LEFT HAND","ALWAYS WITH RIGHT HAND","1: 1  CONDITION APPLIES","1: 1  CONDITION APPLIES","NO","MALE","FEMALE"
1981,64735,2,0,2,33790,5,183,1,1,2,5,3,6,1,1,1,1,2,3,2,6,1,1,34,20,"Male","Non-Black / Non-Hispanic","Northeast (CT, ME, MA, NH, NJ, NY, PA, RI, VT)","High school diploma (Regular 12 year program)","In CBSA, in central city","NO","3: Mother","NO","NO","NO","NO","YES","0: 0  CONDITION DOES NOT APPLY","ALWAYS WITH LEFT HAND","USUALLY WITH BOTH HANDS EQUALLY","ALWAYS WITH RIGHT HAND","USUALLY WITH BOTH HANDS EQUALLY","ALWAYS WITH RIGHT HAND","1: 1  CONDITION APPLIES","1: 1  CONDITION APPLIES","NO","FEMALE","MALE"
1981,64735,3,0,1,33790,5,182,1,1,2,5,3,6,2,2,2,1,1,5,1,7,1,1,33,24,"Male","Non-Black / Non-Hispanic","South (AL, AR, DE, DC, FL, GA, KY, LA, MD, MS, NC, OK, SC, TN , TX, VA, WV)","None","In CBSA, not in central city","NO","3: Mother","YES","NO","YES","NO","NO","1: 1  CONDITION APPLIES","ALWAYS WITH RIGHT HAND","ALWAYS WITH RIGHT HAND","ALWAYS WITH RIGHT HAND","ALWAYS WITH RIGHT HAND","ALWAYS WITH RIGHT HAND","1: 1  CONDITION APPLIES","1: 1  CONDITION APPLIES","NO","MALE","MALE"
1980,64735,6,1,5,33790,5,185,1,1,2,4,2,3,2,2,1,2,2,4,3,7,1,1,20,1,"Male","Hispanic","North Central (IL, IN, IA, KS, MI, MN, MO, NE, OH, ND, SD, WI)","GED","In CBSA, not in central city","NO","3: Mother","NO","YES","NO","NO","YES","0: 0  CONDITION DOES NOT APPLY","ALWAYS WITH RIGHT HAND","ALWAYS WITH RIGHT HAND","ALWAYS WITH RIGHT HAND","ALWAYS WITH RIGHT HAND","ALWAYS WITH LEFT HAND","1: 1  CONDITION APPLIES","1: 1  CONDITION APPLIES","NO","FEMALE","FEMALE"
1983,64735,5,1,4,33790,5,183,1,2,5,4,2,1,2,2,2,1,2,3,2,5,1,1,35,17,"Female","Hispanic","North Central (IL, IN, IA, KS, MI, MN, MO, NE, OH, ND, SD, WI)","None","Not in CBSA","YES","3: Mother","NO","NO","NO","NO","NO","0: 0  CONDITION DOES NOT APPLY","ALWAYS WITH RIGHT HAND","DON'T DO THIS ACTIVITY","ALWAYS WITH RIGHT HAND","ALWAYS WITH RIGHT HAND","ALWAYS WITH LEFT HAND","1: 1  CONDITION APPLIES","1: 1  CONDITION APPLIES","NO","MALE","MALE"
1981,64735,4,1,3,33790,5,186,2,1,5,3,2,3,2,1,2,1,1,1,2,5,1,1,26,9,"Female","Non-Black / Non-Hispanic","South (AL, AR, DE, DC, FL, GA, KY, LA, MD, MS, NC, OK, SC, TN , TX, VA, WV)","High school diploma (Regular 12 year program)","Not in CBSA","NO","3: Mother","NO","YES","NO","NO","NO","0: 0  CONDITION DOES NOT APPLY","ALWAYS WITH LEFT HAND","ALWAYS WITH RIGHT HAND","ALWAYS WITH RIGHT HAND","ALWAYS WITH RIGHT HAND","ALWAYS WITH LEFT HAND","1: 1  CONDITION APPLIES","1: 1  CONDITION APPLIES","NO","FEMALE","MALE"
1984,64735,4,0,4,33790,5,180,2,2,3,2,4,4,2,2,2,1,1,5,1,6,1,1,29,23,"Male","Non-Black / Non-Hispanic","South (AL, AR, DE, DC, FL, GA, KY, LA, MD, MS, NC, OK, SC, TN , TX, VA, WV)","GED","In CBSA, not in central city","NO","3: Mother","NO","NO","YES","NO","NO","0: 0  CONDITION DOES NOT APPLY","ALWAYS WITH RIGHT HAND","ALWAYS WITH RIGHT HAND","ALWAYS WITH RIGHT HAND","ALWAYS WITH RIGHT HAND","ALWAYS WITH LEFT HAND","1: 1  CONDITION APPLIES","1: 1  CONDITION APPLIES","NO","FEMALE","FEMALE"
1983,64735,4,0,2,33790,5,184,1,1,3,3,2,7,1,2,2,2,1,4,2,7,1,1,34,23,"Male","Non-Black / Non-Hispanic","West (AK, AZ, CA, CO, HI, ID, MT, NV, NM, OR, UT, WA, WY)","Bachelor's degree (BA, BS)","In CBSA, not in central city","YES","3: Mother","YES","NO","NO","NO","YES","0: 0  CONDITION DOES NOT APPLY","ALWAYS WITH RIGHT HAND","ALWAYS WITH RIGHT HAND","ALWAYS WITH RIGHT HAND","ALWAYS WITH RIGHT HAND","ALWAYS WITH RIGHT HAND","1: 1  CONDITION APPLIES","1: 1  CONDITION APPLIES","NO","FEMALE","MALE"
1980,64735,5,1,1,35000,5,183,1,2,2,3,1,2,2,2,1,2,1,3,4,7,1,1,35,40,"Female","Hispanic","South (AL, AR, DE, DC, FL, GA, KY, LA, MD, MS, NC, OK, SC, TN , TX, VA, WV)","GED","In CBSA, not in central city","YES","3: Mother","NO","YES","NO","NO","NO","0: 0  CONDITION DOES NOT APPLY","ALWAYS WITH RIGHT HAND","ALWAYS WITH RIGHT HAND","ALWAYS WITH RIGHT HAND","ALWAYS WITH RIGHT HAND","ALWAYS WITH LEFT HAND","1: 1  CONDITION APPLIES","1: 1  CONDITION APPLIES","NO","FEMALE","MALE"
1982,316618,2,0,1,48000,5,181,1,1,2,2,3,4,1,2,2,2,1,6,2,7,1,1,33,24,"Female","Black","South (AL, AR, DE, DC, FL, GA, KY, LA, MD, MS, NC, OK, SC, TN , TX, VA, WV)","Bachelor's degree (BA, BS)","In CBSA, in central city","YES","3: Mother","YES","YES","NO","NO","YES","0: 0  CONDITION DOES NOT APPLY","ALWAYS WITH RIGHT HAND","ALWAYS WITH RIGHT HAND","ALWAYS WITH RIGHT HAND","ALWAYS WITH RIGHT HAND","ALWAYS WITH LEFT HAND","1: 1  CONDITION APPLIES","1: 1  CONDITION APPLIES","NO","FEMALE","FEMALE"
1983,64735,3,1,3,33790,5,170,1,2,2,4,3,3,2,2,2,2,1,6,2,6,1,1,30,19,"Female","Hispanic","West (AK, AZ, CA, CO, HI, ID, MT, NV, NM, OR, UT, WA, WY)","Associate/Junior college (AA)","In CBSA, in central city","NO","3: Mother","YES","NO","YES","NO","YES","0: 0  CONDITION DOES NOT APPLY","ALWAYS WITH RIGHT HAND","ALWAYS WITH RIGHT HAND","ALWAYS WITH RIGHT HAND","ALWAYS WITH RIGHT HAND","ALWAYS WITH LEFT HAND","1: 1  CONDITION APPLIES","1: 1  CONDITION APPLIES","YES","FEMALE","MALE"
1983,64735,3,1,4,33790,5,183,1,2,1,4,6,3,2,2,1,2,1,6,3,8,1,1,30,20,"Female","Non-Black / Non-Hispanic","South (AL, AR, DE, DC, FL, GA, KY, LA, MD, MS, NC, OK, SC, TN , TX, VA, WV)","High school diploma (Regular 12 year program)","In CBSA, in central city","NO","3: Mother","NO","NO","NO","NO","YES","0: 0  CONDITION DOES NOT APPLY","ALWAYS WITH RIGHT HAND","ALWAYS WITH RIGHT HAND","ALWAYS WITH RIGHT HAND","ALWAYS WITH RIGHT HAND","ALWAYS WITH LEFT HAND","0: 0  CONDITION DOES NOT APPLY","1: 1  CONDITION APPLIES","NO","MALE","MALE"
1982,64735,3,2,1,33790,5,181,1,1,4,4,1,3,2,2,1,2,1,3,2,7,1,1,34,23,"Female","Non-Black / Non-Hispanic","West (AK, AZ, CA, CO, HI, ID, MT, NV, NM, OR, UT, WA, WY)","GED","In CBSA, in central city","NO","3: Mother","YES","NO","NO","NO","YES","0: 0  CONDITION DOES NOT APPLY","ALWAYS WITH RIGHT HAND","ALWAYS WITH RIGHT HAND","ALWAYS WITH RIGHT HAND","USUALLY WITH RIGHT HAND","ALWAYS WITH LEFT HAND","1: 1  CONDITION APPLIES","1: 1  CONDITION APPLIES","NO","FEMALE","MALE"
1985,15000,6,1,3,15000,5,182,2,2,7,1,2,2,2,2,2,2,2,6,3,7,1,1,30,20,"Male","Hispanic","South (AL, AR, DE, DC, FL, GA, KY, LA, MD, MS, NC, OK, SC, TN , TX, VA, WV)","High school diploma (Regular 12 year program)","In CBSA, in central city","NO","3: Mother","YES","NO","YES","NO","NO","0: 0  CONDITION DOES NOT APPLY","ALWAYS WITH RIGHT HAND","ALWAYS WITH RIGHT HAND","ALWAYS WITH RIGHT HAND","ALWAYS WITH RIGHT HAND","ALWAYS WITH LEFT HAND","1: 1  CONDITION APPLIES","1: 1  CONDITION APPLIES","NO","FEMALE","FEMALE"
1980,64735,3,0,2,33790,5,182,1,1,2,3,4,5,2,2,1,2,1,6,2,5,1,1,53,23,"Male","Hispanic","South (AL, AR, DE, DC, FL, GA, KY, LA, MD, MS, NC, OK, SC, TN , TX, VA, WV)","Master's degree (MA, MS)","In CBSA, in central city","NO","3: Mother","YES","NO","NO","NO","YES","0: 0  CONDITION DOES NOT APPLY","ALWAYS WITH RIGHT HAND","ALWAYS WITH RIGHT HAND","ALWAYS WITH RIGHT HAND","ALWAYS WITH RIGHT HAND","USUALLY WITH LEFT HAND","1: 1  CONDITION APPLIES","1: 1  CONDITION APPLIES","YES","FEMALE","FEMALE"
1984,64735,6,1,3,33790,5,181,2,2,3,3,5,3,2,2,2,3,2,2,3,8,1,1,35,23,"Female","Hispanic","West (AK, AZ, CA, CO, HI, ID, MT, NV, NM, OR, UT, WA, WY)","GED","In CBSA, in central city","NO","3: Mother","NO","NO","YES","NO","NO","0: 0  CONDITION DOES NOT APPLY","ALWAYS WITH RIGHT HAND","ALWAYS WITH RIGHT HAND","ALWAYS WITH RIGHT HAND","USUALLY WITH RIGHT HAND","ALWAYS WITH LEFT HAND","0: 0  CONDITION DOES NOT APPLY","1: 1  CONDITION APPLIES","YES","MALE","FEMALE"
1982,76250,4,0,2,33790,5,198,1,1,1,4,1,4,2,2,2,2,1,6,2,7,3,1,29,20,"Male","Non-Black / Non-Hispanic","South (AL, AR, DE, DC, FL, GA, KY, LA, MD, MS, NC, OK, SC, TN , TX, VA, WV)","High school diploma (Regular 12 year program)","In CBSA, not in central city","YES","3: Mother","NO","YES","NO","NO","NO","0: 0  CONDITION DOES NOT APPLY","ALWAYS WITH RIGHT HAND","ALWAYS WITH RIGHT HAND","ALWAYS WITH RIGHT HAND","ALWAYS WITH RIGHT HAND","ALWAYS WITH LEFT HAND","1: 1  CONDITION APPLIES","1: 1  CONDITION APPLIES","NO","MALE","MALE"
1980,82000,4,1,3,33790,5,183,1,1,5,3,5,3,2,2,2,2,1,3,2,8,1,1,33,22,"Male","Non-Black / Non-Hispanic","South (AL, AR, DE, DC, FL, GA, KY, LA, MD, MS, NC, OK, SC, TN , TX, VA, WV)","GED","In CBSA, in central city","NO","3: Mother","YES","YES","YES","NO","YES","0: 0  CONDITION DOES NOT APPLY","ALWAYS WITH RIGHT HAND","ALWAYS WITH RIGHT HAND","USUALLY WITH RIGHT HAND","ALWAYS WITH RIGHT HAND","ALWAYS WITH RIGHT HAND","1: 1  CONDITION APPLIES","1: 1  CONDITION APPLIES","NO","MALE","MALE"
1982,64735,5,0,2,15000,5,183,1,1,3,4,2,6,2,2,1,2,1,3,2,7,1,1,32,24,"Female","Hispanic","South (AL, AR, DE, DC, FL, GA, KY, LA, MD, MS, NC, OK, SC, TN , TX, VA, WV)","High school diploma (Regular 12 year program)","In CBSA, not in central city","YES","3: Mother","YES","NO","NO","NO","NO","0: 0  CONDITION DOES NOT APPLY","ALWAYS WITH RIGHT HAND","ALWAYS WITH RIGHT HAND","ALWAYS WITH RIGHT HAND","ALWAYS WITH RIGHT HAND","ALWAYS WITH LEFT HAND","1: 1  CONDITION APPLIES","1: 1  CONDITION APPLIES","YES","FEMALE","FEMALE"
1981,64735,3,1,1,33790,6,187,2,2,5,5,7,3,2,2,1,2,2,6,2,6,1,1,28,12,"Female","Non-Black / Non-Hispanic","Northeast (CT, ME, MA, NH, NJ, NY, PA, RI, VT)","Bachelor's degree (BA, BS)","In CBSA, not in central city","NO","3: Mother","YES","NO","NO","NO","YES","0: 0  CONDITION DOES NOT APPLY","ALWAYS WITH RIGHT HAND","USUALLY WITH RIGHT HAND","ALWAYS WITH RIGHT HAND","ALWAYS WITH RIGHT HAND","ALWAYS WITH LEFT HAND","1: 1  CONDITION APPLIES","1: 1  CONDITION APPLIES","NO","FEMALE","FEMALE"
1982,64735,4,1,5,40000,5,184,1,1,3,6,3,4,2,2,1,2,1,6,4,7,1,1,8,14,"Female","Black","Northeast (CT, ME, MA, NH, NJ, NY, PA, RI, VT)","None","In CBSA, not in central city","NO","3: Mother","YES","YES","NO","NO","YES","0: 0  CONDITION DOES NOT APPLY","ALWAYS WITH RIGHT HAND","ALWAYS WITH RIGHT HAND","ALWAYS WITH RIGHT HAND","ALWAYS WITH RIGHT HAND","ALWAYS WITH LEFT HAND","1: 1  CONDITION APPLIES","1: 1  CONDITION APPLIES","NO","MALE","MALE"
1981,64735,3,0,3,33790,5,183,1,1,1,6,2,3,2,2,2,2,1,6,3,6,2,1,34,20,"Male","Non-Black / Non-Hispanic","Northeast (CT, ME, MA, NH, NJ, NY, PA, RI, VT)","High school diploma (Regular 12 year program)","In CBSA, in central city","NO","3: Mother","NO","YES","NO","NO","YES","0: 0  CONDITION DOES NOT APPLY","ALWAYS WITH RIGHT HAND","USUALLY WITH BOTH HANDS EQUALLY","ALWAYS WITH RIGHT HAND","ALWAYS WITH RIGHT HAND","ALWAYS WITH LEFT HAND","1: 1  CONDITION APPLIES","1: 1  CONDITION APPLIES","NO","FEMALE","MALE"
1980,45186,3,0,2,33790,5,220,2,1,1,5,4,4,2,2,2,2,1,8,4,8,1,1,29,21,"Male","Non-Black / Non-Hispanic","South (AL, AR, DE, DC, FL, GA, KY, LA, MD, MS, NC, OK, SC, TN , TX, VA, WV)","High school diploma (Regular 12 year program)","In CBSA, in central city","NO","3: Mother","YES","NO","NO","NO","YES","0: 0  CONDITION DOES NOT APPLY","ALWAYS WITH RIGHT HAND","ALWAYS WITH RIGHT HAND","ALWAYS WITH RIGHT HAND","ALWAYS WITH RIGHT HAND","ALWAYS WITH RIGHT HAND","1: 1  CONDITION APPLIES","1: 1  CONDITION APPLIES","NO","FEMALE","FEMALE"
1983,64735,3,0,3,33790,5,182,1,1,4,3,6,3,2,2,1,1,1,6,5,5,2,1,29,21,"Male","Black","South (AL, AR, DE, DC, FL, GA, KY, LA, MD, MS, NC, OK, SC, TN , TX, VA, WV)","GED","In CBSA, not in central city","YES","3: Mother","NO","NO","NO","YES","YES","0: 0  CONDITION DOES NOT APPLY","ALWAYS WITH RIGHT HAND","ALWAYS WITH RIGHT HAND","ALWAYS WITH RIGHT HAND","ALWAYS WITH RIGHT HAND","ALWAYS WITH LEFT HAND","1: 1  CONDITION APPLIES","1: 1  CONDITION APPLIES","NO","FEMALE","MALE"
1982,80000,3,0,1,33790,6,182,1,2,2,4,1,2,2,2,1,1,1,3,4,7,1,1,30,21,"Female","Non-Black / Non-Hispanic","South (AL, AR, DE, DC, FL, GA, KY, LA, MD, MS, NC, OK, SC, TN , TX, VA, WV)","GED","In CBSA, not in central city","NO","3: Mother","YES","NO","NO","NO","YES","0: 0  CONDITION DOES NOT APPLY","ALWAYS WITH RIGHT HAND","ALWAYS WITH RIGHT HAND","ALWAYS WITH RIGHT HAND","ALWAYS WITH RIGHT HAND","ALWAYS WITH LEFT HAND","1: 1  CONDITION APPLIES","1: 1  CONDITION APPLIES","NO","FEMALE","FEMALE"
1984,64735,7,2,3,33790,5,181,2,3,2,5,10,3,1,2,1,1,1,2,5,6,1,2,29,12,"Female","Non-Black / Non-Hispanic","North Central (IL, IN, IA, KS, MI, MN, MO, NE, OH, ND, SD, WI)","High school diploma (Regular 12 year program)","In CBSA, not in central city","NO","3: Mother","YES","YES","NO","NO","NO","0: 0  CONDITION DOES NOT APPLY","ALWAYS WITH RIGHT HAND","ALWAYS WITH RIGHT HAND","ALWAYS WITH RIGHT HAND","ALWAYS WITH RIGHT HAND","ALWAYS WITH LEFT HAND","0: 0  CONDITION DOES NOT APPLY","0: 0  CONDITION DOES NOT APPLY","NO","MALE","FEMALE"
1982,45000,4,0,5,33790,5,182,1,1,3,3,8,2,2,2,1,2,1,2,3,6,1,1,56,30,"Male","Non-Black / Non-Hispanic","South (AL, AR, DE, DC, FL, GA, KY, LA, MD, MS, NC, OK, SC, TN , TX, VA, WV)","High school diploma (Regular 12 year program)","In CBSA, not in central city","YES","3: Mother","NO","NO","NO","NO","NO","0: 0  CONDITION DOES NOT APPLY","ALWAYS WITH RIGHT HAND","ALWAYS WITH RIGHT HAND","ALWAYS WITH RIGHT HAND","ALWAYS WITH RIGHT HAND","ALWAYS WITH LEFT HAND","1: 1  CONDITION APPLIES","1: 1  CONDITION APPLIES","NO","FEMALE","MALE"
1984,64735,2,0,1,33790,5,210,1,1,5,2,4,6,2,2,2,1,1,5,5,7,1,1,34,25,"Male","Non-Black / Non-Hispanic","South (AL, AR, DE, DC, FL, GA, KY, LA, MD, MS, NC, OK, SC, TN , TX, VA, WV)","Associate/Junior college (AA)","In CBSA, not in central city","NO","3: Mother","NO","NO","NO","NO","NO","0: 0  CONDITION DOES NOT APPLY","ALWAYS WITH RIGHT HAND","ALWAYS WITH RIGHT HAND","ALWAYS WITH RIGHT HAND","ALWAYS WITH RIGHT HAND","ALWAYS WITH LEFT HAND","1: 1  CONDITION APPLIES","1: 1  CONDITION APPLIES","NO","FEMALE","FEMALE"
1981,64735,2,0,2,33790,5,182,2,1,3,3,4,4,2,1,1,1,1,6,1,8,1,1,23,22,"Female","Black","Northeast (CT, ME, MA, NH, NJ, NY, PA, RI, VT)","High school diploma (Regular 12 year program)","In CBSA, not in central city","NO","3: Mother","YES","NO","NO","NO","YES","0: 0  CONDITION DOES NOT APPLY","ALWAYS WITH RIGHT HAND","ALWAYS WITH RIGHT HAND","ALWAYS WITH RIGHT HAND","ALWAYS WITH RIGHT HAND","ALWAYS WITH LEFT HAND","1: 1  CONDITION APPLIES","1: 1  CONDITION APPLIES","NO","FEMALE","MALE"
1984,64735,5,1,2,33790,5,187,2,2,5,2,6,5,2,2,1,2,2,2,2,5,1,2,33,43,"Female","Non-Black / Non-Hispanic","North Central (IL, IN, IA, KS, MI, MN, MO, NE, OH, ND, SD, WI)","Associate/Junior college (AA)","Not in CBSA","YES","3: Mother","YES","NO","NO","NO","YES","0: 0  CONDITION DOES NOT APPLY","ALWAYS WITH RIGHT HAND","ALWAYS WITH RIGHT HAND","ALWAYS WITH RIGHT HAND","ALWAYS WITH RIGHT HAND","ALWAYS WITH LEFT HAND","1: 1  CONDITION APPLIES","1: 1  CONDITION APPLIES","NO","MALE","MALE"
1980,64735,3,1,3,33790,6,183,1,2,3,5,3,5,2,1,1,1,1,3,1,6,1,1,28,19,"Male","Non-Black / Non-Hispanic","North Central (IL, IN, IA, KS, MI, MN, MO, NE, OH, ND, SD, WI)","None","In CBSA, in central city","NO","3: Mother","YES","NO","NO","NO","YES","0: 0  CONDITION DOES NOT APPLY","ALWAYS WITH RIGHT HAND","ALWAYS WITH RIGHT HAND","ALWAYS WITH RIGHT HAND","ALWAYS WITH RIGHT HAND","ALWAYS WITH LEFT HAND","1: 1  CONDITION APPLIES","1: 1  CONDITION APPLIES","NO","FEMALE","MALE"
1986,64735,4,1,2,33790,5,185,1,1,5,4,2,3,2,2,1,2,1,4,2,7,1,1,30,20,"Male","Hispanic","South (AL, AR, DE, DC, FL, GA, KY, LA, MD, MS, NC, OK, SC, TN , TX, VA, WV)","High school diploma (Regular 12 year program)","In CBSA, in central city","NO","3: Mother","YES","YES","YES","NO","YES","0: 0  CONDITION DOES NOT APPLY","ALWAYS WITH RIGHT HAND","ALWAYS WITH RIGHT HAND","ALWAYS WITH RIGHT HAND","ALWAYS WITH RIGHT HAND","ALWAYS WITH LEFT HAND","1: 1  CONDITION APPLIES","1: 1  CONDITION APPLIES","NO","FEMALE","FEMALE"
1983,64735,4,0,4,33790,6,184,1,1,5,3,2,2,2,2,2,2,2,2,2,5,1,1,29,4,"Male","Non-Black / Non-Hispanic","West (AK, AZ, CA, CO, HI, ID, MT, NV, NM, OR, UT, WA, WY)","High school diploma (Regular 12 year program)","Not in CBSA","NO","3: Mother","YES","NO","YES","NO","NO","0: 0  CONDITION DOES NOT APPLY","ALWAYS WITH RIGHT HAND","ALWAYS WITH RIGHT HAND","ALWAYS WITH RIGHT HAND","ALWAYS WITH RIGHT HAND","ALWAYS WITH LEFT HAND","1: 1  CONDITION APPLIES","1: 1  CONDITION APPLIES","NO","FEMALE","MALE"
1983,64735,4,0,2,33790,5,181,1,3,1,5,6,5,1,2,2,2,1,5,2,6,1,1,53,29,"Female","Non-Black / Non-Hispanic","South (AL, AR, DE, DC, FL, GA, KY, LA, MD, MS, NC, OK, SC, TN , TX, VA, WV)","GED","In CBSA, not in central city","YES","3: Mother","YES","YES","NO","NO","YES","0: 0  CONDITION DOES NOT APPLY","ALWAYS WITH RIGHT HAND","ALWAYS WITH RIGHT HAND","ALWAYS WITH RIGHT HAND","ALWAYS WITH RIGHT HAND","ALWAYS WITH LEFT HAND","0: 0  CONDITION DOES NOT APPLY","1: 1  CONDITION APPLIES","NO","FEMALE","FEMALE"
1983,20750,2,0,1,33790,5,182,1,1,3,3,4,4,1,1,2,2,1,8,2,6,1,1,31,21,"Male","Non-Black / Non-Hispanic","Northeast (CT, ME, MA, NH, NJ, NY, PA, RI, VT)","Bachelor's degree (BA, BS)","In CBSA, not in central city","NO","3: Mother","YES","NO","NO","NO","YES","0: 0  CONDITION DOES NOT APPLY","ALWAYS WITH RIGHT HAND","ALWAYS WITH RIGHT HAND","ALWAYS WITH RIGHT HAND","ALWAYS WITH RIGHT HAND","ALWAYS WITH LEFT HAND","0: 0  CONDITION DOES NOT APPLY","0: 0  CONDITION DOES NOT APPLY","NO","MALE","MALE"
1983,64735,5,1,3,33790,6,186,1,2,1,4,2,4,1,2,1,2,1,4,3,5,1,1,36,24,"Female","Non-Black / Non-Hispanic","South (AL, AR, DE, DC, FL, GA, KY, LA, MD, MS, NC, OK, SC, TN , TX, VA, WV)","High school diploma (Regular 12 year program)","In CBSA, not in central city","YES","3: Mother","NO","NO","NO","NO","NO","0: 0  CONDITION DOES NOT APPLY","ALWAYS WITH RIGHT HAND","ALWAYS WITH RIGHT HAND","ALWAYS WITH RIGHT HAND","ALWAYS WITH RIGHT HAND","ALWAYS WITH LEFT HAND","1: 1  CONDITION APPLIES","1: 1  CONDITION APPLIES","NO","FEMALE","FEMALE"
1983,28500,3,1,2,33790,5,181,1,1,4,4,4,6,1,2,1,2,2,7,1,7,1,1,33,23,"Male","Hispanic","West (AK, AZ, CA, CO, HI, ID, MT, NV, NM, OR, UT, WA, WY)","High school diploma (Regular 12 year program)","In CBSA, in central city","NO","3: Mother","NO","NO","NO","NO","YES","0: 0  CONDITION DOES NOT APPLY","ALWAYS WITH RIGHT HAND","USUALLY WITH RIGHT HAND","USUALLY WITH BOTH HANDS EQUALLY","USUALLY WITH BOTH HANDS EQUALLY","ALWAYS WITH LEFT HAND","1: 1  CONDITION APPLIES","1: 1  CONDITION APPLIES","NO","FEMALE","MALE"
1985,64735,2,0,2,33790,6,185,1,1,4,4,6,3,2,3,1,2,1,3,2,7,1,1,35,50,"Male","Non-Black / Non-Hispanic","Northeast (CT, ME, MA, NH, NJ, NY, PA, RI, VT)","High school diploma (Regular 12 year program)","In CBSA, not in central city","YES","3: Mother","YES","NO","YES","NO","YES","0: 0  CONDITION DOES NOT APPLY","ALWAYS WITH RIGHT HAND","ALWAYS WITH RIGHT HAND","ALWAYS WITH RIGHT HAND","ALWAYS WITH RIGHT HAND","ALWAYS WITH LEFT HAND","0: 0  CONDITION DOES NOT APPLY","1: 1  CONDITION APPLIES","NO","FEMALE","MALE"
1983,64735,3,0,1,33790,5,183,1,1,4,5,4,5,1,2,1,2,1,6,2,6,1,1,30,18,"Female","Non-Black / Non-Hispanic","North Central (IL, IN, IA, KS, MI, MN, MO, NE, OH, ND, SD, WI)","Bachelor's degree (BA, BS)","In CBSA, in central city","NO","3: Mother","NO","NO","NO","NO","YES","0: 0  CONDITION DOES NOT APPLY","ALWAYS WITH RIGHT HAND","ALWAYS WITH RIGHT HAND","ALWAYS WITH RIGHT HAND","ALWAYS WITH RIGHT HAND","ALWAYS WITH LEFT HAND","1: 1  CONDITION APPLIES","1: 1  CONDITION APPLIES","NO","FEMALE","MALE"
1983,64735,4,1,2,33790,5,183,2,1,2,3,3,2,2,2,1,2,1,6,6,6,1,1,29,19,"Female","Black","South (AL, AR, DE, DC, FL, GA, KY, LA, MD, MS, NC, OK, SC, TN , TX, VA, WV)","None","In CBSA, in central city","NO","3: Mother","YES","NO","NO","NO","YES","0: 0  CONDITION DOES NOT APPLY","ALWAYS WITH RIGHT HAND","ALWAYS WITH RIGHT HAND","ALWAYS WITH RIGHT HAND","ALWAYS WITH RIGHT HAND","ALWAYS WITH LEFT HAND","1: 1  CONDITION APPLIES","1: 1  CONDITION APPLIES","NO","MALE","MALE"
1984,64735,2,1,1,43500,6,183,1,2,1,8,2,5,2,2,1,1,1,2,2,6,1,1,32,21,"Female","Non-Black / Non-Hispanic","South (AL, AR, DE, DC, FL, GA, KY, LA, MD, MS, NC, OK, SC, TN , TX, VA, WV)","GED","In CBSA, in central city","NO","3: Mother","NO","NO","NO","NO","YES","0: 0  CONDITION DOES NOT APPLY","ALWAYS WITH RIGHT HAND","ALWAYS WITH RIGHT HAND","ALWAYS WITH RIGHT HAND","ALWAYS WITH RIGHT HAND","ALWAYS WITH LEFT HAND","1: 1  CONDITION APPLIES","1: 1  CONDITION APPLIES","NO","MALE","FEMALE"
1982,64735,2,0,1,33790,6,183,1,1,2,4,4,4,2,2,1,2,1,9,2,7,1,1,31,25,"Female","Non-Black / Non-Hispanic","South (AL, AR, DE, DC, FL, GA, KY, LA, MD, MS, NC, OK, SC, TN , TX, VA, WV)","High school diploma (Regular 12 year program)","In CBSA, in central city","NO","3: Mother","YES","NO","NO","NO","YES","0: 0  CONDITION DOES NOT APPLY","ALWAYS WITH RIGHT HAND","ALWAYS WITH RIGHT HAND","ALWAYS WITH RIGHT HAND","ALWAYS WITH RIGHT HAND","ALWAYS WITH LEFT HAND","1: 1  CONDITION APPLIES","1: 1  CONDITION APPLIES","NO","MALE","MALE"
1981,64735,4,1,9,33790,5,183,1,2,8,3,2,3,2,2,2,2,2,3,4,6,1,1,29,15,"Male","Hispanic","South (AL, AR, DE, DC, FL, GA, KY, LA, MD, MS, NC, OK, SC, TN , TX, VA, WV)","None","In CBSA, in central city","NO","3: Mother","NO","YES","NO","NO","NO","0: 0  CONDITION DOES NOT APPLY","ALWAYS WITH RIGHT HAND","ALWAYS WITH RIGHT HAND","ALWAYS WITH RIGHT HAND","ALWAYS WITH RIGHT HAND","USUALLY WITH LEFT HAND","1: 1  CONDITION APPLIES","1: 1  CONDITION APPLIES","NO","FEMALE","FEMALE"
1983,64735,4,0,3,33790,5,180,2,1,2,2,3,1,2,2,2,2,1,4,2,6,1,1,30,22,"Female","Hispanic","South (AL, AR, DE, DC, FL, GA, KY, LA, MD, MS, NC, OK, SC, TN , TX, VA, WV)","High school diploma (Regular 12 year program)","In CBSA, in central city","NO","3: Mother","NO","NO","NO","NO","YES","0: 0  CONDITION DOES NOT APPLY","ALWAYS WITH RIGHT HAND","ALWAYS WITH LEFT HAND","ALWAYS WITH RIGHT HAND","ALWAYS WITH RIGHT HAND","ALWAYS WITH LEFT HAND","1: 1  CONDITION APPLIES","1: 1  CONDITION APPLIES","NO","MALE","MALE"
1987,64735,6,1,4,33790,5,181,1,1,5,2,2,5,2,2,2,2,2,4,6,6,1,1,33,23,"Male","Black","North Central (IL, IN, IA, KS, MI, MN, MO, NE, OH, ND, SD, WI)","GED","In CBSA, in central city","YES","3: Mother","NO","NO","YES","NO","YES","0: 0  CONDITION DOES NOT APPLY","ALWAYS WITH RIGHT HAND","ALWAYS WITH RIGHT HAND","ALWAYS WITH RIGHT HAND","ALWAYS WITH RIGHT HAND","ALWAYS WITH LEFT HAND","1: 1  CONDITION APPLIES","1: 1  CONDITION APPLIES","NO","FEMALE","FEMALE"
1982,64735,3,1,1,33790,5,184,2,1,2,1,1,2,1,1,1,1,1,2,1,8,1,1,30,20,"Male","Hispanic","West (AK, AZ, CA, CO, HI, ID, MT, NV, NM, OR, UT, WA, WY)","High school diploma (Regular 12 year program)","In CBSA, in central city","NO","3: Mother","NO","NO","NO","NO","NO","0: 0  CONDITION DOES NOT APPLY","ALWAYS WITH RIGHT HAND","ALWAYS WITH RIGHT HAND","USUALLY WITH RIGHT HAND","ALWAYS WITH RIGHT HAND","DON'T DO THIS ACTIVITY","1: 1  CONDITION APPLIES","1: 1  CONDITION APPLIES","NO","FEMALE","FEMALE"
1981,64735,6,0,1,33790,5,180,2,3,3,3,1,4,1,1,1,1,1,2,1,6,1,1,29,14,"Male","Non-Black / Non-Hispanic","Northeast (CT, ME, MA, NH, NJ, NY, PA, RI, VT)","GED","In CBSA, not in central city","NO","3: Mother","YES","YES","NO","NO","NO","0: 0  CONDITION DOES NOT APPLY","ALWAYS WITH RIGHT HAND","DON'T DO THIS ACTIVITY","ALWAYS WITH RIGHT HAND","ALWAYS WITH RIGHT HAND","ALWAYS WITH LEFT HAND","0: 0  CONDITION DOES NOT APPLY","1: 1  CONDITION APPLIES","NO","FEMALE","FEMALE"
1981,59036,4,0,3,33790,4,176,1,1,4,4,4,4,2,2,1,2,1,6,2,7,1,1,25,17,"Female","Hispanic","South (AL, AR, DE, DC, FL, GA, KY, LA, MD, MS, NC, OK, SC, TN , TX, VA, WV)","GED","In CBSA, not in central city","NO","3: Mother","NO","NO","NO","NO","YES","0: 0  CONDITION DOES NOT APPLY","ALWAYS WITH RIGHT HAND","ALWAYS WITH RIGHT HAND","ALWAYS WITH RIGHT HAND","ALWAYS WITH RIGHT HAND","ALWAYS WITH LEFT HAND","1: 1  CONDITION APPLIES","1: 1  CONDITION APPLIES","NO","MALE","MALE"
1986,64735,4,0,1,33790,6,183,2,2,3,4,3,2,2,2,2,1,1,3,2,5,1,1,86,30,"Male","Non-Black / Non-Hispanic","Northeast (CT, ME, MA, NH, NJ, NY, PA, RI, VT)","High school diploma (Regular 12 year program)","In CBSA, not in central city","YES","3: Mother","NO","NO","NO","NO","YES","0: 0  CONDITION DOES NOT APPLY","ALWAYS WITH RIGHT HAND","USUALLY WITH BOTH HANDS EQUALLY","ALWAYS WITH RIGHT HAND","ALWAYS WITH RIGHT HAND","ALWAYS WITH LEFT HAND","0: 0  CONDITION DOES NOT APPLY","1: 1  CONDITION APPLIES","NO","FEMALE","MALE"
1987,64735,3,1,1,33790,6,182,1,2,4,3,2,4,2,1,2,1,1,4,3,6,1,1,31,18,"Female","Non-Black / Non-Hispanic","West (AK, AZ, CA, CO, HI, ID, MT, NV, NM, OR, UT, WA, WY)","High school diploma (Regular 12 year program)","In CBSA, in central city","NO","3: Mother","YES","NO","NO","NO","YES","0: 0  CONDITION DOES NOT APPLY","ALWAYS WITH RIGHT HAND","ALWAYS WITH RIGHT HAND","ALWAYS WITH RIGHT HAND","ALWAYS WITH RIGHT HAND","ALWAYS WITH LEFT HAND","0: 0  CONDITION DOES NOT APPLY","1: 1  CONDITION APPLIES","NO","MALE","MALE"
1985,64735,5,0,1,33790,5,182,1,2,1,5,2,6,2,2,1,2,1,6,2,7,6,1,32,23,"Female","Hispanic","Northeast (CT, ME, MA, NH, NJ, NY, PA, RI, VT)","Bachelor's degree (BA, BS)","In CBSA, in central city","NO","3: Mother","YES","YES","YES","NO","YES","0: 0  CONDITION DOES NOT APPLY","ALWAYS WITH RIGHT HAND","ALWAYS WITH RIGHT HAND","ALWAYS WITH RIGHT HAND","ALWAYS WITH RIGHT HAND","ALWAYS WITH RIGHT HAND","1: 1  CONDITION APPLIES","1: 1  CONDITION APPLIES","NO","MALE","MALE"
1980,64735,5,0,1,33790,5,184,2,3,3,3,3,2,2,2,2,1,1,7,2,7,1,1,31,21,"Female","Black","South (AL, AR, DE, DC, FL, GA, KY, LA, MD, MS, NC, OK, SC, TN , TX, VA, WV)","High school diploma (Regular 12 year program)","In CBSA, not in central city","NO","3: Mother","NO","NO","NO","NO","NO","0: 0  CONDITION DOES NOT APPLY","ALWAYS WITH RIGHT HAND","ALWAYS WITH RIGHT HAND","ALWAYS WITH RIGHT HAND","ALWAYS WITH RIGHT HAND","ALWAYS WITH LEFT HAND","1: 1  CONDITION APPLIES","1: 1  CONDITION APPLIES","NO","MALE","FEMALE"
1984,64735,3,0,4,33790,5,140,3,2,2,5,2,2,2,2,2,1,1,6,1,7,1,1,29,31,"Female","Non-Black / Non-Hispanic","South (AL, AR, DE, DC, FL, GA, KY, LA, MD, MS, NC, OK, SC, TN , TX, VA, WV)","None","In CBSA, not in central city","NO","3: Mother","NO","YES","YES","NO","NO","0: 0  CONDITION DOES NOT APPLY","ALWAYS WITH RIGHT HAND","ALWAYS WITH RIGHT HAND","ALWAYS WITH RIGHT HAND","ALWAYS WITH RIGHT HAND","ALWAYS WITH LEFT HAND","1: 1  CONDITION APPLIES","1: 1  CONDITION APPLIES","NO","FEMALE","FEMALE"
1982,64735,3,1,3,33790,5,182,2,1,2,3,2,4,2,2,1,1,1,6,4,7,1,1,28,19,"Male","Non-Black / Non-Hispanic","South (AL, AR, DE, DC, FL, GA, KY, LA, MD, MS, NC, OK, SC, TN , TX, VA, WV)","Associate/Junior college (AA)","Not in CBSA","NO","3: Mother","YES","NO","NO","NO","NO","0: 0  CONDITION DOES NOT APPLY","ALWAYS WITH RIGHT HAND","ALWAYS WITH RIGHT HAND","ALWAYS WITH RIGHT HAND","ALWAYS WITH RIGHT HAND","ALWAYS WITH LEFT HAND","1: 1  CONDITION APPLIES","1: 1  CONDITION APPLIES","NO","MALE","MALE"
1984,64735,3,0,2,33790,5,185,1,1,1,3,5,3,1,2,1,2,1,3,2,7,1,1,35,20,"Male","Non-Black / Non-Hispanic","Northeast (CT, ME, MA, NH, NJ, NY, PA, RI, VT)","High school diploma (Regular 12 year program)","In CBSA, in central city","YES","3: Mother","NO","NO","NO","NO","YES","0: 0  CONDITION DOES NOT APPLY","DON'T DO THIS ACTIVITY","ALWAYS WITH RIGHT HAND","ALWAYS WITH RIGHT HAND","ALWAYS WITH RIGHT HAND","ALWAYS WITH LEFT HAND","1: 1  CONDITION APPLIES","0: 0  CONDITION DOES NOT APPLY","NO","MALE","MALE"
1980,64735,4,1,1,33790,5,183,1,1,3,5,2,3,2,2,1,2,1,4,3,7,1,1,32,22,"Male","Hispanic","South (AL, AR, DE, DC, FL, GA, KY, LA, MD, MS, NC, OK, SC, TN , TX, VA, WV)","High school diploma (Regular 12 year program)","In CBSA, not in central city","NO","3: Mother","YES","NO","NO","NO","YES","0: 0  CONDITION DOES NOT APPLY","ALWAYS WITH RIGHT HAND","ALWAYS WITH RIGHT HAND","ALWAYS WITH RIGHT HAND","ALWAYS WITH RIGHT HAND","ALWAYS WITH LEFT HAND","1: 1  CONDITION APPLIES","1: 1  CONDITION APPLIES","NO","FEMALE","MALE"
1984,64735,4,0,2,33790,5,184,1,1,3,4,3,3,1,2,2,2,1,6,3,8,1,1,28,19,"Female","Hispanic","South (AL, AR, DE, DC, FL, GA, KY, LA, MD, MS, NC, OK, SC, TN , TX, VA, WV)","Professional degree (DDS, JD, MD)","In CBSA, in central city","NO","3: Mother","NO","NO","NO","NO","NO","0: 0  CONDITION DOES NOT APPLY","ALWAYS WITH RIGHT HAND","ALWAYS WITH LEFT HAND","ALWAYS WITH LEFT HAND","ALWAYS WITH LEFT HAND","ALWAYS WITH LEFT HAND","1: 1  CONDITION APPLIES","1: 1  CONDITION APPLIES","YES","FEMALE","MALE"
1982,64735,4,1,1,33790,5,181,1,2,5,3,1,5,1,1,1,2,1,6,3,6,1,2,30,21,"Male","Hispanic","Northeast (CT, ME, MA, NH, NJ, NY, PA, RI, VT)","GED","In CBSA, in central city","NO","3: Mother","YES","NO","YES","NO","YES","0: 0  CONDITION DOES NOT APPLY","ALWAYS WITH RIGHT HAND","ALWAYS WITH RIGHT HAND","ALWAYS WITH RIGHT HAND","ALWAYS WITH LEFT HAND","ALWAYS WITH RIGHT HAND","1: 1  CONDITION APPLIES","1: 1  CONDITION APPLIES","NO","FEMALE","FEMALE"
1984,90544,3,1,2,33790,5,183,1,1,3,4,2,2,2,2,1,2,1,6,5,7,1,1,32,25,"Female","Non-Black / Non-Hispanic","West (AK, AZ, CA, CO, HI, ID, MT, NV, NM, OR, UT, WA, WY)","High school diploma (Regular 12 year program)","In CBSA, in central city","NO","3: Mother","YES","NO","NO","NO","YES","0: 0  CONDITION DOES NOT APPLY","ALWAYS WITH RIGHT HAND","DON'T DO THIS ACTIVITY","ALWAYS WITH RIGHT HAND","ALWAYS WITH RIGHT HAND","ALWAYS WITH LEFT HAND","1: 1  CONDITION APPLIES","1: 1  CONDITION APPLIES","NO","FEMALE","MALE"
1984,64735,3,1,1,33790,5,182,1,2,1,3,5,3,2,2,1,2,1,5,2,7,1,1,30,20,"Female","Hispanic","South (AL, AR, DE, DC, FL, GA, KY, LA, MD, MS, NC, OK, SC, TN , TX, VA, WV)","High school diploma (Regular 12 year program)","In CBSA, not in central city","NO","3: Mother","YES","NO","NO","NO","NO","0: 0  CONDITION DOES NOT APPLY","ALWAYS WITH RIGHT HAND","ALWAYS WITH RIGHT HAND","ALWAYS WITH RIGHT HAND","ALWAYS WITH RIGHT HAND","ALWAYS WITH LEFT HAND","1: 1  CONDITION APPLIES","1: 1  CONDITION APPLIES","NO","MALE","MALE"
1981,64735,4,1,1,33790,5,182,1,1,7,4,3,4,2,2,1,2,1,5,4,7,1,1,29,18,"Male","Non-Black / Non-Hispanic","North Central (IL, IN, IA, KS, MI, MN, MO, NE, OH, ND, SD, WI)","Professional degree (DDS, JD, MD)","In CBSA, not in central city","NO","3: Mother","YES","NO","YES","NO","YES","0: 0  CONDITION DOES NOT APPLY","ALWAYS WITH RIGHT HAND","DON'T DO THIS ACTIVITY","ALWAYS WITH RIGHT HAND","DON'T DO THIS ACTIVITY","ALWAYS WITH LEFT HAND","1: 1  CONDITION APPLIES","1: 1  CONDITION APPLIES","NO","FEMALE","MALE"
1980,97260,2,1,1,33790,6,190,2,1,2,4,2,3,2,2,1,2,1,9,4,4,1,1,60,31,"Male","Non-Black / Non-Hispanic","South (AL, AR, DE, DC, FL, GA, KY, LA, MD, MS, NC, OK, SC, TN , TX, VA, WV)","High school diploma (Regular 12 year program)","In CBSA, not in central city","YES","3: Mother","YES","NO","YES","NO","YES","0: 0  CONDITION DOES NOT APPLY","ALWAYS WITH RIGHT HAND","ALWAYS WITH RIGHT HAND","ALWAYS WITH RIGHT HAND","ALWAYS WITH RIGHT HAND","ALWAYS WITH LEFT HAND","1: 1  CONDITION APPLIES","1: 1  CONDITION APPLIES","NO","FEMALE","MALE"
1981,64735,2,0,1,33790,5,183,1,1,3,6,2,2,2,2,1,2,1,6,7,8,1,1,31,22,"Female","Non-Black / Non-Hispanic","North Central (IL, IN, IA, KS, MI, MN, MO, NE, OH, ND, SD, WI)","Associate/Junior college (AA)","In CBSA, not in central city","NO","3: Mother","YES","NO","YES","NO","NO","0: 0  CONDITION DOES NOT APPLY","ALWAYS WITH LEFT HAND","ALWAYS WITH LEFT HAND","ALWAYS WITH LEFT HAND","ALWAYS WITH LEFT HAND","ALWAYS WITH RIGHT HAND","1: 1  CONDITION APPLIES","1: 1  CONDITION APPLIES","NO","MALE","MALE"
1981,64735,4,1,3,33790,5,182,2,1,3,4,2,3,2,2,1,2,1,6,5,7,1,1,29,22,"Female","Hispanic","South (AL, AR, DE, DC, FL, GA, KY, LA, MD, MS, NC, OK, SC, TN , TX, VA, WV)","High school diploma (Regular 12 year program)","In CBSA, not in central city","NO","3: Mother","NO","NO","NO","NO","YES","0: 0  CONDITION DOES NOT APPLY","ALWAYS WITH RIGHT HAND","ALWAYS WITH RIGHT HAND","ALWAYS WITH RIGHT HAND","ALWAYS WITH RIGHT HAND","ALWAYS WITH LEFT HAND","1: 1  CONDITION APPLIES","1: 1  CONDITION APPLIES","NO","FEMALE","MALE"
1984,180005,3,2,2,33790,5,184,1,1,2,4,2,2,2,2,1,2,2,3,3,7,1,1,29,21,"Male","Non-Black / Non-Hispanic","Northeast (CT, ME, MA, NH, NJ, NY, PA, RI, VT)","High school diploma (Regular 12 year program)","In CBSA, not in central city","NO","3: Mother","YES","NO","NO","NO","YES","0: 0  CONDITION DOES NOT APPLY","ALWAYS WITH RIGHT HAND","ALWAYS WITH RIGHT HAND","ALWAYS WITH RIGHT HAND","ALWAYS WITH RIGHT HAND","ALWAYS WITH LEFT HAND","1: 1  CONDITION APPLIES","1: 1  CONDITION APPLIES","NO","FEMALE","FEMALE"
1983,64735,3,1,1,33790,5,182,2,1,3,5,7,1,2,2,2,2,1,6,2,6,1,1,50,26,"Female","Non-Black / Non-Hispanic","South (AL, AR, DE, DC, FL, GA, KY, LA, MD, MS, NC, OK, SC, TN , TX, VA, WV)","Bachelor's degree (BA, BS)","In CBSA, not in central city","YES","3: Mother","YES","NO","NO","NO","YES","0: 0  CONDITION DOES NOT APPLY","ALWAYS WITH RIGHT HAND","ALWAYS WITH RIGHT HAND","ALWAYS WITH RIGHT HAND","ALWAYS WITH RIGHT HAND","ALWAYS WITH LEFT HAND","0: 0  CONDITION DOES NOT APPLY","1: 1  CONDITION APPLIES","YES","FEMALE","MALE"
1980,64735,4,0,1,33790,5,184,1,2,1,4,3,1,2,2,1,2,1,3,2,5,1,1,31,22,"Male","Black","North Central (IL, IN, IA, KS, MI, MN, MO, NE, OH, ND, SD, WI)","High school diploma (Regular 12 year program)","In CBSA, not in central city","NO","3: Mother","NO","NO","NO","NO","YES","0: 0  CONDITION DOES NOT APPLY","ALWAYS WITH LEFT HAND","ALWAYS WITH RIGHT HAND","ALWAYS WITH RIGHT HAND","ALWAYS WITH RIGHT HAND","ALWAYS WITH LEFT HAND","1: 1  CONDITION APPLIES","1: 1  CONDITION APPLIES","NO","FEMALE","MALE"
1984,64735,1,0,2,33790,5,182,1,2,6,3,4,1,2,2,2,2,2,1,1,8,1,1,31,25,"Male","Hispanic","Northeast (CT, ME, MA, NH, NJ, NY, PA, RI, VT)","High school diploma (Regular 12 year program)","In CBSA, not in central city","NO","3: Mother","NO","NO","NO","NO","YES","0: 0  CONDITION DOES NOT APPLY","ALWAYS WITH RIGHT HAND","DON'T DO THIS ACTIVITY","ALWAYS WITH RIGHT HAND","DON'T DO THIS ACTIVITY","ALWAYS WITH LEFT HAND","1: 1  CONDITION APPLIES","1: 1  CONDITION APPLIES","NO","FEMALE","MALE"
1981,64735,3,0,1,33790,5,185,1,2,5,3,2,3,2,2,1,2,1,7,5,7,1,1,29,21,"Male","Non-Black / Non-Hispanic","South (AL, AR, DE, DC, FL, GA, KY, LA, MD, MS, NC, OK, SC, TN , TX, VA, WV)","High school diploma (Regular 12 year program)","In CBSA, in central city","NO","3: Mother","NO","NO","NO","NO","NO","0: 0  CONDITION DOES NOT APPLY","ALWAYS WITH RIGHT HAND","ALWAYS WITH RIGHT HAND","ALWAYS WITH RIGHT HAND","ALWAYS WITH RIGHT HAND","ALWAYS WITH LEFT HAND","1: 1  CONDITION APPLIES","1: 1  CONDITION APPLIES","NO","FEMALE","MALE"
1981,64735,4,0,3,33790,5,180,1,1,5,4,6,2,2,2,2,2,1,7,5,6,1,1,27,19,"Female","Non-Black / Non-Hispanic","North Central (IL, IN, IA, KS, MI, MN, MO, NE, OH, ND, SD, WI)","Bachelor's degree (BA, BS)","In CBSA, not in central city","NO","3: Mother","YES","NO","YES","NO","NO","0: 0  CONDITION DOES NOT APPLY","ALWAYS WITH RIGHT HAND","USUALLY WITH RIGHT HAND","ALWAYS WITH RIGHT HAND","ALWAYS WITH RIGHT HAND","ALWAYS WITH LEFT HAND","1: 1  CONDITION APPLIES","1: 1  CONDITION APPLIES","NO","MALE","MALE"
1983,64735,3,1,3,33790,5,183,1,1,5,4,6,1,2,2,2,2,1,5,2,6,1,1,29,21,"Female","Non-Black / Non-Hispanic","North Central (IL, IN, IA, KS, MI, MN, MO, NE, OH, ND, SD, WI)","Professional degree (DDS, JD, MD)","In CBSA, in central city","NO","3: Mother","YES","NO","NO","NO","YES","0: 0  CONDITION DOES NOT APPLY","ALWAYS WITH RIGHT HAND","ALWAYS WITH RIGHT HAND","ALWAYS WITH RIGHT HAND","ALWAYS WITH RIGHT HAND","ALWAYS WITH LEFT HAND","1: 1  CONDITION APPLIES","1: 1  CONDITION APPLIES","NO","FEMALE","MALE"
1982,64735,3,1,3,33790,5,179,1,1,3,4,3,6,2,1,1,2,1,7,2,5,1,1,29,21,"Female","Non-Black / Non-Hispanic","North Central (IL, IN, IA, KS, MI, MN, MO, NE, OH, ND, SD, WI)","Master's degree (MA, MS)","In CBSA, not in central city","NO","3: Mother","YES","YES","NO","NO","YES","0: 0  CONDITION DOES NOT APPLY","ALWAYS WITH RIGHT HAND","USUALLY WITH RIGHT HAND","DON'T DO THIS ACTIVITY","ALWAYS WITH RIGHT HAND","ALWAYS WITH RIGHT HAND","0: 0  CONDITION DOES NOT APPLY","1: 1  CONDITION APPLIES","NO","MALE","MALE"
1980,78000,3,1,1,33790,5,150,1,2,1,4,4,4,2,2,1,1,1,4,2,7,1,1,27,18,"Female","Non-Black / Non-Hispanic","South (AL, AR, DE, DC, FL, GA, KY, LA, MD, MS, NC, OK, SC, TN , TX, VA, WV)","GED","In CBSA, not in central city","NO","3: Mother","NO","YES","NO","NO","YES","0: 0  CONDITION DOES NOT APPLY","ALWAYS WITH RIGHT HAND","ALWAYS WITH RIGHT HAND","ALWAYS WITH RIGHT HAND","ALWAYS WITH RIGHT HAND","ALWAYS WITH LEFT HAND","1: 1  CONDITION APPLIES","1: 1  CONDITION APPLIES","NO","MALE","FEMALE"
1984,64735,3,1,3,33790,5,182,1,1,2,3,6,4,2,2,1,2,1,1,6,6,1,1,31,22,"Female","Black","Northeast (CT, ME, MA, NH, NJ, NY, PA, RI, VT)","Bachelor's degree (BA, BS)","In CBSA, not in central city","NO","3: Mother","YES","NO","NO","NO","YES","0: 0  CONDITION DOES NOT APPLY","ALWAYS WITH RIGHT HAND","ALWAYS WITH RIGHT HAND","USUALLY WITH BOTH HANDS EQUALLY","ALWAYS WITH RIGHT HAND","USUALLY WITH BOTH HANDS EQUALLY","1: 1  CONDITION APPLIES","1: 1  CONDITION APPLIES","NO","FEMALE","FEMALE"
1983,64735,2,1,3,33790,5,180,2,1,2,1,6,4,2,2,2,2,1,6,3,8,1,2,27,18,"Male","Non-Black / Non-Hispanic","South (AL, AR, DE, DC, FL, GA, KY, LA, MD, MS, NC, OK, SC, TN , TX, VA, WV)","Bachelor's degree (BA, BS)","In CBSA, not in central city","NO","3: Mother","NO","YES","NO","NO","YES","0: 0  CONDITION DOES NOT APPLY","USUALLY WITH RIGHT HAND","ALWAYS WITH RIGHT HAND","ALWAYS WITH RIGHT HAND","USUALLY WITH RIGHT HAND","ALWAYS WITH LEFT HAND","1: 1  CONDITION APPLIES","1: 1  CONDITION APPLIES","NO","FEMALE","MALE"
1980,64735,3,0,3,33790,5,185,1,2,1,3,2,3,2,2,1,1,1,3,2,7,1,1,34,21,"Female","Black","South (AL, AR, DE, DC, FL, GA, KY, LA, MD, MS, NC, OK, SC, TN , TX, VA, WV)","High school diploma (Regular 12 year program)","In CBSA, not in central city","NO","3: Mother","NO","YES","NO","NO","YES","0: 0  CONDITION DOES NOT APPLY","ALWAYS WITH RIGHT HAND","ALWAYS WITH RIGHT HAND","ALWAYS WITH RIGHT HAND","ALWAYS WITH RIGHT HAND","ALWAYS WITH LEFT HAND","1: 1  CONDITION APPLIES","1: 1  CONDITION APPLIES","YES","MALE","MALE"
1982,64735,3,1,1,33790,5,184,1,1,2,3,3,5,2,1,1,2,1,6,1,7,6,1,27,20,"Male","Non-Black / Non-Hispanic","North Central (IL, IN, IA, KS, MI, MN, MO, NE, OH, ND, SD, WI)","High school diploma (Regular 12 year program)","In CBSA, not in central city","NO","3: Mother","NO","NO","NO","NO","NO","0: 0  CONDITION DOES NOT APPLY","ALWAYS WITH RIGHT HAND","ALWAYS WITH RIGHT HAND","ALWAYS WITH RIGHT HAND","ALWAYS WITH RIGHT HAND","ALWAYS WITH LEFT HAND","1: 1  CONDITION APPLIES","0: 0  CONDITION DOES NOT APPLY","NO","MALE","FEMALE"
1984,64735,4,0,1,33790,5,182,1,3,1,4,2,3,2,2,1,2,1,5,2,8,1,1,28,19,"Female","Hispanic","West (AK, AZ, CA, CO, HI, ID, MT, NV, NM, OR, UT, WA, WY)","Professional degree (DDS, JD, MD)","In CBSA, not in central city","NO","3: Mother","YES","NO","NO","NO","YES","0: 0  CONDITION DOES NOT APPLY","ALWAYS WITH RIGHT HAND","ALWAYS WITH RIGHT HAND","ALWAYS WITH RIGHT HAND","ALWAYS WITH RIGHT HAND","ALWAYS WITH LEFT HAND","1: 1  CONDITION APPLIES","1: 1  CONDITION APPLIES","YES","FEMALE","MALE"
1982,64735,4,1,1,33790,5,183,1,1,2,4,3,4,2,2,1,2,1,2,2,8,1,1,25,12,"Female","Black","South (AL, AR, DE, DC, FL, GA, KY, LA, MD, MS, NC, OK, SC, TN , TX, VA, WV)","Associate/Junior college (AA)","In CBSA, not in central city","YES","3: Mother","YES","NO","YES","NO","YES","0: 0  CONDITION DOES NOT APPLY","ALWAYS WITH RIGHT HAND","ALWAYS WITH RIGHT HAND","ALWAYS WITH RIGHT HAND","ALWAYS WITH RIGHT HAND","ALWAYS WITH LEFT HAND","1: 1  CONDITION APPLIES","1: 1  CONDITION APPLIES","NO","MALE","MALE"
1982,64735,4,0,1,33790,5,183,1,2,3,4,3,3,1,2,1,2,1,3,3,9,1,1,31,18,"Female","Non-Black / Non-Hispanic","South (AL, AR, DE, DC, FL, GA, KY, LA, MD, MS, NC, OK, SC, TN , TX, VA, WV)","Bachelor's degree (BA, BS)","In CBSA, not in central city","NO","3: Mother","YES","NO","NO","NO","YES","0: 0  CONDITION DOES NOT APPLY","ALWAYS WITH RIGHT HAND","ALWAYS WITH RIGHT HAND","ALWAYS WITH RIGHT HAND","ALWAYS WITH RIGHT HAND","ALWAYS WITH LEFT HAND","1: 1  CONDITION APPLIES","1: 1  CONDITION APPLIES","NO","MALE","MALE"
1984,86000,4,0,1,33790,5,183,1,2,4,4,5,5,2,2,2,2,2,2,4,7,1,1,32,25,"Male","Hispanic","South (AL, AR, DE, DC, FL, GA, KY, LA, MD, MS, NC, OK, SC, TN , TX, VA, WV)","GED","In CBSA, in central city","YES","3: Mother","YES","NO","NO","NO","NO","0: 0  CONDITION DOES NOT APPLY","ALWAYS WITH RIGHT HAND","ALWAYS WITH RIGHT HAND","ALWAYS WITH RIGHT HAND","ALWAYS WITH RIGHT HAND","ALWAYS WITH LEFT HAND","0: 0  CONDITION DOES NOT APPLY","1: 1  CONDITION APPLIES","YES","FEMALE","FEMALE"
1981,64735,4,1,1,33790,5,179,1,1,2,3,5,3,2,2,1,2,2,6,2,7,1,1,30,21,"Female","Hispanic","West (AK, AZ, CA, CO, HI, ID, MT, NV, NM, OR, UT, WA, WY)","None","In CBSA, not in central city","NO","3: Mother","YES","NO","NO","NO","NO","0: 0  CONDITION DOES NOT APPLY","ALWAYS WITH RIGHT HAND","ALWAYS WITH RIGHT HAND","ALWAYS WITH RIGHT HAND","ALWAYS WITH RIGHT HAND","ALWAYS WITH LEFT HAND","1: 1  CONDITION APPLIES","1: 1  CONDITION APPLIES","YES","FEMALE","FEMALE"
1985,64735,4,0,1,33790,5,116,1,2,2,3,4,5,2,1,1,2,1,6,3,6,1,1,60,27,"Female","Non-Black / Non-Hispanic","South (AL, AR, DE, DC, FL, GA, KY, LA, MD, MS, NC, OK, SC, TN , TX, VA, WV)","High school diploma (Regular 12 year program)","In CBSA, not in central city","YES","3: Mother","NO","NO","NO","NO","NO","0: 0  CONDITION DOES NOT APPLY","ALWAYS WITH RIGHT HAND","ALWAYS WITH RIGHT HAND","USUALLY WITH RIGHT HAND","ALWAYS WITH RIGHT HAND","ALWAYS WITH LEFT HAND","1: 1  CONDITION APPLIES","1: 1  CONDITION APPLIES","NO","FEMALE","FEMALE"
1984,64735,2,0,1,33790,6,186,1,1,2,4,1,2,2,2,1,2,1,9,7,6,1,1,35,25,"Male","Non-Black / Non-Hispanic","South (AL, AR, DE, DC, FL, GA, KY, LA, MD, MS, NC, OK, SC, TN , TX, VA, WV)","Bachelor's degree (BA, BS)","In CBSA, not in central city","NO","3: Mother","YES","YES","NO","NO","YES","0: 0  CONDITION DOES NOT APPLY","ALWAYS WITH RIGHT HAND","ALWAYS WITH RIGHT HAND","ALWAYS WITH RIGHT HAND","ALWAYS WITH RIGHT HAND","ALWAYS WITH LEFT HAND","1: 1  CONDITION APPLIES","1: 1  CONDITION APPLIES","NO","FEMALE","MALE"
1981,64735,2,0,1,33790,5,183,1,1,1,4,2,4,2,2,1,2,1,2,4,8,1,1,34,21,"Female","Non-Black / Non-Hispanic","Northeast (CT, ME, MA, NH, NJ, NY, PA, RI, VT)","Bachelor's degree (BA, BS)","In CBSA, in central city","NO","3: Mother","NO","NO","NO","NO","YES","0: 0  CONDITION DOES NOT APPLY","ALWAYS WITH RIGHT HAND","ALWAYS WITH RIGHT HAND","ALWAYS WITH RIGHT HAND","ALWAYS WITH RIGHT HAND","ALWAYS WITH LEFT HAND","1: 1  CONDITION APPLIES","1: 1  CONDITION APPLIES","NO","MALE","FEMALE"
1984,64735,4,1,2,33790,5,182,1,1,3,1,5,4,1,2,2,2,2,5,2,6,1,1,31,21,"Female","Black","Northeast (CT, ME, MA, NH, NJ, NY, PA, RI, VT)","None","In CBSA, in central city","NO","3: Mother","YES","YES","NO","NO","YES","0: 0  CONDITION DOES NOT APPLY","ALWAYS WITH RIGHT HAND","USUALLY WITH BOTH HANDS EQUALLY","ALWAYS WITH RIGHT HAND","ALWAYS WITH RIGHT HAND","ALWAYS WITH LEFT HAND","1: 1  CONDITION APPLIES","1: 1  CONDITION APPLIES","NO","FEMALE","FEMALE"
1980,64735,3,1,1,29000,5,182,1,2,1,2,5,2,1,2,1,1,1,6,2,6,1,1,31,23,"Female","Non-Black / Non-Hispanic","South (AL, AR, DE, DC, FL, GA, KY, LA, MD, MS, NC, OK, SC, TN , TX, VA, WV)","Bachelor's degree (BA, BS)","In CBSA, in central city","NO","3: Mother","YES","NO","NO","NO","NO","0: 0  CONDITION DOES NOT APPLY","ALWAYS WITH RIGHT HAND","ALWAYS WITH RIGHT HAND","ALWAYS WITH RIGHT HAND","ALWAYS WITH RIGHT HAND","ALWAYS WITH LEFT HAND","1: 1  CONDITION APPLIES","1: 1  CONDITION APPLIES","NO","MALE","MALE"
1982,64735,3,2,2,33790,5,183,2,1,4,4,5,3,1,2,1,1,2,4,3,7,1,1,28,20,"Male","Hispanic","North Central (IL, IN, IA, KS, MI, MN, MO, NE, OH, ND, SD, WI)","High school diploma (Regular 12 year program)","In CBSA, not in central city","NO","3: Mother","YES","NO","YES","NO","YES","0: 0  CONDITION DOES NOT APPLY","ALWAYS WITH RIGHT HAND","ALWAYS WITH RIGHT HAND","ALWAYS WITH RIGHT HAND","ALWAYS WITH RIGHT HAND","ALWAYS WITH LEFT HAND","1: 1  CONDITION APPLIES","1: 1  CONDITION APPLIES","NO","FEMALE","MALE"
1981,64735,4,1,2,33790,5,182,1,2,3,3,6,4,2,2,1,1,1,6,1,6,1,1,31,19,"Female","Non-Black / Non-Hispanic","Northeast (CT, ME, MA, NH, NJ, NY, PA, RI, VT)","High school diploma (Regular 12 year program)","In CBSA, not in central city","NO","3: Mother","YES","NO","NO","NO","YES","0: 0  CONDITION DOES NOT APPLY","ALWAYS WITH RIGHT HAND","ALWAYS WITH RIGHT HAND","ALWAYS WITH RIGHT HAND","ALWAYS WITH RIGHT HAND","ALWAYS WITH LEFT HAND","1: 1  CONDITION APPLIES","1: 1  CONDITION APPLIES","NO","MALE","FEMALE"
1985,64735,3,0,1,33790,5,181,1,1,3,2,2,4,2,2,2,2,1,5,1,7,1,1,45,60,"Female","Black","South (AL, AR, DE, DC, FL, GA, KY, LA, MD, MS, NC, OK, SC, TN , TX, VA, WV)","Associate/Junior college (AA)","In CBSA, not in central city","YES","3: Mother","YES","NO","YES","NO","YES","0: 0  CONDITION DOES NOT APPLY","USUALLY WITH RIGHT HAND","ALWAYS WITH RIGHT HAND","ALWAYS WITH RIGHT HAND","ALWAYS WITH RIGHT HAND","ALWAYS WITH LEFT HAND","1: 1  CONDITION APPLIES","1: 1  CONDITION APPLIES","YES","FEMALE","MALE"
1986,64735,1,0,1,33790,5,183,1,1,4,6,5,5,2,2,1,2,2,7,1,7,1,1,31,21,"Female","Non-Black / Non-Hispanic","South (AL, AR, DE, DC, FL, GA, KY, LA, MD, MS, NC, OK, SC, TN , TX, VA, WV)","Bachelor's degree (BA, BS)","In CBSA, in central city","YES","3: Mother","NO","NO","NO","NO","NO","0: 0  CONDITION DOES NOT APPLY","ALWAYS WITH LEFT HAND","ALWAYS WITH RIGHT HAND","ALWAYS WITH RIGHT HAND","ALWAYS WITH RIGHT HAND","ALWAYS WITH LEFT HAND","1: 1  CONDITION APPLIES","1: 1  CONDITION APPLIES","NO","MALE","MALE"
1982,64735,4,1,1,33790,5,181,1,2,2,4,1,4,1,2,2,2,1,2,2,8,1,1,33,21,"Female","Hispanic","West (AK, AZ, CA, CO, HI, ID, MT, NV, NM, OR, UT, WA, WY)","High school diploma (Regular 12 year program)","In CBSA, in central city","NO","3: Mother","YES","YES","NO","NO","YES","0: 0  CONDITION DOES NOT APPLY","ALWAYS WITH RIGHT HAND","ALWAYS WITH RIGHT HAND","ALWAYS WITH RIGHT HAND","ALWAYS WITH RIGHT HAND","ALWAYS WITH LEFT HAND","0: 0  CONDITION DOES NOT APPLY","1: 1  CONDITION APPLIES","YES","FEMALE","MALE"
1983,46122,2,1,2,33790,5,182,1,1,3,4,2,1,2,2,2,2,1,4,2,8,1,1,30,21,"Female","Black","South (AL, AR, DE, DC, FL, GA, KY, LA, MD, MS, NC, OK, SC, TN , TX, VA, WV)","High school diploma (Regular 12 year program)","In CBSA, not in central city","NO","3: Mother","YES","NO","NO","NO","YES","0: 0  CONDITION DOES NOT APPLY","ALWAYS WITH LEFT HAND","ALWAYS WITH LEFT HAND","ALWAYS WITH LEFT HAND","ALWAYS WITH LEFT HAND","ALWAYS WITH LEFT HAND","0: 0  CONDITION DOES NOT APPLY","1: 1  CONDITION APPLIES","NO","MALE","MALE"
1982,64735,3,0,4,33790,5,185,1,2,4,4,8,9,2,1,2,2,2,3,4,5,1,1,35,19,"Male","Hispanic","West (AK, AZ, CA, CO, HI, ID, MT, NV, NM, OR, UT, WA, WY)","GED","In CBSA, in central city","NO","3: Mother","YES","YES","NO","NO","YES","0: 0  CONDITION DOES NOT APPLY","ALWAYS WITH RIGHT HAND","ALWAYS WITH RIGHT HAND","USUALLY WITH RIGHT HAND","ALWAYS WITH RIGHT HAND","ALWAYS WITH LEFT HAND","1: 1  CONDITION APPLIES","1: 1  CONDITION APPLIES","NO","FEMALE","FEMALE"
1983,64735,4,0,3,33790,4,176,1,2,3,4,3,2,1,2,1,2,1,7,1,9,1,1,30,24,"Female","Black","South (AL, AR, DE, DC, FL, GA, KY, LA, MD, MS, NC, OK, SC, TN , TX, VA, WV)","None","In CBSA, in central city","NO","3: Mother","NO","YES","NO","NO","NO","0: 0  CONDITION DOES NOT APPLY","ALWAYS WITH RIGHT HAND","ALWAYS WITH RIGHT HAND","ALWAYS WITH RIGHT HAND","ALWAYS WITH RIGHT HAND","ALWAYS WITH LEFT HAND","1: 1  CONDITION APPLIES","1: 1  CONDITION APPLIES","NO","MALE","FEMALE"
1987,64735,4,0,2,33790,5,185,2,1,4,2,3,4,2,1,1,2,1,6,3,5,1,1,32,26,"Male","Hispanic","South (AL, AR, DE, DC, FL, GA, KY, LA, MD, MS, NC, OK, SC, TN , TX, VA, WV)","High school diploma (Regular 12 year program)","In CBSA, not in central city","YES","3: Mother","YES","YES","NO","NO","NO","0: 0  CONDITION DOES NOT APPLY","ALWAYS WITH RIGHT HAND","ALWAYS WITH RIGHT HAND","ALWAYS WITH RIGHT HAND","ALWAYS WITH RIGHT HAND","ALWAYS WITH LEFT HAND","1: 1  CONDITION APPLIES","1: 1  CONDITION APPLIES","NO","FEMALE","MALE"
1980,64735,2,0,3,33790,5,183,1,1,6,3,4,4,2,2,1,1,1,4,2,7,1,1,30,22,"Female","Black","West (AK, AZ, CA, CO, HI, ID, MT, NV, NM, OR, UT, WA, WY)","High school diploma (Regular 12 year program)","In CBSA, in central city","NO","3: Mother","YES","NO","YES","NO","NO","0: 0  CONDITION DOES NOT APPLY","ALWAYS WITH RIGHT HAND","ALWAYS WITH RIGHT HAND","ALWAYS WITH RIGHT HAND","ALWAYS WITH RIGHT HAND","ALWAYS WITH LEFT HAND","1: 1  CONDITION APPLIES","1: 1  CONDITION APPLIES","NO","FEMALE","FEMALE"
1982,64735,10,3,2,33790,5,182,1,1,1,4,7,4,2,2,2,2,1,2,3,6,1,1,27,15,"Male","Hispanic","West (AK, AZ, CA, CO, HI, ID, MT, NV, NM, OR, UT, WA, WY)","GED","In CBSA, not in central city","YES","3: Mother","YES","YES","NO","NO","YES","0: 0  CONDITION DOES NOT APPLY","ALWAYS WITH RIGHT HAND","ALWAYS WITH RIGHT HAND","ALWAYS WITH RIGHT HAND","ALWAYS WITH RIGHT HAND","ALWAYS WITH LEFT HAND","1: 1  CONDITION APPLIES","1: 1  CONDITION APPLIES","NO","FEMALE","FEMALE"
1982,64735,4,1,1,33790,5,181,1,1,2,3,5,2,2,2,1,1,1,2,2,5,1,2,28,9,"Male","Hispanic","West (AK, AZ, CA, CO, HI, ID, MT, NV, NM, OR, UT, WA, WY)","GED","In CBSA, in central city","YES","3: Mother","NO","NO","NO","NO","YES","0: 0  CONDITION DOES NOT APPLY","ALWAYS WITH RIGHT HAND","ALWAYS WITH RIGHT HAND","USUALLY WITH BOTH HANDS EQUALLY","ALWAYS WITH RIGHT HAND","ALWAYS WITH LEFT HAND","0: 0  CONDITION DOES NOT APPLY","1: 1  CONDITION APPLIES","YES","FEMALE","FEMALE"
1983,64735,4,1,2,33790,5,182,1,2,2,2,2,2,2,2,1,1,1,5,2,7,1,1,9,16,"Female","Black","South (AL, AR, DE, DC, FL, GA, KY, LA, MD, MS, NC, OK, SC, TN , TX, VA, WV)","High school diploma (Regular 12 year program)","In CBSA, in central city","NO","3: Mother","NO","YES","NO","NO","YES","0: 0  CONDITION DOES NOT APPLY","ALWAYS WITH RIGHT HAND","ALWAYS WITH RIGHT HAND","USUALLY WITH RIGHT HAND","ALWAYS WITH RIGHT HAND","ALWAYS WITH LEFT HAND","1: 1  CONDITION APPLIES","0: 0  CONDITION DOES NOT APPLY","NO","FEMALE","FEMALE"
1983,64735,3,0,1,33790,6,182,1,2,3,3,2,5,2,2,2,1,2,6,1,6,4,1,32,21,"Male","Hispanic","South (AL, AR, DE, DC, FL, GA, KY, LA, MD, MS, NC, OK, SC, TN , TX, VA, WV)","Master's degree (MA, MS)","In CBSA, in central city","NO","3: Mother","YES","YES","NO","NO","NO","0: 0  CONDITION DOES NOT APPLY","ALWAYS WITH RIGHT HAND","ALWAYS WITH RIGHT HAND","ALWAYS WITH RIGHT HAND","USUALLY WITH BOTH HANDS EQUALLY","ALWAYS WITH LEFT HAND","1: 1  CONDITION APPLIES","1: 1  CONDITION APPLIES","YES","FEMALE","MALE"
1981,64735,3,0,1,33790,5,123,1,1,4,4,5,5,2,2,1,2,1,8,3,5,1,1,30,18,"Female","Non-Black / Non-Hispanic","South (AL, AR, DE, DC, FL, GA, KY, LA, MD, MS, NC, OK, SC, TN , TX, VA, WV)","Master's degree (MA, MS)","In CBSA, in central city","NO","3: Mother","NO","NO","NO","NO","YES","0: 0  CONDITION DOES NOT APPLY","ALWAYS WITH RIGHT HAND","ALWAYS WITH RIGHT HAND","ALWAYS WITH RIGHT HAND","ALWAYS WITH RIGHT HAND","USUALLY WITH LEFT HAND","1: 1  CONDITION APPLIES","1: 1  CONDITION APPLIES","NO","MALE","MALE"
1982,316618,4,0,1,33790,5,182,1,1,3,3,2,3,2,2,1,2,1,2,3,6,1,1,60,34,"Male","Non-Black / Non-Hispanic","South (AL, AR, DE, DC, FL, GA, KY, LA, MD, MS, NC, OK, SC, TN , TX, VA, WV)","High school diploma (Regular 12 year program)","In CBSA, not in central city","YES","3: Mother","YES","NO","NO","NO","YES","0: 0  CONDITION DOES NOT APPLY","ALWAYS WITH RIGHT HAND","ALWAYS WITH RIGHT HAND","ALWAYS WITH RIGHT HAND","ALWAYS WITH RIGHT HAND","ALWAYS WITH LEFT HAND","1: 1  CONDITION APPLIES","1: 1  CONDITION APPLIES","NO","FEMALE","MALE"
1981,15000,1,0,2,33790,5,185,2,1,1,3,1,2,2,1,2,2,2,3,8,3,1,1,32,22,"Female","Black","South (AL, AR, DE, DC, FL, GA, KY, LA, MD, MS, NC, OK, SC, TN , TX, VA, WV)","High school diploma (Regular 12 year program)","In CBSA, not in central city","NO","3: Mother","YES","NO","NO","NO","NO","0: 0  CONDITION DOES NOT APPLY","ALWAYS WITH RIGHT HAND","USUALLY WITH LEFT HAND","ALWAYS WITH RIGHT HAND","ALWAYS WITH RIGHT HAND","ALWAYS WITH LEFT HAND","1: 1  CONDITION APPLIES","0: 0  CONDITION DOES NOT APPLY","NO","FEMALE","FEMALE"
1980,20295,3,1,2,33790,5,184,1,1,4,7,4,4,2,2,1,2,1,7,2,7,1,1,28,27,"Female","Non-Black / Non-Hispanic","South (AL, AR, DE, DC, FL, GA, KY, LA, MD, MS, NC, OK, SC, TN , TX, VA, WV)","Bachelor's degree (BA, BS)","Not in CBSA","NO","3: Mother","NO","NO","NO","NO","YES","0: 0  CONDITION DOES NOT APPLY","ALWAYS WITH RIGHT HAND","ALWAYS WITH RIGHT HAND","ALWAYS WITH RIGHT HAND","USUALLY WITH BOTH HANDS EQUALLY","ALWAYS WITH LEFT HAND","1: 1  CONDITION APPLIES","1: 1  CONDITION APPLIES","NO","MALE","FEMALE"
1982,30000,4,0,1,33790,5,185,1,2,1,1,4,4,1,2,2,2,1,9,6,4,1,1,35,23,"Male","Black","South (AL, AR, DE, DC, FL, GA, KY, LA, MD, MS, NC, OK, SC, TN , TX, VA, WV)","High school diploma (Regular 12 year program)","In CBSA, not in central city","YES","3: Mother","NO","YES","NO","NO","NO","0: 0  CONDITION DOES NOT APPLY","ALWAYS WITH RIGHT HAND","ALWAYS WITH RIGHT HAND","ALWAYS WITH RIGHT HAND","ALWAYS WITH RIGHT HAND","ALWAYS WITH LEFT HAND","1: 1  CONDITION APPLIES","1: 1  CONDITION APPLIES","NO","FEMALE","FEMALE"
1981,64735,5,0,3,33790,5,183,1,1,2,4,2,2,2,2,2,2,2,3,3,6,1,1,30,21,"Male","Non-Black / Non-Hispanic","South (AL, AR, DE, DC, FL, GA, KY, LA, MD, MS, NC, OK, SC, TN , TX, VA, WV)","GED","Not in country","NO","3: Mother","YES","NO","NO","NO","YES","0: 0  CONDITION DOES NOT APPLY","ALWAYS WITH RIGHT HAND","ALWAYS WITH RIGHT HAND","ALWAYS WITH RIGHT HAND","ALWAYS WITH RIGHT HAND","ALWAYS WITH LEFT HAND","1: 1  CONDITION APPLIES","1: 1  CONDITION APPLIES","NO","MALE","FEMALE"
1981,64735,3,0,2,33790,6,183,1,1,4,4,3,2,2,2,2,2,1,1,3,7,1,1,31,21,"Female","Non-Black / Non-Hispanic","West (AK, AZ, CA, CO, HI, ID, MT, NV, NM, OR, UT, WA, WY)","Professional degree (DDS, JD, MD)","In CBSA, not in central city","NO","3: Mother","YES","NO","NO","NO","YES","0: 0  CONDITION DOES NOT APPLY","ALWAYS WITH RIGHT HAND","ALWAYS WITH RIGHT HAND","ALWAYS WITH RIGHT HAND","ALWAYS WITH RIGHT HAND","ALWAYS WITH LEFT HAND","1: 1  CONDITION APPLIES","1: 1  CONDITION APPLIES","NO","FEMALE","FEMALE"
1985,64735,2,0,1,33790,5,188,1,1,3,5,1,2,2,2,2,1,1,3,2,6,1,1,24,23,"Male","Black","North Central (IL, IN, IA, KS, MI, MN, MO, NE, OH, ND, SD, WI)","Bachelor's degree (BA, BS)","In CBSA, not in central city","NO","3: Mother","NO","NO","NO","NO","YES","0: 0  CONDITION DOES NOT APPLY","ALWAYS WITH RIGHT HAND","ALWAYS WITH RIGHT HAND","ALWAYS WITH RIGHT HAND","ALWAYS WITH RIGHT HAND","ALWAYS WITH LEFT HAND","1: 1  CONDITION APPLIES","1: 1  CONDITION APPLIES","NO","FEMALE","MALE"
1981,64735,4,0,2,33790,5,184,2,2,4,5,2,2,1,2,1,2,1,5,3,6,1,1,31,22,"Female","Black","South (AL, AR, DE, DC, FL, GA, KY, LA, MD, MS, NC, OK, SC, TN , TX, VA, WV)","High school diploma (Regular 12 year program)","In CBSA, not in central city","NO","3: Mother","NO","YES","NO","NO","YES","0: 0  CONDITION DOES NOT APPLY","DON'T DO THIS ACTIVITY","ALWAYS WITH RIGHT HAND","USUALLY WITH BOTH HANDS EQUALLY","ALWAYS WITH RIGHT HAND","ALWAYS WITH LEFT HAND","1: 1  CONDITION APPLIES","1: 1  CONDITION APPLIES","NO","MALE","FEMALE"
1983,64735,5,0,1,33790,5,184,1,1,2,4,3,5,2,2,1,1,1,7,4,6,1,1,32,20,"Male","Black","South (AL, AR, DE, DC, FL, GA, KY, LA, MD, MS, NC, OK, SC, TN , TX, VA, WV)","High school diploma (Regular 12 year program)","In CBSA, not in central city","NO","3: Mother","NO","YES","NO","NO","YES","0: 0  CONDITION DOES NOT APPLY","ALWAYS WITH RIGHT HAND","ALWAYS WITH RIGHT HAND","USUALLY WITH RIGHT HAND","ALWAYS WITH RIGHT HAND","ALWAYS WITH LEFT HAND","1: 1  CONDITION APPLIES","1: 1  CONDITION APPLIES","NO","FEMALE","MALE"
1983,64735,2,0,1,33790,5,182,1,1,3,3,2,4,2,1,1,2,1,5,2,6,2,1,33,21,"Male","Non-Black / Non-Hispanic","South (AL, AR, DE, DC, FL, GA, KY, LA, MD, MS, NC, OK, SC, TN , TX, VA, WV)","Professional degree (DDS, JD, MD)","In CBSA, not in central city","NO","3: Mother","NO","NO","NO","NO","YES","0: 0  CONDITION DOES NOT APPLY","ALWAYS WITH RIGHT HAND","ALWAYS WITH RIGHT HAND","ALWAYS WITH RIGHT HAND","ALWAYS WITH RIGHT HAND","ALWAYS WITH LEFT HAND","0: 0  CONDITION DOES NOT APPLY","1: 1  CONDITION APPLIES","NO","FEMALE","MALE"
1983,64735,2,0,1,33790,5,184,1,2,2,3,2,3,2,2,2,2,2,4,3,7,1,1,28,19,"Female","Black","South (AL, AR, DE, DC, FL, GA, KY, LA, MD, MS, NC, OK, SC, TN , TX, VA, WV)","High school diploma (Regular 12 year program)","In CBSA, not in central city","NO","3: Mother","NO","NO","YES","NO","NO","0: 0  CONDITION DOES NOT APPLY","ALWAYS WITH RIGHT HAND","ALWAYS WITH RIGHT HAND","ALWAYS WITH RIGHT HAND","ALWAYS WITH RIGHT HAND","ALWAYS WITH LEFT HAND","1: 1  CONDITION APPLIES","1: 1  CONDITION APPLIES","NO","MALE","MALE"
1981,7750,3,0,1,33790,5,183,1,1,2,4,2,4,2,2,1,2,2,1,2,8,1,1,30,22,"Male","Hispanic","Northeast (CT, ME, MA, NH, NJ, NY, PA, RI, VT)","High school diploma (Regular 12 year program)","In CBSA, in central city","NO","3: Mother","NO","NO","NO","NO","YES","0: 0  CONDITION DOES NOT APPLY","ALWAYS WITH RIGHT HAND","ALWAYS WITH RIGHT HAND","ALWAYS WITH RIGHT HAND","ALWAYS WITH RIGHT HAND","ALWAYS WITH LEFT HAND","1: 1  CONDITION APPLIES","1: 1  CONDITION APPLIES","NO","FEMALE","MALE"
1984,64735,4,0,1,33790,5,186,1,2,2,3,3,3,2,2,1,2,1,4,4,7,1,1,33,23,"Male","Black","South (AL, AR, DE, DC, FL, GA, KY, LA, MD, MS, NC, OK, SC, TN , TX, VA, WV)","High school diploma (Regular 12 year program)","In CBSA, not in central city","NO","3: Mother","NO","NO","NO","YES","YES","0: 0  CONDITION DOES NOT APPLY","ALWAYS WITH RIGHT HAND","ALWAYS WITH RIGHT HAND","ALWAYS WITH RIGHT HAND","ALWAYS WITH RIGHT HAND","ALWAYS WITH LEFT HAND","1: 1  CONDITION APPLIES","1: 1  CONDITION APPLIES","NO","FEMALE","FEMALE"
1981,50000,3,0,3,33790,5,184,1,1,5,3,1,3,2,2,1,2,1,5,3,6,1,1,35,24,"Male","Black","South (AL, AR, DE, DC, FL, GA, KY, LA, MD, MS, NC, OK, SC, TN , TX, VA, WV)","High school diploma (Regular 12 year program)","In CBSA, not in central city","NO","3: Mother","NO","YES","NO","NO","YES","0: 0  CONDITION DOES NOT APPLY","ALWAYS WITH RIGHT HAND","ALWAYS WITH RIGHT HAND","USUALLY WITH RIGHT HAND","ALWAYS WITH RIGHT HAND","ALWAYS WITH LEFT HAND","1: 1  CONDITION APPLIES","1: 1  CONDITION APPLIES","NO","FEMALE","FEMALE"
1980,64735,3,0,4,33790,5,260,2,2,1,4,1,3,1,2,1,2,1,5,3,7,1,1,29,19,"Male","Hispanic","North Central (IL, IN, IA, KS, MI, MN, MO, NE, OH, ND, SD, WI)","High school diploma (Regular 12 year program)","Not in CBSA","NO","3: Mother","NO","YES","NO","NO","NO","0: 0  CONDITION DOES NOT APPLY","ALWAYS WITH RIGHT HAND","ALWAYS WITH RIGHT HAND","ALWAYS WITH RIGHT HAND","ALWAYS WITH RIGHT HAND","ALWAYS WITH LEFT HAND","1: 1  CONDITION APPLIES","1: 1  CONDITION APPLIES","NO","FEMALE","FEMALE"
1980,64735,4,0,3,33790,5,185,1,2,2,4,7,2,2,2,2,2,1,1,4,7,1,1,31,20,"Female","Black","South (AL, AR, DE, DC, FL, GA, KY, LA, MD, MS, NC, OK, SC, TN , TX, VA, WV)","None","In CBSA, not in central city","NO","3: Mother","NO","NO","NO","NO","YES","0: 0  CONDITION DOES NOT APPLY","ALWAYS WITH RIGHT HAND","ALWAYS WITH RIGHT HAND","ALWAYS WITH RIGHT HAND","ALWAYS WITH RIGHT HAND","ALWAYS WITH LEFT HAND","1: 1  CONDITION APPLIES","1: 1  CONDITION APPLIES","NO","FEMALE","FEMALE"
1984,64735,3,0,4,33790,5,181,1,1,2,3,3,5,1,2,2,2,2,4,2,7,1,1,31,20,"Female","Non-Black / Non-Hispanic","South (AL, AR, DE, DC, FL, GA, KY, LA, MD, MS, NC, OK, SC, TN , TX, VA, WV)","GED","In CBSA, in central city","NO","3: Mother","NO","YES","YES","NO","YES","0: 0  CONDITION DOES NOT APPLY","ALWAYS WITH RIGHT HAND","ALWAYS WITH RIGHT HAND","ALWAYS WITH RIGHT HAND","ALWAYS WITH RIGHT HAND","ALWAYS WITH LEFT HAND","1: 1  CONDITION APPLIES","1: 1  CONDITION APPLIES","NO","FEMALE","FEMALE"
1981,64735,7,2,2,33790,5,132,1,1,4,3,1,6,1,1,2,1,1,4,2,6,1,1,26,13,"Female","Non-Black / Non-Hispanic","South (AL, AR, DE, DC, FL, GA, KY, LA, MD, MS, NC, OK, SC, TN , TX, VA, WV)","Associate/Junior college (AA)","In CBSA, not in central city","NO","3: Mother","YES","YES","NO","NO","YES","0: 0  CONDITION DOES NOT APPLY","ALWAYS WITH RIGHT HAND","ALWAYS WITH RIGHT HAND","ALWAYS WITH RIGHT HAND","ALWAYS WITH RIGHT HAND","ALWAYS WITH LEFT HAND","1: 1  CONDITION APPLIES","1: 1  CONDITION APPLIES","NO","MALE","FEMALE"
1984,64735,4,1,2,32000,6,187,1,1,1,4,3,5,2,2,1,2,1,1,2,5,1,2,33,23,"Male","Non-Black / Non-Hispanic","South (AL, AR, DE, DC, FL, GA, KY, LA, MD, MS, NC, OK, SC, TN , TX, VA, WV)","High school diploma (Regular 12 year program)","In CBSA, not in central city","NO","3: Mother","YES","NO","NO","NO","NO","0: 0  CONDITION DOES NOT APPLY","ALWAYS WITH RIGHT HAND","ALWAYS WITH RIGHT HAND","ALWAYS WITH RIGHT HAND","ALWAYS WITH RIGHT HAND","ALWAYS WITH LEFT HAND","1: 1  CONDITION APPLIES","1: 1  CONDITION APPLIES","NO","FEMALE","FEMALE"
1984,64735,2,1,1,33790,5,181,2,2,4,2,2,2,2,2,2,2,2,5,1,6,1,1,34,20,"Female","Hispanic","North Central (IL, IN, IA, KS, MI, MN, MO, NE, OH, ND, SD, WI)","High school diploma (Regular 12 year program)","Not in CBSA","YES","3: Mother","NO","NO","NO","NO","YES","0: 0  CONDITION DOES NOT APPLY","ALWAYS WITH RIGHT HAND","ALWAYS WITH RIGHT HAND","ALWAYS WITH RIGHT HAND","ALWAYS WITH RIGHT HAND","ALWAYS WITH LEFT HAND","1: 1  CONDITION APPLIES","1: 1  CONDITION APPLIES","NO","FEMALE","FEMALE"
1981,64735,2,0,1,33790,5,183,1,2,3,4,5,4,2,2,2,2,1,4,3,8,1,1,28,18,"Female","Non-Black / Non-Hispanic","North Central (IL, IN, IA, KS, MI, MN, MO, NE, OH, ND, SD, WI)","High school diploma (Regular 12 year program)","In CBSA, not in central city","NO","3: Mother","NO","NO","NO","NO","YES","0: 0  CONDITION DOES NOT APPLY","ALWAYS WITH RIGHT HAND","ALWAYS WITH RIGHT HAND","ALWAYS WITH RIGHT HAND","ALWAYS WITH RIGHT HAND","ALWAYS WITH RIGHT HAND","1: 1  CONDITION APPLIES","0: 0  CONDITION DOES NOT APPLY","NO","MALE","FEMALE"
1983,14500,3,0,2,33790,6,184,1,1,2,5,1,5,2,2,1,2,1,3,1,7,1,1,19,18,"Male","Non-Black / Non-Hispanic","North Central (IL, IN, IA, KS, MI, MN, MO, NE, OH, ND, SD, WI)","Bachelor's degree (BA, BS)","In CBSA, not in central city","NO","3: Mother","NO","YES","NO","NO","YES","0: 0  CONDITION DOES NOT APPLY","ALWAYS WITH RIGHT HAND","ALWAYS WITH RIGHT HAND","ALWAYS WITH RIGHT HAND","ALWAYS WITH RIGHT HAND","ALWAYS WITH LEFT HAND","0: 0  CONDITION DOES NOT APPLY","1: 1  CONDITION APPLIES","NO","FEMALE","MALE"
1983,55260,6,2,3,33790,5,183,2,3,2,5,2,5,2,2,1,2,1,5,4,6,1,1,26,14,"Female","Black","North Central (IL, IN, IA, KS, MI, MN, MO, NE, OH, ND, SD, WI)","High school diploma (Regular 12 year program)","In CBSA, not in central city","NO","3: Mother","YES","NO","NO","NO","YES","0: 0  CONDITION DOES NOT APPLY","ALWAYS WITH RIGHT HAND","ALWAYS WITH RIGHT HAND","ALWAYS WITH RIGHT HAND","USUALLY WITH RIGHT HAND","ALWAYS WITH LEFT HAND","0: 0  CONDITION DOES NOT APPLY","1: 1  CONDITION APPLIES","NO","MALE","MALE"
1980,64735,3,2,4,33790,5,182,1,1,1,3,1,2,2,2,1,2,1,5,2,6,1,2,29,1,"Female","Non-Black / Non-Hispanic","North Central (IL, IN, IA, KS, MI, MN, MO, NE, OH, ND, SD, WI)","High school diploma (Regular 12 year program)","In CBSA, not in central city","YES","3: Mother","YES","NO","NO","NO","YES","0: 0  CONDITION DOES NOT APPLY","ALWAYS WITH RIGHT HAND","ALWAYS WITH RIGHT HAND","ALWAYS WITH RIGHT HAND","ALWAYS WITH RIGHT HAND","ALWAYS WITH LEFT HAND","1: 1  CONDITION APPLIES","1: 1  CONDITION APPLIES","NO","FEMALE","MALE"
1980,64735,4,1,2,33790,5,183,1,2,2,4,1,3,2,2,1,2,1,6,2,10,1,1,27,20,"Female","Non-Black / Non-Hispanic","West (AK, AZ, CA, CO, HI, ID, MT, NV, NM, OR, UT, WA, WY)","High school diploma (Regular 12 year program)","In CBSA, in central city","NO","3: Mother","YES","NO","NO","NO","YES","1: 1  CONDITION APPLIES","ALWAYS WITH RIGHT HAND","ALWAYS WITH RIGHT HAND","ALWAYS WITH RIGHT HAND","ALWAYS WITH RIGHT HAND","ALWAYS WITH RIGHT HAND","1: 1  CONDITION APPLIES","0: 0  CONDITION DOES NOT APPLY","NO","MALE","MALE"
1984,20250,5,0,2,3000,5,152,1,1,2,4,3,5,2,2,1,1,1,7,2,6,1,1,29,18,"Female","Black","North Central (IL, IN, IA, KS, MI, MN, MO, NE, OH, ND, SD, WI)","High school diploma (Regular 12 year program)","In CBSA, in central city","NO","3: Mother","NO","YES","NO","NO","YES","0: 0  CONDITION DOES NOT APPLY","ALWAYS WITH RIGHT HAND","ALWAYS WITH RIGHT HAND","ALWAYS WITH RIGHT HAND","ALWAYS WITH RIGHT HAND","USUALLY WITH BOTH HANDS EQUALLY","1: 1  CONDITION APPLIES","1: 1  CONDITION APPLIES","NO","FEMALE","FEMALE"
1980,64735,5,0,3,22000,5,181,1,1,2,4,3,4,1,2,1,2,1,4,2,7,1,1,31,19,"Female","Black","West (AK, AZ, CA, CO, HI, ID, MT, NV, NM, OR, UT, WA, WY)","GED","In CBSA, not in central city","NO","3: Mother","YES","NO","NO","NO","YES","0: 0  CONDITION DOES NOT APPLY","ALWAYS WITH RIGHT HAND","ALWAYS WITH RIGHT HAND","ALWAYS WITH RIGHT HAND","ALWAYS WITH RIGHT HAND","ALWAYS WITH LEFT HAND","1: 1  CONDITION APPLIES","1: 1  CONDITION APPLIES","YES","MALE","FEMALE"
1982,64735,4,0,5,33790,5,182,2,2,3,4,1,4,2,2,2,2,2,6,2,7,1,1,25,19,"Female","Non-Black / Non-Hispanic","North Central (IL, IN, IA, KS, MI, MN, MO, NE, OH, ND, SD, WI)","Bachelor's degree (BA, BS)","In CBSA, not in central city","NO","3: Mother","YES","NO","NO","NO","YES","0: 0  CONDITION DOES NOT APPLY","ALWAYS WITH RIGHT HAND","ALWAYS WITH RIGHT HAND","ALWAYS WITH RIGHT HAND","ALWAYS WITH RIGHT HAND","ALWAYS WITH LEFT HAND","0: 0  CONDITION DOES NOT APPLY","1: 1  CONDITION APPLIES","NO","FEMALE","MALE"
1981,64735,3,0,2,33790,5,185,2,2,1,5,2,3,2,2,1,2,2,3,5,5,1,1,26,20,"Female","Black","South (AL, AR, DE, DC, FL, GA, KY, LA, MD, MS, NC, OK, SC, TN , TX, VA, WV)","High school diploma (Regular 12 year program)","In CBSA, not in central city","NO","3: Mother","YES","YES","NO","NO","YES","0: 0  CONDITION DOES NOT APPLY","ALWAYS WITH RIGHT HAND","ALWAYS WITH RIGHT HAND","ALWAYS WITH RIGHT HAND","ALWAYS WITH RIGHT HAND","ALWAYS WITH LEFT HAND","1: 1  CONDITION APPLIES","1: 1  CONDITION APPLIES","NO","FEMALE","MALE"
1981,64735,1,0,3,33790,6,186,1,1,2,3,3,4,2,2,1,2,1,7,2,6,1,1,33,23,"Male","Non-Black / Non-Hispanic","West (AK, AZ, CA, CO, HI, ID, MT, NV, NM, OR, UT, WA, WY)","GED","In CBSA, in central city","YES","3: Mother","YES","YES","NO","NO","YES","0: 0  CONDITION DOES NOT APPLY","ALWAYS WITH RIGHT HAND","ALWAYS WITH RIGHT HAND","USUALLY WITH RIGHT HAND","ALWAYS WITH RIGHT HAND","ALWAYS WITH LEFT HAND","0: 0  CONDITION DOES NOT APPLY","1: 1  CONDITION APPLIES","NO","FEMALE","MALE"
1984,64735,2,1,1,33790,5,182,1,2,3,3,5,5,2,1,1,2,1,6,2,7,1,1,29,21,"Female","Hispanic","North Central (IL, IN, IA, KS, MI, MN, MO, NE, OH, ND, SD, WI)","High school diploma (Regular 12 year program)","In CBSA, not in central city","NO","3: Mother","YES","NO","NO","NO","YES","0: 0  CONDITION DOES NOT APPLY","ALWAYS WITH RIGHT HAND","ALWAYS WITH RIGHT HAND","ALWAYS WITH RIGHT HAND","ALWAYS WITH RIGHT HAND","ALWAYS WITH LEFT HAND","1: 1  CONDITION APPLIES","1: 1  CONDITION APPLIES","NO","FEMALE","FEMALE"
1982,64735,2,0,2,50000,5,183,2,2,5,3,2,4,2,2,2,2,2,6,4,7,1,1,33,25,"Male","Black","South (AL, AR, DE, DC, FL, GA, KY, LA, MD, MS, NC, OK, SC, TN , TX, VA, WV)","Associate/Junior college (AA)","In CBSA, not in central city","NO","3: Mother","YES","NO","YES","NO","NO","0: 0  CONDITION DOES NOT APPLY","ALWAYS WITH RIGHT HAND","ALWAYS WITH RIGHT HAND","ALWAYS WITH RIGHT HAND","ALWAYS WITH RIGHT HAND","ALWAYS WITH LEFT HAND","1: 1  CONDITION APPLIES","1: 1  CONDITION APPLIES","NO","FEMALE","MALE"
1982,64735,4,1,3,33790,5,183,2,2,4,3,1,5,2,2,2,1,1,3,1,9,1,1,8,16,"Male","Black","South (AL, AR, DE, DC, FL, GA, KY, LA, MD, MS, NC, OK, SC, TN , TX, VA, WV)","GED","In CBSA, not in central city","NO","3: Mother","NO","NO","NO","NO","NO","0: 0  CONDITION DOES NOT APPLY","ALWAYS WITH LEFT HAND","ALWAYS WITH RIGHT HAND","USUALLY WITH BOTH HANDS EQUALLY","ALWAYS WITH RIGHT HAND","USUALLY WITH BOTH HANDS EQUALLY","1: 1  CONDITION APPLIES","1: 1  CONDITION APPLIES","YES","FEMALE","MALE"
1981,13400,4,1,3,33790,5,181,2,1,3,3,1,5,2,1,1,1,1,6,2,7,1,1,29,22,"Female","Black","South (AL, AR, DE, DC, FL, GA, KY, LA, MD, MS, NC, OK, SC, TN , TX, VA, WV)","High school diploma (Regular 12 year program)","In CBSA, not in central city","NO","3: Mother","NO","NO","NO","NO","YES","0: 0  CONDITION DOES NOT APPLY","ALWAYS WITH RIGHT HAND","ALWAYS WITH RIGHT HAND","ALWAYS WITH RIGHT HAND","ALWAYS WITH RIGHT HAND","ALWAYS WITH LEFT HAND","1: 1  CONDITION APPLIES","1: 1  CONDITION APPLIES","NO","FEMALE","MALE"
1982,64735,3,0,7,33790,6,185,1,1,3,6,5,2,2,2,1,1,1,5,2,6,1,1,30,20,"Male","Non-Black / Non-Hispanic","South (AL, AR, DE, DC, FL, GA, KY, LA, MD, MS, NC, OK, SC, TN , TX, VA, WV)","High school diploma (Regular 12 year program)","In CBSA, not in central city","NO","3: Mother","NO","NO","NO","NO","YES","0: 0  CONDITION DOES NOT APPLY","ALWAYS WITH RIGHT HAND","ALWAYS WITH RIGHT HAND","DON'T DO THIS ACTIVITY","ALWAYS WITH RIGHT HAND","ALWAYS WITH LEFT HAND","0: 0  CONDITION DOES NOT APPLY","1: 1  CONDITION APPLIES","NO","FEMALE","FEMALE"
1983,64735,3,0,4,33790,5,181,2,2,4,6,1,1,1,2,2,2,2,5,2,7,6,1,34,22,"Male","Non-Black / Non-Hispanic","South (AL, AR, DE, DC, FL, GA, KY, LA, MD, MS, NC, OK, SC, TN , TX, VA, WV)","Bachelor's degree (BA, BS)","In CBSA, in central city","NO","3: Mother","YES","NO","YES","NO","NO","0: 0  CONDITION DOES NOT APPLY","ALWAYS WITH RIGHT HAND","ALWAYS WITH RIGHT HAND","ALWAYS WITH RIGHT HAND","ALWAYS WITH RIGHT HAND","ALWAYS WITH RIGHT HAND","1: 1  CONDITION APPLIES","1: 1  CONDITION APPLIES","NO","FEMALE","MALE"
1983,64735,4,0,4,21600,5,184,1,1,5,4,2,5,2,2,2,1,1,6,3,7,1,1,37,57,"Male","Hispanic","Northeast (CT, ME, MA, NH, NJ, NY, PA, RI, VT)","None","In CBSA, not in central city","YES","3: Mother","NO","NO","YES","NO","NO","0: 0  CONDITION DOES NOT APPLY","ALWAYS WITH RIGHT HAND","ALWAYS WITH RIGHT HAND","ALWAYS WITH RIGHT HAND","ALWAYS WITH RIGHT HAND","USUALLY WITH RIGHT HAND","1: 1  CONDITION APPLIES","1: 1  CONDITION APPLIES","NO","FEMALE","MALE"
1981,64735,3,0,2,33790,5,185,1,1,3,4,3,3,2,2,1,2,1,6,5,7,1,1,25,5,"Male","Hispanic","South (AL, AR, DE, DC, FL, GA, KY, LA, MD, MS, NC, OK, SC, TN , TX, VA, WV)","High school diploma (Regular 12 year program)","In CBSA, not in central city","NO","3: Mother","YES","NO","NO","NO","NO","0: 0  CONDITION DOES NOT APPLY","ALWAYS WITH RIGHT HAND","ALWAYS WITH RIGHT HAND","ALWAYS WITH RIGHT HAND","ALWAYS WITH RIGHT HAND","ALWAYS WITH LEFT HAND","1: 1  CONDITION APPLIES","1: 1  CONDITION APPLIES","NO","FEMALE","MALE"
1982,64735,3,0,1,33790,5,183,1,2,2,5,4,5,2,2,1,2,1,6,5,6,1,1,32,24,"Female","Non-Black / Non-Hispanic","South (AL, AR, DE, DC, FL, GA, KY, LA, MD, MS, NC, OK, SC, TN , TX, VA, WV)","High school diploma (Regular 12 year program)","In CBSA, not in central city","NO","3: Mother","YES","NO","NO","NO","YES","0: 0  CONDITION DOES NOT APPLY","USUALLY WITH RIGHT HAND","USUALLY WITH RIGHT HAND","ALWAYS WITH RIGHT HAND","ALWAYS WITH RIGHT HAND","ALWAYS WITH LEFT HAND","1: 1  CONDITION APPLIES","1: 1  CONDITION APPLIES","NO","FEMALE","FEMALE"
1982,64735,3,0,2,33790,5,182,1,2,2,5,4,4,2,2,1,2,1,3,3,6,1,1,29,15,"Male","Non-Black / Non-Hispanic","South (AL, AR, DE, DC, FL, GA, KY, LA, MD, MS, NC, OK, SC, TN , TX, VA, WV)","High school diploma (Regular 12 year program)","In CBSA, not in central city","NO","3: Mother","NO","NO","NO","NO","YES","0: 0  CONDITION DOES NOT APPLY","ALWAYS WITH RIGHT HAND","ALWAYS WITH RIGHT HAND","ALWAYS WITH RIGHT HAND","ALWAYS WITH RIGHT HAND","ALWAYS WITH RIGHT HAND","1: 1  CONDITION APPLIES","1: 1  CONDITION APPLIES","NO","FEMALE","FEMALE"
1983,64735,3,0,1,33790,5,181,1,1,3,3,5,3,2,2,2,2,1,4,2,7,1,5,30,19,"Male","Non-Black / Non-Hispanic","Northeast (CT, ME, MA, NH, NJ, NY, PA, RI, VT)","Professional degree (DDS, JD, MD)","In CBSA, not in central city","NO","3: Mother","YES","YES","NO","NO","YES","0: 0  CONDITION DOES NOT APPLY","ALWAYS WITH RIGHT HAND","ALWAYS WITH RIGHT HAND","ALWAYS WITH RIGHT HAND","ALWAYS WITH RIGHT HAND","ALWAYS WITH LEFT HAND","1: 1  CONDITION APPLIES","1: 1  CONDITION APPLIES","NO","MALE","FEMALE"
1983,45875,4,0,1,33790,5,181,1,1,5,3,2,6,2,2,1,2,1,1,4,6,1,1,29,21,"Male","Non-Black / Non-Hispanic","North Central (IL, IN, IA, KS, MI, MN, MO, NE, OH, ND, SD, WI)","High school diploma (Regular 12 year program)","Not in country","NO","3: Mother","YES","NO","NO","NO","YES","0: 0  CONDITION DOES NOT APPLY","ALWAYS WITH RIGHT HAND","ALWAYS WITH RIGHT HAND","ALWAYS WITH RIGHT HAND","ALWAYS WITH RIGHT HAND","ALWAYS WITH LEFT HAND","1: 1  CONDITION APPLIES","1: 1  CONDITION APPLIES","NO","MALE","FEMALE"
1984,64735,2,0,2,33790,6,185,1,1,2,4,2,3,2,2,1,2,1,6,3,8,4,1,32,23,"Male","Non-Black / Non-Hispanic","South (AL, AR, DE, DC, FL, GA, KY, LA, MD, MS, NC, OK, SC, TN , TX, VA, WV)","Bachelor's degree (BA, BS)","In CBSA, not in central city","NO","3: Mother","NO","NO","NO","NO","YES","0: 0  CONDITION DOES NOT APPLY","ALWAYS WITH RIGHT HAND","ALWAYS WITH RIGHT HAND","ALWAYS WITH RIGHT HAND","ALWAYS WITH RIGHT HAND","ALWAYS WITH LEFT HAND","1: 1  CONDITION APPLIES","1: 1  CONDITION APPLIES","NO","FEMALE","MALE"
1984,25120,3,0,5,33790,5,165,1,2,5,4,4,5,2,2,2,2,2,2,1,7,3,1,33,19,"Male","Non-Black / Non-Hispanic","Northeast (CT, ME, MA, NH, NJ, NY, PA, RI, VT)","Bachelor's degree (BA, BS)","In CBSA, not in central city","NO","3: Mother","YES","NO","NO","NO","NO","0: 0  CONDITION DOES NOT APPLY","ALWAYS WITH RIGHT HAND","ALWAYS WITH RIGHT HAND","ALWAYS WITH RIGHT HAND","ALWAYS WITH RIGHT HAND","ALWAYS WITH LEFT HAND","0: 0  CONDITION DOES NOT APPLY","1: 1  CONDITION APPLIES","NO","FEMALE","MALE"
1982,64735,6,2,1,33790,5,210,2,1,5,6,2,4,2,1,2,2,2,5,3,6,1,1,25,8,"Female","Hispanic","Northeast (CT, ME, MA, NH, NJ, NY, PA, RI, VT)","High school diploma (Regular 12 year program)","In CBSA, not in central city","NO","3: Mother","YES","NO","NO","NO","YES","0: 0  CONDITION DOES NOT APPLY","ALWAYS WITH RIGHT HAND","ALWAYS WITH RIGHT HAND","ALWAYS WITH RIGHT HAND","ALWAYS WITH LEFT HAND","ALWAYS WITH LEFT HAND","1: 1  CONDITION APPLIES","1: 1  CONDITION APPLIES","YES","FEMALE","MALE"
1982,64735,2,0,2,33790,5,181,1,1,3,1,2,3,2,1,1,2,1,6,1,4,1,1,30,20,"Female","Non-Black / Non-Hispanic","North Central (IL, IN, IA, KS, MI, MN, MO, NE, OH, ND, SD, WI)","High school diploma (Regular 12 year program)","In CBSA, not in central city","NO","3: Mother","NO","NO","NO","NO","NO","0: 0  CONDITION DOES NOT APPLY","ALWAYS WITH RIGHT HAND","ALWAYS WITH RIGHT HAND","ALWAYS WITH RIGHT HAND","ALWAYS WITH RIGHT HAND","ALWAYS WITH LEFT HAND","1: 1  CONDITION APPLIES","0: 0  CONDITION DOES NOT APPLY","NO","MALE","MALE"
1981,64735,3,0,1,33790,5,190,1,2,1,4,3,4,2,2,2,1,1,3,2,7,1,1,25,16,"Female","Non-Black / Non-Hispanic","West (AK, AZ, CA, CO, HI, ID, MT, NV, NM, OR, UT, WA, WY)","High school diploma (Regular 12 year program)","In CBSA, in central city","NO","3: Mother","YES","NO","NO","NO","NO","0: 0  CONDITION DOES NOT APPLY","ALWAYS WITH RIGHT HAND","ALWAYS WITH RIGHT HAND","ALWAYS WITH RIGHT HAND","ALWAYS WITH RIGHT HAND","ALWAYS WITH LEFT HAND","0: 0  CONDITION DOES NOT APPLY","1: 1  CONDITION APPLIES","NO","FEMALE","MALE"
1982,64735,4,0,4,33790,6,182,1,1,5,2,4,4,2,2,2,2,1,4,2,8,1,1,35,26,"Male","Hispanic","West (AK, AZ, CA, CO, HI, ID, MT, NV, NM, OR, UT, WA, WY)","High school diploma (Regular 12 year program)","In CBSA, not in central city","YES","3: Mother","YES","NO","YES","NO","NO","0: 0  CONDITION DOES NOT APPLY","ALWAYS WITH RIGHT HAND","ALWAYS WITH RIGHT HAND","ALWAYS WITH RIGHT HAND","ALWAYS WITH RIGHT HAND","ALWAYS WITH LEFT HAND","1: 1  CONDITION APPLIES","1: 1  CONDITION APPLIES","NO","FEMALE","MALE"
1983,64735,4,2,1,52000,6,235,1,1,1,7,4,3,2,1,1,2,2,6,2,7,1,1,22,13,"Female","Non-Black / Non-Hispanic","North Central (IL, IN, IA, KS, MI, MN, MO, NE, OH, ND, SD, WI)","High school diploma (Regular 12 year program)","In CBSA, not in central city","NO","3: Mother","YES","NO","NO","NO","NO","0: 0  CONDITION DOES NOT APPLY","ALWAYS WITH RIGHT HAND","ALWAYS WITH RIGHT HAND","ALWAYS WITH RIGHT HAND","ALWAYS WITH RIGHT HAND","ALWAYS WITH LEFT HAND","1: 1  CONDITION APPLIES","1: 1  CONDITION APPLIES","NO","FEMALE","MALE"
1984,64735,3,0,2,33790,5,183,3,1,3,4,2,3,2,2,2,1,1,5,1,7,1,1,34,24,"Female","Non-Black / Non-Hispanic","West (AK, AZ, CA, CO, HI, ID, MT, NV, NM, OR, UT, WA, WY)","High school diploma (Regular 12 year program)","In CBSA, not in central city","NO","3: Mother","NO","NO","NO","NO","NO","0: 0  CONDITION DOES NOT APPLY","ALWAYS WITH RIGHT HAND","ALWAYS WITH RIGHT HAND","ALWAYS WITH RIGHT HAND","ALWAYS WITH RIGHT HAND","ALWAYS WITH LEFT HAND","1: 1  CONDITION APPLIES","0: 0  CONDITION DOES NOT APPLY","NO","FEMALE","MALE"
1983,14000,8,1,2,33790,5,181,1,1,2,3,3,4,2,1,1,1,1,1,2,4,1,1,29,20,"Female","Black","South (AL, AR, DE, DC, FL, GA, KY, LA, MD, MS, NC, OK, SC, TN , TX, VA, WV)","GED","In CBSA, not in central city","NO","3: Mother","NO","YES","YES","NO","YES","0: 0  CONDITION DOES NOT APPLY","ALWAYS WITH RIGHT HAND","USUALLY WITH RIGHT HAND","ALWAYS WITH RIGHT HAND","ALWAYS WITH RIGHT HAND","ALWAYS WITH LEFT HAND","1: 1  CONDITION APPLIES","1: 1  CONDITION APPLIES","NO","MALE","MALE"
1983,1450,1,0,2,33790,5,183,1,1,4,4,2,4,2,2,1,1,1,1,1,6,1,1,33,25,"Male","Hispanic","South (AL, AR, DE, DC, FL, GA, KY, LA, MD, MS, NC, OK, SC, TN , TX, VA, WV)","None","In CBSA, not in central city","NO","3: Mother","YES","NO","NO","NO","NO","0: 0  CONDITION DOES NOT APPLY","ALWAYS WITH RIGHT HAND","ALWAYS WITH RIGHT HAND","ALWAYS WITH RIGHT HAND","ALWAYS WITH RIGHT HAND","ALWAYS WITH LEFT HAND","1: 1  CONDITION APPLIES","1: 1  CONDITION APPLIES","YES","MALE","MALE"
1983,64735,3,1,2,19900,5,183,1,1,5,4,1,2,2,2,2,2,1,6,1,7,1,1,29,23,"Male","Non-Black / Non-Hispanic","Northeast (CT, ME, MA, NH, NJ, NY, PA, RI, VT)","High school diploma (Regular 12 year program)","In CBSA, not in central city","NO","3: Mother","YES","NO","YES","NO","YES","0: 0  CONDITION DOES NOT APPLY","ALWAYS WITH RIGHT HAND","ALWAYS WITH RIGHT HAND","ALWAYS WITH RIGHT HAND","ALWAYS WITH RIGHT HAND","ALWAYS WITH LEFT HAND","1: 1  CONDITION APPLIES","1: 1  CONDITION APPLIES","NO","FEMALE","MALE"
1983,64735,4,1,2,33790,5,182,1,1,1,4,5,5,2,2,1,2,1,3,3,7,1,1,26,18,"Female","Non-Black / Non-Hispanic","North Central (IL, IN, IA, KS, MI, MN, MO, NE, OH, ND, SD, WI)","High school diploma (Regular 12 year program)","In CBSA, in central city","NO","3: Mother","YES","NO","NO","NO","YES","0: 0  CONDITION DOES NOT APPLY","ALWAYS WITH RIGHT HAND","ALWAYS WITH RIGHT HAND","ALWAYS WITH RIGHT HAND","ALWAYS WITH RIGHT HAND","ALWAYS WITH LEFT HAND","0: 0  CONDITION DOES NOT APPLY","1: 1  CONDITION APPLIES","NO","MALE","MALE"
1981,64735,1,0,1,146002,6,183,1,1,5,3,5,3,2,2,1,2,1,9,3,7,1,3,31,22,"Male","Non-Black / Non-Hispanic","South (AL, AR, DE, DC, FL, GA, KY, LA, MD, MS, NC, OK, SC, TN , TX, VA, WV)","Bachelor's degree (BA, BS)","In CBSA, in central city","NO","3: Mother","YES","NO","YES","NO","YES","0: 0  CONDITION DOES NOT APPLY","ALWAYS WITH RIGHT HAND","ALWAYS WITH RIGHT HAND","ALWAYS WITH RIGHT HAND","ALWAYS WITH RIGHT HAND","ALWAYS WITH LEFT HAND","1: 1  CONDITION APPLIES","1: 1  CONDITION APPLIES","NO","FEMALE","MALE"
1981,64735,3,0,4,4000,5,183,1,1,1,4,3,6,2,2,1,1,1,4,2,7,1,1,8,14,"Male","Non-Black / Non-Hispanic","South (AL, AR, DE, DC, FL, GA, KY, LA, MD, MS, NC, OK, SC, TN , TX, VA, WV)","Associate/Junior college (AA)","In CBSA, in central city","NO","3: Mother","NO","YES","NO","NO","YES","0: 0  CONDITION DOES NOT APPLY","ALWAYS WITH RIGHT HAND","ALWAYS WITH RIGHT HAND","ALWAYS WITH RIGHT HAND","ALWAYS WITH RIGHT HAND","ALWAYS WITH LEFT HAND","1: 1  CONDITION APPLIES","1: 1  CONDITION APPLIES","NO","FEMALE","MALE"
1982,64735,7,1,1,33790,6,184,1,1,1,3,2,4,2,2,1,2,1,3,4,2,1,1,35,17,"Male","Black","South (AL, AR, DE, DC, FL, GA, KY, LA, MD, MS, NC, OK, SC, TN , TX, VA, WV)","GED","In CBSA, not in central city","NO","3: Mother","YES","YES","NO","NO","YES","0: 0  CONDITION DOES NOT APPLY","ALWAYS WITH RIGHT HAND","ALWAYS WITH RIGHT HAND","ALWAYS WITH RIGHT HAND","ALWAYS WITH RIGHT HAND","ALWAYS WITH LEFT HAND","1: 1  CONDITION APPLIES","0: 0  CONDITION DOES NOT APPLY","NO","FEMALE","FEMALE"
1983,64735,3,1,2,33790,6,188,1,1,2,5,2,2,2,2,2,2,1,7,6,5,1,1,33,21,"Male","Hispanic","South (AL, AR, DE, DC, FL, GA, KY, LA, MD, MS, NC, OK, SC, TN , TX, VA, WV)","Bachelor's degree (BA, BS)","In CBSA, not in central city","NO","3: Mother","YES","YES","NO","NO","NO","0: 0  CONDITION DOES NOT APPLY","ALWAYS WITH RIGHT HAND","ALWAYS WITH RIGHT HAND","ALWAYS WITH RIGHT HAND","ALWAYS WITH RIGHT HAND","ALWAYS WITH LEFT HAND","1: 1  CONDITION APPLIES","1: 1  CONDITION APPLIES","NO","FEMALE","FEMALE"
1984,64735,3,1,3,33790,5,182,2,2,3,3,3,3,1,2,2,2,1,6,3,8,1,1,11,16,"Male","Black","South (AL, AR, DE, DC, FL, GA, KY, LA, MD, MS, NC, OK, SC, TN , TX, VA, WV)","High school diploma (Regular 12 year program)","In CBSA, in central city","NO","3: Mother","NO","YES","NO","NO","NO","0: 0  CONDITION DOES NOT APPLY","ALWAYS WITH RIGHT HAND","ALWAYS WITH LEFT HAND","ALWAYS WITH LEFT HAND","ALWAYS WITH LEFT HAND","ALWAYS WITH RIGHT HAND","1: 1  CONDITION APPLIES","1: 1  CONDITION APPLIES","NO","FEMALE","MALE"
1980,30300,5,0,3,33790,5,184,1,2,2,4,8,3,2,3,2,1,1,5,1,8,1,2,30,20,"Female","Non-Black / Non-Hispanic","West (AK, AZ, CA, CO, HI, ID, MT, NV, NM, OR, UT, WA, WY)","High school diploma (Regular 12 year program)","In CBSA, not in central city","NO","3: Mother","NO","YES","NO","NO","YES","0: 0  CONDITION DOES NOT APPLY","ALWAYS WITH RIGHT HAND","ALWAYS WITH RIGHT HAND","ALWAYS WITH RIGHT HAND","ALWAYS WITH RIGHT HAND","ALWAYS WITH LEFT HAND","1: 1  CONDITION APPLIES","1: 1  CONDITION APPLIES","NO","FEMALE","MALE"
1983,64735,3,1,1,33790,5,140,1,3,1,4,2,2,1,1,2,2,2,5,2,8,1,1,31,22,"Male","Black","South (AL, AR, DE, DC, FL, GA, KY, LA, MD, MS, NC, OK, SC, TN , TX, VA, WV)","GED","In CBSA, in central city","YES","3: Mother","NO","NO","NO","NO","YES","0: 0  CONDITION DOES NOT APPLY","ALWAYS WITH RIGHT HAND","DON'T DO THIS ACTIVITY","ALWAYS WITH RIGHT HAND","ALWAYS WITH RIGHT HAND","ALWAYS WITH LEFT HAND","1: 1  CONDITION APPLIES","1: 1  CONDITION APPLIES","NO","FEMALE","FEMALE"
1983,64735,3,0,2,33790,6,184,1,3,1,4,8,4,2,2,2,2,1,3,2,6,1,1,32,23,"Female","Black","North Central (IL, IN, IA, KS, MI, MN, MO, NE, OH, ND, SD, WI)","High school diploma (Regular 12 year program)","In CBSA, in central city","NO","3: Mother","NO","NO","NO","NO","YES","0: 0  CONDITION DOES NOT APPLY","ALWAYS WITH RIGHT HAND","ALWAYS WITH RIGHT HAND","ALWAYS WITH RIGHT HAND","ALWAYS WITH RIGHT HAND","USUALLY WITH BOTH HANDS EQUALLY","1: 1  CONDITION APPLIES","1: 1  CONDITION APPLIES","NO","FEMALE","MALE"
1984,64735,7,0,3,33790,5,187,1,3,3,2,2,3,2,2,1,1,1,3,2,5,2,1,33,19,"Female","Black","West (AK, AZ, CA, CO, HI, ID, MT, NV, NM, OR, UT, WA, WY)","High school diploma (Regular 12 year program)","In CBSA, in central city","YES","3: Mother","NO","YES","NO","NO","NO","0: 0  CONDITION DOES NOT APPLY","ALWAYS WITH LEFT HAND","ALWAYS WITH LEFT HAND","ALWAYS WITH LEFT HAND","ALWAYS WITH LEFT HAND","ALWAYS WITH RIGHT HAND","1: 1  CONDITION APPLIES","1: 1  CONDITION APPLIES","NO","FEMALE","FEMALE"
1980,64735,2,2,5,33790,5,196,2,2,1,4,1,3,2,2,1,1,1,5,1,6,1,1,29,19,"Female","Non-Black / Non-Hispanic","South (AL, AR, DE, DC, FL, GA, KY, LA, MD, MS, NC, OK, SC, TN , TX, VA, WV)","High school diploma (Regular 12 year program)","In CBSA, not in central city","NO","3: Mother","NO","NO","NO","NO","YES","0: 0  CONDITION DOES NOT APPLY","ALWAYS WITH RIGHT HAND","ALWAYS WITH RIGHT HAND","ALWAYS WITH RIGHT HAND","ALWAYS WITH RIGHT HAND","ALWAYS WITH LEFT HAND","1: 1  CONDITION APPLIES","1: 1  CONDITION APPLIES","NO","FEMALE","FEMALE"
1981,64735,3,0,3,33790,5,185,1,2,3,3,2,4,2,1,1,2,1,1,2,7,1,1,33,25,"Female","Non-Black / Non-Hispanic","West (AK, AZ, CA, CO, HI, ID, MT, NV, NM, OR, UT, WA, WY)","Bachelor's degree (BA, BS)","In CBSA, in central city","NO","3: Mother","NO","NO","NO","NO","YES","0: 0  CONDITION DOES NOT APPLY","ALWAYS WITH RIGHT HAND","ALWAYS WITH RIGHT HAND","ALWAYS WITH RIGHT HAND","ALWAYS WITH RIGHT HAND","ALWAYS WITH LEFT HAND","1: 1  CONDITION APPLIES","1: 1  CONDITION APPLIES","NO","FEMALE","MALE"
1981,64735,2,0,3,33790,6,187,1,2,2,3,3,3,2,1,2,2,1,6,4,6,1,1,32,25,"Male","Mixed Race (Non-Hispanic)","South (AL, AR, DE, DC, FL, GA, KY, LA, MD, MS, NC, OK, SC, TN , TX, VA, WV)","Bachelor's degree (BA, BS)","In CBSA, not in central city","NO","3: Mother","YES","YES","NO","NO","YES","0: 0  CONDITION DOES NOT APPLY","ALWAYS WITH RIGHT HAND","ALWAYS WITH RIGHT HAND","ALWAYS WITH RIGHT HAND","ALWAYS WITH RIGHT HAND","ALWAYS WITH LEFT HAND","1: 1  CONDITION APPLIES","1: 1  CONDITION APPLIES","NO","FEMALE","MALE"
1980,54000,3,0,2,33790,6,245,1,2,3,6,2,4,2,2,1,2,1,7,3,6,1,1,29,21,"Male","Non-Black / Non-Hispanic","South (AL, AR, DE, DC, FL, GA, KY, LA, MD, MS, NC, OK, SC, TN , TX, VA, WV)","High school diploma (Regular 12 year program)","In CBSA, in central city","NO","3: Mother","YES","NO","NO","NO","YES","0: 0  CONDITION DOES NOT APPLY","ALWAYS WITH RIGHT HAND","ALWAYS WITH RIGHT HAND","ALWAYS WITH RIGHT HAND","ALWAYS WITH RIGHT HAND","ALWAYS WITH LEFT HAND","1: 1  CONDITION APPLIES","1: 1  CONDITION APPLIES","NO","MALE","FEMALE"
1983,64735,2,0,2,33790,5,182,1,2,1,3,1,3,2,2,2,2,1,1,4,7,1,1,62,28,"Male","Non-Black / Non-Hispanic","South (AL, AR, DE, DC, FL, GA, KY, LA, MD, MS, NC, OK, SC, TN , TX, VA, WV)","None","In CBSA, not in central city","YES","3: Mother","NO","NO","NO","NO","NO","0: 0  CONDITION DOES NOT APPLY","ALWAYS WITH RIGHT HAND","ALWAYS WITH RIGHT HAND","ALWAYS WITH RIGHT HAND","ALWAYS WITH RIGHT HAND","ALWAYS WITH LEFT HAND","1: 1  CONDITION APPLIES","1: 1  CONDITION APPLIES","NO","FEMALE","FEMALE"
1982,64735,2,0,2,33790,5,180,2,1,3,1,2,3,2,2,1,2,1,2,3,6,1,1,31,21,"Female","Hispanic","South (AL, AR, DE, DC, FL, GA, KY, LA, MD, MS, NC, OK, SC, TN , TX, VA, WV)","High school diploma (Regular 12 year program)","In CBSA, in central city","NO","3: Mother","NO","NO","NO","NO","YES","0: 0  CONDITION DOES NOT APPLY","ALWAYS WITH RIGHT HAND","ALWAYS WITH RIGHT HAND","ALWAYS WITH RIGHT HAND","ALWAYS WITH RIGHT HAND","ALWAYS WITH LEFT HAND","1: 1  CONDITION APPLIES","1: 1  CONDITION APPLIES","NO","FEMALE","FEMALE"
1983,316618,5,1,2,33790,5,185,2,1,2,2,2,3,2,2,1,2,1,6,2,5,1,2,31,20,"Male","Non-Black / Non-Hispanic","South (AL, AR, DE, DC, FL, GA, KY, LA, MD, MS, NC, OK, SC, TN , TX, VA, WV)","Bachelor's degree (BA, BS)","In CBSA, in central city","NO","3: Mother","YES","YES","NO","NO","YES","0: 0  CONDITION DOES NOT APPLY","ALWAYS WITH RIGHT HAND","ALWAYS WITH RIGHT HAND","ALWAYS WITH RIGHT HAND","ALWAYS WITH RIGHT HAND","ALWAYS WITH LEFT HAND","1: 1  CONDITION APPLIES","1: 1  CONDITION APPLIES","NO","FEMALE","FEMALE"
1983,64735,3,0,3,33790,5,183,1,2,5,3,6,3,2,2,1,2,1,2,2,7,1,1,33,21,"Female","Non-Black / Non-Hispanic","North Central (IL, IN, IA, KS, MI, MN, MO, NE, OH, ND, SD, WI)","High school diploma (Regular 12 year program)","In CBSA, not in central city","NO","3: Mother","YES","NO","NO","NO","YES","0: 0  CONDITION DOES NOT APPLY","ALWAYS WITH RIGHT HAND","ALWAYS WITH RIGHT HAND","ALWAYS WITH RIGHT HAND","ALWAYS WITH RIGHT HAND","ALWAYS WITH LEFT HAND","1: 1  CONDITION APPLIES","1: 1  CONDITION APPLIES","NO","MALE","FEMALE"
1982,16284,4,0,5,33790,5,245,2,2,5,5,2,2,2,2,1,1,1,3,5,6,1,1,29,21,"Female","Hispanic","South (AL, AR, DE, DC, FL, GA, KY, LA, MD, MS, NC, OK, SC, TN , TX, VA, WV)","High school diploma (Regular 12 year program)","In CBSA, in central city","YES","5: Adoptive Mother","NO","NO","NO","NO","NO","0: 0  CONDITION DOES NOT APPLY","ALWAYS WITH RIGHT HAND","USUALLY WITH BOTH HANDS EQUALLY","ALWAYS WITH RIGHT HAND","ALWAYS WITH RIGHT HAND","ALWAYS WITH LEFT HAND","1: 1  CONDITION APPLIES","1: 1  CONDITION APPLIES","NO","FEMALE","MALE"
1980,64735,3,1,2,35000,5,184,1,1,1,3,2,3,2,2,1,2,2,4,4,7,1,1,31,24,"Male","Black","North Central (IL, IN, IA, KS, MI, MN, MO, NE, OH, ND, SD, WI)","Associate/Junior college (AA)","In CBSA, not in central city","NO","3: Mother","NO","YES","NO","NO","YES","0: 0  CONDITION DOES NOT APPLY","USUALLY WITH LEFT HAND","ALWAYS WITH RIGHT HAND","ALWAYS WITH RIGHT HAND","ALWAYS WITH RIGHT HAND","ALWAYS WITH LEFT HAND","1: 1  CONDITION APPLIES","1: 1  CONDITION APPLIES","NO","FEMALE","MALE"
1982,83000,4,0,1,33790,6,160,1,1,1,4,2,4,2,2,2,2,2,6,2,7,6,1,37,27,"Male","Hispanic","Northeast (CT, ME, MA, NH, NJ, NY, PA, RI, VT)","Bachelor's degree (BA, BS)","In CBSA, not in central city","YES","3: Mother","NO","NO","NO","NO","NO","0: 0  CONDITION DOES NOT APPLY","ALWAYS WITH RIGHT HAND","ALWAYS WITH RIGHT HAND","ALWAYS WITH RIGHT HAND","ALWAYS WITH RIGHT HAND","ALWAYS WITH LEFT HAND","1: 1  CONDITION APPLIES","1: 1  CONDITION APPLIES","NO","MALE","MALE"
1984,64735,3,1,1,33790,6,183,1,2,7,4,4,1,2,2,1,1,2,1,3,7,6,1,39,26,"Male","Black","Northeast (CT, ME, MA, NH, NJ, NY, PA, RI, VT)","High school diploma (Regular 12 year program)","In CBSA, in central city","YES","3: Mother","NO","NO","YES","NO","NO","0: 0  CONDITION DOES NOT APPLY","ALWAYS WITH RIGHT HAND","USUALLY WITH RIGHT HAND","ALWAYS WITH RIGHT HAND","ALWAYS WITH RIGHT HAND","ALWAYS WITH LEFT HAND","1: 1  CONDITION APPLIES","1: 1  CONDITION APPLIES","NO","FEMALE","MALE"
1981,64735,3,0,6,56000,5,184,1,2,1,2,6,3,2,2,2,2,1,1,5,6,2,1,9,16,"Female","Non-Black / Non-Hispanic","South (AL, AR, DE, DC, FL, GA, KY, LA, MD, MS, NC, OK, SC, TN , TX, VA, WV)","GED","In CBSA, not in central city","NO","3: Mother","NO","NO","YES","NO","NO","0: 0  CONDITION DOES NOT APPLY","ALWAYS WITH RIGHT HAND","ALWAYS WITH RIGHT HAND","ALWAYS WITH RIGHT HAND","ALWAYS WITH RIGHT HAND","ALWAYS WITH LEFT HAND","1: 1  CONDITION APPLIES","1: 1  CONDITION APPLIES","NO","MALE","MALE"
1981,64735,2,0,2,33790,5,181,1,1,2,4,3,3,1,2,1,2,1,6,2,7,1,1,32,22,"Female","Black","South (AL, AR, DE, DC, FL, GA, KY, LA, MD, MS, NC, OK, SC, TN , TX, VA, WV)","Bachelor's degree (BA, BS)","In CBSA, in central city","NO","3: Mother","NO","YES","NO","NO","YES","0: 0  CONDITION DOES NOT APPLY","ALWAYS WITH RIGHT HAND","ALWAYS WITH RIGHT HAND","ALWAYS WITH RIGHT HAND","ALWAYS WITH LEFT HAND","ALWAYS WITH LEFT HAND","1: 1  CONDITION APPLIES","1: 1  CONDITION APPLIES","NO","FEMALE","MALE"
1982,64735,5,1,1,33790,5,198,1,2,1,4,5,5,2,2,1,1,1,3,2,6,1,1,27,15,"Male","Non-Black / Non-Hispanic","West (AK, AZ, CA, CO, HI, ID, MT, NV, NM, OR, UT, WA, WY)","High school diploma (Regular 12 year program)","In CBSA, not in central city","NO","3: Mother","NO","NO","NO","NO","NO","0: 0  CONDITION DOES NOT APPLY","ALWAYS WITH RIGHT HAND","ALWAYS WITH RIGHT HAND","ALWAYS WITH RIGHT HAND","ALWAYS WITH RIGHT HAND","ALWAYS WITH LEFT HAND","1: 1  CONDITION APPLIES","1: 1  CONDITION APPLIES","NO","FEMALE","FEMALE"
1984,64735,5,2,3,33790,5,183,2,2,4,2,3,1,2,2,2,1,1,8,5,6,1,1,26,14,"Male","Hispanic","North Central (IL, IN, IA, KS, MI, MN, MO, NE, OH, ND, SD, WI)","Associate/Junior college (AA)","In CBSA, not in central city","NO","3: Mother","YES","YES","NO","NO","NO","0: 0  CONDITION DOES NOT APPLY","ALWAYS WITH RIGHT HAND","ALWAYS WITH RIGHT HAND","ALWAYS WITH RIGHT HAND","ALWAYS WITH RIGHT HAND","ALWAYS WITH LEFT HAND","1: 1  CONDITION APPLIES","1: 1  CONDITION APPLIES","NO","FEMALE","MALE"
1983,64735,4,0,5,33790,5,184,2,2,1,4,1,4,2,2,2,2,1,4,1,7,1,1,27,19,"Female","Non-Black / Non-Hispanic","South (AL, AR, DE, DC, FL, GA, KY, LA, MD, MS, NC, OK, SC, TN , TX, VA, WV)","High school diploma (Regular 12 year program)","In CBSA, not in central city","NO","3: Mother","YES","NO","NO","NO","YES","0: 0  CONDITION DOES NOT APPLY","ALWAYS WITH RIGHT HAND","ALWAYS WITH RIGHT HAND","ALWAYS WITH RIGHT HAND","ALWAYS WITH RIGHT HAND","ALWAYS WITH LEFT HAND","1: 1  CONDITION APPLIES","1: 1  CONDITION APPLIES","NO","FEMALE","MALE"
1983,64735,3,0,2,33790,6,182,1,1,3,5,2,3,2,2,1,2,2,7,2,5,1,1,31,21,"Female","Non-Black / Non-Hispanic","North Central (IL, IN, IA, KS, MI, MN, MO, NE, OH, ND, SD, WI)","High school diploma (Regular 12 year program)","In CBSA, not in central city","NO","3: Mother","YES","NO","NO","NO","YES","0: 0  CONDITION DOES NOT APPLY","ALWAYS WITH RIGHT HAND","ALWAYS WITH RIGHT HAND","DON'T DO THIS ACTIVITY","ALWAYS WITH RIGHT HAND","ALWAYS WITH LEFT HAND","1: 1  CONDITION APPLIES","1: 1  CONDITION APPLIES","NO","MALE","MALE"
1984,19643,2,1,4,33790,5,183,1,1,4,4,1,3,2,2,2,2,2,6,3,8,1,1,29,22,"Female","Non-Black / Non-Hispanic","Northeast (CT, ME, MA, NH, NJ, NY, PA, RI, VT)","High school diploma (Regular 12 year program)","In CBSA, in central city","NO","3: Mother","YES","NO","NO","NO","YES","0: 0  CONDITION DOES NOT APPLY","ALWAYS WITH RIGHT HAND","ALWAYS WITH RIGHT HAND","ALWAYS WITH RIGHT HAND","ALWAYS WITH RIGHT HAND","ALWAYS WITH LEFT HAND","1: 1  CONDITION APPLIES","1: 1  CONDITION APPLIES","NO","FEMALE","FEMALE"
